0.0005 20000 21688 -0.4995
0.0015 20000 21688 -0.4995
0.0025 20000 21688 -0.4995
0.0035 20000 21688 -0.4995
0.0045 20000 21688 -0.4995
0.0055 20000 21688 -0.4995
0.0065 20000 21688 -0.4995
0.0075 20000 21688 -0.4995
0.0085 20000 21688 -0.4995
0.0095 20000 21688 -0.4995
0.0105 20000 21688 -0.4995
0.0115 20000 21688 -0.4995
0.0125 20000 21688 -0.4995
0.0135 20000 21688 -0.4995
0.0145 20000 21688 -0.4995
0.0155 20000 21688 -0.499499
0.0165 20000 21688 -0.499498
0.0175 20000 21688 -0.499496
0.0185 20000 21688 -0.499492
0.0195 20000 21688 -0.499484
0.0205 20000 21688 -0.499469
0.0215 20000 21688 -0.499444
0.0225 20000 21688 -0.499403
0.0235 20000 21688 -0.499339
0.0245 20000 21688 -0.499243
0.0255 20000 21688 -0.499107
0.0265 20000 21688 -0.49892
0.0275 20000 21688 -0.498673
0.0285 20000 21688 -0.498356
0.0295 20000 21688 -0.497965
0.0305 20000 21688 -0.497496
0.0315 20000 21688 -0.496947
0.0325 20000 21688 -0.496322
0.0335 20000 21688 -0.495626
0.0345 20000 21688 -0.494866
0.0355 20000 21688 -0.494051
0.0365 20000 21688 -0.493189
0.0375 20000 21688 -0.49229
0.0385 20000 21688 -0.491361
0.0395 20000 21688 -0.490411
0.0405 20000 21688 -0.489444
0.0415 20000 21688 -0.488465
0.0425 20000 21688 -0.487479
0.0435 20000 21688 -0.486488
0.0445 20000 21688 -0.485493
0.0455 20000 21688 -0.484496
0.0465 20000 21688 -0.483498
0.0475 20000 21688 -0.482499
0.0485 20000 21688 -0.481499
0.0495 20000 21688 -0.4805
0.0505 20000 21688 -0.4795
0.0515 20000 21688 -0.4785
0.0525 20000 21688 -0.4775
0.0535 20000 21688 -0.4765
0.0545 20000 21688 -0.4755
0.0555 20000 21688 -0.4745
0.0565 20000 21688 -0.4735
0.0575 20000 21688 -0.4725
0.0585 20000 21688 -0.4715
0.0595 20000 21688 -0.4705
0.0605 20000 21688 -0.4695
0.0615 20000 21688 -0.4685
0.0625 20000 21688 -0.4675
0.0635 20000 21688 -0.4665
0.0645 20000 21688 -0.4655
0.0655 20000 21688 -0.4645
0.0665 20000 21688 -0.4635
0.0675 20000 21688 -0.4625
0.0685 20000 21688 -0.4615
0.0695 20000 21688 -0.4605
0.0705 20000 21688 -0.4595
0.0715 20000 21688 -0.4585
0.0725 20000 21688 -0.4575
0.0735 20000 21688 -0.4565
0.0745 20000 21688 -0.4555
0.0755 20000 21688 -0.4545
0.0765 20000 21688 -0.4535
0.0775 20000 21688 -0.4525
0.0785 20000 21688 -0.4515
0.0795 20000 21688 -0.4505
0.0805 20000 21688 -0.4495
0.0815 20000 21688 -0.4485
0.0825 20000 21688 -0.4475
0.0835 20000 21688 -0.4465
0.0845 20000 21688 -0.4455
0.0855 20000 21688 -0.4445
0.0865 20000 21688 -0.4435
0.0875 20000 21688 -0.4425
0.0885 20000 21688 -0.4415
0.0895 20000 21688 -0.4405
0.0905 20000 21688 -0.4395
0.0915 20000 21688 -0.4385
0.0925 20000 21688 -0.4375
0.0935 20000 21688 -0.4365
0.0945 20000 21688 -0.4355
0.0955 20000 21688 -0.4345
0.0965 20000 21688 -0.4335
0.0975 20000 21688 -0.4325
0.0985 20000 21688 -0.4315
0.0995 20000 21688 -0.4305
0.1005 20000 21688 -0.4295
0.1015 20000 21688 -0.4285
0.1025 20000 21688 -0.4275
0.1035 20000 21688 -0.4265
0.1045 20000 21688 -0.4255
0.1055 20000 21688 -0.4245
0.1065 20000 21688 -0.4235
0.1075 20000 21688 -0.4225
0.1085 20000 21688 -0.4215
0.1095 20000 21688 -0.4205
0.1105 20000 21688 -0.4195
0.1115 20000 21688 -0.4185
0.1125 20000 21688 -0.4175
0.1135 20000 21688 -0.4165
0.1145 20000 21688 -0.4155
0.1155 20000 21688 -0.4145
0.1165 20000 21688 -0.4135
0.1175 20000 21688 -0.4125
0.1185 20000 21688 -0.4115
0.1195 20000 21688 -0.4105
0.1205 20000 21688 -0.4095
0.1215 20000 21688 -0.4085
0.1225 20000 21688 -0.4075
0.1235 20000 21688 -0.4065
0.1245 20000 21688 -0.4055
0.1255 20000 21688 -0.4045
0.1265 20000 21688 -0.4035
0.1275 20000 21688 -0.4025
0.1285 20000 21688 -0.4015
0.1295 20000 21688 -0.4005
0.1305 20000 21688 -0.3995
0.1315 20000 21688 -0.3985
0.1325 20000 21688 -0.3975
0.1335 20000 21688 -0.3965
0.1345 20000 21688 -0.3955
0.1355 20000 21688 -0.3945
0.1365 20000 21688 -0.3935
0.1375 20000 21688 -0.3925
0.1385 20000 21688 -0.3915
0.1395 20000 21688 -0.3905
0.1405 20000 21688 -0.3895
0.1415 20000 21688 -0.3885
0.1425 20000 21688 -0.3875
0.1435 20000 21688 -0.3865
0.1445 20000 21688 -0.3855
0.1455 20000 21688 -0.3845
0.1465 20000 21688 -0.3835
0.1475 20000 21688 -0.3825
0.1485 20000 21688 -0.3815
0.1495 20000 21688 -0.3805
0.1505 20000 21688 -0.3795
0.1515 20000 21688 -0.3785
0.1525 20000 21688 -0.3775
0.1535 20000 21688 -0.3765
0.1545 20000 21688 -0.3755
0.1555 20000 21688 -0.3745
0.1565 20000 21688 -0.3735
0.1575 20000 21688 -0.3725
0.1585 20000 21688 -0.3715
0.1595 20000 21688 -0.3705
0.1605 20000 21688 -0.3695
0.1615 20000 21688 -0.3685
0.1625 20000 21688 -0.3675
0.1635 20000 21688 -0.3665
0.1645 20000 21688 -0.3655
0.1655 20000 21688 -0.3645
0.1665 20000 21688 -0.3635
0.1675 20000 21688 -0.3625
0.1685 20000 21688 -0.3615
0.1695 20000 21688 -0.3605
0.1705 20000 21688 -0.3595
0.1715 20000 21688 -0.3585
0.1725 20000 21688 -0.3575
0.1735 20000 21688 -0.3565
0.1745 20000 21688 -0.3555
0.1755 20000 21688 -0.3545
0.1765 20000 21688 -0.3535
0.1775 20000 21688 -0.3525
0.1785 20000 21688 -0.3515
0.1795 20000 21688 -0.3505
0.1805 20000 21688 -0.3495
0.1815 20000 21688 -0.3485
0.1825 20000 21688 -0.3475
0.1835 20000 21688 -0.3465
0.1845 20000 21688 -0.3455
0.1855 20000 21688 -0.3445
0.1865 20000 21688 -0.3435
0.1875 20000 21688 -0.3425
0.1885 20000 21688 -0.3415
0.1895 20000 21688 -0.3405
0.1905 20000 21688 -0.3395
0.1915 20000 21688 -0.3385
0.1925 20000 21688 -0.3375
0.1935 20000 21688 -0.3365
0.1945 20000 21688 -0.3355
0.1955 20000 21688 -0.3345
0.1965 20000 21688 -0.3335
0.1975 20000 21688 -0.3325
0.1985 20000 21688 -0.3315
0.1995 20000 21688 -0.3305
0.2005 20000 21688 -0.3295
0.2015 20000 21688 -0.3285
0.2025 20000 21688 -0.3275
0.2035 20000 21688 -0.3265
0.2045 20000 21688 -0.3255
0.2055 20000 21688 -0.3245
0.2065 20000 21688 -0.3235
0.2075 20000 21688 -0.3225
0.2085 20000 21688 -0.3215
0.2095 20000 21688 -0.3205
0.2105 20000 21688 -0.3195
0.2115 20000 21688 -0.3185
0.2125 20000 21688 -0.3175
0.2135 20000 21688 -0.3165
0.2145 20000 21688 -0.3155
0.2155 20000 21688 -0.3145
0.2165 20000 21688 -0.3135
0.2175 20000 21688 -0.3125
0.2185 20000 21688 -0.3115
0.2195 20000 21688 -0.3105
0.2205 20000 21688 -0.3095
0.2215 20000 21688 -0.3085
0.2225 20000 21688 -0.3075
0.2235 20000 21688 -0.3065
0.2245 20000 21688 -0.3055
0.2255 20000 21688 -0.3045
0.2265 20000 21688 -0.3035
0.2275 20000 21688 -0.3025
0.2285 20000 21688 -0.3015
0.2295 20000 21688 -0.3005
0.2305 20000 21688 -0.2995
0.2315 20000 21688 -0.2985
0.2325 20000 21688 -0.2975
0.2335 20000 21688 -0.2965
0.2345 20000 21688 -0.2955
0.2355 20000 21688 -0.2945
0.2365 20000 21688 -0.2935
0.2375 20000 21688 -0.2925
0.2385 20000 21688 -0.2915
0.2395 20000 21688 -0.2905
0.2405 20000 21688 -0.2895
0.2415 20000 21688 -0.2885
0.2425 20000 21688 -0.2875
0.2435 20000 21688 -0.2865
0.2445 20000 21688 -0.2855
0.2455 20000 21688 -0.2845
0.2465 20000 21688 -0.2835
0.2475 20000 21688 -0.2825
0.2485 20000 21688 -0.2815
0.2495 20000 21688 -0.2805
0.2505 20000 21688 -0.2795
0.2515 20000 21688 -0.2785
0.2525 20000 21688 -0.2775
0.2535 20000 21688 -0.2765
0.2545 20000 21688 -0.2755
0.2555 20000 21688 -0.2745
0.2565 20000 21688 -0.2735
0.2575 20000 21688 -0.2725
0.2585 20000 21688 -0.2715
0.2595 20000 21688 -0.2705
0.2605 20000 21688 -0.2695
0.2615 20000 21688 -0.2685
0.2625 20000 21688 -0.2675
0.2635 20000 21688 -0.2665
0.2645 20000 21688 -0.2655
0.2655 20000 21688 -0.2645
0.2665 20000 21688 -0.2635
0.2675 20000 21688 -0.2625
0.2685 20000 21688 -0.2615
0.2695 20000 21688 -0.2605
0.2705 20000 21688 -0.2595
0.2715 20000 21688 -0.2585
0.2725 20000 21688 -0.2575
0.2735 20000 21688 -0.2565
0.2745 20000 21688 -0.2555
0.2755 20000 21688 -0.2545
0.2765 20000 21688 -0.2535
0.2775 20000 21688 -0.2525
0.2785 20000 21688 -0.2515
0.2795 20000 21688 -0.2505
0.2805 20000 21688 -0.2495
0.2815 20000 21688 -0.2485
0.2825 20000 21688 -0.2475
0.2835 20000 21688 -0.2465
0.2845 20000 21688 -0.2455
0.2855 20000 21688 -0.2445
0.2865 20000 21688 -0.2435
0.2875 20000 21688 -0.2425
0.2885 20000 21688 -0.2415
0.2895 20000 21688 -0.2405
0.2905 20000 21688 -0.2395
0.2915 20000 21688 -0.2385
0.2925 20000 21688 -0.2375
0.2935 20000 21688 -0.2365
0.2945 20000 21688 -0.2355
0.2955 20000 21688 -0.2345
0.2965 20000 21688 -0.2335
0.2975 20000 21688 -0.2325
0.2985 20000 21688 -0.2315
0.2995 20000 21688 -0.2305
0.3005 20000 21688 -0.2295
0.3015 20000 21688 -0.2285
0.3025 20000 21688 -0.2275
0.3035 20000 21688 -0.2265
0.3045 20000 21688 -0.2255
0.3055 20000 21688 -0.2245
0.3065 20000 21688 -0.2235
0.3075 20000 21688 -0.2225
0.3085 20000 21688 -0.2215
0.3095 20000 21688 -0.2205
0.3105 20000 21688 -0.2195
0.3115 20000 21688 -0.2185
0.3125 20000 21688 -0.2175
0.3135 20000 21688 -0.2165
0.3145 20000 21688 -0.2155
0.3155 20000 21688 -0.2145
0.3165 20000 21688 -0.2135
0.3175 20000 21688 -0.2125
0.3185 20000 21688 -0.2115
0.3195 20000 21688 -0.2105
0.3205 20000 21688 -0.2095
0.3215 20000 21688 -0.2085
0.3225 20000 21688 -0.2075
0.3235 20000 21688 -0.2065
0.3245 20000 21688 -0.2055
0.3255 20000 21688 -0.2045
0.3265 20000 21688 -0.2035
0.3275 20000 21688 -0.2025
0.3285 20000 21688 -0.2015
0.3295 20000 21688 -0.2005
0.3305 20000 21688 -0.1995
0.3315 20000 21688 -0.1985
0.3325 20000 21688 -0.1975
0.3335 20000 21688 -0.1965
0.3345 20000 21688 -0.1955
0.3355 20000 21688 -0.1945
0.3365 20000 21688 -0.1935
0.3375 20000 21688 -0.1925
0.3385 20000 21688 -0.1915
0.3395 20000 21688 -0.1905
0.3405 20000 21688 -0.1895
0.3415 20000 21688 -0.1885
0.3425 20000 21688 -0.1875
0.3435 20000 21688 -0.1865
0.3445 20000 21688 -0.1855
0.3455 20000 21688 -0.1845
0.3465 20000 21688 -0.1835
0.3475 20000 21688 -0.1825
0.3485 20000 21688 -0.1815
0.3495 20000 21688 -0.1805
0.3505 20000 21688 -0.1795
0.3515 20000 21688 -0.1785
0.3525 20000 21688 -0.1775
0.3535 20000 21688 -0.1765
0.3545 20000 21688 -0.1755
0.3555 20000 21688 -0.1745
0.3565 20000 21688 -0.1735
0.3575 20000 21688 -0.1725
0.3585 20000 21688 -0.1715
0.3595 20000 21688 -0.1705
0.3605 20000 21688 -0.1695
0.3615 20000 21688 -0.1685
0.3625 20000 21688 -0.1675
0.3635 20000 21688 -0.1665
0.3645 20000 21688 -0.1655
0.3655 20000 21688 -0.1645
0.3665 20000 21688 -0.1635
0.3675 20000 21688 -0.1625
0.3685 20000 21688 -0.1615
0.3695 20000 21688 -0.1605
0.3705 20000 21688 -0.1595
0.3715 20000 21688 -0.1585
0.3725 20000 21688 -0.1575
0.3735 20000 21688 -0.1565
0.3745 20000 21688 -0.1555
0.3755 20000 21688 -0.1545
0.3765 20000 21688 -0.1535
0.3775 20000 21688 -0.1525
0.3785 20000 21688 -0.1515
0.3795 20000 21688 -0.1505
0.3805 20000 21688 -0.1495
0.3815 20000 21688 -0.1485
0.3825 20000 21688 -0.1475
0.3835 20000 21688 -0.1465
0.3845 20000 21688 -0.1455
0.3855 20000 21688 -0.1445
0.3865 20000 21688 -0.1435
0.3875 20000 21688 -0.1425
0.3885 20000 21688 -0.1415
0.3895 20000 21688 -0.1405
0.3905 20000 21688 -0.1395
0.3915 20000 21688 -0.1385
0.3925 20000 21688 -0.1375
0.3935 20000 21688 -0.1365
0.3945 20000 21688 -0.1355
0.3955 20000 21688 -0.1345
0.3965 20000 21688 -0.1335
0.3975 20000 21688 -0.1325
0.3985 20000 21688 -0.1315
0.3995 20000 21688 -0.1305
0.4005 20000 21688 -0.1295
0.4015 20000 21688 -0.1285
0.4025 20000 21688 -0.1275
0.4035 20000 21688 -0.1265
0.4045 20000 21688 -0.1255
0.4055 20000 21688 -0.1245
0.4065 20000 21688 -0.1235
0.4075 20000.1 21688 -0.1225
0.4085 20000.1 21688 -0.1215
0.4095 20000.2 21688 -0.1205
0.4105 20000.4 21688 -0.1195
0.4115 20000.6 21688 -0.1185
0.4125 20001 21688 -0.1175
0.4135 20001.6 21688 -0.1165
0.4145 20002.5 21688 -0.1155
0.4155 20003.9 21688 -0.1145
0.4165 20006.1 21688 -0.1135
0.4175 20009.4 21688 -0.1125
0.4185 20014.3 21688 -0.111499
0.4195 20021.5 21688 -0.110499
0.4205 20031.9 21688 -0.109499
0.4215 20047 21688 -0.108498
0.4225 20068.3 21688 -0.107497
0.4235 20098.3 21688 -0.106495
0.4245 20139.7 21688 -0.105493
0.4255 20196.1 21688 -0.10449
0.4265 20271.7 21688 -0.103485
0.4275 20371.1 21688 -0.102479
0.4285 20499.4 21688 -0.101471
0.4295 20660.9 21688 -0.10046
0.4305 20858.5 21688 -0.0994455
0.4315 21093.6 21688 -0.0984268
0.4325 21363.8 21688 -0.0974031
0.4335 21636.7 21688 -0.0963739
0.4345 21813.6 21688 -0.09534
0.4355 21876.6 21688 -0.0943039
0.4365 21885 21688 -0.0932673
0.4375 21880.7 21688 -0.0922306
0.4385 21870.5 21688 -0.0911941
0.4395 21852.9 21688 -0.0901578
0.4405 21827.6 21688 -0.0891219
0.4415 21795 21688 -0.0880866
0.4425 21756.3 21688 -0.0870519
0.4435 21715.3 21688 -0.0860181
0.4445 21685.3 21688 -0.084985
0.4455 21670.3 21688 -0.0839524
0.4465 21664.7 21688 -0.0829199
0.4475 21662.8 21688 -0.0818875
0.4485 21662 21688 -0.0808551
0.4495 21661.6 21688 -0.0798227
0.4505 21661.4 21688 -0.0787903
0.4515 21661.3 21688 -0.0777579
0.4525 21661.3 21688 -0.0767255
0.4535 21661.3 21688 -0.0756932
0.4545 21661.3 21688 -0.0746608
0.4555 21661.4 21688 -0.0736284
0.4565 21661.5 21688 -0.072596
0.4575 21661.6 21688 -0.0715637
0.4585 21661.7 21688 -0.0705313
0.4595 21662 21688 -0.0694989
0.4605 21662.2 21688 -0.0684665
0.4615 21662.6 21688 -0.0674341
0.4625 21663 21688 -0.0664017
0.4635 21663.5 21688 -0.0653693
0.4645 21664 21688 -0.0643369
0.4655 21664.6 21688 -0.0633045
0.4665 21665.2 21688 -0.062272
0.4675 21665.8 21688 -0.0612396
0.4685 21666.5 21688 -0.0602071
0.4695 21667.2 21688 -0.0591747
0.4705 21667.8 21688 -0.0581422
0.4715 21668.5 21688 -0.0571097
0.4725 21669.1 21688 -0.0560772
0.4735 21669.8 21680.6 -0.0550447
0.4745 21670.5 21674.3 -0.0540122
0.4755 21671.2 21673.1 -0.0529796
0.4765 21672 21673.3 -0.0519471
0.4775 21672.7 21673.6 -0.0509145
0.4785 21673.3 21673.9 -0.0498819
0.4795 21673.7 21674.2 -0.0488494
0.4805 21674 21674.7 -0.0478168
0.4815 21674.2 21675.2 -0.0467842
0.4825 21674.4 21675.8 -0.0457516
0.4835 21674.5 21676.4 -0.044719
0.4845 21674.7 21676.8 -0.0436864
0.4855 21674.9 21677.4 -0.0426538
0.4865 21675.1 21677.9 -0.0416212
0.4875 21675.3 21678.4 -0.0405886
0.4885 21675.6 21678.8 -0.039556
0.4895 21675.9 21679.2 -0.0385234
0.4905 21676.3 21679.6 -0.0374908
0.4915 21676.7 21679.9 -0.0364582
0.4925 21677.2 21680.3 -0.0354256
0.4935 21677.8 21680.6 -0.034393
0.4945 21678.5 21680.8 -0.0333604
0.4955 21679 21681.1 -0.0323277
0.4965 21679.5 21681.4 -0.0312951
0.4975 21679.9 21681.7 -0.0302624
0.4985 21680.3 21681.9 -0.0292298
0.4995 21680.6 21682.2 -0.0281971
0.5005 21680.9 21682.5 -0.0271645
0.5015 21681.2 21682.8 -0.0261318
0.5025 21681.5 21683.1 -0.0250992
0.5035 21681.8 21683.4 -0.0240666
0.5045 21682.1 21683.7 -0.0230339
0.5055 21682.4 21684 -0.0220013
0.5065 21682.7 21684.3 -0.0209687
0.5075 21683 21684.6 -0.0199361
0.5085 21683.3 21684.9 -0.0189035
0.5095 21683.6 21685.2 -0.0178708
0.5105 21684 21685.5 -0.0168382
0.5115 21684.3 21685.8 -0.0158056
0.5125 21684.6 21686.1 -0.0147728
0.5135 21684.9 21686.3 -0.0137397
0.5145 21685.2 21686.6 -0.0127059
0.5155 21685.5 21686.8 -0.0116709
0.5165 21685.8 21687.1 -0.0106335
0.5175 21686 21687.3 -0.0095922
0.5185 21686.3 21687.5 -0.00854452
0.5195 21686.5 21687.7 -0.00748726
0.5205 21686.7 21688 -0.00641637
0.5215 21686.8 21688.2 -0.00532705
0.5225 21687 21688.5 -0.00421403
0.5235 21687.2 21688.8 -0.00307199
0.5245 21687.5 21689.1 -0.00189597
0.5255 21687.8 21689.6 -0.000681837
0.5265 21688 21690 0.000573347
0.5275 21688 21690.6 0.00187115
0.5285 21688 21691.2 0.00321142
0.5295 21688 21691.8 0.00459251
0.5305 21688 21692.4 0.00601151
0.5315 21688 21692.9 0.00746458
0.5325 21688 21693.2 0.00894734
0.5335 21688 21693.2 0.0104552
0.5345 21688 21693.1 0.0119837
0.5355 21688 21692.7 0.0135287
0.5365 21688 21692.2 0.0150865
0.5375 21688 21691.8 0.0166541
0.5385 21688 21691.6 0.018229
0.5395 21688 21691.7 0.0198091
0.5405 21688 21692.2 0.0213929
0.5415 21688 21692.8 0.0229793
0.5425 21688 21693.6 0.0245675
0.5435 21688 21694.3 0.0261568
0.5445 21688 21695 0.0277468
0.5455 21688 21695.6 0.0293371
0.5465 21688 21696.2 0.0309276
0.5475 21688 21696.8 0.0325182
0.5485 21688 21697.4 0.0341087
0.5495 21688 21697.9 0.0356991
0.5505 21688 21698.3 0.0372894
0.5515 21688 21698.8 0.0388794
0.5525 21688 21699.3 0.0404692
0.5535 21688 21699.8 0.0420589
0.5545 21688 21700.1 0.0436482
0.5555 21688 21700.5 0.0452374
0.5565 21688 21700.9 0.0468264
0.5575 21688 21701.3 0.0484152
0.5585 21688 21701.6 0.0500041
0.5595 21688 21701.9 0.0515928
0.5605 21688 21702.3 0.0531816
0.5615 21688 21702.7 0.0547703
0.5625 21688 21702.8 0.0563589
0.5635 21688 21702.1 0.0579474
0.5645 21688 21699.6 0.0595358
0.5655 21688 21693.3 0.061124
0.5665 21688 21677.8 0.0627119
0.5675 21688 21638.2 0.0642991
0.5685 21688 21537.7 0.0658843
0.5695 21688 21275.8 0.0674648
0.5705 21688 20611.8 0.0690337
0.5715 21688 19046.9 0.0705727
0.5725 21688 15415.7 0.0720439
0.5735 21688 8256.03 0.0733653
0.5745 21688 942.596 0.0744787
0.5755 21688 -2.30546 0.0754963
0.5765 21688 0.713958 0.0764994
0.5775 21688 0.994161 0.0775
0.5785 21688 1.0005 0.0785
0.5795 21688 1.00009 0.0795
0.5805 21688 1.00001 0.0805
0.5815 21688 1 0.0815
0.5825 21688 1 0.0825
0.5835 21688 1 0.0835
0.5845 21688 1 0.0845
0.5855 21688 1 0.0855
0.5865 21688 1 0.0865
0.5875 21688 1 0.0875
0.5885 21688 1 0.0885
0.5895 21688 1 0.0895
0.5905 21688 1 0.0905
0.5915 21688 1 0.0915
0.5925 21688 1 0.0925
0.5935 21688 1 0.0935
0.5945 21688 1 0.0945
0.5955 21688 1 0.0955
0.5965 21688 1 0.0965
0.5975 21688 1 0.0975
0.5985 21688 1 0.0985
0.5995 21688 1 0.0995
0.6005 21688 1 0.1005
0.6015 21688 1 0.1015
0.6025 21688 1 0.1025
0.6035 21688 1 0.1035
0.6045 21688 1 0.1045
0.6055 21688 1 0.1055
0.6065 21688 1 0.1065
0.6075 21688 1 0.1075
0.6085 21688 1 0.1085
0.6095 21688 1 0.1095
0.6105 21688 1 0.1105
0.6115 21688 1 0.1115
0.6125 21688 1 0.1125
0.6135 21688 1 0.1135
0.6145 21688 1 0.1145
0.6155 21688 1 0.1155
0.6165 21688 1 0.1165
0.6175 21688 1 0.1175
0.6185 21688 1 0.1185
0.6195 21688 1 0.1195
0.6205 21688 1 0.1205
0.6215 21688 1 0.1215
0.6225 21688 1 0.1225
0.6235 21688 1 0.1235
0.6245 21688 1 0.1245
0.6255 21688 1 0.1255
0.6265 21688 1 0.1265
0.6275 21688 1 0.1275
0.6285 21688 1 0.1285
0.6295 21688 1 0.1295
0.6305 21688 1 0.1305
0.6315 21688 1 0.1315
0.6325 21688 1 0.1325
0.6335 21688 1 0.1335
0.6345 21688 1 0.1345
0.6355 21688 1 0.1355
0.6365 21688 1 0.1365
0.6375 21688 1 0.1375
0.6385 21688 1 0.1385
0.6395 21688 1 0.1395
0.6405 21688 1 0.1405
0.6415 21688 1 0.1415
0.6425 21688 1 0.1425
0.6435 21688 1 0.1435
0.6445 21688 1 0.1445
0.6455 21688 1 0.1455
0.6465 21688 1 0.1465
0.6475 21688 1 0.1475
0.6485 21688 1 0.1485
0.6495 21688 1 0.1495
0.6505 21688 1 0.1505
0.6515 21688 1 0.1515
0.6525 21688 1 0.1525
0.6535 21688 1 0.1535
0.6545 21688 1 0.1545
0.6555 21688 1 0.1555
0.6565 21688 1 0.1565
0.6575 21688 1 0.1575
0.6585 21688 1 0.1585
0.6595 21688 1 0.1595
0.6605 21688 1 0.1605
0.6615 21688 1 0.1615
0.6625 21688 1 0.1625
0.6635 21688 1 0.1635
0.6645 21688 1 0.1645
0.6655 21688 1 0.1655
0.6665 21688 1 0.1665
0.6675 21688 1 0.1675
0.6685 21688 1 0.1685
0.6695 21688 1 0.1695
0.6705 21688 1 0.1705
0.6715 21688 1 0.1715
0.6725 21688 1 0.1725
0.6735 21688 1 0.1735
0.6745 21688 1 0.1745
0.6755 21688 1 0.1755
0.6765 21688 1 0.1765
0.6775 21688 1 0.1775
0.6785 21688 1 0.1785
0.6795 21688 1 0.1795
0.6805 21688 1 0.1805
0.6815 21688 1 0.1815
0.6825 21688 1 0.1825
0.6835 21688 1 0.1835
0.6845 21688 1 0.1845
0.6855 21688 1 0.1855
0.6865 21688 1 0.1865
0.6875 21688 1 0.1875
0.6885 21688 1 0.1885
0.6895 21688 1 0.1895
0.6905 21688 1 0.1905
0.6915 21688 1 0.1915
0.6925 21688 1 0.1925
0.6935 21688 1 0.1935
0.6945 21688 1 0.1945
0.6955 21688 1 0.1955
0.6965 21688 1 0.1965
0.6975 21688 1 0.1975
0.6985 21688 1 0.1985
0.6995 21688 1 0.1995
0.7005 21688 1 0.2005
0.7015 21688 1 0.2015
0.7025 21688 1 0.2025
0.7035 21688 1 0.2035
0.7045 21688 1 0.2045
0.7055 21688 1 0.2055
0.7065 21688 1 0.2065
0.7075 21688 1 0.2075
0.7085 21688 1 0.2085
0.7095 21688 1 0.2095
0.7105 21688 1 0.2105
0.7115 21688 1 0.2115
0.7125 21688 1 0.2125
0.7135 21688 1 0.2135
0.7145 21688 1 0.2145
0.7155 21688 1 0.2155
0.7165 21688 1 0.2165
0.7175 21688 1 0.2175
0.7185 21688 1 0.2185
0.7195 21688 1 0.2195
0.7205 21688 1 0.2205
0.7215 21688 1 0.2215
0.7225 21688 1 0.2225
0.7235 21688 1 0.2235
0.7245 21688 1 0.2245
0.7255 21688 1 0.2255
0.7265 21688 1 0.2265
0.7275 21688 1 0.2275
0.7285 21688 1 0.2285
0.7295 21688 1 0.2295
0.7305 21688 1 0.2305
0.7315 21688 1 0.2315
0.7325 21688 1 0.2325
0.7335 21688 1 0.2335
0.7345 21688 1 0.2345
0.7355 21688 1 0.2355
0.7365 21688 1 0.2365
0.7375 21688 1 0.2375
0.7385 21688 1 0.2385
0.7395 21688 1 0.2395
0.7405 21688 1 0.2405
0.7415 21688 1 0.2415
0.7425 21688 1 0.2425
0.7435 21688 1 0.2435
0.7445 21688 1 0.2445
0.7455 21688 1 0.2455
0.7465 21688 1 0.2465
0.7475 21688 1 0.2475
0.7485 21688 1 0.2485
0.7495 21688 1 0.2495
0.7505 21688 1 0.2505
0.7515 21688 1 0.2515
0.7525 21688 1 0.2525
0.7535 21688 1 0.2535
0.7545 21688 1 0.2545
0.7555 21688 1 0.2555
0.7565 21688 1 0.2565
0.7575 21688 1 0.2575
0.7585 21688 1 0.2585
0.7595 21688 1 0.2595
0.7605 21688 1 0.2605
0.7615 21688 1 0.2615
0.7625 21688 1 0.2625
0.7635 21688 1 0.2635
0.7645 21688 1 0.2645
0.7655 21688 1 0.2655
0.7665 21688 1 0.2665
0.7675 21688 1 0.2675
0.7685 21688 1 0.2685
0.7695 21688 1 0.2695
0.7705 21688 1 0.2705
0.7715 21688 1 0.2715
0.7725 21688 1 0.2725
0.7735 21688 1 0.2735
0.7745 21688 1 0.2745
0.7755 21688 1 0.2755
0.7765 21688 1 0.2765
0.7775 21688 1 0.2775
0.7785 21688 1 0.2785
0.7795 21688 1 0.2795
0.7805 21688 1 0.2805
0.7815 21688 1 0.2815
0.7825 21688 1 0.2825
0.7835 21688 1 0.2835
0.7845 21688 1 0.2845
0.7855 21688 1 0.2855
0.7865 21688 1 0.2865
0.7875 21688 1 0.2875
0.7885 21688 1 0.2885
0.7895 21688 1 0.2895
0.7905 21688 1 0.2905
0.7915 21688 1 0.2915
0.7925 21688 1 0.2925
0.7935 21688 1 0.2935
0.7945 21688 1 0.2945
0.7955 21688 1 0.2955
0.7965 21688 1 0.2965
0.7975 21688 1 0.2975
0.7985 21688 1 0.2985
0.7995 21688 1 0.2995
0.8005 21688 1 0.3005
0.8015 21688 1 0.3015
0.8025 21688 1 0.3025
0.8035 21688 1 0.3035
0.8045 21688 1 0.3045
0.8055 21688 1 0.3055
0.8065 21688 1 0.3065
0.8075 21688 1 0.3075
0.8085 21688 1 0.3085
0.8095 21688 1 0.3095
0.8105 21688 1 0.3105
0.8115 21688 1 0.3115
0.8125 21688 1 0.3125
0.8135 21688 1 0.3135
0.8145 21688 1 0.3145
0.8155 21688 1 0.3155
0.8165 21688 1 0.3165
0.8175 21688 1 0.3175
0.8185 21688 1 0.3185
0.8195 21688 1 0.3195
0.8205 21688 1 0.3205
0.8215 21688 1 0.3215
0.8225 21688 1 0.3225
0.8235 21688 1 0.3235
0.8245 21688 1 0.3245
0.8255 21688 1 0.3255
0.8265 21688 1 0.3265
0.8275 21688 1 0.3275
0.8285 21688 1 0.3285
0.8295 21688 1 0.3295
0.8305 21688 1 0.3305
0.8315 21688 1 0.3315
0.8325 21688 1 0.3325
0.8335 21688 1 0.3335
0.8345 21688 1 0.3345
0.8355 21688 1 0.3355
0.8365 21688 1 0.3365
0.8375 21688 1 0.3375
0.8385 21688 1 0.3385
0.8395 21688 1 0.3395
0.8405 21688 1 0.3405
0.8415 21688 1 0.3415
0.8425 21688 1 0.3425
0.8435 21688 1 0.3435
0.8445 21688 1 0.3445
0.8455 21688 1 0.3455
0.8465 21688 1 0.3465
0.8475 21688 1 0.3475
0.8485 21688 1 0.3485
0.8495 21688 1 0.3495
0.8505 21688 1 0.3505
0.8515 21688 1 0.3515
0.8525 21688 1 0.3525
0.8535 21688 1 0.3535
0.8545 21688 1 0.3545
0.8555 21688 1 0.3555
0.8565 21688 1 0.3565
0.8575 21688 1 0.3575
0.8585 21688 1 0.3585
0.8595 21688 1 0.3595
0.8605 21688 1 0.3605
0.8615 21688 1 0.3615
0.8625 21688 1 0.3625
0.8635 21688 1 0.3635
0.8645 21688 1 0.3645
0.8655 21688 1 0.3655
0.8665 21688 1 0.3665
0.8675 21688 1 0.3675
0.8685 21688 1 0.3685
0.8695 21688 1 0.3695
0.8705 21688 1 0.3705
0.8715 21688 1 0.3715
0.8725 21688 1 0.3725
0.8735 21688 1 0.3735
0.8745 21688 1 0.3745
0.8755 21688 1 0.3755
0.8765 21688 1 0.3765
0.8775 21688 1 0.3775
0.8785 21688 1 0.3785
0.8795 21688 1 0.3795
0.8805 21688 1 0.3805
0.8815 21688 1 0.3815
0.8825 21688 1 0.3825
0.8835 21688 1 0.3835
0.8845 21688 1 0.3845
0.8855 21688 1 0.3855
0.8865 21688 1 0.3865
0.8875 21688 1 0.3875
0.8885 21688 1 0.3885
0.8895 21688 1 0.3895
0.8905 21688 1 0.3905
0.8915 21688 1 0.3915
0.8925 21688 1 0.3925
0.8935 21688 1 0.3935
0.8945 21688 1 0.3945
0.8955 21688 1 0.3955
0.8965 21688 1 0.3965
0.8975 21688 1 0.3975
0.8985 21688 1 0.3985
0.8995 21688 1 0.3995
0.9005 21688 1 0.4005
0.9015 21688 1 0.4015
0.9025 21688 1 0.4025
0.9035 21688 1 0.4035
0.9045 21688 1 0.4045
0.9055 21688 1 0.4055
0.9065 21688 1 0.4065
0.9075 21688 1 0.4075
0.9085 21688 1 0.4085
0.9095 21688 1 0.4095
0.9105 21688 1 0.4105
0.9115 21688 1 0.4115
0.9125 21688 1 0.4125
0.9135 21688 1 0.4135
0.9145 21688 1 0.4145
0.9155 21688 1 0.4155
0.9165 21688 1 0.4165
0.9175 21688 1 0.4175
0.9185 21688 1 0.4185
0.9195 21688 1 0.4195
0.9205 21688 1 0.4205
0.9215 21688 1 0.4215
0.9225 21688 1 0.4225
0.9235 21688 1 0.4235
0.9245 21688 1 0.4245
0.9255 21688 1 0.4255
0.9265 21688 1 0.4265
0.9275 21688 1 0.4275
0.9285 21688 1 0.4285
0.9295 21688 1 0.4295
0.9305 21688 1 0.4305
0.9315 21688 1 0.4315
0.9325 21688 1 0.4325
0.9335 21688 1 0.4335
0.9345 21688 1 0.4345
0.9355 21688 1 0.4355
0.9365 21688 1 0.4365
0.9375 21688 1 0.4375
0.9385 21688 1 0.4385
0.9395 21688 1 0.4395
0.9405 21688 1 0.4405
0.9415 21688 1 0.4415
0.9425 21688 1 0.4425
0.9435 21688 1 0.4435
0.9445 21688 1 0.4445
0.9455 21688 1 0.4455
0.9465 21688 1 0.4465
0.9475 21688 1 0.4475
0.9485 21688 1 0.4485
0.9495 21688 1 0.4495
0.9505 21688 1 0.4505
0.9515 21688 1 0.4515
0.9525 21688 1 0.4525
0.9535 21688 1 0.4535
0.9545 21688 1 0.4545
0.9555 21688 1 0.4555
0.9565 21688 1 0.4565
0.9575 21688 1 0.4575
0.9585 21688 1 0.4585
0.9595 21688 1 0.4595
0.9605 21688 1 0.4605
0.9615 21688 1 0.4615
0.9625 21688 1 0.4625
0.9635 21688 1 0.4635
0.9645 21688 1 0.4645
0.9655 21688 1 0.4655
0.9665 21688 1 0.4665
0.9675 21688 1 0.4675
0.9685 21688 1 0.4685
0.9695 21688 1 0.4695
0.9705 21688 1 0.4705
0.9715 21688 1 0.4715
0.9725 21688 1 0.4725
0.9735 21688 1 0.4735
0.9745 21688 1 0.4745
0.9755 21688 1 0.4755
0.9765 21688 1 0.4765
0.9775 21688 1 0.4775
0.9785 21688 1 0.4785
0.9795 21688 1 0.4795
0.9805 21688 1 0.4805
0.9815 21688 1 0.4815
0.9825 21688 1 0.4825
0.9835 21688 1 0.4835
0.9845 21688 1 0.4845
0.9855 21688 1 0.4855
0.9865 21688 1 0.4865
0.9875 21688 1 0.4875
0.9885 21688 1 0.4885
0.9895 21688 1 0.4895
0.9905 21688 1 0.4905
0.9915 21688 1 0.4915
0.9925 21688 1 0.4925
0.9935 21688 1 0.4935
0.9945 21688 1 0.4945
0.9955 21688 1 0.4955
0.9965 21688 1 0.4965
0.9975 21688 1 0.4975
0.9985 21688 1 0.4985
0.9995 21688 1 0.4995
