0.0005 20000 21690.1 -0.4995
0.0015 20000 21690.1 -0.4995
0.0025 20000 21690.1 -0.4995
0.0035 20000 21690.1 -0.4995
0.0045 20000 21690.1 -0.4995
0.0055 20000 21690.1 -0.4995
0.0065 20000 21690.1 -0.4995
0.0075 20000 21690.1 -0.4995
0.0085 20000 21690.1 -0.4995
0.0095 20000 21690.1 -0.4995
0.0105 20000 21690.1 -0.4995
0.0115 20000 21690.1 -0.4995
0.0125 20000 21690.1 -0.4995
0.0135 20000 21690.1 -0.4995
0.0145 20000 21690.1 -0.4995
0.0155 20000 21690.1 -0.4995
0.0165 20000 21690.1 -0.4995
0.0175 20000 21690.1 -0.4995
0.0185 20000 21690.1 -0.4995
0.0195 20000 21690.1 -0.4995
0.0205 20000 21690.1 -0.4995
0.0215 20000 21690.1 -0.4995
0.0225 20000 21690.1 -0.4995
0.0235 20000 21690.1 -0.4995
0.0245 20000 21690.1 -0.4995
0.0255 20000 21690.1 -0.4995
0.0265 20000 21690.1 -0.4995
0.0275 20000 21690.1 -0.4995
0.0285 20000 21690.1 -0.4995
0.0295 20000 21690.1 -0.4995
0.0305 20000 21690.1 -0.499499
0.0315 20000 21690.1 -0.499498
0.0325 20000 21690.1 -0.499497
0.0335 20000 21690.1 -0.499495
0.0345 20000 21690.1 -0.499491
0.0355 20000 21690.1 -0.499484
0.0365 20000 21690.1 -0.499474
0.0375 20000 21690.1 -0.499458
0.0385 20000 21690.1 -0.499434
0.0395 20000 21690.1 -0.499399
0.0405 20000 21690.1 -0.499349
0.0415 20000 21690.1 -0.49928
0.0425 20000 21690.1 -0.499187
0.0435 20000 21690.1 -0.499064
0.0445 20000 21690.1 -0.498905
0.0455 20000 21690.1 -0.498705
0.0465 20000 21690.1 -0.498457
0.0475 20000 21690.1 -0.498157
0.0485 20000 21690.1 -0.497801
0.0495 20000 21690.1 -0.497386
0.0505 20000 21690.1 -0.49691
0.0515 20000 21690.1 -0.496372
0.0525 20000 21690.1 -0.495774
0.0535 20000 21690.1 -0.495119
0.0545 20000 21690.1 -0.49441
0.0555 20000 21690.1 -0.493652
0.0565 20000 21690.1 -0.492849
0.0575 20000 21690.1 -0.492008
0.0585 20000 21690.1 -0.491133
0.0595 20000 21690.1 -0.490231
0.0605 20000 21690.1 -0.489305
0.0615 20000 21690.1 -0.488361
0.0625 20000 21690.1 -0.487403
0.0635 20000 21690.1 -0.486433
0.0645 20000 21690.1 -0.485454
0.0655 20000 21690.1 -0.484469
0.0665 20000 21690.1 -0.48348
0.0675 20000 21690.1 -0.482487
0.0685 20000 21690.1 -0.481492
0.0695 20000 21690.1 -0.480495
0.0705 20000 21690.1 -0.479497
0.0715 20000 21690.1 -0.478498
0.0725 20000 21690.1 -0.477499
0.0735 20000 21690.1 -0.476499
0.0745 20000 21690.1 -0.4755
0.0755 20000 21690.1 -0.4745
0.0765 20000 21690.1 -0.4735
0.0775 20000 21690.1 -0.4725
0.0785 20000 21690.1 -0.4715
0.0795 20000 21690.1 -0.4705
0.0805 20000 21690.1 -0.4695
0.0815 20000 21690.1 -0.4685
0.0825 20000 21690.1 -0.4675
0.0835 20000 21690.1 -0.4665
0.0845 20000 21690.1 -0.4655
0.0855 20000 21690.1 -0.4645
0.0865 20000 21690.1 -0.4635
0.0875 20000 21690.1 -0.4625
0.0885 20000 21690.1 -0.4615
0.0895 20000 21690.1 -0.4605
0.0905 20000 21690.1 -0.4595
0.0915 20000 21690.1 -0.4585
0.0925 20000 21690.1 -0.4575
0.0935 20000 21690.1 -0.4565
0.0945 20000 21690.1 -0.4555
0.0955 20000 21690.1 -0.4545
0.0965 20000 21690.1 -0.4535
0.0975 20000 21690.1 -0.4525
0.0985 20000 21690.1 -0.4515
0.0995 20000 21690.1 -0.4505
0.1005 20000 21690.1 -0.4495
0.1015 20000 21690.1 -0.4485
0.1025 20000 21690.1 -0.4475
0.1035 20000 21690.1 -0.4465
0.1045 20000 21690.1 -0.4455
0.1055 20000 21690.1 -0.4445
0.1065 20000 21690.1 -0.4435
0.1075 20000 21690.1 -0.4425
0.1085 20000 21690.1 -0.4415
0.1095 20000 21690.1 -0.4405
0.1105 20000 21690.1 -0.4395
0.1115 20000 21690.1 -0.4385
0.1125 20000 21690.1 -0.4375
0.1135 20000 21690.1 -0.4365
0.1145 20000 21690.1 -0.4355
0.1155 20000 21690.1 -0.4345
0.1165 20000 21690.1 -0.4335
0.1175 20000 21690.1 -0.4325
0.1185 20000 21690.1 -0.4315
0.1195 20000 21690.1 -0.4305
0.1205 20000 21690.1 -0.4295
0.1215 20000 21690.1 -0.4285
0.1225 20000 21690.1 -0.4275
0.1235 20000 21690.1 -0.4265
0.1245 20000 21690.1 -0.4255
0.1255 20000 21690.1 -0.4245
0.1265 20000 21690.1 -0.4235
0.1275 20000 21690.1 -0.4225
0.1285 20000 21690.1 -0.4215
0.1295 20000 21690.1 -0.4205
0.1305 20000 21690.1 -0.4195
0.1315 20000 21690.1 -0.4185
0.1325 20000 21690.1 -0.4175
0.1335 20000 21690.1 -0.4165
0.1345 20000 21690.1 -0.4155
0.1355 20000 21690.1 -0.4145
0.1365 20000 21690.1 -0.4135
0.1375 20000 21690.1 -0.4125
0.1385 20000 21690.1 -0.4115
0.1395 20000 21690.1 -0.4105
0.1405 20000 21690.1 -0.4095
0.1415 20000 21690.1 -0.4085
0.1425 20000 21690.1 -0.4075
0.1435 20000 21690.1 -0.4065
0.1445 20000 21690.1 -0.4055
0.1455 20000 21690.1 -0.4045
0.1465 20000 21690.1 -0.4035
0.1475 20000 21690.1 -0.4025
0.1485 20000 21690.1 -0.4015
0.1495 20000 21690.1 -0.4005
0.1505 20000 21690.1 -0.3995
0.1515 20000 21690.1 -0.3985
0.1525 20000 21690.1 -0.3975
0.1535 20000 21690.1 -0.3965
0.1545 20000 21690.1 -0.3955
0.1555 20000 21690.1 -0.3945
0.1565 20000 21690.1 -0.3935
0.1575 20000 21690.1 -0.3925
0.1585 20000 21690.1 -0.3915
0.1595 20000 21690.1 -0.3905
0.1605 20000 21690.1 -0.3895
0.1615 20000 21690.1 -0.3885
0.1625 20000 21690.1 -0.3875
0.1635 20000 21690.1 -0.3865
0.1645 20000 21690.1 -0.3855
0.1655 20000 21690.1 -0.3845
0.1665 20000 21690.1 -0.3835
0.1675 20000 21690.1 -0.3825
0.1685 20000 21690.1 -0.3815
0.1695 20000 21690.1 -0.3805
0.1705 20000 21690.1 -0.3795
0.1715 20000 21690.1 -0.3785
0.1725 20000 21690.1 -0.3775
0.1735 20000 21690.1 -0.3765
0.1745 20000 21690.1 -0.3755
0.1755 20000 21690.1 -0.3745
0.1765 20000 21690.1 -0.3735
0.1775 20000 21690.1 -0.3725
0.1785 20000 21690.1 -0.3715
0.1795 20000 21690.1 -0.3705
0.1805 20000 21690.1 -0.3695
0.1815 20000 21690.1 -0.3685
0.1825 20000 21690.1 -0.3675
0.1835 20000 21690.1 -0.3665
0.1845 20000 21690.1 -0.3655
0.1855 20000 21690.1 -0.3645
0.1865 20000 21690.1 -0.3635
0.1875 20000 21690.1 -0.3625
0.1885 20000 21690.1 -0.3615
0.1895 20000 21690.1 -0.3605
0.1905 20000 21690.1 -0.3595
0.1915 20000 21690.1 -0.3585
0.1925 20000 21690.1 -0.3575
0.1935 20000 21690.1 -0.3565
0.1945 20000 21690.1 -0.3555
0.1955 20000 21690.1 -0.3545
0.1965 20000 21690.1 -0.3535
0.1975 20000 21690.1 -0.3525
0.1985 20000 21690.1 -0.3515
0.1995 20000 21690.1 -0.3505
0.2005 20000 21690.1 -0.3495
0.2015 20000 21690.1 -0.3485
0.2025 20000 21690.1 -0.3475
0.2035 20000 21690.1 -0.3465
0.2045 20000 21690.1 -0.3455
0.2055 20000 21690.1 -0.3445
0.2065 20000 21690.1 -0.3435
0.2075 20000 21690.1 -0.3425
0.2085 20000 21690.1 -0.3415
0.2095 20000 21690.1 -0.3405
0.2105 20000 21690.1 -0.3395
0.2115 20000 21690.1 -0.3385
0.2125 20000 21690.1 -0.3375
0.2135 20000 21690.1 -0.3365
0.2145 20000 21690.1 -0.3355
0.2155 20000 21690.1 -0.3345
0.2165 20000 21690.1 -0.3335
0.2175 20000 21690.1 -0.3325
0.2185 20000 21690.1 -0.3315
0.2195 20000 21690.1 -0.3305
0.2205 20000 21690.1 -0.3295
0.2215 20000 21690.1 -0.3285
0.2225 20000 21690.1 -0.3275
0.2235 20000 21690.1 -0.3265
0.2245 20000 21690.1 -0.3255
0.2255 20000 21690.1 -0.3245
0.2265 20000 21690.1 -0.3235
0.2275 20000 21690.1 -0.3225
0.2285 20000 21690.1 -0.3215
0.2295 20000 21690.1 -0.3205
0.2305 20000 21690.1 -0.3195
0.2315 20000 21690.1 -0.3185
0.2325 20000 21690.1 -0.3175
0.2335 20000 21690.1 -0.3165
0.2345 20000 21690.1 -0.3155
0.2355 20000 21690.1 -0.3145
0.2365 20000 21690.1 -0.3135
0.2375 20000 21690.1 -0.3125
0.2385 20000 21690.1 -0.3115
0.2395 20000 21690.1 -0.3105
0.2405 20000 21690.1 -0.3095
0.2415 20000 21690.1 -0.3085
0.2425 20000 21690.1 -0.3075
0.2435 20000 21690.1 -0.3065
0.2445 20000 21690.1 -0.3055
0.2455 20000 21690.1 -0.3045
0.2465 20000 21690.1 -0.3035
0.2475 20000 21690.1 -0.3025
0.2485 20000 21690.1 -0.3015
0.2495 20000 21690.1 -0.3005
0.2505 20000 21690.1 -0.2995
0.2515 20000 21690.1 -0.2985
0.2525 20000 21690.1 -0.2975
0.2535 20000 21690.1 -0.2965
0.2545 20000 21690.1 -0.2955
0.2555 20000 21690.1 -0.2945
0.2565 20000 21690.1 -0.2935
0.2575 20000 21690.1 -0.2925
0.2585 20000 21690.1 -0.2915
0.2595 20000 21690.1 -0.2905
0.2605 20000 21690.1 -0.2895
0.2615 20000 21690.1 -0.2885
0.2625 20000 21690.1 -0.2875
0.2635 20000 21690.1 -0.2865
0.2645 20000 21690.1 -0.2855
0.2655 20000 21690.1 -0.2845
0.2665 20000 21690.1 -0.2835
0.2675 20000 21690.1 -0.2825
0.2685 20000 21690.1 -0.2815
0.2695 20000 21690.1 -0.2805
0.2705 20000 21690.1 -0.2795
0.2715 20000 21690.1 -0.2785
0.2725 20000 21690.1 -0.2775
0.2735 20000 21690.1 -0.2765
0.2745 20000 21690.1 -0.2755
0.2755 20000 21690.1 -0.2745
0.2765 20000 21690.1 -0.2735
0.2775 20000 21690.1 -0.2725
0.2785 20000 21690.1 -0.2715
0.2795 20000 21690.1 -0.2705
0.2805 20000 21690.1 -0.2695
0.2815 20000 21690.1 -0.2685
0.2825 20000 21690.1 -0.2675
0.2835 20000 21690.1 -0.2665
0.2845 20000 21690.1 -0.2655
0.2855 20000 21690.1 -0.2645
0.2865 20000 21690.1 -0.2635
0.2875 20000 21690.1 -0.2625
0.2885 20000 21690.1 -0.2615
0.2895 20000 21690.1 -0.2605
0.2905 20000 21690.1 -0.2595
0.2915 20000 21690.1 -0.2585
0.2925 20000 21690.1 -0.2575
0.2935 20000 21690.1 -0.2565
0.2945 20000 21690.1 -0.2555
0.2955 20000 21690.1 -0.2545
0.2965 20000 21690.1 -0.2535
0.2975 20000 21690.1 -0.2525
0.2985 20000 21690.1 -0.2515
0.2995 20000 21690.1 -0.2505
0.3005 20000 21690.1 -0.2495
0.3015 20000 21690.1 -0.2485
0.3025 20000 21690.1 -0.2475
0.3035 20000 21690.1 -0.2465
0.3045 20000 21690.1 -0.2455
0.3055 20000 21690.1 -0.2445
0.3065 20000 21690.1 -0.2435
0.3075 20000 21690.1 -0.2425
0.3085 20000 21690.1 -0.2415
0.3095 20000 21690.1 -0.2405
0.3105 20000 21690.1 -0.2395
0.3115 20000 21690.1 -0.2385
0.3125 20000 21690.1 -0.2375
0.3135 20000 21690.1 -0.2365
0.3145 20000 21690.1 -0.2355
0.3155 20000 21690.1 -0.2345
0.3165 20000 21690.1 -0.2335
0.3175 20000 21690.1 -0.2325
0.3185 20000 21690.1 -0.2315
0.3195 20000 21690.1 -0.2305
0.3205 20000 21690.1 -0.2295
0.3215 20000 21690.1 -0.2285
0.3225 20000 21690.1 -0.2275
0.3235 20000 21690.1 -0.2265
0.3245 20000 21690.1 -0.2255
0.3255 20000 21690.1 -0.2245
0.3265 20000 21690.1 -0.2235
0.3275 20000 21690.1 -0.2225
0.3285 20000 21690.1 -0.2215
0.3295 20000 21690.1 -0.2205
0.3305 20000 21690.1 -0.2195
0.3315 20000 21690.1 -0.2185
0.3325 20000 21690.1 -0.2175
0.3335 20000 21690.1 -0.2165
0.3345 20000 21690.1 -0.2155
0.3355 20000 21690.1 -0.2145
0.3365 20000 21690.1 -0.2135
0.3375 20000 21690.1 -0.2125
0.3385 20000 21690.1 -0.2115
0.3395 20000 21690.1 -0.2105
0.3405 20000 21690.1 -0.2095
0.3415 20000 21690.1 -0.2085
0.3425 20000 21690.1 -0.2075
0.3435 20000 21690.1 -0.2065
0.3445 20000 21690.1 -0.2055
0.3455 20000 21690.1 -0.2045
0.3465 20000 21690.1 -0.2035
0.3475 20000 21690.1 -0.2025
0.3485 20000 21690.1 -0.2015
0.3495 20000 21690.1 -0.2005
0.3505 20000 21690.1 -0.1995
0.3515 20000 21690.1 -0.1985
0.3525 20000 21690.1 -0.1975
0.3535 20000 21690.1 -0.1965
0.3545 20000 21690.1 -0.1955
0.3555 20000 21690.1 -0.1945
0.3565 20000 21690.1 -0.1935
0.3575 20000.1 21690.1 -0.1925
0.3585 20000.1 21690.1 -0.1915
0.3595 20000.1 21690.1 -0.1905
0.3605 20000.2 21690.1 -0.1895
0.3615 20000.3 21690.1 -0.1885
0.3625 20000.5 21690.1 -0.1875
0.3635 20000.8 21690.1 -0.1865
0.3645 20001.1 21690.1 -0.1855
0.3655 20001.7 21690.1 -0.1845
0.3665 20002.5 21690.1 -0.1835
0.3675 20003.6 21690.1 -0.1825
0.3685 20005.2 21690.1 -0.1815
0.3695 20007.5 21690.1 -0.1805
0.3705 20010.8 21690.1 -0.179499
0.3715 20015.3 21690.1 -0.178499
0.3725 20021.5 21690.1 -0.177499
0.3735 20030.2 21690.1 -0.176498
0.3745 20041.9 21690.1 -0.175498
0.3755 20057.9 21690.1 -0.174497
0.3765 20079.4 21690.1 -0.173495
0.3775 20108 21690.1 -0.172494
0.3785 20145.9 21690.1 -0.171491
0.3795 20195.4 21690.1 -0.170488
0.3805 20259.4 21690.1 -0.169484
0.3815 20341.2 21690.1 -0.168478
0.3825 20444.1 21690.1 -0.16747
0.3835 20571.6 21690.1 -0.166461
0.3845 20726.2 21690.1 -0.165448
0.3855 20909.3 21690.1 -0.164432
0.3865 21120.4 21690.1 -0.163413
0.3875 21359 21690.1 -0.162389
0.3885 21589.5 21690.1 -0.16136
0.3895 21737.9 21690.1 -0.160327
0.3905 21795 21690.1 -0.159293
0.3915 21805 21690.1 -0.158257
0.3925 21803.7 21690.1 -0.157222
0.3935 21799.2 21690.1 -0.156187
0.3945 21790.8 21690.1 -0.155152
0.3955 21778.3 21690.1 -0.154117
0.3965 21761.4 21690.1 -0.153083
0.3975 21740.4 21690.1 -0.152049
0.3985 21716 21690.1 -0.151015
0.3995 21690.7 21690.1 -0.149982
0.4005 21672.6 21690.1 -0.148949
0.4015 21664.2 21690.1 -0.147917
0.4025 21661.7 21690.1 -0.146884
0.4035 21661.4 21690.1 -0.145852
0.4045 21661.4 21690.1 -0.144819
0.4055 21661.4 21690.1 -0.143787
0.4065 21661.4 21690.1 -0.142755
0.4075 21661.5 21690.1 -0.141722
0.4085 21661.6 21690.1 -0.14069
0.4095 21661.7 21690.1 -0.139657
0.4105 21661.8 21690.1 -0.138625
0.4115 21661.9 21690.1 -0.137593
0.4125 21662.1 21690.1 -0.13656
0.4135 21662.3 21690.1 -0.135528
0.4145 21662.6 21690.1 -0.134495
0.4155 21662.9 21690.1 -0.133463
0.4165 21663.3 21690.1 -0.13243
0.4175 21663.7 21690.1 -0.131398
0.4185 21664.2 21690.1 -0.130366
0.4195 21664.7 21690.1 -0.129333
0.4205 21665.3 21690.1 -0.128301
0.4215 21666 21690.1 -0.127268
0.4225 21666.6 21690.1 -0.126236
0.4235 21667.4 21690.1 -0.125203
0.4245 21668.1 21690.1 -0.124171
0.4255 21668.8 21690.1 -0.123138
0.4265 21669.6 21690.1 -0.122106
0.4275 21670.4 21690.1 -0.121073
0.4285 21671.1 21690.1 -0.12004
0.4295 21671.8 21690.1 -0.119008
0.4305 21672.5 21690.1 -0.117975
0.4315 21673 21690.1 -0.116943
0.4325 21673.4 21690.1 -0.11591
0.4335 21673.8 21690.1 -0.114877
0.4345 21674.1 21690.1 -0.113845
0.4355 21674.3 21690.1 -0.112812
0.4365 21674.6 21690.1 -0.111779
0.4375 21674.8 21690.1 -0.110747
0.4385 21675 21690.1 -0.109714
0.4395 21675.3 21690.1 -0.108681
0.4405 21675.5 21690.1 -0.107649
0.4415 21675.8 21690.1 -0.106616
0.4425 21676 21690.1 -0.105583
0.4435 21676.3 21690.1 -0.104551
0.4445 21676.7 21690.1 -0.103518
0.4455 21677 21690.1 -0.102485
0.4465 21677.5 21690.1 -0.101453
0.4475 21677.9 21690.1 -0.10042
0.4485 21678.4 21690.1 -0.0993873
0.4495 21678.9 21690.1 -0.0983546
0.4505 21679.4 21690.1 -0.0973219
0.4515 21680 21690.1 -0.0962892
0.4525 21680.5 21690.1 -0.0952564
0.4535 21680.9 21690.1 -0.0942237
0.4545 21681.2 21690.1 -0.0931909
0.4555 21681.5 21689.5 -0.0921581
0.4565 21681.8 21688 -0.0911254
0.4575 21682.1 21687.4 -0.0900926
0.4585 21682.4 21687.5 -0.0890598
0.4595 21682.7 21687.7 -0.088027
0.4605 21683 21687.9 -0.0869942
0.4615 21683.3 21688 -0.0859614
0.4625 21683.6 21688.2 -0.0849286
0.4635 21683.9 21688.3 -0.0838958
0.4645 21684.2 21688.4 -0.082863
0.4655 21684.5 21688.6 -0.0818302
0.4665 21684.8 21688.7 -0.0807973
0.4675 21685.1 21688.7 -0.0797645
0.4685 21685.3 21688.7 -0.0787317
0.4695 21685.6 21688.7 -0.0776988
0.4705 21685.8 21688.7 -0.076666
0.4715 21686.1 21688.6 -0.0756331
0.4725 21686.3 21688.5 -0.0746003
0.4735 21686.6 21688.4 -0.0735674
0.4745 21686.8 21688.2 -0.0725346
0.4755 21687.1 21688 -0.0715017
0.4765 21687.3 21687.8 -0.0704689
0.4775 21687.6 21687.7 -0.069436
0.4785 21687.9 21687.6 -0.0684031
0.4795 21688.2 21687.6 -0.0673702
0.4805 21688.4 21687.6 -0.0663373
0.4815 21688.5 21687.6 -0.0653045
0.4825 21688.5 21687.6 -0.0642716
0.4835 21688.5 21687.6 -0.0632387
0.4845 21688.5 21687.7 -0.0622058
0.4855 21688.6 21687.7 -0.0611729
0.4865 21688.6 21687.9 -0.06014
0.4875 21688.5 21688 -0.0591072
0.4885 21688.5 21688.2 -0.0580743
0.4895 21688.5 21688.4 -0.0570414
0.4905 21688.4 21688.6 -0.0560085
0.4915 21688.3 21688.7 -0.0549757
0.4925 21688.2 21688.9 -0.0539428
0.4935 21688.1 21689 -0.0529099
0.4945 21688.1 21689.1 -0.0518771
0.4955 21688.1 21689.2 -0.0508442
0.4965 21688.1 21689.3 -0.0498113
0.4975 21688.1 21689.4 -0.0487785
0.4985 21688.2 21689.4 -0.0477456
0.4995 21688.3 21689.5 -0.0467128
0.5005 21688.3 21689.6 -0.0456799
0.5015 21688.5 21689.6 -0.0446471
0.5025 21688.6 21689.6 -0.0436142
0.5035 21688.8 21689.7 -0.0425813
0.5045 21688.9 21689.7 -0.0415485
0.5055 21689 21689.7 -0.0405156
0.5065 21689.1 21689.7 -0.0394828
0.5075 21689.2 21689.7 -0.0384499
0.5085 21689.3 21689.7 -0.0374171
0.5095 21689.4 21689.7 -0.0363842
0.5105 21689.5 21689.7 -0.0353514
0.5115 21689.5 21689.8 -0.0343185
0.5125 21689.6 21689.8 -0.0332857
0.5135 21689.6 21689.8 -0.0322529
0.5145 21689.6 21689.8 -0.03122
0.5155 21689.6 21689.8 -0.0301872
0.5165 21689.6 21689.8 -0.0291544
0.5175 21689.6 21689.9 -0.0281216
0.5185 21689.7 21689.9 -0.0270887
0.5195 21689.7 21689.9 -0.0260559
0.5205 21689.7 21690 -0.0250232
0.5215 21689.7 21690.1 -0.0239904
0.5225 21689.8 21690.1 -0.0229576
0.5235 21689.8 21690.2 -0.0219248
0.5245 21689.9 21690.3 -0.0208919
0.5255 21689.9 21690.4 -0.019859
0.5265 21690 21690.5 -0.0188259
0.5275 21690.1 21690.7 -0.0177925
0.5285 21690.2 21690.8 -0.0167586
0.5295 21690.3 21690.9 -0.0157238
0.5305 21690.4 21691 -0.0146876
0.5315 21690.5 21691.1 -0.0136493
0.5325 21690.6 21691.3 -0.0126078
0.5335 21690.7 21691.3 -0.0115618
0.5345 21690.8 21691.4 -0.0105095
0.5355 21690.8 21691.5 -0.00944876
0.5365 21690.9 21691.5 -0.00837697
0.5375 21690.9 21691.5 -0.00729126
0.5385 21690.9 21691.4 -0.00618844
0.5395 21690.8 21691.4 -0.00506521
0.5405 21690.7 21691.3 -0.00391828
0.5415 21690.6 21691.1 -0.00274455
0.5425 21690.4 21691 -0.00154132
0.5435 21690.3 21690.8 -0.00030641
0.5445 21690.2 21690.5 0.000961715
0.5455 21690.1 21690.3 0.00226382
0.5465 21690.1 21690.1 0.00359984
0.5475 21690.1 21689.9 0.00496896
0.5485 21690.1 21689.7 0.00636965
0.5495 21690.1 21689.5 0.0077998
0.5505 21690.1 21689.4 0.00925686
0.5515 21690.1 21689.4 0.010738
0.5525 21690.1 21689.4 0.0122402
0.5535 21690.1 21689.4 0.0137606
0.5545 21690.1 21689.4 0.0152963
0.5555 21690.1 21689.5 0.0168446
0.5565 21690.1 21689.6 0.0184031
0.5575 21690.1 21689.6 0.0199698
0.5585 21690.1 21689.7 0.0215428
0.5595 21690.1 21689.8 0.0231208
0.5605 21690.1 21689.9 0.0247024
0.5615 21690.1 21690 0.0262867
0.5625 21690.1 21690.1 0.027873
0.5635 21690.1 21690.2 0.0294606
0.5645 21690.1 21690.3 0.0310491
0.5655 21690.1 21690.5 0.0326382
0.5665 21690.1 21690.6 0.0342277
0.5675 21690.1 21690.7 0.0358173
0.5685 21690.1 21690.9 0.0374069
0.5695 21690.1 21691.1 0.0389966
0.5705 21690.1 21691.3 0.0405861
0.5715 21690.1 21691.6 0.0421755
0.5725 21690.1 21691.9 0.0437648
0.5735 21690.1 21692.2 0.045354
0.5745 21690.1 21692.6 0.046943
0.5755 21690.1 21693 0.0485319
0.5765 21690.1 21693.5 0.0501208
0.5775 21690.1 21693.8 0.0517095
0.5785 21690.1 21694.1 0.0532981
0.5795 21690.1 21694.2 0.0548867
0.5805 21690.1 21694.1 0.0564752
0.5815 21690.1 21693.8 0.0580636
0.5825 21690.1 21693.3 0.0596519
0.5835 21690.1 21692.8 0.0612402
0.5845 21690.1 21692.4 0.0628284
0.5855 21690.1 21691.7 0.0644165
0.5865 21690.1 21691.3 0.0660046
0.5875 21690.1 21691 0.0675926
0.5885 21690.1 21690.9 0.0691806
0.5895 21690.1 21691 0.0707685
0.5905 21690.1 21691.2 0.0723564
0.5915 21690.1 21691.5 0.0739443
0.5925 21690.1 21691.9 0.0755323
0.5935 21690.1 21692.3 0.0771203
0.5945 21690.1 21692.7 0.0787083
0.5955 21690.1 21693 0.0802963
0.5965 21690.1 21693.4 0.0818843
0.5975 21690.1 21693.7 0.0834724
0.5985 21690.1 21694 0.0850605
0.5995 21690.1 21694.4 0.0866485
0.6005 21690.1 21694.7 0.0882366
0.6015 21690.1 21695 0.0898246
0.6025 21690.1 21695.2 0.0914125
0.6035 21690.1 21695.5 0.0930004
0.6045 21690.1 21695.8 0.0945883
0.6055 21690.1 21696 0.0961762
0.6065 21690.1 21696.2 0.0977641
0.6075 21690.1 21696.4 0.0993521
0.6085 21690.1 21696.7 0.10094
0.6095 21690.1 21696.8 0.102528
0.6105 21690.1 21696.5 0.104117
0.6115 21690.1 21695.8 0.105705
0.6125 21690.1 21694.1 0.107293
0.6135 21690.1 21690.3 0.108881
0.6145 21690.1 21680 0.110469
0.6155 21690.1 21653.3 0.112056
0.6165 21690.1 21583.6 0.113642
0.6175 21690.1 21403.2 0.115225
0.6185 21690.1 20958.6 0.1168
0.6195 21690.1 19855.1 0.118354
0.6205 21690.1 17283.3 0.119861
0.6215 21690.1 11694.4 0.121256
0.6225 21690.1 3232.16 0.122453
0.6235 21690.1 49.978 0.123493
0.6245 21690.1 -0.113815 0.124499
0.6255 21690.1 0.965895 0.1255
0.6265 21690.1 1.00041 0.1265
0.6275 21690.1 1.00017 0.1275
0.6285 21690.1 1.00003 0.1285
0.6295 21690.1 1 0.1295
0.6305 21690.1 1 0.1305
0.6315 21690.1 1 0.1315
0.6325 21690.1 1 0.1325
0.6335 21690.1 1 0.1335
0.6345 21690.1 1 0.1345
0.6355 21690.1 1 0.1355
0.6365 21690.1 1 0.1365
0.6375 21690.1 1 0.1375
0.6385 21690.1 1 0.1385
0.6395 21690.1 1 0.1395
0.6405 21690.1 1 0.1405
0.6415 21690.1 1 0.1415
0.6425 21690.1 1 0.1425
0.6435 21690.1 1 0.1435
0.6445 21690.1 1 0.1445
0.6455 21690.1 1 0.1455
0.6465 21690.1 1 0.1465
0.6475 21690.1 1 0.1475
0.6485 21690.1 1 0.1485
0.6495 21690.1 1 0.1495
0.6505 21690.1 1 0.1505
0.6515 21690.1 1 0.1515
0.6525 21690.1 1 0.1525
0.6535 21690.1 1 0.1535
0.6545 21690.1 1 0.1545
0.6555 21690.1 1 0.1555
0.6565 21690.1 1 0.1565
0.6575 21690.1 1 0.1575
0.6585 21690.1 1 0.1585
0.6595 21690.1 1 0.1595
0.6605 21690.1 1 0.1605
0.6615 21690.1 1 0.1615
0.6625 21690.1 1 0.1625
0.6635 21690.1 1 0.1635
0.6645 21690.1 1 0.1645
0.6655 21690.1 1 0.1655
0.6665 21690.1 1 0.1665
0.6675 21690.1 1 0.1675
0.6685 21690.1 1 0.1685
0.6695 21690.1 1 0.1695
0.6705 21690.1 1 0.1705
0.6715 21690.1 1 0.1715
0.6725 21690.1 1 0.1725
0.6735 21690.1 1 0.1735
0.6745 21690.1 1 0.1745
0.6755 21690.1 1 0.1755
0.6765 21690.1 1 0.1765
0.6775 21690.1 1 0.1775
0.6785 21690.1 1 0.1785
0.6795 21690.1 1 0.1795
0.6805 21690.1 1 0.1805
0.6815 21690.1 1 0.1815
0.6825 21690.1 1 0.1825
0.6835 21690.1 1 0.1835
0.6845 21690.1 1 0.1845
0.6855 21690.1 1 0.1855
0.6865 21690.1 1 0.1865
0.6875 21690.1 1 0.1875
0.6885 21690.1 1 0.1885
0.6895 21690.1 1 0.1895
0.6905 21690.1 1 0.1905
0.6915 21690.1 1 0.1915
0.6925 21690.1 1 0.1925
0.6935 21690.1 1 0.1935
0.6945 21690.1 1 0.1945
0.6955 21690.1 1 0.1955
0.6965 21690.1 1 0.1965
0.6975 21690.1 1 0.1975
0.6985 21690.1 1 0.1985
0.6995 21690.1 1 0.1995
0.7005 21690.1 1 0.2005
0.7015 21690.1 1 0.2015
0.7025 21690.1 1 0.2025
0.7035 21690.1 1 0.2035
0.7045 21690.1 1 0.2045
0.7055 21690.1 1 0.2055
0.7065 21690.1 1 0.2065
0.7075 21690.1 1 0.2075
0.7085 21690.1 1 0.2085
0.7095 21690.1 1 0.2095
0.7105 21690.1 1 0.2105
0.7115 21690.1 1 0.2115
0.7125 21690.1 1 0.2125
0.7135 21690.1 1 0.2135
0.7145 21690.1 1 0.2145
0.7155 21690.1 1 0.2155
0.7165 21690.1 1 0.2165
0.7175 21690.1 1 0.2175
0.7185 21690.1 1 0.2185
0.7195 21690.1 1 0.2195
0.7205 21690.1 1 0.2205
0.7215 21690.1 1 0.2215
0.7225 21690.1 1 0.2225
0.7235 21690.1 1 0.2235
0.7245 21690.1 1 0.2245
0.7255 21690.1 1 0.2255
0.7265 21690.1 1 0.2265
0.7275 21690.1 1 0.2275
0.7285 21690.1 1 0.2285
0.7295 21690.1 1 0.2295
0.7305 21690.1 1 0.2305
0.7315 21690.1 1 0.2315
0.7325 21690.1 1 0.2325
0.7335 21690.1 1 0.2335
0.7345 21690.1 1 0.2345
0.7355 21690.1 1 0.2355
0.7365 21690.1 1 0.2365
0.7375 21690.1 1 0.2375
0.7385 21690.1 1 0.2385
0.7395 21690.1 1 0.2395
0.7405 21690.1 1 0.2405
0.7415 21690.1 1 0.2415
0.7425 21690.1 1 0.2425
0.7435 21690.1 1 0.2435
0.7445 21690.1 1 0.2445
0.7455 21690.1 1 0.2455
0.7465 21690.1 1 0.2465
0.7475 21690.1 1 0.2475
0.7485 21690.1 1 0.2485
0.7495 21690.1 1 0.2495
0.7505 21690.1 1 0.2505
0.7515 21690.1 1 0.2515
0.7525 21690.1 1 0.2525
0.7535 21690.1 1 0.2535
0.7545 21690.1 1 0.2545
0.7555 21690.1 1 0.2555
0.7565 21690.1 1 0.2565
0.7575 21690.1 1 0.2575
0.7585 21690.1 1 0.2585
0.7595 21690.1 1 0.2595
0.7605 21690.1 1 0.2605
0.7615 21690.1 1 0.2615
0.7625 21690.1 1 0.2625
0.7635 21690.1 1 0.2635
0.7645 21690.1 1 0.2645
0.7655 21690.1 1 0.2655
0.7665 21690.1 1 0.2665
0.7675 21690.1 1 0.2675
0.7685 21690.1 1 0.2685
0.7695 21690.1 1 0.2695
0.7705 21690.1 1 0.2705
0.7715 21690.1 1 0.2715
0.7725 21690.1 1 0.2725
0.7735 21690.1 1 0.2735
0.7745 21690.1 1 0.2745
0.7755 21690.1 1 0.2755
0.7765 21690.1 1 0.2765
0.7775 21690.1 1 0.2775
0.7785 21690.1 1 0.2785
0.7795 21690.1 1 0.2795
0.7805 21690.1 1 0.2805
0.7815 21690.1 1 0.2815
0.7825 21690.1 1 0.2825
0.7835 21690.1 1 0.2835
0.7845 21690.1 1 0.2845
0.7855 21690.1 1 0.2855
0.7865 21690.1 1 0.2865
0.7875 21690.1 1 0.2875
0.7885 21690.1 1 0.2885
0.7895 21690.1 1 0.2895
0.7905 21690.1 1 0.2905
0.7915 21690.1 1 0.2915
0.7925 21690.1 1 0.2925
0.7935 21690.1 1 0.2935
0.7945 21690.1 1 0.2945
0.7955 21690.1 1 0.2955
0.7965 21690.1 1 0.2965
0.7975 21690.1 1 0.2975
0.7985 21690.1 1 0.2985
0.7995 21690.1 1 0.2995
0.8005 21690.1 1 0.3005
0.8015 21690.1 1 0.3015
0.8025 21690.1 1 0.3025
0.8035 21690.1 1 0.3035
0.8045 21690.1 1 0.3045
0.8055 21690.1 1 0.3055
0.8065 21690.1 1 0.3065
0.8075 21690.1 1 0.3075
0.8085 21690.1 1 0.3085
0.8095 21690.1 1 0.3095
0.8105 21690.1 1 0.3105
0.8115 21690.1 1 0.3115
0.8125 21690.1 1 0.3125
0.8135 21690.1 1 0.3135
0.8145 21690.1 1 0.3145
0.8155 21690.1 1 0.3155
0.8165 21690.1 1 0.3165
0.8175 21690.1 1 0.3175
0.8185 21690.1 1 0.3185
0.8195 21690.1 1 0.3195
0.8205 21690.1 1 0.3205
0.8215 21690.1 1 0.3215
0.8225 21690.1 1 0.3225
0.8235 21690.1 1 0.3235
0.8245 21690.1 1 0.3245
0.8255 21690.1 1 0.3255
0.8265 21690.1 1 0.3265
0.8275 21690.1 1 0.3275
0.8285 21690.1 1 0.3285
0.8295 21690.1 1 0.3295
0.8305 21690.1 1 0.3305
0.8315 21690.1 1 0.3315
0.8325 21690.1 1 0.3325
0.8335 21690.1 1 0.3335
0.8345 21690.1 1 0.3345
0.8355 21690.1 1 0.3355
0.8365 21690.1 1 0.3365
0.8375 21690.1 1 0.3375
0.8385 21690.1 1 0.3385
0.8395 21690.1 1 0.3395
0.8405 21690.1 1 0.3405
0.8415 21690.1 1 0.3415
0.8425 21690.1 1 0.3425
0.8435 21690.1 1 0.3435
0.8445 21690.1 1 0.3445
0.8455 21690.1 1 0.3455
0.8465 21690.1 1 0.3465
0.8475 21690.1 1 0.3475
0.8485 21690.1 1 0.3485
0.8495 21690.1 1 0.3495
0.8505 21690.1 1 0.3505
0.8515 21690.1 1 0.3515
0.8525 21690.1 1 0.3525
0.8535 21690.1 1 0.3535
0.8545 21690.1 1 0.3545
0.8555 21690.1 1 0.3555
0.8565 21690.1 1 0.3565
0.8575 21690.1 1 0.3575
0.8585 21690.1 1 0.3585
0.8595 21690.1 1 0.3595
0.8605 21690.1 1 0.3605
0.8615 21690.1 1 0.3615
0.8625 21690.1 1 0.3625
0.8635 21690.1 1 0.3635
0.8645 21690.1 1 0.3645
0.8655 21690.1 1 0.3655
0.8665 21690.1 1 0.3665
0.8675 21690.1 1 0.3675
0.8685 21690.1 1 0.3685
0.8695 21690.1 1 0.3695
0.8705 21690.1 1 0.3705
0.8715 21690.1 1 0.3715
0.8725 21690.1 1 0.3725
0.8735 21690.1 1 0.3735
0.8745 21690.1 1 0.3745
0.8755 21690.1 1 0.3755
0.8765 21690.1 1 0.3765
0.8775 21690.1 1 0.3775
0.8785 21690.1 1 0.3785
0.8795 21690.1 1 0.3795
0.8805 21690.1 1 0.3805
0.8815 21690.1 1 0.3815
0.8825 21690.1 1 0.3825
0.8835 21690.1 1 0.3835
0.8845 21690.1 1 0.3845
0.8855 21690.1 1 0.3855
0.8865 21690.1 1 0.3865
0.8875 21690.1 1 0.3875
0.8885 21690.1 1 0.3885
0.8895 21690.1 1 0.3895
0.8905 21690.1 1 0.3905
0.8915 21690.1 1 0.3915
0.8925 21690.1 1 0.3925
0.8935 21690.1 1 0.3935
0.8945 21690.1 1 0.3945
0.8955 21690.1 1 0.3955
0.8965 21690.1 1 0.3965
0.8975 21690.1 1 0.3975
0.8985 21690.1 1 0.3985
0.8995 21690.1 1 0.3995
0.9005 21690.1 1 0.4005
0.9015 21690.1 1 0.4015
0.9025 21690.1 1 0.4025
0.9035 21690.1 1 0.4035
0.9045 21690.1 1 0.4045
0.9055 21690.1 1 0.4055
0.9065 21690.1 1 0.4065
0.9075 21690.1 1 0.4075
0.9085 21690.1 1 0.4085
0.9095 21690.1 1 0.4095
0.9105 21690.1 1 0.4105
0.9115 21690.1 1 0.4115
0.9125 21690.1 1 0.4125
0.9135 21690.1 1 0.4135
0.9145 21690.1 1 0.4145
0.9155 21690.1 1 0.4155
0.9165 21690.1 1 0.4165
0.9175 21690.1 1 0.4175
0.9185 21690.1 1 0.4185
0.9195 21690.1 1 0.4195
0.9205 21690.1 1 0.4205
0.9215 21690.1 1 0.4215
0.9225 21690.1 1 0.4225
0.9235 21690.1 1 0.4235
0.9245 21690.1 1 0.4245
0.9255 21690.1 1 0.4255
0.9265 21690.1 1 0.4265
0.9275 21690.1 1 0.4275
0.9285 21690.1 1 0.4285
0.9295 21690.1 1 0.4295
0.9305 21690.1 1 0.4305
0.9315 21690.1 1 0.4315
0.9325 21690.1 1 0.4325
0.9335 21690.1 1 0.4335
0.9345 21690.1 1 0.4345
0.9355 21690.1 1 0.4355
0.9365 21690.1 1 0.4365
0.9375 21690.1 1 0.4375
0.9385 21690.1 1 0.4385
0.9395 21690.1 1 0.4395
0.9405 21690.1 1 0.4405
0.9415 21690.1 1 0.4415
0.9425 21690.1 1 0.4425
0.9435 21690.1 1 0.4435
0.9445 21690.1 1 0.4445
0.9455 21690.1 1 0.4455
0.9465 21690.1 1 0.4465
0.9475 21690.1 1 0.4475
0.9485 21690.1 1 0.4485
0.9495 21690.1 1 0.4495
0.9505 21690.1 1 0.4505
0.9515 21690.1 1 0.4515
0.9525 21690.1 1 0.4525
0.9535 21690.1 1 0.4535
0.9545 21690.1 1 0.4545
0.9555 21690.1 1 0.4555
0.9565 21690.1 1 0.4565
0.9575 21690.1 1 0.4575
0.9585 21690.1 1 0.4585
0.9595 21690.1 1 0.4595
0.9605 21690.1 1 0.4605
0.9615 21690.1 1 0.4615
0.9625 21690.1 1 0.4625
0.9635 21690.1 1 0.4635
0.9645 21690.1 1 0.4645
0.9655 21690.1 1 0.4655
0.9665 21690.1 1 0.4665
0.9675 21690.1 1 0.4675
0.9685 21690.1 1 0.4685
0.9695 21690.1 1 0.4695
0.9705 21690.1 1 0.4705
0.9715 21690.1 1 0.4715
0.9725 21690.1 1 0.4725
0.9735 21690.1 1 0.4735
0.9745 21690.1 1 0.4745
0.9755 21690.1 1 0.4755
0.9765 21690.1 1 0.4765
0.9775 21690.1 1 0.4775
0.9785 21690.1 1 0.4785
0.9795 21690.1 1 0.4795
0.9805 21690.1 1 0.4805
0.9815 21690.1 1 0.4815
0.9825 21690.1 1 0.4825
0.9835 21690.1 1 0.4835
0.9845 21690.1 1 0.4845
0.9855 21690.1 1 0.4855
0.9865 21690.1 1 0.4865
0.9875 21690.1 1 0.4875
0.9885 21690.1 1 0.4885
0.9895 21690.1 1 0.4895
0.9905 21690.1 1 0.4905
0.9915 21690.1 1 0.4915
0.9925 21690.1 1 0.4925
0.9935 21690.1 1 0.4935
0.9945 21690.1 1 0.4945
0.9955 21690.1 1 0.4955
0.9965 21690.1 1 0.4965
0.9975 21690.1 1 0.4975
0.9985 21690.1 1 0.4985
0.9995 21690.1 1 0.4995
