0.00125 111.809 0 -0.49875
0.00375 111.809 0 -0.496453
0.00625 111.809 0 -0.493953
0.00875 111.809 0 -0.491453
0.01125 111.809 0 -0.488953
0.01375 111.808 0 -0.486453
0.01625 111.808 0 -0.483953
0.01875 111.808 0 -0.481453
0.02125 111.808 0 -0.478953
0.02375 111.807 0 -0.476453
0.02625 111.807 0 -0.473953
0.02875 111.806 0 -0.471453
0.03125 111.806 0 -0.468953
0.03375 111.805 0 -0.466453
0.03625 111.804 0 -0.463953
0.03875 111.804 0 -0.461453
0.04125 111.803 0 -0.458953
0.04375 111.803 0 -0.456453
0.04625 111.802 0 -0.453953
0.04875 111.801 0 -0.451453
0.05125 111.801 0 -0.448953
0.05375 111.801 0 -0.446453
0.05625 111.8 0 -0.443953
0.05875 111.8 0 -0.441453
0.06125 111.8 0 -0.438953
0.06375 111.8 0 -0.436453
0.06625 111.8 0 -0.433953
0.06875 111.8 0 -0.431453
0.07125 111.8 0 -0.428953
0.07375 111.8 0 -0.426453
0.07625 111.8 0 -0.423953
0.07875 111.8 0 -0.421453
0.08125 111.801 0 -0.418953
0.08375 111.801 0 -0.416453
0.08625 111.801 0 -0.413953
0.08875 111.802 0 -0.411453
0.09125 111.802 0 -0.408953
0.09375 111.802 0 -0.406453
0.09625 111.802 0 -0.403953
0.09875 111.802 0 -0.401453
0.10125 111.802 0 -0.398953
0.10375 111.801 0 -0.396453
0.10625 111.801 0 -0.393953
0.10875 111.8 0 -0.391453
0.11125 111.8 0 -0.388953
0.11375 111.799 0 -0.386453
0.11625 111.798 0 -0.383953
0.11875 111.797 0 -0.381453
0.12125 111.797 0 -0.378953
0.12375 111.796 0 -0.376453
0.12625 111.796 0 -0.373953
0.12875 111.796 0 -0.371453
0.13125 111.796 0 -0.368953
0.13375 111.796 0 -0.366453
0.13625 111.796 0 -0.363953
0.13875 111.796 0 -0.361453
0.14125 111.796 0 -0.358953
0.14375 111.796 0 -0.356453
0.14625 111.797 0 -0.353953
0.14875 111.797 0 -0.351453
0.15125 111.797 0 -0.348953
0.15375 111.798 0 -0.346453
0.15625 111.798 0 -0.343953
0.15875 111.798 0 -0.341453
0.16125 111.799 0 -0.338953
0.16375 111.8 0 -0.336453
0.16625 111.8 0 -0.333953
0.16875 111.8 0 -0.331453
0.17125 111.8 0 -0.328953
0.17375 111.8 0 -0.326453
0.17625 111.8 0 -0.323953
0.17875 111.799 0 -0.321453
0.18125 111.799 0 -0.318953
0.18375 111.798 0 -0.316453
0.18625 111.797 0 -0.313953
0.18875 111.796 0 -0.311453
0.19125 111.795 0 -0.308953
0.19375 111.795 0 -0.306453
0.19625 111.794 0 -0.303953
0.19875 111.794 0 -0.301453
0.20125 111.794 0 -0.298953
0.20375 111.794 0 -0.296453
0.20625 111.794 0 -0.293953
0.20875 111.794 0 -0.291453
0.21125 111.794 0 -0.288953
0.21375 111.794 0 -0.286453
0.21625 111.794 0 -0.283953
0.21875 111.795 0 -0.281453
0.22125 111.795 0 -0.278953
0.22375 111.795 0 -0.276453
0.22625 111.795 0 -0.273953
0.22875 111.796 0 -0.271453
0.23125 111.797 0 -0.268953
0.23375 111.797 0 -0.266453
0.23625 111.798 0 -0.263953
0.23875 111.8 0 -0.261453
0.24125 111.801 0 -0.258953
0.24375 111.801 0 -0.256453
0.24625 111.8 0 -0.253953
0.24875 111.8 0 -0.251453
0.25125 111.799 0 -0.248953
0.25375 111.797 0 -0.246453
0.25625 111.795 0 -0.243953
0.25875 111.792 0 -0.241453
0.26125 111.79 0 -0.238953
0.26375 111.788 0 -0.236453
0.26625 111.785 0 -0.233953
0.26875 111.782 0 -0.231453
0.27125 111.778 0 -0.228953
0.27375 111.772 0 -0.226453
0.27625 111.762 0 -0.223953
0.27875 111.747 0 -0.221453
0.28125 111.723 0 -0.218953
0.28375 111.686 0 -0.216453
0.28625 111.628 0 -0.213953
0.28875 111.54 0 -0.211453
0.29125 111.403 0 -0.208952
0.29375 111.191 0 -0.206452
0.29625 110.864 0 -0.203951
0.29875 110.362 0 -0.20145
0.30125 109.59 0 -0.198949
0.30375 108.405 0 -0.196446
0.30625 106.592 0 -0.193942
0.30875 103.828 0 -0.191437
0.31125 99.6385 0 -0.188928
0.31375 93.3544 0 -0.186415
0.31625 84.0121 0 -0.183896
0.31875 70.6626 0 -0.181368
0.32125 51.4454 0 -0.17883
0.32375 26.562 0 -0.176285
0.32625 8.29717 0 -0.173759
0.32875 1.75263 0 -0.171252
0.33125 0.304804 0 -0.16875
0.33375 0.0573747 0 -0.16625
0.33625 0.011728 0 -0.16375
0.33875 0.00201473 0 -0.16125
0.34125 0.000310583 0 -0.15875
0.34375 4.89512e-05 0 -0.15625
0.34625 1.11375e-05 0 -0.15375
0.34875 3.68468e-06 0 -0.15125
0.35125 8.75497e-07 0 -0.14875
0.35375 1.57039e-07 0 -0.14625
0.35625 2.51343e-08 0 -0.14375
0.35875 4.06786e-09 0 -0.14125
0.36125 7.19291e-10 0 -0.13875
0.36375 1.48272e-10 0 -0.13625
0.36625 3.54599e-11 0 -0.13375
0.36875 9.08714e-12 0 -0.13125
0.37125 2.25327e-12 0 -0.12875
0.37375 5.0778e-13 0 -0.12625
0.37625 9.52087e-14 0 -0.12375
0.37875 0 0 -0.12125
0.38125 0 0 -0.11875
0.38375 0 0 -0.11625
0.38625 0 0 -0.11375
0.38875 0 0 -0.11125
0.39125 0 0 -0.10875
0.39375 0 0 -0.10625
0.39625 0 0 -0.10375
0.39875 0 0 -0.10125
0.40125 0 0 -0.09875
0.40375 0 0 -0.09625
0.40625 0 0 -0.09375
0.40875 0 0 -0.09125
0.41125 0 0 -0.08875
0.41375 0 0 -0.08625
0.41625 0 0 -0.08375
0.41875 0 0 -0.08125
0.42125 0 0 -0.07875
0.42375 0 0 -0.07625
0.42625 0 0 -0.07375
0.42875 0 0 -0.07125
0.43125 0 0 -0.06875
0.43375 0 0 -0.06625
0.43625 0 0 -0.06375
0.43875 0 0 -0.06125
0.44125 0 0 -0.05875
0.44375 0 0 -0.05625
0.44625 0 0 -0.05375
0.44875 0 0 -0.05125
0.45125 0 0 -0.04875
0.45375 0 0 -0.04625
0.45625 0 0 -0.04375
0.45875 0 0 -0.04125
0.46125 0 0 -0.03875
0.46375 0 0 -0.03625
0.46625 0 0 -0.03375
0.46875 0 0 -0.03125
0.47125 0 0 -0.02875
0.47375 0 0 -0.02625
0.47625 0 0 -0.02375
0.47875 0 0 -0.02125
0.48125 0 0 -0.01875
0.48375 0 0 -0.01625
0.48625 0 0 -0.01375
0.48875 0 0 -0.01125
0.49125 0 0 -0.00875
0.49375 0 0 -0.00625
0.49625 0 0 -0.00375
0.49875 0 0 -0.00125
0.50125 0 0 0.00125
0.50375 0 0 0.00375
0.50625 0 0 0.00625
0.50875 0 0 0.00875
0.51125 0 0 0.01125
0.51375 0 0 0.01375
0.51625 0 0 0.01625
0.51875 0 0 0.01875
0.52125 0 0 0.02125
0.52375 0 0 0.02375
0.52625 0 0 0.02625
0.52875 0 0 0.02875
0.53125 0 0 0.03125
0.53375 0 0 0.03375
0.53625 0 0 0.03625
0.53875 0 0 0.03875
0.54125 0 0 0.04125
0.54375 0 0 0.04375
0.54625 0 0 0.04625
0.54875 0 0 0.04875
0.55125 0 0 0.05125
0.55375 0 0 0.05375
0.55625 0 0 0.05625
0.55875 0 0 0.05875
0.56125 0 0 0.06125
0.56375 0 0 0.06375
0.56625 0 0 0.06625
0.56875 0 0 0.06875
0.57125 0 0 0.07125
0.57375 0 0 0.07375
0.57625 0 0 0.07625
0.57875 0 0 0.07875
0.58125 0 0 0.08125
0.58375 0 0 0.08375
0.58625 0 0 0.08625
0.58875 0 0 0.08875
0.59125 0 0 0.09125
0.59375 0 0 0.09375
0.59625 0 0 0.09625
0.59875 0 0 0.09875
0.60125 0 0 0.10125
0.60375 0 0 0.10375
0.60625 0 0 0.10625
0.60875 0 0 0.10875
0.61125 0 0 0.11125
0.61375 0 0 0.11375
0.61625 0 0 0.11625
0.61875 0 0 0.11875
0.62125 0 0 0.12125
0.62375 0 0 0.12375
0.62625 0 0 0.12625
0.62875 0 0 0.12875
0.63125 0 0 0.13125
0.63375 0 0 0.13375
0.63625 0 0 0.13625
0.63875 0 0 0.13875
0.64125 0 0 0.14125
0.64375 0 0 0.14375
0.64625 0 0 0.14625
0.64875 0 0 0.14875
0.65125 0 0 0.15125
0.65375 0 0 0.15375
0.65625 0 0 0.15625
0.65875 0 0 0.15875
0.66125 0 0 0.16125
0.66375 0 0 0.16375
0.66625 0 0 0.16625
0.66875 0 0 0.16875
0.67125 0 0 0.17125
0.67375 0 0 0.17375
0.67625 0 0 0.17625
0.67875 0 0 0.17875
0.68125 0 0 0.18125
0.68375 0 0 0.18375
0.68625 0 0 0.18625
0.68875 0 0 0.18875
0.69125 0 0 0.19125
0.69375 0 0 0.19375
0.69625 0 0 0.19625
0.69875 0 0 0.19875
0.70125 0 0 0.20125
0.70375 0 0 0.20375
0.70625 0 0 0.20625
0.70875 0 0 0.20875
0.71125 0 0 0.21125
0.71375 0 0 0.21375
0.71625 0 0 0.21625
0.71875 0 0 0.21875
0.72125 0 0 0.22125
0.72375 0 0 0.22375
0.72625 0 0 0.22625
0.72875 0 0 0.22875
0.73125 0 0 0.23125
0.73375 0 0 0.23375
0.73625 0 0 0.23625
0.73875 0 0 0.23875
0.74125 0 0 0.24125
0.74375 0 0 0.24375
0.74625 0 0 0.24625
0.74875 0 0 0.24875
0.75125 0 0 0.25125
0.75375 0 0 0.25375
0.75625 0 0 0.25625
0.75875 0 0 0.25875
0.76125 0 0 0.26125
0.76375 0 0 0.26375
0.76625 0 0 0.26625
0.76875 0 0 0.26875
0.77125 0 0 0.27125
0.77375 0 0 0.27375
0.77625 0 0 0.27625
0.77875 0 0 0.27875
0.78125 0 0 0.28125
0.78375 0 0 0.28375
0.78625 0 0 0.28625
0.78875 0 0 0.28875
0.79125 0 0 0.29125
0.79375 0 0 0.29375
0.79625 0 0 0.29625
0.79875 0 0 0.29875
0.80125 0 0 0.30125
0.80375 0 0 0.30375
0.80625 0 0 0.30625
0.80875 0 0 0.30875
0.81125 0 0 0.31125
0.81375 0 0 0.31375
0.81625 0 0 0.31625
0.81875 0 0 0.31875
0.82125 0 0 0.32125
0.82375 0 0 0.32375
0.82625 0 0 0.32625
0.82875 0 0 0.32875
0.83125 0 0 0.33125
0.83375 0 0 0.33375
0.83625 0 0 0.33625
0.83875 0 0 0.33875
0.84125 0 0 0.34125
0.84375 0 0 0.34375
0.84625 0 0 0.34625
0.84875 0 0 0.34875
0.85125 0 0 0.35125
0.85375 0 0 0.35375
0.85625 0 0 0.35625
0.85875 0 0 0.35875
0.86125 0 0 0.36125
0.86375 0 0 0.36375
0.86625 0 0 0.36625
0.86875 0 0 0.36875
0.87125 0 0 0.37125
0.87375 0 0 0.37375
0.87625 0 0 0.37625
0.87875 0 0 0.37875
0.88125 0 0 0.38125
0.88375 0 0 0.38375
0.88625 0 0 0.38625
0.88875 0 0 0.38875
0.89125 0 0 0.39125
0.89375 0 0 0.39375
0.89625 0 0 0.39625
0.89875 0 0 0.39875
0.90125 0 0 0.40125
0.90375 0 0 0.40375
0.90625 0 0 0.40625
0.90875 0 0 0.40875
0.91125 0 0 0.41125
0.91375 0 0 0.41375
0.91625 0 0 0.41625
0.91875 0 0 0.41875
0.92125 0 0 0.42125
0.92375 0 0 0.42375
0.92625 0 0 0.42625
0.92875 0 0 0.42875
0.93125 0 0 0.43125
0.93375 0 0 0.43375
0.93625 0 0 0.43625
0.93875 0 0 0.43875
0.94125 0 0 0.44125
0.94375 0 0 0.44375
0.94625 0 0 0.44625
0.94875 0 0 0.44875
0.95125 0 0 0.45125
0.95375 0 0 0.45375
0.95625 0 0 0.45625
0.95875 0 0 0.45875
0.96125 0 0 0.46125
0.96375 0 0 0.46375
0.96625 0 0 0.46625
0.96875 0 0 0.46875
0.97125 0 0 0.47125
0.97375 0 0 0.47375
0.97625 0 0 0.47625
0.97875 0 0 0.47875
0.98125 0 0 0.48125
0.98375 0 0 0.48375
0.98625 0 0 0.48625
0.98875 0 0 0.48875
0.99125 0 0 0.49125
0.99375 0 0 0.49375
0.99625 0 0 0.49625
0.99875 0 0 0.49875
