0.0005 1.33327 0.1379 -0.4995
0.0015 1.33327 0.1379 -0.4995
0.0025 1.33327 0.1379 -0.4995
0.0035 1.33327 0.1379 -0.4995
0.0045 1.33327 0.1379 -0.4995
0.0055 1.33327 0.1379 -0.4995
0.0065 1.33327 0.1379 -0.4995
0.0075 1.33327 0.1379 -0.4995
0.0085 1.33327 0.1379 -0.4995
0.0095 1.33327 0.1379 -0.4995
0.0105 1.33327 0.1379 -0.4995
0.0115 1.33327 0.1379 -0.4995
0.0125 1.33327 0.1379 -0.4995
0.0135 1.33327 0.1379 -0.4995
0.0145 1.33327 0.1379 -0.4995
0.0155 1.33327 0.1379 -0.4995
0.0165 1.33327 0.1379 -0.4995
0.0175 1.33327 0.1379 -0.4995
0.0185 1.33327 0.1379 -0.4995
0.0195 1.33327 0.1379 -0.4995
0.0205 1.33327 0.1379 -0.4995
0.0215 1.33327 0.1379 -0.4995
0.0225 1.33327 0.1379 -0.4995
0.0235 1.33327 0.1379 -0.4995
0.0245 1.33327 0.1379 -0.4995
0.0255 1.33327 0.1379 -0.4995
0.0265 1.33327 0.1379 -0.4995
0.0275 1.33327 0.1379 -0.4995
0.0285 1.33327 0.1379 -0.4995
0.0295 1.33327 0.1379 -0.4995
0.0305 1.33327 0.1379 -0.4995
0.0315 1.33327 0.1379 -0.4995
0.0325 1.33327 0.1379 -0.4995
0.0335 1.33327 0.1379 -0.4995
0.0345 1.33327 0.1379 -0.4995
0.0355 1.33327 0.1379 -0.4995
0.0365 1.33327 0.1379 -0.4995
0.0375 1.33327 0.1379 -0.4995
0.0385 1.33327 0.1379 -0.4995
0.0395 1.33327 0.1379 -0.4995
0.0405 1.33327 0.1379 -0.4995
0.0415 1.33327 0.1379 -0.4995
0.0425 1.33327 0.1379 -0.4995
0.0435 1.33327 0.1379 -0.4995
0.0445 1.33327 0.1379 -0.4995
0.0455 1.33327 0.1379 -0.4995
0.0465 1.33327 0.1379 -0.4995
0.0475 1.33327 0.1379 -0.4995
0.0485 1.33327 0.1379 -0.4995
0.0495 1.33327 0.1379 -0.4995
0.0505 1.33327 0.1379 -0.4995
0.0515 1.33327 0.1379 -0.4995
0.0525 1.33327 0.1379 -0.4995
0.0535 1.33327 0.1379 -0.4995
0.0545 1.33327 0.1379 -0.4995
0.0555 1.33327 0.1379 -0.4995
0.0565 1.33327 0.1379 -0.4995
0.0575 1.33327 0.1379 -0.4995
0.0585 1.33327 0.1379 -0.4995
0.0595 1.33327 0.1379 -0.4995
0.0605 1.33327 0.1379 -0.4995
0.0615 1.33327 0.1379 -0.4995
0.0625 1.33327 0.1379 -0.4995
0.0635 1.33327 0.1379 -0.4995
0.0645 1.33327 0.1379 -0.4995
0.0655 1.33327 0.1379 -0.4995
0.0665 1.33327 0.1379 -0.4995
0.0675 1.33327 0.1379 -0.4995
0.0685 1.33327 0.1379 -0.4995
0.0695 1.33327 0.1379 -0.499499
0.0705 1.33327 0.1379 -0.499499
0.0715 1.33327 0.1379 -0.499499
0.0725 1.33327 0.1379 -0.499498
0.0735 1.33327 0.1379 -0.499497
0.0745 1.33327 0.1379 -0.499495
0.0755 1.33327 0.1379 -0.499493
0.0765 1.33327 0.1379 -0.499489
0.0775 1.33327 0.1379 -0.499484
0.0785 1.33327 0.1379 -0.499478
0.0795 1.33327 0.1379 -0.499469
0.0805 1.33327 0.1379 -0.499457
0.0815 1.33327 0.1379 -0.499441
0.0825 1.33327 0.1379 -0.49942
0.0835 1.33327 0.1379 -0.499392
0.0845 1.33327 0.1379 -0.499357
0.0855 1.33327 0.1379 -0.499313
0.0865 1.33327 0.1379 -0.499257
0.0875 1.33327 0.1379 -0.499188
0.0885 1.33327 0.1379 -0.499103
0.0895 1.33327 0.1379 -0.499001
0.0905 1.33327 0.1379 -0.498877
0.0915 1.33327 0.1379 -0.498731
0.0925 1.33327 0.1379 -0.498558
0.0935 1.33327 0.1379 -0.498357
0.0945 1.33327 0.1379 -0.498124
0.0955 1.33327 0.1379 -0.497858
0.0965 1.33327 0.1379 -0.497555
0.0975 1.33327 0.1379 -0.497215
0.0985 1.33327 0.1379 -0.496836
0.0995 1.33327 0.1379 -0.496417
0.1005 1.33327 0.1379 -0.495956
0.1015 1.33327 0.1379 -0.495453
0.1025 1.33326 0.1379 -0.49491
0.1035 1.33326 0.1379 -0.494325
0.1045 1.33326 0.1379 -0.493701
0.1055 1.33326 0.1379 -0.493038
0.1065 1.33325 0.1379 -0.492339
0.1075 1.33325 0.1379 -0.491605
0.1085 1.33325 0.1379 -0.490839
0.1095 1.33325 0.1379 -0.490043
0.1105 1.33324 0.1379 -0.489219
0.1115 1.33324 0.1379 -0.48837
0.1125 1.33323 0.1379 -0.487499
0.1135 1.33323 0.1379 -0.486608
0.1145 1.33322 0.1379 -0.485699
0.1155 1.33322 0.1379 -0.484775
0.1165 1.33321 0.1379 -0.483838
0.1175 1.3332 0.1379 -0.482889
0.1185 1.33319 0.1379 -0.481931
0.1195 1.33318 0.1379 -0.480964
0.1205 1.33317 0.1379 -0.479991
0.1215 1.33316 0.1379 -0.479012
0.1225 1.33315 0.1379 -0.478028
0.1235 1.33314 0.1379 -0.477041
0.1245 1.33312 0.1379 -0.47605
0.1255 1.33311 0.1379 -0.475057
0.1265 1.33309 0.1379 -0.474061
0.1275 1.33307 0.1379 -0.473063
0.1285 1.33305 0.1379 -0.472064
0.1295 1.33302 0.1379 -0.471062
0.1305 1.33299 0.1379 -0.470059
0.1315 1.33296 0.1379 -0.469054
0.1325 1.33293 0.1379 -0.468046
0.1335 1.33289 0.1379 -0.467035
0.1345 1.33285 0.1379 -0.466021
0.1355 1.3328 0.1379 -0.465003
0.1365 1.33274 0.1379 -0.463981
0.1375 1.33269 0.1379 -0.462954
0.1385 1.33262 0.1379 -0.461921
0.1395 1.33255 0.1379 -0.460881
0.1405 1.33248 0.1379 -0.459833
0.1415 1.3324 0.1379 -0.458777
0.1425 1.33232 0.1379 -0.457712
0.1435 1.33223 0.1379 -0.456636
0.1445 1.33214 0.1379 -0.455549
0.1455 1.33205 0.1379 -0.454451
0.1465 1.33195 0.1379 -0.45334
0.1475 1.33185 0.1379 -0.452216
0.1485 1.33178 0.1379 -0.451079
0.1495 1.33174 0.1379 -0.449929
0.1505 1.33172 0.1379 -0.448765
0.1515 1.33172 0.1379 -0.447587
0.1525 1.33172 0.1379 -0.446395
0.1535 1.33172 0.1379 -0.445191
0.1545 1.33172 0.1379 -0.443974
0.1555 1.33173 0.1379 -0.442744
0.1565 1.33173 0.1379 -0.441503
0.1575 1.33174 0.1379 -0.440251
0.1585 1.33176 0.1379 -0.438989
0.1595 1.33177 0.1379 -0.437718
0.1605 1.33179 0.1379 -0.436438
0.1615 1.33182 0.1379 -0.43515
0.1625 1.33186 0.1379 -0.433856
0.1635 1.33191 0.1379 -0.432556
0.1645 1.33196 0.1379 -0.43125
0.1655 1.33203 0.1379 -0.42994
0.1665 1.3321 0.1379 -0.428626
0.1675 1.33218 0.1379 -0.427308
0.1685 1.33227 0.1379 -0.425988
0.1695 1.33237 0.1379 -0.424665
0.1705 1.33247 0.1379 -0.423341
0.1715 1.33258 0.1379 -0.422014
0.1725 1.33269 0.1379 -0.420686
0.1735 1.3328 0.1379 -0.419358
0.1745 1.3329 0.1379 -0.418028
0.1755 1.33297 0.1379 -0.416697
0.1765 1.33302 0.1379 -0.415366
0.1775 1.33305 0.1379 -0.414035
0.1785 1.33308 0.1379 -0.412703
0.1795 1.33309 0.1379 -0.411371
0.1805 1.3331 0.1379 -0.410039
0.1815 1.33311 0.1379 -0.408706
0.1825 1.33312 0.1379 -0.407373
0.1835 1.33313 0.1379 -0.406041
0.1845 1.33314 0.1379 -0.404708
0.1855 1.33315 0.1379 -0.403375
0.1865 1.33316 0.1379 -0.402042
0.1875 1.33317 0.1379 -0.400709
0.1885 1.33318 0.1379 -0.399376
0.1895 1.33319 0.1379 -0.398043
0.1905 1.33319 0.1379 -0.39671
0.1915 1.3332 0.1379 -0.395377
0.1925 1.33321 0.1379 -0.394044
0.1935 1.33321 0.1379 -0.392711
0.1945 1.33322 0.1379 -0.391378
0.1955 1.33322 0.1379 -0.390044
0.1965 1.33323 0.1379 -0.388711
0.1975 1.33323 0.1379 -0.387378
0.1985 1.33323 0.1379 -0.386045
0.1995 1.33324 0.1379 -0.384712
0.2005 1.33324 0.1379 -0.383379
0.2015 1.33324 0.1379 -0.382045
0.2025 1.33324 0.1379 -0.380712
0.2035 1.33325 0.1379 -0.379379
0.2045 1.33325 0.1379 -0.378046
0.2055 1.33326 0.1379 -0.376712
0.2065 1.33326 0.1379 -0.375379
0.2075 1.33326 0.1379 -0.374046
0.2085 1.33326 0.1379 -0.372713
0.2095 1.33326 0.1379 -0.371379
0.2105 1.33327 0.1379 -0.370046
0.2115 1.33327 0.1379 -0.368713
0.2125 1.33327 0.1379 -0.36738
0.2135 1.33327 0.1379 -0.366046
0.2145 1.33327 0.1379 -0.364713
0.2155 1.33327 0.1379 -0.36338
0.2165 1.33327 0.1379 -0.362047
0.2175 1.33328 0.1379 -0.360713
0.2185 1.33328 0.1379 -0.35938
0.2195 1.33328 0.1379 -0.358047
0.2205 1.33328 0.1379 -0.356714
0.2215 1.33328 0.1379 -0.35538
0.2225 1.33328 0.1379 -0.354047
0.2235 1.33328 0.1379 -0.352714
0.2245 1.33328 0.1379 -0.351381
0.2255 1.33328 0.1379 -0.350047
0.2265 1.33329 0.1379 -0.348714
0.2275 1.33329 0.1379 -0.347381
0.2285 1.33329 0.1379 -0.346048
0.2295 1.33329 0.1379 -0.344714
0.2305 1.33329 0.1379 -0.343381
0.2315 1.33329 0.1379 -0.342048
0.2325 1.33329 0.1379 -0.340715
0.2335 1.33329 0.1379 -0.339381
0.2345 1.33329 0.1379 -0.338048
0.2355 1.33329 0.1379 -0.336715
0.2365 1.33329 0.1379 -0.335381
0.2375 1.33329 0.1379 -0.334048
0.2385 1.33329 0.1379 -0.332715
0.2395 1.3333 0.1379 -0.331381
0.2405 1.3333 0.1379 -0.330048
0.2415 1.3333 0.1379 -0.328715
0.2425 1.3333 0.1379 -0.327381
0.2435 1.3333 0.1379 -0.326048
0.2445 1.3333 0.1379 -0.324715
0.2455 1.3333 0.1379 -0.323382
0.2465 1.3333 0.1379 -0.322048
0.2475 1.3333 0.1379 -0.320715
0.2485 1.3333 0.1379 -0.319382
0.2495 1.3333 0.1379 -0.318048
0.2505 1.3333 0.1379 -0.316715
0.2515 1.3333 0.1379 -0.315382
0.2525 1.3333 0.1379 -0.314049
0.2535 1.3333 0.1379 -0.312715
0.2545 1.3333 0.1379 -0.311382
0.2555 1.3333 0.1379 -0.310049
0.2565 1.3333 0.1379 -0.308715
0.2575 1.3333 0.1379 -0.307382
0.2585 1.3333 0.1379 -0.306049
0.2595 1.3333 0.1379 -0.304716
0.2605 1.3333 0.1379 -0.303382
0.2615 1.3333 0.1379 -0.302049
0.2625 1.3333 0.1379 -0.300716
0.2635 1.3333 0.1379 -0.299382
0.2645 1.3333 0.1379 -0.298049
0.2655 1.33331 0.1379 -0.296716
0.2665 1.3333 0.1379 -0.295382
0.2675 1.3333 0.1379 -0.294049
0.2685 1.3333 0.1379 -0.292716
0.2695 1.3333 0.1379 -0.291382
0.2705 1.3333 0.1379 -0.290049
0.2715 1.3333 0.1379 -0.288716
0.2725 1.3333 0.1379 -0.287383
0.2735 1.3333 0.1379 -0.286049
0.2745 1.3333 0.1379 -0.284716
0.2755 1.3333 0.1379 -0.283383
0.2765 1.3333 0.1379 -0.282049
0.2775 1.3333 0.1379 -0.280716
0.2785 1.3333 0.1379 -0.279383
0.2795 1.3333 0.1379 -0.278049
0.2805 1.3333 0.1379 -0.276716
0.2815 1.3333 0.1379 -0.275383
0.2825 1.3333 0.1379 -0.274049
0.2835 1.3333 0.1379 -0.272716
0.2845 1.3333 0.1379 -0.271383
0.2855 1.3333 0.1379 -0.27005
0.2865 1.3333 0.1379 -0.268716
0.2875 1.3333 0.1379 -0.267383
0.2885 1.3333 0.1379 -0.26605
0.2895 1.3333 0.1379 -0.264716
0.2905 1.3333 0.1379 -0.263383
0.2915 1.3333 0.1379 -0.26205
0.2925 1.3333 0.1379 -0.260717
0.2935 1.33331 0.1379 -0.259383
0.2945 1.3333 0.1379 -0.25805
0.2955 1.3333 0.1379 -0.256717
0.2965 1.3333 0.1379 -0.255383
0.2975 1.3333 0.1379 -0.25405
0.2985 1.3333 0.1379 -0.252717
0.2995 1.3333 0.1379 -0.251383
0.3005 1.3333 0.1379 -0.25005
0.3015 1.3333 0.1379 -0.248717
0.3025 1.3333 0.1379 -0.247383
0.3035 1.3333 0.1379 -0.24605
0.3045 1.3333 0.1379 -0.244717
0.3055 1.3333 0.1379 -0.243384
0.3065 1.3333 0.1379 -0.24205
0.3075 1.3333 0.1379 -0.240717
0.3085 1.3333 0.1379 -0.239384
0.3095 1.3333 0.1379 -0.23805
0.3105 1.3333 0.1379 -0.236717
0.3115 1.3333 0.1379 -0.235384
0.3125 1.3333 0.1379 -0.23405
0.3135 1.3333 0.1379 -0.232717
0.3145 1.3333 0.1379 -0.231384
0.3155 1.3333 0.1379 -0.23005
0.3165 1.33331 0.1379 -0.228717
0.3175 1.33331 0.1379 -0.227384
0.3185 1.33331 0.1379 -0.22605
0.3195 1.33331 0.1379 -0.224717
0.3205 1.33331 0.1379 -0.223384
0.3215 1.33331 0.1379 -0.222051
0.3225 1.33331 0.1379 -0.220717
0.3235 1.33331 0.1379 -0.219384
0.3245 1.33331 0.1379 -0.218051
0.3255 1.33331 0.1379 -0.216718
0.3265 1.33331 0.1379 -0.215384
0.3275 1.33331 0.1379 -0.214051
0.3285 1.33331 0.1379 -0.212718
0.3295 1.33331 0.1379 -0.211384
0.3305 1.33331 0.1379 -0.210051
0.3315 1.33331 0.1379 -0.208718
0.3325 1.33331 0.1379 -0.207384
0.3335 1.33331 0.1379 -0.206051
0.3345 1.33331 0.1379 -0.204718
0.3355 1.33331 0.1379 -0.203384
0.3365 1.33331 0.1379 -0.202051
0.3375 1.33331 0.1379 -0.200718
0.3385 1.33331 0.1379 -0.199384
0.3395 1.33331 0.1379 -0.198051
0.3405 1.33331 0.1379 -0.196718
0.3415 1.33331 0.1379 -0.195384
0.3425 1.33331 0.1379 -0.194051
0.3435 1.3333 0.1379 -0.192718
0.3445 1.3333 0.1379 -0.191384
0.3455 1.3333 0.1379 -0.190051
0.3465 1.3333 0.1379 -0.188718
0.3475 1.3333 0.1379 -0.187384
0.3485 1.3333 0.1379 -0.186051
0.3495 1.3333 0.1379 -0.184718
0.3505 1.3333 0.1379 -0.183385
0.3515 1.3333 0.1379 -0.182051
0.3525 1.3333 0.1379 -0.180718
0.3535 1.3333 0.1379 -0.179385
0.3545 1.3333 0.1379 -0.178052
0.3555 1.3333 0.1379 -0.176718
0.3565 1.33331 0.1379 -0.175385
0.3575 1.33331 0.1379 -0.174052
0.3585 1.33331 0.1379 -0.172718
0.3595 1.33331 0.1379 -0.171385
0.3605 1.33331 0.1379 -0.170052
0.3615 1.33331 0.1379 -0.168719
0.3625 1.33331 0.1379 -0.167385
0.3635 1.33331 0.1379 -0.166052
0.3645 1.33331 0.1379 -0.164719
0.3655 1.33331 0.1379 -0.163385
0.3665 1.33331 0.1379 -0.162052
0.3675 1.33331 0.1379 -0.160719
0.3685 1.33331 0.1379 -0.159385
0.3695 1.33331 0.1379 -0.158052
0.3705 1.33331 0.1379 -0.156719
0.3715 1.33331 0.1379 -0.155385
0.3725 1.3333 0.1379 -0.154052
0.3735 1.3333 0.1379 -0.152719
0.3745 1.3333 0.1379 -0.151385
0.3755 1.3333 0.1379 -0.150052
0.3765 1.3333 0.1379 -0.148719
0.3775 1.3333 0.1379 -0.147385
0.3785 1.3333 0.1379 -0.146052
0.3795 1.3333 0.1379 -0.144719
0.3805 1.3333 0.1379 -0.143385
0.3815 1.3333 0.1379 -0.142052
0.3825 1.3333 0.1379 -0.140719
0.3835 1.3333 0.1379 -0.139385
0.3845 1.3333 0.1379 -0.138052
0.3855 1.3333 0.1379 -0.136719
0.3865 1.3333 0.1379 -0.135386
0.3875 1.3333 0.1379 -0.134052
0.3885 1.33331 0.1379 -0.132719
0.3895 1.33331 0.1379 -0.131386
0.3905 1.33331 0.1379 -0.130053
0.3915 1.33331 0.1379 -0.128719
0.3925 1.33331 0.1379 -0.127386
0.3935 1.33331 0.1379 -0.126053
0.3945 1.33331 0.1379 -0.12472
0.3955 1.33331 0.1379 -0.123386
0.3965 1.33331 0.1379 -0.122053
0.3975 1.33331 0.1379 -0.12072
0.3985 1.33331 0.1379 -0.119386
0.3995 1.33331 0.1379 -0.118053
0.4005 1.33331 0.1379 -0.11672
0.4015 1.33331 0.1379 -0.115386
0.4025 1.33331 0.1379 -0.114053
0.4035 1.33331 0.1379 -0.11272
0.4045 1.33331 0.1379 -0.111386
0.4055 1.33331 0.1379 -0.110053
0.4065 1.33331 0.1379 -0.10872
0.4075 1.33331 0.1379 -0.107386
0.4085 1.33331 0.1379 -0.106053
0.4095 1.33331 0.1379 -0.10472
0.4105 1.3333 0.1379 -0.103386
0.4115 1.3333 0.1379 -0.102053
0.4125 1.3333 0.1379 -0.10072
0.4135 1.3333 0.1379 -0.0993862
0.4145 1.3333 0.1379 -0.0980528
0.4155 1.33329 0.1379 -0.0967194
0.4165 1.33329 0.1379 -0.0953861
0.4175 1.33329 0.1379 -0.0940529
0.4185 1.33329 0.1379 -0.0927197
0.4195 1.33329 0.1379 -0.0913865
0.4205 1.3333 0.1379 -0.0900533
0.4215 1.3333 0.1379 -0.0887201
0.4225 1.3333 0.1379 -0.0873869
0.4235 1.3333 0.1379 -0.0860537
0.4245 1.33331 0.1379 -0.0847204
0.4255 1.33331 0.1379 -0.0833871
0.4265 1.33331 0.1379 -0.0820538
0.4275 1.33331 0.1379 -0.0807205
0.4285 1.33331 0.1379 -0.0793872
0.4295 1.33331 0.1379 -0.0780539
0.4305 1.3333 0.1379 -0.0767205
0.4315 1.33329 0.1379 -0.0753872
0.4325 1.33328 0.1379 -0.074054
0.4335 1.33327 0.1379 -0.0727207
0.4345 1.33324 0.1379 -0.0713875
0.4355 1.3332 0.1379 -0.0700543
0.4365 1.33315 0.1379 -0.0687211
0.4375 1.33306 0.1379 -0.067388
0.4385 1.33293 0.1379 -0.066055
0.4395 1.33273 0.1379 -0.0647222
0.4405 1.33242 0.1379 -0.0633898
0.4415 1.33194 0.1379 -0.0620578
0.4425 1.33122 0.1379 -0.0607266
0.4435 1.3301 0.1379 -0.0593964
0.4445 1.32839 0.1379 -0.0580679
0.4455 1.32578 0.1379 -0.056742
0.4465 1.32177 0.1379 -0.05542
0.4475 1.31568 0.1379 -0.0541038
0.4485 1.30645 0.1379 -0.0527966
0.4495 1.29258 0.1379 -0.051503
0.4505 1.27204 0.1379 -0.0502291
0.4515 1.24206 0.1379 -0.048984
0.4525 1.2004 0.1379 -0.0477786
0.4535 1.14237 0.1379 -0.0466263
0.4545 1.07141 0.1379 -0.0455398
0.4555 1.02181 0.1379 -0.0445089
0.4565 1.00375 0.1379 -0.0435016
0.4575 0.999511 0.1379 -0.0425002
0.4585 0.998597 0.1379 -0.0415
0.4595 0.998195 0.1379 -0.0405
0.4605 0.997805 0.1379 -0.0395
0.4615 0.997349 0.1379 -0.0385
0.4625 0.996806 0.1379 -0.0375
0.4635 0.99616 0.1379 -0.0365
0.4645 0.995391 0.1379 -0.0355
0.4655 0.994478 0.1379 -0.0345
0.4665 0.993397 0.1379 -0.0335
0.4675 0.992117 0.1379 -0.0325
0.4685 0.990605 0.1379 -0.0315
0.4695 0.988822 0.1379 -0.0305
0.4705 0.986742 0.1379 -0.0295
0.4715 0.984351 0.1379 -0.0285
0.4725 0.981477 0.1379 -0.0275
0.4735 0.978527 0.1379 -0.0265
0.4745 0.974542 0.1379 -0.0255
0.4755 0.96823 0.1379 -0.0245
0.4765 0.961048 0.1379 -0.0235
0.4775 0.954196 0.1379 -0.0225
0.4785 0.947039 0.1379 -0.0215
0.4795 0.938378 0.1379 -0.0205
0.4805 0.927599 0.1379 -0.0195
0.4815 0.914939 0.1379 -0.0185
0.4825 0.900807 0.1379 -0.0175
0.4835 0.8851 0.1379 -0.0165
0.4845 0.867206 0.1379 -0.0155
0.4855 0.846588 0.1379 -0.0145
0.4865 0.82309 0.1379 -0.0135
0.4875 0.796679 0.1379 -0.0125
0.4885 0.767151 0.1379 -0.0115
0.4895 0.734116 0.1379 -0.0105
0.4905 0.697171 0.1379 -0.0095
0.4915 0.655991 0.1379 -0.0085
0.4925 0.610355 0.1379 -0.0075
0.4935 0.559993 0.1379 -0.0065
0.4945 0.504695 0.1379 -0.0055
0.4955 0.443962 0.1379 -0.0045
0.4965 0.377932 0.1379 -0.0035
0.4975 0.305548 0.1379 -0.0025
0.4985 0.228538 0.1379 -0.0015
0.4995 0.165992 0.1379 -0.0005
0.5005 0.140078 0.1379 0.0005
0.5015 0.1379 0.1379 0.0015
0.5025 0.1379 0.1379 0.0025
0.5035 0.1379 0.1379 0.0035
0.5045 0.1379 0.1379 0.0045
0.5055 0.1379 0.1379 0.0055
0.5065 0.1379 0.1379 0.0065
0.5075 0.1379 0.1379 0.0075
0.5085 0.1379 0.1379 0.0085
0.5095 0.1379 0.1379 0.0095
0.5105 0.1379 0.1379 0.0105
0.5115 0.1379 0.1379 0.0115
0.5125 0.1379 0.1379 0.0125
0.5135 0.1379 0.1379 0.0135
0.5145 0.1379 0.1379 0.0145
0.5155 0.1379 0.1379 0.0155
0.5165 0.1379 0.1379 0.0165
0.5175 0.1379 0.1379 0.0175
0.5185 0.1379 0.1379 0.0185
0.5195 0.1379 0.1379 0.0195
0.5205 0.1379 0.1379 0.0205
0.5215 0.1379 0.1379 0.0215
0.5225 0.1379 0.1379 0.0225
0.5235 0.1379 0.1379 0.0235
0.5245 0.1379 0.1379 0.0245
0.5255 0.1379 0.1379 0.0255
0.5265 0.1379 0.1379 0.0265
0.5275 0.1379 0.1379 0.0275
0.5285 0.1379 0.1379 0.0285
0.5295 0.1379 0.1379 0.0295
0.5305 0.1379 0.1379 0.0305
0.5315 0.1379 0.1379 0.0315
0.5325 0.1379 0.1379 0.0325
0.5335 0.1379 0.1379 0.0335
0.5345 0.1379 0.1379 0.0345
0.5355 0.1379 0.1379 0.0355
0.5365 0.1379 0.1379 0.0365
0.5375 0.1379 0.1379 0.0375
0.5385 0.1379 0.1379 0.0385
0.5395 0.1379 0.1379 0.0395
0.5405 0.1379 0.1379 0.0405
0.5415 0.1379 0.1379 0.0415
0.5425 0.1379 0.1379 0.0425
0.5435 0.1379 0.1379 0.0435
0.5445 0.1379 0.1379 0.0445
0.5455 0.1379 0.1379 0.0455
0.5465 0.1379 0.1379 0.0465
0.5475 0.1379 0.1379 0.0475
0.5485 0.1379 0.1379 0.0485
0.5495 0.1379 0.1379 0.0495
0.5505 0.1379 0.1379 0.0505
0.5515 0.1379 0.1379 0.0515
0.5525 0.1379 0.1379 0.0525
0.5535 0.1379 0.1379 0.0535
0.5545 0.1379 0.1379 0.0545
0.5555 0.1379 0.1379 0.0555
0.5565 0.1379 0.1379 0.0565
0.5575 0.1379 0.1379 0.0575
0.5585 0.1379 0.1379 0.0585
0.5595 0.1379 0.1379 0.0595
0.5605 0.1379 0.1379 0.0605
0.5615 0.1379 0.1379 0.0615
0.5625 0.1379 0.1379 0.0625
0.5635 0.1379 0.1379 0.0635
0.5645 0.1379 0.1379 0.0645
0.5655 0.1379 0.1379 0.0655
0.5665 0.1379 0.1379 0.0665
0.5675 0.1379 0.1379 0.0675
0.5685 0.1379 0.1379 0.0685
0.5695 0.1379 0.1379 0.0695
0.5705 0.1379 0.1379 0.0705
0.5715 0.1379 0.1379 0.0715
0.5725 0.1379 0.1379 0.0725
0.5735 0.1379 0.1379 0.0735
0.5745 0.1379 0.1379 0.0745
0.5755 0.1379 0.1379 0.0755
0.5765 0.1379 0.1379 0.0765
0.5775 0.1379 0.1379 0.0775
0.5785 0.1379 0.1379 0.0785
0.5795 0.1379 0.1379 0.0795
0.5805 0.1379 0.1379 0.0805
0.5815 0.1379 0.1379 0.0815
0.5825 0.1379 0.1379 0.0825
0.5835 0.1379 0.1379 0.0835
0.5845 0.1379 0.1379 0.0845
0.5855 0.1379 0.1379 0.0855
0.5865 0.1379 0.1379 0.0865
0.5875 0.1379 0.1379 0.0875
0.5885 0.1379 0.1379 0.0885
0.5895 0.1379 0.1379 0.0895
0.5905 0.1379 0.1379 0.0905
0.5915 0.1379 0.1379 0.0915
0.5925 0.1379 0.1379 0.0925
0.5935 0.1379 0.1379 0.0935
0.5945 0.1379 0.1379 0.0945
0.5955 0.1379 0.1379 0.0955
0.5965 0.1379 0.1379 0.0965
0.5975 0.1379 0.1379 0.0975
0.5985 0.1379 0.1379 0.0985
0.5995 0.1379 0.1379 0.0995
0.6005 0.1379 0.1379 0.1005
0.6015 0.1379 0.1379 0.1015
0.6025 0.1379 0.1379 0.1025
0.6035 0.1379 0.1379 0.1035
0.6045 0.1379 0.1379 0.1045
0.6055 0.1379 0.1379 0.1055
0.6065 0.1379 0.1379 0.1065
0.6075 0.1379 0.1379 0.1075
0.6085 0.1379 0.1379 0.1085
0.6095 0.1379 0.1379 0.1095
0.6105 0.1379 0.1379 0.1105
0.6115 0.1379 0.1379 0.1115
0.6125 0.1379 0.1379 0.1125
0.6135 0.1379 0.1379 0.1135
0.6145 0.1379 0.1379 0.1145
0.6155 0.1379 0.1379 0.1155
0.6165 0.1379 0.1379 0.1165
0.6175 0.1379 0.1379 0.1175
0.6185 0.1379 0.1379 0.1185
0.6195 0.1379 0.1379 0.1195
0.6205 0.1379 0.1379 0.1205
0.6215 0.1379 0.1379 0.1215
0.6225 0.1379 0.1379 0.1225
0.6235 0.1379 0.1379 0.1235
0.6245 0.1379 0.1379 0.1245
0.6255 0.1379 0.1379 0.1255
0.6265 0.1379 0.1379 0.1265
0.6275 0.1379 0.1379 0.1275
0.6285 0.1379 0.1379 0.1285
0.6295 0.1379 0.1379 0.1295
0.6305 0.1379 0.1379 0.1305
0.6315 0.1379 0.1379 0.1315
0.6325 0.1379 0.1379 0.1325
0.6335 0.1379 0.1379 0.1335
0.6345 0.1379 0.1379 0.1345
0.6355 0.1379 0.1379 0.1355
0.6365 0.1379 0.1379 0.1365
0.6375 0.1379 0.1379 0.1375
0.6385 0.1379 0.1379 0.1385
0.6395 0.1379 0.1379 0.1395
0.6405 0.1379 0.1379 0.1405
0.6415 0.1379 0.1379 0.1415
0.6425 0.1379 0.1379 0.1425
0.6435 0.1379 0.1379 0.1435
0.6445 0.1379 0.1379 0.1445
0.6455 0.1379 0.1379 0.1455
0.6465 0.1379 0.1379 0.1465
0.6475 0.1379 0.1379 0.1475
0.6485 0.1379 0.1379 0.1485
0.6495 0.1379 0.1379 0.1495
0.6505 0.1379 0.1379 0.1505
0.6515 0.1379 0.1379 0.1515
0.6525 0.1379 0.1379 0.1525
0.6535 0.1379 0.1379 0.1535
0.6545 0.1379 0.1379 0.1545
0.6555 0.1379 0.1379 0.1555
0.6565 0.1379 0.1379 0.1565
0.6575 0.1379 0.1379 0.1575
0.6585 0.1379 0.1379 0.1585
0.6595 0.1379 0.1379 0.1595
0.6605 0.1379 0.1379 0.1605
0.6615 0.1379 0.1379 0.1615
0.6625 0.1379 0.1379 0.1625
0.6635 0.1379 0.1379 0.1635
0.6645 0.1379 0.1379 0.1645
0.6655 0.1379 0.1379 0.1655
0.6665 0.1379 0.1379 0.1665
0.6675 0.1379 0.1379 0.1675
0.6685 0.1379 0.1379 0.1685
0.6695 0.1379 0.1379 0.1695
0.6705 0.1379 0.1379 0.1705
0.6715 0.1379 0.1379 0.1715
0.6725 0.1379 0.1379 0.1725
0.6735 0.1379 0.1379 0.1735
0.6745 0.1379 0.1379 0.1745
0.6755 0.1379 0.1379 0.1755
0.6765 0.1379 0.1379 0.1765
0.6775 0.1379 0.1379 0.1775
0.6785 0.1379 0.1379 0.1785
0.6795 0.1379 0.1379 0.1795
0.6805 0.1379 0.1379 0.1805
0.6815 0.1379 0.1379 0.1815
0.6825 0.1379 0.1379 0.1825
0.6835 0.1379 0.1379 0.1835
0.6845 0.1379 0.1379 0.1845
0.6855 0.1379 0.1379 0.1855
0.6865 0.1379 0.1379 0.1865
0.6875 0.1379 0.1379 0.1875
0.6885 0.1379 0.1379 0.1885
0.6895 0.1379 0.1379 0.1895
0.6905 0.1379 0.1379 0.1905
0.6915 0.1379 0.1379 0.1915
0.6925 0.1379 0.1379 0.1925
0.6935 0.1379 0.1379 0.1935
0.6945 0.1379 0.1379 0.1945
0.6955 0.1379 0.1379 0.1955
0.6965 0.1379 0.1379 0.1965
0.6975 0.1379 0.1379 0.1975
0.6985 0.1379 0.1379 0.1985
0.6995 0.1379 0.1379 0.1995
0.7005 0.1379 0.1379 0.2005
0.7015 0.1379 0.1379 0.2015
0.7025 0.1379 0.1379 0.2025
0.7035 0.1379 0.1379 0.2035
0.7045 0.1379 0.1379 0.2045
0.7055 0.1379 0.1379 0.2055
0.7065 0.1379 0.1379 0.2065
0.7075 0.1379 0.1379 0.2075
0.7085 0.1379 0.1379 0.2085
0.7095 0.1379 0.1379 0.2095
0.7105 0.1379 0.1379 0.2105
0.7115 0.1379 0.1379 0.2115
0.7125 0.1379 0.1379 0.2125
0.7135 0.1379 0.1379 0.2135
0.7145 0.1379 0.1379 0.2145
0.7155 0.1379 0.1379 0.2155
0.7165 0.1379 0.1379 0.2165
0.7175 0.1379 0.1379 0.2175
0.7185 0.1379 0.1379 0.2185
0.7195 0.1379 0.1379 0.2195
0.7205 0.1379 0.1379 0.2205
0.7215 0.1379 0.1379 0.2215
0.7225 0.1379 0.1379 0.2225
0.7235 0.1379 0.1379 0.2235
0.7245 0.1379 0.1379 0.2245
0.7255 0.1379 0.1379 0.2255
0.7265 0.1379 0.1379 0.2265
0.7275 0.1379 0.1379 0.2275
0.7285 0.1379 0.1379 0.2285
0.7295 0.1379 0.1379 0.2295
0.7305 0.1379 0.1379 0.2305
0.7315 0.1379 0.1379 0.2315
0.7325 0.1379 0.1379 0.2325
0.7335 0.1379 0.1379 0.2335
0.7345 0.1379 0.1379 0.2345
0.7355 0.1379 0.1379 0.2355
0.7365 0.1379 0.1379 0.2365
0.7375 0.1379 0.1379 0.2375
0.7385 0.1379 0.1379 0.2385
0.7395 0.1379 0.1379 0.2395
0.7405 0.1379 0.1379 0.2405
0.7415 0.1379 0.1379 0.2415
0.7425 0.1379 0.1379 0.2425
0.7435 0.1379 0.1379 0.2435
0.7445 0.1379 0.1379 0.2445
0.7455 0.1379 0.1379 0.2455
0.7465 0.1379 0.1379 0.2465
0.7475 0.1379 0.1379 0.2475
0.7485 0.1379 0.1379 0.2485
0.7495 0.1379 0.1379 0.2495
0.7505 0.1379 0.1379 0.2505
0.7515 0.1379 0.1379 0.2515
0.7525 0.1379 0.1379 0.2525
0.7535 0.1379 0.1379 0.2535
0.7545 0.1379 0.1379 0.2545
0.7555 0.1379 0.1379 0.2555
0.7565 0.1379 0.1379 0.2565
0.7575 0.1379 0.1379 0.2575
0.7585 0.1379 0.1379 0.2585
0.7595 0.1379 0.1379 0.2595
0.7605 0.1379 0.1379 0.2605
0.7615 0.1379 0.1379 0.2615
0.7625 0.1379 0.1379 0.2625
0.7635 0.1379 0.1379 0.2635
0.7645 0.1379 0.1379 0.2645
0.7655 0.1379 0.1379 0.2655
0.7665 0.1379 0.1379 0.2665
0.7675 0.1379 0.1379 0.2675
0.7685 0.1379 0.1379 0.2685
0.7695 0.1379 0.1379 0.2695
0.7705 0.1379 0.1379 0.2705
0.7715 0.1379 0.1379 0.2715
0.7725 0.1379 0.1379 0.2725
0.7735 0.1379 0.1379 0.2735
0.7745 0.1379 0.1379 0.2745
0.7755 0.1379 0.1379 0.2755
0.7765 0.1379 0.1379 0.2765
0.7775 0.1379 0.1379 0.2775
0.7785 0.1379 0.1379 0.2785
0.7795 0.1379 0.1379 0.2795
0.7805 0.1379 0.1379 0.2805
0.7815 0.1379 0.1379 0.2815
0.7825 0.1379 0.1379 0.2825
0.7835 0.1379 0.1379 0.2835
0.7845 0.1379 0.1379 0.2845
0.7855 0.1379 0.1379 0.2855
0.7865 0.1379 0.1379 0.2865
0.7875 0.1379 0.1379 0.2875
0.7885 0.1379 0.1379 0.2885
0.7895 0.1379 0.1379 0.2895
0.7905 0.1379 0.1379 0.2905
0.7915 0.1379 0.1379 0.2915
0.7925 0.1379 0.1379 0.2925
0.7935 0.1379 0.1379 0.2935
0.7945 0.1379 0.1379 0.2945
0.7955 0.1379 0.1379 0.2955
0.7965 0.1379 0.1379 0.2965
0.7975 0.1379 0.1379 0.2975
0.7985 0.1379 0.1379 0.2985
0.7995 0.1379 0.1379 0.2995
0.8005 0.1379 0.1379 0.3005
0.8015 0.1379 0.1379 0.3015
0.8025 0.1379 0.1379 0.3025
0.8035 0.1379 0.1379 0.3035
0.8045 0.1379 0.1379 0.3045
0.8055 0.1379 0.1379 0.3055
0.8065 0.1379 0.1379 0.3065
0.8075 0.1379 0.1379 0.3075
0.8085 0.1379 0.1379 0.3085
0.8095 0.1379 0.1379 0.3095
0.8105 0.1379 0.1379 0.3105
0.8115 0.1379 0.1379 0.3115
0.8125 0.1379 0.1379 0.3125
0.8135 0.1379 0.1379 0.3135
0.8145 0.1379 0.1379 0.3145
0.8155 0.1379 0.1379 0.3155
0.8165 0.1379 0.1379 0.3165
0.8175 0.1379 0.1379 0.3175
0.8185 0.1379 0.1379 0.3185
0.8195 0.1379 0.1379 0.3195
0.8205 0.1379 0.1379 0.3205
0.8215 0.1379 0.1379 0.3215
0.8225 0.1379 0.1379 0.3225
0.8235 0.1379 0.1379 0.3235
0.8245 0.1379 0.1379 0.3245
0.8255 0.1379 0.1379 0.3255
0.8265 0.1379 0.1379 0.3265
0.8275 0.1379 0.1379 0.3275
0.8285 0.1379 0.1379 0.3285
0.8295 0.1379 0.1379 0.3295
0.8305 0.1379 0.1379 0.3305
0.8315 0.1379 0.1379 0.3315
0.8325 0.1379 0.1379 0.3325
0.8335 0.1379 0.1379 0.3335
0.8345 0.1379 0.1379 0.3345
0.8355 0.1379 0.1379 0.3355
0.8365 0.1379 0.1379 0.3365
0.8375 0.1379 0.1379 0.3375
0.8385 0.1379 0.1379 0.3385
0.8395 0.1379 0.1379 0.3395
0.8405 0.1379 0.1379 0.3405
0.8415 0.1379 0.1379 0.3415
0.8425 0.1379 0.1379 0.3425
0.8435 0.1379 0.1379 0.3435
0.8445 0.1379 0.1379 0.3445
0.8455 0.1379 0.1379 0.3455
0.8465 0.1379 0.1379 0.3465
0.8475 0.1379 0.1379 0.3475
0.8485 0.1379 0.1379 0.3485
0.8495 0.1379 0.1379 0.3495
0.8505 0.1379 0.1379 0.3505
0.8515 0.1379 0.1379 0.3515
0.8525 0.1379 0.1379 0.3525
0.8535 0.1379 0.1379 0.3535
0.8545 0.1379 0.1379 0.3545
0.8555 0.1379 0.1379 0.3555
0.8565 0.1379 0.1379 0.3565
0.8575 0.1379 0.1379 0.3575
0.8585 0.1379 0.1379 0.3585
0.8595 0.1379 0.1379 0.3595
0.8605 0.1379 0.1379 0.3605
0.8615 0.1379 0.1379 0.3615
0.8625 0.1379 0.1379 0.3625
0.8635 0.1379 0.1379 0.3635
0.8645 0.1379 0.1379 0.3645
0.8655 0.1379 0.1379 0.3655
0.8665 0.1379 0.1379 0.3665
0.8675 0.1379 0.1379 0.3675
0.8685 0.1379 0.1379 0.3685
0.8695 0.1379 0.1379 0.3695
0.8705 0.1379 0.1379 0.3705
0.8715 0.1379 0.1379 0.3715
0.8725 0.1379 0.1379 0.3725
0.8735 0.1379 0.1379 0.3735
0.8745 0.1379 0.1379 0.3745
0.8755 0.1379 0.1379 0.3755
0.8765 0.1379 0.1379 0.3765
0.8775 0.1379 0.1379 0.3775
0.8785 0.1379 0.1379 0.3785
0.8795 0.1379 0.1379 0.3795
0.8805 0.1379 0.1379 0.3805
0.8815 0.1379 0.1379 0.3815
0.8825 0.1379 0.1379 0.3825
0.8835 0.1379 0.1379 0.3835
0.8845 0.1379 0.1379 0.3845
0.8855 0.1379 0.1379 0.3855
0.8865 0.1379 0.1379 0.3865
0.8875 0.1379 0.1379 0.3875
0.8885 0.1379 0.1379 0.3885
0.8895 0.1379 0.1379 0.3895
0.8905 0.1379 0.1379 0.3905
0.8915 0.1379 0.1379 0.3915
0.8925 0.1379 0.1379 0.3925
0.8935 0.1379 0.1379 0.3935
0.8945 0.1379 0.1379 0.3945
0.8955 0.1379 0.1379 0.3955
0.8965 0.1379 0.1379 0.3965
0.8975 0.1379 0.1379 0.3975
0.8985 0.1379 0.1379 0.3985
0.8995 0.1379 0.1379 0.3995
0.9005 0.1379 0.1379 0.4005
0.9015 0.1379 0.1379 0.4015
0.9025 0.1379 0.1379 0.4025
0.9035 0.1379 0.1379 0.4035
0.9045 0.1379 0.1379 0.4045
0.9055 0.1379 0.1379 0.4055
0.9065 0.1379 0.1379 0.4065
0.9075 0.1379 0.1379 0.4075
0.9085 0.1379 0.1379 0.4085
0.9095 0.1379 0.1379 0.4095
0.9105 0.1379 0.1379 0.4105
0.9115 0.1379 0.1379 0.4115
0.9125 0.1379 0.1379 0.4125
0.9135 0.1379 0.1379 0.4135
0.9145 0.1379 0.1379 0.4145
0.9155 0.1379 0.1379 0.4155
0.9165 0.1379 0.1379 0.4165
0.9175 0.1379 0.1379 0.4175
0.9185 0.1379 0.1379 0.4185
0.9195 0.1379 0.1379 0.4195
0.9205 0.1379 0.1379 0.4205
0.9215 0.1379 0.1379 0.4215
0.9225 0.1379 0.1379 0.4225
0.9235 0.1379 0.1379 0.4235
0.9245 0.1379 0.1379 0.4245
0.9255 0.1379 0.1379 0.4255
0.9265 0.1379 0.1379 0.4265
0.9275 0.1379 0.1379 0.4275
0.9285 0.1379 0.1379 0.4285
0.9295 0.1379 0.1379 0.4295
0.9305 0.1379 0.1379 0.4305
0.9315 0.1379 0.1379 0.4315
0.9325 0.1379 0.1379 0.4325
0.9335 0.1379 0.1379 0.4335
0.9345 0.1379 0.1379 0.4345
0.9355 0.1379 0.1379 0.4355
0.9365 0.1379 0.1379 0.4365
0.9375 0.1379 0.1379 0.4375
0.9385 0.1379 0.1379 0.4385
0.9395 0.1379 0.1379 0.4395
0.9405 0.1379 0.1379 0.4405
0.9415 0.1379 0.1379 0.4415
0.9425 0.1379 0.1379 0.4425
0.9435 0.1379 0.1379 0.4435
0.9445 0.1379 0.1379 0.4445
0.9455 0.1379 0.1379 0.4455
0.9465 0.1379 0.1379 0.4465
0.9475 0.1379 0.1379 0.4475
0.9485 0.1379 0.1379 0.4485
0.9495 0.1379 0.1379 0.4495
0.9505 0.1379 0.1379 0.4505
0.9515 0.1379 0.1379 0.4515
0.9525 0.1379 0.1379 0.4525
0.9535 0.1379 0.1379 0.4535
0.9545 0.1379 0.1379 0.4545
0.9555 0.1379 0.1379 0.4555
0.9565 0.1379 0.1379 0.4565
0.9575 0.1379 0.1379 0.4575
0.9585 0.1379 0.1379 0.4585
0.9595 0.1379 0.1379 0.4595
0.9605 0.1379 0.1379 0.4605
0.9615 0.1379 0.1379 0.4615
0.9625 0.1379 0.1379 0.4625
0.9635 0.1379 0.1379 0.4635
0.9645 0.1379 0.1379 0.4645
0.9655 0.1379 0.1379 0.4655
0.9665 0.1379 0.1379 0.4665
0.9675 0.1379 0.1379 0.4675
0.9685 0.1379 0.1379 0.4685
0.9695 0.1379 0.1379 0.4695
0.9705 0.1379 0.1379 0.4705
0.9715 0.1379 0.1379 0.4715
0.9725 0.1379 0.1379 0.4725
0.9735 0.1379 0.1379 0.4735
0.9745 0.1379 0.1379 0.4745
0.9755 0.1379 0.1379 0.4755
0.9765 0.1379 0.1379 0.4765
0.9775 0.1379 0.1379 0.4775
0.9785 0.1379 0.1379 0.4785
0.9795 0.1379 0.1379 0.4795
0.9805 0.1379 0.1379 0.4805
0.9815 0.1379 0.1379 0.4815
0.9825 0.1379 0.1379 0.4825
0.9835 0.1379 0.1379 0.4835
0.9845 0.1379 0.1379 0.4845
0.9855 0.1379 0.1379 0.4855
0.9865 0.1379 0.1379 0.4865
0.9875 0.1379 0.1379 0.4875
0.9885 0.1379 0.1379 0.4885
0.9895 0.1379 0.1379 0.4895
0.9905 0.1379 0.1379 0.4905
0.9915 0.1379 0.1379 0.4915
0.9925 0.1379 0.1379 0.4925
0.9935 0.1379 0.1379 0.4935
0.9945 0.1379 0.1379 0.4945
0.9955 0.1379 0.1379 0.4955
0.9965 0.1379 0.1379 0.4965
0.9975 0.1379 0.1379 0.4975
0.9985 0.1379 0.1379 0.4985
0.9995 0.1379 0.1379 0.4995
