0.005 0.4
0.015 0.4
0.025 0.4
0.035 0.4
0.045 0.4
0.055 0.4
0.065 0.4
0.075 0.4
0.085 0.4
0.095 0.4
0.105 0.4
0.115 0.4
0.125 0.4
0.135 0.4
0.145 0.4
0.155 0.4
0.165 0.4
0.175 0.4
0.185 0.4
0.195 0.4
0.205 0.4
0.215 0.4
0.225 0.4
0.235 0.4
0.245 0.4
0.255 0.4
0.265 0.4
0.275 0.4
0.285 0.4
0.295 0.4
0.305 0.4
0.315 0.4
0.325 0.4
0.335 0.4
0.345 0.4
0.355 0.4
0.365 0.4
0.375 0.4
0.385 0.4
0.395 0.4
0.405 0.4
0.415 0.4
0.425 0.4
0.435 0.316178
0.445 0.160729
0.455 0.0759957
0.465 0.0328439
0.475 0.01266
0.485 0.00419765
0.495 0.00189387
0.505 0.00189387
0.515 0.00419765
0.525 0.01266
0.535 0.0328439
0.545 0.0759957
0.555 0.160729
0.565 0.316178
0.575 0.4
0.585 0.4
0.595 0.4
0.605 0.4
0.615 0.4
0.625 0.4
0.635 0.4
0.645 0.4
0.655 0.4
0.665 0.4
0.675 0.4
0.685 0.4
0.695 0.4
0.705 0.4
0.715 0.4
0.725 0.4
0.735 0.4
0.745 0.4
0.755 0.4
0.765 0.4
0.775 0.4
0.785 0.4
0.795 0.4
0.805 0.4
0.815 0.4
0.825 0.4
0.835 0.4
0.845 0.4
0.855 0.4
0.865 0.4
0.875 0.4
0.885 0.4
0.895 0.4
0.905 0.4
0.915 0.4
0.925 0.4
0.935 0.4
0.945 0.4
0.955 0.4
0.965 0.4
0.975 0.4
0.985 0.4
0.995 0.4
