0.005 1.33157 0.1379 -0.495
0.015 1.33158 0.1379 -0.485615
0.025 1.33157 0.1379 -0.475615
0.035 1.33149 0.1379 -0.465615
0.045 1.3313 0.1379 -0.455615
0.055 1.33094 0.1379 -0.445615
0.065 1.33047 0.1379 -0.435615
0.075 1.33002 0.1379 -0.425615
0.085 1.32969 0.1379 -0.415615
0.095 1.32945 0.1379 -0.405614
0.105 1.32919 0.1379 -0.395614
0.115 1.32897 0.1379 -0.385614
0.125 1.32884 0.1379 -0.375614
0.135 1.32876 0.1379 -0.365613
0.145 1.32857 0.1379 -0.355612
0.155 1.328 0.1379 -0.34561
0.165 1.32663 0.1379 -0.335607
0.175 1.32371 0.1379 -0.3256
0.185 1.31816 0.1379 -0.315589
0.195 1.30831 0.1379 -0.30557
0.205 1.29183 0.1379 -0.295538
0.215 1.26539 0.1379 -0.285488
0.225 1.22569 0.1379 -0.275411
0.235 1.1675 0.1379 -0.265294
0.245 1.09097 0.1379 -0.25514
0.255 1.0289 0.1379 -0.245038
0.265 1.00574 0.1379 -0.235007
0.275 1.0008 0.1379 -0.225001
0.285 1.0001 0.1379 -0.215
0.295 1.00001 0.1379 -0.205
0.305 0.999992 0.1379 -0.195
0.315 0.999975 0.1379 -0.185
0.325 0.999943 0.1379 -0.175
0.335 0.999879 0.1379 -0.165
0.345 0.999749 0.1379 -0.155
0.355 0.999495 0.1379 -0.145
0.365 0.999018 0.1379 -0.135
0.375 0.998148 0.1379 -0.125
0.385 0.996598 0.1379 -0.115
0.395 0.993843 0.1379 -0.105
0.405 0.989596 0.1379 -0.095
0.415 0.981429 0.1379 -0.085
0.425 0.966632 0.1379 -0.075
0.435 0.943564 0.1379 -0.065
0.445 0.908003 0.1379 -0.055
0.455 0.853799 0.1379 -0.045
0.465 0.774843 0.1379 -0.035
0.475 0.661471 0.1379 -0.025
0.485 0.510575 0.1379 -0.015
0.495 0.300163 0.1379 -0.005
0.505 0.155767 0.1379 0.005
0.515 0.1379 0.1379 0.015
0.525 0.1379 0.1379 0.025
0.535 0.1379 0.1379 0.035
0.545 0.1379 0.1379 0.045
0.555 0.1379 0.1379 0.055
0.565 0.1379 0.1379 0.065
0.575 0.1379 0.1379 0.075
0.585 0.1379 0.1379 0.085
0.595 0.1379 0.1379 0.095
0.605 0.1379 0.1379 0.105
0.615 0.1379 0.1379 0.115
0.625 0.1379 0.1379 0.125
0.635 0.1379 0.1379 0.135
0.645 0.1379 0.1379 0.145
0.655 0.1379 0.1379 0.155
0.665 0.1379 0.1379 0.165
0.675 0.1379 0.1379 0.175
0.685 0.1379 0.1379 0.185
0.695 0.1379 0.1379 0.195
0.705 0.1379 0.1379 0.205
0.715 0.1379 0.1379 0.215
0.725 0.1379 0.1379 0.225
0.735 0.1379 0.1379 0.235
0.745 0.1379 0.1379 0.245
0.755 0.1379 0.1379 0.255
0.765 0.1379 0.1379 0.265
0.775 0.1379 0.1379 0.275
0.785 0.1379 0.1379 0.285
0.795 0.1379 0.1379 0.295
0.805 0.1379 0.1379 0.305
0.815 0.1379 0.1379 0.315
0.825 0.1379 0.1379 0.325
0.835 0.1379 0.1379 0.335
0.845 0.1379 0.1379 0.345
0.855 0.1379 0.1379 0.355
0.865 0.1379 0.1379 0.365
0.875 0.1379 0.1379 0.375
0.885 0.1379 0.1379 0.385
0.895 0.1379 0.1379 0.395
0.905 0.1379 0.1379 0.405
0.915 0.1379 0.1379 0.415
0.925 0.1379 0.1379 0.425
0.935 0.1379 0.1379 0.435
0.945 0.1379 0.1379 0.445
0.955 0.1379 0.1379 0.455
0.965 0.1379 0.1379 0.465
0.975 0.1379 0.1379 0.475
0.985 0.1379 0.1379 0.485
0.995 0.1379 0.1379 0.495
