0.005 1.33142 0.1379 -0.495
0.015 1.33142 0.1379 -0.485616
0.025 1.33137 0.1379 -0.475615
0.035 1.3312 0.1379 -0.465615
0.045 1.33082 0.1379 -0.455615
0.055 1.33029 0.1379 -0.445615
0.065 1.32984 0.1379 -0.435615
0.075 1.32939 0.1379 -0.425615
0.085 1.32883 0.1379 -0.415614
0.095 1.32819 0.1379 -0.405614
0.105 1.32749 0.1379 -0.395613
0.115 1.32654 0.1379 -0.385611
0.125 1.32487 0.1379 -0.375607
0.135 1.32156 0.1379 -0.365599
0.145 1.31514 0.1379 -0.355586
0.155 1.30336 0.1379 -0.345562
0.165 1.28294 0.1379 -0.335522
0.175 1.24971 0.1379 -0.325457
0.185 1.19984 0.1379 -0.315357
0.195 1.12658 0.1379 -0.305208
0.205 1.04905 0.1379 -0.295067
0.215 1.01103 0.1379 -0.285013
0.225 1.00159 0.1379 -0.275002
0.235 1.00017 0.1379 -0.265
0.245 1.00002 0.1379 -0.255
0.255 1 0.1379 -0.245
0.265 1 0.1379 -0.235
0.275 1 0.1379 -0.225
0.285 1 0.1379 -0.215
0.295 1 0.1379 -0.205
0.305 0.999999 0.1379 -0.195
0.315 0.999998 0.1379 -0.185
0.325 0.999994 0.1379 -0.175
0.335 0.999984 0.1379 -0.165
0.345 0.999963 0.1379 -0.155
0.355 0.999908 0.1379 -0.145
0.365 0.999772 0.1379 -0.135
0.375 0.999469 0.1379 -0.125
0.385 0.998814 0.1379 -0.115
0.395 0.997456 0.1379 -0.105
0.405 0.99475 0.1379 -0.095
0.415 0.989572 0.1379 -0.085
0.425 0.980057 0.1379 -0.075
0.435 0.963245 0.1379 -0.065
0.445 0.93479 0.1379 -0.055
0.455 0.888247 0.1379 -0.045
0.465 0.816258 0.1379 -0.035
0.475 0.705947 0.1379 -0.025
0.485 0.554572 0.1379 -0.015
0.495 0.325522 0.1379 -0.005
0.505 0.159327 0.1379 0.005
0.515 0.1379 0.1379 0.015
0.525 0.1379 0.1379 0.025
0.535 0.1379 0.1379 0.035
0.545 0.1379 0.1379 0.045
0.555 0.1379 0.1379 0.055
0.565 0.1379 0.1379 0.065
0.575 0.1379 0.1379 0.075
0.585 0.1379 0.1379 0.085
0.595 0.1379 0.1379 0.095
0.605 0.1379 0.1379 0.105
0.615 0.1379 0.1379 0.115
0.625 0.1379 0.1379 0.125
0.635 0.1379 0.1379 0.135
0.645 0.1379 0.1379 0.145
0.655 0.1379 0.1379 0.155
0.665 0.1379 0.1379 0.165
0.675 0.1379 0.1379 0.175
0.685 0.1379 0.1379 0.185
0.695 0.1379 0.1379 0.195
0.705 0.1379 0.1379 0.205
0.715 0.1379 0.1379 0.215
0.725 0.1379 0.1379 0.225
0.735 0.1379 0.1379 0.235
0.745 0.1379 0.1379 0.245
0.755 0.1379 0.1379 0.255
0.765 0.1379 0.1379 0.265
0.775 0.1379 0.1379 0.275
0.785 0.1379 0.1379 0.285
0.795 0.1379 0.1379 0.295
0.805 0.1379 0.1379 0.305
0.815 0.1379 0.1379 0.315
0.825 0.1379 0.1379 0.325
0.835 0.1379 0.1379 0.335
0.845 0.1379 0.1379 0.345
0.855 0.1379 0.1379 0.355
0.865 0.1379 0.1379 0.365
0.875 0.1379 0.1379 0.375
0.885 0.1379 0.1379 0.385
0.895 0.1379 0.1379 0.395
0.905 0.1379 0.1379 0.405
0.915 0.1379 0.1379 0.415
0.925 0.1379 0.1379 0.425
0.935 0.1379 0.1379 0.435
0.945 0.1379 0.1379 0.445
0.955 0.1379 0.1379 0.455
0.965 0.1379 0.1379 0.465
0.975 0.1379 0.1379 0.475
0.985 0.1379 0.1379 0.485
0.995 0.1379 0.1379 0.495
