0.005 1.33176 0.410517 -0.495
0.015 1.33177 0.410517 -0.485615
0.025 1.33177 0.410517 -0.475615
0.035 1.33176 0.410517 -0.465615
0.045 1.33171 0.410517 -0.455615
0.055 1.3316 0.410517 -0.445615
0.065 1.33141 0.410517 -0.435614
0.075 1.33114 0.410517 -0.425614
0.085 1.3308 0.410517 -0.415614
0.095 1.33041 0.410517 -0.405614
0.105 1.33003 0.410517 -0.395614
0.115 1.32977 0.410517 -0.385614
0.125 1.3297 0.410517 -0.375614
0.135 1.32972 0.410517 -0.365614
0.145 1.32979 0.410517 -0.355614
0.155 1.32992 0.410517 -0.345614
0.165 1.33013 0.410517 -0.335614
0.175 1.33034 0.410517 -0.325614
0.185 1.33055 0.410517 -0.315614
0.195 1.33077 0.410517 -0.305614
0.205 1.33088 0.410517 -0.295613
0.215 1.33086 0.410517 -0.285613
0.225 1.33068 0.410517 -0.275612
0.235 1.33014 0.410517 -0.265611
0.245 1.32894 0.410517 -0.255608
0.255 1.32663 0.410517 -0.245603
0.265 1.32257 0.410517 -0.235596
0.275 1.31581 0.410517 -0.225583
0.285 1.30486 0.410517 -0.215563
0.295 1.28767 0.410517 -0.205531
0.305 1.26129 0.410517 -0.195481
0.315 1.22266 0.410517 -0.185407
0.325 1.16768 0.410517 -0.175298
0.335 1.09499 0.410517 -0.165153
0.345 1.03138 0.410517 -0.155046
0.355 1.00388 0.410517 -0.145009
0.365 0.995381 0.410517 -0.135001
0.375 0.990786 0.410517 -0.125
0.385 0.985104 0.410517 -0.115
0.395 0.976656 0.410517 -0.105
0.405 0.964127 0.410517 -0.095
0.415 0.94594 0.410517 -0.085
0.425 0.920135 0.410517 -0.075
0.435 0.884348 0.410517 -0.065
0.445 0.835841 0.410517 -0.055
0.455 0.771494 0.410517 -0.045
0.465 0.688464 0.410517 -0.035
0.475 0.588619 0.410517 -0.025
0.485 0.487369 0.410517 -0.015
0.495 0.425002 0.377772 -0.005
0.505 0.410517 0.275923 0.005
0.515 0.410517 0.176202 0.015
0.525 0.410517 0.143465 0.025
0.535 0.410517 0.139643 0.035
0.545 0.410517 0.13792 0.045
0.555 0.410517 0.1379 0.055
0.565 0.410517 0.1379 0.065
0.575 0.410517 0.1379 0.075
0.585 0.410517 0.1379 0.085
0.595 0.410517 0.1379 0.095
0.605 0.410517 0.1379 0.105
0.615 0.410517 0.1379 0.115
0.625 0.410517 0.1379 0.125
0.635 0.410517 0.1379 0.135
0.645 0.410517 0.1379 0.145
0.655 0.410517 0.1379 0.155
0.665 0.410517 0.1379 0.165
0.675 0.410517 0.1379 0.175
0.685 0.410517 0.1379 0.185
0.695 0.410517 0.1379 0.195
0.705 0.410517 0.1379 0.205
0.715 0.410517 0.1379 0.215
0.725 0.410517 0.1379 0.225
0.735 0.410517 0.1379 0.235
0.745 0.410517 0.1379 0.245
0.755 0.410517 0.1379 0.255
0.765 0.410517 0.1379 0.265
0.775 0.410517 0.1379 0.275
0.785 0.410517 0.1379 0.285
0.795 0.410517 0.1379 0.295
0.805 0.410517 0.1379 0.305
0.815 0.410517 0.1379 0.315
0.825 0.410517 0.1379 0.325
0.835 0.410517 0.1379 0.335
0.845 0.410517 0.1379 0.345
0.855 0.410517 0.1379 0.355
0.865 0.410517 0.1379 0.365
0.875 0.410517 0.1379 0.375
0.885 0.410517 0.1379 0.385
0.895 0.410517 0.1379 0.395
0.905 0.410517 0.1379 0.405
0.915 0.410517 0.1379 0.415
0.925 0.410517 0.1379 0.425
0.935 0.410517 0.1379 0.435
0.945 0.410517 0.1379 0.445
0.955 0.410517 0.1379 0.455
0.965 0.410517 0.1379 0.465
0.975 0.410517 0.1379 0.475
0.985 0.410517 0.1379 0.485
0.995 0.410517 0.1379 0.495
