0.005 1.33182 0.529299 -0.495
0.015 1.33183 0.529299 -0.485615
0.025 1.33183 0.529299 -0.475615
0.035 1.33182 0.529299 -0.465615
0.045 1.33179 0.529299 -0.455614
0.055 1.33172 0.529299 -0.445614
0.065 1.3316 0.529299 -0.435614
0.075 1.33141 0.529299 -0.425614
0.085 1.33116 0.529299 -0.415614
0.095 1.33085 0.529299 -0.405614
0.105 1.33053 0.529299 -0.395614
0.115 1.33022 0.529299 -0.385614
0.125 1.32999 0.529299 -0.375614
0.135 1.3299 0.529299 -0.365614
0.145 1.3299 0.529299 -0.355614
0.155 1.32998 0.529299 -0.345614
0.165 1.33011 0.529299 -0.335614
0.175 1.33027 0.529299 -0.325614
0.185 1.33046 0.529299 -0.315614
0.195 1.33072 0.529299 -0.305614
0.205 1.33099 0.529299 -0.295614
0.215 1.33118 0.529299 -0.285614
0.225 1.33136 0.529299 -0.275614
0.235 1.3315 0.529299 -0.265614
0.245 1.33153 0.529299 -0.255613
0.255 1.33147 0.529299 -0.245613
0.265 1.33123 0.529299 -0.235612
0.275 1.33066 0.529299 -0.225611
0.285 1.32951 0.529299 -0.215609
0.295 1.32745 0.529299 -0.205605
0.305 1.32394 0.529299 -0.195599
0.315 1.31815 0.529299 -0.185589
0.325 1.3088 0.529299 -0.175572
0.335 1.29401 0.529299 -0.165546
0.345 1.27115 0.529299 -0.155506
0.355 1.23669 0.529299 -0.145446
0.365 1.1881 0.529299 -0.135358
0.375 1.11823 0.529299 -0.125232
0.385 1.03626 0.529299 -0.115094
0.395 0.980348 0.529299 -0.105023
0.405 0.949874 0.529299 -0.0950042
0.415 0.924123 0.529299 -0.0850006
0.425 0.892728 0.529299 -0.0750001
0.435 0.852276 0.529299 -0.065
0.445 0.801898 0.529299 -0.055
0.455 0.742757 0.529299 -0.045
0.465 0.678492 0.529299 -0.035
0.475 0.615404 0.529299 -0.025
0.485 0.562383 0.529299 -0.015
0.495 0.534478 0.506618 -0.005
0.505 0.529299 0.412713 0.005
0.515 0.529299 0.293465 0.015
0.525 0.529299 0.21514 0.025
0.535 0.529299 0.168194 0.035
0.545 0.529299 0.145337 0.045
0.555 0.529299 0.138538 0.055
0.565 0.529299 0.137931 0.065
0.575 0.529299 0.137909 0.075
0.585 0.529299 0.137904 0.085
0.595 0.529299 0.137902 0.095
0.605 0.529299 0.137901 0.105
0.615 0.529299 0.1379 0.115
0.625 0.529299 0.1379 0.125
0.635 0.529299 0.1379 0.135
0.645 0.529299 0.1379 0.145
0.655 0.529299 0.1379 0.155
0.665 0.529299 0.1379 0.165
0.675 0.529299 0.1379 0.175
0.685 0.529299 0.1379 0.185
0.695 0.529299 0.1379 0.195
0.705 0.529299 0.1379 0.205
0.715 0.529299 0.1379 0.215
0.725 0.529299 0.1379 0.225
0.735 0.529299 0.1379 0.235
0.745 0.529299 0.1379 0.245
0.755 0.529299 0.1379 0.255
0.765 0.529299 0.1379 0.265
0.775 0.529299 0.1379 0.275
0.785 0.529299 0.1379 0.285
0.795 0.529299 0.1379 0.295
0.805 0.529299 0.1379 0.305
0.815 0.529299 0.1379 0.315
0.825 0.529299 0.1379 0.325
0.835 0.529299 0.1379 0.335
0.845 0.529299 0.1379 0.345
0.855 0.529299 0.1379 0.355
0.865 0.529299 0.1379 0.365
0.875 0.529299 0.1379 0.375
0.885 0.529299 0.1379 0.385
0.895 0.529299 0.1379 0.395
0.905 0.529299 0.1379 0.405
0.915 0.529299 0.1379 0.415
0.925 0.529299 0.1379 0.425
0.935 0.529299 0.1379 0.435
0.945 0.529299 0.1379 0.445
0.955 0.529299 0.1379 0.455
0.965 0.529299 0.1379 0.465
0.975 0.529299 0.1379 0.475
0.985 0.529299 0.1379 0.485
0.995 0.529299 0.1379 0.495
