0.005 1.33189 0.627719 -0.495
0.015 1.3319 0.627719 -0.485614
0.025 1.3319 0.627719 -0.475614
0.035 1.33189 0.627719 -0.465614
0.045 1.33187 0.627719 -0.455614
0.055 1.33183 0.627719 -0.445614
0.065 1.33175 0.627719 -0.435614
0.075 1.33164 0.627719 -0.425614
0.085 1.33148 0.627719 -0.415614
0.095 1.3313 0.627719 -0.405614
0.105 1.33111 0.627719 -0.395614
0.115 1.33091 0.627719 -0.385614
0.125 1.33074 0.627719 -0.375614
0.135 1.33057 0.627719 -0.365614
0.145 1.33042 0.627719 -0.355614
0.155 1.3303 0.627719 -0.345614
0.165 1.33026 0.627719 -0.335614
0.175 1.33027 0.627719 -0.325614
0.185 1.33032 0.627719 -0.315614
0.195 1.33042 0.627719 -0.305614
0.205 1.33054 0.627719 -0.295614
0.215 1.3307 0.627719 -0.285614
0.225 1.33088 0.627719 -0.275614
0.235 1.33108 0.627719 -0.265614
0.245 1.33126 0.627719 -0.255615
0.255 1.33144 0.627719 -0.245615
0.265 1.33155 0.627719 -0.235615
0.275 1.33152 0.627719 -0.225615
0.285 1.33139 0.627719 -0.215615
0.295 1.33116 0.627719 -0.205616
0.305 1.33075 0.627719 -0.195616
0.315 1.33009 0.627719 -0.185616
0.325 1.32902 0.627719 -0.175617
0.335 1.3276 0.627719 -0.165618
0.345 1.32549 0.627719 -0.155619
0.355 1.32193 0.627719 -0.145619
0.365 1.31637 0.627719 -0.13562
0.375 1.30799 0.627719 -0.12562
0.385 1.29545 0.627719 -0.115619
0.395 1.27683 0.627719 -0.105616
0.405 1.24973 0.627719 -0.0956107
0.415 1.2113 0.627719 -0.0856005
0.425 1.15842 0.627719 -0.0755831
0.435 1.08898 0.627719 -0.0655548
0.445 1.00359 0.627719 -0.0555105
0.455 0.907931 0.627719 -0.0454435
0.465 0.80853 0.627719 -0.0353428
0.475 0.718154 0.627719 -0.0252033
0.485 0.656731 0.627719 -0.0150802
0.495 0.631075 0.610323 -0.00505916
0.505 0.627731 0.53001 0.00497454
0.515 0.627719 0.417279 0.0149969
0.525 0.627719 0.329549 0.024999
0.535 0.627719 0.261561 0.0349996
0.545 0.627719 0.210639 0.0449999
0.555 0.627719 0.17513 0.0549999
0.565 0.627719 0.152675 0.065
0.575 0.627719 0.141472 0.075
0.585 0.627719 0.138247 0.085
0.595 0.627719 0.137911 0.095
0.605 0.627719 0.1379 0.105
0.615 0.627719 0.1379 0.115
0.625 0.627719 0.1379 0.125
0.635 0.627719 0.1379 0.135
0.645 0.627719 0.1379 0.145
0.655 0.627719 0.1379 0.155
0.665 0.627719 0.1379 0.165
0.675 0.627719 0.1379 0.175
0.685 0.627719 0.1379 0.185
0.695 0.627719 0.1379 0.195
0.705 0.627719 0.1379 0.205
0.715 0.627719 0.1379 0.215
0.725 0.627719 0.1379 0.225
0.735 0.627719 0.1379 0.235
0.745 0.627719 0.1379 0.245
0.755 0.627719 0.1379 0.255
0.765 0.627719 0.1379 0.265
0.775 0.627719 0.1379 0.275
0.785 0.627719 0.1379 0.285
0.795 0.627719 0.1379 0.295
0.805 0.627719 0.1379 0.305
0.815 0.627719 0.1379 0.315
0.825 0.627719 0.1379 0.325
0.835 0.627719 0.1379 0.335
0.845 0.627719 0.1379 0.345
0.855 0.627719 0.1379 0.355
0.865 0.627719 0.1379 0.365
0.875 0.627719 0.1379 0.375
0.885 0.627719 0.1379 0.385
0.895 0.627719 0.1379 0.395
0.905 0.627719 0.1379 0.405
0.915 0.627719 0.1379 0.415
0.925 0.627719 0.1379 0.425
0.935 0.627719 0.1379 0.435
0.945 0.627719 0.1379 0.445
0.955 0.627719 0.1379 0.455
0.965 0.627719 0.1379 0.465
0.975 0.627719 0.1379 0.475
0.985 0.627719 0.1379 0.485
0.995 0.627719 0.1379 0.495
