0.005 1.33192 0.801646 -0.505
0.015 1.33193 0.801646 -0.495507
0.025 1.33192 0.801646 -0.485507
0.035 1.33192 0.801646 -0.475507
0.045 1.3319 0.801646 -0.465507
0.055 1.33187 0.801646 -0.455507
0.065 1.33181 0.801646 -0.445507
0.075 1.33174 0.801646 -0.435507
0.085 1.33167 0.801646 -0.425507
0.095 1.33158 0.801646 -0.415507
0.105 1.33147 0.801646 -0.405507
0.115 1.33135 0.801646 -0.395507
0.125 1.3312 0.801646 -0.385507
0.135 1.33102 0.801646 -0.375507
0.145 1.33083 0.801646 -0.365507
0.155 1.33061 0.801646 -0.355507
0.165 1.33045 0.801646 -0.345507
0.175 1.33035 0.801646 -0.335507
0.185 1.33025 0.801646 -0.325507
0.195 1.33013 0.801646 -0.315507
0.205 1.33002 0.801646 -0.305508
0.215 1.3299 0.801646 -0.295508
0.225 1.32978 0.801646 -0.285508
0.235 1.32967 0.801646 -0.275508
0.245 1.32957 0.801646 -0.265509
0.255 1.32938 0.801646 -0.255509
0.265 1.329 0.801646 -0.24551
0.275 1.32841 0.801646 -0.235511
0.285 1.32759 0.801646 -0.225512
0.295 1.32651 0.801646 -0.215514
0.305 1.32516 0.801646 -0.205516
0.315 1.32348 0.801646 -0.195518
0.325 1.32138 0.801646 -0.18552
0.335 1.31866 0.801646 -0.175523
0.345 1.31521 0.801646 -0.165527
0.355 1.31048 0.801646 -0.15553
0.365 1.30441 0.801646 -0.145534
0.375 1.29756 0.801646 -0.135537
0.385 1.29056 0.801646 -0.12554
0.395 1.28269 0.801646 -0.115544
0.405 1.27168 0.801646 -0.105548
0.415 1.25588 0.801646 -0.0955525
0.425 1.23408 0.801646 -0.0855574
0.435 1.20478 0.801646 -0.0755624
0.445 1.16615 0.801646 -0.0655679
0.455 1.11686 0.801646 -0.0555747
0.465 1.05765 0.801646 -0.0455834
0.475 0.991866 0.801646 -0.0355949
0.485 0.920656 0.797799 -0.0256099
0.495 0.849986 0.78098 -0.0156261
0.505 0.809624 0.745729 -0.0105917
0.515 0.802551 0.689017 -0.000411825
0.525 0.801646 0.612643 0.0140751
0.535 0.801646 0.514676 0.0243738
0.545 0.801646 0.400732 0.0343806
0.555 0.801646 0.29652 0.0443892
0.565 0.801646 0.223975 0.0543961
0.575 0.801646 0.185615 0.0644014
0.585 0.801646 0.167767 0.0744078
0.595 0.801646 0.159102 0.0844196
0.605 0.801646 0.154826 0.0944414
0.615 0.801646 0.152615 0.104479
0.625 0.801646 0.151337 0.114533
0.635 0.801646 0.150051 0.124601
0.645 0.801646 0.148311 0.134675
0.655 0.801646 0.146094 0.144757
0.665 0.801646 0.143544 0.154848
0.675 0.801646 0.141177 0.164913
0.685 0.801646 0.139698 0.174953
0.695 0.801646 0.138832 0.184976
0.705 0.801646 0.138371 0.194988
0.715 0.801646 0.138136 0.204994
0.725 0.801646 0.138017 0.214997
0.735 0.801646 0.137957 0.224999
0.745 0.801646 0.137927 0.234999
0.755 0.801646 0.137913 0.245
0.765 0.801646 0.137906 0.255
0.775 0.801646 0.137903 0.265
0.785 0.801646 0.137901 0.275
0.795 0.801646 0.137901 0.285
0.805 0.801646 0.1379 0.295
0.815 0.801646 0.1379 0.305
0.825 0.801646 0.1379 0.315
0.835 0.801646 0.1379 0.325
0.845 0.801646 0.1379 0.335
0.855 0.801646 0.1379 0.345
0.865 0.801646 0.1379 0.355
0.875 0.801646 0.1379 0.365
0.885 0.801646 0.1379 0.375
0.895 0.801646 0.1379 0.385
0.905 0.801646 0.1379 0.395
0.915 0.801646 0.1379 0.405
0.925 0.801646 0.1379 0.415
0.935 0.801646 0.1379 0.425
0.945 0.801646 0.1379 0.435
0.955 0.801646 0.1379 0.445
0.965 0.801646 0.1379 0.455
0.975 0.801646 0.1379 0.465
0.985 0.801646 0.1379 0.475
0.995 0.801646 0.1379 0.485
