0.0005 1.33327 0.57145 -0.5145
0.0015 1.33327 0.57145 -0.513545
0.0025 1.33327 0.57145 -0.512545
0.0035 1.33327 0.57145 -0.511545
0.0045 1.33327 0.57145 -0.510545
0.0055 1.33327 0.57145 -0.509545
0.0065 1.33327 0.57145 -0.508545
0.0075 1.33327 0.57145 -0.507545
0.0085 1.33327 0.57145 -0.506545
0.0095 1.33327 0.57145 -0.505545
0.0105 1.33327 0.57145 -0.504545
0.0115 1.33327 0.57145 -0.503545
0.0125 1.33327 0.57145 -0.502545
0.0135 1.33327 0.57145 -0.501545
0.0145 1.33327 0.57145 -0.500545
0.0155 1.33327 0.57145 -0.499545
0.0165 1.33327 0.57145 -0.498545
0.0175 1.33327 0.57145 -0.497545
0.0185 1.33327 0.57145 -0.496545
0.0195 1.33327 0.57145 -0.495545
0.0205 1.33327 0.57145 -0.494545
0.0215 1.33327 0.57145 -0.493545
0.0225 1.33327 0.57145 -0.492545
0.0235 1.33327 0.57145 -0.491545
0.0245 1.33327 0.57145 -0.490545
0.0255 1.33327 0.57145 -0.489545
0.0265 1.33327 0.57145 -0.488545
0.0275 1.33327 0.57145 -0.487545
0.0285 1.33327 0.57145 -0.486545
0.0295 1.33327 0.57145 -0.485545
0.0305 1.33327 0.57145 -0.484545
0.0315 1.33327 0.57145 -0.483545
0.0325 1.33327 0.57145 -0.482545
0.0335 1.33327 0.57145 -0.481545
0.0345 1.33327 0.57145 -0.480545
0.0355 1.33327 0.57145 -0.479545
0.0365 1.33327 0.57145 -0.478545
0.0375 1.33327 0.57145 -0.477545
0.0385 1.33327 0.57145 -0.476545
0.0395 1.33327 0.57145 -0.475545
0.0405 1.33327 0.57145 -0.474545
0.0415 1.33327 0.57145 -0.473545
0.0425 1.33327 0.57145 -0.472545
0.0435 1.33327 0.57145 -0.471545
0.0445 1.33327 0.57145 -0.470545
0.0455 1.33327 0.57145 -0.469545
0.0465 1.33327 0.57145 -0.468545
0.0475 1.33327 0.57145 -0.467545
0.0485 1.33327 0.57145 -0.466545
0.0495 1.33327 0.57145 -0.465545
0.0505 1.33327 0.57145 -0.464545
0.0515 1.33327 0.57145 -0.463545
0.0525 1.33327 0.57145 -0.462545
0.0535 1.33327 0.57145 -0.461545
0.0545 1.33327 0.57145 -0.460545
0.0555 1.33327 0.57145 -0.459545
0.0565 1.33327 0.57145 -0.458545
0.0575 1.33327 0.57145 -0.457545
0.0585 1.33327 0.57145 -0.456545
0.0595 1.33327 0.57145 -0.455545
0.0605 1.33327 0.57145 -0.454545
0.0615 1.33327 0.57145 -0.453545
0.0625 1.33327 0.57145 -0.452545
0.0635 1.33327 0.57145 -0.451545
0.0645 1.33327 0.57145 -0.450545
0.0655 1.33327 0.57145 -0.449545
0.0665 1.33327 0.57145 -0.448545
0.0675 1.33327 0.57145 -0.447545
0.0685 1.33327 0.57145 -0.446545
0.0695 1.33327 0.57145 -0.445545
0.0705 1.33327 0.57145 -0.444545
0.0715 1.33327 0.57145 -0.443545
0.0725 1.33327 0.57145 -0.442545
0.0735 1.33327 0.57145 -0.441545
0.0745 1.33327 0.57145 -0.440545
0.0755 1.33327 0.57145 -0.439545
0.0765 1.33327 0.57145 -0.438545
0.0775 1.33327 0.57145 -0.437545
0.0785 1.33327 0.57145 -0.436545
0.0795 1.33327 0.57145 -0.435545
0.0805 1.33327 0.57145 -0.434545
0.0815 1.33327 0.57145 -0.433545
0.0825 1.33327 0.57145 -0.432545
0.0835 1.33327 0.57145 -0.431545
0.0845 1.33327 0.57145 -0.430545
0.0855 1.33327 0.57145 -0.429545
0.0865 1.33327 0.57145 -0.428545
0.0875 1.33327 0.57145 -0.427545
0.0885 1.33327 0.57145 -0.426545
0.0895 1.33327 0.57145 -0.425545
0.0905 1.33327 0.57145 -0.424545
0.0915 1.33327 0.57145 -0.423545
0.0925 1.33327 0.57145 -0.422545
0.0935 1.33327 0.57145 -0.421545
0.0945 1.33327 0.57145 -0.420545
0.0955 1.33327 0.57145 -0.419545
0.0965 1.33327 0.57145 -0.418545
0.0975 1.33327 0.57145 -0.417545
0.0985 1.33327 0.57145 -0.416545
0.0995 1.33327 0.57145 -0.415545
0.1005 1.33327 0.57145 -0.414545
0.1015 1.33327 0.57145 -0.413545
0.1025 1.33327 0.57145 -0.412545
0.1035 1.33327 0.57145 -0.411545
0.1045 1.33327 0.57145 -0.410545
0.1055 1.33327 0.57145 -0.409545
0.1065 1.33327 0.57145 -0.408545
0.1075 1.33327 0.57145 -0.407545
0.1085 1.33327 0.57145 -0.406545
0.1095 1.33327 0.57145 -0.405545
0.1105 1.33327 0.57145 -0.404545
0.1115 1.33327 0.57145 -0.403545
0.1125 1.33327 0.57145 -0.402545
0.1135 1.33327 0.57145 -0.401545
0.1145 1.33327 0.57145 -0.400545
0.1155 1.33327 0.57145 -0.399545
0.1165 1.33327 0.57145 -0.398545
0.1175 1.33327 0.57145 -0.397545
0.1185 1.33327 0.57145 -0.396545
0.1195 1.33327 0.57145 -0.395545
0.1205 1.33327 0.57145 -0.394545
0.1215 1.33326 0.57145 -0.393545
0.1225 1.33326 0.57145 -0.392545
0.1235 1.33326 0.57145 -0.391545
0.1245 1.33326 0.57145 -0.390545
0.1255 1.33326 0.57145 -0.389545
0.1265 1.33325 0.57145 -0.388545
0.1275 1.33325 0.57145 -0.387545
0.1285 1.33325 0.57145 -0.386545
0.1295 1.33325 0.57145 -0.385545
0.1305 1.33324 0.57145 -0.384545
0.1315 1.33324 0.57145 -0.383545
0.1325 1.33324 0.57145 -0.382545
0.1335 1.33323 0.57145 -0.381545
0.1345 1.33323 0.57145 -0.380545
0.1355 1.33322 0.57145 -0.379545
0.1365 1.33321 0.57145 -0.378545
0.1375 1.33321 0.57145 -0.377545
0.1385 1.3332 0.57145 -0.376545
0.1395 1.33319 0.57145 -0.375545
0.1405 1.33319 0.57145 -0.374545
0.1415 1.33318 0.57145 -0.373545
0.1425 1.33317 0.57145 -0.372545
0.1435 1.33315 0.57145 -0.371545
0.1445 1.33314 0.57145 -0.370545
0.1455 1.33313 0.57145 -0.369545
0.1465 1.33311 0.57145 -0.368545
0.1475 1.3331 0.57145 -0.367545
0.1485 1.33308 0.57145 -0.366545
0.1495 1.33306 0.57145 -0.365545
0.1505 1.33304 0.57145 -0.364545
0.1515 1.33301 0.57145 -0.363545
0.1525 1.33299 0.57145 -0.362545
0.1535 1.33296 0.57145 -0.361545
0.1545 1.33292 0.57145 -0.360545
0.1555 1.33288 0.57145 -0.359545
0.1565 1.33284 0.57145 -0.358545
0.1575 1.3328 0.57145 -0.357545
0.1585 1.33275 0.57145 -0.356545
0.1595 1.33269 0.57145 -0.355545
0.1605 1.33264 0.57145 -0.354545
0.1615 1.33257 0.57145 -0.353545
0.1625 1.33251 0.57145 -0.352545
0.1635 1.33244 0.57145 -0.351545
0.1645 1.33236 0.57145 -0.350545
0.1655 1.33228 0.57145 -0.349545
0.1665 1.3322 0.57145 -0.348545
0.1675 1.33212 0.57145 -0.347545
0.1685 1.33203 0.57145 -0.346545
0.1695 1.33194 0.57145 -0.345545
0.1705 1.33187 0.57145 -0.344545
0.1715 1.33183 0.57145 -0.343545
0.1725 1.33181 0.57145 -0.342545
0.1735 1.3318 0.57145 -0.341545
0.1745 1.3318 0.57145 -0.340545
0.1755 1.3318 0.57145 -0.339545
0.1765 1.3318 0.57145 -0.338545
0.1775 1.33181 0.57145 -0.337545
0.1785 1.33181 0.57145 -0.336545
0.1795 1.33182 0.57145 -0.335545
0.1805 1.33183 0.57145 -0.334545
0.1815 1.33184 0.57145 -0.333545
0.1825 1.33186 0.57145 -0.332545
0.1835 1.33188 0.57145 -0.331545
0.1845 1.3319 0.57145 -0.330545
0.1855 1.33194 0.57145 -0.329545
0.1865 1.33197 0.57145 -0.328545
0.1875 1.33202 0.57145 -0.327545
0.1885 1.33207 0.57145 -0.326545
0.1895 1.33214 0.57145 -0.325545
0.1905 1.33221 0.57145 -0.324545
0.1915 1.33228 0.57145 -0.323545
0.1925 1.33237 0.57145 -0.322545
0.1935 1.33246 0.57145 -0.321545
0.1945 1.33255 0.57145 -0.320545
0.1955 1.33265 0.57145 -0.319545
0.1965 1.33275 0.57145 -0.318545
0.1975 1.33285 0.57145 -0.317545
0.1985 1.33293 0.57145 -0.316545
0.1995 1.333 0.57145 -0.315545
0.2005 1.33304 0.57145 -0.314545
0.2015 1.33308 0.57145 -0.313545
0.2025 1.3331 0.57145 -0.312545
0.2035 1.33311 0.57145 -0.311545
0.2045 1.33313 0.57145 -0.310545
0.2055 1.33313 0.57145 -0.309545
0.2065 1.33314 0.57145 -0.308545
0.2075 1.33315 0.57145 -0.307545
0.2085 1.33316 0.57145 -0.306545
0.2095 1.33316 0.57145 -0.305545
0.2105 1.33317 0.57145 -0.304545
0.2115 1.33318 0.57145 -0.303545
0.2125 1.33318 0.57145 -0.302545
0.2135 1.33319 0.57145 -0.301545
0.2145 1.3332 0.57145 -0.300545
0.2155 1.33321 0.57145 -0.299545
0.2165 1.33321 0.57145 -0.298545
0.2175 1.33322 0.57145 -0.297545
0.2185 1.33323 0.57145 -0.296545
0.2195 1.33323 0.57145 -0.295545
0.2205 1.33324 0.57145 -0.294545
0.2215 1.33324 0.57145 -0.293545
0.2225 1.33324 0.57145 -0.292545
0.2235 1.33324 0.57145 -0.291545
0.2245 1.33324 0.57145 -0.290545
0.2255 1.33325 0.57145 -0.289545
0.2265 1.33325 0.57145 -0.288545
0.2275 1.33325 0.57145 -0.287545
0.2285 1.33325 0.57145 -0.286545
0.2295 1.33325 0.57145 -0.285545
0.2305 1.33326 0.57145 -0.284545
0.2315 1.33326 0.57145 -0.283545
0.2325 1.33326 0.57145 -0.282545
0.2335 1.33326 0.57145 -0.281545
0.2345 1.33326 0.57145 -0.280545
0.2355 1.33327 0.57145 -0.279545
0.2365 1.33327 0.57145 -0.278545
0.2375 1.33327 0.57145 -0.277545
0.2385 1.33327 0.57145 -0.276545
0.2395 1.33327 0.57145 -0.275545
0.2405 1.33327 0.57145 -0.274545
0.2415 1.33328 0.57145 -0.273545
0.2425 1.33328 0.57145 -0.272545
0.2435 1.33328 0.57145 -0.271545
0.2445 1.33328 0.57145 -0.270545
0.2455 1.33328 0.57145 -0.269545
0.2465 1.33328 0.57145 -0.268545
0.2475 1.33328 0.57145 -0.267545
0.2485 1.33328 0.57145 -0.266545
0.2495 1.33328 0.57145 -0.265545
0.2505 1.33329 0.57145 -0.264545
0.2515 1.33329 0.57145 -0.263545
0.2525 1.33329 0.57145 -0.262545
0.2535 1.33329 0.57145 -0.261545
0.2545 1.33329 0.57145 -0.260545
0.2555 1.33329 0.57145 -0.259545
0.2565 1.33329 0.57145 -0.258545
0.2575 1.33329 0.57145 -0.257545
0.2585 1.33329 0.57145 -0.256545
0.2595 1.3333 0.57145 -0.255545
0.2605 1.3333 0.57145 -0.254545
0.2615 1.3333 0.57145 -0.253545
0.2625 1.3333 0.57145 -0.252545
0.2635 1.3333 0.57145 -0.251545
0.2645 1.3333 0.57145 -0.250545
0.2655 1.3333 0.57145 -0.249545
0.2665 1.3333 0.57145 -0.248545
0.2675 1.3333 0.57145 -0.247545
0.2685 1.3333 0.57145 -0.246545
0.2695 1.3333 0.57145 -0.245545
0.2705 1.3333 0.57145 -0.244545
0.2715 1.3333 0.57145 -0.243545
0.2725 1.3333 0.57145 -0.242545
0.2735 1.3333 0.57145 -0.241545
0.2745 1.3333 0.57145 -0.240545
0.2755 1.3333 0.57145 -0.239545
0.2765 1.3333 0.57145 -0.238545
0.2775 1.3333 0.57145 -0.237545
0.2785 1.3333 0.57145 -0.236545
0.2795 1.3333 0.57145 -0.235545
0.2805 1.3333 0.57145 -0.234545
0.2815 1.3333 0.57145 -0.233545
0.2825 1.3333 0.57145 -0.232545
0.2835 1.3333 0.57145 -0.231545
0.2845 1.3333 0.57145 -0.230545
0.2855 1.3333 0.57145 -0.229545
0.2865 1.3333 0.57145 -0.228545
0.2875 1.3333 0.57145 -0.227545
0.2885 1.3333 0.57145 -0.226545
0.2895 1.3333 0.57145 -0.225545
0.2905 1.3333 0.57145 -0.224545
0.2915 1.3333 0.57145 -0.223545
0.2925 1.3333 0.57145 -0.222545
0.2935 1.3333 0.57145 -0.221545
0.2945 1.3333 0.57145 -0.220545
0.2955 1.3333 0.57145 -0.219545
0.2965 1.3333 0.57145 -0.218545
0.2975 1.3333 0.57145 -0.217545
0.2985 1.3333 0.57145 -0.216545
0.2995 1.3333 0.57145 -0.215545
0.3005 1.3333 0.57145 -0.214545
0.3015 1.3333 0.57145 -0.213545
0.3025 1.3333 0.57145 -0.212545
0.3035 1.3333 0.57145 -0.211545
0.3045 1.3333 0.57145 -0.210545
0.3055 1.3333 0.57145 -0.209545
0.3065 1.3333 0.57145 -0.208545
0.3075 1.3333 0.57145 -0.207545
0.3085 1.3333 0.57145 -0.206545
0.3095 1.3333 0.57145 -0.205545
0.3105 1.3333 0.57145 -0.204545
0.3115 1.3333 0.57145 -0.203545
0.3125 1.3333 0.57145 -0.202545
0.3135 1.3333 0.57145 -0.201545
0.3145 1.3333 0.57145 -0.200545
0.3155 1.3333 0.57145 -0.199545
0.3165 1.3333 0.57145 -0.198545
0.3175 1.3333 0.57145 -0.197545
0.3185 1.3333 0.57145 -0.196545
0.3195 1.3333 0.57145 -0.195545
0.3205 1.3333 0.57145 -0.194545
0.3215 1.3333 0.57145 -0.193545
0.3225 1.3333 0.57145 -0.192545
0.3235 1.3333 0.57145 -0.191545
0.3245 1.3333 0.57145 -0.190545
0.3255 1.3333 0.57145 -0.189545
0.3265 1.3333 0.57145 -0.188545
0.3275 1.3333 0.57145 -0.187545
0.3285 1.3333 0.57145 -0.186545
0.3295 1.3333 0.57145 -0.185545
0.3305 1.3333 0.57145 -0.184545
0.3315 1.33331 0.57145 -0.183545
0.3325 1.33331 0.57145 -0.182545
0.3335 1.33331 0.57145 -0.181545
0.3345 1.33331 0.57145 -0.180545
0.3355 1.33331 0.57145 -0.179545
0.3365 1.33331 0.57145 -0.178545
0.3375 1.33331 0.57145 -0.177545
0.3385 1.33331 0.57145 -0.176545
0.3395 1.33331 0.57145 -0.175545
0.3405 1.33331 0.57145 -0.174545
0.3415 1.33331 0.57145 -0.173545
0.3425 1.33331 0.57145 -0.172545
0.3435 1.33331 0.57145 -0.171545
0.3445 1.33331 0.57145 -0.170545
0.3455 1.33331 0.57145 -0.169545
0.3465 1.33331 0.57145 -0.168545
0.3475 1.33331 0.57145 -0.167545
0.3485 1.33331 0.57145 -0.166545
0.3495 1.33331 0.57145 -0.165545
0.3505 1.33331 0.57145 -0.164545
0.3515 1.33331 0.57145 -0.163545
0.3525 1.33331 0.57145 -0.162545
0.3535 1.33331 0.57145 -0.161545
0.3545 1.33331 0.57145 -0.160545
0.3555 1.33331 0.57145 -0.159545
0.3565 1.33331 0.57145 -0.158545
0.3575 1.33331 0.57145 -0.157545
0.3585 1.33331 0.57145 -0.156545
0.3595 1.33331 0.57145 -0.155545
0.3605 1.33331 0.57145 -0.154545
0.3615 1.33331 0.57145 -0.153545
0.3625 1.33331 0.57145 -0.152545
0.3635 1.33331 0.57145 -0.151545
0.3645 1.33331 0.57145 -0.150545
0.3655 1.3333 0.57145 -0.149545
0.3665 1.3333 0.57145 -0.148545
0.3675 1.3333 0.57145 -0.147545
0.3685 1.3333 0.57145 -0.146545
0.3695 1.3333 0.57145 -0.145545
0.3705 1.3333 0.57145 -0.144545
0.3715 1.3333 0.57145 -0.143545
0.3725 1.3333 0.57145 -0.142545
0.3735 1.3333 0.57145 -0.141545
0.3745 1.3333 0.57145 -0.140545
0.3755 1.3333 0.57145 -0.139545
0.3765 1.3333 0.57145 -0.138545
0.3775 1.3333 0.57145 -0.137545
0.3785 1.3333 0.57145 -0.136545
0.3795 1.3333 0.57145 -0.135545
0.3805 1.3333 0.57145 -0.134545
0.3815 1.3333 0.57145 -0.133545
0.3825 1.3333 0.57145 -0.132545
0.3835 1.33329 0.57145 -0.131545
0.3845 1.33329 0.57145 -0.130545
0.3855 1.33329 0.57145 -0.129545
0.3865 1.33329 0.57145 -0.128545
0.3875 1.33329 0.57145 -0.127545
0.3885 1.33328 0.57145 -0.126545
0.3895 1.33328 0.57145 -0.125545
0.3905 1.33327 0.57145 -0.124545
0.3915 1.33327 0.57145 -0.123545
0.3925 1.33326 0.57145 -0.122545
0.3935 1.33326 0.57145 -0.121545
0.3945 1.33325 0.57145 -0.120545
0.3955 1.33324 0.57145 -0.119545
0.3965 1.33323 0.57145 -0.118545
0.3975 1.33322 0.57145 -0.117545
0.3985 1.33321 0.57145 -0.116545
0.3995 1.3332 0.57145 -0.115545
0.4005 1.33318 0.57145 -0.114545
0.4015 1.33317 0.57145 -0.113545
0.4025 1.33315 0.57145 -0.112545
0.4035 1.33313 0.57145 -0.111545
0.4045 1.33311 0.57145 -0.110545
0.4055 1.33309 0.57145 -0.109545
0.4065 1.33306 0.57145 -0.108545
0.4075 1.33303 0.57145 -0.107545
0.4085 1.333 0.57145 -0.106545
0.4095 1.33296 0.57145 -0.105545
0.4105 1.33292 0.57145 -0.104545
0.4115 1.33287 0.57145 -0.103545
0.4125 1.33282 0.57145 -0.102545
0.4135 1.33276 0.57145 -0.101545
0.4145 1.33269 0.57145 -0.100545
0.4155 1.33262 0.57145 -0.0995447
0.4165 1.33253 0.57145 -0.0985447
0.4175 1.33244 0.57145 -0.0975447
0.4185 1.33234 0.57145 -0.0965447
0.4195 1.33222 0.57145 -0.0955447
0.4205 1.3321 0.57145 -0.0945447
0.4215 1.33196 0.57145 -0.0935447
0.4225 1.3318 0.57145 -0.0925447
0.4235 1.33164 0.57145 -0.0915448
0.4245 1.33145 0.57145 -0.0905448
0.4255 1.33124 0.57145 -0.0895448
0.4265 1.33102 0.57145 -0.0885448
0.4275 1.33077 0.57145 -0.0875449
0.4285 1.33049 0.57145 -0.0865449
0.4295 1.33019 0.57145 -0.0855449
0.4305 1.32986 0.57145 -0.084545
0.4315 1.3295 0.57145 -0.083545
0.4325 1.3291 0.57145 -0.0825451
0.4335 1.32866 0.57145 -0.0815451
0.4345 1.32818 0.57145 -0.0805452
0.4355 1.32766 0.57145 -0.0795452
0.4365 1.32709 0.57145 -0.0785453
0.4375 1.32646 0.57145 -0.0775454
0.4385 1.32577 0.57145 -0.0765455
0.4395 1.32503 0.57145 -0.0755455
0.4405 1.32421 0.57145 -0.0745456
0.4415 1.32332 0.57145 -0.0735457
0.4425 1.32235 0.57145 -0.0725459
0.4435 1.32129 0.57145 -0.071546
0.4445 1.32014 0.57145 -0.0705461
0.4455 1.31888 0.57145 -0.0695463
0.4465 1.31751 0.57145 -0.0685464
0.4475 1.31602 0.57145 -0.0675466
0.4485 1.3144 0.57145 -0.0665468
0.4495 1.31264 0.57145 -0.065547
0.4505 1.31073 0.57145 -0.0645472
0.4515 1.30865 0.57145 -0.0635475
0.4525 1.30641 0.57145 -0.0625478
0.4535 1.30398 0.57145 -0.061548
0.4545 1.30136 0.57145 -0.0605484
0.4555 1.29855 0.57145 -0.0595487
0.4565 1.29552 0.57145 -0.0585491
0.4575 1.29229 0.57145 -0.0575495
0.4585 1.28884 0.57145 -0.0565499
0.4595 1.28517 0.57145 -0.0555503
0.4605 1.28129 0.57145 -0.0545508
0.4615 1.2772 0.57145 -0.0535513
0.4625 1.27289 0.57145 -0.0525518
0.4635 1.26839 0.57145 -0.0515524
0.4645 1.26368 0.57145 -0.0505529
0.4655 1.25877 0.57145 -0.0495535
0.4665 1.25366 0.57145 -0.0485542
0.4675 1.24835 0.57145 -0.0475548
0.4685 1.24284 0.57145 -0.0465555
0.4695 1.23712 0.57145 -0.0455562
0.4705 1.23118 0.57145 -0.0445569
0.4715 1.22506 0.57145 -0.0435577
0.4725 1.21868 0.57145 -0.0425585
0.4735 1.21229 0.57145 -0.0415593
0.4745 1.20641 0.57145 -0.04056
0.4755 1.20128 0.57145 -0.0395606
0.4765 1.19689 0.57145 -0.0385611
0.4775 1.19299 0.57145 -0.0375616
0.4785 1.1893 0.57145 -0.0365619
0.4795 1.18555 0.57145 -0.0355622
0.4805 1.18237 0.57145 -0.0345624
0.4815 1.17909 0.57145 -0.0335626
0.4825 1.17529 0.57145 -0.0325628
0.4835 1.17173 0.57145 -0.031563
0.4845 1.1684 0.571038 -0.0305632
0.4855 1.16431 0.56928 -0.0295634
0.4865 1.16006 0.566985 -0.0285636
0.4875 1.15601 0.565256 -0.0275637
0.4885 1.15094 0.563529 -0.0265638
0.4895 1.14573 0.561474 -0.0255639
0.4905 1.1413 0.558885 -0.0245639
0.4915 1.13662 0.556191 -0.0235639
0.4925 1.13069 0.553951 -0.0225638
0.4935 1.12432 0.551836 -0.0215638
0.4945 1.11763 0.549091 -0.0205638
0.4955 1.11028 0.545269 -0.0195638
0.4965 1.10162 0.54118 -0.0185638
0.4975 1.09118 0.537301 -0.0175638
0.4985 1.07877 0.533389 -0.0165637
0.4995 1.06423 0.529204 -0.0155637
0.5005 1.04744 0.523973 -0.0145637
0.5015 1.02817 0.517595 -0.0135637
0.5025 1.00605 0.511039 -0.0125637
0.5035 0.980527 0.50468 -0.0115637
0.5045 0.950954 0.49819 -0.0105637
0.5055 0.916776 0.49148 -0.00956369
0.5065 0.877792 0.483876 -0.00856368
0.5075 0.834035 0.475494 -0.00756368
0.5085 0.785492 0.467259 -0.00656368
0.5095 0.732272 0.459006 -0.00556367
0.5105 0.67351 0.450007 -0.00456367
0.5115 0.619487 0.43922 -0.00356367
0.5125 0.586589 0.426877 -0.00256367
0.5135 0.574343 0.414048 -0.00156368
0.5145 0.571882 0.399506 -0.000740201
0.5155 0.571448 0.381748 0.000494282
0.5165 0.57145 0.362241 0.00144094
0.5175 0.57145 0.341681 0.00243615
0.5185 0.57145 0.317694 0.00343615
0.5195 0.57145 0.289431 0.00443614
0.5205 0.57145 0.260649 0.00543613
0.5215 0.57145 0.230534 0.00643612
0.5225 0.57145 0.200736 0.00743611
0.5235 0.57145 0.180469 0.0084361
0.5245 0.57145 0.170311 0.00943609
0.5255 0.57145 0.166158 0.0104361
0.5265 0.57145 0.16444 0.0114361
0.5275 0.57145 0.163432 0.0124361
0.5285 0.57145 0.162663 0.013436
0.5295 0.57145 0.161937 0.014436
0.5305 0.57145 0.161157 0.015436
0.5315 0.57145 0.160424 0.016436
0.5325 0.57145 0.159817 0.017436
0.5335 0.57145 0.159357 0.018436
0.5345 0.57145 0.15919 0.0194359
0.5355 0.57145 0.159124 0.0204359
0.5365 0.57145 0.159089 0.0214359
0.5375 0.57145 0.159059 0.0224359
0.5385 0.57145 0.159043 0.0234359
0.5395 0.57145 0.159042 0.0244359
0.5405 0.57145 0.159043 0.0254358
0.5415 0.57145 0.159044 0.0264358
0.5425 0.57145 0.159048 0.0274358
0.5435 0.57145 0.159054 0.0284358
0.5445 0.57145 0.159061 0.0294358
0.5455 0.57145 0.159066 0.0304357
0.5465 0.57145 0.159073 0.0314357
0.5475 0.57145 0.159079 0.0324357
0.5485 0.57145 0.159087 0.0334357
0.5495 0.57145 0.159094 0.0344357
0.5505 0.57145 0.159102 0.0354356
0.5515 0.57145 0.159108 0.0364356
0.5525 0.57145 0.159115 0.0374356
0.5535 0.57145 0.159121 0.0384356
0.5545 0.57145 0.159128 0.0394356
0.5555 0.57145 0.159135 0.0404355
0.5565 0.57145 0.159144 0.0414355
0.5575 0.57145 0.159151 0.0424355
0.5585 0.57145 0.159161 0.0434355
0.5595 0.57145 0.159169 0.0444354
0.5605 0.57145 0.159178 0.0454354
0.5615 0.57145 0.159185 0.0464354
0.5625 0.57145 0.159194 0.0474354
0.5635 0.57145 0.159202 0.0484353
0.5645 0.57145 0.159211 0.0494353
0.5655 0.57145 0.159219 0.0504353
0.5665 0.57145 0.159228 0.0514353
0.5675 0.57145 0.159237 0.0524352
0.5685 0.57145 0.159247 0.0534352
0.5695 0.57145 0.159255 0.0544352
0.5705 0.57145 0.159265 0.0554351
0.5715 0.57145 0.159273 0.0564351
0.5725 0.57145 0.159284 0.0574351
0.5735 0.57145 0.159293 0.0584351
0.5745 0.57145 0.159304 0.059435
0.5755 0.57145 0.159314 0.060435
0.5765 0.57145 0.159325 0.061435
0.5775 0.57145 0.159334 0.0624349
0.5785 0.57145 0.159346 0.0634349
0.5795 0.57145 0.159356 0.0644349
0.5805 0.57145 0.159368 0.0654348
0.5815 0.57145 0.159378 0.0664348
0.5825 0.57145 0.159389 0.0674348
0.5835 0.57145 0.159399 0.0684347
0.5845 0.57145 0.15941 0.0694347
0.5855 0.57145 0.15942 0.0704347
0.5865 0.57145 0.159431 0.0714346
0.5875 0.57145 0.159441 0.0724346
0.5885 0.57145 0.159453 0.0734346
0.5895 0.57145 0.159462 0.0744346
0.5905 0.57145 0.159473 0.0754345
0.5915 0.57145 0.159482 0.0764345
0.5925 0.57145 0.15949 0.0774345
0.5935 0.57145 0.159497 0.0784345
0.5945 0.57145 0.159503 0.0794344
0.5955 0.57145 0.159507 0.0804344
0.5965 0.57145 0.15951 0.0814344
0.5975 0.57145 0.159511 0.0824344
0.5985 0.57145 0.159511 0.0834344
0.5995 0.57145 0.15951 0.0844344
0.6005 0.57145 0.159509 0.0854344
0.6015 0.57145 0.159507 0.0864344
0.6025 0.57145 0.159502 0.0874344
0.6035 0.57145 0.159496 0.0884345
0.6045 0.57145 0.159485 0.0894345
0.6055 0.57145 0.159471 0.0904345
0.6065 0.57145 0.159452 0.0914346
0.6075 0.57145 0.159426 0.0924347
0.6085 0.57145 0.159395 0.0934348
0.6095 0.57145 0.159351 0.0944349
0.6105 0.57145 0.15931 0.0954351
0.6115 0.57145 0.159249 0.0964352
0.6125 0.57145 0.159195 0.0974355
0.6135 0.57145 0.159111 0.0984356
0.6145 0.57145 0.159036 0.099436
0.6155 0.57145 0.158921 0.100436
0.6165 0.57145 0.158817 0.101437
0.6175 0.57145 0.15865 0.102437
0.6185 0.57145 0.158481 0.103438
0.6195 0.57145 0.158151 0.104439
0.6205 0.57145 0.15775 0.105441
0.6215 0.57145 0.1569 0.106443
0.6225 0.57145 0.155639 0.107449
0.6235 0.57145 0.153188 0.108457
0.6245 0.57145 0.149182 0.109474
0.6255 0.57145 0.142723 0.110493
0.6265 0.57145 0.138909 0.111499
0.6275 0.57145 0.138041 0.1125
0.6285 0.57145 0.137921 0.1135
0.6295 0.57145 0.137904 0.1145
0.6305 0.57145 0.137901 0.1155
0.6315 0.57145 0.1379 0.1165
0.6325 0.57145 0.1379 0.1175
0.6335 0.57145 0.1379 0.1185
0.6345 0.57145 0.1379 0.1195
0.6355 0.57145 0.1379 0.1205
0.6365 0.57145 0.1379 0.1215
0.6375 0.57145 0.1379 0.1225
0.6385 0.57145 0.1379 0.1235
0.6395 0.57145 0.1379 0.1245
0.6405 0.57145 0.1379 0.1255
0.6415 0.57145 0.1379 0.1265
0.6425 0.57145 0.1379 0.1275
0.6435 0.57145 0.1379 0.1285
0.6445 0.57145 0.1379 0.1295
0.6455 0.57145 0.1379 0.1305
0.6465 0.57145 0.1379 0.1315
0.6475 0.57145 0.1379 0.1325
0.6485 0.57145 0.1379 0.1335
0.6495 0.57145 0.1379 0.1345
0.6505 0.57145 0.1379 0.1355
0.6515 0.57145 0.1379 0.1365
0.6525 0.57145 0.1379 0.1375
0.6535 0.57145 0.1379 0.1385
0.6545 0.57145 0.1379 0.1395
0.6555 0.57145 0.1379 0.1405
0.6565 0.57145 0.1379 0.1415
0.6575 0.57145 0.1379 0.1425
0.6585 0.57145 0.1379 0.1435
0.6595 0.57145 0.1379 0.1445
0.6605 0.57145 0.1379 0.1455
0.6615 0.57145 0.1379 0.1465
0.6625 0.57145 0.1379 0.1475
0.6635 0.57145 0.1379 0.1485
0.6645 0.57145 0.1379 0.1495
0.6655 0.57145 0.1379 0.1505
0.6665 0.57145 0.1379 0.1515
0.6675 0.57145 0.1379 0.1525
0.6685 0.57145 0.1379 0.1535
0.6695 0.57145 0.1379 0.1545
0.6705 0.57145 0.1379 0.1555
0.6715 0.57145 0.1379 0.1565
0.6725 0.57145 0.1379 0.1575
0.6735 0.57145 0.1379 0.1585
0.6745 0.57145 0.1379 0.1595
0.6755 0.57145 0.1379 0.1605
0.6765 0.57145 0.1379 0.1615
0.6775 0.57145 0.1379 0.1625
0.6785 0.57145 0.1379 0.1635
0.6795 0.57145 0.1379 0.1645
0.6805 0.57145 0.1379 0.1655
0.6815 0.57145 0.1379 0.1665
0.6825 0.57145 0.1379 0.1675
0.6835 0.57145 0.1379 0.1685
0.6845 0.57145 0.1379 0.1695
0.6855 0.57145 0.1379 0.1705
0.6865 0.57145 0.1379 0.1715
0.6875 0.57145 0.1379 0.1725
0.6885 0.57145 0.1379 0.1735
0.6895 0.57145 0.1379 0.1745
0.6905 0.57145 0.1379 0.1755
0.6915 0.57145 0.1379 0.1765
0.6925 0.57145 0.1379 0.1775
0.6935 0.57145 0.1379 0.1785
0.6945 0.57145 0.1379 0.1795
0.6955 0.57145 0.1379 0.1805
0.6965 0.57145 0.1379 0.1815
0.6975 0.57145 0.1379 0.1825
0.6985 0.57145 0.1379 0.1835
0.6995 0.57145 0.1379 0.1845
0.7005 0.57145 0.1379 0.1855
0.7015 0.57145 0.1379 0.1865
0.7025 0.57145 0.1379 0.1875
0.7035 0.57145 0.1379 0.1885
0.7045 0.57145 0.1379 0.1895
0.7055 0.57145 0.1379 0.1905
0.7065 0.57145 0.1379 0.1915
0.7075 0.57145 0.1379 0.1925
0.7085 0.57145 0.1379 0.1935
0.7095 0.57145 0.1379 0.1945
0.7105 0.57145 0.1379 0.1955
0.7115 0.57145 0.1379 0.1965
0.7125 0.57145 0.1379 0.1975
0.7135 0.57145 0.1379 0.1985
0.7145 0.57145 0.1379 0.1995
0.7155 0.57145 0.1379 0.2005
0.7165 0.57145 0.1379 0.2015
0.7175 0.57145 0.1379 0.2025
0.7185 0.57145 0.1379 0.2035
0.7195 0.57145 0.1379 0.2045
0.7205 0.57145 0.1379 0.2055
0.7215 0.57145 0.1379 0.2065
0.7225 0.57145 0.1379 0.2075
0.7235 0.57145 0.1379 0.2085
0.7245 0.57145 0.1379 0.2095
0.7255 0.57145 0.1379 0.2105
0.7265 0.57145 0.1379 0.2115
0.7275 0.57145 0.1379 0.2125
0.7285 0.57145 0.1379 0.2135
0.7295 0.57145 0.1379 0.2145
0.7305 0.57145 0.1379 0.2155
0.7315 0.57145 0.1379 0.2165
0.7325 0.57145 0.1379 0.2175
0.7335 0.57145 0.1379 0.2185
0.7345 0.57145 0.1379 0.2195
0.7355 0.57145 0.1379 0.2205
0.7365 0.57145 0.1379 0.2215
0.7375 0.57145 0.1379 0.2225
0.7385 0.57145 0.1379 0.2235
0.7395 0.57145 0.1379 0.2245
0.7405 0.57145 0.1379 0.2255
0.7415 0.57145 0.1379 0.2265
0.7425 0.57145 0.1379 0.2275
0.7435 0.57145 0.1379 0.2285
0.7445 0.57145 0.1379 0.2295
0.7455 0.57145 0.1379 0.2305
0.7465 0.57145 0.1379 0.2315
0.7475 0.57145 0.1379 0.2325
0.7485 0.57145 0.1379 0.2335
0.7495 0.57145 0.1379 0.2345
0.7505 0.57145 0.1379 0.2355
0.7515 0.57145 0.1379 0.2365
0.7525 0.57145 0.1379 0.2375
0.7535 0.57145 0.1379 0.2385
0.7545 0.57145 0.1379 0.2395
0.7555 0.57145 0.1379 0.2405
0.7565 0.57145 0.1379 0.2415
0.7575 0.57145 0.1379 0.2425
0.7585 0.57145 0.1379 0.2435
0.7595 0.57145 0.1379 0.2445
0.7605 0.57145 0.1379 0.2455
0.7615 0.57145 0.1379 0.2465
0.7625 0.57145 0.1379 0.2475
0.7635 0.57145 0.1379 0.2485
0.7645 0.57145 0.1379 0.2495
0.7655 0.57145 0.1379 0.2505
0.7665 0.57145 0.1379 0.2515
0.7675 0.57145 0.1379 0.2525
0.7685 0.57145 0.1379 0.2535
0.7695 0.57145 0.1379 0.2545
0.7705 0.57145 0.1379 0.2555
0.7715 0.57145 0.1379 0.2565
0.7725 0.57145 0.1379 0.2575
0.7735 0.57145 0.1379 0.2585
0.7745 0.57145 0.1379 0.2595
0.7755 0.57145 0.1379 0.2605
0.7765 0.57145 0.1379 0.2615
0.7775 0.57145 0.1379 0.2625
0.7785 0.57145 0.1379 0.2635
0.7795 0.57145 0.1379 0.2645
0.7805 0.57145 0.1379 0.2655
0.7815 0.57145 0.1379 0.2665
0.7825 0.57145 0.1379 0.2675
0.7835 0.57145 0.1379 0.2685
0.7845 0.57145 0.1379 0.2695
0.7855 0.57145 0.1379 0.2705
0.7865 0.57145 0.1379 0.2715
0.7875 0.57145 0.1379 0.2725
0.7885 0.57145 0.1379 0.2735
0.7895 0.57145 0.1379 0.2745
0.7905 0.57145 0.1379 0.2755
0.7915 0.57145 0.1379 0.2765
0.7925 0.57145 0.1379 0.2775
0.7935 0.57145 0.1379 0.2785
0.7945 0.57145 0.1379 0.2795
0.7955 0.57145 0.1379 0.2805
0.7965 0.57145 0.1379 0.2815
0.7975 0.57145 0.1379 0.2825
0.7985 0.57145 0.1379 0.2835
0.7995 0.57145 0.1379 0.2845
0.8005 0.57145 0.1379 0.2855
0.8015 0.57145 0.1379 0.2865
0.8025 0.57145 0.1379 0.2875
0.8035 0.57145 0.1379 0.2885
0.8045 0.57145 0.1379 0.2895
0.8055 0.57145 0.1379 0.2905
0.8065 0.57145 0.1379 0.2915
0.8075 0.57145 0.1379 0.2925
0.8085 0.57145 0.1379 0.2935
0.8095 0.57145 0.1379 0.2945
0.8105 0.57145 0.1379 0.2955
0.8115 0.57145 0.1379 0.2965
0.8125 0.57145 0.1379 0.2975
0.8135 0.57145 0.1379 0.2985
0.8145 0.57145 0.1379 0.2995
0.8155 0.57145 0.1379 0.3005
0.8165 0.57145 0.1379 0.3015
0.8175 0.57145 0.1379 0.3025
0.8185 0.57145 0.1379 0.3035
0.8195 0.57145 0.1379 0.3045
0.8205 0.57145 0.1379 0.3055
0.8215 0.57145 0.1379 0.3065
0.8225 0.57145 0.1379 0.3075
0.8235 0.57145 0.1379 0.3085
0.8245 0.57145 0.1379 0.3095
0.8255 0.57145 0.1379 0.3105
0.8265 0.57145 0.1379 0.3115
0.8275 0.57145 0.1379 0.3125
0.8285 0.57145 0.1379 0.3135
0.8295 0.57145 0.1379 0.3145
0.8305 0.57145 0.1379 0.3155
0.8315 0.57145 0.1379 0.3165
0.8325 0.57145 0.1379 0.3175
0.8335 0.57145 0.1379 0.3185
0.8345 0.57145 0.1379 0.3195
0.8355 0.57145 0.1379 0.3205
0.8365 0.57145 0.1379 0.3215
0.8375 0.57145 0.1379 0.3225
0.8385 0.57145 0.1379 0.3235
0.8395 0.57145 0.1379 0.3245
0.8405 0.57145 0.1379 0.3255
0.8415 0.57145 0.1379 0.3265
0.8425 0.57145 0.1379 0.3275
0.8435 0.57145 0.1379 0.3285
0.8445 0.57145 0.1379 0.3295
0.8455 0.57145 0.1379 0.3305
0.8465 0.57145 0.1379 0.3315
0.8475 0.57145 0.1379 0.3325
0.8485 0.57145 0.1379 0.3335
0.8495 0.57145 0.1379 0.3345
0.8505 0.57145 0.1379 0.3355
0.8515 0.57145 0.1379 0.3365
0.8525 0.57145 0.1379 0.3375
0.8535 0.57145 0.1379 0.3385
0.8545 0.57145 0.1379 0.3395
0.8555 0.57145 0.1379 0.3405
0.8565 0.57145 0.1379 0.3415
0.8575 0.57145 0.1379 0.3425
0.8585 0.57145 0.1379 0.3435
0.8595 0.57145 0.1379 0.3445
0.8605 0.57145 0.1379 0.3455
0.8615 0.57145 0.1379 0.3465
0.8625 0.57145 0.1379 0.3475
0.8635 0.57145 0.1379 0.3485
0.8645 0.57145 0.1379 0.3495
0.8655 0.57145 0.1379 0.3505
0.8665 0.57145 0.1379 0.3515
0.8675 0.57145 0.1379 0.3525
0.8685 0.57145 0.1379 0.3535
0.8695 0.57145 0.1379 0.3545
0.8705 0.57145 0.1379 0.3555
0.8715 0.57145 0.1379 0.3565
0.8725 0.57145 0.1379 0.3575
0.8735 0.57145 0.1379 0.3585
0.8745 0.57145 0.1379 0.3595
0.8755 0.57145 0.1379 0.3605
0.8765 0.57145 0.1379 0.3615
0.8775 0.57145 0.1379 0.3625
0.8785 0.57145 0.1379 0.3635
0.8795 0.57145 0.1379 0.3645
0.8805 0.57145 0.1379 0.3655
0.8815 0.57145 0.1379 0.3665
0.8825 0.57145 0.1379 0.3675
0.8835 0.57145 0.1379 0.3685
0.8845 0.57145 0.1379 0.3695
0.8855 0.57145 0.1379 0.3705
0.8865 0.57145 0.1379 0.3715
0.8875 0.57145 0.1379 0.3725
0.8885 0.57145 0.1379 0.3735
0.8895 0.57145 0.1379 0.3745
0.8905 0.57145 0.1379 0.3755
0.8915 0.57145 0.1379 0.3765
0.8925 0.57145 0.1379 0.3775
0.8935 0.57145 0.1379 0.3785
0.8945 0.57145 0.1379 0.3795
0.8955 0.57145 0.1379 0.3805
0.8965 0.57145 0.1379 0.3815
0.8975 0.57145 0.1379 0.3825
0.8985 0.57145 0.1379 0.3835
0.8995 0.57145 0.1379 0.3845
0.9005 0.57145 0.1379 0.3855
0.9015 0.57145 0.1379 0.3865
0.9025 0.57145 0.1379 0.3875
0.9035 0.57145 0.1379 0.3885
0.9045 0.57145 0.1379 0.3895
0.9055 0.57145 0.1379 0.3905
0.9065 0.57145 0.1379 0.3915
0.9075 0.57145 0.1379 0.3925
0.9085 0.57145 0.1379 0.3935
0.9095 0.57145 0.1379 0.3945
0.9105 0.57145 0.1379 0.3955
0.9115 0.57145 0.1379 0.3965
0.9125 0.57145 0.1379 0.3975
0.9135 0.57145 0.1379 0.3985
0.9145 0.57145 0.1379 0.3995
0.9155 0.57145 0.1379 0.4005
0.9165 0.57145 0.1379 0.4015
0.9175 0.57145 0.1379 0.4025
0.9185 0.57145 0.1379 0.4035
0.9195 0.57145 0.1379 0.4045
0.9205 0.57145 0.1379 0.4055
0.9215 0.57145 0.1379 0.4065
0.9225 0.57145 0.1379 0.4075
0.9235 0.57145 0.1379 0.4085
0.9245 0.57145 0.1379 0.4095
0.9255 0.57145 0.1379 0.4105
0.9265 0.57145 0.1379 0.4115
0.9275 0.57145 0.1379 0.4125
0.9285 0.57145 0.1379 0.4135
0.9295 0.57145 0.1379 0.4145
0.9305 0.57145 0.1379 0.4155
0.9315 0.57145 0.1379 0.4165
0.9325 0.57145 0.1379 0.4175
0.9335 0.57145 0.1379 0.4185
0.9345 0.57145 0.1379 0.4195
0.9355 0.57145 0.1379 0.4205
0.9365 0.57145 0.1379 0.4215
0.9375 0.57145 0.1379 0.4225
0.9385 0.57145 0.1379 0.4235
0.9395 0.57145 0.1379 0.4245
0.9405 0.57145 0.1379 0.4255
0.9415 0.57145 0.1379 0.4265
0.9425 0.57145 0.1379 0.4275
0.9435 0.57145 0.1379 0.4285
0.9445 0.57145 0.1379 0.4295
0.9455 0.57145 0.1379 0.4305
0.9465 0.57145 0.1379 0.4315
0.9475 0.57145 0.1379 0.4325
0.9485 0.57145 0.1379 0.4335
0.9495 0.57145 0.1379 0.4345
0.9505 0.57145 0.1379 0.4355
0.9515 0.57145 0.1379 0.4365
0.9525 0.57145 0.1379 0.4375
0.9535 0.57145 0.1379 0.4385
0.9545 0.57145 0.1379 0.4395
0.9555 0.57145 0.1379 0.4405
0.9565 0.57145 0.1379 0.4415
0.9575 0.57145 0.1379 0.4425
0.9585 0.57145 0.1379 0.4435
0.9595 0.57145 0.1379 0.4445
0.9605 0.57145 0.1379 0.4455
0.9615 0.57145 0.1379 0.4465
0.9625 0.57145 0.1379 0.4475
0.9635 0.57145 0.1379 0.4485
0.9645 0.57145 0.1379 0.4495
0.9655 0.57145 0.1379 0.4505
0.9665 0.57145 0.1379 0.4515
0.9675 0.57145 0.1379 0.4525
0.9685 0.57145 0.1379 0.4535
0.9695 0.57145 0.1379 0.4545
0.9705 0.57145 0.1379 0.4555
0.9715 0.57145 0.1379 0.4565
0.9725 0.57145 0.1379 0.4575
0.9735 0.57145 0.1379 0.4585
0.9745 0.57145 0.1379 0.4595
0.9755 0.57145 0.1379 0.4605
0.9765 0.57145 0.1379 0.4615
0.9775 0.57145 0.1379 0.4625
0.9785 0.57145 0.1379 0.4635
0.9795 0.57145 0.1379 0.4645
0.9805 0.57145 0.1379 0.4655
0.9815 0.57145 0.1379 0.4665
0.9825 0.57145 0.1379 0.4675
0.9835 0.57145 0.1379 0.4685
0.9845 0.57145 0.1379 0.4695
0.9855 0.57145 0.1379 0.4705
0.9865 0.57145 0.1379 0.4715
0.9875 0.57145 0.1379 0.4725
0.9885 0.57145 0.1379 0.4735
0.9895 0.57145 0.1379 0.4745
0.9905 0.57145 0.1379 0.4755
0.9915 0.57145 0.1379 0.4765
0.9925 0.57145 0.1379 0.4775
0.9935 0.57145 0.1379 0.4785
0.9945 0.57145 0.1379 0.4795
0.9955 0.57145 0.1379 0.4805
0.9965 0.57145 0.1379 0.4815
0.9975 0.57145 0.1379 0.4825
0.9985 0.57145 0.1379 0.4835
0.9995 0.57145 0.1379 0.4845
