0.005 1.33217 0.1379 -0.495
0.015 1.33177 0.1379 -0.485616
0.025 1.331 0.1379 -0.475616
0.035 1.32966 0.1379 -0.465616
0.045 1.3272 0.1379 -0.455613
0.055 1.32247 0.1379 -0.445607
0.065 1.31306 0.1379 -0.43559
0.075 1.29412 0.1379 -0.425554
0.085 1.25877 0.1379 -0.415482
0.095 1.19413 0.1379 -0.405342
0.105 1.09762 0.1379 -0.395137
0.115 1.0226 0.1379 -0.385023
0.125 1.00266 0.1379 -0.375002
0.135 1.00019 0.1379 -0.365
0.145 1.00001 0.1379 -0.355
0.155 1 0.1379 -0.345
0.165 1 0.1379 -0.335
0.175 1 0.1379 -0.325
0.185 1 0.1379 -0.315
0.195 1 0.1379 -0.305
0.205 1 0.1379 -0.295
0.215 1 0.1379 -0.285
0.225 1 0.1379 -0.275
0.235 1 0.1379 -0.265
0.245 1 0.1379 -0.255
0.255 1 0.1379 -0.245
0.265 1 0.1379 -0.235
0.275 1 0.1379 -0.225
0.285 1 0.1379 -0.215
0.295 1 0.1379 -0.205
0.305 1 0.1379 -0.195
0.315 1 0.1379 -0.185
0.325 1 0.1379 -0.175
0.335 1 0.1379 -0.165
0.345 1 0.1379 -0.155
0.355 1 0.1379 -0.145
0.365 1 0.1379 -0.135
0.375 1 0.1379 -0.125
0.385 0.999999 0.1379 -0.115
0.395 0.999995 0.1379 -0.105
0.405 0.999969 0.1379 -0.095
0.415 0.999836 0.1379 -0.085
0.425 0.999284 0.1379 -0.075
0.435 0.997345 0.1379 -0.065
0.445 0.991452 0.1379 -0.055
0.455 0.975724 0.1379 -0.045
0.465 0.939192 0.1379 -0.035
0.475 0.859902 0.1379 -0.025
0.485 0.725593 0.1379 -0.015
0.495 0.428459 0.1379 -0.005
0.505 0.174722 0.1379 0.005
0.515 0.1379 0.1379 0.015
0.525 0.1379 0.1379 0.025
0.535 0.1379 0.1379 0.035
0.545 0.1379 0.1379 0.045
0.555 0.1379 0.1379 0.055
0.565 0.1379 0.1379 0.065
0.575 0.1379 0.1379 0.075
0.585 0.1379 0.1379 0.085
0.595 0.1379 0.1379 0.095
0.605 0.1379 0.1379 0.105
0.615 0.1379 0.1379 0.115
0.625 0.1379 0.1379 0.125
0.635 0.1379 0.1379 0.135
0.645 0.1379 0.1379 0.145
0.655 0.1379 0.1379 0.155
0.665 0.1379 0.1379 0.165
0.675 0.1379 0.1379 0.175
0.685 0.1379 0.1379 0.185
0.695 0.1379 0.1379 0.195
0.705 0.1379 0.1379 0.205
0.715 0.1379 0.1379 0.215
0.725 0.1379 0.1379 0.225
0.735 0.1379 0.1379 0.235
0.745 0.1379 0.1379 0.245
0.755 0.1379 0.1379 0.255
0.765 0.1379 0.1379 0.265
0.775 0.1379 0.1379 0.275
0.785 0.1379 0.1379 0.285
0.795 0.1379 0.1379 0.295
0.805 0.1379 0.1379 0.305
0.815 0.1379 0.1379 0.315
0.825 0.1379 0.1379 0.325
0.835 0.1379 0.1379 0.335
0.845 0.1379 0.1379 0.345
0.855 0.1379 0.1379 0.355
0.865 0.1379 0.1379 0.365
0.875 0.1379 0.1379 0.375
0.885 0.1379 0.1379 0.385
0.895 0.1379 0.1379 0.395
0.905 0.1379 0.1379 0.405
0.915 0.1379 0.1379 0.415
0.925 0.1379 0.1379 0.425
0.935 0.1379 0.1379 0.435
0.945 0.1379 0.1379 0.445
0.955 0.1379 0.1379 0.455
0.965 0.1379 0.1379 0.465
0.975 0.1379 0.1379 0.475
0.985 0.1379 0.1379 0.485
0.995 0.1379 0.1379 0.495
