0.0005 1.33327 0.54162 -0.4995
0.0015 1.33327 0.54162 -0.4995
0.0025 1.33327 0.54162 -0.4995
0.0035 1.33327 0.54162 -0.4995
0.0045 1.33327 0.54162 -0.4995
0.0055 1.33327 0.54162 -0.4995
0.0065 1.33327 0.54162 -0.4995
0.0075 1.33327 0.54162 -0.4995
0.0085 1.33327 0.54162 -0.4995
0.0095 1.33327 0.54162 -0.4995
0.0105 1.33327 0.54162 -0.4995
0.0115 1.33327 0.54162 -0.4995
0.0125 1.33327 0.54162 -0.4995
0.0135 1.33327 0.54162 -0.4995
0.0145 1.33327 0.54162 -0.4995
0.0155 1.33327 0.54162 -0.4995
0.0165 1.33327 0.54162 -0.4995
0.0175 1.33327 0.54162 -0.4995
0.0185 1.33327 0.54162 -0.4995
0.0195 1.33327 0.54162 -0.4995
0.0205 1.33327 0.54162 -0.4995
0.0215 1.33327 0.54162 -0.4995
0.0225 1.33327 0.54162 -0.4995
0.0235 1.33327 0.54162 -0.4995
0.0245 1.33327 0.54162 -0.4995
0.0255 1.33327 0.54162 -0.4995
0.0265 1.33327 0.54162 -0.4995
0.0275 1.33327 0.54162 -0.4995
0.0285 1.33327 0.54162 -0.4995
0.0295 1.33327 0.54162 -0.4995
0.0305 1.33327 0.54162 -0.4995
0.0315 1.33327 0.54162 -0.4995
0.0325 1.33327 0.54162 -0.4995
0.0335 1.33327 0.54162 -0.4995
0.0345 1.33327 0.54162 -0.4995
0.0355 1.33327 0.54162 -0.4995
0.0365 1.33327 0.54162 -0.4995
0.0375 1.33327 0.54162 -0.4995
0.0385 1.33327 0.54162 -0.4995
0.0395 1.33327 0.54162 -0.4995
0.0405 1.33327 0.54162 -0.4995
0.0415 1.33327 0.54162 -0.4995
0.0425 1.33327 0.54162 -0.4995
0.0435 1.33327 0.54162 -0.4995
0.0445 1.33327 0.54162 -0.4995
0.0455 1.33327 0.54162 -0.4995
0.0465 1.33327 0.54162 -0.4995
0.0475 1.33327 0.54162 -0.4995
0.0485 1.33327 0.54162 -0.4995
0.0495 1.33327 0.54162 -0.4995
0.0505 1.33327 0.54162 -0.4995
0.0515 1.33327 0.54162 -0.4995
0.0525 1.33327 0.54162 -0.4995
0.0535 1.33327 0.54162 -0.4995
0.0545 1.33327 0.54162 -0.4995
0.0555 1.33327 0.54162 -0.4995
0.0565 1.33327 0.54162 -0.4995
0.0575 1.33327 0.54162 -0.4995
0.0585 1.33327 0.54162 -0.4995
0.0595 1.33327 0.54162 -0.4995
0.0605 1.33327 0.54162 -0.4995
0.0615 1.33327 0.54162 -0.4995
0.0625 1.33327 0.54162 -0.4995
0.0635 1.33327 0.54162 -0.4995
0.0645 1.33327 0.54162 -0.4995
0.0655 1.33327 0.54162 -0.4995
0.0665 1.33327 0.54162 -0.4995
0.0675 1.33327 0.54162 -0.4995
0.0685 1.33327 0.54162 -0.4995
0.0695 1.33327 0.54162 -0.4995
0.0705 1.33327 0.54162 -0.4995
0.0715 1.33327 0.54162 -0.4995
0.0725 1.33327 0.54162 -0.4995
0.0735 1.33327 0.54162 -0.4995
0.0745 1.33327 0.54162 -0.4995
0.0755 1.33327 0.54162 -0.4995
0.0765 1.33327 0.54162 -0.4995
0.0775 1.33327 0.54162 -0.4995
0.0785 1.33327 0.54162 -0.4995
0.0795 1.33327 0.54162 -0.4995
0.0805 1.33327 0.54162 -0.4995
0.0815 1.33327 0.54162 -0.4995
0.0825 1.33327 0.54162 -0.4995
0.0835 1.33327 0.54162 -0.4995
0.0845 1.33327 0.54162 -0.4995
0.0855 1.33327 0.54162 -0.4995
0.0865 1.33327 0.54162 -0.4995
0.0875 1.33327 0.54162 -0.4995
0.0885 1.33327 0.54162 -0.499499
0.0895 1.33327 0.54162 -0.499499
0.0905 1.33327 0.54162 -0.499498
0.0915 1.33327 0.54162 -0.499498
0.0925 1.33327 0.54162 -0.499497
0.0935 1.33327 0.54162 -0.499495
0.0945 1.33327 0.54162 -0.499493
0.0955 1.33327 0.54162 -0.49949
0.0965 1.33327 0.54162 -0.499486
0.0975 1.33327 0.54162 -0.499481
0.0985 1.33327 0.54162 -0.499475
0.0995 1.33327 0.54162 -0.499465
0.1005 1.33327 0.54162 -0.499454
0.1015 1.33327 0.54162 -0.499438
0.1025 1.33327 0.54162 -0.499419
0.1035 1.33327 0.54162 -0.499394
0.1045 1.33327 0.54162 -0.499363
0.1055 1.33327 0.54162 -0.499325
0.1065 1.33327 0.54162 -0.499277
0.1075 1.33327 0.54162 -0.499219
0.1085 1.33327 0.54162 -0.499148
0.1095 1.33327 0.54162 -0.499064
0.1105 1.33327 0.54162 -0.498963
0.1115 1.33327 0.54162 -0.498844
0.1125 1.33327 0.54162 -0.498704
0.1135 1.33327 0.54162 -0.498542
0.1145 1.33327 0.54162 -0.498355
0.1155 1.33327 0.54162 -0.498141
0.1165 1.33327 0.54162 -0.497898
0.1175 1.33327 0.54162 -0.497625
0.1185 1.33327 0.54162 -0.497318
0.1195 1.33327 0.54162 -0.496978
0.1205 1.33327 0.54162 -0.496602
0.1215 1.33326 0.54162 -0.496189
0.1225 1.33326 0.54162 -0.49574
0.1235 1.33326 0.54162 -0.495253
0.1245 1.33326 0.54162 -0.494728
0.1255 1.33326 0.54162 -0.494167
0.1265 1.33325 0.54162 -0.493568
0.1275 1.33325 0.54162 -0.492935
0.1285 1.33325 0.54162 -0.492266
0.1295 1.33325 0.54162 -0.491565
0.1305 1.33324 0.54162 -0.490833
0.1315 1.33324 0.54162 -0.490071
0.1325 1.33324 0.54162 -0.489281
0.1335 1.33323 0.54162 -0.488466
0.1345 1.33323 0.54162 -0.487627
0.1355 1.33322 0.54162 -0.486767
0.1365 1.33321 0.54162 -0.485888
0.1375 1.33321 0.54162 -0.484991
0.1385 1.3332 0.54162 -0.484079
0.1395 1.33319 0.54162 -0.483153
0.1405 1.33318 0.54162 -0.482215
0.1415 1.33318 0.54162 -0.481267
0.1425 1.33317 0.54162 -0.480309
0.1435 1.33315 0.54162 -0.479344
0.1445 1.33314 0.54162 -0.478372
0.1455 1.33313 0.54162 -0.477395
0.1465 1.33312 0.54162 -0.476412
0.1475 1.3331 0.54162 -0.475425
0.1485 1.33308 0.54162 -0.474434
0.1495 1.33306 0.54162 -0.47344
0.1505 1.33304 0.54162 -0.472443
0.1515 1.33301 0.54162 -0.471442
0.1525 1.33299 0.54162 -0.470439
0.1535 1.33296 0.54162 -0.469432
0.1545 1.33292 0.54162 -0.468422
0.1555 1.33288 0.54162 -0.467409
0.1565 1.33284 0.54162 -0.466392
0.1575 1.3328 0.54162 -0.46537
0.1585 1.33275 0.54162 -0.464343
0.1595 1.33269 0.54162 -0.463311
0.1605 1.33263 0.54162 -0.462273
0.1615 1.33257 0.54162 -0.461228
0.1625 1.33251 0.54162 -0.460175
0.1635 1.33244 0.54162 -0.459115
0.1645 1.33236 0.54162 -0.458045
0.1655 1.33228 0.54162 -0.456966
0.1665 1.3322 0.54162 -0.455877
0.1675 1.33212 0.54162 -0.454777
0.1685 1.33203 0.54162 -0.453666
0.1695 1.33194 0.54162 -0.452543
0.1705 1.33187 0.54162 -0.451408
0.1715 1.33183 0.54162 -0.450261
0.1725 1.33181 0.54162 -0.449102
0.1735 1.3318 0.54162 -0.44793
0.1745 1.3318 0.54162 -0.446746
0.1755 1.3318 0.54162 -0.44555
0.1765 1.3318 0.54162 -0.444342
0.1775 1.33181 0.54162 -0.443123
0.1785 1.33181 0.54162 -0.441892
0.1795 1.33182 0.54162 -0.440651
0.1805 1.33183 0.54162 -0.4394
0.1815 1.33184 0.54162 -0.43814
0.1825 1.33186 0.54162 -0.436871
0.1835 1.33188 0.54162 -0.435595
0.1845 1.3319 0.54162 -0.434311
0.1855 1.33194 0.54162 -0.43302
0.1865 1.33197 0.54162 -0.431724
0.1875 1.33202 0.54162 -0.430422
0.1885 1.33207 0.54162 -0.429116
0.1895 1.33214 0.54162 -0.427805
0.1905 1.33221 0.54162 -0.426491
0.1915 1.33228 0.54162 -0.425174
0.1925 1.33237 0.54162 -0.423854
0.1935 1.33246 0.54162 -0.422532
0.1945 1.33255 0.54162 -0.421208
0.1955 1.33265 0.54162 -0.419882
0.1965 1.33275 0.54162 -0.418555
0.1975 1.33285 0.54162 -0.417227
0.1985 1.33293 0.54162 -0.415898
0.1995 1.333 0.54162 -0.414568
0.2005 1.33304 0.54162 -0.413237
0.2015 1.33308 0.54162 -0.411906
0.2025 1.3331 0.54162 -0.410574
0.2035 1.33311 0.54162 -0.409243
0.2045 1.33313 0.54162 -0.407911
0.2055 1.33313 0.54162 -0.406578
0.2065 1.33314 0.54162 -0.405246
0.2075 1.33315 0.54162 -0.403913
0.2085 1.33316 0.54162 -0.40258
0.2095 1.33316 0.54162 -0.401248
0.2105 1.33317 0.54162 -0.399915
0.2115 1.33318 0.54162 -0.398582
0.2125 1.33318 0.54162 -0.397249
0.2135 1.33319 0.54162 -0.395916
0.2145 1.3332 0.54162 -0.394583
0.2155 1.33321 0.54162 -0.39325
0.2165 1.33321 0.54162 -0.391916
0.2175 1.33322 0.54162 -0.390583
0.2185 1.33323 0.54162 -0.38925
0.2195 1.33323 0.54162 -0.387917
0.2205 1.33324 0.54162 -0.386584
0.2215 1.33324 0.54162 -0.385251
0.2225 1.33324 0.54162 -0.383918
0.2235 1.33324 0.54162 -0.382584
0.2245 1.33324 0.54162 -0.381251
0.2255 1.33325 0.54162 -0.379918
0.2265 1.33325 0.54162 -0.378585
0.2275 1.33325 0.54162 -0.377251
0.2285 1.33325 0.54162 -0.375918
0.2295 1.33325 0.54162 -0.374585
0.2305 1.33326 0.54162 -0.373252
0.2315 1.33326 0.54162 -0.371919
0.2325 1.33326 0.54162 -0.370585
0.2335 1.33326 0.54162 -0.369252
0.2345 1.33326 0.54162 -0.367919
0.2355 1.33326 0.54162 -0.366586
0.2365 1.33327 0.54162 -0.365252
0.2375 1.33327 0.54162 -0.363919
0.2385 1.33327 0.54162 -0.362586
0.2395 1.33327 0.54162 -0.361253
0.2405 1.33327 0.54162 -0.359919
0.2415 1.33328 0.54162 -0.358586
0.2425 1.33328 0.54162 -0.357253
0.2435 1.33328 0.54162 -0.35592
0.2445 1.33328 0.54162 -0.354586
0.2455 1.33328 0.54162 -0.353253
0.2465 1.33328 0.54162 -0.35192
0.2475 1.33328 0.54162 -0.350587
0.2485 1.33328 0.54162 -0.349253
0.2495 1.33328 0.54162 -0.34792
0.2505 1.33329 0.54162 -0.346587
0.2515 1.33329 0.54162 -0.345253
0.2525 1.33329 0.54162 -0.34392
0.2535 1.33329 0.54162 -0.342587
0.2545 1.33329 0.54162 -0.341254
0.2555 1.33329 0.54162 -0.33992
0.2565 1.33329 0.54162 -0.338587
0.2575 1.33329 0.54162 -0.337254
0.2585 1.33329 0.54162 -0.33592
0.2595 1.3333 0.54162 -0.334587
0.2605 1.3333 0.54162 -0.333254
0.2615 1.3333 0.54162 -0.33192
0.2625 1.3333 0.54162 -0.330587
0.2635 1.3333 0.54162 -0.329254
0.2645 1.3333 0.54162 -0.327921
0.2655 1.3333 0.54162 -0.326587
0.2665 1.3333 0.54162 -0.325254
0.2675 1.3333 0.54162 -0.323921
0.2685 1.3333 0.54162 -0.322587
0.2695 1.3333 0.54162 -0.321254
0.2705 1.3333 0.54162 -0.319921
0.2715 1.3333 0.54162 -0.318587
0.2725 1.3333 0.54162 -0.317254
0.2735 1.3333 0.54162 -0.315921
0.2745 1.3333 0.54162 -0.314588
0.2755 1.3333 0.54162 -0.313254
0.2765 1.3333 0.54162 -0.311921
0.2775 1.3333 0.54162 -0.310588
0.2785 1.3333 0.54162 -0.309254
0.2795 1.3333 0.54162 -0.307921
0.2805 1.3333 0.54162 -0.306588
0.2815 1.3333 0.54162 -0.305255
0.2825 1.3333 0.54162 -0.303921
0.2835 1.3333 0.54162 -0.302588
0.2845 1.3333 0.54162 -0.301255
0.2855 1.3333 0.54162 -0.299921
0.2865 1.3333 0.54162 -0.298588
0.2875 1.3333 0.54162 -0.297255
0.2885 1.3333 0.54162 -0.295922
0.2895 1.3333 0.54162 -0.294588
0.2905 1.3333 0.54162 -0.293255
0.2915 1.3333 0.54162 -0.291922
0.2925 1.3333 0.54162 -0.290588
0.2935 1.3333 0.54162 -0.289255
0.2945 1.3333 0.54162 -0.287922
0.2955 1.3333 0.54162 -0.286588
0.2965 1.3333 0.54162 -0.285255
0.2975 1.3333 0.54162 -0.283922
0.2985 1.3333 0.54162 -0.282588
0.2995 1.3333 0.54162 -0.281255
0.3005 1.3333 0.54162 -0.279922
0.3015 1.3333 0.54162 -0.278588
0.3025 1.3333 0.54162 -0.277255
0.3035 1.3333 0.54162 -0.275922
0.3045 1.3333 0.54162 -0.274589
0.3055 1.3333 0.54162 -0.273255
0.3065 1.3333 0.54162 -0.271922
0.3075 1.3333 0.54162 -0.270589
0.3085 1.3333 0.54162 -0.269255
0.3095 1.3333 0.54162 -0.267922
0.3105 1.3333 0.54162 -0.266589
0.3115 1.3333 0.54162 -0.265256
0.3125 1.3333 0.54162 -0.263922
0.3135 1.3333 0.54162 -0.262589
0.3145 1.3333 0.54162 -0.261256
0.3155 1.3333 0.54162 -0.259922
0.3165 1.3333 0.54162 -0.258589
0.3175 1.3333 0.54162 -0.257256
0.3185 1.3333 0.54162 -0.255922
0.3195 1.3333 0.54162 -0.254589
0.3205 1.3333 0.54162 -0.253256
0.3215 1.3333 0.54162 -0.251923
0.3225 1.3333 0.54162 -0.250589
0.3235 1.3333 0.54162 -0.249256
0.3245 1.3333 0.54162 -0.247923
0.3255 1.3333 0.54162 -0.246589
0.3265 1.3333 0.54162 -0.245256
0.3275 1.3333 0.54162 -0.243923
0.3285 1.3333 0.54162 -0.242589
0.3295 1.3333 0.54162 -0.241256
0.3305 1.3333 0.54162 -0.239923
0.3315 1.33331 0.54162 -0.238589
0.3325 1.33331 0.54162 -0.237256
0.3335 1.33331 0.54162 -0.235923
0.3345 1.33331 0.54162 -0.234589
0.3355 1.33331 0.54162 -0.233256
0.3365 1.33331 0.54162 -0.231923
0.3375 1.33331 0.54162 -0.230589
0.3385 1.33331 0.54162 -0.229256
0.3395 1.33331 0.54162 -0.227923
0.3405 1.33331 0.54162 -0.22659
0.3415 1.33331 0.54162 -0.225256
0.3425 1.33331 0.54162 -0.223923
0.3435 1.33331 0.54162 -0.22259
0.3445 1.33331 0.54162 -0.221256
0.3455 1.33331 0.54162 -0.219923
0.3465 1.33331 0.54162 -0.21859
0.3475 1.33331 0.54162 -0.217257
0.3485 1.33331 0.54162 -0.215923
0.3495 1.33331 0.54162 -0.21459
0.3505 1.33331 0.54162 -0.213257
0.3515 1.33331 0.54162 -0.211923
0.3525 1.33331 0.54162 -0.21059
0.3535 1.33331 0.54162 -0.209257
0.3545 1.33331 0.54162 -0.207923
0.3555 1.33331 0.54162 -0.20659
0.3565 1.33331 0.54162 -0.205257
0.3575 1.33331 0.54162 -0.203924
0.3585 1.33331 0.54162 -0.20259
0.3595 1.33331 0.54162 -0.201257
0.3605 1.33331 0.54162 -0.199924
0.3615 1.33331 0.54162 -0.19859
0.3625 1.33331 0.54162 -0.197257
0.3635 1.33331 0.54162 -0.195924
0.3645 1.33331 0.54162 -0.19459
0.3655 1.3333 0.54162 -0.193257
0.3665 1.3333 0.54162 -0.191924
0.3675 1.3333 0.54162 -0.19059
0.3685 1.3333 0.54162 -0.189257
0.3695 1.3333 0.54162 -0.187924
0.3705 1.3333 0.54162 -0.18659
0.3715 1.3333 0.54162 -0.185257
0.3725 1.3333 0.54162 -0.183924
0.3735 1.3333 0.54162 -0.18259
0.3745 1.3333 0.54162 -0.181257
0.3755 1.3333 0.54162 -0.179924
0.3765 1.3333 0.54162 -0.178591
0.3775 1.3333 0.54162 -0.177257
0.3785 1.3333 0.54162 -0.175924
0.3795 1.3333 0.54162 -0.174591
0.3805 1.3333 0.54162 -0.173258
0.3815 1.3333 0.54162 -0.171924
0.3825 1.3333 0.54162 -0.170591
0.3835 1.33329 0.54162 -0.169258
0.3845 1.33329 0.54162 -0.167924
0.3855 1.33329 0.54162 -0.166591
0.3865 1.33329 0.54162 -0.165258
0.3875 1.33329 0.54162 -0.163925
0.3885 1.33328 0.54162 -0.162591
0.3895 1.33328 0.54162 -0.161258
0.3905 1.33327 0.54162 -0.159925
0.3915 1.33327 0.54162 -0.158591
0.3925 1.33326 0.54162 -0.157258
0.3935 1.33326 0.54162 -0.155925
0.3945 1.33325 0.54162 -0.154592
0.3955 1.33324 0.54162 -0.153258
0.3965 1.33323 0.54162 -0.151925
0.3975 1.33322 0.54162 -0.150592
0.3985 1.33321 0.54162 -0.149259
0.3995 1.3332 0.54162 -0.147925
0.4005 1.33318 0.54162 -0.146592
0.4015 1.33317 0.54162 -0.145259
0.4025 1.33315 0.54162 -0.143926
0.4035 1.33313 0.54162 -0.142593
0.4045 1.33311 0.54162 -0.141259
0.4055 1.33309 0.54162 -0.139926
0.4065 1.33306 0.54162 -0.138593
0.4075 1.33303 0.54162 -0.13726
0.4085 1.333 0.54162 -0.135927
0.4095 1.33296 0.54162 -0.134594
0.4105 1.33292 0.54162 -0.133261
0.4115 1.33287 0.54162 -0.131929
0.4125 1.33282 0.54162 -0.130596
0.4135 1.33276 0.54162 -0.129263
0.4145 1.33269 0.54162 -0.12793
0.4155 1.33262 0.54162 -0.126598
0.4165 1.33253 0.54162 -0.125265
0.4175 1.33244 0.54162 -0.123933
0.4185 1.33234 0.54162 -0.1226
0.4195 1.33222 0.54162 -0.121268
0.4205 1.3321 0.54162 -0.119936
0.4215 1.33196 0.54162 -0.118604
0.4225 1.3318 0.54162 -0.117272
0.4235 1.33164 0.54162 -0.11594
0.4245 1.33145 0.54162 -0.114608
0.4255 1.33124 0.54162 -0.113277
0.4265 1.33102 0.54162 -0.111946
0.4275 1.33077 0.54162 -0.110615
0.4285 1.33049 0.54162 -0.109284
0.4295 1.33019 0.54162 -0.107954
0.4305 1.32986 0.54162 -0.106624
0.4315 1.3295 0.54162 -0.105294
0.4325 1.3291 0.54162 -0.103965
0.4335 1.32866 0.54162 -0.102636
0.4345 1.32818 0.54162 -0.101307
0.4355 1.32766 0.54162 -0.0999793
0.4365 1.32709 0.54162 -0.0986519
0.4375 1.32646 0.54162 -0.0973251
0.4385 1.32577 0.54162 -0.0959989
0.4395 1.32503 0.54162 -0.0946735
0.4405 1.32421 0.54162 -0.0933489
0.4415 1.32332 0.54162 -0.0920251
0.4425 1.32235 0.54162 -0.0907022
0.4435 1.32129 0.54162 -0.0893804
0.4445 1.32014 0.54162 -0.0880597
0.4455 1.31888 0.54162 -0.0867401
0.4465 1.31751 0.54162 -0.0854219
0.4475 1.31602 0.54162 -0.0841051
0.4485 1.3144 0.54162 -0.0827898
0.4495 1.31264 0.54162 -0.0814762
0.4505 1.31073 0.54162 -0.0801645
0.4515 1.30865 0.54162 -0.0788547
0.4525 1.30641 0.54162 -0.0775471
0.4535 1.30398 0.54162 -0.0762418
0.4545 1.30136 0.54162 -0.0749391
0.4555 1.29855 0.54162 -0.073639
0.4565 1.29552 0.54162 -0.0723419
0.4575 1.29229 0.54162 -0.0710479
0.4585 1.28883 0.54162 -0.0697573
0.4595 1.28517 0.54162 -0.0684703
0.4605 1.28128 0.54162 -0.067187
0.4615 1.27718 0.54162 -0.0659078
0.4625 1.27287 0.54162 -0.0646328
0.4635 1.26835 0.54162 -0.0633622
0.4645 1.26363 0.54162 -0.0620962
0.4655 1.25871 0.54162 -0.060835
0.4665 1.25358 0.54162 -0.0595789
0.4675 1.24826 0.54162 -0.0583279
0.4685 1.24274 0.54162 -0.0570823
0.4695 1.23703 0.54162 -0.0558423
0.4705 1.2311 0.54162 -0.054608
0.4715 1.22501 0.54162 -0.0533797
0.4725 1.21871 0.54162 -0.0521575
0.4735 1.21245 0.54162 -0.0509415
0.4745 1.20669 0.54162 -0.0497312
0.4755 1.20161 0.54162 -0.0485259
0.4765 1.19715 0.54162 -0.0473247
0.4775 1.19313 0.54162 -0.0461267
0.4785 1.18931 0.54162 -0.0449313
0.4795 1.18585 0.54162 -0.0437375
0.4805 1.18229 0.54162 -0.0425449
0.4815 1.17879 0.54162 -0.0413531
0.4825 1.17548 0.541507 -0.0401621
0.4835 1.17215 0.540995 -0.038972
0.4845 1.16845 0.539718 -0.0377832
0.4855 1.16448 0.537968 -0.036596
0.4865 1.16034 0.536485 -0.0354105
0.4875 1.15604 0.535202 -0.0342267
0.4885 1.15116 0.533916 -0.0330442
0.4895 1.14575 0.532409 -0.0318622
0.4905 1.14126 0.530771 -0.0306804
0.4915 1.13653 0.529111 -0.0294985
0.4925 1.13062 0.527339 -0.0283168
0.4935 1.12422 0.525729 -0.0271358
0.4945 1.11738 0.523538 -0.0259558
0.4955 1.10995 0.52048 -0.0247774
0.4965 1.10136 0.517035 -0.0236007
0.4975 1.09105 0.513319 -0.0224257
0.4985 1.07877 0.509488 -0.0212524
0.4995 1.06438 0.505753 -0.0200801
0.5005 1.04776 0.501062 -0.0189082
0.5015 1.02868 0.495702 -0.0177362
0.5025 1.00674 0.490806 -0.0165635
0.5035 0.981357 0.485958 -0.0153897
0.5045 0.95189 0.480788 -0.0142147
0.5055 0.917859 0.475392 -0.0130385
0.5065 0.87901 0.469576 -0.0118612
0.5075 0.835574 0.462908 -0.0106827
0.5085 0.787341 0.455969 -0.00950314
0.5095 0.735218 0.449084 -0.00832249
0.5105 0.676982 0.441306 -0.00714101
0.5115 0.617439 0.431591 -0.00595929
0.5125 0.573556 0.420885 -0.0047785
0.5135 0.551138 0.409654 -0.00360041
0.5145 0.543875 0.395684 -0.00242717
0.5155 0.542304 0.379146 -0.0012607
0.5165 0.541677 0.362062 -0.00010166
0.5175 0.541616 0.342128 0.0010561
0.5185 0.54162 0.317693 0.00221436
0.5195 0.54162 0.291837 0.00337266
0.5205 0.54162 0.263958 0.00453044
0.5215 0.54162 0.231961 0.00568732
0.5225 0.54162 0.201826 0.00684315
0.5235 0.54162 0.181126 0.00799804
0.5245 0.54162 0.170599 0.00915216
0.5255 0.54162 0.166396 0.0103057
0.5265 0.54162 0.164604 0.0114589
0.5275 0.54162 0.163534 0.0126119
0.5285 0.54162 0.162699 0.0137647
0.5295 0.54162 0.161881 0.0149175
0.5305 0.54162 0.161132 0.0160703
0.5315 0.54162 0.16042 0.0172231
0.5325 0.54162 0.159754 0.018376
0.5335 0.54162 0.159392 0.019529
0.5345 0.54162 0.159187 0.0206821
0.5355 0.54162 0.159138 0.0218353
0.5365 0.54162 0.159105 0.0229886
0.5375 0.54162 0.159077 0.0241419
0.5385 0.54162 0.159062 0.0252954
0.5395 0.54162 0.159061 0.0264489
0.5405 0.54162 0.159062 0.0276024
0.5415 0.54162 0.159066 0.028756
0.5425 0.54162 0.159073 0.0299096
0.5435 0.54162 0.159079 0.0310633
0.5445 0.54162 0.159086 0.0322171
0.5455 0.54162 0.159091 0.0333708
0.5465 0.54162 0.159098 0.0345247
0.5475 0.54162 0.159103 0.0356785
0.5485 0.54162 0.15911 0.0368324
0.5495 0.54162 0.159116 0.0379864
0.5505 0.54162 0.159123 0.0391404
0.5515 0.54162 0.159132 0.0402944
0.5525 0.54162 0.159139 0.0414485
0.5535 0.54162 0.159147 0.0426027
0.5545 0.54162 0.159155 0.0437568
0.5555 0.54162 0.159162 0.0449111
0.5565 0.54162 0.159169 0.0460653
0.5575 0.54162 0.159176 0.0472196
0.5585 0.54162 0.159185 0.048374
0.5595 0.54162 0.159192 0.0495284
0.5605 0.54162 0.159202 0.0506828
0.5615 0.54162 0.159209 0.0518373
0.5625 0.54162 0.159218 0.0529919
0.5635 0.54162 0.159226 0.0541466
0.5645 0.54162 0.159235 0.0553013
0.5655 0.54162 0.159243 0.056456
0.5665 0.54162 0.159253 0.0576109
0.5675 0.54162 0.159261 0.0587658
0.5685 0.54162 0.159272 0.0599207
0.5695 0.54162 0.159281 0.0610758
0.5705 0.54162 0.159292 0.0622309
0.5715 0.54162 0.1593 0.0633861
0.5725 0.54162 0.15931 0.0645413
0.5735 0.54162 0.159319 0.0656967
0.5745 0.54162 0.159329 0.0668521
0.5755 0.54162 0.15934 0.0680076
0.5765 0.54162 0.159349 0.0691631
0.5775 0.54162 0.15936 0.0703188
0.5785 0.54162 0.15937 0.0714745
0.5795 0.54162 0.159381 0.0726304
0.5805 0.54162 0.159391 0.0737862
0.5815 0.54162 0.159402 0.0749422
0.5825 0.54162 0.159412 0.0760982
0.5835 0.54162 0.159423 0.0772543
0.5845 0.54162 0.159433 0.0784104
0.5855 0.54162 0.159443 0.0795666
0.5865 0.54162 0.159452 0.0807229
0.5875 0.54162 0.159462 0.0818793
0.5885 0.54162 0.15947 0.0830357
0.5895 0.54162 0.159478 0.0841922
0.5905 0.54162 0.159486 0.0853487
0.5915 0.54162 0.159494 0.0865053
0.5925 0.54162 0.159502 0.087662
0.5935 0.54162 0.159509 0.0888187
0.5945 0.54162 0.159513 0.0899755
0.5955 0.54162 0.159515 0.0911323
0.5965 0.54162 0.159515 0.0922891
0.5975 0.54162 0.159515 0.0934459
0.5985 0.54162 0.159513 0.0946027
0.5995 0.54162 0.159511 0.0957595
0.6005 0.54162 0.159507 0.0969162
0.6015 0.54162 0.159501 0.098073
0.6025 0.54162 0.159492 0.0992297
0.6035 0.54162 0.159481 0.100386
0.6045 0.54162 0.159466 0.101543
0.6055 0.54162 0.159448 0.102699
0.6065 0.54162 0.159423 0.103855
0.6075 0.54162 0.159399 0.105011
0.6085 0.54162 0.159364 0.106167
0.6095 0.54162 0.159331 0.107322
0.6105 0.54162 0.159278 0.108477
0.6115 0.54162 0.159231 0.109632
0.6125 0.54162 0.159156 0.110787
0.6135 0.54162 0.159089 0.11194
0.6145 0.54162 0.158987 0.113093
0.6155 0.54162 0.158896 0.114246
0.6165 0.54162 0.158755 0.115397
0.6175 0.54162 0.158624 0.116547
0.6185 0.54162 0.158401 0.117696
0.6195 0.54162 0.158152 0.118843
0.6205 0.54162 0.157635 0.119987
0.6215 0.54162 0.156955 0.121125
0.6225 0.54162 0.155523 0.122254
0.6235 0.54162 0.153293 0.123366
0.6245 0.54162 0.148958 0.124448
0.6255 0.54162 0.142971 0.125489
0.6265 0.54162 0.138876 0.126498
0.6275 0.54162 0.138043 0.1275
0.6285 0.54162 0.137921 0.1285
0.6295 0.54162 0.137904 0.1295
0.6305 0.54162 0.137901 0.1305
0.6315 0.54162 0.1379 0.1315
0.6325 0.54162 0.1379 0.1325
0.6335 0.54162 0.1379 0.1335
0.6345 0.54162 0.1379 0.1345
0.6355 0.54162 0.1379 0.1355
0.6365 0.54162 0.1379 0.1365
0.6375 0.54162 0.1379 0.1375
0.6385 0.54162 0.1379 0.1385
0.6395 0.54162 0.1379 0.1395
0.6405 0.54162 0.1379 0.1405
0.6415 0.54162 0.1379 0.1415
0.6425 0.54162 0.1379 0.1425
0.6435 0.54162 0.1379 0.1435
0.6445 0.54162 0.1379 0.1445
0.6455 0.54162 0.1379 0.1455
0.6465 0.54162 0.1379 0.1465
0.6475 0.54162 0.1379 0.1475
0.6485 0.54162 0.1379 0.1485
0.6495 0.54162 0.1379 0.1495
0.6505 0.54162 0.1379 0.1505
0.6515 0.54162 0.1379 0.1515
0.6525 0.54162 0.1379 0.1525
0.6535 0.54162 0.1379 0.1535
0.6545 0.54162 0.1379 0.1545
0.6555 0.54162 0.1379 0.1555
0.6565 0.54162 0.1379 0.1565
0.6575 0.54162 0.1379 0.1575
0.6585 0.54162 0.1379 0.1585
0.6595 0.54162 0.1379 0.1595
0.6605 0.54162 0.1379 0.1605
0.6615 0.54162 0.1379 0.1615
0.6625 0.54162 0.1379 0.1625
0.6635 0.54162 0.1379 0.1635
0.6645 0.54162 0.1379 0.1645
0.6655 0.54162 0.1379 0.1655
0.6665 0.54162 0.1379 0.1665
0.6675 0.54162 0.1379 0.1675
0.6685 0.54162 0.1379 0.1685
0.6695 0.54162 0.1379 0.1695
0.6705 0.54162 0.1379 0.1705
0.6715 0.54162 0.1379 0.1715
0.6725 0.54162 0.1379 0.1725
0.6735 0.54162 0.1379 0.1735
0.6745 0.54162 0.1379 0.1745
0.6755 0.54162 0.1379 0.1755
0.6765 0.54162 0.1379 0.1765
0.6775 0.54162 0.1379 0.1775
0.6785 0.54162 0.1379 0.1785
0.6795 0.54162 0.1379 0.1795
0.6805 0.54162 0.1379 0.1805
0.6815 0.54162 0.1379 0.1815
0.6825 0.54162 0.1379 0.1825
0.6835 0.54162 0.1379 0.1835
0.6845 0.54162 0.1379 0.1845
0.6855 0.54162 0.1379 0.1855
0.6865 0.54162 0.1379 0.1865
0.6875 0.54162 0.1379 0.1875
0.6885 0.54162 0.1379 0.1885
0.6895 0.54162 0.1379 0.1895
0.6905 0.54162 0.1379 0.1905
0.6915 0.54162 0.1379 0.1915
0.6925 0.54162 0.1379 0.1925
0.6935 0.54162 0.1379 0.1935
0.6945 0.54162 0.1379 0.1945
0.6955 0.54162 0.1379 0.1955
0.6965 0.54162 0.1379 0.1965
0.6975 0.54162 0.1379 0.1975
0.6985 0.54162 0.1379 0.1985
0.6995 0.54162 0.1379 0.1995
0.7005 0.54162 0.1379 0.2005
0.7015 0.54162 0.1379 0.2015
0.7025 0.54162 0.1379 0.2025
0.7035 0.54162 0.1379 0.2035
0.7045 0.54162 0.1379 0.2045
0.7055 0.54162 0.1379 0.2055
0.7065 0.54162 0.1379 0.2065
0.7075 0.54162 0.1379 0.2075
0.7085 0.54162 0.1379 0.2085
0.7095 0.54162 0.1379 0.2095
0.7105 0.54162 0.1379 0.2105
0.7115 0.54162 0.1379 0.2115
0.7125 0.54162 0.1379 0.2125
0.7135 0.54162 0.1379 0.2135
0.7145 0.54162 0.1379 0.2145
0.7155 0.54162 0.1379 0.2155
0.7165 0.54162 0.1379 0.2165
0.7175 0.54162 0.1379 0.2175
0.7185 0.54162 0.1379 0.2185
0.7195 0.54162 0.1379 0.2195
0.7205 0.54162 0.1379 0.2205
0.7215 0.54162 0.1379 0.2215
0.7225 0.54162 0.1379 0.2225
0.7235 0.54162 0.1379 0.2235
0.7245 0.54162 0.1379 0.2245
0.7255 0.54162 0.1379 0.2255
0.7265 0.54162 0.1379 0.2265
0.7275 0.54162 0.1379 0.2275
0.7285 0.54162 0.1379 0.2285
0.7295 0.54162 0.1379 0.2295
0.7305 0.54162 0.1379 0.2305
0.7315 0.54162 0.1379 0.2315
0.7325 0.54162 0.1379 0.2325
0.7335 0.54162 0.1379 0.2335
0.7345 0.54162 0.1379 0.2345
0.7355 0.54162 0.1379 0.2355
0.7365 0.54162 0.1379 0.2365
0.7375 0.54162 0.1379 0.2375
0.7385 0.54162 0.1379 0.2385
0.7395 0.54162 0.1379 0.2395
0.7405 0.54162 0.1379 0.2405
0.7415 0.54162 0.1379 0.2415
0.7425 0.54162 0.1379 0.2425
0.7435 0.54162 0.1379 0.2435
0.7445 0.54162 0.1379 0.2445
0.7455 0.54162 0.1379 0.2455
0.7465 0.54162 0.1379 0.2465
0.7475 0.54162 0.1379 0.2475
0.7485 0.54162 0.1379 0.2485
0.7495 0.54162 0.1379 0.2495
0.7505 0.54162 0.1379 0.2505
0.7515 0.54162 0.1379 0.2515
0.7525 0.54162 0.1379 0.2525
0.7535 0.54162 0.1379 0.2535
0.7545 0.54162 0.1379 0.2545
0.7555 0.54162 0.1379 0.2555
0.7565 0.54162 0.1379 0.2565
0.7575 0.54162 0.1379 0.2575
0.7585 0.54162 0.1379 0.2585
0.7595 0.54162 0.1379 0.2595
0.7605 0.54162 0.1379 0.2605
0.7615 0.54162 0.1379 0.2615
0.7625 0.54162 0.1379 0.2625
0.7635 0.54162 0.1379 0.2635
0.7645 0.54162 0.1379 0.2645
0.7655 0.54162 0.1379 0.2655
0.7665 0.54162 0.1379 0.2665
0.7675 0.54162 0.1379 0.2675
0.7685 0.54162 0.1379 0.2685
0.7695 0.54162 0.1379 0.2695
0.7705 0.54162 0.1379 0.2705
0.7715 0.54162 0.1379 0.2715
0.7725 0.54162 0.1379 0.2725
0.7735 0.54162 0.1379 0.2735
0.7745 0.54162 0.1379 0.2745
0.7755 0.54162 0.1379 0.2755
0.7765 0.54162 0.1379 0.2765
0.7775 0.54162 0.1379 0.2775
0.7785 0.54162 0.1379 0.2785
0.7795 0.54162 0.1379 0.2795
0.7805 0.54162 0.1379 0.2805
0.7815 0.54162 0.1379 0.2815
0.7825 0.54162 0.1379 0.2825
0.7835 0.54162 0.1379 0.2835
0.7845 0.54162 0.1379 0.2845
0.7855 0.54162 0.1379 0.2855
0.7865 0.54162 0.1379 0.2865
0.7875 0.54162 0.1379 0.2875
0.7885 0.54162 0.1379 0.2885
0.7895 0.54162 0.1379 0.2895
0.7905 0.54162 0.1379 0.2905
0.7915 0.54162 0.1379 0.2915
0.7925 0.54162 0.1379 0.2925
0.7935 0.54162 0.1379 0.2935
0.7945 0.54162 0.1379 0.2945
0.7955 0.54162 0.1379 0.2955
0.7965 0.54162 0.1379 0.2965
0.7975 0.54162 0.1379 0.2975
0.7985 0.54162 0.1379 0.2985
0.7995 0.54162 0.1379 0.2995
0.8005 0.54162 0.1379 0.3005
0.8015 0.54162 0.1379 0.3015
0.8025 0.54162 0.1379 0.3025
0.8035 0.54162 0.1379 0.3035
0.8045 0.54162 0.1379 0.3045
0.8055 0.54162 0.1379 0.3055
0.8065 0.54162 0.1379 0.3065
0.8075 0.54162 0.1379 0.3075
0.8085 0.54162 0.1379 0.3085
0.8095 0.54162 0.1379 0.3095
0.8105 0.54162 0.1379 0.3105
0.8115 0.54162 0.1379 0.3115
0.8125 0.54162 0.1379 0.3125
0.8135 0.54162 0.1379 0.3135
0.8145 0.54162 0.1379 0.3145
0.8155 0.54162 0.1379 0.3155
0.8165 0.54162 0.1379 0.3165
0.8175 0.54162 0.1379 0.3175
0.8185 0.54162 0.1379 0.3185
0.8195 0.54162 0.1379 0.3195
0.8205 0.54162 0.1379 0.3205
0.8215 0.54162 0.1379 0.3215
0.8225 0.54162 0.1379 0.3225
0.8235 0.54162 0.1379 0.3235
0.8245 0.54162 0.1379 0.3245
0.8255 0.54162 0.1379 0.3255
0.8265 0.54162 0.1379 0.3265
0.8275 0.54162 0.1379 0.3275
0.8285 0.54162 0.1379 0.3285
0.8295 0.54162 0.1379 0.3295
0.8305 0.54162 0.1379 0.3305
0.8315 0.54162 0.1379 0.3315
0.8325 0.54162 0.1379 0.3325
0.8335 0.54162 0.1379 0.3335
0.8345 0.54162 0.1379 0.3345
0.8355 0.54162 0.1379 0.3355
0.8365 0.54162 0.1379 0.3365
0.8375 0.54162 0.1379 0.3375
0.8385 0.54162 0.1379 0.3385
0.8395 0.54162 0.1379 0.3395
0.8405 0.54162 0.1379 0.3405
0.8415 0.54162 0.1379 0.3415
0.8425 0.54162 0.1379 0.3425
0.8435 0.54162 0.1379 0.3435
0.8445 0.54162 0.1379 0.3445
0.8455 0.54162 0.1379 0.3455
0.8465 0.54162 0.1379 0.3465
0.8475 0.54162 0.1379 0.3475
0.8485 0.54162 0.1379 0.3485
0.8495 0.54162 0.1379 0.3495
0.8505 0.54162 0.1379 0.3505
0.8515 0.54162 0.1379 0.3515
0.8525 0.54162 0.1379 0.3525
0.8535 0.54162 0.1379 0.3535
0.8545 0.54162 0.1379 0.3545
0.8555 0.54162 0.1379 0.3555
0.8565 0.54162 0.1379 0.3565
0.8575 0.54162 0.1379 0.3575
0.8585 0.54162 0.1379 0.3585
0.8595 0.54162 0.1379 0.3595
0.8605 0.54162 0.1379 0.3605
0.8615 0.54162 0.1379 0.3615
0.8625 0.54162 0.1379 0.3625
0.8635 0.54162 0.1379 0.3635
0.8645 0.54162 0.1379 0.3645
0.8655 0.54162 0.1379 0.3655
0.8665 0.54162 0.1379 0.3665
0.8675 0.54162 0.1379 0.3675
0.8685 0.54162 0.1379 0.3685
0.8695 0.54162 0.1379 0.3695
0.8705 0.54162 0.1379 0.3705
0.8715 0.54162 0.1379 0.3715
0.8725 0.54162 0.1379 0.3725
0.8735 0.54162 0.1379 0.3735
0.8745 0.54162 0.1379 0.3745
0.8755 0.54162 0.1379 0.3755
0.8765 0.54162 0.1379 0.3765
0.8775 0.54162 0.1379 0.3775
0.8785 0.54162 0.1379 0.3785
0.8795 0.54162 0.1379 0.3795
0.8805 0.54162 0.1379 0.3805
0.8815 0.54162 0.1379 0.3815
0.8825 0.54162 0.1379 0.3825
0.8835 0.54162 0.1379 0.3835
0.8845 0.54162 0.1379 0.3845
0.8855 0.54162 0.1379 0.3855
0.8865 0.54162 0.1379 0.3865
0.8875 0.54162 0.1379 0.3875
0.8885 0.54162 0.1379 0.3885
0.8895 0.54162 0.1379 0.3895
0.8905 0.54162 0.1379 0.3905
0.8915 0.54162 0.1379 0.3915
0.8925 0.54162 0.1379 0.3925
0.8935 0.54162 0.1379 0.3935
0.8945 0.54162 0.1379 0.3945
0.8955 0.54162 0.1379 0.3955
0.8965 0.54162 0.1379 0.3965
0.8975 0.54162 0.1379 0.3975
0.8985 0.54162 0.1379 0.3985
0.8995 0.54162 0.1379 0.3995
0.9005 0.54162 0.1379 0.4005
0.9015 0.54162 0.1379 0.4015
0.9025 0.54162 0.1379 0.4025
0.9035 0.54162 0.1379 0.4035
0.9045 0.54162 0.1379 0.4045
0.9055 0.54162 0.1379 0.4055
0.9065 0.54162 0.1379 0.4065
0.9075 0.54162 0.1379 0.4075
0.9085 0.54162 0.1379 0.4085
0.9095 0.54162 0.1379 0.4095
0.9105 0.54162 0.1379 0.4105
0.9115 0.54162 0.1379 0.4115
0.9125 0.54162 0.1379 0.4125
0.9135 0.54162 0.1379 0.4135
0.9145 0.54162 0.1379 0.4145
0.9155 0.54162 0.1379 0.4155
0.9165 0.54162 0.1379 0.4165
0.9175 0.54162 0.1379 0.4175
0.9185 0.54162 0.1379 0.4185
0.9195 0.54162 0.1379 0.4195
0.9205 0.54162 0.1379 0.4205
0.9215 0.54162 0.1379 0.4215
0.9225 0.54162 0.1379 0.4225
0.9235 0.54162 0.1379 0.4235
0.9245 0.54162 0.1379 0.4245
0.9255 0.54162 0.1379 0.4255
0.9265 0.54162 0.1379 0.4265
0.9275 0.54162 0.1379 0.4275
0.9285 0.54162 0.1379 0.4285
0.9295 0.54162 0.1379 0.4295
0.9305 0.54162 0.1379 0.4305
0.9315 0.54162 0.1379 0.4315
0.9325 0.54162 0.1379 0.4325
0.9335 0.54162 0.1379 0.4335
0.9345 0.54162 0.1379 0.4345
0.9355 0.54162 0.1379 0.4355
0.9365 0.54162 0.1379 0.4365
0.9375 0.54162 0.1379 0.4375
0.9385 0.54162 0.1379 0.4385
0.9395 0.54162 0.1379 0.4395
0.9405 0.54162 0.1379 0.4405
0.9415 0.54162 0.1379 0.4415
0.9425 0.54162 0.1379 0.4425
0.9435 0.54162 0.1379 0.4435
0.9445 0.54162 0.1379 0.4445
0.9455 0.54162 0.1379 0.4455
0.9465 0.54162 0.1379 0.4465
0.9475 0.54162 0.1379 0.4475
0.9485 0.54162 0.1379 0.4485
0.9495 0.54162 0.1379 0.4495
0.9505 0.54162 0.1379 0.4505
0.9515 0.54162 0.1379 0.4515
0.9525 0.54162 0.1379 0.4525
0.9535 0.54162 0.1379 0.4535
0.9545 0.54162 0.1379 0.4545
0.9555 0.54162 0.1379 0.4555
0.9565 0.54162 0.1379 0.4565
0.9575 0.54162 0.1379 0.4575
0.9585 0.54162 0.1379 0.4585
0.9595 0.54162 0.1379 0.4595
0.9605 0.54162 0.1379 0.4605
0.9615 0.54162 0.1379 0.4615
0.9625 0.54162 0.1379 0.4625
0.9635 0.54162 0.1379 0.4635
0.9645 0.54162 0.1379 0.4645
0.9655 0.54162 0.1379 0.4655
0.9665 0.54162 0.1379 0.4665
0.9675 0.54162 0.1379 0.4675
0.9685 0.54162 0.1379 0.4685
0.9695 0.54162 0.1379 0.4695
0.9705 0.54162 0.1379 0.4705
0.9715 0.54162 0.1379 0.4715
0.9725 0.54162 0.1379 0.4725
0.9735 0.54162 0.1379 0.4735
0.9745 0.54162 0.1379 0.4745
0.9755 0.54162 0.1379 0.4755
0.9765 0.54162 0.1379 0.4765
0.9775 0.54162 0.1379 0.4775
0.9785 0.54162 0.1379 0.4785
0.9795 0.54162 0.1379 0.4795
0.9805 0.54162 0.1379 0.4805
0.9815 0.54162 0.1379 0.4815
0.9825 0.54162 0.1379 0.4825
0.9835 0.54162 0.1379 0.4835
0.9845 0.54162 0.1379 0.4845
0.9855 0.54162 0.1379 0.4855
0.9865 0.54162 0.1379 0.4865
0.9875 0.54162 0.1379 0.4875
0.9885 0.54162 0.1379 0.4885
0.9895 0.54162 0.1379 0.4895
0.9905 0.54162 0.1379 0.4905
0.9915 0.54162 0.1379 0.4915
0.9925 0.54162 0.1379 0.4925
0.9935 0.54162 0.1379 0.4935
0.9945 0.54162 0.1379 0.4945
0.9955 0.54162 0.1379 0.4955
0.9965 0.54162 0.1379 0.4965
0.9975 0.54162 0.1379 0.4975
0.9985 0.54162 0.1379 0.4985
0.9995 0.54162 0.1379 0.4995
