0.0005 1.33327 0.566373 -0.4995
0.0015 1.33327 0.566373 -0.4995
0.0025 1.33327 0.566373 -0.4995
0.0035 1.33327 0.566373 -0.4995
0.0045 1.33327 0.566373 -0.4995
0.0055 1.33327 0.566373 -0.4995
0.0065 1.33327 0.566373 -0.4995
0.0075 1.33327 0.566373 -0.4995
0.0085 1.33327 0.566373 -0.4995
0.0095 1.33327 0.566373 -0.4995
0.0105 1.33327 0.566373 -0.4995
0.0115 1.33327 0.566373 -0.4995
0.0125 1.33327 0.566373 -0.4995
0.0135 1.33327 0.566373 -0.4995
0.0145 1.33327 0.566373 -0.4995
0.0155 1.33327 0.566373 -0.4995
0.0165 1.33327 0.566373 -0.4995
0.0175 1.33327 0.566373 -0.4995
0.0185 1.33327 0.566373 -0.4995
0.0195 1.33327 0.566373 -0.4995
0.0205 1.33327 0.566373 -0.4995
0.0215 1.33327 0.566373 -0.4995
0.0225 1.33327 0.566373 -0.4995
0.0235 1.33327 0.566373 -0.4995
0.0245 1.33327 0.566373 -0.4995
0.0255 1.33327 0.566373 -0.4995
0.0265 1.33327 0.566373 -0.4995
0.0275 1.33327 0.566373 -0.4995
0.0285 1.33327 0.566373 -0.4995
0.0295 1.33327 0.566373 -0.4995
0.0305 1.33327 0.566373 -0.4995
0.0315 1.33327 0.566373 -0.4995
0.0325 1.33327 0.566373 -0.4995
0.0335 1.33327 0.566373 -0.4995
0.0345 1.33327 0.566373 -0.4995
0.0355 1.33327 0.566373 -0.4995
0.0365 1.33327 0.566373 -0.4995
0.0375 1.33327 0.566373 -0.4995
0.0385 1.33327 0.566373 -0.4995
0.0395 1.33327 0.566373 -0.4995
0.0405 1.33327 0.566373 -0.4995
0.0415 1.33327 0.566373 -0.4995
0.0425 1.33327 0.566373 -0.4995
0.0435 1.33327 0.566373 -0.4995
0.0445 1.33327 0.566373 -0.4995
0.0455 1.33327 0.566373 -0.4995
0.0465 1.33327 0.566373 -0.4995
0.0475 1.33327 0.566373 -0.4995
0.0485 1.33327 0.566373 -0.4995
0.0495 1.33327 0.566373 -0.4995
0.0505 1.33327 0.566373 -0.4995
0.0515 1.33327 0.566373 -0.4995
0.0525 1.33327 0.566373 -0.4995
0.0535 1.33327 0.566373 -0.4995
0.0545 1.33327 0.566373 -0.4995
0.0555 1.33327 0.566373 -0.4995
0.0565 1.33327 0.566373 -0.4995
0.0575 1.33327 0.566373 -0.4995
0.0585 1.33327 0.566373 -0.4995
0.0595 1.33327 0.566373 -0.4995
0.0605 1.33327 0.566373 -0.4995
0.0615 1.33327 0.566373 -0.4995
0.0625 1.33327 0.566373 -0.4995
0.0635 1.33327 0.566373 -0.4995
0.0645 1.33327 0.566373 -0.4995
0.0655 1.33327 0.566373 -0.4995
0.0665 1.33327 0.566373 -0.4995
0.0675 1.33327 0.566373 -0.4995
0.0685 1.33327 0.566373 -0.4995
0.0695 1.33327 0.566373 -0.4995
0.0705 1.33327 0.566373 -0.4995
0.0715 1.33327 0.566373 -0.4995
0.0725 1.33327 0.566373 -0.4995
0.0735 1.33327 0.566373 -0.4995
0.0745 1.33327 0.566373 -0.4995
0.0755 1.33327 0.566373 -0.4995
0.0765 1.33327 0.566373 -0.4995
0.0775 1.33327 0.566373 -0.4995
0.0785 1.33327 0.566373 -0.4995
0.0795 1.33327 0.566373 -0.4995
0.0805 1.33327 0.566373 -0.4995
0.0815 1.33327 0.566373 -0.4995
0.0825 1.33327 0.566373 -0.4995
0.0835 1.33327 0.566373 -0.4995
0.0845 1.33327 0.566373 -0.4995
0.0855 1.33327 0.566373 -0.4995
0.0865 1.33327 0.566373 -0.4995
0.0875 1.33327 0.566373 -0.4995
0.0885 1.33327 0.566373 -0.4995
0.0895 1.33327 0.566373 -0.4995
0.0905 1.33327 0.566373 -0.4995
0.0915 1.33327 0.566373 -0.4995
0.0925 1.33327 0.566373 -0.4995
0.0935 1.33327 0.566373 -0.4995
0.0945 1.33327 0.566373 -0.4995
0.0955 1.33327 0.566373 -0.4995
0.0965 1.33327 0.566373 -0.4995
0.0975 1.33327 0.566373 -0.499499
0.0985 1.33327 0.566373 -0.499499
0.0995 1.33327 0.566373 -0.499499
0.1005 1.33327 0.566373 -0.499498
0.1015 1.33327 0.566373 -0.499497
0.1025 1.33327 0.566373 -0.499496
0.1035 1.33327 0.566373 -0.499495
0.1045 1.33327 0.566373 -0.499492
0.1055 1.33327 0.566373 -0.499489
0.1065 1.33327 0.566373 -0.499485
0.1075 1.33327 0.566373 -0.49948
0.1085 1.33327 0.566373 -0.499473
0.1095 1.33327 0.566373 -0.499465
0.1105 1.33327 0.566373 -0.499453
0.1115 1.33327 0.566373 -0.499438
0.1125 1.33327 0.566373 -0.49942
0.1135 1.33327 0.566373 -0.499396
0.1145 1.33327 0.566373 -0.499367
0.1155 1.33327 0.566373 -0.499331
0.1165 1.33327 0.566373 -0.499287
0.1175 1.33327 0.566373 -0.499233
0.1185 1.33327 0.566373 -0.499168
0.1195 1.33327 0.566373 -0.499091
0.1205 1.33327 0.566373 -0.498999
0.1215 1.33327 0.566373 -0.498891
0.1225 1.33327 0.566373 -0.498764
0.1235 1.33327 0.566373 -0.498618
0.1245 1.33327 0.566373 -0.498449
0.1255 1.33327 0.566373 -0.498256
0.1265 1.33327 0.566373 -0.498036
0.1275 1.33327 0.566373 -0.497789
0.1285 1.33327 0.566373 -0.497512
0.1295 1.33326 0.566373 -0.497203
0.1305 1.33326 0.566373 -0.496862
0.1315 1.33326 0.566373 -0.496487
0.1325 1.33326 0.566373 -0.496077
0.1335 1.33326 0.566373 -0.495632
0.1345 1.33326 0.566373 -0.49515
0.1355 1.33326 0.566373 -0.494633
0.1365 1.33325 0.566373 -0.494081
0.1375 1.33325 0.566373 -0.493493
0.1385 1.33325 0.566373 -0.49287
0.1395 1.33325 0.566373 -0.492215
0.1405 1.33324 0.566373 -0.491527
0.1415 1.33324 0.566373 -0.490808
0.1425 1.33324 0.566373 -0.490061
0.1435 1.33323 0.566373 -0.489286
0.1445 1.33323 0.566373 -0.488485
0.1455 1.33322 0.566373 -0.487661
0.1465 1.33322 0.566373 -0.486815
0.1475 1.33321 0.566373 -0.485949
0.1485 1.3332 0.566373 -0.485065
0.1495 1.33319 0.566373 -0.484165
0.1505 1.33319 0.566373 -0.48325
0.1515 1.33318 0.566373 -0.482322
0.1525 1.33317 0.566373 -0.481383
0.1535 1.33316 0.566373 -0.480434
0.1545 1.33315 0.566373 -0.479476
0.1555 1.33314 0.566373 -0.478511
0.1565 1.33312 0.566373 -0.477539
0.1575 1.33311 0.566373 -0.476561
0.1585 1.33309 0.566373 -0.475577
0.1595 1.33307 0.566373 -0.47459
0.1605 1.33305 0.566373 -0.473598
0.1615 1.33303 0.566373 -0.472602
0.1625 1.333 0.566373 -0.471603
0.1635 1.33298 0.566373 -0.4706
0.1645 1.33295 0.566373 -0.469593
0.1655 1.33291 0.566373 -0.468583
0.1665 1.33288 0.566373 -0.467568
0.1675 1.33284 0.566373 -0.46655
0.1685 1.3328 0.566373 -0.465526
0.1695 1.33275 0.566373 -0.464498
0.1705 1.3327 0.566373 -0.463464
0.1715 1.33264 0.566373 -0.462423
0.1725 1.33258 0.566373 -0.461376
0.1735 1.33252 0.566373 -0.460322
0.1745 1.33245 0.566373 -0.459259
0.1755 1.33238 0.566373 -0.458188
0.1765 1.33231 0.566373 -0.457107
0.1775 1.33223 0.566373 -0.456017
0.1785 1.33214 0.566373 -0.454916
0.1795 1.33206 0.566373 -0.453805
0.1805 1.33198 0.566373 -0.452682
0.1815 1.33192 0.566373 -0.451548
0.1825 1.33188 0.566373 -0.450403
0.1835 1.33185 0.566373 -0.449245
0.1845 1.33185 0.566373 -0.448076
0.1855 1.33184 0.566373 -0.446895
0.1865 1.33184 0.566373 -0.445702
0.1875 1.33185 0.566373 -0.444497
0.1885 1.33185 0.566373 -0.443282
0.1895 1.33185 0.566373 -0.442056
0.1905 1.33185 0.566373 -0.440819
0.1915 1.33186 0.566373 -0.439573
0.1925 1.33187 0.566373 -0.438318
0.1935 1.33188 0.566373 -0.437054
0.1945 1.3319 0.566373 -0.435782
0.1955 1.33193 0.566373 -0.434503
0.1965 1.33195 0.566373 -0.433217
0.1975 1.33199 0.566373 -0.431925
0.1985 1.33203 0.566373 -0.430627
0.1995 1.33208 0.566373 -0.429324
0.2005 1.33213 0.566373 -0.428017
0.2015 1.33219 0.566373 -0.426706
0.2025 1.33226 0.566373 -0.425392
0.2035 1.33233 0.566373 -0.424075
0.2045 1.33241 0.566373 -0.422755
0.2055 1.33249 0.566373 -0.421433
0.2065 1.33258 0.566373 -0.420109
0.2075 1.33268 0.566373 -0.418783
0.2085 1.33278 0.566373 -0.417456
0.2095 1.33287 0.566373 -0.416128
0.2105 1.33296 0.566373 -0.414799
0.2115 1.33302 0.566373 -0.41347
0.2125 1.33307 0.566373 -0.412139
0.2135 1.33309 0.566373 -0.410808
0.2145 1.33311 0.566373 -0.409477
0.2155 1.33312 0.566373 -0.408145
0.2165 1.33313 0.566373 -0.406813
0.2175 1.33314 0.566373 -0.405481
0.2185 1.33315 0.566373 -0.404148
0.2195 1.33315 0.566373 -0.402816
0.2205 1.33316 0.566373 -0.401483
0.2215 1.33317 0.566373 -0.40015
0.2225 1.33317 0.566373 -0.398818
0.2235 1.33318 0.566373 -0.397485
0.2245 1.33319 0.566373 -0.396152
0.2255 1.33319 0.566373 -0.394819
0.2265 1.3332 0.566373 -0.393486
0.2275 1.33321 0.566373 -0.392153
0.2285 1.33321 0.566373 -0.390819
0.2295 1.33322 0.566373 -0.389486
0.2305 1.33322 0.566373 -0.388153
0.2315 1.33323 0.566373 -0.38682
0.2325 1.33323 0.566373 -0.385487
0.2335 1.33324 0.566373 -0.384154
0.2345 1.33324 0.566373 -0.38282
0.2355 1.33324 0.566373 -0.381487
0.2365 1.33325 0.566373 -0.380154
0.2375 1.33325 0.566373 -0.378821
0.2385 1.33325 0.566373 -0.377488
0.2395 1.33325 0.566373 -0.376154
0.2405 1.33326 0.566373 -0.374821
0.2415 1.33326 0.566373 -0.373488
0.2425 1.33326 0.566373 -0.372155
0.2435 1.33326 0.566373 -0.370821
0.2445 1.33326 0.566373 -0.369488
0.2455 1.33326 0.566373 -0.368155
0.2465 1.33327 0.566373 -0.366822
0.2475 1.33327 0.566373 -0.365488
0.2485 1.33327 0.566373 -0.364155
0.2495 1.33327 0.566373 -0.362822
0.2505 1.33328 0.566373 -0.361489
0.2515 1.33328 0.566373 -0.360155
0.2525 1.33328 0.566373 -0.358822
0.2535 1.33328 0.566373 -0.357489
0.2545 1.33328 0.566373 -0.356156
0.2555 1.33328 0.566373 -0.354822
0.2565 1.33328 0.566373 -0.353489
0.2575 1.33328 0.566373 -0.352156
0.2585 1.33328 0.566373 -0.350823
0.2595 1.33329 0.566373 -0.349489
0.2605 1.33329 0.566373 -0.348156
0.2615 1.33329 0.566373 -0.346823
0.2625 1.33329 0.566373 -0.34549
0.2635 1.33329 0.566373 -0.344156
0.2645 1.33329 0.566373 -0.342823
0.2655 1.33329 0.566373 -0.34149
0.2665 1.33329 0.566373 -0.340156
0.2675 1.33329 0.566373 -0.338823
0.2685 1.33329 0.566373 -0.33749
0.2695 1.33329 0.566373 -0.336157
0.2705 1.33329 0.566373 -0.334823
0.2715 1.33329 0.566373 -0.33349
0.2725 1.3333 0.566373 -0.332157
0.2735 1.3333 0.566373 -0.330823
0.2745 1.3333 0.566373 -0.32949
0.2755 1.3333 0.566373 -0.328157
0.2765 1.3333 0.566373 -0.326823
0.2775 1.3333 0.566373 -0.32549
0.2785 1.3333 0.566373 -0.324157
0.2795 1.3333 0.566373 -0.322824
0.2805 1.3333 0.566373 -0.32149
0.2815 1.3333 0.566373 -0.320157
0.2825 1.3333 0.566373 -0.318824
0.2835 1.3333 0.566373 -0.31749
0.2845 1.3333 0.566373 -0.316157
0.2855 1.3333 0.566373 -0.314824
0.2865 1.3333 0.566373 -0.313491
0.2875 1.3333 0.566373 -0.312157
0.2885 1.3333 0.566373 -0.310824
0.2895 1.3333 0.566373 -0.309491
0.2905 1.3333 0.566373 -0.308157
0.2915 1.3333 0.566373 -0.306824
0.2925 1.3333 0.566373 -0.305491
0.2935 1.3333 0.566373 -0.304158
0.2945 1.3333 0.566373 -0.302824
0.2955 1.3333 0.566373 -0.301491
0.2965 1.3333 0.566373 -0.300158
0.2975 1.3333 0.566373 -0.298824
0.2985 1.3333 0.566373 -0.297491
0.2995 1.3333 0.566373 -0.296158
0.3005 1.3333 0.566373 -0.294824
0.3015 1.3333 0.566373 -0.293491
0.3025 1.3333 0.566373 -0.292158
0.3035 1.3333 0.566373 -0.290824
0.3045 1.3333 0.566373 -0.289491
0.3055 1.3333 0.566373 -0.288158
0.3065 1.3333 0.566373 -0.286825
0.3075 1.33331 0.566373 -0.285491
0.3085 1.33331 0.566373 -0.284158
0.3095 1.33331 0.566373 -0.282825
0.3105 1.33331 0.566373 -0.281491
0.3115 1.33331 0.566373 -0.280158
0.3125 1.33331 0.566373 -0.278825
0.3135 1.33331 0.566373 -0.277491
0.3145 1.33331 0.566373 -0.276158
0.3155 1.33331 0.566373 -0.274825
0.3165 1.33331 0.566373 -0.273491
0.3175 1.33331 0.566373 -0.272158
0.3185 1.33331 0.566373 -0.270825
0.3195 1.33331 0.566373 -0.269492
0.3205 1.33331 0.566373 -0.268158
0.3215 1.33331 0.566373 -0.266825
0.3225 1.33331 0.566373 -0.265492
0.3235 1.33331 0.566373 -0.264158
0.3245 1.33331 0.566373 -0.262825
0.3255 1.33331 0.566373 -0.261492
0.3265 1.33331 0.566373 -0.260159
0.3275 1.33331 0.566373 -0.258825
0.3285 1.33331 0.566373 -0.257492
0.3295 1.33331 0.566373 -0.256159
0.3305 1.33331 0.566373 -0.254825
0.3315 1.33331 0.566373 -0.253492
0.3325 1.33331 0.566373 -0.252159
0.3335 1.33331 0.566373 -0.250825
0.3345 1.33331 0.566373 -0.249492
0.3355 1.33331 0.566373 -0.248159
0.3365 1.33331 0.566373 -0.246825
0.3375 1.3333 0.566373 -0.245492
0.3385 1.3333 0.566373 -0.244159
0.3395 1.3333 0.566373 -0.242825
0.3405 1.3333 0.566373 -0.241492
0.3415 1.3333 0.566373 -0.240159
0.3425 1.3333 0.566373 -0.238826
0.3435 1.3333 0.566373 -0.237492
0.3445 1.3333 0.566373 -0.236159
0.3455 1.3333 0.566373 -0.234826
0.3465 1.3333 0.566373 -0.233492
0.3475 1.3333 0.566373 -0.232159
0.3485 1.3333 0.566373 -0.230826
0.3495 1.3333 0.566373 -0.229492
0.3505 1.3333 0.566373 -0.228159
0.3515 1.3333 0.566373 -0.226826
0.3525 1.3333 0.566373 -0.225493
0.3535 1.33329 0.566373 -0.224159
0.3545 1.33329 0.566373 -0.222826
0.3555 1.33329 0.566373 -0.221493
0.3565 1.33329 0.566373 -0.220159
0.3575 1.33329 0.566373 -0.218826
0.3585 1.33328 0.566373 -0.217493
0.3595 1.33328 0.566373 -0.21616
0.3605 1.33328 0.566373 -0.214826
0.3615 1.33327 0.566373 -0.213493
0.3625 1.33327 0.566373 -0.21216
0.3635 1.33326 0.566373 -0.210827
0.3645 1.33325 0.566373 -0.209493
0.3655 1.33325 0.566373 -0.20816
0.3665 1.33324 0.566373 -0.206827
0.3675 1.33323 0.566373 -0.205494
0.3685 1.33322 0.566373 -0.20416
0.3695 1.33321 0.566373 -0.202827
0.3705 1.3332 0.566373 -0.201494
0.3715 1.33318 0.566373 -0.200161
0.3725 1.33317 0.566373 -0.198827
0.3735 1.33315 0.566373 -0.197494
0.3745 1.33313 0.566373 -0.196161
0.3755 1.33311 0.566373 -0.194828
0.3765 1.33308 0.566373 -0.193495
0.3775 1.33306 0.566373 -0.192162
0.3785 1.33303 0.566373 -0.190829
0.3795 1.33299 0.566373 -0.189496
0.3805 1.33295 0.566373 -0.188163
0.3815 1.33291 0.566373 -0.18683
0.3825 1.33286 0.566373 -0.185497
0.3835 1.33281 0.566373 -0.184164
0.3845 1.33275 0.566373 -0.182831
0.3855 1.33268 0.566373 -0.181499
0.3865 1.33261 0.566373 -0.180166
0.3875 1.33253 0.566373 -0.178833
0.3885 1.33244 0.566373 -0.177501
0.3895 1.33234 0.566373 -0.176169
0.3905 1.33223 0.566373 -0.174836
0.3915 1.3321 0.566373 -0.173504
0.3925 1.33197 0.566373 -0.172172
0.3935 1.33182 0.566373 -0.17084
0.3945 1.33165 0.566373 -0.169508
0.3955 1.33147 0.566373 -0.168177
0.3965 1.33126 0.566373 -0.166846
0.3975 1.33104 0.566373 -0.165514
0.3985 1.3308 0.566373 -0.164183
0.3995 1.33053 0.566373 -0.162853
0.4005 1.33024 0.566373 -0.161522
0.4015 1.32992 0.566373 -0.160192
0.4025 1.32957 0.566373 -0.158862
0.4035 1.32919 0.566373 -0.157533
0.4045 1.32877 0.566373 -0.156204
0.4055 1.32832 0.566373 -0.154875
0.4065 1.32782 0.566373 -0.153547
0.4075 1.32728 0.566373 -0.15222
0.4085 1.32669 0.566373 -0.150893
0.4095 1.32605 0.566373 -0.149566
0.4105 1.32535 0.566373 -0.14824
0.4115 1.32459 0.566373 -0.146915
0.4125 1.32377 0.566373 -0.145591
0.4135 1.32288 0.566373 -0.144268
0.4145 1.32191 0.566373 -0.142945
0.4155 1.32086 0.566373 -0.141624
0.4165 1.31973 0.566373 -0.140304
0.4175 1.31852 0.566373 -0.138984
0.4185 1.3172 0.566373 -0.137667
0.4195 1.31579 0.566373 -0.13635
0.4205 1.31427 0.566373 -0.135035
0.4215 1.31264 0.566373 -0.133722
0.4225 1.31089 0.566373 -0.13241
0.4235 1.30903 0.566373 -0.1311
0.4245 1.30703 0.566373 -0.129792
0.4255 1.3049 0.566373 -0.128486
0.4265 1.30264 0.566373 -0.127182
0.4275 1.30024 0.566373 -0.125881
0.4285 1.2977 0.566373 -0.124582
0.4295 1.29501 0.566373 -0.123285
0.4305 1.29217 0.566373 -0.121992
0.4315 1.28919 0.566373 -0.120701
0.4325 1.28606 0.566373 -0.119414
0.4335 1.28278 0.566373 -0.118129
0.4345 1.27936 0.566373 -0.116848
0.4355 1.27579 0.566373 -0.115571
0.4365 1.27209 0.566373 -0.114297
0.4375 1.26825 0.566373 -0.113027
0.4385 1.26428 0.566373 -0.111761
0.4395 1.26019 0.566373 -0.110499
0.4405 1.25598 0.566373 -0.109241
0.4415 1.25166 0.566373 -0.107988
0.4425 1.24724 0.566373 -0.106739
0.4435 1.24272 0.566373 -0.105494
0.4445 1.23811 0.566373 -0.104254
0.4455 1.23343 0.566373 -0.103019
0.4465 1.22866 0.566373 -0.101788
0.4475 1.22385 0.566373 -0.100562
0.4485 1.21897 0.566373 -0.0993415
0.4495 1.21411 0.566373 -0.0981256
0.4505 1.20944 0.566373 -0.0969144
0.4515 1.20509 0.566373 -0.0957078
0.4525 1.20117 0.566373 -0.0945053
0.4535 1.19768 0.566373 -0.0933064
0.4545 1.19465 0.566373 -0.0921107
0.4555 1.19203 0.566373 -0.0909179
0.4565 1.18979 0.566373 -0.0897273
0.4575 1.18788 0.566373 -0.0885388
0.4585 1.18626 0.566373 -0.0873521
0.4595 1.18489 0.566373 -0.0861667
0.4605 1.18375 0.566373 -0.0849826
0.4615 1.1828 0.566373 -0.0837995
0.4625 1.18203 0.566373 -0.0826172
0.4635 1.1814 0.566373 -0.0814355
0.4645 1.1809 0.566373 -0.0802544
0.4655 1.18052 0.566373 -0.0790738
0.4665 1.18023 0.566373 -0.0778934
0.4675 1.18003 0.56618 -0.0767132
0.4685 1.1799 0.565375 -0.0755332
0.4695 1.17981 0.564402 -0.0743533
0.4705 1.17976 0.563808 -0.0731734
0.4715 1.17973 0.563208 -0.0719935
0.4725 1.1797 0.562532 -0.0708137
0.4735 1.17967 0.561901 -0.0696338
0.4745 1.17963 0.561308 -0.0684539
0.4755 1.17959 0.560675 -0.067274
0.4765 1.17956 0.560001 -0.0660941
0.4775 1.17954 0.559315 -0.0649141
0.4785 1.17953 0.558617 -0.0637341
0.4795 1.17952 0.557903 -0.062554
0.4805 1.1795 0.557225 -0.0613737
0.4815 1.17947 0.556588 -0.0601934
0.4825 1.17941 0.555977 -0.0590128
0.4835 1.1793 0.555383 -0.0578322
0.4845 1.17914 0.554795 -0.0566513
0.4855 1.17888 0.554192 -0.0554703
0.4865 1.1785 0.553533 -0.0542892
0.4875 1.17792 0.552799 -0.0531078
0.4885 1.17721 0.552 -0.0519264
0.4895 1.1763 0.551128 -0.0507447
0.4905 1.17528 0.550239 -0.0495629
0.4915 1.17439 0.549412 -0.0483809
0.4925 1.17346 0.54861 -0.0471988
0.4935 1.17252 0.547801 -0.0460164
0.4945 1.17159 0.546959 -0.0448338
0.4955 1.17053 0.546059 -0.043651
0.4965 1.1693 0.545083 -0.042468
0.4975 1.16794 0.544017 -0.0412847
0.4985 1.16656 0.54287 -0.0401012
0.4995 1.16501 0.541639 -0.0389176
0.5005 1.16293 0.540312 -0.0377337
0.5015 1.16057 0.538957 -0.0365497
0.5025 1.1579 0.537562 -0.0353657
0.5035 1.1548 0.53601 -0.0341817
0.5045 1.15123 0.53438 -0.0329977
0.5055 1.1471 0.532697 -0.031814
0.5065 1.14228 0.530759 -0.0306306
0.5075 1.13671 0.528653 -0.0294478
0.5085 1.13032 0.52652 -0.0282656
0.5095 1.1229 0.524125 -0.0270842
0.5105 1.1144 0.521482 -0.0259038
0.5115 1.1048 0.518841 -0.0247244
0.5125 1.09387 0.515957 -0.0235459
0.5135 1.08136 0.512582 -0.0223684
0.5145 1.06716 0.508969 -0.0211917
0.5155 1.05115 0.505135 -0.0200156
0.5165 1.03312 0.500746 -0.0188398
0.5175 1.01281 0.4959 -0.0176642
0.5185 0.98999 0.490966 -0.0164884
0.5195 0.964516 0.485655 -0.0153123
0.5205 0.936211 0.479433 -0.0141357
0.5215 0.904896 0.47265 -0.0129586
0.5225 0.870473 0.465811 -0.011781
0.5235 0.832966 0.458414 -0.0106031
0.5245 0.792088 0.449986 -0.00942513
0.5255 0.748397 0.440964 -0.00824756
0.5265 0.701534 0.43155 -0.00707094
0.5275 0.652862 0.421436 -0.00589587
0.5285 0.611474 0.410381 -0.00472301
0.5295 0.584377 0.398087 -0.00355293
0.5305 0.570904 0.384451 -0.00238602
0.5315 0.566718 0.369779 -0.00122247
0.5325 0.566373 0.354003 -6.20933e-05
0.5335 0.566373 0.336536 0.00109665
0.5345 0.566373 0.317082 0.00225429
0.5355 0.566373 0.296077 0.00341108
0.5365 0.566373 0.274475 0.00456715
0.5375 0.566373 0.251265 0.00572256
0.5385 0.566373 0.225929 0.00687737
0.5395 0.566373 0.20275 0.00803161
0.5405 0.566373 0.185295 0.00918532
0.5415 0.566373 0.173812 0.0103386
0.5425 0.566373 0.167192 0.0114914
0.5435 0.566373 0.163698 0.0126439
0.5445 0.566373 0.161903 0.0137962
0.5455 0.566373 0.160964 0.0149482
0.5465 0.566373 0.160467 0.0161001
0.5475 0.566373 0.160215 0.017252
0.5485 0.566373 0.160075 0.0184037
0.5495 0.566373 0.15996 0.0195555
0.5505 0.566373 0.15986 0.0207073
0.5515 0.566373 0.159751 0.021859
0.5525 0.566373 0.159611 0.0230108
0.5535 0.566373 0.159501 0.0241626
0.5545 0.566373 0.159419 0.0253144
0.5555 0.566373 0.15933 0.0264663
0.5565 0.566373 0.159261 0.0276181
0.5575 0.566373 0.159187 0.02877
0.5585 0.566373 0.159105 0.0299219
0.5595 0.566373 0.159021 0.0310738
0.5605 0.566373 0.158958 0.0322257
0.5615 0.566373 0.158903 0.0333776
0.5625 0.566373 0.158866 0.0345295
0.5635 0.566373 0.158854 0.0356813
0.5645 0.566373 0.15885 0.0368332
0.5655 0.566373 0.158846 0.0379851
0.5665 0.566373 0.158841 0.039137
0.5675 0.566373 0.158838 0.0402888
0.5685 0.566373 0.158835 0.0414407
0.5695 0.566373 0.158833 0.0425925
0.5705 0.566373 0.158833 0.0437444
0.5715 0.566373 0.158833 0.0448962
0.5725 0.566373 0.158833 0.046048
0.5735 0.566373 0.158833 0.0471999
0.5745 0.566373 0.158833 0.0483517
0.5755 0.566373 0.158833 0.0495035
0.5765 0.566373 0.158833 0.0506553
0.5775 0.566373 0.158834 0.0518071
0.5785 0.566373 0.158834 0.0529589
0.5795 0.566373 0.158835 0.0541107
0.5805 0.566373 0.158835 0.0552625
0.5815 0.566373 0.158836 0.0564144
0.5825 0.566373 0.158837 0.0575662
0.5835 0.566373 0.158838 0.058718
0.5845 0.566373 0.158838 0.0598699
0.5855 0.566373 0.158839 0.0610217
0.5865 0.566373 0.15884 0.0621736
0.5875 0.566373 0.158841 0.0633254
0.5885 0.566373 0.158841 0.0644773
0.5895 0.566373 0.158842 0.0656292
0.5905 0.566373 0.158842 0.0667811
0.5915 0.566373 0.158843 0.067933
0.5925 0.566373 0.158844 0.0690849
0.5935 0.566373 0.158844 0.0702368
0.5945 0.566373 0.158845 0.0713887
0.5955 0.566373 0.158846 0.0725406
0.5965 0.566373 0.158846 0.0736925
0.5975 0.566373 0.158847 0.0748444
0.5985 0.566373 0.158848 0.0759964
0.5995 0.566373 0.158848 0.0771483
0.6005 0.566373 0.158849 0.0783002
0.6015 0.566373 0.15885 0.0794522
0.6025 0.566373 0.15885 0.0806041
0.6035 0.566373 0.158851 0.081756
0.6045 0.566373 0.158852 0.082908
0.6055 0.566373 0.158852 0.0840599
0.6065 0.566373 0.158853 0.0852119
0.6075 0.566373 0.158854 0.0863639
0.6085 0.566373 0.158855 0.0875159
0.6095 0.566373 0.158855 0.0886679
0.6105 0.566373 0.158856 0.0898199
0.6115 0.566373 0.158857 0.0909719
0.6125 0.566373 0.158858 0.0921239
0.6135 0.566373 0.158859 0.093276
0.6145 0.566373 0.158859 0.094428
0.6155 0.566373 0.15886 0.0955801
0.6165 0.566373 0.158861 0.0967322
0.6175 0.566373 0.158862 0.0978842
0.6185 0.566373 0.158862 0.0990363
0.6195 0.566373 0.158863 0.100188
0.6205 0.566373 0.158864 0.10134
0.6215 0.566373 0.158865 0.102493
0.6225 0.566373 0.158865 0.103645
0.6235 0.566373 0.158866 0.104797
0.6245 0.566373 0.158867 0.105949
0.6255 0.566373 0.158868 0.107101
0.6265 0.566373 0.158868 0.108253
0.6275 0.566373 0.158869 0.109405
0.6285 0.566373 0.15887 0.110557
0.6295 0.566373 0.158871 0.111709
0.6305 0.566373 0.158872 0.112862
0.6315 0.566373 0.158873 0.114014
0.6325 0.566373 0.158874 0.115166
0.6335 0.566373 0.158875 0.116318
0.6345 0.566373 0.158876 0.11747
0.6355 0.566373 0.158877 0.118622
0.6365 0.566373 0.158878 0.119774
0.6375 0.566373 0.15888 0.120926
0.6385 0.566373 0.158881 0.122079
0.6395 0.566373 0.158883 0.123231
0.6405 0.566373 0.158884 0.124383
0.6415 0.566373 0.158887 0.125535
0.6425 0.566373 0.158889 0.126687
0.6435 0.566373 0.158891 0.12784
0.6445 0.566373 0.158894 0.128992
0.6455 0.566373 0.158897 0.130144
0.6465 0.566373 0.158899 0.131297
0.6475 0.566373 0.158903 0.132449
0.6485 0.566373 0.158906 0.133601
0.6495 0.566373 0.158909 0.134754
0.6505 0.566373 0.158912 0.135906
0.6515 0.566373 0.158916 0.137058
0.6525 0.566373 0.158919 0.138211
0.6535 0.566373 0.158923 0.139363
0.6545 0.566373 0.158927 0.140516
0.6555 0.566373 0.15893 0.141668
0.6565 0.566373 0.158935 0.142821
0.6575 0.566373 0.158939 0.143974
0.6585 0.566373 0.158944 0.145126
0.6595 0.566373 0.158948 0.146279
0.6605 0.566373 0.158953 0.147432
0.6615 0.566373 0.158957 0.148584
0.6625 0.566373 0.158963 0.149737
0.6635 0.566373 0.158968 0.15089
0.6645 0.566373 0.158974 0.152043
0.6655 0.566373 0.158979 0.153195
0.6665 0.566373 0.158985 0.154348
0.6675 0.566373 0.15899 0.155501
0.6685 0.566373 0.158997 0.156654
0.6695 0.566373 0.159002 0.157807
0.6705 0.566373 0.159009 0.15896
0.6715 0.566373 0.159015 0.160114
0.6725 0.566373 0.159022 0.161267
0.6735 0.566373 0.159028 0.16242
0.6745 0.566373 0.159035 0.163573
0.6755 0.566373 0.159041 0.164727
0.6765 0.566373 0.159049 0.16588
0.6775 0.566373 0.159055 0.167033
0.6785 0.566373 0.159064 0.168187
0.6795 0.566373 0.15907 0.16934
0.6805 0.566373 0.159078 0.170494
0.6815 0.566373 0.159085 0.171648
0.6825 0.566373 0.159093 0.172801
0.6835 0.566373 0.1591 0.173955
0.6845 0.566373 0.159108 0.175109
0.6855 0.566373 0.159115 0.176263
0.6865 0.566373 0.159124 0.177417
0.6875 0.566373 0.15913 0.178571
0.6885 0.566373 0.159139 0.179725
0.6895 0.566373 0.159147 0.180879
0.6905 0.566373 0.159155 0.182033
0.6915 0.566373 0.159164 0.183187
0.6925 0.566373 0.159171 0.184341
0.6935 0.566373 0.15918 0.185496
0.6945 0.566373 0.159187 0.18665
0.6955 0.566373 0.159197 0.187804
0.6965 0.566373 0.159204 0.188959
0.6975 0.566373 0.159214 0.190113
0.6985 0.566373 0.159222 0.191268
0.6995 0.566373 0.159232 0.192423
0.7005 0.566373 0.15924 0.193578
0.7015 0.566373 0.159251 0.194732
0.7025 0.566373 0.159259 0.195887
0.7035 0.566373 0.15927 0.197042
0.7045 0.566373 0.159278 0.198197
0.7055 0.566373 0.159289 0.199352
0.7065 0.566373 0.159298 0.200508
0.7075 0.566373 0.159309 0.201663
0.7085 0.566373 0.159318 0.202818
0.7095 0.566373 0.15933 0.203974
0.7105 0.566373 0.159339 0.205129
0.7115 0.566373 0.15935 0.206285
0.7125 0.566373 0.159359 0.20744
0.7135 0.566373 0.159371 0.208596
0.7145 0.566373 0.15938 0.209752
0.7155 0.566373 0.159391 0.210907
0.7165 0.566373 0.1594 0.212063
0.7175 0.566373 0.159411 0.213219
0.7185 0.566373 0.15942 0.214375
0.7195 0.566373 0.15943 0.215532
0.7205 0.566373 0.159439 0.216688
0.7215 0.566373 0.159449 0.217844
0.7225 0.566373 0.159458 0.219
0.7235 0.566373 0.159467 0.220157
0.7245 0.566373 0.159474 0.221313
0.7255 0.566373 0.159478 0.22247
0.7265 0.566373 0.15948 0.223626
0.7275 0.566373 0.15948 0.224783
0.7285 0.566373 0.15948 0.225939
0.7295 0.566373 0.15948 0.227096
0.7305 0.566373 0.159478 0.228252
0.7315 0.566373 0.159475 0.229409
0.7325 0.566373 0.159471 0.230565
0.7335 0.566373 0.159464 0.231721
0.7345 0.566373 0.159455 0.232878
0.7355 0.566373 0.159441 0.234034
0.7365 0.566373 0.159421 0.23519
0.7375 0.566373 0.159392 0.236346
0.7385 0.566373 0.159348 0.237501
0.7395 0.566373 0.15927 0.238656
0.7405 0.566373 0.159131 0.239811
0.7415 0.566373 0.158848 0.240962
0.7425 0.566373 0.158275 0.24211
0.7435 0.566373 0.157044 0.24325
0.7445 0.566373 0.154546 0.244371
0.7455 0.566373 0.149669 0.245459
0.7465 0.566373 0.141997 0.246493
0.7475 0.566373 0.138529 0.247499
0.7485 0.566373 0.137973 0.2485
0.7495 0.566373 0.137908 0.2495
0.7505 0.566373 0.137901 0.2505
0.7515 0.566373 0.1379 0.2515
0.7525 0.566373 0.1379 0.2525
0.7535 0.566373 0.1379 0.2535
0.7545 0.566373 0.1379 0.2545
0.7555 0.566373 0.1379 0.2555
0.7565 0.566373 0.1379 0.2565
0.7575 0.566373 0.1379 0.2575
0.7585 0.566373 0.1379 0.2585
0.7595 0.566373 0.1379 0.2595
0.7605 0.566373 0.1379 0.2605
0.7615 0.566373 0.1379 0.2615
0.7625 0.566373 0.1379 0.2625
0.7635 0.566373 0.1379 0.2635
0.7645 0.566373 0.1379 0.2645
0.7655 0.566373 0.1379 0.2655
0.7665 0.566373 0.1379 0.2665
0.7675 0.566373 0.1379 0.2675
0.7685 0.566373 0.1379 0.2685
0.7695 0.566373 0.1379 0.2695
0.7705 0.566373 0.1379 0.2705
0.7715 0.566373 0.1379 0.2715
0.7725 0.566373 0.1379 0.2725
0.7735 0.566373 0.1379 0.2735
0.7745 0.566373 0.1379 0.2745
0.7755 0.566373 0.1379 0.2755
0.7765 0.566373 0.1379 0.2765
0.7775 0.566373 0.1379 0.2775
0.7785 0.566373 0.1379 0.2785
0.7795 0.566373 0.1379 0.2795
0.7805 0.566373 0.1379 0.2805
0.7815 0.566373 0.1379 0.2815
0.7825 0.566373 0.1379 0.2825
0.7835 0.566373 0.1379 0.2835
0.7845 0.566373 0.1379 0.2845
0.7855 0.566373 0.1379 0.2855
0.7865 0.566373 0.1379 0.2865
0.7875 0.566373 0.1379 0.2875
0.7885 0.566373 0.1379 0.2885
0.7895 0.566373 0.1379 0.2895
0.7905 0.566373 0.1379 0.2905
0.7915 0.566373 0.1379 0.2915
0.7925 0.566373 0.1379 0.2925
0.7935 0.566373 0.1379 0.2935
0.7945 0.566373 0.1379 0.2945
0.7955 0.566373 0.1379 0.2955
0.7965 0.566373 0.1379 0.2965
0.7975 0.566373 0.1379 0.2975
0.7985 0.566373 0.1379 0.2985
0.7995 0.566373 0.1379 0.2995
0.8005 0.566373 0.1379 0.3005
0.8015 0.566373 0.1379 0.3015
0.8025 0.566373 0.1379 0.3025
0.8035 0.566373 0.1379 0.3035
0.8045 0.566373 0.1379 0.3045
0.8055 0.566373 0.1379 0.3055
0.8065 0.566373 0.1379 0.3065
0.8075 0.566373 0.1379 0.3075
0.8085 0.566373 0.1379 0.3085
0.8095 0.566373 0.1379 0.3095
0.8105 0.566373 0.1379 0.3105
0.8115 0.566373 0.1379 0.3115
0.8125 0.566373 0.1379 0.3125
0.8135 0.566373 0.1379 0.3135
0.8145 0.566373 0.1379 0.3145
0.8155 0.566373 0.1379 0.3155
0.8165 0.566373 0.1379 0.3165
0.8175 0.566373 0.1379 0.3175
0.8185 0.566373 0.1379 0.3185
0.8195 0.566373 0.1379 0.3195
0.8205 0.566373 0.1379 0.3205
0.8215 0.566373 0.1379 0.3215
0.8225 0.566373 0.1379 0.3225
0.8235 0.566373 0.1379 0.3235
0.8245 0.566373 0.1379 0.3245
0.8255 0.566373 0.1379 0.3255
0.8265 0.566373 0.1379 0.3265
0.8275 0.566373 0.1379 0.3275
0.8285 0.566373 0.1379 0.3285
0.8295 0.566373 0.1379 0.3295
0.8305 0.566373 0.1379 0.3305
0.8315 0.566373 0.1379 0.3315
0.8325 0.566373 0.1379 0.3325
0.8335 0.566373 0.1379 0.3335
0.8345 0.566373 0.1379 0.3345
0.8355 0.566373 0.1379 0.3355
0.8365 0.566373 0.1379 0.3365
0.8375 0.566373 0.1379 0.3375
0.8385 0.566373 0.1379 0.3385
0.8395 0.566373 0.1379 0.3395
0.8405 0.566373 0.1379 0.3405
0.8415 0.566373 0.1379 0.3415
0.8425 0.566373 0.1379 0.3425
0.8435 0.566373 0.1379 0.3435
0.8445 0.566373 0.1379 0.3445
0.8455 0.566373 0.1379 0.3455
0.8465 0.566373 0.1379 0.3465
0.8475 0.566373 0.1379 0.3475
0.8485 0.566373 0.1379 0.3485
0.8495 0.566373 0.1379 0.3495
0.8505 0.566373 0.1379 0.3505
0.8515 0.566373 0.1379 0.3515
0.8525 0.566373 0.1379 0.3525
0.8535 0.566373 0.1379 0.3535
0.8545 0.566373 0.1379 0.3545
0.8555 0.566373 0.1379 0.3555
0.8565 0.566373 0.1379 0.3565
0.8575 0.566373 0.1379 0.3575
0.8585 0.566373 0.1379 0.3585
0.8595 0.566373 0.1379 0.3595
0.8605 0.566373 0.1379 0.3605
0.8615 0.566373 0.1379 0.3615
0.8625 0.566373 0.1379 0.3625
0.8635 0.566373 0.1379 0.3635
0.8645 0.566373 0.1379 0.3645
0.8655 0.566373 0.1379 0.3655
0.8665 0.566373 0.1379 0.3665
0.8675 0.566373 0.1379 0.3675
0.8685 0.566373 0.1379 0.3685
0.8695 0.566373 0.1379 0.3695
0.8705 0.566373 0.1379 0.3705
0.8715 0.566373 0.1379 0.3715
0.8725 0.566373 0.1379 0.3725
0.8735 0.566373 0.1379 0.3735
0.8745 0.566373 0.1379 0.3745
0.8755 0.566373 0.1379 0.3755
0.8765 0.566373 0.1379 0.3765
0.8775 0.566373 0.1379 0.3775
0.8785 0.566373 0.1379 0.3785
0.8795 0.566373 0.1379 0.3795
0.8805 0.566373 0.1379 0.3805
0.8815 0.566373 0.1379 0.3815
0.8825 0.566373 0.1379 0.3825
0.8835 0.566373 0.1379 0.3835
0.8845 0.566373 0.1379 0.3845
0.8855 0.566373 0.1379 0.3855
0.8865 0.566373 0.1379 0.3865
0.8875 0.566373 0.1379 0.3875
0.8885 0.566373 0.1379 0.3885
0.8895 0.566373 0.1379 0.3895
0.8905 0.566373 0.1379 0.3905
0.8915 0.566373 0.1379 0.3915
0.8925 0.566373 0.1379 0.3925
0.8935 0.566373 0.1379 0.3935
0.8945 0.566373 0.1379 0.3945
0.8955 0.566373 0.1379 0.3955
0.8965 0.566373 0.1379 0.3965
0.8975 0.566373 0.1379 0.3975
0.8985 0.566373 0.1379 0.3985
0.8995 0.566373 0.1379 0.3995
0.9005 0.566373 0.1379 0.4005
0.9015 0.566373 0.1379 0.4015
0.9025 0.566373 0.1379 0.4025
0.9035 0.566373 0.1379 0.4035
0.9045 0.566373 0.1379 0.4045
0.9055 0.566373 0.1379 0.4055
0.9065 0.566373 0.1379 0.4065
0.9075 0.566373 0.1379 0.4075
0.9085 0.566373 0.1379 0.4085
0.9095 0.566373 0.1379 0.4095
0.9105 0.566373 0.1379 0.4105
0.9115 0.566373 0.1379 0.4115
0.9125 0.566373 0.1379 0.4125
0.9135 0.566373 0.1379 0.4135
0.9145 0.566373 0.1379 0.4145
0.9155 0.566373 0.1379 0.4155
0.9165 0.566373 0.1379 0.4165
0.9175 0.566373 0.1379 0.4175
0.9185 0.566373 0.1379 0.4185
0.9195 0.566373 0.1379 0.4195
0.9205 0.566373 0.1379 0.4205
0.9215 0.566373 0.1379 0.4215
0.9225 0.566373 0.1379 0.4225
0.9235 0.566373 0.1379 0.4235
0.9245 0.566373 0.1379 0.4245
0.9255 0.566373 0.1379 0.4255
0.9265 0.566373 0.1379 0.4265
0.9275 0.566373 0.1379 0.4275
0.9285 0.566373 0.1379 0.4285
0.9295 0.566373 0.1379 0.4295
0.9305 0.566373 0.1379 0.4305
0.9315 0.566373 0.1379 0.4315
0.9325 0.566373 0.1379 0.4325
0.9335 0.566373 0.1379 0.4335
0.9345 0.566373 0.1379 0.4345
0.9355 0.566373 0.1379 0.4355
0.9365 0.566373 0.1379 0.4365
0.9375 0.566373 0.1379 0.4375
0.9385 0.566373 0.1379 0.4385
0.9395 0.566373 0.1379 0.4395
0.9405 0.566373 0.1379 0.4405
0.9415 0.566373 0.1379 0.4415
0.9425 0.566373 0.1379 0.4425
0.9435 0.566373 0.1379 0.4435
0.9445 0.566373 0.1379 0.4445
0.9455 0.566373 0.1379 0.4455
0.9465 0.566373 0.1379 0.4465
0.9475 0.566373 0.1379 0.4475
0.9485 0.566373 0.1379 0.4485
0.9495 0.566373 0.1379 0.4495
0.9505 0.566373 0.1379 0.4505
0.9515 0.566373 0.1379 0.4515
0.9525 0.566373 0.1379 0.4525
0.9535 0.566373 0.1379 0.4535
0.9545 0.566373 0.1379 0.4545
0.9555 0.566373 0.1379 0.4555
0.9565 0.566373 0.1379 0.4565
0.9575 0.566373 0.1379 0.4575
0.9585 0.566373 0.1379 0.4585
0.9595 0.566373 0.1379 0.4595
0.9605 0.566373 0.1379 0.4605
0.9615 0.566373 0.1379 0.4615
0.9625 0.566373 0.1379 0.4625
0.9635 0.566373 0.1379 0.4635
0.9645 0.566373 0.1379 0.4645
0.9655 0.566373 0.1379 0.4655
0.9665 0.566373 0.1379 0.4665
0.9675 0.566373 0.1379 0.4675
0.9685 0.566373 0.1379 0.4685
0.9695 0.566373 0.1379 0.4695
0.9705 0.566373 0.1379 0.4705
0.9715 0.566373 0.1379 0.4715
0.9725 0.566373 0.1379 0.4725
0.9735 0.566373 0.1379 0.4735
0.9745 0.566373 0.1379 0.4745
0.9755 0.566373 0.1379 0.4755
0.9765 0.566373 0.1379 0.4765
0.9775 0.566373 0.1379 0.4775
0.9785 0.566373 0.1379 0.4785
0.9795 0.566373 0.1379 0.4795
0.9805 0.566373 0.1379 0.4805
0.9815 0.566373 0.1379 0.4815
0.9825 0.566373 0.1379 0.4825
0.9835 0.566373 0.1379 0.4835
0.9845 0.566373 0.1379 0.4845
0.9855 0.566373 0.1379 0.4855
0.9865 0.566373 0.1379 0.4865
0.9875 0.566373 0.1379 0.4875
0.9885 0.566373 0.1379 0.4885
0.9895 0.566373 0.1379 0.4895
0.9905 0.566373 0.1379 0.4905
0.9915 0.566373 0.1379 0.4915
0.9925 0.566373 0.1379 0.4925
0.9935 0.566373 0.1379 0.4935
0.9945 0.566373 0.1379 0.4945
0.9955 0.566373 0.1379 0.4955
0.9965 0.566373 0.1379 0.4965
0.9975 0.566373 0.1379 0.4975
0.9985 0.566373 0.1379 0.4985
0.9995 0.566373 0.1379 0.4995
