0.0005 1.33327 0.566375 -0.4995
0.0015 1.33327 0.566375 -0.4995
0.0025 1.33327 0.566375 -0.4995
0.0035 1.33327 0.566375 -0.4995
0.0045 1.33327 0.566375 -0.4995
0.0055 1.33327 0.566375 -0.4995
0.0065 1.33327 0.566375 -0.4995
0.0075 1.33327 0.566375 -0.4995
0.0085 1.33327 0.566375 -0.4995
0.0095 1.33327 0.566375 -0.4995
0.0105 1.33327 0.566375 -0.4995
0.0115 1.33327 0.566375 -0.4995
0.0125 1.33327 0.566375 -0.4995
0.0135 1.33327 0.566375 -0.4995
0.0145 1.33327 0.566375 -0.4995
0.0155 1.33327 0.566375 -0.4995
0.0165 1.33327 0.566375 -0.4995
0.0175 1.33327 0.566375 -0.4995
0.0185 1.33327 0.566375 -0.4995
0.0195 1.33327 0.566375 -0.4995
0.0205 1.33327 0.566375 -0.4995
0.0215 1.33327 0.566375 -0.4995
0.0225 1.33327 0.566375 -0.4995
0.0235 1.33327 0.566375 -0.4995
0.0245 1.33327 0.566375 -0.4995
0.0255 1.33327 0.566375 -0.4995
0.0265 1.33327 0.566375 -0.4995
0.0275 1.33327 0.566375 -0.4995
0.0285 1.33327 0.566375 -0.4995
0.0295 1.33327 0.566375 -0.4995
0.0305 1.33327 0.566375 -0.4995
0.0315 1.33327 0.566375 -0.4995
0.0325 1.33327 0.566375 -0.4995
0.0335 1.33327 0.566375 -0.4995
0.0345 1.33327 0.566375 -0.4995
0.0355 1.33327 0.566375 -0.4995
0.0365 1.33327 0.566375 -0.4995
0.0375 1.33327 0.566375 -0.4995
0.0385 1.33327 0.566375 -0.4995
0.0395 1.33327 0.566375 -0.4995
0.0405 1.33327 0.566375 -0.4995
0.0415 1.33327 0.566375 -0.4995
0.0425 1.33327 0.566375 -0.4995
0.0435 1.33327 0.566375 -0.4995
0.0445 1.33327 0.566375 -0.4995
0.0455 1.33327 0.566375 -0.4995
0.0465 1.33327 0.566375 -0.4995
0.0475 1.33327 0.566375 -0.4995
0.0485 1.33327 0.566375 -0.4995
0.0495 1.33327 0.566375 -0.4995
0.0505 1.33327 0.566375 -0.4995
0.0515 1.33327 0.566375 -0.4995
0.0525 1.33327 0.566375 -0.4995
0.0535 1.33327 0.566375 -0.4995
0.0545 1.33327 0.566375 -0.4995
0.0555 1.33327 0.566375 -0.4995
0.0565 1.33327 0.566375 -0.4995
0.0575 1.33327 0.566375 -0.4995
0.0585 1.33327 0.566375 -0.4995
0.0595 1.33327 0.566375 -0.4995
0.0605 1.33327 0.566375 -0.4995
0.0615 1.33327 0.566375 -0.4995
0.0625 1.33327 0.566375 -0.4995
0.0635 1.33327 0.566375 -0.4995
0.0645 1.33327 0.566375 -0.4995
0.0655 1.33327 0.566375 -0.4995
0.0665 1.33327 0.566375 -0.4995
0.0675 1.33327 0.566375 -0.4995
0.0685 1.33327 0.566375 -0.4995
0.0695 1.33327 0.566375 -0.4995
0.0705 1.33327 0.566375 -0.4995
0.0715 1.33327 0.566375 -0.4995
0.0725 1.33327 0.566375 -0.4995
0.0735 1.33327 0.566375 -0.4995
0.0745 1.33327 0.566375 -0.4995
0.0755 1.33327 0.566375 -0.4995
0.0765 1.33327 0.566375 -0.4995
0.0775 1.33327 0.566375 -0.4995
0.0785 1.33327 0.566375 -0.4995
0.0795 1.33327 0.566375 -0.4995
0.0805 1.33327 0.566375 -0.4995
0.0815 1.33327 0.566375 -0.4995
0.0825 1.33327 0.566375 -0.4995
0.0835 1.33327 0.566375 -0.4995
0.0845 1.33327 0.566375 -0.4995
0.0855 1.33327 0.566375 -0.4995
0.0865 1.33327 0.566375 -0.4995
0.0875 1.33327 0.566375 -0.4995
0.0885 1.33327 0.566375 -0.4995
0.0895 1.33327 0.566375 -0.4995
0.0905 1.33327 0.566375 -0.4995
0.0915 1.33327 0.566375 -0.4995
0.0925 1.33327 0.566375 -0.4995
0.0935 1.33327 0.566375 -0.4995
0.0945 1.33327 0.566375 -0.4995
0.0955 1.33327 0.566375 -0.4995
0.0965 1.33327 0.566375 -0.4995
0.0975 1.33327 0.566375 -0.499499
0.0985 1.33327 0.566375 -0.499499
0.0995 1.33327 0.566375 -0.499499
0.1005 1.33327 0.566375 -0.499498
0.1015 1.33327 0.566375 -0.499497
0.1025 1.33327 0.566375 -0.499496
0.1035 1.33327 0.566375 -0.499495
0.1045 1.33327 0.566375 -0.499492
0.1055 1.33327 0.566375 -0.499489
0.1065 1.33327 0.566375 -0.499486
0.1075 1.33327 0.566375 -0.49948
0.1085 1.33327 0.566375 -0.499473
0.1095 1.33327 0.566375 -0.499465
0.1105 1.33327 0.566375 -0.499453
0.1115 1.33327 0.566375 -0.499438
0.1125 1.33327 0.566375 -0.49942
0.1135 1.33327 0.566375 -0.499396
0.1145 1.33327 0.566375 -0.499367
0.1155 1.33327 0.566375 -0.499331
0.1165 1.33327 0.566375 -0.499287
0.1175 1.33327 0.566375 -0.499233
0.1185 1.33327 0.566375 -0.499168
0.1195 1.33327 0.566375 -0.499091
0.1205 1.33327 0.566375 -0.498999
0.1215 1.33327 0.566375 -0.498891
0.1225 1.33327 0.566375 -0.498765
0.1235 1.33327 0.566375 -0.498618
0.1245 1.33327 0.566375 -0.498449
0.1255 1.33327 0.566375 -0.498256
0.1265 1.33327 0.566375 -0.498037
0.1275 1.33327 0.566375 -0.49779
0.1285 1.33327 0.566375 -0.497513
0.1295 1.33326 0.566375 -0.497204
0.1305 1.33326 0.566375 -0.496863
0.1315 1.33326 0.566375 -0.496488
0.1325 1.33326 0.566375 -0.496078
0.1335 1.33326 0.566375 -0.495633
0.1345 1.33326 0.566375 -0.495152
0.1355 1.33326 0.566375 -0.494635
0.1365 1.33325 0.566375 -0.494082
0.1375 1.33325 0.566375 -0.493494
0.1385 1.33325 0.566375 -0.492872
0.1395 1.33325 0.566375 -0.492216
0.1405 1.33324 0.566375 -0.491529
0.1415 1.33324 0.566375 -0.49081
0.1425 1.33324 0.566375 -0.490063
0.1435 1.33323 0.566375 -0.489288
0.1445 1.33323 0.566375 -0.488487
0.1455 1.33322 0.566375 -0.487663
0.1465 1.33322 0.566375 -0.486817
0.1475 1.33321 0.566375 -0.485951
0.1485 1.3332 0.566375 -0.485067
0.1495 1.33319 0.566375 -0.484167
0.1505 1.33319 0.566375 -0.483252
0.1515 1.33318 0.566375 -0.482324
0.1525 1.33317 0.566375 -0.481385
0.1535 1.33316 0.566375 -0.480436
0.1545 1.33315 0.566375 -0.479478
0.1555 1.33314 0.566375 -0.478513
0.1565 1.33312 0.566375 -0.477541
0.1575 1.33311 0.566375 -0.476563
0.1585 1.33309 0.566375 -0.47558
0.1595 1.33307 0.566375 -0.474592
0.1605 1.33305 0.566375 -0.4736
0.1615 1.33303 0.566375 -0.472604
0.1625 1.333 0.566375 -0.471605
0.1635 1.33298 0.566375 -0.470602
0.1645 1.33295 0.566375 -0.469595
0.1655 1.33291 0.566375 -0.468585
0.1665 1.33288 0.566375 -0.467571
0.1675 1.33284 0.566375 -0.466552
0.1685 1.3328 0.566375 -0.465529
0.1695 1.33275 0.566375 -0.4645
0.1705 1.3327 0.566375 -0.463466
0.1715 1.33264 0.566375 -0.462426
0.1725 1.33258 0.566375 -0.461379
0.1735 1.33252 0.566375 -0.460324
0.1745 1.33245 0.566375 -0.459261
0.1755 1.33238 0.566375 -0.45819
0.1765 1.33231 0.566375 -0.45711
0.1775 1.33223 0.566375 -0.45602
0.1785 1.33214 0.566375 -0.454919
0.1795 1.33206 0.566375 -0.453808
0.1805 1.33198 0.566375 -0.452685
0.1815 1.33192 0.566375 -0.451551
0.1825 1.33188 0.566375 -0.450405
0.1835 1.33185 0.566375 -0.449248
0.1845 1.33185 0.566375 -0.448078
0.1855 1.33184 0.566375 -0.446897
0.1865 1.33184 0.566375 -0.445704
0.1875 1.33185 0.566375 -0.4445
0.1885 1.33185 0.566375 -0.443285
0.1895 1.33185 0.566375 -0.442059
0.1905 1.33185 0.566375 -0.440822
0.1915 1.33186 0.566375 -0.439576
0.1925 1.33187 0.566375 -0.438321
0.1935 1.33188 0.566375 -0.437057
0.1945 1.3319 0.566375 -0.435785
0.1955 1.33193 0.566375 -0.434506
0.1965 1.33195 0.566375 -0.43322
0.1975 1.33199 0.566375 -0.431928
0.1985 1.33203 0.566375 -0.43063
0.1995 1.33208 0.566375 -0.429327
0.2005 1.33213 0.566375 -0.42802
0.2015 1.33219 0.566375 -0.426709
0.2025 1.33226 0.566375 -0.425395
0.2035 1.33233 0.566375 -0.424078
0.2045 1.33241 0.566375 -0.422758
0.2055 1.33249 0.566375 -0.421436
0.2065 1.33258 0.566375 -0.420112
0.2075 1.33268 0.566375 -0.418786
0.2085 1.33277 0.566375 -0.417459
0.2095 1.33287 0.566375 -0.416131
0.2105 1.33295 0.566375 -0.414802
0.2115 1.33302 0.566375 -0.413473
0.2125 1.33307 0.566375 -0.412142
0.2135 1.33309 0.566375 -0.410811
0.2145 1.33311 0.566375 -0.40948
0.2155 1.33312 0.566375 -0.408148
0.2165 1.33313 0.566375 -0.406816
0.2175 1.33314 0.566375 -0.405484
0.2185 1.33315 0.566375 -0.404152
0.2195 1.33315 0.566375 -0.402819
0.2205 1.33316 0.566375 -0.401486
0.2215 1.33317 0.566375 -0.400154
0.2225 1.33317 0.566375 -0.398821
0.2235 1.33318 0.566375 -0.397488
0.2245 1.33319 0.566375 -0.396155
0.2255 1.33319 0.566375 -0.394822
0.2265 1.3332 0.566375 -0.393489
0.2275 1.33321 0.566375 -0.392156
0.2285 1.33321 0.566375 -0.390823
0.2295 1.33322 0.566375 -0.389489
0.2305 1.33322 0.566375 -0.388156
0.2315 1.33323 0.566375 -0.386823
0.2325 1.33323 0.566375 -0.38549
0.2335 1.33324 0.566375 -0.384157
0.2345 1.33324 0.566375 -0.382824
0.2355 1.33324 0.566375 -0.38149
0.2365 1.33325 0.566375 -0.380157
0.2375 1.33325 0.566375 -0.378824
0.2385 1.33325 0.566375 -0.377491
0.2395 1.33325 0.566375 -0.376158
0.2405 1.33326 0.566375 -0.374824
0.2415 1.33326 0.566375 -0.373491
0.2425 1.33326 0.566375 -0.372158
0.2435 1.33326 0.566375 -0.370825
0.2445 1.33326 0.566375 -0.369491
0.2455 1.33326 0.566375 -0.368158
0.2465 1.33327 0.566375 -0.366825
0.2475 1.33327 0.566375 -0.365492
0.2485 1.33327 0.566375 -0.364158
0.2495 1.33327 0.566375 -0.362825
0.2505 1.33328 0.566375 -0.361492
0.2515 1.33328 0.566375 -0.360159
0.2525 1.33328 0.566375 -0.358825
0.2535 1.33328 0.566375 -0.357492
0.2545 1.33328 0.566375 -0.356159
0.2555 1.33328 0.566375 -0.354826
0.2565 1.33328 0.566375 -0.353492
0.2575 1.33328 0.566375 -0.352159
0.2585 1.33328 0.566375 -0.350826
0.2595 1.33329 0.566375 -0.349493
0.2605 1.33329 0.566375 -0.348159
0.2615 1.33329 0.566375 -0.346826
0.2625 1.33329 0.566375 -0.345493
0.2635 1.33329 0.566375 -0.344159
0.2645 1.33329 0.566375 -0.342826
0.2655 1.33329 0.566375 -0.341493
0.2665 1.33329 0.566375 -0.34016
0.2675 1.33329 0.566375 -0.338826
0.2685 1.33329 0.566375 -0.337493
0.2695 1.33329 0.566375 -0.33616
0.2705 1.33329 0.566375 -0.334826
0.2715 1.33329 0.566375 -0.333493
0.2725 1.3333 0.566375 -0.33216
0.2735 1.3333 0.566375 -0.330826
0.2745 1.3333 0.566375 -0.329493
0.2755 1.3333 0.566375 -0.32816
0.2765 1.3333 0.566375 -0.326827
0.2775 1.3333 0.566375 -0.325493
0.2785 1.3333 0.566375 -0.32416
0.2795 1.3333 0.566375 -0.322827
0.2805 1.3333 0.566375 -0.321493
0.2815 1.3333 0.566375 -0.32016
0.2825 1.3333 0.566375 -0.318827
0.2835 1.3333 0.566375 -0.317494
0.2845 1.3333 0.566375 -0.31616
0.2855 1.3333 0.566375 -0.314827
0.2865 1.3333 0.566375 -0.313494
0.2875 1.3333 0.566375 -0.31216
0.2885 1.3333 0.566375 -0.310827
0.2895 1.3333 0.566375 -0.309494
0.2905 1.3333 0.566375 -0.308161
0.2915 1.3333 0.566375 -0.306827
0.2925 1.3333 0.566375 -0.305494
0.2935 1.3333 0.566375 -0.304161
0.2945 1.3333 0.566375 -0.302827
0.2955 1.3333 0.566375 -0.301494
0.2965 1.3333 0.566375 -0.300161
0.2975 1.3333 0.566375 -0.298827
0.2985 1.3333 0.566375 -0.297494
0.2995 1.3333 0.566375 -0.296161
0.3005 1.3333 0.566375 -0.294828
0.3015 1.3333 0.566375 -0.293494
0.3025 1.3333 0.566375 -0.292161
0.3035 1.3333 0.566375 -0.290828
0.3045 1.3333 0.566375 -0.289494
0.3055 1.3333 0.566375 -0.288161
0.3065 1.3333 0.566375 -0.286828
0.3075 1.33331 0.566375 -0.285494
0.3085 1.33331 0.566375 -0.284161
0.3095 1.33331 0.566375 -0.282828
0.3105 1.33331 0.566375 -0.281494
0.3115 1.33331 0.566375 -0.280161
0.3125 1.33331 0.566375 -0.278828
0.3135 1.33331 0.566375 -0.277494
0.3145 1.33331 0.566375 -0.276161
0.3155 1.33331 0.566375 -0.274828
0.3165 1.33331 0.566375 -0.273495
0.3175 1.33331 0.566375 -0.272161
0.3185 1.33331 0.566375 -0.270828
0.3195 1.33331 0.566375 -0.269495
0.3205 1.33331 0.566375 -0.268161
0.3215 1.33331 0.566375 -0.266828
0.3225 1.33331 0.566375 -0.265495
0.3235 1.33331 0.566375 -0.264162
0.3245 1.33331 0.566375 -0.262828
0.3255 1.33331 0.566375 -0.261495
0.3265 1.33331 0.566375 -0.260162
0.3275 1.33331 0.566375 -0.258828
0.3285 1.33331 0.566375 -0.257495
0.3295 1.33331 0.566375 -0.256162
0.3305 1.33331 0.566375 -0.254828
0.3315 1.33331 0.566375 -0.253495
0.3325 1.33331 0.566375 -0.252162
0.3335 1.33331 0.566375 -0.250829
0.3345 1.33331 0.566375 -0.249495
0.3355 1.33331 0.566375 -0.248162
0.3365 1.33331 0.566375 -0.246829
0.3375 1.3333 0.566375 -0.245495
0.3385 1.3333 0.566375 -0.244162
0.3395 1.3333 0.566375 -0.242829
0.3405 1.3333 0.566375 -0.241495
0.3415 1.3333 0.566375 -0.240162
0.3425 1.3333 0.566375 -0.238829
0.3435 1.3333 0.566375 -0.237495
0.3445 1.3333 0.566375 -0.236162
0.3455 1.3333 0.566375 -0.234829
0.3465 1.3333 0.566375 -0.233495
0.3475 1.3333 0.566375 -0.232162
0.3485 1.3333 0.566375 -0.230829
0.3495 1.3333 0.566375 -0.229496
0.3505 1.3333 0.566375 -0.228162
0.3515 1.3333 0.566375 -0.226829
0.3525 1.3333 0.566375 -0.225496
0.3535 1.33329 0.566375 -0.224162
0.3545 1.33329 0.566375 -0.222829
0.3555 1.33329 0.566375 -0.221496
0.3565 1.33329 0.566375 -0.220163
0.3575 1.33329 0.566375 -0.218829
0.3585 1.33328 0.566375 -0.217496
0.3595 1.33328 0.566375 -0.216163
0.3605 1.33328 0.566375 -0.214829
0.3615 1.33327 0.566375 -0.213496
0.3625 1.33327 0.566375 -0.212163
0.3635 1.33326 0.566375 -0.21083
0.3645 1.33325 0.566375 -0.209496
0.3655 1.33325 0.566375 -0.208163
0.3665 1.33324 0.566375 -0.20683
0.3675 1.33323 0.566375 -0.205497
0.3685 1.33322 0.566375 -0.204163
0.3695 1.33321 0.566375 -0.20283
0.3705 1.3332 0.566375 -0.201497
0.3715 1.33318 0.566375 -0.200164
0.3725 1.33317 0.566375 -0.198831
0.3735 1.33315 0.566375 -0.197497
0.3745 1.33313 0.566375 -0.196164
0.3755 1.33311 0.566375 -0.194831
0.3765 1.33308 0.566375 -0.193498
0.3775 1.33306 0.566375 -0.192165
0.3785 1.33302 0.566375 -0.190832
0.3795 1.33299 0.566375 -0.189499
0.3805 1.33295 0.566375 -0.188166
0.3815 1.33291 0.566375 -0.186833
0.3825 1.33286 0.566375 -0.1855
0.3835 1.33281 0.566375 -0.184167
0.3845 1.33275 0.566375 -0.182834
0.3855 1.33268 0.566375 -0.181502
0.3865 1.33261 0.566375 -0.180169
0.3875 1.33253 0.566375 -0.178837
0.3885 1.33244 0.566375 -0.177504
0.3895 1.33234 0.566375 -0.176172
0.3905 1.33223 0.566375 -0.174839
0.3915 1.3321 0.566375 -0.173507
0.3925 1.33196 0.566375 -0.172175
0.3935 1.33181 0.566375 -0.170843
0.3945 1.33165 0.566375 -0.169512
0.3955 1.33146 0.566375 -0.16818
0.3965 1.33126 0.566375 -0.166849
0.3975 1.33104 0.566375 -0.165518
0.3985 1.3308 0.566375 -0.164187
0.3995 1.33053 0.566375 -0.162856
0.4005 1.33024 0.566375 -0.161525
0.4015 1.32992 0.566375 -0.160195
0.4025 1.32957 0.566375 -0.158866
0.4035 1.32919 0.566375 -0.157536
0.4045 1.32877 0.566375 -0.156207
0.4055 1.32831 0.566375 -0.154879
0.4065 1.32782 0.566375 -0.15355
0.4075 1.32728 0.566375 -0.152223
0.4085 1.32668 0.566375 -0.150896
0.4095 1.32604 0.566375 -0.149569
0.4105 1.32534 0.566375 -0.148244
0.4115 1.32458 0.566375 -0.146919
0.4125 1.32376 0.566375 -0.145594
0.4135 1.32287 0.566375 -0.144271
0.4145 1.3219 0.566375 -0.142949
0.4155 1.32086 0.566375 -0.141627
0.4165 1.31973 0.566375 -0.140307
0.4175 1.31851 0.566375 -0.138988
0.4185 1.31719 0.566375 -0.13767
0.4195 1.31578 0.566375 -0.136353
0.4205 1.31426 0.566375 -0.135038
0.4215 1.31263 0.566375 -0.133725
0.4225 1.31088 0.566375 -0.132413
0.4235 1.30901 0.566375 -0.131103
0.4245 1.30702 0.566375 -0.129795
0.4255 1.30489 0.566375 -0.128489
0.4265 1.30263 0.566375 -0.127185
0.4275 1.30022 0.566375 -0.125884
0.4285 1.29768 0.566375 -0.124585
0.4295 1.29499 0.566375 -0.123289
0.4305 1.29215 0.566375 -0.121995
0.4315 1.28917 0.566375 -0.120705
0.4325 1.28604 0.566375 -0.119417
0.4335 1.28276 0.566375 -0.118133
0.4345 1.27934 0.566375 -0.116852
0.4355 1.27577 0.566375 -0.115574
0.4365 1.27207 0.566375 -0.114301
0.4375 1.26823 0.566375 -0.113031
0.4385 1.26426 0.566375 -0.111765
0.4395 1.26017 0.566375 -0.110503
0.4405 1.25596 0.566375 -0.109245
0.4415 1.25164 0.566375 -0.107991
0.4425 1.24721 0.566375 -0.106742
0.4435 1.2427 0.566375 -0.105498
0.4445 1.23809 0.566375 -0.104258
0.4455 1.2334 0.566375 -0.103022
0.4465 1.22864 0.566375 -0.101792
0.4475 1.22383 0.566375 -0.100566
0.4485 1.21895 0.566375 -0.0993453
0.4495 1.21408 0.566375 -0.0981294
0.4505 1.20942 0.566375 -0.0969183
0.4515 1.20508 0.566375 -0.0957117
0.4525 1.20115 0.566375 -0.0945092
0.4535 1.19767 0.566375 -0.0933103
0.4545 1.19464 0.566375 -0.0921147
0.4555 1.19202 0.566375 -0.0909218
0.4565 1.18978 0.566375 -0.0897313
0.4575 1.18787 0.566375 -0.0885428
0.4585 1.18625 0.566375 -0.087356
0.4595 1.18489 0.566375 -0.0861707
0.4605 1.18375 0.566375 -0.0849865
0.4615 1.1828 0.566375 -0.0838034
0.4625 1.18202 0.566375 -0.0826211
0.4635 1.18139 0.566375 -0.0814395
0.4645 1.1809 0.566375 -0.0802584
0.4655 1.18051 0.566375 -0.0790777
0.4665 1.18023 0.566327 -0.0778974
0.4675 1.18003 0.566077 -0.0767172
0.4685 1.1799 0.565362 -0.0755372
0.4695 1.17981 0.564476 -0.0743573
0.4705 1.17976 0.563817 -0.0731774
0.4715 1.17973 0.563226 -0.0719975
0.4725 1.1797 0.562581 -0.0708176
0.4735 1.17967 0.561911 -0.0696378
0.4745 1.17963 0.561294 -0.0684579
0.4755 1.17959 0.560683 -0.067278
0.4765 1.17957 0.560014 -0.0660981
0.4775 1.17955 0.55932 -0.0649181
0.4785 1.17953 0.558624 -0.0637381
0.4795 1.17952 0.557917 -0.062558
0.4805 1.1795 0.557229 -0.0613777
0.4815 1.17947 0.55659 -0.0601973
0.4825 1.1794 0.555979 -0.0590168
0.4835 1.1793 0.555381 -0.0578361
0.4845 1.17913 0.554786 -0.0566553
0.4855 1.17887 0.554182 -0.0554743
0.4865 1.17848 0.553533 -0.0542931
0.4875 1.17792 0.552803 -0.0531118
0.4885 1.17713 0.552008 -0.0519303
0.4895 1.17622 0.551144 -0.0507487
0.4905 1.17539 0.550253 -0.0495669
0.4915 1.17439 0.549413 -0.0483849
0.4925 1.17337 0.548605 -0.0472027
0.4935 1.17252 0.547795 -0.0460204
0.4945 1.17158 0.546954 -0.0448378
0.4955 1.17057 0.546056 -0.043655
0.4965 1.16936 0.545084 -0.042472
0.4975 1.16798 0.544022 -0.0412887
0.4985 1.16653 0.542872 -0.0401052
0.4995 1.16497 0.541649 -0.0389215
0.5005 1.163 0.540332 -0.0377377
0.5015 1.16058 0.538945 -0.0365537
0.5025 1.15789 0.537548 -0.0353697
0.5035 1.15479 0.536036 -0.0341857
0.5045 1.15121 0.534369 -0.0330017
0.5055 1.14708 0.532666 -0.031818
0.5065 1.14228 0.530803 -0.0306346
0.5075 1.13669 0.528667 -0.0294517
0.5085 1.13029 0.526474 -0.0282695
0.5095 1.12291 0.524165 -0.0270882
0.5105 1.1144 0.521521 -0.0259077
0.5115 1.10476 0.518766 -0.0247283
0.5125 1.09384 0.515938 -0.0235499
0.5135 1.08137 0.512651 -0.0223724
0.5145 1.06716 0.508948 -0.0211957
0.5155 1.05113 0.505083 -0.0200196
0.5165 1.0331 0.500826 -0.0188438
0.5175 1.01281 0.495968 -0.0176681
0.5185 0.990013 0.490858 -0.0164923
0.5195 0.964542 0.485589 -0.0153162
0.5205 0.936254 0.479592 -0.0141396
0.5215 0.904981 0.472735 -0.0129625
0.5225 0.870564 0.465664 -0.011785
0.5235 0.833086 0.458378 -0.010607
0.5245 0.792318 0.450138 -0.00942909
0.5255 0.748615 0.441008 -0.00825152
0.5265 0.701746 0.431482 -0.00707489
0.5275 0.653293 0.421382 -0.00589982
0.5285 0.611817 0.410339 -0.00472695
0.5295 0.584552 0.398139 -0.00355686
0.5305 0.571081 0.384561 -0.00238995
0.5315 0.56689 0.36975 -0.00122639
0.5325 0.566386 0.353889 -6.59956e-05
0.5335 0.566375 0.336572 0.00109275
0.5345 0.566375 0.317357 0.0022504
0.5355 0.566375 0.296261 0.00340719
0.5365 0.566375 0.27425 0.00456326
0.5375 0.566375 0.251329 0.00571867
0.5385 0.566375 0.226385 0.00687348
0.5395 0.566375 0.202953 0.00802773
0.5405 0.566375 0.185395 0.00918144
0.5415 0.566375 0.173896 0.0103347
0.5425 0.566375 0.167235 0.0114875
0.5435 0.566375 0.163713 0.0126401
0.5445 0.566375 0.161906 0.0137923
0.5455 0.566375 0.160963 0.0149444
0.5465 0.566375 0.160469 0.0160963
0.5475 0.566375 0.160219 0.0172481
0.5485 0.566375 0.160074 0.0183999
0.5495 0.566375 0.159961 0.0195516
0.5505 0.566375 0.159854 0.0207034
0.5515 0.566375 0.159744 0.0218551
0.5525 0.566375 0.15962 0.0230069
0.5535 0.566375 0.159498 0.0241587
0.5545 0.566375 0.159418 0.0253106
0.5555 0.566375 0.159338 0.0264624
0.5565 0.566375 0.159252 0.0276143
0.5575 0.566375 0.159183 0.0287661
0.5585 0.566375 0.159114 0.029918
0.5595 0.566375 0.159031 0.0310699
0.5605 0.566375 0.158953 0.0322218
0.5615 0.566375 0.158905 0.0333737
0.5625 0.566375 0.15887 0.0345256
0.5635 0.566375 0.158854 0.0356775
0.5645 0.566375 0.15885 0.0368294
0.5655 0.566375 0.158846 0.0379812
0.5665 0.566375 0.158842 0.0391331
0.5675 0.566375 0.158838 0.040285
0.5685 0.566375 0.158835 0.0414368
0.5695 0.566375 0.158834 0.0425887
0.5705 0.566375 0.158833 0.0437405
0.5715 0.566375 0.158833 0.0448923
0.5725 0.566375 0.158833 0.0460442
0.5735 0.566375 0.158833 0.047196
0.5745 0.566375 0.158833 0.0483478
0.5755 0.566375 0.158833 0.0494996
0.5765 0.566375 0.158833 0.0506514
0.5775 0.566375 0.158834 0.0518032
0.5785 0.566375 0.158834 0.052955
0.5795 0.566375 0.158835 0.0541068
0.5805 0.566375 0.158835 0.0552587
0.5815 0.566375 0.158836 0.0564105
0.5825 0.566375 0.158837 0.0575623
0.5835 0.566375 0.158837 0.0587141
0.5845 0.566375 0.158838 0.059866
0.5855 0.566375 0.158839 0.0610178
0.5865 0.566375 0.15884 0.0621697
0.5875 0.566375 0.15884 0.0633215
0.5885 0.566375 0.158841 0.0644734
0.5895 0.566375 0.158842 0.0656253
0.5905 0.566375 0.158842 0.0667772
0.5915 0.566375 0.158843 0.0679291
0.5925 0.566375 0.158844 0.069081
0.5935 0.566375 0.158844 0.0702329
0.5945 0.566375 0.158845 0.0713848
0.5955 0.566375 0.158846 0.0725367
0.5965 0.566375 0.158846 0.0736886
0.5975 0.566375 0.158847 0.0748406
0.5985 0.566375 0.158848 0.0759925
0.5995 0.566375 0.158848 0.0771444
0.6005 0.566375 0.158849 0.0782963
0.6015 0.566375 0.15885 0.0794483
0.6025 0.566375 0.15885 0.0806002
0.6035 0.566375 0.158851 0.0817522
0.6045 0.566375 0.158852 0.0829041
0.6055 0.566375 0.158852 0.0840561
0.6065 0.566375 0.158853 0.085208
0.6075 0.566375 0.158854 0.08636
0.6085 0.566375 0.158855 0.087512
0.6095 0.566375 0.158856 0.088664
0.6105 0.566375 0.158856 0.089816
0.6115 0.566375 0.158857 0.090968
0.6125 0.566375 0.158858 0.0921201
0.6135 0.566375 0.158859 0.0932721
0.6145 0.566375 0.158859 0.0944241
0.6155 0.566375 0.15886 0.0955762
0.6165 0.566375 0.158861 0.0967283
0.6175 0.566375 0.158862 0.0978803
0.6185 0.566375 0.158862 0.0990324
0.6195 0.566375 0.158863 0.100184
0.6205 0.566375 0.158864 0.101337
0.6215 0.566375 0.158865 0.102489
0.6225 0.566375 0.158865 0.103641
0.6235 0.566375 0.158866 0.104793
0.6245 0.566375 0.158867 0.105945
0.6255 0.566375 0.158868 0.107097
0.6265 0.566375 0.158868 0.108249
0.6275 0.566375 0.158869 0.109401
0.6285 0.566375 0.15887 0.110553
0.6295 0.566375 0.158871 0.111706
0.6305 0.566375 0.158872 0.112858
0.6315 0.566375 0.158873 0.11401
0.6325 0.566375 0.158874 0.115162
0.6335 0.566375 0.158875 0.116314
0.6345 0.566375 0.158876 0.117466
0.6355 0.566375 0.158877 0.118618
0.6365 0.566375 0.158878 0.11977
0.6375 0.566375 0.15888 0.120923
0.6385 0.566375 0.158881 0.122075
0.6395 0.566375 0.158883 0.123227
0.6405 0.566375 0.158884 0.124379
0.6415 0.566375 0.158886 0.125531
0.6425 0.566375 0.158889 0.126683
0.6435 0.566375 0.158891 0.127836
0.6445 0.566375 0.158894 0.128988
0.6455 0.566375 0.158897 0.13014
0.6465 0.566375 0.158899 0.131293
0.6475 0.566375 0.158903 0.132445
0.6485 0.566375 0.158906 0.133597
0.6495 0.566375 0.158909 0.13475
0.6505 0.566375 0.158912 0.135902
0.6515 0.566375 0.158916 0.137055
0.6525 0.566375 0.158919 0.138207
0.6535 0.566375 0.158923 0.139359
0.6545 0.566375 0.158927 0.140512
0.6555 0.566375 0.158931 0.141665
0.6565 0.566375 0.158935 0.142817
0.6575 0.566375 0.158939 0.14397
0.6585 0.566375 0.158943 0.145122
0.6595 0.566375 0.158948 0.146275
0.6605 0.566375 0.158953 0.147428
0.6615 0.566375 0.158958 0.14858
0.6625 0.566375 0.158963 0.149733
0.6635 0.566375 0.158968 0.150886
0.6645 0.566375 0.158973 0.152039
0.6655 0.566375 0.158979 0.153192
0.6665 0.566375 0.158985 0.154344
0.6675 0.566375 0.15899 0.155497
0.6685 0.566375 0.158996 0.15665
0.6695 0.566375 0.159003 0.157803
0.6705 0.566375 0.159009 0.158957
0.6715 0.566375 0.159015 0.16011
0.6725 0.566375 0.159021 0.161263
0.6735 0.566375 0.159028 0.162416
0.6745 0.566375 0.159035 0.163569
0.6755 0.566375 0.159042 0.164723
0.6765 0.566375 0.159049 0.165876
0.6775 0.566375 0.159056 0.167029
0.6785 0.566375 0.159063 0.168183
0.6795 0.566375 0.15907 0.169336
0.6805 0.566375 0.159078 0.17049
0.6815 0.566375 0.159085 0.171644
0.6825 0.566375 0.159092 0.172797
0.6835 0.566375 0.1591 0.173951
0.6845 0.566375 0.159107 0.175105
0.6855 0.566375 0.159115 0.176259
0.6865 0.566375 0.159123 0.177413
0.6875 0.566375 0.159131 0.178567
0.6885 0.566375 0.159139 0.179721
0.6895 0.566375 0.159147 0.180875
0.6905 0.566375 0.159155 0.182029
0.6915 0.566375 0.159163 0.183183
0.6925 0.566375 0.159171 0.184337
0.6935 0.566375 0.159179 0.185492
0.6945 0.566375 0.159188 0.186646
0.6955 0.566375 0.159196 0.1878
0.6965 0.566375 0.159205 0.188955
0.6975 0.566375 0.159213 0.19011
0.6985 0.566375 0.159222 0.191264
0.6995 0.566375 0.159231 0.192419
0.7005 0.566375 0.159241 0.193574
0.7015 0.566375 0.15925 0.194728
0.7025 0.566375 0.159259 0.195883
0.7035 0.566375 0.159269 0.197038
0.7045 0.566375 0.159279 0.198193
0.7055 0.566375 0.159288 0.199348
0.7065 0.566375 0.159298 0.200504
0.7075 0.566375 0.159308 0.201659
0.7085 0.566375 0.159319 0.202814
0.7095 0.566375 0.159329 0.20397
0.7105 0.566375 0.159339 0.205125
0.7115 0.566375 0.159349 0.206281
0.7125 0.566375 0.159359 0.207436
0.7135 0.566375 0.15937 0.208592
0.7145 0.566375 0.15938 0.209748
0.7155 0.566375 0.15939 0.210903
0.7165 0.566375 0.1594 0.212059
0.7175 0.566375 0.15941 0.213215
0.7185 0.566375 0.15942 0.214371
0.7195 0.566375 0.15943 0.215528
0.7205 0.566375 0.159439 0.216684
0.7215 0.566375 0.159448 0.21784
0.7225 0.566375 0.159458 0.218996
0.7235 0.566375 0.159466 0.220153
0.7245 0.566375 0.159474 0.221309
0.7255 0.566375 0.159478 0.222466
0.7265 0.566375 0.15948 0.223622
0.7275 0.566375 0.15948 0.224779
0.7285 0.566375 0.15948 0.225935
0.7295 0.566375 0.15948 0.227092
0.7305 0.566375 0.159478 0.228248
0.7315 0.566375 0.159475 0.229405
0.7325 0.566375 0.159471 0.230561
0.7335 0.566375 0.159464 0.231717
0.7345 0.566375 0.159454 0.232874
0.7355 0.566375 0.159441 0.23403
0.7365 0.566375 0.159421 0.235186
0.7375 0.566375 0.159391 0.236342
0.7385 0.566375 0.159344 0.237497
0.7395 0.566375 0.159263 0.238652
0.7405 0.566375 0.159113 0.239807
0.7415 0.566375 0.158812 0.240958
0.7425 0.566375 0.158193 0.242107
0.7435 0.566375 0.156903 0.243246
0.7445 0.566375 0.154357 0.244368
0.7455 0.566375 0.14954 0.245457
0.7465 0.566375 0.142932 0.246493
0.7475 0.566375 0.138742 0.247499
0.7485 0.566375 0.137985 0.2485
0.7495 0.566375 0.137909 0.2495
0.7505 0.566375 0.137901 0.2505
0.7515 0.566375 0.1379 0.2515
0.7525 0.566375 0.1379 0.2525
0.7535 0.566375 0.1379 0.2535
0.7545 0.566375 0.1379 0.2545
0.7555 0.566375 0.1379 0.2555
0.7565 0.566375 0.1379 0.2565
0.7575 0.566375 0.1379 0.2575
0.7585 0.566375 0.1379 0.2585
0.7595 0.566375 0.1379 0.2595
0.7605 0.566375 0.1379 0.2605
0.7615 0.566375 0.1379 0.2615
0.7625 0.566375 0.1379 0.2625
0.7635 0.566375 0.1379 0.2635
0.7645 0.566375 0.1379 0.2645
0.7655 0.566375 0.1379 0.2655
0.7665 0.566375 0.1379 0.2665
0.7675 0.566375 0.1379 0.2675
0.7685 0.566375 0.1379 0.2685
0.7695 0.566375 0.1379 0.2695
0.7705 0.566375 0.1379 0.2705
0.7715 0.566375 0.1379 0.2715
0.7725 0.566375 0.1379 0.2725
0.7735 0.566375 0.1379 0.2735
0.7745 0.566375 0.1379 0.2745
0.7755 0.566375 0.1379 0.2755
0.7765 0.566375 0.1379 0.2765
0.7775 0.566375 0.1379 0.2775
0.7785 0.566375 0.1379 0.2785
0.7795 0.566375 0.1379 0.2795
0.7805 0.566375 0.1379 0.2805
0.7815 0.566375 0.1379 0.2815
0.7825 0.566375 0.1379 0.2825
0.7835 0.566375 0.1379 0.2835
0.7845 0.566375 0.1379 0.2845
0.7855 0.566375 0.1379 0.2855
0.7865 0.566375 0.1379 0.2865
0.7875 0.566375 0.1379 0.2875
0.7885 0.566375 0.1379 0.2885
0.7895 0.566375 0.1379 0.2895
0.7905 0.566375 0.1379 0.2905
0.7915 0.566375 0.1379 0.2915
0.7925 0.566375 0.1379 0.2925
0.7935 0.566375 0.1379 0.2935
0.7945 0.566375 0.1379 0.2945
0.7955 0.566375 0.1379 0.2955
0.7965 0.566375 0.1379 0.2965
0.7975 0.566375 0.1379 0.2975
0.7985 0.566375 0.1379 0.2985
0.7995 0.566375 0.1379 0.2995
0.8005 0.566375 0.1379 0.3005
0.8015 0.566375 0.1379 0.3015
0.8025 0.566375 0.1379 0.3025
0.8035 0.566375 0.1379 0.3035
0.8045 0.566375 0.1379 0.3045
0.8055 0.566375 0.1379 0.3055
0.8065 0.566375 0.1379 0.3065
0.8075 0.566375 0.1379 0.3075
0.8085 0.566375 0.1379 0.3085
0.8095 0.566375 0.1379 0.3095
0.8105 0.566375 0.1379 0.3105
0.8115 0.566375 0.1379 0.3115
0.8125 0.566375 0.1379 0.3125
0.8135 0.566375 0.1379 0.3135
0.8145 0.566375 0.1379 0.3145
0.8155 0.566375 0.1379 0.3155
0.8165 0.566375 0.1379 0.3165
0.8175 0.566375 0.1379 0.3175
0.8185 0.566375 0.1379 0.3185
0.8195 0.566375 0.1379 0.3195
0.8205 0.566375 0.1379 0.3205
0.8215 0.566375 0.1379 0.3215
0.8225 0.566375 0.1379 0.3225
0.8235 0.566375 0.1379 0.3235
0.8245 0.566375 0.1379 0.3245
0.8255 0.566375 0.1379 0.3255
0.8265 0.566375 0.1379 0.3265
0.8275 0.566375 0.1379 0.3275
0.8285 0.566375 0.1379 0.3285
0.8295 0.566375 0.1379 0.3295
0.8305 0.566375 0.1379 0.3305
0.8315 0.566375 0.1379 0.3315
0.8325 0.566375 0.1379 0.3325
0.8335 0.566375 0.1379 0.3335
0.8345 0.566375 0.1379 0.3345
0.8355 0.566375 0.1379 0.3355
0.8365 0.566375 0.1379 0.3365
0.8375 0.566375 0.1379 0.3375
0.8385 0.566375 0.1379 0.3385
0.8395 0.566375 0.1379 0.3395
0.8405 0.566375 0.1379 0.3405
0.8415 0.566375 0.1379 0.3415
0.8425 0.566375 0.1379 0.3425
0.8435 0.566375 0.1379 0.3435
0.8445 0.566375 0.1379 0.3445
0.8455 0.566375 0.1379 0.3455
0.8465 0.566375 0.1379 0.3465
0.8475 0.566375 0.1379 0.3475
0.8485 0.566375 0.1379 0.3485
0.8495 0.566375 0.1379 0.3495
0.8505 0.566375 0.1379 0.3505
0.8515 0.566375 0.1379 0.3515
0.8525 0.566375 0.1379 0.3525
0.8535 0.566375 0.1379 0.3535
0.8545 0.566375 0.1379 0.3545
0.8555 0.566375 0.1379 0.3555
0.8565 0.566375 0.1379 0.3565
0.8575 0.566375 0.1379 0.3575
0.8585 0.566375 0.1379 0.3585
0.8595 0.566375 0.1379 0.3595
0.8605 0.566375 0.1379 0.3605
0.8615 0.566375 0.1379 0.3615
0.8625 0.566375 0.1379 0.3625
0.8635 0.566375 0.1379 0.3635
0.8645 0.566375 0.1379 0.3645
0.8655 0.566375 0.1379 0.3655
0.8665 0.566375 0.1379 0.3665
0.8675 0.566375 0.1379 0.3675
0.8685 0.566375 0.1379 0.3685
0.8695 0.566375 0.1379 0.3695
0.8705 0.566375 0.1379 0.3705
0.8715 0.566375 0.1379 0.3715
0.8725 0.566375 0.1379 0.3725
0.8735 0.566375 0.1379 0.3735
0.8745 0.566375 0.1379 0.3745
0.8755 0.566375 0.1379 0.3755
0.8765 0.566375 0.1379 0.3765
0.8775 0.566375 0.1379 0.3775
0.8785 0.566375 0.1379 0.3785
0.8795 0.566375 0.1379 0.3795
0.8805 0.566375 0.1379 0.3805
0.8815 0.566375 0.1379 0.3815
0.8825 0.566375 0.1379 0.3825
0.8835 0.566375 0.1379 0.3835
0.8845 0.566375 0.1379 0.3845
0.8855 0.566375 0.1379 0.3855
0.8865 0.566375 0.1379 0.3865
0.8875 0.566375 0.1379 0.3875
0.8885 0.566375 0.1379 0.3885
0.8895 0.566375 0.1379 0.3895
0.8905 0.566375 0.1379 0.3905
0.8915 0.566375 0.1379 0.3915
0.8925 0.566375 0.1379 0.3925
0.8935 0.566375 0.1379 0.3935
0.8945 0.566375 0.1379 0.3945
0.8955 0.566375 0.1379 0.3955
0.8965 0.566375 0.1379 0.3965
0.8975 0.566375 0.1379 0.3975
0.8985 0.566375 0.1379 0.3985
0.8995 0.566375 0.1379 0.3995
0.9005 0.566375 0.1379 0.4005
0.9015 0.566375 0.1379 0.4015
0.9025 0.566375 0.1379 0.4025
0.9035 0.566375 0.1379 0.4035
0.9045 0.566375 0.1379 0.4045
0.9055 0.566375 0.1379 0.4055
0.9065 0.566375 0.1379 0.4065
0.9075 0.566375 0.1379 0.4075
0.9085 0.566375 0.1379 0.4085
0.9095 0.566375 0.1379 0.4095
0.9105 0.566375 0.1379 0.4105
0.9115 0.566375 0.1379 0.4115
0.9125 0.566375 0.1379 0.4125
0.9135 0.566375 0.1379 0.4135
0.9145 0.566375 0.1379 0.4145
0.9155 0.566375 0.1379 0.4155
0.9165 0.566375 0.1379 0.4165
0.9175 0.566375 0.1379 0.4175
0.9185 0.566375 0.1379 0.4185
0.9195 0.566375 0.1379 0.4195
0.9205 0.566375 0.1379 0.4205
0.9215 0.566375 0.1379 0.4215
0.9225 0.566375 0.1379 0.4225
0.9235 0.566375 0.1379 0.4235
0.9245 0.566375 0.1379 0.4245
0.9255 0.566375 0.1379 0.4255
0.9265 0.566375 0.1379 0.4265
0.9275 0.566375 0.1379 0.4275
0.9285 0.566375 0.1379 0.4285
0.9295 0.566375 0.1379 0.4295
0.9305 0.566375 0.1379 0.4305
0.9315 0.566375 0.1379 0.4315
0.9325 0.566375 0.1379 0.4325
0.9335 0.566375 0.1379 0.4335
0.9345 0.566375 0.1379 0.4345
0.9355 0.566375 0.1379 0.4355
0.9365 0.566375 0.1379 0.4365
0.9375 0.566375 0.1379 0.4375
0.9385 0.566375 0.1379 0.4385
0.9395 0.566375 0.1379 0.4395
0.9405 0.566375 0.1379 0.4405
0.9415 0.566375 0.1379 0.4415
0.9425 0.566375 0.1379 0.4425
0.9435 0.566375 0.1379 0.4435
0.9445 0.566375 0.1379 0.4445
0.9455 0.566375 0.1379 0.4455
0.9465 0.566375 0.1379 0.4465
0.9475 0.566375 0.1379 0.4475
0.9485 0.566375 0.1379 0.4485
0.9495 0.566375 0.1379 0.4495
0.9505 0.566375 0.1379 0.4505
0.9515 0.566375 0.1379 0.4515
0.9525 0.566375 0.1379 0.4525
0.9535 0.566375 0.1379 0.4535
0.9545 0.566375 0.1379 0.4545
0.9555 0.566375 0.1379 0.4555
0.9565 0.566375 0.1379 0.4565
0.9575 0.566375 0.1379 0.4575
0.9585 0.566375 0.1379 0.4585
0.9595 0.566375 0.1379 0.4595
0.9605 0.566375 0.1379 0.4605
0.9615 0.566375 0.1379 0.4615
0.9625 0.566375 0.1379 0.4625
0.9635 0.566375 0.1379 0.4635
0.9645 0.566375 0.1379 0.4645
0.9655 0.566375 0.1379 0.4655
0.9665 0.566375 0.1379 0.4665
0.9675 0.566375 0.1379 0.4675
0.9685 0.566375 0.1379 0.4685
0.9695 0.566375 0.1379 0.4695
0.9705 0.566375 0.1379 0.4705
0.9715 0.566375 0.1379 0.4715
0.9725 0.566375 0.1379 0.4725
0.9735 0.566375 0.1379 0.4735
0.9745 0.566375 0.1379 0.4745
0.9755 0.566375 0.1379 0.4755
0.9765 0.566375 0.1379 0.4765
0.9775 0.566375 0.1379 0.4775
0.9785 0.566375 0.1379 0.4785
0.9795 0.566375 0.1379 0.4795
0.9805 0.566375 0.1379 0.4805
0.9815 0.566375 0.1379 0.4815
0.9825 0.566375 0.1379 0.4825
0.9835 0.566375 0.1379 0.4835
0.9845 0.566375 0.1379 0.4845
0.9855 0.566375 0.1379 0.4855
0.9865 0.566375 0.1379 0.4865
0.9875 0.566375 0.1379 0.4875
0.9885 0.566375 0.1379 0.4885
0.9895 0.566375 0.1379 0.4895
0.9905 0.566375 0.1379 0.4905
0.9915 0.566375 0.1379 0.4915
0.9925 0.566375 0.1379 0.4925
0.9935 0.566375 0.1379 0.4935
0.9945 0.566375 0.1379 0.4945
0.9955 0.566375 0.1379 0.4955
0.9965 0.566375 0.1379 0.4965
0.9975 0.566375 0.1379 0.4975
0.9985 0.566375 0.1379 0.4985
0.9995 0.566375 0.1379 0.4995
