0.0025 150000 1 -0.4975
0.0075 150000 1 -0.4925
0.0125 150000 1 -0.4875
0.0175 150000 1 -0.4825
0.0225 150000 1 -0.4775
0.0275 150000 1 -0.4725
0.0325 150000 1 -0.4675
0.0375 150000 1 -0.4625
0.0425 150000 1 -0.4575
0.0475 150000 1 -0.4525
0.0525 100000 1 -0.4475
0.0575 100000 1 -0.4425
0.0625 100000 1 -0.4375
0.0675 100000 1 -0.4325
0.0725 100000 1 -0.4275
0.0775 100000 1 -0.4225
0.0825 100000 1 -0.4175
0.0875 100000 1 -0.4125
0.0925 100000 1 -0.4075
0.0975 100000 1 -0.4025
0.1025 100000 1 -0.3975
0.1075 100000 1 -0.3925
0.1125 100000 1 -0.3875
0.1175 100000 1 -0.3825
0.1225 100000 1 -0.3775
0.1275 100000 1 -0.3725
0.1325 100000 1 -0.3675
0.1375 100000 1 -0.3625
0.1425 100000 1 -0.3575
0.1475 100000 1 -0.3525
0.1525 100000 1 -0.3475
0.1575 100000 1 -0.3425
0.1625 100000 1 -0.3375
0.1675 100000 1 -0.3325
0.1725 100000 1 -0.3275
0.1775 100000 1 -0.3225
0.1825 100000 1 -0.3175
0.1875 100000 1 -0.3125
0.1925 100000 1 -0.3075
0.1975 100000 1 -0.3025
0.2025 100000 1 -0.2975
0.2075 100000 1 -0.2925
0.2125 100000 1 -0.2875
0.2175 100000 1 -0.2825
0.2225 100000 1 -0.2775
0.2275 100000 1 -0.2725
0.2325 100000 1 -0.2675
0.2375 100000 1 -0.2625
0.2425 100000 1 -0.2575
0.2475 100000 1 -0.2525
0.2525 100000 1 -0.2475
0.2575 100000 1 -0.2425
0.2625 100000 1 -0.2375
0.2675 100000 1 -0.2325
0.2725 100000 1 -0.2275
0.2775 100000 1 -0.2225
0.2825 100000 1 -0.2175
0.2875 100000 1 -0.2125
0.2925 100000 1 -0.2075
0.2975 100000 1 -0.2025
0.3025 100000 1 -0.1975
0.3075 100000 1 -0.1925
0.3125 100000 1 -0.1875
0.3175 100000 1 -0.1825
0.3225 100000 1 -0.1775
0.3275 100000 1 -0.1725
0.3325 100000 1 -0.1675
0.3375 100000 1 -0.1625
0.3425 100000 1 -0.1575
0.3475 100000 1 -0.1525
0.3525 100000 1 -0.1475
0.3575 100000 1 -0.1425
0.3625 100000 1 -0.1375
0.3675 100000 1 -0.1325
0.3725 100000 1 -0.1275
0.3775 100000 1 -0.1225
0.3825 100000 1 -0.1175
0.3875 100000 1 -0.1125
0.3925 100000 1 -0.1075
0.3975 100000 1 -0.1025
0.4025 100000 1 -0.0975
0.4075 100000 1 -0.0925
0.4125 100000 1 -0.0875
0.4175 100000 1 -0.0825
0.4225 100000 1 -0.0775
0.4275 100000 1 -0.0725
0.4325 100000 1 -0.0675
0.4375 100000 1 -0.0625
0.4425 100000 1 -0.0575
0.4475 100000 1 -0.0525
0.4525 100000 1 -0.0475
0.4575 100000 1 -0.0425
0.4625 100000 1 -0.0375
0.4675 100000 1 -0.0325
0.4725 100000 1 -0.0275
0.4775 100000 1 -0.0225
0.4825 100000 1 -0.0175
0.4875 100000 1 -0.0125
0.4925 100000 1 -0.0075
0.4975 100000 1 -0.0025
0.5025 1 100000 0.0025
0.5075 1 100000 0.0075
0.5125 1 100000 0.0125
0.5175 1 100000 0.0175
0.5225 1 100000 0.0225
0.5275 1 100000 0.0275
0.5325 1 100000 0.0325
0.5375 1 100000 0.0375
0.5425 1 100000 0.0425
0.5475 1 100000 0.0475
0.5525 1 100000 0.0525
0.5575 1 100000 0.0575
0.5625 1 100000 0.0625
0.5675 1 100000 0.0675
0.5725 1 100000 0.0725
0.5775 1 100000 0.0775
0.5825 1 100000 0.0825
0.5875 1 100000 0.0875
0.5925 1 100000 0.0925
0.5975 1 100000 0.0975
0.6025 1 100000 0.1025
0.6075 1 100000 0.1075
0.6125 1 100000 0.1125
0.6175 1 100000 0.1175
0.6225 1 100000 0.1225
0.6275 1 100000 0.1275
0.6325 1 100000 0.1325
0.6375 1 100000 0.1375
0.6425 1 100000 0.1425
0.6475 1 100000 0.1475
0.6525 1 100000 0.1525
0.6575 1 100000 0.1575
0.6625 1 100000 0.1625
0.6675 1 100000 0.1675
0.6725 1 100000 0.1725
0.6775 1 100000 0.1775
0.6825 1 100000 0.1825
0.6875 1 100000 0.1875
0.6925 1 100000 0.1925
0.6975 1 100000 0.1975
0.7025 1 100000 0.2025
0.7075 1 100000 0.2075
0.7125 1 100000 0.2125
0.7175 1 100000 0.2175
0.7225 1 100000 0.2225
0.7275 1 100000 0.2275
0.7325 1 100000 0.2325
0.7375 1 100000 0.2375
0.7425 1 100000 0.2425
0.7475 1 100000 0.2475
0.7525 1 100000 0.2525
0.7575 1 100000 0.2575
0.7625 1 100000 0.2625
0.7675 1 100000 0.2675
0.7725 1 100000 0.2725
0.7775 1 100000 0.2775
0.7825 1 100000 0.2825
0.7875 1 100000 0.2875
0.7925 1 100000 0.2925
0.7975 1 100000 0.2975
0.8025 1 100000 0.3025
0.8075 1 100000 0.3075
0.8125 1 100000 0.3125
0.8175 1 100000 0.3175
0.8225 1 100000 0.3225
0.8275 1 100000 0.3275
0.8325 1 100000 0.3325
0.8375 1 100000 0.3375
0.8425 1 100000 0.3425
0.8475 1 100000 0.3475
0.8525 1 100000 0.3525
0.8575 1 100000 0.3575
0.8625 1 100000 0.3625
0.8675 1 100000 0.3675
0.8725 1 100000 0.3725
0.8775 1 100000 0.3775
0.8825 1 100000 0.3825
0.8875 1 100000 0.3875
0.8925 1 100000 0.3925
0.8975 1 100000 0.3975
0.9025 1 100000 0.4025
0.9075 1 100000 0.4075
0.9125 1 100000 0.4125
0.9175 1 100000 0.4175
0.9225 1 100000 0.4225
0.9275 1 100000 0.4275
0.9325 1 100000 0.4325
0.9375 1 100000 0.4375
0.9425 1 100000 0.4425
0.9475 1 100000 0.4475
0.9525 1 100000 0.4525
0.9575 1 100000 0.4575
0.9625 1 100000 0.4625
0.9675 1 100000 0.4675
0.9725 1 100000 0.4725
0.9775 1 100000 0.4775
0.9825 1 100000 0.4825
0.9875 1 100000 0.4875
0.9925 1 100000 0.4925
0.9975 1 100000 0.4975
