0.0025 0.4 0.00200778 -0.489965
0.0075 0.4 0.00200778 -0.484965
0.0125 0.4 0.00200778 -0.479965
0.0175 0.4 0.00200778 -0.474965
0.0225 0.4 0.00200778 -0.469965
0.0275 0.4 0.00200778 -0.464965
0.0325 0.4 0.00200778 -0.459965
0.0375 0.4 0.00200778 -0.454965
0.0425 0.4 0.00200778 -0.449965
0.0475 0.4 0.00200778 -0.444965
0.0525 0.4 0.00200778 -0.439965
0.0575 0.4 0.00200778 -0.434965
0.0625 0.4 0.00200778 -0.429965
0.0675 0.4 0.00200778 -0.424965
0.0725 0.4 0.00200778 -0.419965
0.0775 0.4 0.00200778 -0.414965
0.0825 0.4 0.00200778 -0.409965
0.0875 0.4 0.00200778 -0.404965
0.0925 0.4 0.00200778 -0.399965
0.0975 0.4 0.00200778 -0.394965
0.1025 0.4 0.00200778 -0.389965
0.1075 0.4 0.00200778 -0.384965
0.1125 0.4 0.00200778 -0.379965
0.1175 0.4 0.00200778 -0.374965
0.1225 0.4 0.00200778 -0.369965
0.1275 0.4 0.00200778 -0.364965
0.1325 0.4 0.00200778 -0.359965
0.1375 0.4 0.00200778 -0.354965
0.1425 0.4 0.00200778 -0.349965
0.1475 0.4 0.00200778 -0.344965
0.1525 0.4 0.00200778 -0.339965
0.1575 0.4 0.00200778 -0.334965
0.1625 0.4 0.00200778 -0.329965
0.1675 0.4 0.00200778 -0.324965
0.1725 0.4 0.00200778 -0.319965
0.1775 0.4 0.00200778 -0.314965
0.1825 0.4 0.00200778 -0.309965
0.1875 0.4 0.00200778 -0.304965
0.1925 0.4 0.00200778 -0.299965
0.1975 0.4 0.00200778 -0.294965
0.2025 0.4 0.00200778 -0.289965
0.2075 0.4 0.00200778 -0.284965
0.2125 0.4 0.00200778 -0.279965
0.2175 0.4 0.00200778 -0.274965
0.2225 0.4 0.00200778 -0.269965
0.2275 0.4 0.00200778 -0.264965
0.2325 0.4 0.00200778 -0.259965
0.2375 0.4 0.00200778 -0.254965
0.2425 0.4 0.00200778 -0.249965
0.2475 0.4 0.00200778 -0.244965
0.2525 0.4 0.00200778 -0.239965
0.2575 0.4 0.00200778 -0.234965
0.2625 0.4 0.00200778 -0.229965
0.2675 0.4 0.00200778 -0.224965
0.2725 0.4 0.00200778 -0.219965
0.2775 0.4 0.00200778 -0.214965
0.2825 0.4 0.00200778 -0.209965
0.2875 0.4 0.00200778 -0.204965
0.2925 0.4 0.00200778 -0.199965
0.2975 0.4 0.00200778 -0.194965
0.3025 0.4 0.00200778 -0.189965
0.3075 0.4 0.00200778 -0.184965
0.3125 0.4 0.00200778 -0.179965
0.3175 0.4 0.00200778 -0.174965
0.3225 0.4 0.00200778 -0.169965
0.3275 0.4 0.00200778 -0.164965
0.3325 0.4 0.00200778 -0.159965
0.3375 0.4 0.00200778 -0.154965
0.3425 0.4 0.00200778 -0.149965
0.3475 0.4 0.00200778 -0.144965
0.3525 0.4 0.00200778 -0.139965
0.3575 0.4 0.00200778 -0.134965
0.3625 0.4 0.00200778 -0.129965
0.3675 0.4 0.00200778 -0.124965
0.3725 0.4 0.00200778 -0.119965
0.3775 0.4 0.00200778 -0.114965
0.3825 0.4 0.00200778 -0.109965
0.3875 0.4 0.00200778 -0.104965
0.3925 0.4 0.00200778 -0.0999651
0.3975 0.4 0.00200778 -0.0949651
0.4025 0.4 0.00200778 -0.0899651
0.4075 0.4 0.00200778 -0.0849651
0.4125 0.4 0.00200778 -0.0799651
0.4175 0.4 0.00200778 -0.0749651
0.4225 0.4 0.00200778 -0.0699651
0.4275 0.4 0.00200778 -0.0649651
0.4325 0.392801 0.00200778 -0.0599651
0.4375 0.3678 0.00200778 -0.0549829
0.4425 0.324281 0.00200778 -0.0500399
0.4475 0.270316 0.00200778 -0.0451386
0.4525 0.214482 0.00200778 -0.0402705
0.4575 0.162387 0.00200778 -0.035428
0.4625 0.116973 0.00200778 -0.0306073
0.4675 0.079506 0.00200778 -0.0258079
0.4725 0.0502454 0.00200778 -0.0210322
0.4775 0.0287935 0.00200778 -0.0162867
0.4825 0.0140686 0.00200778 -0.0115785
0.4875 0.00502407 0.00200778 -0.00662323
0.4925 0.00199569 0.00200778 -0.00028117
0.4975 0.00200778 0.00200778 0.00716821
0.5025 0.00200778 0.00200832 0.00749919
0.5075 0.00200778 0.00207496 0.0124732
0.5125 0.00200778 0.00513238 0.016898
0.5175 0.00200778 0.0141114 0.0215788
0.5225 0.00200778 0.0288088 0.0262868
0.5275 0.00200778 0.050248 0.0310323
0.5325 0.00200778 0.0795024 0.0358079
0.5375 0.00200778 0.116968 0.0406073
0.5425 0.00200778 0.162384 0.045428
0.5475 0.00200778 0.214481 0.0502705
0.5525 0.00200778 0.270316 0.0551386
0.5575 0.00200778 0.324282 0.0600399
0.5625 0.00200778 0.3678 0.0649829
0.5675 0.00200778 0.392801 0.0699651
0.5725 0.00200778 0.4 0.0749651
0.5775 0.00200778 0.4 0.0799651
0.5825 0.00200778 0.4 0.0849651
0.5875 0.00200778 0.4 0.0899651
0.5925 0.00200778 0.4 0.0949651
0.5975 0.00200778 0.4 0.0999651
0.6025 0.00200778 0.4 0.104965
0.6075 0.00200778 0.4 0.109965
0.6125 0.00200778 0.4 0.114965
0.6175 0.00200778 0.4 0.119965
0.6225 0.00200778 0.4 0.124965
0.6275 0.00200778 0.4 0.129965
0.6325 0.00200778 0.4 0.134965
0.6375 0.00200778 0.4 0.139965
0.6425 0.00200778 0.4 0.144965
0.6475 0.00200778 0.4 0.149965
0.6525 0.00200778 0.4 0.154965
0.6575 0.00200778 0.4 0.159965
0.6625 0.00200778 0.4 0.164965
0.6675 0.00200778 0.4 0.169965
0.6725 0.00200778 0.4 0.174965
0.6775 0.00200778 0.4 0.179965
0.6825 0.00200778 0.4 0.184965
0.6875 0.00200778 0.4 0.189965
0.6925 0.00200778 0.4 0.194965
0.6975 0.00200778 0.4 0.199965
0.7025 0.00200778 0.4 0.204965
0.7075 0.00200778 0.4 0.209965
0.7125 0.00200778 0.4 0.214965
0.7175 0.00200778 0.4 0.219965
0.7225 0.00200778 0.4 0.224965
0.7275 0.00200778 0.4 0.229965
0.7325 0.00200778 0.4 0.234965
0.7375 0.00200778 0.4 0.239965
0.7425 0.00200778 0.4 0.244965
0.7475 0.00200778 0.4 0.249965
0.7525 0.00200778 0.4 0.254965
0.7575 0.00200778 0.4 0.259965
0.7625 0.00200778 0.4 0.264965
0.7675 0.00200778 0.4 0.269965
0.7725 0.00200778 0.4 0.274965
0.7775 0.00200778 0.4 0.279965
0.7825 0.00200778 0.4 0.284965
0.7875 0.00200778 0.4 0.289965
0.7925 0.00200778 0.4 0.294965
0.7975 0.00200778 0.4 0.299965
0.8025 0.00200778 0.4 0.304965
0.8075 0.00200778 0.4 0.309965
0.8125 0.00200778 0.4 0.314965
0.8175 0.00200778 0.4 0.319965
0.8225 0.00200778 0.4 0.324965
0.8275 0.00200778 0.4 0.329965
0.8325 0.00200778 0.4 0.334965
0.8375 0.00200778 0.4 0.339965
0.8425 0.00200778 0.4 0.344965
0.8475 0.00200778 0.4 0.349965
0.8525 0.00200778 0.4 0.354965
0.8575 0.00200778 0.4 0.359965
0.8625 0.00200778 0.4 0.364965
0.8675 0.00200778 0.4 0.369965
0.8725 0.00200778 0.4 0.374965
0.8775 0.00200778 0.4 0.379965
0.8825 0.00200778 0.4 0.384965
0.8875 0.00200778 0.4 0.389965
0.8925 0.00200778 0.4 0.394965
0.8975 0.00200778 0.4 0.399965
0.9025 0.00200778 0.4 0.404965
0.9075 0.00200778 0.4 0.409965
0.9125 0.00200778 0.4 0.414965
0.9175 0.00200778 0.4 0.419965
0.9225 0.00200778 0.4 0.424965
0.9275 0.00200778 0.4 0.429965
0.9325 0.00200778 0.4 0.434965
0.9375 0.00200778 0.4 0.439965
0.9425 0.00200778 0.4 0.444965
0.9475 0.00200778 0.4 0.449965
0.9525 0.00200778 0.4 0.454965
0.9575 0.00200778 0.4 0.459965
0.9625 0.00200778 0.4 0.464965
0.9675 0.00200778 0.4 0.469965
0.9725 0.00200778 0.4 0.474965
0.9775 0.00200778 0.4 0.479965
0.9825 0.00200778 0.4 0.484965
0.9875 0.00200778 0.4 0.489965
0.9925 0.00200778 0.4 0.494965
0.9975 0.00200778 0.4 0.499965
