0.0025 0.4 0.00226319 -0.489965
0.0075 0.4 0.00226319 -0.484965
0.0125 0.4 0.00226319 -0.479965
0.0175 0.4 0.00226319 -0.474965
0.0225 0.4 0.00226319 -0.469965
0.0275 0.4 0.00226319 -0.464965
0.0325 0.4 0.00226319 -0.459965
0.0375 0.4 0.00226319 -0.454965
0.0425 0.4 0.00226319 -0.449965
0.0475 0.4 0.00226319 -0.444965
0.0525 0.4 0.00226319 -0.439965
0.0575 0.4 0.00226319 -0.434965
0.0625 0.4 0.00226319 -0.429965
0.0675 0.4 0.00226319 -0.424965
0.0725 0.4 0.00226319 -0.419965
0.0775 0.4 0.00226319 -0.414965
0.0825 0.4 0.00226319 -0.409965
0.0875 0.4 0.00226319 -0.404965
0.0925 0.4 0.00226319 -0.399965
0.0975 0.4 0.00226319 -0.394965
0.1025 0.4 0.00226319 -0.389965
0.1075 0.4 0.00226319 -0.384965
0.1125 0.4 0.00226319 -0.379965
0.1175 0.4 0.00226319 -0.374965
0.1225 0.4 0.00226319 -0.369965
0.1275 0.4 0.00226319 -0.364965
0.1325 0.4 0.00226319 -0.359965
0.1375 0.4 0.00226319 -0.354965
0.1425 0.4 0.00226319 -0.349965
0.1475 0.4 0.00226319 -0.344965
0.1525 0.4 0.00226319 -0.339965
0.1575 0.4 0.00226319 -0.334965
0.1625 0.4 0.00226319 -0.329965
0.1675 0.4 0.00226319 -0.324965
0.1725 0.4 0.00226319 -0.319965
0.1775 0.4 0.00226319 -0.314965
0.1825 0.4 0.00226319 -0.309965
0.1875 0.4 0.00226319 -0.304965
0.1925 0.4 0.00226319 -0.299965
0.1975 0.4 0.00226319 -0.294965
0.2025 0.4 0.00226319 -0.289965
0.2075 0.4 0.00226319 -0.284965
0.2125 0.4 0.00226319 -0.279965
0.2175 0.4 0.00226319 -0.274965
0.2225 0.4 0.00226319 -0.269965
0.2275 0.4 0.00226319 -0.264965
0.2325 0.4 0.00226319 -0.259965
0.2375 0.4 0.00226319 -0.254965
0.2425 0.4 0.00226319 -0.249965
0.2475 0.4 0.00226319 -0.244965
0.2525 0.4 0.00226319 -0.239965
0.2575 0.4 0.00226319 -0.234965
0.2625 0.4 0.00226319 -0.229965
0.2675 0.4 0.00226319 -0.224965
0.2725 0.4 0.00226319 -0.219965
0.2775 0.4 0.00226319 -0.214965
0.2825 0.4 0.00226319 -0.209965
0.2875 0.4 0.00226319 -0.204965
0.2925 0.4 0.00226319 -0.199965
0.2975 0.4 0.00226319 -0.194965
0.3025 0.4 0.00226319 -0.189965
0.3075 0.4 0.00226319 -0.184965
0.3125 0.4 0.00226319 -0.179965
0.3175 0.4 0.00226319 -0.174965
0.3225 0.4 0.00226319 -0.169965
0.3275 0.4 0.00226319 -0.164965
0.3325 0.4 0.00226319 -0.159965
0.3375 0.4 0.00226319 -0.154965
0.3425 0.4 0.00226319 -0.149965
0.3475 0.4 0.00226319 -0.144965
0.3525 0.4 0.00226319 -0.139965
0.3575 0.4 0.00226319 -0.134965
0.3625 0.399763 0.00226319 -0.129965
0.3675 0.39809 0.00226319 -0.124966
0.3725 0.392437 0.00226319 -0.11997
0.3775 0.380092 0.00226319 -0.114982
0.3825 0.359999 0.00226319 -0.110008
0.3875 0.333244 0.00226319 -0.105049
0.3925 0.302124 0.00226319 -0.100106
0.3975 0.269032 0.00226319 -0.0951755
0.4025 0.235882 0.00226319 -0.0902551
0.4075 0.203996 0.00226319 -0.0853428
0.4125 0.174198 0.00226319 -0.0804372
0.4175 0.146953 0.00226319 -0.0755376
0.4225 0.122477 0.00226319 -0.0706433
0.4275 0.10082 0.00226319 -0.0657542
0.4325 0.0819233 0.00226319 -0.0608703
0.4375 0.0656571 0.00226319 -0.0559918
0.4425 0.0518442 0.00226319 -0.051119
0.4475 0.0402786 0.00226319 -0.0462524
0.4525 0.0307388 0.00226319 -0.0413927
0.4575 0.0229971 0.00226319 -0.0365407
0.4625 0.016812 0.00226319 -0.0316972
0.4675 0.0119625 0.00226319 -0.0268625
0.4725 0.00827472 0.00226319 -0.0220381
0.4775 0.00558048 0.00226319 -0.0172232
0.4825 0.00374918 0.00226319 -0.0124071
0.4875 0.00271803 0.00226319 -0.0075445
0.4925 0.00229407 0.00226319 -0.000892335
0.4975 0.00226319 0.00226319 0.0065104
0.5025 0.00226319 0.0023012 0.00748885
0.5075 0.00226319 0.00247431 0.0125244
0.5125 0.00226319 0.00283377 0.0175239
0.5175 0.00226319 0.00382385 0.022398
0.5225 0.00226319 0.00563207 0.0272191
0.5275 0.00226319 0.00831244 0.0320361
0.5325 0.00226319 0.0119904 0.0368615
0.5375 0.00226319 0.0168322 0.0416967
0.5425 0.00226319 0.0230112 0.0465404
0.5475 0.00226319 0.0307482 0.0513926
0.5525 0.00226319 0.0402843 0.0562524
0.5575 0.00226319 0.0518471 0.061119
0.5625 0.00226319 0.0656579 0.0659918
0.5675 0.00226319 0.0819226 0.0708703
0.5725 0.00226319 0.100818 0.0757542
0.5775 0.00226319 0.122475 0.0806433
0.5825 0.00226319 0.146951 0.0855376
0.5875 0.00226319 0.174197 0.0904372
0.5925 0.00226319 0.203994 0.0953428
0.5975 0.00226319 0.235881 0.100255
0.6025 0.00226319 0.269032 0.105176
0.6075 0.00226319 0.302124 0.110106
0.6125 0.00226319 0.333244 0.115049
0.6175 0.00226319 0.359999 0.120008
0.6225 0.00226319 0.380092 0.124982
0.6275 0.00226319 0.392437 0.12997
0.6325 0.00226319 0.39809 0.134966
0.6375 0.00226319 0.399763 0.139965
0.6425 0.00226319 0.4 0.144965
0.6475 0.00226319 0.4 0.149965
0.6525 0.00226319 0.4 0.154965
0.6575 0.00226319 0.4 0.159965
0.6625 0.00226319 0.4 0.164965
0.6675 0.00226319 0.4 0.169965
0.6725 0.00226319 0.4 0.174965
0.6775 0.00226319 0.4 0.179965
0.6825 0.00226319 0.4 0.184965
0.6875 0.00226319 0.4 0.189965
0.6925 0.00226319 0.4 0.194965
0.6975 0.00226319 0.4 0.199965
0.7025 0.00226319 0.4 0.204965
0.7075 0.00226319 0.4 0.209965
0.7125 0.00226319 0.4 0.214965
0.7175 0.00226319 0.4 0.219965
0.7225 0.00226319 0.4 0.224965
0.7275 0.00226319 0.4 0.229965
0.7325 0.00226319 0.4 0.234965
0.7375 0.00226319 0.4 0.239965
0.7425 0.00226319 0.4 0.244965
0.7475 0.00226319 0.4 0.249965
0.7525 0.00226319 0.4 0.254965
0.7575 0.00226319 0.4 0.259965
0.7625 0.00226319 0.4 0.264965
0.7675 0.00226319 0.4 0.269965
0.7725 0.00226319 0.4 0.274965
0.7775 0.00226319 0.4 0.279965
0.7825 0.00226319 0.4 0.284965
0.7875 0.00226319 0.4 0.289965
0.7925 0.00226319 0.4 0.294965
0.7975 0.00226319 0.4 0.299965
0.8025 0.00226319 0.4 0.304965
0.8075 0.00226319 0.4 0.309965
0.8125 0.00226319 0.4 0.314965
0.8175 0.00226319 0.4 0.319965
0.8225 0.00226319 0.4 0.324965
0.8275 0.00226319 0.4 0.329965
0.8325 0.00226319 0.4 0.334965
0.8375 0.00226319 0.4 0.339965
0.8425 0.00226319 0.4 0.344965
0.8475 0.00226319 0.4 0.349965
0.8525 0.00226319 0.4 0.354965
0.8575 0.00226319 0.4 0.359965
0.8625 0.00226319 0.4 0.364965
0.8675 0.00226319 0.4 0.369965
0.8725 0.00226319 0.4 0.374965
0.8775 0.00226319 0.4 0.379965
0.8825 0.00226319 0.4 0.384965
0.8875 0.00226319 0.4 0.389965
0.8925 0.00226319 0.4 0.394965
0.8975 0.00226319 0.4 0.399965
0.9025 0.00226319 0.4 0.404965
0.9075 0.00226319 0.4 0.409965
0.9125 0.00226319 0.4 0.414965
0.9175 0.00226319 0.4 0.419965
0.9225 0.00226319 0.4 0.424965
0.9275 0.00226319 0.4 0.429965
0.9325 0.00226319 0.4 0.434965
0.9375 0.00226319 0.4 0.439965
0.9425 0.00226319 0.4 0.444965
0.9475 0.00226319 0.4 0.449965
0.9525 0.00226319 0.4 0.454965
0.9575 0.00226319 0.4 0.459965
0.9625 0.00226319 0.4 0.464965
0.9675 0.00226319 0.4 0.469965
0.9725 0.00226319 0.4 0.474965
0.9775 0.00226319 0.4 0.479965
0.9825 0.00226319 0.4 0.484965
0.9875 0.00226319 0.4 0.489965
0.9925 0.00226319 0.4 0.494965
0.9975 0.00226319 0.4 0.499965
