0.0025 0.4 0.00245873 -0.489965
0.0075 0.4 0.00245873 -0.484965
0.0125 0.4 0.00245873 -0.479965
0.0175 0.4 0.00245873 -0.474965
0.0225 0.4 0.00245873 -0.469965
0.0275 0.4 0.00245873 -0.464965
0.0325 0.4 0.00245873 -0.459965
0.0375 0.4 0.00245873 -0.454965
0.0425 0.4 0.00245873 -0.449965
0.0475 0.4 0.00245873 -0.444965
0.0525 0.4 0.00245873 -0.439965
0.0575 0.4 0.00245873 -0.434965
0.0625 0.4 0.00245873 -0.429965
0.0675 0.4 0.00245873 -0.424965
0.0725 0.4 0.00245873 -0.419965
0.0775 0.4 0.00245873 -0.414965
0.0825 0.4 0.00245873 -0.409965
0.0875 0.4 0.00245873 -0.404965
0.0925 0.4 0.00245873 -0.399965
0.0975 0.4 0.00245873 -0.394965
0.1025 0.4 0.00245873 -0.389965
0.1075 0.4 0.00245873 -0.384965
0.1125 0.4 0.00245873 -0.379965
0.1175 0.4 0.00245873 -0.374965
0.1225 0.4 0.00245873 -0.369965
0.1275 0.4 0.00245873 -0.364965
0.1325 0.4 0.00245873 -0.359965
0.1375 0.4 0.00245873 -0.354965
0.1425 0.4 0.00245873 -0.349965
0.1475 0.4 0.00245873 -0.344965
0.1525 0.4 0.00245873 -0.339965
0.1575 0.4 0.00245873 -0.334965
0.1625 0.4 0.00245873 -0.329965
0.1675 0.4 0.00245873 -0.324965
0.1725 0.4 0.00245873 -0.319965
0.1775 0.4 0.00245873 -0.314965
0.1825 0.4 0.00245873 -0.309965
0.1875 0.4 0.00245873 -0.304965
0.1925 0.4 0.00245873 -0.299965
0.1975 0.4 0.00245873 -0.294965
0.2025 0.4 0.00245873 -0.289965
0.2075 0.4 0.00245873 -0.284965
0.2125 0.4 0.00245873 -0.279965
0.2175 0.4 0.00245873 -0.274965
0.2225 0.4 0.00245873 -0.269965
0.2275 0.4 0.00245873 -0.264965
0.2325 0.4 0.00245873 -0.259965
0.2375 0.4 0.00245873 -0.254965
0.2425 0.4 0.00245873 -0.249965
0.2475 0.4 0.00245873 -0.244965
0.2525 0.4 0.00245873 -0.239965
0.2575 0.4 0.00245873 -0.234965
0.2625 0.4 0.00245873 -0.229965
0.2675 0.4 0.00245873 -0.224965
0.2725 0.4 0.00245873 -0.219965
0.2775 0.4 0.00245873 -0.214965
0.2825 0.4 0.00245873 -0.209965
0.2875 0.4 0.00245873 -0.204965
0.2925 0.4 0.00245873 -0.199965
0.2975 0.4 0.00245873 -0.194965
0.3025 0.4 0.00245873 -0.189965
0.3075 0.4 0.00245873 -0.184965
0.3125 0.4 0.00245873 -0.179965
0.3175 0.4 0.00245873 -0.174965
0.3225 0.4 0.00245873 -0.169965
0.3275 0.399957 0.00245873 -0.164965
0.3325 0.399569 0.00245873 -0.159965
0.3375 0.397895 0.00245873 -0.154966
0.3425 0.393259 0.00245873 -0.14997
0.3475 0.383875 0.00245873 -0.14498
0.3525 0.368811 0.00245873 -0.139999
0.3575 0.348404 0.00245873 -0.13503
0.3625 0.323922 0.00245873 -0.130071
0.3675 0.296949 0.00245873 -0.125123
0.3725 0.268938 0.00245873 -0.120184
0.3775 0.241024 0.00245873 -0.115251
0.3825 0.214008 0.00245873 -0.110323
0.3875 0.188415 0.00245873 -0.1054
0.3925 0.164563 0.00245873 -0.100481
0.3975 0.142624 0.00245873 -0.0955659
0.4025 0.122667 0.00245873 -0.0906537
0.4075 0.104691 0.00245873 -0.0857447
0.4125 0.0886467 0.00245873 -0.0808388
0.4175 0.0744504 0.00245873 -0.075936
0.4225 0.0619966 0.00245873 -0.0710366
0.4275 0.0511654 0.00245873 -0.0661406
0.4325 0.0418277 0.00245873 -0.0612483
0.4375 0.0338506 0.00245873 -0.0563599
0.4425 0.0271007 0.00245873 -0.0514758
0.4475 0.0214466 0.00245873 -0.0465962
0.4525 0.0167568 0.00245873 -0.0417216
0.4575 0.0129093 0.00245873 -0.0368519
0.4625 0.00980297 0.00245873 -0.0319878
0.4675 0.00734082 0.00245873 -0.0271291
0.4725 0.00544222 0.00245873 -0.0222742
0.4775 0.00404865 0.00245873 -0.0174172
0.4825 0.00313303 0.00245873 -0.0125393
0.4875 0.00268062 0.00245873 -0.00760482
0.4925 0.00248258 0.00245873 -0.0017035
0.4975 0.00245873 0.00245873 0.00554979
0.5025 0.00245873 0.00252546 0.00746469
0.5075 0.00245873 0.00285793 0.0125262
0.5125 0.00245873 0.00292345 0.0175621
0.5175 0.00245873 0.00326856 0.02252
0.5225 0.00245873 0.00412495 0.0274088
0.5275 0.00245873 0.00549161 0.0322701
0.5325 0.00245873 0.00737672 0.0371269
0.5375 0.00245873 0.00983057 0.0419865
0.5425 0.00245873 0.012931 0.0468512
0.5475 0.00245873 0.0167738 0.0517211
0.5525 0.00245873 0.0214597 0.0565959
0.5575 0.00245873 0.0271105 0.0614756
0.5625 0.00245873 0.0338578 0.0663598
0.5675 0.00245873 0.0418326 0.0712483
0.5725 0.00245873 0.0511684 0.0761406
0.5775 0.00245873 0.0619981 0.0810366
0.5825 0.00245873 0.0744507 0.085936
0.5875 0.00245873 0.0886462 0.0908388
0.5925 0.00245873 0.10469 0.0957447
0.5975 0.00245873 0.122666 0.100654
0.6025 0.00245873 0.142622 0.105566
0.6075 0.00245873 0.164561 0.110481
0.6125 0.00245873 0.188413 0.1154
0.6175 0.00245873 0.214007 0.120323
0.6225 0.00245873 0.241023 0.125251
0.6275 0.00245873 0.268938 0.130184
0.6325 0.00245873 0.296949 0.135123
0.6375 0.00245873 0.323922 0.140071
0.6425 0.00245873 0.348404 0.14503
0.6475 0.00245873 0.368811 0.149999
0.6525 0.00245873 0.383875 0.15498
0.6575 0.00245873 0.393259 0.15997
0.6625 0.00245873 0.397895 0.164966
0.6675 0.00245873 0.399569 0.169965
0.6725 0.00245873 0.399957 0.174965
0.6775 0.00245873 0.4 0.179965
0.6825 0.00245873 0.4 0.184965
0.6875 0.00245873 0.4 0.189965
0.6925 0.00245873 0.4 0.194965
0.6975 0.00245873 0.4 0.199965
0.7025 0.00245873 0.4 0.204965
0.7075 0.00245873 0.4 0.209965
0.7125 0.00245873 0.4 0.214965
0.7175 0.00245873 0.4 0.219965
0.7225 0.00245873 0.4 0.224965
0.7275 0.00245873 0.4 0.229965
0.7325 0.00245873 0.4 0.234965
0.7375 0.00245873 0.4 0.239965
0.7425 0.00245873 0.4 0.244965
0.7475 0.00245873 0.4 0.249965
0.7525 0.00245873 0.4 0.254965
0.7575 0.00245873 0.4 0.259965
0.7625 0.00245873 0.4 0.264965
0.7675 0.00245873 0.4 0.269965
0.7725 0.00245873 0.4 0.274965
0.7775 0.00245873 0.4 0.279965
0.7825 0.00245873 0.4 0.284965
0.7875 0.00245873 0.4 0.289965
0.7925 0.00245873 0.4 0.294965
0.7975 0.00245873 0.4 0.299965
0.8025 0.00245873 0.4 0.304965
0.8075 0.00245873 0.4 0.309965
0.8125 0.00245873 0.4 0.314965
0.8175 0.00245873 0.4 0.319965
0.8225 0.00245873 0.4 0.324965
0.8275 0.00245873 0.4 0.329965
0.8325 0.00245873 0.4 0.334965
0.8375 0.00245873 0.4 0.339965
0.8425 0.00245873 0.4 0.344965
0.8475 0.00245873 0.4 0.349965
0.8525 0.00245873 0.4 0.354965
0.8575 0.00245873 0.4 0.359965
0.8625 0.00245873 0.4 0.364965
0.8675 0.00245873 0.4 0.369965
0.8725 0.00245873 0.4 0.374965
0.8775 0.00245873 0.4 0.379965
0.8825 0.00245873 0.4 0.384965
0.8875 0.00245873 0.4 0.389965
0.8925 0.00245873 0.4 0.394965
0.8975 0.00245873 0.4 0.399965
0.9025 0.00245873 0.4 0.404965
0.9075 0.00245873 0.4 0.409965
0.9125 0.00245873 0.4 0.414965
0.9175 0.00245873 0.4 0.419965
0.9225 0.00245873 0.4 0.424965
0.9275 0.00245873 0.4 0.429965
0.9325 0.00245873 0.4 0.434965
0.9375 0.00245873 0.4 0.439965
0.9425 0.00245873 0.4 0.444965
0.9475 0.00245873 0.4 0.449965
0.9525 0.00245873 0.4 0.454965
0.9575 0.00245873 0.4 0.459965
0.9625 0.00245873 0.4 0.464965
0.9675 0.00245873 0.4 0.469965
0.9725 0.00245873 0.4 0.474965
0.9775 0.00245873 0.4 0.479965
0.9825 0.00245873 0.4 0.484965
0.9875 0.00245873 0.4 0.489965
0.9925 0.00245873 0.4 0.494965
0.9975 0.00245873 0.4 0.499965
