0.0025 0.4 0.00258673 -0.489965
0.0075 0.4 0.00258673 -0.484965
0.0125 0.4 0.00258673 -0.479965
0.0175 0.4 0.00258673 -0.474965
0.0225 0.4 0.00258673 -0.469965
0.0275 0.4 0.00258673 -0.464965
0.0325 0.4 0.00258673 -0.459965
0.0375 0.4 0.00258673 -0.454965
0.0425 0.4 0.00258673 -0.449965
0.0475 0.4 0.00258673 -0.444965
0.0525 0.4 0.00258673 -0.439965
0.0575 0.4 0.00258673 -0.434965
0.0625 0.4 0.00258673 -0.429965
0.0675 0.4 0.00258673 -0.424965
0.0725 0.4 0.00258673 -0.419965
0.0775 0.4 0.00258673 -0.414965
0.0825 0.4 0.00258673 -0.409965
0.0875 0.4 0.00258673 -0.404965
0.0925 0.4 0.00258673 -0.399965
0.0975 0.4 0.00258673 -0.394965
0.1025 0.4 0.00258673 -0.389965
0.1075 0.4 0.00258673 -0.384965
0.1125 0.4 0.00258673 -0.379965
0.1175 0.4 0.00258673 -0.374965
0.1225 0.4 0.00258673 -0.369965
0.1275 0.4 0.00258673 -0.364965
0.1325 0.4 0.00258673 -0.359965
0.1375 0.4 0.00258673 -0.354965
0.1425 0.4 0.00258673 -0.349965
0.1475 0.4 0.00258673 -0.344965
0.1525 0.4 0.00258673 -0.339965
0.1575 0.4 0.00258673 -0.334965
0.1625 0.4 0.00258673 -0.329965
0.1675 0.4 0.00258673 -0.324965
0.1725 0.4 0.00258673 -0.319965
0.1775 0.4 0.00258673 -0.314965
0.1825 0.4 0.00258673 -0.309965
0.1875 0.4 0.00258673 -0.304965
0.1925 0.4 0.00258673 -0.299965
0.1975 0.4 0.00258673 -0.294965
0.2025 0.4 0.00258673 -0.289965
0.2075 0.4 0.00258673 -0.284965
0.2125 0.4 0.00258673 -0.279965
0.2175 0.4 0.00258673 -0.274965
0.2225 0.4 0.00258673 -0.269965
0.2275 0.4 0.00258673 -0.264965
0.2325 0.4 0.00258673 -0.259965
0.2375 0.4 0.00258673 -0.254965
0.2425 0.4 0.00258673 -0.249965
0.2475 0.4 0.00258673 -0.244965
0.2525 0.4 0.00258673 -0.239965
0.2575 0.4 0.00258673 -0.234965
0.2625 0.4 0.00258673 -0.229965
0.2675 0.4 0.00258673 -0.224965
0.2725 0.4 0.00258673 -0.219965
0.2775 0.4 0.00258673 -0.214965
0.2825 0.4 0.00258673 -0.209965
0.2875 0.4 0.00258673 -0.204965
0.2925 0.399992 0.00258673 -0.199965
0.2975 0.399906 0.00258673 -0.194965
0.3025 0.399452 0.00258673 -0.189965
0.3075 0.397911 0.00258673 -0.184966
0.3125 0.394106 0.00258673 -0.17997
0.3175 0.386768 0.00258673 -0.174978
0.3225 0.375092 0.00258673 -0.169992
0.3275 0.359069 0.00258673 -0.165016
0.3325 0.33939 0.00258673 -0.160048
0.3375 0.317107 0.00258673 -0.155088
0.3425 0.293312 0.00258673 -0.150136
0.3475 0.268945 0.00258673 -0.145189
0.3525 0.244737 0.00258673 -0.140247
0.3575 0.221213 0.00258673 -0.13531
0.3625 0.198731 0.00258673 -0.130375
0.3675 0.177517 0.00258673 -0.125443
0.3725 0.157706 0.00258673 -0.120514
0.3775 0.139365 0.00258673 -0.115587
0.3825 0.122512 0.00258673 -0.110662
0.3875 0.107131 0.00258673 -0.105739
0.3925 0.0931827 0.00258673 -0.100818
0.3975 0.0806111 0.00258673 -0.0958997
0.4025 0.0693475 0.00258673 -0.0909831
0.4075 0.0593157 0.00258673 -0.0860686
0.4125 0.0504337 0.00258673 -0.0811565
0.4175 0.0426171 0.00258673 -0.0762466
0.4225 0.0357802 0.00258673 -0.0713393
0.4275 0.0298379 0.00258673 -0.0664346
0.4325 0.024707 0.00258673 -0.0615327
0.4375 0.020307 0.00258673 -0.0566337
0.4425 0.0165591 0.00258673 -0.0517378
0.4475 0.0133896 0.00258673 -0.0468451
0.4525 0.0107347 0.00258673 -0.0419557
0.4575 0.00853426 0.00258673 -0.0370697
0.4625 0.00673524 0.00258673 -0.0321865
0.4675 0.00529385 0.00258673 -0.0273048
0.4725 0.00417954 0.00258673 -0.0224208
0.4775 0.00337937 0.00258673 -0.017525
0.4825 0.00289726 0.00258673 -0.0125996
0.4875 0.00269553 0.00258673 -0.00762827
0.4925 0.00260178 0.00258673 -0.0026423
0.4975 0.00258673 0.00258673 0.00429857
0.5025 0.00258673 0.00267455 0.00742698
0.5075 0.00258673 0.00317053 0.0125172
0.5125 0.00258673 0.00312622 0.0175543
0.5175 0.00258673 0.00316684 0.0225585
0.5225 0.00258673 0.00352624 0.0275064
0.5275 0.00258673 0.004261 0.0324124
0.5325 0.00258673 0.0053448 0.0373006
0.5375 0.00258673 0.00677116 0.0421841
0.5425 0.00258673 0.00856172 0.0470682
0.5475 0.00258673 0.0107567 0.0519548
0.5525 0.00258673 0.0134075 0.0568445
0.5575 0.00258673 0.0165738 0.0617374
0.5625 0.00258673 0.020319 0.0666334
0.5675 0.00258673 0.0247167 0.0715325
0.5725 0.00258673 0.0298456 0.0764345
0.5775 0.00258673 0.035786 0.0813392
0.5825 0.00258673 0.0426214 0.0862466
0.5875 0.00258673 0.0504366 0.0911564
0.5925 0.00258673 0.0593175 0.0960686
0.5975 0.00258673 0.0693485 0.100983
0.6025 0.00258673 0.0806112 0.1059
0.6075 0.00258673 0.0931823 0.110818
0.6125 0.00258673 0.10713 0.115739
0.6175 0.00258673 0.122511 0.120662
0.6225 0.00258673 0.139364 0.125587
0.6275 0.00258673 0.157705 0.130514
0.6325 0.00258673 0.177516 0.135443
0.6375 0.00258673 0.19873 0.140375
0.6425 0.00258673 0.221213 0.14531
0.6475 0.00258673 0.244736 0.150247
0.6525 0.00258673 0.268944 0.155189
0.6575 0.00258673 0.293311 0.160136
0.6625 0.00258673 0.317107 0.165088
0.6675 0.00258673 0.33939 0.170048
0.6725 0.00258673 0.359069 0.175016
0.6775 0.00258673 0.375092 0.179992
0.6825 0.00258673 0.386768 0.184978
0.6875 0.00258673 0.394106 0.18997
0.6925 0.00258673 0.397911 0.194966
0.6975 0.00258673 0.399452 0.199965
0.7025 0.00258673 0.399906 0.204965
0.7075 0.00258673 0.399992 0.209965
0.7125 0.00258673 0.4 0.214965
0.7175 0.00258673 0.4 0.219965
0.7225 0.00258673 0.4 0.224965
0.7275 0.00258673 0.4 0.229965
0.7325 0.00258673 0.4 0.234965
0.7375 0.00258673 0.4 0.239965
0.7425 0.00258673 0.4 0.244965
0.7475 0.00258673 0.4 0.249965
0.7525 0.00258673 0.4 0.254965
0.7575 0.00258673 0.4 0.259965
0.7625 0.00258673 0.4 0.264965
0.7675 0.00258673 0.4 0.269965
0.7725 0.00258673 0.4 0.274965
0.7775 0.00258673 0.4 0.279965
0.7825 0.00258673 0.4 0.284965
0.7875 0.00258673 0.4 0.289965
0.7925 0.00258673 0.4 0.294965
0.7975 0.00258673 0.4 0.299965
0.8025 0.00258673 0.4 0.304965
0.8075 0.00258673 0.4 0.309965
0.8125 0.00258673 0.4 0.314965
0.8175 0.00258673 0.4 0.319965
0.8225 0.00258673 0.4 0.324965
0.8275 0.00258673 0.4 0.329965
0.8325 0.00258673 0.4 0.334965
0.8375 0.00258673 0.4 0.339965
0.8425 0.00258673 0.4 0.344965
0.8475 0.00258673 0.4 0.349965
0.8525 0.00258673 0.4 0.354965
0.8575 0.00258673 0.4 0.359965
0.8625 0.00258673 0.4 0.364965
0.8675 0.00258673 0.4 0.369965
0.8725 0.00258673 0.4 0.374965
0.8775 0.00258673 0.4 0.379965
0.8825 0.00258673 0.4 0.384965
0.8875 0.00258673 0.4 0.389965
0.8925 0.00258673 0.4 0.394965
0.8975 0.00258673 0.4 0.399965
0.9025 0.00258673 0.4 0.404965
0.9075 0.00258673 0.4 0.409965
0.9125 0.00258673 0.4 0.414965
0.9175 0.00258673 0.4 0.419965
0.9225 0.00258673 0.4 0.424965
0.9275 0.00258673 0.4 0.429965
0.9325 0.00258673 0.4 0.434965
0.9375 0.00258673 0.4 0.439965
0.9425 0.00258673 0.4 0.444965
0.9475 0.00258673 0.4 0.449965
0.9525 0.00258673 0.4 0.454965
0.9575 0.00258673 0.4 0.459965
0.9625 0.00258673 0.4 0.464965
0.9675 0.00258673 0.4 0.469965
0.9725 0.00258673 0.4 0.474965
0.9775 0.00258673 0.4 0.479965
0.9825 0.00258673 0.4 0.484965
0.9875 0.00258673 0.4 0.489965
0.9925 0.00258673 0.4 0.494965
0.9975 0.00258673 0.4 0.499965
