0.00125 0.4 0.00360245 -0.497671
0.00375 0.4 0.00360245 -0.495171
0.00625 0.4 0.00360245 -0.492671
0.00875 0.4 0.00360245 -0.490171
0.01125 0.4 0.00360245 -0.487671
0.01375 0.4 0.00360245 -0.485171
0.01625 0.4 0.00360245 -0.482671
0.01875 0.4 0.00360245 -0.480171
0.02125 0.4 0.00360245 -0.477671
0.02375 0.4 0.00360245 -0.475171
0.02625 0.4 0.00360245 -0.472671
0.02875 0.4 0.00360245 -0.470171
0.03125 0.4 0.00360245 -0.467671
0.03375 0.4 0.00360245 -0.465171
0.03625 0.4 0.00360245 -0.462671
0.03875 0.4 0.00360245 -0.460171
0.04125 0.4 0.00360245 -0.457671
0.04375 0.4 0.00360245 -0.455171
0.04625 0.4 0.00360245 -0.452671
0.04875 0.4 0.00360245 -0.450171
0.05125 0.4 0.00360245 -0.447671
0.05375 0.4 0.00360245 -0.445171
0.05625 0.4 0.00360245 -0.442671
0.05875 0.4 0.00360245 -0.440171
0.06125 0.4 0.00360245 -0.437671
0.06375 0.4 0.00360245 -0.435171
0.06625 0.4 0.00360245 -0.432671
0.06875 0.4 0.00360245 -0.430171
0.07125 0.4 0.00360245 -0.427671
0.07375 0.4 0.00360245 -0.425171
0.07625 0.4 0.00360245 -0.422671
0.07875 0.4 0.00360245 -0.420171
0.08125 0.4 0.00360245 -0.417671
0.08375 0.4 0.00360245 -0.415171
0.08625 0.4 0.00360245 -0.412671
0.08875 0.4 0.00360245 -0.410171
0.09125 0.4 0.00360245 -0.407671
0.09375 0.4 0.00360245 -0.405171
0.09625 0.4 0.00360245 -0.402671
0.09875 0.4 0.00360245 -0.400171
0.10125 0.4 0.00360245 -0.397671
0.10375 0.4 0.00360245 -0.395171
0.10625 0.4 0.00360245 -0.392671
0.10875 0.4 0.00360245 -0.390171
0.11125 0.4 0.00360245 -0.387671
0.11375 0.4 0.00360245 -0.385171
0.11625 0.4 0.00360245 -0.382671
0.11875 0.4 0.00360245 -0.380171
0.12125 0.4 0.00360245 -0.377671
0.12375 0.4 0.00360245 -0.375171
0.12625 0.4 0.00360245 -0.372671
0.12875 0.4 0.00360245 -0.370171
0.13125 0.4 0.00360245 -0.367671
0.13375 0.4 0.00360245 -0.365171
0.13625 0.4 0.00360245 -0.362671
0.13875 0.4 0.00360245 -0.360171
0.14125 0.4 0.00360245 -0.357671
0.14375 0.4 0.00360245 -0.355171
0.14625 0.4 0.00360245 -0.352671
0.14875 0.4 0.00360245 -0.350171
0.15125 0.4 0.00360245 -0.347671
0.15375 0.4 0.00360245 -0.345171
0.15625 0.4 0.00360245 -0.342671
0.15875 0.4 0.00360245 -0.340171
0.16125 0.4 0.00360245 -0.337671
0.16375 0.4 0.00360245 -0.335171
0.16625 0.4 0.00360245 -0.332671
0.16875 0.4 0.00360245 -0.330171
0.17125 0.4 0.00360245 -0.327671
0.17375 0.4 0.00360245 -0.325171
0.17625 0.4 0.00360245 -0.322671
0.17875 0.4 0.00360245 -0.320171
0.18125 0.4 0.00360245 -0.317671
0.18375 0.4 0.00360245 -0.315171
0.18625 0.4 0.00360245 -0.312671
0.18875 0.4 0.00360245 -0.310171
0.19125 0.4 0.00360245 -0.307671
0.19375 0.4 0.00360245 -0.305171
0.19625 0.4 0.00360245 -0.302671
0.19875 0.4 0.00360245 -0.300171
0.20125 0.4 0.00360245 -0.297671
0.20375 0.4 0.00360245 -0.295171
0.20625 0.4 0.00360245 -0.292671
0.20875 0.4 0.00360245 -0.290171
0.21125 0.4 0.00360245 -0.287671
0.21375 0.4 0.00360245 -0.285171
0.21625 0.4 0.00360245 -0.282671
0.21875 0.4 0.00360245 -0.280171
0.22125 0.4 0.00360245 -0.277671
0.22375 0.4 0.00360245 -0.275171
0.22625 0.4 0.00360245 -0.272671
0.22875 0.4 0.00360245 -0.270171
0.23125 0.4 0.00360245 -0.267671
0.23375 0.4 0.00360245 -0.265171
0.23625 0.4 0.00360245 -0.262671
0.23875 0.4 0.00360245 -0.260171
0.24125 0.4 0.00360245 -0.257671
0.24375 0.4 0.00360245 -0.255171
0.24625 0.4 0.00360245 -0.252671
0.24875 0.4 0.00360245 -0.250171
0.25125 0.4 0.00360245 -0.247671
0.25375 0.4 0.00360245 -0.245171
0.25625 0.4 0.00360245 -0.242671
0.25875 0.4 0.00360245 -0.240171
0.26125 0.4 0.00360245 -0.237671
0.26375 0.4 0.00360245 -0.235171
0.26625 0.4 0.00360245 -0.232671
0.26875 0.399999 0.00360245 -0.230171
0.27125 0.399995 0.00360245 -0.227671
0.27375 0.399983 0.00360245 -0.225171
0.27625 0.399946 0.00360245 -0.222671
0.27875 0.399847 0.00360245 -0.220171
0.28125 0.399616 0.00360245 -0.217671
0.28375 0.39913 0.00360245 -0.215171
0.28625 0.398212 0.00360245 -0.212671
0.28875 0.396635 0.00360245 -0.210172
0.29125 0.39415 0.00360245 -0.207674
0.29375 0.390531 0.00360245 -0.205176
0.29625 0.385614 0.00360245 -0.202679
0.29875 0.379329 0.00360245 -0.200183
0.30125 0.371704 0.00360245 -0.197688
0.30375 0.362848 0.00360245 -0.195194
0.30625 0.352928 0.00360245 -0.192702
0.30875 0.342143 0.00360245 -0.19021
0.31125 0.330693 0.00360245 -0.187719
0.31375 0.318771 0.00360245 -0.185229
0.31625 0.306549 0.00360245 -0.18274
0.31875 0.294173 0.00360245 -0.180251
0.32125 0.281767 0.00360245 -0.177762
0.32375 0.26943 0.00360245 -0.175275
0.32625 0.257243 0.00360245 -0.172787
0.32875 0.245268 0.00360245 -0.1703
0.33125 0.233554 0.00360245 -0.167813
0.33375 0.222137 0.00360245 -0.165326
0.33625 0.211044 0.00360245 -0.16284
0.33875 0.200295 0.00360245 -0.160353
0.34125 0.189902 0.00360245 -0.157867
0.34375 0.179874 0.00360245 -0.155381
0.34625 0.170215 0.00360245 -0.152895
0.34875 0.160927 0.00360245 -0.15041
0.35125 0.152008 0.00360245 -0.147924
0.35375 0.143454 0.00360245 -0.145439
0.35625 0.135261 0.00360245 -0.142953
0.35875 0.127423 0.00360245 -0.140468
0.36125 0.119933 0.00360245 -0.137983
0.36375 0.112783 0.00360245 -0.135498
0.36625 0.105965 0.00360245 -0.133013
0.36875 0.0994694 0.00360245 -0.130528
0.37125 0.0932881 0.00360245 -0.128044
0.37375 0.0874116 0.00360245 -0.125559
0.37625 0.0818303 0.00360245 -0.123075
0.37875 0.0765348 0.00360245 -0.12059
0.38125 0.0715155 0.00360245 -0.118106
0.38375 0.0667629 0.00360245 -0.115622
0.38625 0.0622673 0.00360245 -0.113138
0.38875 0.0580193 0.00360245 -0.110654
0.39125 0.0540094 0.00360245 -0.10817
0.39375 0.0502283 0.00360245 -0.105686
0.39625 0.0466666 0.00360245 -0.103203
0.39875 0.0433153 0.00360245 -0.100719
0.40125 0.0401654 0.00360245 -0.0982358
0.40375 0.0372079 0.00360245 -0.0957526
0.40625 0.0344342 0.00360245 -0.0932694
0.40875 0.0318358 0.00360245 -0.0907864
0.41125 0.0294043 0.00360245 -0.0883036
0.41375 0.0271315 0.00360245 -0.0858208
0.41625 0.0250094 0.00360245 -0.0833382
0.41875 0.0230304 0.00360245 -0.0808557
0.42125 0.0211868 0.00360245 -0.0783734
0.42375 0.0194715 0.00360245 -0.0758912
0.42625 0.0178772 0.00360245 -0.0734091
0.42875 0.0163972 0.00360245 -0.0709272
0.43125 0.0150249 0.00360245 -0.0684454
0.43375 0.0137541 0.00360245 -0.0659638
0.43625 0.0125789 0.00360245 -0.0634823
0.43875 0.0114932 0.00360245 -0.061001
0.44125 0.0104914 0.00360245 -0.0585198
0.44375 0.00956831 0.00360245 -0.0560388
0.44625 0.00871892 0.00360245 -0.0535579
0.44875 0.00793852 0.00360245 -0.0510771
0.45125 0.00722274 0.00360245 -0.0485964
0.45375 0.00656752 0.00360245 -0.0461158
0.45625 0.00596916 0.00360245 -0.0436353
0.45875 0.00542438 0.00360245 -0.0411548
0.46125 0.00493035 0.00360245 -0.0386743
0.46375 0.00448486 0.00360245 -0.0361936
0.46625 0.00408645 0.00360245 -0.0337126
0.46875 0.00373463 0.00360245 -0.0312311
0.47125 0.00343012 0.00360245 -0.0287487
0.47375 0.00317517 0.00360245 -0.0262649
0.47625 0.00297383 0.00360245 -0.0237789
0.47875 0.00283152 0.00360245 -0.02129
0.48125 0.00275489 0.00360245 -0.0187971
0.48375 0.00275304 0.00360245 -0.0162993
0.48625 0.00283714 0.00360245 -0.0137953
0.48875 0.00300615 0.00360245 -0.0112853
0.49125 0.00322021 0.00360245 -0.00877198
0.49375 0.00340856 0.00360245 -0.00625993
0.49625 0.00352723 0.00360245 -0.00375237
0.49875 0.00358632 0.00360245 -0.00114602
0.50125 0.00360245 0.00360756 0.00305572
0.50375 0.00360245 0.00361263 0.00375139
0.50625 0.00360245 0.00361056 0.00625087
0.50875 0.00360245 0.00360515 0.00875043
0.51125 0.00360245 0.003593 0.0112503
0.51375 0.00360245 0.00357046 0.0137506
0.51625 0.00360245 0.00353458 0.0162515
0.51875 0.00360245 0.00348951 0.0187529
0.52125 0.00360245 0.00345326 0.0212536
0.52375 0.00360245 0.00345553 0.0237518
0.52625 0.00360245 0.00352423 0.0262463
0.52875 0.00360245 0.00367302 0.0287366
0.53125 0.00360245 0.00390115 0.0312234
0.53375 0.00360245 0.00420113 0.0337078
0.53625 0.00360245 0.00456521 0.0361905
0.53875 0.00360245 0.00498804 0.0386722
0.54125 0.00360245 0.005467 0.0411534
0.54375 0.00360245 0.00600162 0.0436344
0.54625 0.00360245 0.00659299 0.0461151
0.54875 0.00360245 0.0072433 0.0485959
0.55125 0.00360245 0.00795555 0.0510767
0.55375 0.00360245 0.00873336 0.0535576
0.55625 0.00360245 0.0095808 0.0560385
0.55875 0.00360245 0.0105024 0.0585196
0.56125 0.00360245 0.0115029 0.0610009
0.56375 0.00360245 0.0125877 0.0634822
0.56625 0.00360245 0.0137621 0.0659637
0.56875 0.00360245 0.0150321 0.0684454
0.57125 0.00360245 0.0164038 0.0709271
0.57375 0.00360245 0.0178833 0.0734091
0.57625 0.00360245 0.0194771 0.0758911
0.57875 0.00360245 0.021192 0.0783733
0.58125 0.00360245 0.0230351 0.0808557
0.58375 0.00360245 0.0250138 0.0833382
0.58625 0.00360245 0.0271355 0.0858208
0.58875 0.00360245 0.0294079 0.0883035
0.59125 0.00360245 0.0318391 0.0907864
0.59375 0.00360245 0.0344372 0.0932694
0.59625 0.00360245 0.0372106 0.0957525
0.59875 0.00360245 0.0401678 0.0982358
0.60125 0.00360245 0.0433175 0.100719
0.60375 0.00360245 0.0466685 0.103203
0.60625 0.00360245 0.0502299 0.105686
0.60875 0.00360245 0.0540108 0.10817
0.61125 0.00360245 0.0580205 0.110654
0.61375 0.00360245 0.0622683 0.113138
0.61625 0.00360245 0.0667637 0.115622
0.61875 0.00360245 0.0715162 0.118106
0.62125 0.00360245 0.0765353 0.12059
0.62375 0.00360245 0.0818306 0.123075
0.62625 0.00360245 0.0874118 0.125559
0.62875 0.00360245 0.0932882 0.128044
0.63125 0.00360245 0.0994694 0.130528
0.63375 0.00360245 0.105965 0.133013
0.63625 0.00360245 0.112783 0.135498
0.63875 0.00360245 0.119933 0.137983
0.64125 0.00360245 0.127423 0.140468
0.64375 0.00360245 0.135261 0.142953
0.64625 0.00360245 0.143454 0.145439
0.64875 0.00360245 0.152007 0.147924
0.65125 0.00360245 0.160927 0.15041
0.65375 0.00360245 0.170215 0.152895
0.65625 0.00360245 0.179874 0.155381
0.65875 0.00360245 0.189901 0.157867
0.66125 0.00360245 0.200294 0.160353
0.66375 0.00360245 0.211044 0.16284
0.66625 0.00360245 0.222137 0.165326
0.66875 0.00360245 0.233554 0.167813
0.67125 0.00360245 0.245268 0.1703
0.67375 0.00360245 0.257243 0.172787
0.67625 0.00360245 0.26943 0.175275
0.67875 0.00360245 0.281767 0.177762
0.68125 0.00360245 0.294173 0.180251
0.68375 0.00360245 0.306549 0.18274
0.68625 0.00360245 0.318771 0.185229
0.68875 0.00360245 0.330693 0.187719
0.69125 0.00360245 0.342143 0.19021
0.69375 0.00360245 0.352928 0.192702
0.69625 0.00360245 0.362848 0.195194
0.69875 0.00360245 0.371704 0.197688
0.70125 0.00360245 0.379329 0.200183
0.70375 0.00360245 0.385614 0.202679
0.70625 0.00360245 0.390531 0.205176
0.70875 0.00360245 0.39415 0.207674
0.71125 0.00360245 0.396635 0.210172
0.71375 0.00360245 0.398212 0.212671
0.71625 0.00360245 0.39913 0.215171
0.71875 0.00360245 0.399616 0.217671
0.72125 0.00360245 0.399847 0.220171
0.72375 0.00360245 0.399946 0.222671
0.72625 0.00360245 0.399983 0.225171
0.72875 0.00360245 0.399995 0.227671
0.73125 0.00360245 0.399999 0.230171
0.73375 0.00360245 0.4 0.232671
0.73625 0.00360245 0.4 0.235171
0.73875 0.00360245 0.4 0.237671
0.74125 0.00360245 0.4 0.240171
0.74375 0.00360245 0.4 0.242671
0.74625 0.00360245 0.4 0.245171
0.74875 0.00360245 0.4 0.247671
0.75125 0.00360245 0.4 0.250171
0.75375 0.00360245 0.4 0.252671
0.75625 0.00360245 0.4 0.255171
0.75875 0.00360245 0.4 0.257671
0.76125 0.00360245 0.4 0.260171
0.76375 0.00360245 0.4 0.262671
0.76625 0.00360245 0.4 0.265171
0.76875 0.00360245 0.4 0.267671
0.77125 0.00360245 0.4 0.270171
0.77375 0.00360245 0.4 0.272671
0.77625 0.00360245 0.4 0.275171
0.77875 0.00360245 0.4 0.277671
0.78125 0.00360245 0.4 0.280171
0.78375 0.00360245 0.4 0.282671
0.78625 0.00360245 0.4 0.285171
0.78875 0.00360245 0.4 0.287671
0.79125 0.00360245 0.4 0.290171
0.79375 0.00360245 0.4 0.292671
0.79625 0.00360245 0.4 0.295171
0.79875 0.00360245 0.4 0.297671
0.80125 0.00360245 0.4 0.300171
0.80375 0.00360245 0.4 0.302671
0.80625 0.00360245 0.4 0.305171
0.80875 0.00360245 0.4 0.307671
0.81125 0.00360245 0.4 0.310171
0.81375 0.00360245 0.4 0.312671
0.81625 0.00360245 0.4 0.315171
0.81875 0.00360245 0.4 0.317671
0.82125 0.00360245 0.4 0.320171
0.82375 0.00360245 0.4 0.322671
0.82625 0.00360245 0.4 0.325171
0.82875 0.00360245 0.4 0.327671
0.83125 0.00360245 0.4 0.330171
0.83375 0.00360245 0.4 0.332671
0.83625 0.00360245 0.4 0.335171
0.83875 0.00360245 0.4 0.337671
0.84125 0.00360245 0.4 0.340171
0.84375 0.00360245 0.4 0.342671
0.84625 0.00360245 0.4 0.345171
0.84875 0.00360245 0.4 0.347671
0.85125 0.00360245 0.4 0.350171
0.85375 0.00360245 0.4 0.352671
0.85625 0.00360245 0.4 0.355171
0.85875 0.00360245 0.4 0.357671
0.86125 0.00360245 0.4 0.360171
0.86375 0.00360245 0.4 0.362671
0.86625 0.00360245 0.4 0.365171
0.86875 0.00360245 0.4 0.367671
0.87125 0.00360245 0.4 0.370171
0.87375 0.00360245 0.4 0.372671
0.87625 0.00360245 0.4 0.375171
0.87875 0.00360245 0.4 0.377671
0.88125 0.00360245 0.4 0.380171
0.88375 0.00360245 0.4 0.382671
0.88625 0.00360245 0.4 0.385171
0.88875 0.00360245 0.4 0.387671
0.89125 0.00360245 0.4 0.390171
0.89375 0.00360245 0.4 0.392671
0.89625 0.00360245 0.4 0.395171
0.89875 0.00360245 0.4 0.397671
0.90125 0.00360245 0.4 0.400171
0.90375 0.00360245 0.4 0.402671
0.90625 0.00360245 0.4 0.405171
0.90875 0.00360245 0.4 0.407671
0.91125 0.00360245 0.4 0.410171
0.91375 0.00360245 0.4 0.412671
0.91625 0.00360245 0.4 0.415171
0.91875 0.00360245 0.4 0.417671
0.92125 0.00360245 0.4 0.420171
0.92375 0.00360245 0.4 0.422671
0.92625 0.00360245 0.4 0.425171
0.92875 0.00360245 0.4 0.427671
0.93125 0.00360245 0.4 0.430171
0.93375 0.00360245 0.4 0.432671
0.93625 0.00360245 0.4 0.435171
0.93875 0.00360245 0.4 0.437671
0.94125 0.00360245 0.4 0.440171
0.94375 0.00360245 0.4 0.442671
0.94625 0.00360245 0.4 0.445171
0.94875 0.00360245 0.4 0.447671
0.95125 0.00360245 0.4 0.450171
0.95375 0.00360245 0.4 0.452671
0.95625 0.00360245 0.4 0.455171
0.95875 0.00360245 0.4 0.457671
0.96125 0.00360245 0.4 0.460171
0.96375 0.00360245 0.4 0.462671
0.96625 0.00360245 0.4 0.465171
0.96875 0.00360245 0.4 0.467671
0.97125 0.00360245 0.4 0.470171
0.97375 0.00360245 0.4 0.472671
0.97625 0.00360245 0.4 0.475171
0.97875 0.00360245 0.4 0.477671
0.98125 0.00360245 0.4 0.480171
0.98375 0.00360245 0.4 0.482671
0.98625 0.00360245 0.4 0.485171
0.98875 0.00360245 0.4 0.487671
0.99125 0.00360245 0.4 0.490171
0.99375 0.00360245 0.4 0.492671
0.99625 0.00360245 0.4 0.495171
0.99875 0.00360245 0.4 0.497671
