0.0025 149961 100000 -0.4975
0.0075 149963 100000 -0.492708
0.0125 149964 100000 -0.487708
0.0175 149965 100000 -0.482708
0.0225 149966 100000 -0.477708
0.0275 149967 100000 -0.472708
0.0325 149967 100000 -0.467708
0.0375 149968 100000 -0.462708
0.0425 149969 100000 -0.457708
0.0475 149970 100000 -0.452708
0.0525 149970 100000 -0.447708
0.0575 149971 100000 -0.442708
0.0625 149972 100000 -0.437708
0.0675 149972 100000 -0.432708
0.0725 149973 100000 -0.427708
0.0775 149973 100000 -0.422708
0.0825 149974 100000 -0.417708
0.0875 149974 100000 -0.412708
0.0925 149975 100000 -0.407708
0.0975 149975 100000 -0.402708
0.1025 149976 100000 -0.397708
0.1075 149976 100000 -0.392708
0.1125 149977 100000 -0.387708
0.1175 149977 100000 -0.382708
0.1225 149978 100000 -0.377708
0.1275 149978 100000 -0.372708
0.1325 149978 100000 -0.367708
0.1375 149979 100000 -0.362708
0.1425 149979 100000 -0.357708
0.1475 149979 100000 -0.352708
0.1525 149980 100000 -0.347708
0.1575 149980 100000 -0.342708
0.1625 149980 100000 -0.337708
0.1675 149981 100000 -0.332708
0.1725 149981 100000 -0.327708
0.1775 149981 100000 -0.322708
0.1825 149982 100000 -0.317708
0.1875 149982 100000 -0.312708
0.1925 149982 100000 -0.307708
0.1975 149982 100000 -0.302708
0.2025 149983 100000 -0.297708
0.2075 149983 100000 -0.292708
0.2125 149983 100000 -0.287708
0.2175 149983 100000 -0.282708
0.2225 149983 100000 -0.277708
0.2275 149984 100000 -0.272708
0.2325 149984 100000 -0.267708
0.2375 149984 100000 -0.262708
0.2425 149984 100000 -0.257708
0.2475 149985 100000 -0.252708
0.2525 149985 100000 -0.247708
0.2575 149985 100000 -0.242708
0.2625 149985 100000 -0.237708
0.2675 149985 100000 -0.232708
0.2725 149984 100000 -0.227708
0.2775 149982 100000 -0.222708
0.2825 149978 100000 -0.217708
0.2875 149972 100000 -0.212708
0.2925 149959 100000 -0.207708
0.2975 149936 100000 -0.202708
0.3025 149894 100000 -0.197708
0.3075 149821 100000 -0.192707
0.3125 149697 100000 -0.187707
0.3175 149489 100000 -0.182706
0.3225 149147 100000 -0.177705
0.3275 148599 100000 -0.172703
0.3325 147737 100000 -0.167699
0.3375 146419 100000 -0.162694
0.3425 144464 100000 -0.157687
0.3475 141673 100000 -0.152676
0.3525 137884 100000 -0.147661
0.3575 133059 100000 -0.142642
0.3625 127392 100000 -0.137619
0.3675 121357 100000 -0.132594
0.3725 115596 100000 -0.127569
0.3775 110685 100000 -0.122548
0.3825 106918 100000 -0.117531
0.3875 104277 100000 -0.112519
0.3925 102552 100000 -0.107511
0.3975 101481 100000 -0.102507
0.4025 100842 100000 -0.0975038
0.4075 100470 100000 -0.0925021
0.4125 100258 100000 -0.0875011
0.4175 100140 100000 -0.0825006
0.4225 100074 100000 -0.0775003
0.4275 100039 100000 -0.0725002
0.4325 100020 100000 -0.0675001
0.4375 100010 100000 -0.0625
0.4425 100005 100000 -0.0575
0.4475 100003 100000 -0.0525
0.4525 100001 100000 -0.0475
0.4575 100001 100000 -0.0425
0.4625 100000 100000 -0.0375
0.4675 100000 100000 -0.0325
0.4725 100000 100000 -0.0275
0.4775 100000 100000 -0.0225
0.4825 100000 100000 -0.0175
0.4875 100000 100000 -0.0125
0.4925 100000 100000 -0.0075
0.4975 100000 100000 -0.0025
0.5025 100000 100000 0.0025
0.5075 100000 100000 0.0075
0.5125 100000 100000 0.0125
0.5175 100000 100000 0.0175
0.5225 100000 100000 0.0225
0.5275 100000 100000 0.0275
0.5325 100000 100000 0.0325
0.5375 100000 100000 0.0375
0.5425 100000 100000 0.0425
0.5475 100000 100000 0.0475
0.5525 100000 100000 0.0525
0.5575 100000 100000 0.0575
0.5625 100000 100000 0.0625
0.5675 100000 100000 0.0675
0.5725 100000 100000 0.0725
0.5775 100000 100000 0.0775
0.5825 100000 100000 0.0825
0.5875 100000 100000 0.0875
0.5925 100000 100000 0.0925
0.5975 100000 100000 0.0975
0.6025 100000 100000 0.1025
0.6075 100000 100000 0.1075
0.6125 100000 100000 0.1125
0.6175 100000 100000 0.1175
0.6225 100000 100000 0.1225
0.6275 100000 100000 0.1275
0.6325 100000 100000 0.1325
0.6375 100000 100000 0.1375
0.6425 100000 100000 0.1425
0.6475 100000 100000 0.1475
0.6525 100000 100000 0.1525
0.6575 100000 100000 0.1575
0.6625 100000 100000 0.1625
0.6675 100000 100000 0.1675
0.6725 100000 100000 0.1725
0.6775 100000 100000 0.1775
0.6825 100000 100000 0.1825
0.6875 100000 100000 0.1875
0.6925 100000 100000 0.1925
0.6975 100000 100000 0.1975
0.7025 100000 100000 0.2025
0.7075 100000 100000 0.2075
0.7125 100000 100000 0.2125
0.7175 100000 100000 0.2175
0.7225 100000 100000 0.2225
0.7275 100000 100000 0.2275
0.7325 100000 100000 0.2325
0.7375 100000 100000 0.2375
0.7425 100000 100000 0.2425
0.7475 100000 100000 0.2475
0.7525 100000 100000 0.2525
0.7575 100000 100000 0.2575
0.7625 100000 100000 0.2625
0.7675 100000 100000 0.2675
0.7725 100000 100000 0.2725
0.7775 100000 100000 0.2775
0.7825 100000 100000 0.2825
0.7875 100000 100000 0.2875
0.7925 100000 100000 0.2925
0.7975 100000 100000 0.2975
0.8025 100000 100000 0.3025
0.8075 100000 100000 0.3075
0.8125 100000 100000 0.3125
0.8175 100000 100000 0.3175
0.8225 100000 100000 0.3225
0.8275 100000 100000 0.3275
0.8325 100000 100000 0.3325
0.8375 100000 100000 0.3375
0.8425 100000 100000 0.3425
0.8475 100000 100000 0.3475
0.8525 100000 100000 0.3525
0.8575 100000 100000 0.3575
0.8625 100000 100000 0.3625
0.8675 100000 100000 0.3675
0.8725 100000 100000 0.3725
0.8775 100000 100000 0.3775
0.8825 100000 100000 0.3825
0.8875 100000 100000 0.3875
0.8925 100000 100000 0.3925
0.8975 100000 100000 0.3975
0.9025 100000 100000 0.4025
0.9075 100000 100000 0.4075
0.9125 100000 100000 0.4125
0.9175 100000 100000 0.4175
0.9225 100000 100000 0.4225
0.9275 100000 100000 0.4275
0.9325 100000 100000 0.4325
0.9375 100000 100000 0.4375
0.9425 100000 100000 0.4425
0.9475 100000 100000 0.4475
0.9525 100000 100000 0.4525
0.9575 100000 100000 0.4575
0.9625 100000 100000 0.4625
0.9675 100000 100000 0.4675
0.9725 100000 100000 0.4725
0.9775 100000 100000 0.4775
0.9825 100000 100000 0.4825
0.9875 100000 100000 0.4875
0.9925 100000 100000 0.4925
0.9975 100000 100000 0.4975
