0.0025 0.4 0.00271636 -0.489965
0.0075 0.4 0.00271636 -0.484965
0.0125 0.4 0.00271636 -0.479965
0.0175 0.4 0.00271636 -0.474965
0.0225 0.4 0.00271636 -0.469965
0.0275 0.4 0.00271636 -0.464965
0.0325 0.4 0.00271636 -0.459965
0.0375 0.4 0.00271636 -0.454965
0.0425 0.4 0.00271636 -0.449965
0.0475 0.4 0.00271636 -0.444965
0.0525 0.4 0.00271636 -0.439965
0.0575 0.4 0.00271636 -0.434965
0.0625 0.4 0.00271636 -0.429965
0.0675 0.4 0.00271636 -0.424965
0.0725 0.4 0.00271636 -0.419965
0.0775 0.4 0.00271636 -0.414965
0.0825 0.4 0.00271636 -0.409965
0.0875 0.4 0.00271636 -0.404965
0.0925 0.4 0.00271636 -0.399965
0.0975 0.4 0.00271636 -0.394965
0.1025 0.4 0.00271636 -0.389965
0.1075 0.4 0.00271636 -0.384965
0.1125 0.4 0.00271636 -0.379965
0.1175 0.4 0.00271636 -0.374965
0.1225 0.4 0.00271636 -0.369965
0.1275 0.4 0.00271636 -0.364965
0.1325 0.4 0.00271636 -0.359965
0.1375 0.4 0.00271636 -0.354965
0.1425 0.4 0.00271636 -0.349965
0.1475 0.4 0.00271636 -0.344965
0.1525 0.4 0.00271636 -0.339965
0.1575 0.4 0.00271636 -0.334965
0.1625 0.4 0.00271636 -0.329965
0.1675 0.4 0.00271636 -0.324965
0.1725 0.4 0.00271636 -0.319965
0.1775 0.4 0.00271636 -0.314965
0.1825 0.4 0.00271636 -0.309965
0.1875 0.4 0.00271636 -0.304965
0.1925 0.399999 0.00271636 -0.299965
0.1975 0.399993 0.00271636 -0.294965
0.2025 0.399957 0.00271636 -0.289965
0.2075 0.39982 0.00271636 -0.284965
0.2125 0.399401 0.00271636 -0.279966
0.2175 0.398359 0.00271636 -0.274966
0.2225 0.396187 0.00271636 -0.269969
0.2275 0.392299 0.00271636 -0.264973
0.2325 0.386188 0.00271636 -0.259981
0.2375 0.377575 0.00271636 -0.254993
0.2425 0.366475 0.00271636 -0.250009
0.2475 0.353159 0.00271636 -0.245031
0.2525 0.33806 0.00271636 -0.240057
0.2575 0.321668 0.00271636 -0.235088
0.2625 0.304455 0.00271636 -0.230122
0.2675 0.28683 0.00271636 -0.225159
0.2725 0.269131 0.00271636 -0.220199
0.2775 0.251618 0.00271636 -0.215241
0.2825 0.234489 0.00271636 -0.210285
0.2875 0.217887 0.00271636 -0.20533
0.2925 0.201911 0.00271636 -0.200377
0.2975 0.18663 0.00271636 -0.195425
0.3025 0.172086 0.00271636 -0.190474
0.3075 0.158302 0.00271636 -0.185524
0.3125 0.145286 0.00271636 -0.180575
0.3175 0.133038 0.00271636 -0.175627
0.3225 0.121548 0.00271636 -0.170679
0.3275 0.1108 0.00271636 -0.165732
0.3325 0.100773 0.00271636 -0.160786
0.3375 0.0914456 0.00271636 -0.155841
0.3425 0.0827903 0.00271636 -0.150897
0.3475 0.0747801 0.00271636 -0.145953
0.3525 0.0673859 0.00271636 -0.14101
0.3575 0.0605782 0.00271636 -0.136068
0.3625 0.0543267 0.00271636 -0.131127
0.3675 0.0486011 0.00271636 -0.126186
0.3725 0.0433708 0.00271636 -0.121247
0.3775 0.0386057 0.00271636 -0.116308
0.3825 0.0342761 0.00271636 -0.11137
0.3875 0.0303529 0.00271636 -0.106434
0.3925 0.0268077 0.00271636 -0.101498
0.3975 0.023613 0.00271636 -0.0965629
0.4025 0.0207422 0.00271636 -0.0916291
0.4075 0.0181699 0.00271636 -0.0866963
0.4125 0.015872 0.00271636 -0.0817646
0.4175 0.0138255 0.00271636 -0.0768341
0.4225 0.0120087 0.00271636 -0.0719046
0.4275 0.0104013 0.00271636 -0.0669763
0.4325 0.00898467 0.00271636 -0.0620491
0.4375 0.00774171 0.00271636 -0.0571228
0.4425 0.00665707 0.00271636 -0.0521974
0.4475 0.00571755 0.00271636 -0.0472724
0.4525 0.00491253 0.00271636 -0.0423471
0.4575 0.00423485 0.00271636 -0.0374204
0.4625 0.00368179 0.00271636 -0.0324898
0.4675 0.00325623 0.00271636 -0.0275514
0.4725 0.00296479 0.00271636 -0.0225996
0.4775 0.00280386 0.00271636 -0.0176295
0.4825 0.00274185 0.00271636 -0.0126419
0.4875 0.00272674 0.00271636 -0.00764445
0.4925 0.00271826 0.00271636 -0.00496906
0.4975 0.00271636 0.00271636 0.00031695
0.5025 0.00271636 0.00283312 0.00729843
0.5075 0.00271636 0.00358104 0.012502
0.5125 0.00271636 0.0035601 0.0175121
0.5175 0.00271636 0.00349484 0.0225256
0.5225 0.00271636 0.00341406 0.0275386
0.5275 0.00271636 0.0033956 0.0325394
0.5325 0.00271636 0.00352731 0.0375171
0.5375 0.00271636 0.00384375 0.0424716
0.5425 0.00271636 0.00433281 0.0474108
0.5475 0.00271636 0.00497495 0.0523418
0.5525 0.00271636 0.00576006 0.0572692
0.5575 0.00271636 0.00668804 0.0621954
0.5625 0.00271636 0.00776563 0.0671215
0.5675 0.00271636 0.00900402 0.0720481
0.5725 0.00271636 0.0104175 0.0769756
0.5775 0.00271636 0.0120225 0.0819041
0.5825 0.00271636 0.0138375 0.0868337
0.5875 0.00271636 0.0158825 0.0917643
0.5925 0.00271636 0.0181792 0.0966961
0.5975 0.00271636 0.0207503 0.101629
0.6025 0.00271636 0.0236201 0.106563
0.6075 0.00271636 0.0268139 0.111498
0.6125 0.00271636 0.0303583 0.116433
0.6175 0.00271636 0.0342807 0.12137
0.6225 0.00271636 0.0386095 0.126308
0.6275 0.00271636 0.0433739 0.131247
0.6325 0.00271636 0.0486036 0.136186
0.6375 0.00271636 0.0543287 0.141127
0.6425 0.00271636 0.0605797 0.146068
0.6475 0.00271636 0.067387 0.15101
0.6525 0.00271636 0.0747807 0.155953
0.6575 0.00271636 0.0827906 0.160897
0.6625 0.00271636 0.0914456 0.165841
0.6675 0.00271636 0.100773 0.170786
0.6725 0.00271636 0.110799 0.175732
0.6775 0.00271636 0.121548 0.180679
0.6825 0.00271636 0.133038 0.185627
0.6875 0.00271636 0.145286 0.190575
0.6925 0.00271636 0.158301 0.195524
0.6975 0.00271636 0.172085 0.200474
0.7025 0.00271636 0.18663 0.205425
0.7075 0.00271636 0.201911 0.210377
0.7125 0.00271636 0.217886 0.21533
0.7175 0.00271636 0.234489 0.220285
0.7225 0.00271636 0.251618 0.225241
0.7275 0.00271636 0.26913 0.230199
0.7325 0.00271636 0.28683 0.235159
0.7375 0.00271636 0.304455 0.240122
0.7425 0.00271636 0.321668 0.245088
0.7475 0.00271636 0.33806 0.250057
0.7525 0.00271636 0.353159 0.255031
0.7575 0.00271636 0.366475 0.260009
0.7625 0.00271636 0.377575 0.264993
0.7675 0.00271636 0.386188 0.269981
0.7725 0.00271636 0.392299 0.274973
0.7775 0.00271636 0.396187 0.279969
0.7825 0.00271636 0.398359 0.284966
0.7875 0.00271636 0.399401 0.289966
0.7925 0.00271636 0.39982 0.294965
0.7975 0.00271636 0.399957 0.299965
0.8025 0.00271636 0.399993 0.304965
0.8075 0.00271636 0.399999 0.309965
0.8125 0.00271636 0.4 0.314965
0.8175 0.00271636 0.4 0.319965
0.8225 0.00271636 0.4 0.324965
0.8275 0.00271636 0.4 0.329965
0.8325 0.00271636 0.4 0.334965
0.8375 0.00271636 0.4 0.339965
0.8425 0.00271636 0.4 0.344965
0.8475 0.00271636 0.4 0.349965
0.8525 0.00271636 0.4 0.354965
0.8575 0.00271636 0.4 0.359965
0.8625 0.00271636 0.4 0.364965
0.8675 0.00271636 0.4 0.369965
0.8725 0.00271636 0.4 0.374965
0.8775 0.00271636 0.4 0.379965
0.8825 0.00271636 0.4 0.384965
0.8875 0.00271636 0.4 0.389965
0.8925 0.00271636 0.4 0.394965
0.8975 0.00271636 0.4 0.399965
0.9025 0.00271636 0.4 0.404965
0.9075 0.00271636 0.4 0.409965
0.9125 0.00271636 0.4 0.414965
0.9175 0.00271636 0.4 0.419965
0.9225 0.00271636 0.4 0.424965
0.9275 0.00271636 0.4 0.429965
0.9325 0.00271636 0.4 0.434965
0.9375 0.00271636 0.4 0.439965
0.9425 0.00271636 0.4 0.444965
0.9475 0.00271636 0.4 0.449965
0.9525 0.00271636 0.4 0.454965
0.9575 0.00271636 0.4 0.459965
0.9625 0.00271636 0.4 0.464965
0.9675 0.00271636 0.4 0.469965
0.9725 0.00271636 0.4 0.474965
0.9775 0.00271636 0.4 0.479965
0.9825 0.00271636 0.4 0.484965
0.9875 0.00271636 0.4 0.489965
0.9925 0.00271636 0.4 0.494965
0.9975 0.00271636 0.4 0.499965
