0.0025 0.4 0.00323657 -0.494965
0.0075 0.4 0.00323657 -0.489965
0.0125 0.4 0.00323657 -0.484965
0.0175 0.4 0.00323657 -0.479965
0.0225 0.4 0.00323657 -0.474965
0.0275 0.4 0.00323657 -0.469965
0.0325 0.4 0.00323657 -0.464965
0.0375 0.4 0.00323657 -0.459965
0.0425 0.4 0.00323657 -0.454965
0.0475 0.4 0.00323657 -0.449965
0.0525 0.4 0.00323657 -0.444965
0.0575 0.4 0.00323657 -0.439965
0.0625 0.4 0.00323657 -0.434965
0.0675 0.4 0.00323657 -0.429965
0.0725 0.4 0.00323657 -0.424965
0.0775 0.4 0.00323657 -0.419965
0.0825 0.4 0.00323657 -0.414965
0.0875 0.4 0.00323657 -0.409965
0.0925 0.4 0.00323657 -0.404965
0.0975 0.4 0.00323657 -0.399965
0.1025 0.4 0.00323657 -0.394965
0.1075 0.4 0.00323657 -0.389965
0.1125 0.4 0.00323657 -0.384965
0.1175 0.4 0.00323657 -0.379965
0.1225 0.4 0.00323657 -0.374965
0.1275 0.4 0.00323657 -0.369965
0.1325 0.4 0.00323657 -0.364965
0.1375 0.4 0.00323657 -0.359965
0.1425 0.4 0.00323657 -0.354965
0.1475 0.4 0.00323657 -0.349965
0.1525 0.4 0.00323657 -0.344965
0.1575 0.4 0.00323657 -0.339965
0.1625 0.399998 0.00323657 -0.334965
0.1675 0.399989 0.00323657 -0.329965
0.1725 0.39995 0.00323657 -0.324965
0.1775 0.399814 0.00323657 -0.319965
0.1825 0.399432 0.00323657 -0.314966
0.1875 0.39853 0.00323657 -0.309966
0.1925 0.396709 0.00323657 -0.304968
0.1975 0.393493 0.00323657 -0.299972
0.2025 0.388445 0.00323657 -0.294978
0.2075 0.381283 0.00323657 -0.289988
0.2125 0.371941 0.00323657 -0.285002
0.2175 0.36057 0.00323657 -0.28002
0.2225 0.347475 0.00323657 -0.275042
0.2275 0.333039 0.00323657 -0.270068
0.2325 0.317656 0.00323657 -0.265097
0.2375 0.301691 0.00323657 -0.26013
0.2425 0.285455 0.00323657 -0.255164
0.2475 0.269201 0.00323657 -0.250201
0.2525 0.253128 0.00323657 -0.24524
0.2575 0.237386 0.00323657 -0.24028
0.2625 0.222087 0.00323657 -0.235321
0.2675 0.207311 0.00323657 -0.230364
0.2725 0.193112 0.00323657 -0.225407
0.2775 0.179528 0.00323657 -0.220451
0.2825 0.166578 0.00323657 -0.215496
0.2875 0.154273 0.00323657 -0.210542
0.2925 0.142615 0.00323657 -0.205589
0.2975 0.131598 0.00323657 -0.200636
0.3025 0.121212 0.00323657 -0.195683
0.3075 0.111444 0.00323657 -0.190732
0.3125 0.102277 0.00323657 -0.185781
0.3175 0.093693 0.00323657 -0.18083
0.3225 0.0856715 0.00323657 -0.17588
0.3275 0.0781915 0.00323657 -0.170931
0.3325 0.0712308 0.00323657 -0.165982
0.3375 0.0647669 0.00323657 -0.161034
0.3425 0.0587768 0.00323657 -0.156086
0.3475 0.0532375 0.00323657 -0.151139
0.3525 0.0481259 0.00323657 -0.146193
0.3575 0.043419 0.00323657 -0.141248
0.3625 0.0390941 0.00323657 -0.136303
0.3675 0.0351288 0.00323657 -0.131358
0.3725 0.0315011 0.00323657 -0.126415
0.3775 0.0281897 0.00323657 -0.121472
0.3825 0.0251736 0.00323657 -0.11653
0.3875 0.0224327 0.00323657 -0.111589
0.3925 0.0199475 0.00323657 -0.106648
0.3975 0.0176994 0.00323657 -0.101709
0.4025 0.0156706 0.00323657 -0.0967699
0.4075 0.0138445 0.00323657 -0.0918319
0.4125 0.0122046 0.00323657 -0.0868948
0.4175 0.010736 0.00323657 -0.0819585
0.4225 0.0094244 0.00323657 -0.077023
0.4275 0.00825689 0.00323657 -0.0720883
0.4325 0.00722154 0.00323657 -0.0671543
0.4375 0.00630773 0.00323657 -0.0622208
0.4425 0.00550627 0.00323657 -0.0572875
0.4475 0.00480986 0.00323657 -0.0523538
0.4525 0.0042136 0.00323657 -0.0474189
0.4575 0.00371569 0.00323657 -0.0424811
0.4625 0.00331817 0.00323657 -0.0375376
0.4675 0.00302673 0.00323657 -0.0325846
0.4725 0.0028438 0.00323657 -0.0276179
0.4775 0.00275591 0.00323657 -0.0226361
0.4825 0.00272901 0.00323657 -0.017643
0.4875 0.00272846 0.00323657 -0.0126444
0.4925 0.00275646 0.00323657 -0.00764102
0.4975 0.00290893 0.00323657 -0.00108063
0.5025 0.00323657 0.00328648 0.00655042
0.5075 0.00323657 0.00361368 0.0075022
0.5125 0.00323657 0.00360779 0.0125071
0.5175 0.00323657 0.00356774 0.017515
0.5225 0.00323657 0.00349776 0.0225255
0.5275 0.00323657 0.00343218 0.0275334
0.5325 0.00323657 0.00344034 0.0325289
0.5375 0.00323657 0.00358362 0.037505
0.5425 0.00323657 0.00387963 0.042463
0.5475 0.00323657 0.00431589 0.0474089
0.5525 0.00323657 0.00487631 0.0523481
0.5575 0.00323657 0.0055518 0.057284
0.5625 0.00323657 0.00634075 0.0622186
0.5675 0.00323657 0.00724679 0.0671528
0.5725 0.00323657 0.00827709 0.0720873
0.5775 0.00323657 0.00944115 0.0770222
0.5825 0.00323657 0.0107502 0.0819579
0.5875 0.00323657 0.012217 0.0868943
0.5925 0.00323657 0.0138554 0.0918316
0.5975 0.00323657 0.0156803 0.0967696
0.6025 0.00323657 0.017708 0.101709
0.6075 0.00323657 0.0199551 0.106648
0.6125 0.00323657 0.0224394 0.111589
0.6175 0.00323657 0.0251796 0.11653
0.6225 0.00323657 0.028195 0.121472
0.6275 0.00323657 0.0315058 0.126415
0.6325 0.00323657 0.0351328 0.131358
0.6375 0.00323657 0.0390975 0.136303
0.6425 0.00323657 0.0434219 0.141248
0.6475 0.00323657 0.0481283 0.146193
0.6525 0.00323657 0.0532394 0.151139
0.6575 0.00323657 0.0587783 0.156086
0.6625 0.00323657 0.064768 0.161034
0.6675 0.00323657 0.0712316 0.165982
0.6725 0.00323657 0.078192 0.170931
0.6775 0.00323657 0.0856718 0.17588
0.6825 0.00323657 0.093693 0.18083
0.6875 0.00323657 0.102277 0.185781
0.6925 0.00323657 0.111443 0.190732
0.6975 0.00323657 0.121211 0.195683
0.7025 0.00323657 0.131597 0.200636
0.7075 0.00323657 0.142614 0.205589
0.7125 0.00323657 0.154272 0.210542
0.7175 0.00323657 0.166577 0.215496
0.7225 0.00323657 0.179527 0.220451
0.7275 0.00323657 0.193112 0.225407
0.7325 0.00323657 0.20731 0.230364
0.7375 0.00323657 0.222086 0.235321
0.7425 0.00323657 0.237385 0.24028
0.7475 0.00323657 0.253127 0.24524
0.7525 0.00323657 0.269201 0.250201
0.7575 0.00323657 0.285455 0.255164
0.7625 0.00323657 0.301691 0.26013
0.7675 0.00323657 0.317656 0.265097
0.7725 0.00323657 0.333039 0.270068
0.7775 0.00323657 0.347475 0.275042
0.7825 0.00323657 0.36057 0.28002
0.7875 0.00323657 0.371941 0.285002
0.7925 0.00323657 0.381283 0.289988
0.7975 0.00323657 0.388445 0.294978
0.8025 0.00323657 0.393493 0.299972
0.8075 0.00323657 0.396709 0.304968
0.8125 0.00323657 0.39853 0.309966
0.8175 0.00323657 0.399432 0.314966
0.8225 0.00323657 0.399814 0.319965
0.8275 0.00323657 0.39995 0.324965
0.8325 0.00323657 0.399989 0.329965
0.8375 0.00323657 0.399998 0.334965
0.8425 0.00323657 0.4 0.339965
0.8475 0.00323657 0.4 0.344965
0.8525 0.00323657 0.4 0.349965
0.8575 0.00323657 0.4 0.354965
0.8625 0.00323657 0.4 0.359965
0.8675 0.00323657 0.4 0.364965
0.8725 0.00323657 0.4 0.369965
0.8775 0.00323657 0.4 0.374965
0.8825 0.00323657 0.4 0.379965
0.8875 0.00323657 0.4 0.384965
0.8925 0.00323657 0.4 0.389965
0.8975 0.00323657 0.4 0.394965
0.9025 0.00323657 0.4 0.399965
0.9075 0.00323657 0.4 0.404965
0.9125 0.00323657 0.4 0.409965
0.9175 0.00323657 0.4 0.414965
0.9225 0.00323657 0.4 0.419965
0.9275 0.00323657 0.4 0.424965
0.9325 0.00323657 0.4 0.429965
0.9375 0.00323657 0.4 0.434965
0.9425 0.00323657 0.4 0.439965
0.9475 0.00323657 0.4 0.444965
0.9525 0.00323657 0.4 0.449965
0.9575 0.00323657 0.4 0.454965
0.9625 0.00323657 0.4 0.459965
0.9675 0.00323657 0.4 0.464965
0.9725 0.00323657 0.4 0.469965
0.9775 0.00323657 0.4 0.474965
0.9825 0.00323657 0.4 0.479965
0.9875 0.00323657 0.4 0.484965
0.9925 0.00323657 0.4 0.489965
0.9975 0.00323657 0.4 0.494965
