0.0025 0.4 0.00351265 -0.494965
0.0075 0.4 0.00351265 -0.489965
0.0125 0.4 0.00351265 -0.484965
0.0175 0.4 0.00351265 -0.479965
0.0225 0.4 0.00351265 -0.474965
0.0275 0.4 0.00351265 -0.469965
0.0325 0.4 0.00351265 -0.464965
0.0375 0.4 0.00351265 -0.459965
0.0425 0.4 0.00351265 -0.454965
0.0475 0.4 0.00351265 -0.449965
0.0525 0.4 0.00351265 -0.444965
0.0575 0.4 0.00351265 -0.439965
0.0625 0.4 0.00351265 -0.434965
0.0675 0.4 0.00351265 -0.429965
0.0725 0.4 0.00351265 -0.424965
0.0775 0.4 0.00351265 -0.419965
0.0825 0.4 0.00351265 -0.414965
0.0875 0.4 0.00351265 -0.409965
0.0925 0.4 0.00351265 -0.404965
0.0975 0.4 0.00351265 -0.399965
0.1025 0.4 0.00351265 -0.394965
0.1075 0.4 0.00351265 -0.389965
0.1125 0.4 0.00351265 -0.384965
0.1175 0.4 0.00351265 -0.379965
0.1225 0.4 0.00351265 -0.374965
0.1275 0.4 0.00351265 -0.369965
0.1325 0.399997 0.00351265 -0.364965
0.1375 0.399987 0.00351265 -0.359965
0.1425 0.399945 0.00351265 -0.354965
0.1475 0.399815 0.00351265 -0.349965
0.1525 0.39947 0.00351265 -0.344966
0.1575 0.398692 0.00351265 -0.339966
0.1625 0.397157 0.00351265 -0.334968
0.1675 0.394477 0.00351265 -0.329971
0.1725 0.390274 0.00351265 -0.324976
0.1775 0.384272 0.00351265 -0.319984
0.1825 0.37636 0.00351265 -0.314996
0.1875 0.366603 0.00351265 -0.310011
0.1925 0.355206 0.00351265 -0.30503
0.1975 0.342464 0.00351265 -0.300052
0.2025 0.328703 0.00351265 -0.295077
0.2075 0.314241 0.00351265 -0.290106
0.2125 0.299361 0.00351265 -0.285136
0.2175 0.284305 0.00351265 -0.280169
0.2225 0.269268 0.00351265 -0.275203
0.2275 0.254403 0.00351265 -0.270238
0.2325 0.239829 0.00351265 -0.265275
0.2375 0.225634 0.00351265 -0.260313
0.2425 0.211884 0.00351265 -0.255352
0.2475 0.198622 0.00351265 -0.250392
0.2525 0.18588 0.00351265 -0.245432
0.2575 0.173678 0.00351265 -0.240473
0.2625 0.162024 0.00351265 -0.235515
0.2675 0.150923 0.00351265 -0.230557
0.2725 0.140371 0.00351265 -0.2256
0.2775 0.130363 0.00351265 -0.220643
0.2825 0.12089 0.00351265 -0.215687
0.2875 0.111939 0.00351265 -0.210731
0.2925 0.103496 0.00351265 -0.205776
0.2975 0.0955476 0.00351265 -0.200821
0.3025 0.0880768 0.00351265 -0.195867
0.3075 0.0810671 0.00351265 -0.190913
0.3125 0.0745012 0.00351265 -0.185959
0.3175 0.0683614 0.00351265 -0.181006
0.3225 0.06263 0.00351265 -0.176054
0.3275 0.057289 0.00351265 -0.171102
0.3325 0.0523203 0.00351265 -0.16615
0.3375 0.0477061 0.00351265 -0.161199
0.3425 0.0434287 0.00351265 -0.156248
0.3475 0.0394704 0.00351265 -0.151298
0.3525 0.035814 0.00351265 -0.146349
0.3575 0.0324426 0.00351265 -0.1414
0.3625 0.0293396 0.00351265 -0.136452
0.3675 0.0264888 0.00351265 -0.131504
0.3725 0.0238745 0.00351265 -0.126557
0.3775 0.0214816 0.00351265 -0.12161
0.3825 0.0192955 0.00351265 -0.116664
0.3875 0.017302 0.00351265 -0.111719
0.3925 0.0154876 0.00351265 -0.106774
0.3975 0.01384 0.00351265 -0.10183
0.4025 0.0123466 0.00351265 -0.0968868
0.4075 0.0109957 0.00351265 -0.0919441
0.4125 0.00977659 0.00351265 -0.087002
0.4175 0.008679 0.00351265 -0.0820606
0.4225 0.0076936 0.00351265 -0.0771197
0.4275 0.00681182 0.00351265 -0.0721793
0.4325 0.00602603 0.00351265 -0.0672392
0.4375 0.00532966 0.00351265 -0.0622992
0.4425 0.00471749 0.00351265 -0.0573588
0.4475 0.00418604 0.00351265 -0.0524173
0.4525 0.00373408 0.00351265 -0.0474735
0.4575 0.00336308 0.00351265 -0.0425255
0.4625 0.00307755 0.00351265 -0.0375705
0.4675 0.00288172 0.00351265 -0.0326052
0.4725 0.00277179 0.00351265 -0.0276274
0.4775 0.00273029 0.00351265 -0.022638
0.4825 0.00273817 0.00351265 -0.01764
0.4875 0.00280598 0.00351265 -0.0126315
0.4925 0.00297997 0.00351265 -0.00760458
0.4975 0.00326896 0.00351265 -0.00188275
0.5025 0.00351265 0.00352878 0.00619057
0.5075 0.00351265 0.00362868 0.00750287
0.5125 0.00351265 0.00362677 0.012505
0.5175 0.00351265 0.00360508 0.0175086
0.5225 0.00351265 0.00355734 0.022515
0.5275 0.00351265 0.00349099 0.0275229
0.5325 0.00351265 0.00344378 0.0325268
0.5375 0.00351265 0.00347352 0.0375187
0.5425 0.00351265 0.00362252 0.0424943
0.5475 0.00351265 0.00389918 0.0474555
0.5525 0.00351265 0.00429202 0.0524069
0.5575 0.00351265 0.00478771 0.0573526
0.5625 0.00351265 0.00537824 0.0622954
0.5675 0.00351265 0.00606127 0.0672367
0.5725 0.00351265 0.00683861 0.0721776
0.5775 0.00351265 0.00771484 0.0771185
0.5825 0.00351265 0.00869645 0.0820597
0.5875 0.00351265 0.00979134 0.0870014
0.5925 0.00351265 0.0110085 0.0919436
0.5975 0.00351265 0.0123578 0.0968864
0.6025 0.00351265 0.0138499 0.10183
0.6075 0.00351265 0.0154965 0.106774
0.6125 0.00351265 0.0173099 0.111719
0.6175 0.00351265 0.0193027 0.116664
0.6225 0.00351265 0.0214881 0.12161
0.6275 0.00351265 0.0238803 0.126557
0.6325 0.00351265 0.026494 0.131504
0.6375 0.00351265 0.0293442 0.136452
0.6425 0.00351265 0.0324467 0.1414
0.6475 0.00351265 0.0358176 0.146349
0.6525 0.00351265 0.0394735 0.151298
0.6575 0.00351265 0.0434313 0.156248
0.6625 0.00351265 0.0477084 0.161199
0.6675 0.00351265 0.0523222 0.16615
0.6725 0.00351265 0.0572905 0.171102
0.6775 0.00351265 0.0626312 0.176054
0.6825 0.00351265 0.0683623 0.181006
0.6875 0.00351265 0.0745018 0.185959
0.6925 0.00351265 0.0810675 0.190913
0.6975 0.00351265 0.088077 0.195867
0.7025 0.00351265 0.0955476 0.200821
0.7075 0.00351265 0.103496 0.205776
0.7125 0.00351265 0.111938 0.210731
0.7175 0.00351265 0.120889 0.215687
0.7225 0.00351265 0.130363 0.220643
0.7275 0.00351265 0.140371 0.2256
0.7325 0.00351265 0.150922 0.230557
0.7375 0.00351265 0.162024 0.235515
0.7425 0.00351265 0.173677 0.240473
0.7475 0.00351265 0.18588 0.245432
0.7525 0.00351265 0.198621 0.250392
0.7575 0.00351265 0.211883 0.255352
0.7625 0.00351265 0.225634 0.260313
0.7675 0.00351265 0.239829 0.265275
0.7725 0.00351265 0.254403 0.270238
0.7775 0.00351265 0.269267 0.275203
0.7825 0.00351265 0.284305 0.280169
0.7875 0.00351265 0.299361 0.285136
0.7925 0.00351265 0.314241 0.290106
0.7975 0.00351265 0.328703 0.295077
0.8025 0.00351265 0.342464 0.300052
0.8075 0.00351265 0.355206 0.30503
0.8125 0.00351265 0.366603 0.310011
0.8175 0.00351265 0.37636 0.314996
0.8225 0.00351265 0.384272 0.319984
0.8275 0.00351265 0.390274 0.324976
0.8325 0.00351265 0.394477 0.329971
0.8375 0.00351265 0.397157 0.334968
0.8425 0.00351265 0.398692 0.339966
0.8475 0.00351265 0.39947 0.344966
0.8525 0.00351265 0.399815 0.349965
0.8575 0.00351265 0.399945 0.354965
0.8625 0.00351265 0.399987 0.359965
0.8675 0.00351265 0.399997 0.364965
0.8725 0.00351265 0.4 0.369965
0.8775 0.00351265 0.4 0.374965
0.8825 0.00351265 0.4 0.379965
0.8875 0.00351265 0.4 0.384965
0.8925 0.00351265 0.4 0.389965
0.8975 0.00351265 0.4 0.394965
0.9025 0.00351265 0.4 0.399965
0.9075 0.00351265 0.4 0.404965
0.9125 0.00351265 0.4 0.409965
0.9175 0.00351265 0.4 0.414965
0.9225 0.00351265 0.4 0.419965
0.9275 0.00351265 0.4 0.424965
0.9325 0.00351265 0.4 0.429965
0.9375 0.00351265 0.4 0.434965
0.9425 0.00351265 0.4 0.439965
0.9475 0.00351265 0.4 0.444965
0.9525 0.00351265 0.4 0.449965
0.9575 0.00351265 0.4 0.454965
0.9625 0.00351265 0.4 0.459965
0.9675 0.00351265 0.4 0.464965
0.9725 0.00351265 0.4 0.469965
0.9775 0.00351265 0.4 0.474965
0.9825 0.00351265 0.4 0.479965
0.9875 0.00351265 0.4 0.484965
0.9925 0.00351265 0.4 0.489965
0.9975 0.00351265 0.4 0.494965
