0.0025 149971 100288 -0.4975
0.0075 149972 100288 -0.492711
0.0125 149972 100288 -0.487711
0.0175 149973 100288 -0.482711
0.0225 149973 100288 -0.477711
0.0275 149974 100288 -0.472711
0.0325 149974 100288 -0.467711
0.0375 149975 100288 -0.462711
0.0425 149975 100288 -0.457711
0.0475 149976 100288 -0.452711
0.0525 149976 100288 -0.447711
0.0575 149977 100288 -0.442711
0.0625 149977 100288 -0.437711
0.0675 149978 100288 -0.432711
0.0725 149978 100288 -0.427711
0.0775 149978 100288 -0.422711
0.0825 149979 100288 -0.417711
0.0875 149979 100288 -0.412711
0.0925 149979 100288 -0.407711
0.0975 149980 100288 -0.402711
0.1025 149980 100288 -0.397711
0.1075 149980 100288 -0.392711
0.1125 149981 100288 -0.387711
0.1175 149981 100288 -0.382711
0.1225 149981 100288 -0.377711
0.1275 149982 100288 -0.372711
0.1325 149982 100288 -0.367711
0.1375 149982 100288 -0.362711
0.1425 149982 100288 -0.357711
0.1475 149983 100288 -0.352711
0.1525 149983 100288 -0.347711
0.1575 149983 100288 -0.342711
0.1625 149983 100288 -0.337711
0.1675 149983 100288 -0.332711
0.1725 149984 100288 -0.327711
0.1775 149984 100288 -0.322711
0.1825 149984 100288 -0.317711
0.1875 149984 100288 -0.312711
0.1925 149985 100288 -0.307711
0.1975 149985 100288 -0.302711
0.2025 149985 100288 -0.297711
0.2075 149985 100288 -0.292711
0.2125 149985 100288 -0.287711
0.2175 149986 100288 -0.282711
0.2225 149986 100288 -0.277711
0.2275 149986 100288 -0.272711
0.2325 149986 100288 -0.267711
0.2375 149986 100288 -0.262711
0.2425 149986 100288 -0.257711
0.2475 149986 100288 -0.252711
0.2525 149987 100288 -0.247711
0.2575 149987 100288 -0.242711
0.2625 149987 100288 -0.237711
0.2675 149987 100288 -0.232711
0.2725 149987 100288 -0.227711
0.2775 149987 100288 -0.222711
0.2825 149988 100288 -0.217711
0.2875 149988 100288 -0.212711
0.2925 149988 100288 -0.207711
0.2975 149988 100288 -0.202711
0.3025 149988 100288 -0.197711
0.3075 149988 100288 -0.192711
0.3125 149988 100288 -0.187711
0.3175 149988 100288 -0.182711
0.3225 149988 100288 -0.177711
0.3275 149988 100288 -0.172711
0.3325 149989 100288 -0.167711
0.3375 149989 100288 -0.162711
0.3425 149989 100288 -0.157711
0.3475 149988 100288 -0.152711
0.3525 149988 100288 -0.147711
0.3575 149987 100288 -0.142711
0.3625 149984 100288 -0.137711
0.3675 149980 100288 -0.132711
0.3725 149973 100288 -0.127711
0.3775 149960 100288 -0.12271
0.3825 149939 100288 -0.11771
0.3875 149902 100288 -0.11271
0.3925 149840 100288 -0.10771
0.3975 149739 100288 -0.10271
0.4025 149576 100288 -0.097709
0.4075 149315 100288 -0.092708
0.4125 148906 100288 -0.0877064
0.4175 148272 100288 -0.082704
0.4225 147310 100288 -0.0777003
0.4275 145882 100288 -0.0726947
0.4325 143818 100288 -0.0676867
0.4375 140941 100288 -0.0626754
0.4425 137116 100288 -0.0576601
0.4475 132332 100288 -0.0526407
0.4525 126799 100288 -0.0476178
0.4575 120966 100288 -0.0425932
0.4625 115426 100288 -0.0375692
0.4675 110694 100288 -0.0325483
0.4725 107035 100288 -0.027532
0.4775 104432 100288 -0.0225203
0.4825 102693 100288 -0.0175125
0.4875 101579 100288 -0.0125076
0.4925 100876 100288 -0.00750467
0.4975 100417 100288 -0.0025311
0.5025 100288 100253 0.00247167
0.5075 100288 100201 0.00749773
0.5125 100288 100160 0.0124982
0.5175 100288 100127 0.0174986
0.5225 100288 100100 0.0224989
0.5275 100288 100079 0.0274991
0.5325 100288 100062 0.0324993
0.5375 100288 100049 0.0374995
0.5425 100288 100038 0.0424996
0.5475 100288 100030 0.0474997
0.5525 100288 100023 0.0524997
0.5575 100288 100018 0.0574998
0.5625 100288 100014 0.0624998
0.5675 100288 100011 0.0674999
0.5725 100288 100008 0.0724999
0.5775 100288 100006 0.0774999
0.5825 100288 100005 0.0824999
0.5875 100288 100004 0.0875
0.5925 100288 100003 0.0925
0.5975 100288 100002 0.0975
0.6025 100288 100002 0.1025
0.6075 100288 100001 0.1075
0.6125 100288 100001 0.1125
0.6175 100288 100001 0.1175
0.6225 100288 100001 0.1225
0.6275 100288 100000 0.1275
0.6325 100288 100000 0.1325
0.6375 100288 100000 0.1375
0.6425 100288 100000 0.1425
0.6475 100288 100000 0.1475
0.6525 100288 100000 0.1525
0.6575 100288 100000 0.1575
0.6625 100288 100000 0.1625
0.6675 100288 100000 0.1675
0.6725 100288 100000 0.1725
0.6775 100288 100000 0.1775
0.6825 100288 100000 0.1825
0.6875 100288 100000 0.1875
0.6925 100288 100000 0.1925
0.6975 100288 100000 0.1975
0.7025 100288 100000 0.2025
0.7075 100288 100000 0.2075
0.7125 100288 100000 0.2125
0.7175 100288 100000 0.2175
0.7225 100288 100000 0.2225
0.7275 100288 100000 0.2275
0.7325 100288 100000 0.2325
0.7375 100288 100000 0.2375
0.7425 100288 100000 0.2425
0.7475 100288 100000 0.2475
0.7525 100288 100000 0.2525
0.7575 100288 100000 0.2575
0.7625 100288 100000 0.2625
0.7675 100288 100000 0.2675
0.7725 100288 100000 0.2725
0.7775 100288 100000 0.2775
0.7825 100288 100000 0.2825
0.7875 100288 100000 0.2875
0.7925 100288 100000 0.2925
0.7975 100288 100000 0.2975
0.8025 100288 100000 0.3025
0.8075 100288 100000 0.3075
0.8125 100288 100000 0.3125
0.8175 100288 100000 0.3175
0.8225 100288 100000 0.3225
0.8275 100288 100000 0.3275
0.8325 100288 100000 0.3325
0.8375 100288 100000 0.3375
0.8425 100288 100000 0.3425
0.8475 100288 100000 0.3475
0.8525 100288 100000 0.3525
0.8575 100288 100000 0.3575
0.8625 100288 100000 0.3625
0.8675 100288 100000 0.3675
0.8725 100288 100000 0.3725
0.8775 100288 100000 0.3775
0.8825 100288 100000 0.3825
0.8875 100288 100000 0.3875
0.8925 100288 100000 0.3925
0.8975 100288 100000 0.3975
0.9025 100288 100000 0.4025
0.9075 100288 100000 0.4075
0.9125 100288 100000 0.4125
0.9175 100288 100000 0.4175
0.9225 100288 100000 0.4225
0.9275 100288 100000 0.4275
0.9325 100288 100000 0.4325
0.9375 100288 100000 0.4375
0.9425 100288 100000 0.4425
0.9475 100288 100000 0.4475
0.9525 100288 100000 0.4525
0.9575 100288 100000 0.4575
0.9625 100288 100000 0.4625
0.9675 100288 100000 0.4675
0.9725 100288 100000 0.4725
0.9775 100288 100000 0.4775
0.9825 100288 100000 0.4825
0.9875 100288 100000 0.4875
0.9925 100288 100000 0.4925
0.9975 100288 100000 0.4975
