0.0025 0.4 0.0035942 -0.494965
0.0075 0.4 0.0035942 -0.489965
0.0125 0.4 0.0035942 -0.484965
0.0175 0.4 0.0035942 -0.479965
0.0225 0.4 0.0035942 -0.474965
0.0275 0.4 0.0035942 -0.469965
0.0325 0.4 0.0035942 -0.464965
0.0375 0.4 0.0035942 -0.459965
0.0425 0.4 0.0035942 -0.454965
0.0475 0.4 0.0035942 -0.449965
0.0525 0.4 0.0035942 -0.444965
0.0575 0.4 0.0035942 -0.439965
0.0625 0.4 0.0035942 -0.434965
0.0675 0.4 0.0035942 -0.429965
0.0725 0.4 0.0035942 -0.424965
0.0775 0.4 0.0035942 -0.419965
0.0825 0.4 0.0035942 -0.414965
0.0875 0.4 0.0035942 -0.409965
0.0925 0.4 0.0035942 -0.404965
0.0975 0.399999 0.0035942 -0.399965
0.1025 0.399997 0.0035942 -0.394965
0.1075 0.399984 0.0035942 -0.389965
0.1125 0.399942 0.0035942 -0.384965
0.1175 0.39982 0.0035942 -0.379965
0.1225 0.399513 0.0035942 -0.374966
0.1275 0.398842 0.0035942 -0.369966
0.1325 0.397543 0.0035942 -0.364968
0.1375 0.395295 0.0035942 -0.35997
0.1425 0.391771 0.0035942 -0.354974
0.1475 0.386711 0.0035942 -0.349981
0.1525 0.379975 0.0035942 -0.344991
0.1575 0.371568 0.0035942 -0.340004
0.1625 0.36162 0.0035942 -0.33502
0.1675 0.350353 0.0035942 -0.330039
0.1725 0.33803 0.0035942 -0.325061
0.1775 0.324927 0.0035942 -0.320086
0.1825 0.311298 0.0035942 -0.315113
0.1875 0.297368 0.0035942 -0.310142
0.1925 0.283328 0.0035942 -0.305172
0.1975 0.26933 0.0035942 -0.300204
0.2025 0.255496 0.0035942 -0.295237
0.2075 0.24192 0.0035942 -0.290272
0.2125 0.228673 0.0035942 -0.285307
0.2175 0.21581 0.0035942 -0.280343
0.2225 0.203366 0.0035942 -0.275379
0.2275 0.19137 0.0035942 -0.270416
0.2325 0.179837 0.0035942 -0.265454
0.2375 0.168778 0.0035942 -0.260492
0.2425 0.158196 0.0035942 -0.255531
0.2475 0.14809 0.0035942 -0.25057
0.2525 0.138458 0.0035942 -0.24561
0.2575 0.129293 0.0035942 -0.24065
0.2625 0.120585 0.0035942 -0.23569
0.2675 0.112325 0.0035942 -0.230731
0.2725 0.104501 0.0035942 -0.225772
0.2775 0.0971016 0.0035942 -0.220814
0.2825 0.090113 0.0035942 -0.215855
0.2875 0.0835219 0.0035942 -0.210898
0.2925 0.0773145 0.0035942 -0.20594
0.2975 0.0714768 0.0035942 -0.200983
0.3025 0.0659945 0.0035942 -0.196027
0.3075 0.0608532 0.0035942 -0.19107
0.3125 0.0560388 0.0035942 -0.186114
0.3175 0.051537 0.0035942 -0.181159
0.3225 0.0473337 0.0035942 -0.176204
0.3275 0.0434148 0.0035942 -0.171249
0.3325 0.0397665 0.0035942 -0.166295
0.3375 0.0363753 0.0035942 -0.161341
0.3425 0.0332277 0.0035942 -0.156388
0.3475 0.0303107 0.0035942 -0.151435
0.3525 0.0276116 0.0035942 -0.146482
0.3575 0.0251179 0.0035942 -0.14153
0.3625 0.0228175 0.0035942 -0.136579
0.3675 0.0206988 0.0035942 -0.131628
0.3725 0.0187504 0.0035942 -0.126677
0.3775 0.0169616 0.0035942 -0.121727
0.3825 0.0153219 0.0035942 -0.116778
0.3875 0.0138216 0.0035942 -0.111829
0.3925 0.0124512 0.0035942 -0.10688
0.3975 0.0112013 0.0035942 -0.101932
0.4025 0.0100635 0.0035942 -0.0969848
0.4075 0.00902966 0.0035942 -0.0920379
0.4125 0.00809237 0.0035942 -0.0870914
0.4175 0.00724466 0.0035942 -0.0821453
0.4225 0.0064802 0.0035942 -0.0771995
0.4275 0.00579334 0.0035942 -0.072254
0.4325 0.00517926 0.0035942 -0.0673084
0.4375 0.0046341 0.0035942 -0.0623624
0.4425 0.00415533 0.0035942 -0.0574155
0.4475 0.00374206 0.0035942 -0.0524668
0.4525 0.00339541 0.0035942 -0.0475148
0.4575 0.00311887 0.0035942 -0.0425575
0.4625 0.00291697 0.0035942 -0.0375924
0.4675 0.00279113 0.0035942 -0.032617
0.4725 0.00273619 0.0035942 -0.0276304
0.4775 0.00274656 0.0035942 -0.022633
0.4825 0.00283293 0.0035942 -0.0176225
0.4875 0.00301303 0.0035942 -0.012595
0.4925 0.00325553 0.0035942 -0.00755606
0.4975 0.00347901 0.0035942 -0.00218824
0.5025 0.0035942 0.00360224 0.00610477
0.5075 0.0035942 0.00363419 0.0075031
0.5125 0.0035942 0.0036321 0.0125038
0.5175 0.0035942 0.00361933 0.017505
0.5225 0.0035942 0.00358948 0.0225081
0.5275 0.0035942 0.00353892 0.0275134
0.5325 0.0035942 0.0034806 0.032519
0.5375 0.0035942 0.00345148 0.0375196
0.5425 0.0035942 0.00349789 0.042509
0.5475 0.0035942 0.00364885 0.0474849
0.5525 0.0035942 0.00390773 0.0524489
0.5575 0.0035942 0.00426441 0.0574049
0.5625 0.0035942 0.00470777 0.0623559
0.5675 0.0035942 0.00523081 0.0673043
0.5725 0.0035942 0.0058309 0.0722513
0.5775 0.0035942 0.00650868 0.0771977
0.5825 0.0035942 0.0072671 0.082144
0.5875 0.0035942 0.00811067 0.0870904
0.5925 0.0035942 0.00904501 0.0920371
0.5975 0.0035942 0.0100766 0.0969842
0.6025 0.0035942 0.0112128 0.101932
0.6075 0.0035942 0.0124614 0.10688
0.6125 0.0035942 0.0138308 0.111828
0.6175 0.0035942 0.0153301 0.116777
0.6225 0.0035942 0.0169691 0.121727
0.6275 0.0035942 0.0187572 0.126677
0.6325 0.0035942 0.0207049 0.131628
0.6375 0.0035942 0.0228231 0.136579
0.6425 0.0035942 0.0251229 0.14153
0.6475 0.0035942 0.0276161 0.146482
0.6525 0.0035942 0.0303148 0.151435
0.6575 0.0035942 0.0332313 0.156388
0.6625 0.0035942 0.0363785 0.161341
0.6675 0.0035942 0.0397693 0.166295
0.6725 0.0035942 0.0434172 0.171249
0.6775 0.0035942 0.0473358 0.176204
0.6825 0.0035942 0.0515388 0.181159
0.6875 0.0035942 0.0560403 0.186114
0.6925 0.0035942 0.0608545 0.19107
0.6975 0.0035942 0.0659954 0.196027
0.7025 0.0035942 0.0714775 0.200983
0.7075 0.0035942 0.077315 0.20594
0.7125 0.0035942 0.0835222 0.210898
0.7175 0.0035942 0.0901131 0.215855
0.7225 0.0035942 0.0971016 0.220814
0.7275 0.0035942 0.104501 0.225772
0.7325 0.0035942 0.112325 0.230731
0.7375 0.0035942 0.120585 0.23569
0.7425 0.0035942 0.129292 0.24065
0.7475 0.0035942 0.138458 0.24561
0.7525 0.0035942 0.14809 0.25057
0.7575 0.0035942 0.158195 0.255531
0.7625 0.0035942 0.168777 0.260492
0.7675 0.0035942 0.179837 0.265454
0.7725 0.0035942 0.191369 0.270416
0.7775 0.0035942 0.203366 0.275379
0.7825 0.0035942 0.215809 0.280343
0.7875 0.0035942 0.228673 0.285307
0.7925 0.0035942 0.241919 0.290272
0.7975 0.0035942 0.255495 0.295237
0.8025 0.0035942 0.269329 0.300204
0.8075 0.0035942 0.283328 0.305172
0.8125 0.0035942 0.297368 0.310142
0.8175 0.0035942 0.311298 0.315113
0.8225 0.0035942 0.324926 0.320086
0.8275 0.0035942 0.33803 0.325061
0.8325 0.0035942 0.350352 0.330039
0.8375 0.0035942 0.36162 0.33502
0.8425 0.0035942 0.371568 0.340004
0.8475 0.0035942 0.379975 0.344991
0.8525 0.0035942 0.386711 0.349981
0.8575 0.0035942 0.391771 0.354974
0.8625 0.0035942 0.395295 0.35997
0.8675 0.0035942 0.397543 0.364968
0.8725 0.0035942 0.398842 0.369966
0.8775 0.0035942 0.399513 0.374966
0.8825 0.0035942 0.39982 0.379965
0.8875 0.0035942 0.399942 0.384965
0.8925 0.0035942 0.399984 0.389965
0.8975 0.0035942 0.399997 0.394965
0.9025 0.0035942 0.399999 0.399965
0.9075 0.0035942 0.4 0.404965
0.9125 0.0035942 0.4 0.409965
0.9175 0.0035942 0.4 0.414965
0.9225 0.0035942 0.4 0.419965
0.9275 0.0035942 0.4 0.424965
0.9325 0.0035942 0.4 0.429965
0.9375 0.0035942 0.4 0.434965
0.9425 0.0035942 0.4 0.439965
0.9475 0.0035942 0.4 0.444965
0.9525 0.0035942 0.4 0.449965
0.9575 0.0035942 0.4 0.454965
0.9625 0.0035942 0.4 0.459965
0.9675 0.0035942 0.4 0.464965
0.9725 0.0035942 0.4 0.469965
0.9775 0.0035942 0.4 0.474965
0.9825 0.0035942 0.4 0.479965
0.9875 0.0035942 0.4 0.484965
0.9925 0.0035942 0.4 0.489965
0.9975 0.0035942 0.4 0.494965
