0.0025 149974 116966 -0.4975
0.0075 149975 116966 -0.492529
0.0125 149975 116966 -0.487529
0.0175 149976 116966 -0.482529
0.0225 149976 116966 -0.477529
0.0275 149977 116966 -0.472529
0.0325 149977 116966 -0.467529
0.0375 149977 116966 -0.462529
0.0425 149978 116966 -0.457529
0.0475 149978 116966 -0.452529
0.0525 149979 116966 -0.447529
0.0575 149979 116966 -0.442529
0.0625 149979 116966 -0.437529
0.0675 149980 116966 -0.432529
0.0725 149980 116966 -0.427529
0.0775 149980 116966 -0.422529
0.0825 149981 116966 -0.417529
0.0875 149981 116966 -0.412529
0.0925 149981 116966 -0.407529
0.0975 149982 116966 -0.402529
0.1025 149982 116966 -0.397529
0.1075 149982 116966 -0.392529
0.1125 149982 116966 -0.387529
0.1175 149983 116966 -0.382529
0.1225 149983 116966 -0.377529
0.1275 149983 116966 -0.372529
0.1325 149983 116966 -0.367529
0.1375 149983 116966 -0.362529
0.1425 149984 116966 -0.357529
0.1475 149984 116966 -0.352529
0.1525 149984 116966 -0.347529
0.1575 149984 116966 -0.342529
0.1625 149985 116966 -0.337529
0.1675 149985 116966 -0.332529
0.1725 149985 116966 -0.327529
0.1775 149985 116966 -0.322529
0.1825 149985 116966 -0.317529
0.1875 149985 116966 -0.312529
0.1925 149986 116966 -0.307529
0.1975 149986 116966 -0.302529
0.2025 149986 116966 -0.297529
0.2075 149986 116966 -0.292529
0.2125 149986 116966 -0.287529
0.2175 149986 116966 -0.282529
0.2225 149987 116966 -0.277529
0.2275 149987 116966 -0.272529
0.2325 149987 116966 -0.267529
0.2375 149987 116966 -0.262529
0.2425 149987 116966 -0.257529
0.2475 149987 116966 -0.252529
0.2525 149987 116966 -0.247529
0.2575 149988 116966 -0.242529
0.2625 149988 116966 -0.237529
0.2675 149988 116966 -0.232529
0.2725 149988 116966 -0.227529
0.2775 149988 116966 -0.222529
0.2825 149988 116966 -0.217529
0.2875 149988 116966 -0.212529
0.2925 149988 116966 -0.207529
0.2975 149988 116966 -0.202529
0.3025 149989 116966 -0.197529
0.3075 149989 116966 -0.192529
0.3125 149989 116966 -0.187529
0.3175 149989 116966 -0.182529
0.3225 149989 116966 -0.177529
0.3275 149989 116966 -0.172529
0.3325 149989 116966 -0.167529
0.3375 149989 116966 -0.162529
0.3425 149989 116966 -0.157529
0.3475 149989 116966 -0.152529
0.3525 149989 116966 -0.147529
0.3575 149990 116966 -0.142529
0.3625 149990 116966 -0.137529
0.3675 149990 116966 -0.132529
0.3725 149990 116966 -0.127529
0.3775 149990 116966 -0.122529
0.3825 149990 116966 -0.117529
0.3875 149990 116966 -0.112529
0.3925 149989 116966 -0.107529
0.3975 149988 116966 -0.102529
0.4025 149987 116966 -0.0975287
0.4075 149983 116966 -0.0925287
0.4125 149978 116966 -0.0875287
0.4175 149968 116966 -0.0825287
0.4225 149951 116966 -0.0775287
0.4275 149923 116966 -0.0725287
0.4325 149876 116966 -0.0675286
0.4375 149798 116966 -0.0625286
0.4425 149670 116966 -0.0575286
0.4475 149464 116966 -0.0525285
0.4525 149133 116966 -0.0475284
0.4575 148610 116966 -0.0425282
0.4625 147793 116966 -0.0375279
0.4675 146539 116966 -0.0325276
0.4725 144659 116966 -0.027527
0.4775 141919 116966 -0.0225263
0.4825 138085 116966 -0.0175253
0.4875 132991 116966 -0.012524
0.4925 126655 116966 -0.00752249
0.4975 119384 116966 -0.00454646
0.5025 116966 114121 0.000115459
0.5075 116966 111844 0.00747263
0.5125 116966 110579 0.012483
0.5175 116966 109489 0.0174846
0.5225 116966 108438 0.0224863
0.5275 116966 107428 0.0274879
0.5325 116966 106472 0.0324894
0.5375 116966 105584 0.0374908
0.5425 116966 104772 0.0424922
0.5475 116966 104043 0.0474933
0.5525 116966 103398 0.0524944
0.5575 116966 102835 0.0574953
0.5625 116966 102350 0.0624961
0.5675 116966 101936 0.0674968
0.5725 116966 101588 0.0724974
0.5775 116966 101296 0.0774978
0.5825 116966 101054 0.0824982
0.5875 116966 100854 0.0874986
0.5925 116966 100689 0.0924989
0.5975 116966 100555 0.0974991
0.6025 116966 100446 0.102499
0.6075 116966 100357 0.107499
0.6125 116966 100285 0.1125
0.6175 116966 100228 0.1175
0.6225 116966 100181 0.1225
0.6275 116966 100144 0.1275
0.6325 116966 100114 0.1325
0.6375 116966 100090 0.1375
0.6425 116966 100071 0.1425
0.6475 116966 100056 0.1475
0.6525 116966 100044 0.1525
0.6575 116966 100034 0.1575
0.6625 116966 100027 0.1625
0.6675 116966 100021 0.1675
0.6725 116966 100016 0.1725
0.6775 116966 100013 0.1775
0.6825 116966 100010 0.1825
0.6875 116966 100008 0.1875
0.6925 116966 100006 0.1925
0.6975 116966 100004 0.1975
0.7025 116966 100003 0.2025
0.7075 116966 100003 0.2075
0.7125 116966 100002 0.2125
0.7175 116966 100001 0.2175
0.7225 116966 100001 0.2225
0.7275 116966 100001 0.2275
0.7325 116966 100001 0.2325
0.7375 116966 100000 0.2375
0.7425 116966 100000 0.2425
0.7475 116966 100000 0.2475
0.7525 116966 100000 0.2525
0.7575 116966 100000 0.2575
0.7625 116966 100000 0.2625
0.7675 116966 100000 0.2675
0.7725 116966 100000 0.2725
0.7775 116966 100000 0.2775
0.7825 116966 100000 0.2825
0.7875 116966 100000 0.2875
0.7925 116966 100000 0.2925
0.7975 116966 100000 0.2975
0.8025 116966 100000 0.3025
0.8075 116966 100000 0.3075
0.8125 116966 100000 0.3125
0.8175 116966 100000 0.3175
0.8225 116966 100000 0.3225
0.8275 116966 100000 0.3275
0.8325 116966 100000 0.3325
0.8375 116966 100000 0.3375
0.8425 116966 100000 0.3425
0.8475 116966 100000 0.3475
0.8525 116966 100000 0.3525
0.8575 116966 100000 0.3575
0.8625 116966 100000 0.3625
0.8675 116966 100000 0.3675
0.8725 116966 100000 0.3725
0.8775 116966 100000 0.3775
0.8825 116966 100000 0.3825
0.8875 116966 100000 0.3875
0.8925 116966 100000 0.3925
0.8975 116966 100000 0.3975
0.9025 116966 100000 0.4025
0.9075 116966 100000 0.4075
0.9125 116966 100000 0.4125
0.9175 116966 100000 0.4175
0.9225 116966 100000 0.4225
0.9275 116966 100000 0.4275
0.9325 116966 100000 0.4325
0.9375 116966 100000 0.4375
0.9425 116966 100000 0.4425
0.9475 116966 100000 0.4475
0.9525 116966 100000 0.4525
0.9575 116966 100000 0.4575
0.9625 116966 100000 0.4625
0.9675 116966 100000 0.4675
0.9725 116966 100000 0.4725
0.9775 116966 100000 0.4775
0.9825 116966 100000 0.4825
0.9875 116966 100000 0.4875
0.9925 116966 100000 0.4925
0.9975 116966 100000 0.4975
