0.0025 0.4 0.00361316 -0.494965
0.0075 0.4 0.00361316 -0.489965
0.0125 0.4 0.00361316 -0.484965
0.0175 0.4 0.00361316 -0.479965
0.0225 0.4 0.00361316 -0.474965
0.0275 0.4 0.00361316 -0.469965
0.0325 0.4 0.00361316 -0.464965
0.0375 0.4 0.00361316 -0.459965
0.0425 0.4 0.00361316 -0.454965
0.0475 0.4 0.00361316 -0.449965
0.0525 0.4 0.00361316 -0.444965
0.0575 0.4 0.00361316 -0.439965
0.0625 0.4 0.00361316 -0.434965
0.0675 0.399999 0.00361316 -0.429965
0.0725 0.399996 0.00361316 -0.424965
0.0775 0.399983 0.00361316 -0.419965
0.0825 0.399942 0.00361316 -0.414965
0.0875 0.399829 0.00361316 -0.409965
0.0925 0.399556 0.00361316 -0.404966
0.0975 0.398977 0.00361316 -0.399966
0.1025 0.397874 0.00361316 -0.394967
0.1075 0.395979 0.00361316 -0.389969
0.1125 0.393008 0.00361316 -0.384973
0.1175 0.38872 0.00361316 -0.379979
0.1225 0.38296 0.00361316 -0.374987
0.1275 0.375692 0.00361316 -0.369998
0.1325 0.366988 0.00361316 -0.365012
0.1375 0.357008 0.00361316 -0.360028
0.1425 0.345964 0.00361316 -0.355048
0.1475 0.334089 0.00361316 -0.35007
0.1525 0.32161 0.00361316 -0.345093
0.1575 0.308734 0.00361316 -0.340119
0.1625 0.295643 0.00361316 -0.335147
0.1675 0.282486 0.00361316 -0.330175
0.1725 0.269387 0.00361316 -0.325206
0.1775 0.256443 0.00361316 -0.320237
0.1825 0.243731 0.00361316 -0.315268
0.1875 0.231308 0.00361316 -0.310301
0.1925 0.21922 0.00361316 -0.305334
0.1975 0.207497 0.00361316 -0.300368
0.2025 0.196163 0.00361316 -0.295403
0.2075 0.185233 0.00361316 -0.290438
0.2125 0.174715 0.00361316 -0.285473
0.2175 0.164614 0.00361316 -0.280509
0.2225 0.15493 0.00361316 -0.275545
0.2275 0.145663 0.00361316 -0.270582
0.2325 0.136806 0.00361316 -0.265618
0.2375 0.128353 0.00361316 -0.260656
0.2425 0.120298 0.00361316 -0.255693
0.2475 0.11263 0.00361316 -0.250731
0.2525 0.105341 0.00361316 -0.245769
0.2575 0.0984206 0.00361316 -0.240807
0.2625 0.0918573 0.00361316 -0.235846
0.2675 0.0856403 0.00361316 -0.230885
0.2725 0.0797585 0.00361316 -0.225924
0.2775 0.0742004 0.00361316 -0.220964
0.2825 0.0689544 0.00361316 -0.216004
0.2875 0.0640089 0.00361316 -0.211044
0.2925 0.0593523 0.00361316 -0.206085
0.2975 0.0549733 0.00361316 -0.201126
0.3025 0.0508601 0.00361316 -0.196167
0.3075 0.0470016 0.00361316 -0.191208
0.3125 0.0433865 0.00361316 -0.18625
0.3175 0.0400037 0.00361316 -0.181292
0.3225 0.0368424 0.00361316 -0.176335
0.3275 0.0338917 0.00361316 -0.171378
0.3325 0.0311413 0.00361316 -0.166421
0.3375 0.0285809 0.00361316 -0.161464
0.3425 0.0262005 0.00361316 -0.156508
0.3475 0.0239902 0.00361316 -0.151553
0.3525 0.0219408 0.00361316 -0.146598
0.3575 0.0200429 0.00361316 -0.141643
0.3625 0.0182877 0.00361316 -0.136688
0.3675 0.0166668 0.00361316 -0.131734
0.3725 0.0151718 0.00361316 -0.126781
0.3775 0.0137951 0.00361316 -0.121827
0.3825 0.0125292 0.00361316 -0.116875
0.3875 0.0113667 0.00361316 -0.111922
0.3925 0.0103007 0.00361316 -0.10697
0.3975 0.00932469 0.00361316 -0.102019
0.4025 0.00843269 0.00361316 -0.0970677
0.4075 0.00761898 0.00361316 -0.0921169
0.4125 0.0068783 0.00361316 -0.0871664
0.4175 0.00620586 0.00361316 -0.0822162
0.4225 0.00559739 0.00361316 -0.077266
0.4275 0.00504924 0.00361316 -0.0723158
0.4325 0.00455851 0.00361316 -0.0673652
0.4375 0.0041233 0.00361316 -0.0624138
0.4425 0.00374297 0.00361316 -0.0574609
0.4475 0.00341838 0.00361316 -0.0525054
0.4525 0.0031523 0.00361316 -0.0475458
0.4575 0.00294911 0.00361316 -0.04258
0.4625 0.00281297 0.00361316 -0.0376058
0.4675 0.00274642 0.00361316 -0.0326213
0.4725 0.00275314 0.00361316 -0.0276249
0.4775 0.00284369 0.00361316 -0.0226145
0.4825 0.0030226 0.00361316 -0.0175887
0.4875 0.00324853 0.00361316 -0.0125536
0.4925 0.00344308 0.00361316 -0.00752293
0.4975 0.00356694 0.00361316 -0.00227795
0.5025 0.00361316 0.00361922 0.00610335
0.5075 0.00361316 0.00363115 0.00750324
0.5125 0.00361316 0.00362909 0.0125028
0.5175 0.00361316 0.00362078 0.0175028
0.5225 0.00361316 0.00360185 0.0225037
0.5275 0.00361316 0.00356725 0.0275064
0.5325 0.00361316 0.00351761 0.0325108
0.5375 0.00361316 0.00346939 0.0375143
0.5425 0.00361316 0.00345658 0.0425123
0.5475 0.00361316 0.00351547 0.0475001
0.5525 0.00361316 0.00366599 0.0524765
0.5575 0.00361316 0.00390877 0.0574431
0.5625 0.00361316 0.00423498 0.0624028
0.5675 0.00361316 0.00463531 0.0673583
0.5725 0.00361316 0.00510364 0.0723114
0.5775 0.00361316 0.00563726 0.0772631
0.5825 0.00361316 0.00623612 0.0822141
0.5875 0.00361316 0.00690206 0.087165
0.5925 0.00361316 0.00763824 0.0921159
0.5975 0.00361316 0.00844874 0.0970669
0.6025 0.00361316 0.00933838 0.102018
0.6075 0.00361316 0.0103126 0.10697
0.6125 0.00361316 0.0113772 0.111922
0.6175 0.00361316 0.0125386 0.116874
0.6225 0.00361316 0.0138036 0.121827
0.6275 0.00361316 0.0151795 0.12678
0.6325 0.00361316 0.0166738 0.131734
0.6375 0.00361316 0.0182942 0.136688
0.6425 0.00361316 0.0200488 0.141643
0.6475 0.00361316 0.0219461 0.146597
0.6525 0.00361316 0.0239951 0.151553
0.6575 0.00361316 0.0262049 0.156508
0.6625 0.00361316 0.028585 0.161464
0.6675 0.00361316 0.031145 0.166421
0.6725 0.00361316 0.033895 0.171378
0.6775 0.00361316 0.0368453 0.176335
0.6825 0.00361316 0.0400064 0.181292
0.6875 0.00361316 0.0433888 0.18625
0.6925 0.00361316 0.0470036 0.191208
0.6975 0.00361316 0.0508619 0.196167
0.7025 0.00361316 0.0549747 0.201126
0.7075 0.00361316 0.0593536 0.206085
0.7125 0.00361316 0.0640099 0.211044
0.7175 0.00361316 0.0689551 0.216004
0.7225 0.00361316 0.074201 0.220964
0.7275 0.00361316 0.0797589 0.225924
0.7325 0.00361316 0.0856406 0.230885
0.7375 0.00361316 0.0918574 0.235846
0.7425 0.00361316 0.0984206 0.240807
0.7475 0.00361316 0.105341 0.245769
0.7525 0.00361316 0.11263 0.250731
0.7575 0.00361316 0.120298 0.255693
0.7625 0.00361316 0.128353 0.260656
0.7675 0.00361316 0.136805 0.265619
0.7725 0.00361316 0.145662 0.270582
0.7775 0.00361316 0.15493 0.275545
0.7825 0.00361316 0.164613 0.280509
0.7875 0.00361316 0.174714 0.285473
0.7925 0.00361316 0.185232 0.290438
0.7975 0.00361316 0.196163 0.295403
0.8025 0.00361316 0.207497 0.300368
0.8075 0.00361316 0.219219 0.305334
0.8125 0.00361316 0.231308 0.310301
0.8175 0.00361316 0.24373 0.315268
0.8225 0.00361316 0.256443 0.320237
0.8275 0.00361316 0.269386 0.325206
0.8325 0.00361316 0.282486 0.330175
0.8375 0.00361316 0.295642 0.335147
0.8425 0.00361316 0.308734 0.340119
0.8475 0.00361316 0.321609 0.345093
0.8525 0.00361316 0.334089 0.35007
0.8575 0.00361316 0.345964 0.355048
0.8625 0.00361316 0.357008 0.360028
0.8675 0.00361316 0.366988 0.365012
0.8725 0.00361316 0.375692 0.369998
0.8775 0.00361316 0.38296 0.374987
0.8825 0.00361316 0.38872 0.379979
0.8875 0.00361316 0.393008 0.384973
0.8925 0.00361316 0.395979 0.389969
0.8975 0.00361316 0.397874 0.394967
0.9025 0.00361316 0.398977 0.399966
0.9075 0.00361316 0.399556 0.404966
0.9125 0.00361316 0.399829 0.409965
0.9175 0.00361316 0.399942 0.414965
0.9225 0.00361316 0.399983 0.419965
0.9275 0.00361316 0.399996 0.424965
0.9325 0.00361316 0.399999 0.429965
0.9375 0.00361316 0.4 0.434965
0.9425 0.00361316 0.4 0.439965
0.9475 0.00361316 0.4 0.444965
0.9525 0.00361316 0.4 0.449965
0.9575 0.00361316 0.4 0.454965
0.9625 0.00361316 0.4 0.459965
0.9675 0.00361316 0.4 0.464965
0.9725 0.00361316 0.4 0.469965
0.9775 0.00361316 0.4 0.474965
0.9825 0.00361316 0.4 0.479965
0.9875 0.00361316 0.4 0.484965
0.9925 0.00361316 0.4 0.489965
0.9975 0.00361316 0.4 0.494965
