0.0025 149992 126864 -0.5125
0.0075 149992 126864 -0.507723
0.0125 149992 126864 -0.502723
0.0175 149992 126864 -0.497723
0.0225 149993 126864 -0.492723
0.0275 149993 126864 -0.487723
0.0325 149993 126864 -0.482723
0.0375 149993 126864 -0.477723
0.0425 149993 126864 -0.472723
0.0475 149993 126864 -0.467723
0.0525 149993 126864 -0.462723
0.0575 149993 126864 -0.457723
0.0625 149994 126864 -0.452723
0.0675 149994 126864 -0.447723
0.0725 149994 126864 -0.442723
0.0775 149994 126864 -0.437723
0.0825 149994 126864 -0.432723
0.0875 149994 126864 -0.427723
0.0925 149994 126864 -0.422723
0.0975 149994 126864 -0.417723
0.1025 149994 126864 -0.412723
0.1075 149994 126864 -0.407723
0.1125 149994 126864 -0.402723
0.1175 149994 126864 -0.397723
0.1225 149994 126864 -0.392723
0.1275 149994 126864 -0.387723
0.1325 149994 126864 -0.382723
0.1375 149994 126864 -0.377723
0.1425 149995 126864 -0.372723
0.1475 149995 126864 -0.367723
0.1525 149995 126864 -0.362723
0.1575 149995 126864 -0.357723
0.1625 149994 126864 -0.352723
0.1675 149994 126864 -0.347723
0.1725 149994 126864 -0.342723
0.1775 149994 126864 -0.337723
0.1825 149994 126864 -0.332723
0.1875 149995 126864 -0.327723
0.1925 149995 126864 -0.322723
0.1975 149995 126864 -0.317723
0.2025 149995 126864 -0.312723
0.2075 149995 126864 -0.307723
0.2125 149995 126864 -0.302723
0.2175 149995 126864 -0.297723
0.2225 149995 126864 -0.292723
0.2275 149995 126864 -0.287723
0.2325 149995 126864 -0.282723
0.2375 149995 126864 -0.277723
0.2425 149995 126864 -0.272723
0.2475 149995 126864 -0.267723
0.2525 149995 126864 -0.262723
0.2575 149995 126864 -0.257723
0.2625 149995 126864 -0.252723
0.2675 149995 126864 -0.247723
0.2725 149995 126864 -0.242723
0.2775 149995 126864 -0.237723
0.2825 149995 126864 -0.232723
0.2875 149995 126864 -0.227723
0.2925 149995 126864 -0.222723
0.2975 149995 126864 -0.217723
0.3025 149995 126864 -0.212723
0.3075 149995 126864 -0.207723
0.3125 149995 126864 -0.202723
0.3175 149995 126864 -0.197723
0.3225 149995 126864 -0.192723
0.3275 149995 126864 -0.187723
0.3325 149995 126864 -0.182723
0.3375 149995 126864 -0.177723
0.3425 149995 126864 -0.172723
0.3475 149995 126864 -0.167723
0.3525 149996 126864 -0.162723
0.3575 149996 126864 -0.157723
0.3625 149996 126864 -0.152723
0.3675 149995 126864 -0.147723
0.3725 149995 126864 -0.142723
0.3775 149995 126864 -0.137723
0.3825 149995 126864 -0.132723
0.3875 149995 126864 -0.127723
0.3925 149995 126864 -0.122723
0.3975 149995 126864 -0.117723
0.4025 149995 126864 -0.112723
0.4075 149995 126864 -0.107723
0.4125 149995 126864 -0.102723
0.4175 149995 126864 -0.0977234
0.4225 149994 126864 -0.0927234
0.4275 149990 126864 -0.0877234
0.4325 149977 126864 -0.0827234
0.4375 149942 126864 -0.0777236
0.4425 149852 126864 -0.0727239
0.4475 149641 126864 -0.0677246
0.4525 149194 126864 -0.0627261
0.4575 148336 126864 -0.0577292
0.4625 146839 126864 -0.0527346
0.4675 144516 126864 -0.0477432
0.4725 141250 126864 -0.0427557
0.4775 136994 126864 -0.0377726
0.4825 133569 126937 -0.0327874
0.4875 131474 127891 -0.0277965
0.4925 130061 129556 -0.0228026
0.4975 129120 128678 -0.0178065
0.5025 128395 127586 -0.0128092
0.5075 127672 126673 -0.00781115
0.5125 127168 125973 -0.000692007
0.5175 126860 125680 0.00638784
0.5225 126864 125481 0.00745851
0.5275 126864 125355 0.0121963
0.5325 126864 125217 0.017198
0.5375 126864 125057 0.0222002
0.5425 126864 124805 0.0272031
0.5475 126864 124541 0.0322064
0.5525 126864 124225 0.0372101
0.5575 126864 123866 0.0422142
0.5625 126864 123481 0.0472186
0.5675 126864 123075 0.0522232
0.5725 126864 122665 0.0572276
0.5775 126864 122317 0.062231
0.5825 126864 122043 0.0672338
0.5875 126864 121798 0.0722365
0.5925 126864 121544 0.0772396
0.5975 126864 121211 0.0822441
0.6025 126864 120652 0.0872529
0.6075 126864 119627 0.0922678
0.6125 126864 117969 0.0972918
0.6175 126864 115491 0.102325
0.6225 126864 112257 0.107368
0.6275 126864 108351 0.112418
0.6325 126864 104264 0.117463
0.6375 126864 101661 0.122487
0.6425 126864 100582 0.127495
0.6475 126864 100210 0.132498
0.6525 126864 100076 0.137499
0.6575 126864 100026 0.1425
0.6625 126864 100009 0.1475
0.6675 126864 100003 0.1525
0.6725 126864 100001 0.1575
0.6775 126864 100000 0.1625
0.6825 126864 100000 0.1675
0.6875 126864 100000 0.1725
0.6925 126864 100000 0.1775
0.6975 126864 100000 0.1825
0.7025 126864 100000 0.1875
0.7075 126864 100000 0.1925
0.7125 126864 100000 0.1975
0.7175 126864 100000 0.2025
0.7225 126864 100000 0.2075
0.7275 126864 100000 0.2125
0.7325 126864 100000 0.2175
0.7375 126864 100000 0.2225
0.7425 126864 100000 0.2275
0.7475 126864 100000 0.2325
0.7525 126864 100000 0.2375
0.7575 126864 100000 0.2425
0.7625 126864 100000 0.2475
0.7675 126864 100000 0.2525
0.7725 126864 100000 0.2575
0.7775 126864 100000 0.2625
0.7825 126864 100000 0.2675
0.7875 126864 100000 0.2725
0.7925 126864 100000 0.2775
0.7975 126864 100000 0.2825
0.8025 126864 100000 0.2875
0.8075 126864 100000 0.2925
0.8125 126864 100000 0.2975
0.8175 126864 100000 0.3025
0.8225 126864 100000 0.3075
0.8275 126864 100000 0.3125
0.8325 126864 100000 0.3175
0.8375 126864 100000 0.3225
0.8425 126864 100000 0.3275
0.8475 126864 100000 0.3325
0.8525 126864 100000 0.3375
0.8575 126864 100000 0.3425
0.8625 126864 100000 0.3475
0.8675 126864 100000 0.3525
0.8725 126864 100000 0.3575
0.8775 126864 100000 0.3625
0.8825 126864 100000 0.3675
0.8875 126864 100000 0.3725
0.8925 126864 100000 0.3775
0.8975 126864 100000 0.3825
0.9025 126864 100000 0.3875
0.9075 126864 100000 0.3925
0.9125 126864 100000 0.3975
0.9175 126864 100000 0.4025
0.9225 126864 100000 0.4075
0.9275 126864 100000 0.4125
0.9325 126864 100000 0.4175
0.9375 126864 100000 0.4225
0.9425 126864 100000 0.4275
0.9475 126864 100000 0.4325
0.9525 126864 100000 0.4375
0.9575 126864 100000 0.4425
0.9625 126864 100000 0.4475
0.9675 126864 100000 0.4525
0.9725 126864 100000 0.4575
0.9775 126864 100000 0.4625
0.9825 126864 100000 0.4675
0.9875 126864 100000 0.4725
0.9925 126864 100000 0.4775
0.9975 126864 100000 0.4825
