0.0025 0.4 0.00361229 -0.494965
0.0075 0.4 0.00361229 -0.489965
0.0125 0.4 0.00361229 -0.484965
0.0175 0.4 0.00361229 -0.479965
0.0225 0.4 0.00361229 -0.474965
0.0275 0.4 0.00361229 -0.469965
0.0325 0.4 0.00361229 -0.464965
0.0375 0.399999 0.00361229 -0.459965
0.0425 0.399995 0.00361229 -0.454965
0.0475 0.399982 0.00361229 -0.449965
0.0525 0.399943 0.00361229 -0.444965
0.0575 0.399839 0.00361229 -0.439965
0.0625 0.399599 0.00361229 -0.434965
0.0675 0.399099 0.00361229 -0.429966
0.0725 0.398159 0.00361229 -0.424967
0.0775 0.396554 0.00361229 -0.419969
0.0825 0.394038 0.00361229 -0.414972
0.0875 0.390388 0.00361229 -0.409977
0.0925 0.385445 0.00361229 -0.404984
0.0975 0.379144 0.00361229 -0.399993
0.1025 0.371512 0.00361229 -0.395005
0.1075 0.362661 0.00361229 -0.390019
0.1125 0.352756 0.00361229 -0.385036
0.1175 0.341991 0.00361229 -0.380056
0.1225 0.330568 0.00361229 -0.375077
0.1275 0.318674 0.00361229 -0.3701
0.1325 0.30648 0.00361229 -0.365125
0.1375 0.294132 0.00361229 -0.360151
0.1425 0.281752 0.00361229 -0.355178
0.1475 0.269439 0.00361229 -0.350207
0.1525 0.257272 0.00361229 -0.345236
0.1575 0.245315 0.00361229 -0.340266
0.1625 0.233616 0.00361229 -0.335296
0.1675 0.222211 0.00361229 -0.330327
0.1725 0.211128 0.00361229 -0.325359
0.1775 0.200386 0.00361229 -0.320391
0.1825 0.189999 0.00361229 -0.315424
0.1875 0.179975 0.00361229 -0.310457
0.1925 0.170319 0.00361229 -0.30549
0.1975 0.161031 0.00361229 -0.300524
0.2025 0.152112 0.00361229 -0.295557
0.2075 0.143557 0.00361229 -0.290592
0.2125 0.135362 0.00361229 -0.285626
0.2175 0.127522 0.00361229 -0.280661
0.2225 0.120028 0.00361229 -0.275696
0.2275 0.112874 0.00361229 -0.270731
0.2325 0.106052 0.00361229 -0.265767
0.2375 0.0995525 0.00361229 -0.260802
0.2425 0.0933668 0.00361229 -0.255838
0.2475 0.0874857 0.00361229 -0.250875
0.2525 0.0818999 0.00361229 -0.245911
0.2575 0.0765999 0.00361229 -0.240948
0.2625 0.0715762 0.00361229 -0.235985
0.2675 0.0668193 0.00361229 -0.231022
0.2725 0.0623196 0.00361229 -0.226059
0.2775 0.0580675 0.00361229 -0.221097
0.2825 0.0540538 0.00361229 -0.216135
0.2875 0.0502691 0.00361229 -0.211173
0.2925 0.0467041 0.00361229 -0.206212
0.2975 0.0433496 0.00361229 -0.201251
0.3025 0.0401967 0.00361229 -0.19629
0.3075 0.0372365 0.00361229 -0.191329
0.3125 0.0344603 0.00361229 -0.186369
0.3175 0.0318596 0.00361229 -0.181409
0.3225 0.029426 0.00361229 -0.176449
0.3275 0.0271512 0.00361229 -0.17149
0.3325 0.0250275 0.00361229 -0.166531
0.3375 0.0230469 0.00361229 -0.161572
0.3425 0.0212019 0.00361229 -0.156614
0.3475 0.0194853 0.00361229 -0.151656
0.3525 0.0178899 0.00361229 -0.146698
0.3575 0.0164088 0.00361229 -0.14174
0.3625 0.0150356 0.00361229 -0.136783
0.3675 0.013764 0.00361229 -0.131826
0.3725 0.0125881 0.00361229 -0.12687
0.3775 0.0115017 0.00361229 -0.121914
0.3825 0.0104994 0.00361229 -0.116958
0.3875 0.0095758 0.00361229 -0.112003
0.3925 0.00872595 0.00361229 -0.107048
0.3975 0.00794515 0.00361229 -0.102093
0.4025 0.00722901 0.00361229 -0.0971384
0.4075 0.00657346 0.00361229 -0.0921842
0.4125 0.0059748 0.00361229 -0.08723
0.4175 0.00542974 0.00361229 -0.082276
0.4225 0.00493545 0.00361229 -0.0773218
0.4275 0.00448972 0.00361229 -0.0723673
0.4325 0.00409109 0.00361229 -0.067412
0.4375 0.00373906 0.00361229 -0.0624556
0.4425 0.00343438 0.00361229 -0.057497
0.4475 0.00317931 0.00361229 -0.0525352
0.4525 0.00297796 0.00361229 -0.0475684
0.4575 0.00283583 0.00361229 -0.0425946
0.4625 0.00275978 0.00361229 -0.0376114
0.4675 0.00275918 0.00361229 -0.0326164
0.4725 0.00284534 0.00361229 -0.0276071
0.4775 0.00301658 0.00361229 -0.0225835
0.4825 0.0032318 0.00361229 -0.017552
0.4875 0.00341986 0.00361229 -0.0125236
0.4925 0.00353766 0.00361229 -0.00750573
0.4975 0.00359614 0.00361229 -0.00227714
0.5025 0.00361229 0.00361714 0.00611076
0.5075 0.00361229 0.00362209 0.00750333
0.5125 0.00361229 0.00361996 0.0125022
0.5175 0.00361229 0.00361436 0.0175012
0.5225 0.00361229 0.0036019 0.0225009
0.5275 0.00361229 0.00357885 0.0275017
0.5325 0.00361229 0.00354217 0.0325041
0.5375 0.00361229 0.00349601 0.0375075
0.5425 0.00361229 0.00345852 0.0425092
0.5475 0.00361229 0.00345973 0.0475051
0.5525 0.00361229 0.0035278 0.052492
0.5575 0.00361229 0.00367639 0.0574691
0.5625 0.00361229 0.00390464 0.0624379
0.5675 0.00361229 0.00420491 0.0674009
0.5725 0.00361229 0.00456933 0.0723601
0.5775 0.00361229 0.00499254 0.0773171
0.5825 0.00361229 0.00547188 0.0822728
0.5875 0.00361229 0.00600687 0.0872278
0.5925 0.00361229 0.00659862 0.0921826
0.5975 0.00361229 0.00724932 0.0971373
0.6025 0.00361229 0.00796198 0.102092
0.6075 0.00361229 0.00874023 0.107047
0.6125 0.00361229 0.00958815 0.112002
0.6175 0.00361229 0.0105103 0.116958
0.6225 0.00361229 0.0115114 0.121914
0.6275 0.00361229 0.0125968 0.12687
0.6325 0.00361229 0.0137719 0.131826
0.6375 0.00361229 0.0150428 0.136783
0.6425 0.00361229 0.0164155 0.14174
0.6475 0.00361229 0.017896 0.146698
0.6525 0.00361229 0.0194909 0.151655
0.6575 0.00361229 0.0212071 0.156614
0.6625 0.00361229 0.0230516 0.161572
0.6675 0.00361229 0.0250318 0.166531
0.6725 0.00361229 0.0271552 0.17149
0.6775 0.00361229 0.0294296 0.176449
0.6825 0.00361229 0.0318629 0.181409
0.6875 0.00361229 0.0344633 0.186369
0.6925 0.00361229 0.0372392 0.191329
0.6975 0.00361229 0.0401991 0.19629
0.7025 0.00361229 0.0433518 0.201251
0.7075 0.00361229 0.046706 0.206212
0.7125 0.00361229 0.0502708 0.211173
0.7175 0.00361229 0.0540553 0.216135
0.7225 0.00361229 0.0580688 0.221097
0.7275 0.00361229 0.0623206 0.226059
0.7325 0.00361229 0.0668201 0.231022
0.7375 0.00361229 0.0715769 0.235985
0.7425 0.00361229 0.0766004 0.240948
0.7475 0.00361229 0.0819003 0.245911
0.7525 0.00361229 0.0874859 0.250875
0.7575 0.00361229 0.0933669 0.255838
0.7625 0.00361229 0.0995525 0.260802
0.7675 0.00361229 0.106052 0.265767
0.7725 0.00361229 0.112874 0.270731
0.7775 0.00361229 0.120028 0.275696
0.7825 0.00361229 0.127521 0.280661
0.7875 0.00361229 0.135362 0.285626
0.7925 0.00361229 0.143557 0.290592
0.7975 0.00361229 0.152111 0.295557
0.8025 0.00361229 0.161031 0.300524
0.8075 0.00361229 0.170318 0.30549
0.8125 0.00361229 0.179975 0.310457
0.8175 0.00361229 0.189999 0.315424
0.8225 0.00361229 0.200386 0.320391
0.8275 0.00361229 0.211128 0.325359
0.8325 0.00361229 0.222211 0.330327
0.8375 0.00361229 0.233616 0.335296
0.8425 0.00361229 0.245315 0.340266
0.8475 0.00361229 0.257272 0.345236
0.8525 0.00361229 0.269439 0.350207
0.8575 0.00361229 0.281752 0.355178
0.8625 0.00361229 0.294132 0.360151
0.8675 0.00361229 0.30648 0.365125
0.8725 0.00361229 0.318674 0.3701
0.8775 0.00361229 0.330568 0.375077
0.8825 0.00361229 0.341991 0.380056
0.8875 0.00361229 0.352756 0.385036
0.8925 0.00361229 0.362661 0.390019
0.8975 0.00361229 0.371512 0.395005
0.9025 0.00361229 0.379144 0.399993
0.9075 0.00361229 0.385445 0.404984
0.9125 0.00361229 0.390388 0.409977
0.9175 0.00361229 0.394038 0.414972
0.9225 0.00361229 0.396554 0.419969
0.9275 0.00361229 0.398159 0.424967
0.9325 0.00361229 0.399099 0.429966
0.9375 0.00361229 0.399599 0.434965
0.9425 0.00361229 0.399839 0.439965
0.9475 0.00361229 0.399943 0.444965
0.9525 0.00361229 0.399982 0.449965
0.9575 0.00361229 0.399995 0.454965
0.9625 0.00361229 0.399999 0.459965
0.9675 0.00361229 0.4 0.464965
0.9725 0.00361229 0.4 0.469965
0.9775 0.00361229 0.4 0.474965
0.9825 0.00361229 0.4 0.479965
0.9875 0.00361229 0.4 0.484965
0.9925 0.00361229 0.4 0.489965
0.9975 0.00361229 0.4 0.494965
