0.0025 149979 127121 -0.5225
0.0075 149979 127121 -0.517843
0.0125 149980 127121 -0.512843
0.0175 149980 127121 -0.507843
0.0225 149980 127121 -0.502843
0.0275 149981 127121 -0.497843
0.0325 149981 127121 -0.492843
0.0375 149981 127121 -0.487843
0.0425 149982 127121 -0.482843
0.0475 149982 127121 -0.477843
0.0525 149982 127121 -0.472843
0.0575 149982 127121 -0.467843
0.0625 149983 127121 -0.462843
0.0675 149983 127121 -0.457843
0.0725 149983 127121 -0.452843
0.0775 149983 127121 -0.447843
0.0825 149984 127121 -0.442843
0.0875 149984 127121 -0.437843
0.0925 149984 127121 -0.432843
0.0975 149984 127121 -0.427843
0.1025 149984 127121 -0.422843
0.1075 149985 127121 -0.417843
0.1125 149985 127121 -0.412843
0.1175 149985 127121 -0.407843
0.1225 149985 127121 -0.402843
0.1275 149985 127121 -0.397843
0.1325 149986 127121 -0.392843
0.1375 149986 127121 -0.387843
0.1425 149986 127121 -0.382843
0.1475 149986 127121 -0.377843
0.1525 149986 127121 -0.372843
0.1575 149986 127121 -0.367843
0.1625 149986 127121 -0.362843
0.1675 149987 127121 -0.357843
0.1725 149987 127121 -0.352843
0.1775 149987 127121 -0.347843
0.1825 149987 127121 -0.342843
0.1875 149987 127121 -0.337843
0.1925 149987 127121 -0.332843
0.1975 149987 127121 -0.327843
0.2025 149988 127121 -0.322843
0.2075 149988 127121 -0.317843
0.2125 149988 127121 -0.312843
0.2175 149988 127121 -0.307843
0.2225 149988 127121 -0.302843
0.2275 149988 127121 -0.297843
0.2325 149988 127121 -0.292843
0.2375 149988 127121 -0.287843
0.2425 149989 127121 -0.282843
0.2475 149989 127121 -0.277843
0.2525 149989 127121 -0.272843
0.2575 149989 127121 -0.267843
0.2625 149989 127121 -0.262843
0.2675 149989 127121 -0.257843
0.2725 149989 127121 -0.252843
0.2775 149989 127121 -0.247843
0.2825 149989 127121 -0.242843
0.2875 149989 127121 -0.237843
0.2925 149989 127121 -0.232843
0.2975 149990 127121 -0.227843
0.3025 149990 127121 -0.222843
0.3075 149990 127121 -0.217843
0.3125 149990 127121 -0.212843
0.3175 149990 127121 -0.207843
0.3225 149990 127121 -0.202843
0.3275 149990 127121 -0.197843
0.3325 149990 127121 -0.192843
0.3375 149990 127121 -0.187843
0.3425 149989 127121 -0.182843
0.3475 149989 127121 -0.177843
0.3525 149987 127121 -0.172843
0.3575 149984 127121 -0.167843
0.3625 149979 127121 -0.162843
0.3675 149970 127121 -0.157843
0.3725 149954 127121 -0.152843
0.3775 149927 127121 -0.147843
0.3825 149882 127121 -0.142844
0.3875 149810 127121 -0.137844
0.3925 149696 127121 -0.132845
0.3975 149523 127121 -0.127846
0.4025 149269 127121 -0.122847
0.4075 148908 127121 -0.117849
0.4125 148414 127121 -0.112852
0.4175 147762 127121 -0.107855
0.4225 146935 127121 -0.10286
0.4275 145924 127121 -0.0978659
0.4325 144735 127121 -0.0928728
0.4375 143390 127121 -0.0878807
0.4425 141923 127121 -0.0828895
0.4475 140379 127121 -0.077899
0.4525 138809 127121 -0.0729087
0.4575 137263 127121 -0.0679184
0.4625 135783 127121 -0.0629278
0.4675 134401 127121 -0.0579366
0.4725 133134 127601 -0.0529449
0.4775 131994 130055 -0.0479523
0.4825 130989 130280 -0.042959
0.4875 130123 129652 -0.0379648
0.4925 129403 128999 -0.0329696
0.4975 128825 128433 -0.0279735
0.5025 128371 127944 -0.0229765
0.5075 128013 127519 -0.0179788
0.5125 127724 127147 -0.0129806
0.5175 127481 126822 -0.00798192
0.5225 127264 126545 -0.00430614
0.5275 127121 126319 0.00163757
0.5325 127121 126143 0.00699744
0.5375 127121 126010 0.012024
0.5425 127121 125908 0.0170248
0.5475 127121 125826 0.0220257
0.5525 127121 125754 0.0270267
0.5575 127121 125685 0.0320278
0.5625 127121 125615 0.037029
0.5675 127121 125542 0.0420303
0.5725 127121 125462 0.0470317
0.5775 127121 125376 0.0520333
0.5825 127121 125281 0.0570351
0.5875 127121 125175 0.062037
0.5925 127121 125059 0.0670391
0.5975 127121 124931 0.0720414
0.6025 127121 124792 0.0770439
0.6075 127121 124643 0.0820466
0.6125 127121 124485 0.0870494
0.6175 127121 124319 0.0920523
0.6225 127121 124147 0.0970553
0.6275 127121 123970 0.102058
0.6325 127121 123786 0.107062
0.6375 127121 123592 0.112065
0.6425 127121 123382 0.117069
0.6475 127121 123148 0.122073
0.6525 127121 122879 0.127079
0.6575 127121 122566 0.132085
0.6625 127121 122196 0.137092
0.6675 127121 121762 0.1421
0.6725 127121 121260 0.14711
0.6775 127121 120694 0.152121
0.6825 127121 120071 0.157132
0.6875 127121 119406 0.162144
0.6925 127121 118719 0.167156
0.6975 127121 118028 0.172168
0.7025 127121 117353 0.17718
0.7075 127121 116706 0.182191
0.7125 127121 116090 0.187202
0.7175 127121 115495 0.192212
0.7225 127121 114897 0.197224
0.7275 127121 114261 0.202236
0.7325 127121 113545 0.207251
0.7375 127121 112713 0.212268
0.7425 127121 111748 0.217287
0.7475 127121 110657 0.222309
0.7525 127121 109476 0.227332
0.7575 127121 108262 0.232355
0.7625 127121 107075 0.237376
0.7675 127121 105968 0.242396
0.7725 127121 104972 0.247414
0.7775 127121 104104 0.252429
0.7825 127121 103362 0.257442
0.7875 127121 102739 0.262453
0.7925 127121 102222 0.267462
0.7975 127121 101797 0.272469
0.8025 127121 101449 0.277475
0.8075 127121 101166 0.28248
0.8125 127121 100937 0.287484
0.8175 127121 100751 0.292487
0.8225 127121 100602 0.29749
0.8275 127121 100481 0.302492
0.8325 127121 100384 0.307493
0.8375 127121 100307 0.312495
0.8425 127121 100244 0.317496
0.8475 127121 100194 0.322497
0.8525 127121 100154 0.327497
0.8575 127121 100122 0.332498
0.8625 127121 100097 0.337498
0.8675 127121 100076 0.342499
0.8725 127121 100060 0.347499
0.8775 127121 100047 0.352499
0.8825 127121 100037 0.357499
0.8875 127121 100029 0.3625
0.8925 127121 100023 0.3675
0.8975 127121 100018 0.3725
0.9025 127121 100014 0.3775
0.9075 127121 100011 0.3825
0.9125 127121 100008 0.3875
0.9175 127121 100006 0.3925
0.9225 127121 100005 0.3975
0.9275 127121 100004 0.4025
0.9325 127121 100003 0.4075
0.9375 127121 100002 0.4125
0.9425 127121 100002 0.4175
0.9475 127121 100001 0.4225
0.9525 127121 100001 0.4275
0.9575 127121 100001 0.4325
0.9625 127121 100001 0.4375
0.9675 127121 100000 0.4425
0.9725 127121 100000 0.4475
0.9775 127121 100000 0.4525
0.9825 127121 100000 0.4575
0.9875 127121 100000 0.4625
0.9925 127121 100000 0.4675
0.9975 127121 100000 0.4725
