0.0025 149979 127118 -0.5225
0.0075 149979 127118 -0.517603
0.0125 149980 127118 -0.512603
0.0175 149980 127118 -0.507603
0.0225 149980 127118 -0.502603
0.0275 149981 127118 -0.497603
0.0325 149981 127118 -0.492603
0.0375 149981 127118 -0.487603
0.0425 149982 127118 -0.482603
0.0475 149982 127118 -0.477603
0.0525 149982 127118 -0.472603
0.0575 149982 127118 -0.467603
0.0625 149983 127118 -0.462603
0.0675 149983 127118 -0.457603
0.0725 149983 127118 -0.452603
0.0775 149983 127118 -0.447603
0.0825 149984 127118 -0.442603
0.0875 149984 127118 -0.437603
0.0925 149984 127118 -0.432603
0.0975 149984 127118 -0.427603
0.1025 149984 127118 -0.422603
0.1075 149985 127118 -0.417603
0.1125 149985 127118 -0.412603
0.1175 149985 127118 -0.407603
0.1225 149985 127118 -0.402603
0.1275 149985 127118 -0.397603
0.1325 149986 127118 -0.392603
0.1375 149986 127118 -0.387603
0.1425 149986 127118 -0.382603
0.1475 149986 127118 -0.377603
0.1525 149986 127118 -0.372603
0.1575 149986 127118 -0.367603
0.1625 149986 127118 -0.362603
0.1675 149987 127118 -0.357603
0.1725 149987 127118 -0.352603
0.1775 149987 127118 -0.347603
0.1825 149987 127118 -0.342603
0.1875 149987 127118 -0.337603
0.1925 149987 127118 -0.332603
0.1975 149987 127118 -0.327603
0.2025 149988 127118 -0.322603
0.2075 149988 127118 -0.317603
0.2125 149988 127118 -0.312603
0.2175 149988 127118 -0.307603
0.2225 149988 127118 -0.302603
0.2275 149988 127118 -0.297603
0.2325 149988 127118 -0.292603
0.2375 149988 127118 -0.287603
0.2425 149989 127118 -0.282603
0.2475 149989 127118 -0.277603
0.2525 149989 127118 -0.272603
0.2575 149989 127118 -0.267603
0.2625 149989 127118 -0.262603
0.2675 149989 127118 -0.257603
0.2725 149989 127118 -0.252603
0.2775 149989 127118 -0.247603
0.2825 149989 127118 -0.242603
0.2875 149989 127118 -0.237603
0.2925 149989 127118 -0.232603
0.2975 149990 127118 -0.227603
0.3025 149990 127118 -0.222603
0.3075 149990 127118 -0.217603
0.3125 149990 127118 -0.212603
0.3175 149990 127118 -0.207603
0.3225 149990 127118 -0.202603
0.3275 149990 127118 -0.197603
0.3325 149990 127118 -0.192603
0.3375 149990 127118 -0.187603
0.3425 149989 127118 -0.182603
0.3475 149989 127118 -0.177603
0.3525 149987 127118 -0.172603
0.3575 149984 127118 -0.167603
0.3625 149979 127118 -0.162603
0.3675 149969 127118 -0.157603
0.3725 149953 127118 -0.152603
0.3775 149925 127118 -0.147603
0.3825 149878 127118 -0.142603
0.3875 149804 127118 -0.137603
0.3925 149687 127118 -0.132603
0.3975 149510 127118 -0.127604
0.4025 149251 127118 -0.122604
0.4075 148883 127118 -0.117605
0.4125 148381 127118 -0.112606
0.4175 147720 127118 -0.107607
0.4225 146883 127118 -0.102608
0.4275 145864 127118 -0.09761
0.4325 144668 127118 -0.0926121
0.4375 143318 127118 -0.0876145
0.4425 141848 127118 -0.0826172
0.4475 140304 127118 -0.07762
0.4525 138737 127118 -0.0726229
0.4575 137195 127118 -0.0676258
0.4625 135720 127118 -0.0626286
0.4675 134343 127118 -0.0576312
0.4725 133083 127266 -0.0526336
0.4775 131950 130072 -0.0476358
0.4825 130951 130255 -0.0426378
0.4875 130092 129626 -0.0376395
0.4925 129379 128980 -0.0326409
0.4975 128806 128420 -0.027642
0.5025 128357 127938 -0.0226429
0.5075 128003 127518 -0.0176436
0.5125 127716 127149 -0.0126441
0.5175 127475 126827 -0.00764448
0.5225 127261 126553 -0.00439863
0.5275 127118 126330 0.00146738
0.5325 127118 126155 0.00733229
0.5375 127118 126022 0.0123571
0.5425 127118 125921 0.0173574
0.5475 127118 125840 0.0223576
0.5525 127118 125769 0.0273579
0.5575 127118 125701 0.0323582
0.5625 127118 125632 0.0373586
0.5675 127118 125559 0.0423589
0.5725 127118 125481 0.0473593
0.5775 127118 125397 0.0523598
0.5825 127118 125303 0.0573603
0.5875 127118 125201 0.0623608
0.5925 127118 125087 0.0673614
0.5975 127118 124962 0.072362
0.6025 127118 124826 0.0773627
0.6075 127118 124679 0.0823635
0.6125 127118 124522 0.0873643
0.6175 127118 124358 0.0923651
0.6225 127118 124188 0.097366
0.6275 127118 124012 0.102367
0.6325 127118 123830 0.107368
0.6375 127118 123638 0.112369
0.6425 127118 123432 0.11737
0.6475 127118 123203 0.122371
0.6525 127118 122943 0.127373
0.6575 127118 122640 0.132374
0.6625 127118 122283 0.137376
0.6675 127118 121864 0.142378
0.6725 127118 121378 0.147381
0.6775 127118 120826 0.152384
0.6825 127118 120216 0.157387
0.6875 127118 119561 0.162391
0.6925 127118 118878 0.167394
0.6975 127118 118187 0.172398
0.7025 127118 117508 0.177401
0.7075 127118 116854 0.182405
0.7125 127118 116230 0.187408
0.7175 127118 115630 0.192411
0.7225 127118 115032 0.197415
0.7275 127118 114404 0.202418
0.7325 127118 113705 0.207422
0.7375 127118 112899 0.212427
0.7425 127118 111962 0.217432
0.7475 127118 110897 0.222438
0.7525 127118 109734 0.227445
0.7575 127118 108525 0.232452
0.7625 127118 107330 0.237458
0.7675 127118 106204 0.242465
0.7725 127118 105183 0.24747
0.7775 127118 104286 0.252476
0.7825 127118 103517 0.25748
0.7875 127118 102868 0.262484
0.7925 127118 102329 0.267487
0.7975 127118 101884 0.272489
0.8025 127118 101520 0.277491
0.8075 127118 101224 0.282493
0.8125 127118 100983 0.287494
0.8175 127118 100789 0.292495
0.8225 127118 100632 0.297496
0.8275 127118 100506 0.302497
0.8325 127118 100404 0.307498
0.8375 127118 100322 0.312498
0.8425 127118 100257 0.317499
0.8475 127118 100204 0.322499
0.8525 127118 100162 0.327499
0.8575 127118 100129 0.332499
0.8625 127118 100102 0.337499
0.8675 127118 100081 0.3425
0.8725 127118 100064 0.3475
0.8775 127118 100050 0.3525
0.8825 127118 100039 0.3575
0.8875 127118 100031 0.3625
0.8925 127118 100024 0.3675
0.8975 127118 100019 0.3725
0.9025 127118 100015 0.3775
0.9075 127118 100011 0.3825
0.9125 127118 100009 0.3875
0.9175 127118 100007 0.3925
0.9225 127118 100005 0.3975
0.9275 127118 100004 0.4025
0.9325 127118 100003 0.4075
0.9375 127118 100002 0.4125
0.9425 127118 100002 0.4175
0.9475 127118 100001 0.4225
0.9525 127118 100001 0.4275
0.9575 127118 100001 0.4325
0.9625 127118 100001 0.4375
0.9675 127118 100000 0.4425
0.9725 127118 100000 0.4475
0.9775 127118 100000 0.4525
0.9825 127118 100000 0.4575
0.9875 127118 100000 0.4625
0.9925 127118 100000 0.4675
0.9975 127118 100000 0.4725
