0.0005 111.796 0 -0.4995
0.0015 111.796 0 -0.4995
0.0025 111.796 0 -0.4995
0.0035 111.796 0 -0.4995
0.0045 111.796 0 -0.4995
0.0055 111.796 0 -0.4995
0.0065 111.796 0 -0.4995
0.0075 111.796 0 -0.4995
0.0085 111.796 0 -0.4995
0.0095 111.796 0 -0.4995
0.0105 111.796 0 -0.4995
0.0115 111.796 0 -0.4995
0.0125 111.796 0 -0.4995
0.0135 111.796 0 -0.4995
0.0145 111.796 0 -0.4995
0.0155 111.796 0 -0.4995
0.0165 111.796 0 -0.4995
0.0175 111.796 0 -0.4995
0.0185 111.796 0 -0.4995
0.0195 111.795 0 -0.4995
0.0205 111.795 0 -0.4995
0.0215 111.795 0 -0.4995
0.0225 111.795 0 -0.4995
0.0235 111.795 0 -0.4995
0.0245 111.795 0 -0.4995
0.0255 111.795 0 -0.4995
0.0265 111.795 0 -0.4995
0.0275 111.795 0 -0.4995
0.0285 111.795 0 -0.4995
0.0295 111.795 0 -0.4995
0.0305 111.795 0 -0.4995
0.0315 111.795 0 -0.4995
0.0325 111.795 0 -0.4995
0.0335 111.795 0 -0.4995
0.0345 111.795 0 -0.4995
0.0355 111.795 0 -0.4995
0.0365 111.795 0 -0.4995
0.0375 111.795 0 -0.4995
0.0385 111.795 0 -0.4995
0.0395 111.795 0 -0.4995
0.0405 111.795 0 -0.4995
0.0415 111.795 0 -0.4995
0.0425 111.795 0 -0.4995
0.0435 111.795 0 -0.4995
0.0445 111.795 0 -0.4995
0.0455 111.795 0 -0.4995
0.0465 111.795 0 -0.4995
0.0475 111.795 0 -0.4995
0.0485 111.795 0 -0.4995
0.0495 111.795 0 -0.4995
0.0505 111.795 0 -0.4995
0.0515 111.795 0 -0.4995
0.0525 111.795 0 -0.4995
0.0535 111.795 0 -0.4995
0.0545 111.795 0 -0.4995
0.0555 111.795 0 -0.4995
0.0565 111.795 0 -0.4995
0.0575 111.795 0 -0.4995
0.0585 111.795 0 -0.4995
0.0595 111.795 0 -0.4995
0.0605 111.795 0 -0.4995
0.0615 111.795 0 -0.4995
0.0625 111.795 0 -0.4995
0.0635 111.795 0 -0.4995
0.0645 111.795 0 -0.4995
0.0655 111.795 0 -0.4995
0.0665 111.795 0 -0.4995
0.0675 111.795 0 -0.4995
0.0685 111.795 0 -0.4995
0.0695 111.795 0 -0.499499
0.0705 111.795 0 -0.499499
0.0715 111.795 0 -0.499499
0.0725 111.795 0 -0.499498
0.0735 111.795 0 -0.499497
0.0745 111.795 0 -0.499495
0.0755 111.795 0 -0.499493
0.0765 111.795 0 -0.499489
0.0775 111.796 0 -0.499485
0.0785 111.796 0 -0.499478
0.0795 111.796 0 -0.499469
0.0805 111.796 0 -0.499457
0.0815 111.796 0 -0.499441
0.0825 111.796 0 -0.499421
0.0835 111.796 0 -0.499393
0.0845 111.796 0 -0.499359
0.0855 111.796 0 -0.499315
0.0865 111.796 0 -0.49926
0.0875 111.796 0 -0.499191
0.0885 111.796 0 -0.499107
0.0895 111.796 0 -0.499005
0.0905 111.795 0 -0.498883
0.0915 111.795 0 -0.498737
0.0925 111.795 0 -0.498566
0.0935 111.795 0 -0.498366
0.0945 111.795 0 -0.498134
0.0955 111.795 0 -0.49787
0.0965 111.795 0 -0.497569
0.0975 111.795 0 -0.497231
0.0985 111.795 0 -0.496853
0.0995 111.795 0 -0.496436
0.1005 111.795 0 -0.495977
0.1015 111.795 0 -0.495476
0.1025 111.795 0 -0.494934
0.1035 111.795 0 -0.494352
0.1045 111.795 0 -0.493729
0.1055 111.795 0 -0.493068
0.1065 111.795 0 -0.492371
0.1075 111.795 0 -0.491639
0.1085 111.794 0 -0.490874
0.1095 111.794 0 -0.490079
0.1105 111.794 0 -0.489256
0.1115 111.794 0 -0.488409
0.1125 111.794 0 -0.487539
0.1135 111.795 0 -0.486648
0.1145 111.795 0 -0.48574
0.1155 111.795 0 -0.484817
0.1165 111.795 0 -0.48388
0.1175 111.795 0 -0.482932
0.1185 111.795 0 -0.481974
0.1195 111.795 0 -0.481008
0.1205 111.795 0 -0.480035
0.1215 111.795 0 -0.479056
0.1225 111.795 0 -0.478073
0.1235 111.795 0 -0.477085
0.1245 111.795 0 -0.476095
0.1255 111.795 0 -0.475102
0.1265 111.795 0 -0.474106
0.1275 111.795 0 -0.473109
0.1285 111.795 0 -0.472109
0.1295 111.795 0 -0.471108
0.1305 111.795 0 -0.470105
0.1315 111.795 0 -0.469099
0.1325 111.795 0 -0.468091
0.1335 111.795 0 -0.467081
0.1345 111.795 0 -0.466067
0.1355 111.795 0 -0.46505
0.1365 111.795 0 -0.464028
0.1375 111.795 0 -0.463001
0.1385 111.795 0 -0.461968
0.1395 111.795 0 -0.460928
0.1405 111.795 0 -0.459881
0.1415 111.795 0 -0.458825
0.1425 111.795 0 -0.45776
0.1435 111.795 0 -0.456685
0.1445 111.795 0 -0.455598
0.1455 111.795 0 -0.454501
0.1465 111.795 0 -0.45339
0.1475 111.795 0 -0.452267
0.1485 111.795 0 -0.451131
0.1495 111.795 0 -0.449981
0.1505 111.795 0 -0.448817
0.1515 111.795 0 -0.44764
0.1525 111.796 0 -0.446449
0.1535 111.796 0 -0.445245
0.1545 111.796 0 -0.444029
0.1555 111.796 0 -0.4428
0.1565 111.796 0 -0.441559
0.1575 111.796 0 -0.440308
0.1585 111.796 0 -0.439046
0.1595 111.796 0 -0.437775
0.1605 111.796 0 -0.436496
0.1615 111.796 0 -0.435209
0.1625 111.796 0 -0.433915
0.1635 111.796 0 -0.432615
0.1645 111.795 0 -0.431309
0.1655 111.795 0 -0.43
0.1665 111.795 0 -0.428686
0.1675 111.795 0 -0.427368
0.1685 111.795 0 -0.426048
0.1695 111.795 0 -0.424725
0.1705 111.795 0 -0.423401
0.1715 111.795 0 -0.422074
0.1725 111.795 0 -0.420747
0.1735 111.795 0 -0.419418
0.1745 111.795 0 -0.418088
0.1755 111.794 0 -0.416758
0.1765 111.794 0 -0.415427
0.1775 111.794 0 -0.414095
0.1785 111.794 0 -0.412763
0.1795 111.794 0 -0.411431
0.1805 111.794 0 -0.410099
0.1815 111.794 0 -0.408766
0.1825 111.794 0 -0.407434
0.1835 111.794 0 -0.406101
0.1845 111.794 0 -0.404768
0.1855 111.794 0 -0.403435
0.1865 111.795 0 -0.402103
0.1875 111.795 0 -0.40077
0.1885 111.795 0 -0.399437
0.1895 111.795 0 -0.398104
0.1905 111.795 0 -0.396771
0.1915 111.795 0 -0.395437
0.1925 111.795 0 -0.394104
0.1935 111.795 0 -0.392771
0.1945 111.795 0 -0.391438
0.1955 111.795 0 -0.390105
0.1965 111.795 0 -0.388772
0.1975 111.795 0 -0.387439
0.1985 111.795 0 -0.386105
0.1995 111.795 0 -0.384772
0.2005 111.795 0 -0.383439
0.2015 111.795 0 -0.382106
0.2025 111.795 0 -0.380773
0.2035 111.795 0 -0.379439
0.2045 111.795 0 -0.378106
0.2055 111.795 0 -0.376773
0.2065 111.795 0 -0.37544
0.2075 111.795 0 -0.374106
0.2085 111.795 0 -0.372773
0.2095 111.795 0 -0.37144
0.2105 111.795 0 -0.370107
0.2115 111.795 0 -0.368773
0.2125 111.795 0 -0.36744
0.2135 111.795 0 -0.366107
0.2145 111.795 0 -0.364774
0.2155 111.795 0 -0.36344
0.2165 111.795 0 -0.362107
0.2175 111.795 0 -0.360774
0.2185 111.795 0 -0.359441
0.2195 111.795 0 -0.358107
0.2205 111.795 0 -0.356774
0.2215 111.795 0 -0.355441
0.2225 111.795 0 -0.354108
0.2235 111.796 0 -0.352774
0.2245 111.796 0 -0.351441
0.2255 111.796 0 -0.350108
0.2265 111.796 0 -0.348775
0.2275 111.796 0 -0.347441
0.2285 111.796 0 -0.346108
0.2295 111.796 0 -0.344775
0.2305 111.796 0 -0.343442
0.2315 111.796 0 -0.342108
0.2325 111.796 0 -0.340775
0.2335 111.796 0 -0.339442
0.2345 111.796 0 -0.338108
0.2355 111.796 0 -0.336775
0.2365 111.796 0 -0.335442
0.2375 111.795 0 -0.334108
0.2385 111.795 0 -0.332775
0.2395 111.795 0 -0.331442
0.2405 111.795 0 -0.330109
0.2415 111.795 0 -0.328775
0.2425 111.795 0 -0.327442
0.2435 111.795 0 -0.326109
0.2445 111.795 0 -0.324775
0.2455 111.795 0 -0.323442
0.2465 111.795 0 -0.322109
0.2475 111.795 0 -0.320775
0.2485 111.794 0 -0.319442
0.2495 111.794 0 -0.318109
0.2505 111.794 0 -0.316776
0.2515 111.794 0 -0.315442
0.2525 111.794 0 -0.314109
0.2535 111.794 0 -0.312776
0.2545 111.794 0 -0.311442
0.2555 111.794 0 -0.310109
0.2565 111.794 0 -0.308776
0.2575 111.794 0 -0.307443
0.2585 111.794 0 -0.306109
0.2595 111.794 0 -0.304776
0.2605 111.795 0 -0.303443
0.2615 111.795 0 -0.302109
0.2625 111.795 0 -0.300776
0.2635 111.795 0 -0.299443
0.2645 111.795 0 -0.29811
0.2655 111.795 0 -0.296776
0.2665 111.795 0 -0.295443
0.2675 111.795 0 -0.29411
0.2685 111.795 0 -0.292776
0.2695 111.795 0 -0.291443
0.2705 111.795 0 -0.29011
0.2715 111.795 0 -0.288776
0.2725 111.795 0 -0.287443
0.2735 111.795 0 -0.28611
0.2745 111.795 0 -0.284776
0.2755 111.795 0 -0.283443
0.2765 111.795 0 -0.28211
0.2775 111.795 0 -0.280776
0.2785 111.795 0 -0.279443
0.2795 111.795 0 -0.27811
0.2805 111.795 0 -0.276776
0.2815 111.795 0 -0.275443
0.2825 111.795 0 -0.27411
0.2835 111.795 0 -0.272777
0.2845 111.795 0 -0.271443
0.2855 111.795 0 -0.27011
0.2865 111.795 0 -0.268777
0.2875 111.795 0 -0.267443
0.2885 111.795 0 -0.26611
0.2895 111.795 0 -0.264777
0.2905 111.795 0 -0.263444
0.2915 111.795 0 -0.26211
0.2925 111.795 0 -0.260777
0.2935 111.795 0 -0.259444
0.2945 111.795 0 -0.25811
0.2955 111.795 0 -0.256777
0.2965 111.795 0 -0.255444
0.2975 111.796 0 -0.254111
0.2985 111.796 0 -0.252777
0.2995 111.796 0 -0.251444
0.3005 111.796 0 -0.250111
0.3015 111.796 0 -0.248777
0.3025 111.796 0 -0.247444
0.3035 111.796 0 -0.246111
0.3045 111.796 0 -0.244777
0.3055 111.796 0 -0.243444
0.3065 111.796 0 -0.242111
0.3075 111.796 0 -0.240777
0.3085 111.796 0 -0.239444
0.3095 111.796 0 -0.238111
0.3105 111.796 0 -0.236777
0.3115 111.795 0 -0.235444
0.3125 111.795 0 -0.234111
0.3135 111.795 0 -0.232777
0.3145 111.795 0 -0.231444
0.3155 111.795 0 -0.230111
0.3165 111.794 0 -0.228778
0.3175 111.794 0 -0.227444
0.3185 111.794 0 -0.226111
0.3195 111.794 0 -0.224778
0.3205 111.794 0 -0.223444
0.3215 111.794 0 -0.222111
0.3225 111.794 0 -0.220778
0.3235 111.794 0 -0.219445
0.3245 111.794 0 -0.218111
0.3255 111.794 0 -0.216778
0.3265 111.794 0 -0.215445
0.3275 111.794 0 -0.214111
0.3285 111.794 0 -0.212778
0.3295 111.794 0 -0.211445
0.3305 111.794 0 -0.210112
0.3315 111.794 0 -0.208778
0.3325 111.795 0 -0.207445
0.3335 111.795 0 -0.206112
0.3345 111.795 0 -0.204778
0.3355 111.795 0 -0.203445
0.3365 111.795 0 -0.202112
0.3375 111.795 0 -0.200778
0.3385 111.795 0 -0.199445
0.3395 111.795 0 -0.198112
0.3405 111.795 0 -0.196778
0.3415 111.795 0 -0.195445
0.3425 111.795 0 -0.194112
0.3435 111.795 0 -0.192778
0.3445 111.795 0 -0.191445
0.3455 111.795 0 -0.190112
0.3465 111.795 0 -0.188778
0.3475 111.795 0 -0.187445
0.3485 111.795 0 -0.186112
0.3495 111.795 0 -0.184778
0.3505 111.795 0 -0.183445
0.3515 111.795 0 -0.182112
0.3525 111.795 0 -0.180779
0.3535 111.795 0 -0.179445
0.3545 111.795 0 -0.178112
0.3555 111.795 0 -0.176779
0.3565 111.795 0 -0.175445
0.3575 111.795 0 -0.174112
0.3585 111.795 0 -0.172779
0.3595 111.795 0 -0.171446
0.3605 111.795 0 -0.170112
0.3615 111.795 0 -0.168779
0.3625 111.795 0 -0.167446
0.3635 111.795 0 -0.166112
0.3645 111.795 0 -0.164779
0.3655 111.795 0 -0.163446
0.3665 111.795 0 -0.162112
0.3675 111.795 0 -0.160779
0.3685 111.795 0 -0.159446
0.3695 111.795 0 -0.158113
0.3705 111.796 0 -0.156779
0.3715 111.796 0 -0.155446
0.3725 111.796 0 -0.154113
0.3735 111.796 0 -0.152779
0.3745 111.796 0 -0.151446
0.3755 111.797 0 -0.150113
0.3765 111.797 0 -0.148779
0.3775 111.797 0 -0.147446
0.3785 111.797 0 -0.146112
0.3795 111.797 0 -0.144779
0.3805 111.797 0 -0.143446
0.3815 111.796 0 -0.142113
0.3825 111.796 0 -0.140779
0.3835 111.796 0 -0.139446
0.3845 111.796 0 -0.138113
0.3855 111.795 0 -0.136779
0.3865 111.795 0 -0.135446
0.3875 111.794 0 -0.134113
0.3885 111.794 0 -0.13278
0.3895 111.794 0 -0.131446
0.3905 111.794 0 -0.130113
0.3915 111.794 0 -0.12878
0.3925 111.794 0 -0.127447
0.3935 111.794 0 -0.126113
0.3945 111.794 0 -0.12478
0.3955 111.794 0 -0.123447
0.3965 111.794 0 -0.122113
0.3975 111.794 0 -0.12078
0.3985 111.794 0 -0.119447
0.3995 111.794 0 -0.118113
0.4005 111.794 0 -0.11678
0.4015 111.794 0 -0.115447
0.4025 111.794 0 -0.114113
0.4035 111.795 0 -0.11278
0.4045 111.795 0 -0.111447
0.4055 111.795 0 -0.110113
0.4065 111.795 0 -0.10878
0.4075 111.795 0 -0.107447
0.4085 111.795 0 -0.106114
0.4095 111.795 0 -0.10478
0.4105 111.795 0 -0.103447
0.4115 111.795 0 -0.102113
0.4125 111.795 0 -0.10078
0.4135 111.795 0 -0.0994466
0.4145 111.795 0 -0.0981132
0.4155 111.795 0 -0.0967799
0.4165 111.795 0 -0.0954466
0.4175 111.795 0 -0.0941133
0.4185 111.795 0 -0.0927801
0.4195 111.795 0 -0.0914469
0.4205 111.795 0 -0.0901138
0.4215 111.795 0 -0.0887806
0.4225 111.795 0 -0.0874474
0.4235 111.795 0 -0.0861142
0.4245 111.794 0 -0.0847809
0.4255 111.794 0 -0.0834476
0.4265 111.794 0 -0.0821143
0.4275 111.794 0 -0.080781
0.4285 111.793 0 -0.0794477
0.4295 111.792 0 -0.0781143
0.4305 111.791 0 -0.076781
0.4315 111.79 0 -0.0754477
0.4325 111.787 0 -0.0741144
0.4335 111.783 0 -0.0727812
0.4345 111.777 0 -0.0714479
0.4355 111.768 0 -0.0701147
0.4365 111.753 0 -0.0687815
0.4375 111.73 0 -0.0674484
0.4385 111.695 0 -0.0661154
0.4395 111.64 0 -0.0647826
0.4405 111.556 0 -0.0634501
0.4415 111.427 0 -0.062118
0.4425 111.228 0 -0.0607866
0.4435 110.922 0 -0.0594562
0.4445 110.45 0 -0.0581274
0.4455 109.726 0 -0.056801
0.4465 108.615 0 -0.0554781
0.4475 106.915 0 -0.0541607
0.4485 104.324 0 -0.0528517
0.4495 100.395 0 -0.0515552
0.4505 94.5043 0 -0.0502773
0.4515 85.7331 0 -0.0490264
0.4525 73.1289 0 -0.047813
0.4535 55.1155 0 -0.0466502
0.4545 31.1785 0 -0.0455513
0.4555 10.6583 0 -0.0445122
0.4565 2.36006 0 -0.0435022
0.4575 0.402508 0 -0.0425004
0.4585 0.0614679 0 -0.0415001
0.4595 0.00902516 0 -0.0405
0.4605 0.00131866 0 -0.0395
0.4615 0.000195825 0 -0.0385
0.4625 2.96817e-05 0 -0.0375
0.4635 4.58929e-06 0 -0.0365
0.4645 7.25156e-07 0 -0.0355
0.4655 1.16626e-07 0 -0.0345
0.4665 1.8758e-08 0 -0.0335
0.4675 2.96763e-09 0 -0.0325
0.4685 4.59864e-10 0 -0.0315
0.4695 6.99392e-11 0 -0.0305
0.4705 1.05023e-11 0 -0.0295
0.4715 1.57364e-12 0 -0.0285
0.4725 2.38646e-13 0 -0.0275
0.4735 2.89217e-14 0 -0.0265
0.4745 0 0 -0.0255
0.4755 0 0 -0.0245
0.4765 0 0 -0.0235
0.4775 0 0 -0.0225
0.4785 0 0 -0.0215
0.4795 0 0 -0.0205
0.4805 0 0 -0.0195
0.4815 0 0 -0.0185
0.4825 0 0 -0.0175
0.4835 0 0 -0.0165
0.4845 0 0 -0.0155
0.4855 0 0 -0.0145
0.4865 0 0 -0.0135
0.4875 0 0 -0.0125
0.4885 0 0 -0.0115
0.4895 0 0 -0.0105
0.4905 0 0 -0.0095
0.4915 0 0 -0.0085
0.4925 0 0 -0.0075
0.4935 0 0 -0.0065
0.4945 0 0 -0.0055
0.4955 0 0 -0.0045
0.4965 0 0 -0.0035
0.4975 0 0 -0.0025
0.4985 0 0 -0.0015
0.4995 0 0 -0.0005
0.5005 0 0 0.0005
0.5015 0 0 0.0015
0.5025 0 0 0.0025
0.5035 0 0 0.0035
0.5045 0 0 0.0045
0.5055 0 0 0.0055
0.5065 0 0 0.0065
0.5075 0 0 0.0075
0.5085 0 0 0.0085
0.5095 0 0 0.0095
0.5105 0 0 0.0105
0.5115 0 0 0.0115
0.5125 0 0 0.0125
0.5135 0 0 0.0135
0.5145 0 0 0.0145
0.5155 0 0 0.0155
0.5165 0 0 0.0165
0.5175 0 0 0.0175
0.5185 0 0 0.0185
0.5195 0 0 0.0195
0.5205 0 0 0.0205
0.5215 0 0 0.0215
0.5225 0 0 0.0225
0.5235 0 0 0.0235
0.5245 0 0 0.0245
0.5255 0 0 0.0255
0.5265 0 0 0.0265
0.5275 0 0 0.0275
0.5285 0 0 0.0285
0.5295 0 0 0.0295
0.5305 0 0 0.0305
0.5315 0 0 0.0315
0.5325 0 0 0.0325
0.5335 0 0 0.0335
0.5345 0 0 0.0345
0.5355 0 0 0.0355
0.5365 0 0 0.0365
0.5375 0 0 0.0375
0.5385 0 0 0.0385
0.5395 0 0 0.0395
0.5405 0 0 0.0405
0.5415 0 0 0.0415
0.5425 0 0 0.0425
0.5435 0 0 0.0435
0.5445 0 0 0.0445
0.5455 0 0 0.0455
0.5465 0 0 0.0465
0.5475 0 0 0.0475
0.5485 0 0 0.0485
0.5495 0 0 0.0495
0.5505 0 0 0.0505
0.5515 0 0 0.0515
0.5525 0 0 0.0525
0.5535 0 0 0.0535
0.5545 0 0 0.0545
0.5555 0 0 0.0555
0.5565 0 0 0.0565
0.5575 0 0 0.0575
0.5585 0 0 0.0585
0.5595 0 0 0.0595
0.5605 0 0 0.0605
0.5615 0 0 0.0615
0.5625 0 0 0.0625
0.5635 0 0 0.0635
0.5645 0 0 0.0645
0.5655 0 0 0.0655
0.5665 0 0 0.0665
0.5675 0 0 0.0675
0.5685 0 0 0.0685
0.5695 0 0 0.0695
0.5705 0 0 0.0705
0.5715 0 0 0.0715
0.5725 0 0 0.0725
0.5735 0 0 0.0735
0.5745 0 0 0.0745
0.5755 0 0 0.0755
0.5765 0 0 0.0765
0.5775 0 0 0.0775
0.5785 0 0 0.0785
0.5795 0 0 0.0795
0.5805 0 0 0.0805
0.5815 0 0 0.0815
0.5825 0 0 0.0825
0.5835 0 0 0.0835
0.5845 0 0 0.0845
0.5855 0 0 0.0855
0.5865 0 0 0.0865
0.5875 0 0 0.0875
0.5885 0 0 0.0885
0.5895 0 0 0.0895
0.5905 0 0 0.0905
0.5915 0 0 0.0915
0.5925 0 0 0.0925
0.5935 0 0 0.0935
0.5945 0 0 0.0945
0.5955 0 0 0.0955
0.5965 0 0 0.0965
0.5975 0 0 0.0975
0.5985 0 0 0.0985
0.5995 0 0 0.0995
0.6005 0 0 0.1005
0.6015 0 0 0.1015
0.6025 0 0 0.1025
0.6035 0 0 0.1035
0.6045 0 0 0.1045
0.6055 0 0 0.1055
0.6065 0 0 0.1065
0.6075 0 0 0.1075
0.6085 0 0 0.1085
0.6095 0 0 0.1095
0.6105 0 0 0.1105
0.6115 0 0 0.1115
0.6125 0 0 0.1125
0.6135 0 0 0.1135
0.6145 0 0 0.1145
0.6155 0 0 0.1155
0.6165 0 0 0.1165
0.6175 0 0 0.1175
0.6185 0 0 0.1185
0.6195 0 0 0.1195
0.6205 0 0 0.1205
0.6215 0 0 0.1215
0.6225 0 0 0.1225
0.6235 0 0 0.1235
0.6245 0 0 0.1245
0.6255 0 0 0.1255
0.6265 0 0 0.1265
0.6275 0 0 0.1275
0.6285 0 0 0.1285
0.6295 0 0 0.1295
0.6305 0 0 0.1305
0.6315 0 0 0.1315
0.6325 0 0 0.1325
0.6335 0 0 0.1335
0.6345 0 0 0.1345
0.6355 0 0 0.1355
0.6365 0 0 0.1365
0.6375 0 0 0.1375
0.6385 0 0 0.1385
0.6395 0 0 0.1395
0.6405 0 0 0.1405
0.6415 0 0 0.1415
0.6425 0 0 0.1425
0.6435 0 0 0.1435
0.6445 0 0 0.1445
0.6455 0 0 0.1455
0.6465 0 0 0.1465
0.6475 0 0 0.1475
0.6485 0 0 0.1485
0.6495 0 0 0.1495
0.6505 0 0 0.1505
0.6515 0 0 0.1515
0.6525 0 0 0.1525
0.6535 0 0 0.1535
0.6545 0 0 0.1545
0.6555 0 0 0.1555
0.6565 0 0 0.1565
0.6575 0 0 0.1575
0.6585 0 0 0.1585
0.6595 0 0 0.1595
0.6605 0 0 0.1605
0.6615 0 0 0.1615
0.6625 0 0 0.1625
0.6635 0 0 0.1635
0.6645 0 0 0.1645
0.6655 0 0 0.1655
0.6665 0 0 0.1665
0.6675 0 0 0.1675
0.6685 0 0 0.1685
0.6695 0 0 0.1695
0.6705 0 0 0.1705
0.6715 0 0 0.1715
0.6725 0 0 0.1725
0.6735 0 0 0.1735
0.6745 0 0 0.1745
0.6755 0 0 0.1755
0.6765 0 0 0.1765
0.6775 0 0 0.1775
0.6785 0 0 0.1785
0.6795 0 0 0.1795
0.6805 0 0 0.1805
0.6815 0 0 0.1815
0.6825 0 0 0.1825
0.6835 0 0 0.1835
0.6845 0 0 0.1845
0.6855 0 0 0.1855
0.6865 0 0 0.1865
0.6875 0 0 0.1875
0.6885 0 0 0.1885
0.6895 0 0 0.1895
0.6905 0 0 0.1905
0.6915 0 0 0.1915
0.6925 0 0 0.1925
0.6935 0 0 0.1935
0.6945 0 0 0.1945
0.6955 0 0 0.1955
0.6965 0 0 0.1965
0.6975 0 0 0.1975
0.6985 0 0 0.1985
0.6995 0 0 0.1995
0.7005 0 0 0.2005
0.7015 0 0 0.2015
0.7025 0 0 0.2025
0.7035 0 0 0.2035
0.7045 0 0 0.2045
0.7055 0 0 0.2055
0.7065 0 0 0.2065
0.7075 0 0 0.2075
0.7085 0 0 0.2085
0.7095 0 0 0.2095
0.7105 0 0 0.2105
0.7115 0 0 0.2115
0.7125 0 0 0.2125
0.7135 0 0 0.2135
0.7145 0 0 0.2145
0.7155 0 0 0.2155
0.7165 0 0 0.2165
0.7175 0 0 0.2175
0.7185 0 0 0.2185
0.7195 0 0 0.2195
0.7205 0 0 0.2205
0.7215 0 0 0.2215
0.7225 0 0 0.2225
0.7235 0 0 0.2235
0.7245 0 0 0.2245
0.7255 0 0 0.2255
0.7265 0 0 0.2265
0.7275 0 0 0.2275
0.7285 0 0 0.2285
0.7295 0 0 0.2295
0.7305 0 0 0.2305
0.7315 0 0 0.2315
0.7325 0 0 0.2325
0.7335 0 0 0.2335
0.7345 0 0 0.2345
0.7355 0 0 0.2355
0.7365 0 0 0.2365
0.7375 0 0 0.2375
0.7385 0 0 0.2385
0.7395 0 0 0.2395
0.7405 0 0 0.2405
0.7415 0 0 0.2415
0.7425 0 0 0.2425
0.7435 0 0 0.2435
0.7445 0 0 0.2445
0.7455 0 0 0.2455
0.7465 0 0 0.2465
0.7475 0 0 0.2475
0.7485 0 0 0.2485
0.7495 0 0 0.2495
0.7505 0 0 0.2505
0.7515 0 0 0.2515
0.7525 0 0 0.2525
0.7535 0 0 0.2535
0.7545 0 0 0.2545
0.7555 0 0 0.2555
0.7565 0 0 0.2565
0.7575 0 0 0.2575
0.7585 0 0 0.2585
0.7595 0 0 0.2595
0.7605 0 0 0.2605
0.7615 0 0 0.2615
0.7625 0 0 0.2625
0.7635 0 0 0.2635
0.7645 0 0 0.2645
0.7655 0 0 0.2655
0.7665 0 0 0.2665
0.7675 0 0 0.2675
0.7685 0 0 0.2685
0.7695 0 0 0.2695
0.7705 0 0 0.2705
0.7715 0 0 0.2715
0.7725 0 0 0.2725
0.7735 0 0 0.2735
0.7745 0 0 0.2745
0.7755 0 0 0.2755
0.7765 0 0 0.2765
0.7775 0 0 0.2775
0.7785 0 0 0.2785
0.7795 0 0 0.2795
0.7805 0 0 0.2805
0.7815 0 0 0.2815
0.7825 0 0 0.2825
0.7835 0 0 0.2835
0.7845 0 0 0.2845
0.7855 0 0 0.2855
0.7865 0 0 0.2865
0.7875 0 0 0.2875
0.7885 0 0 0.2885
0.7895 0 0 0.2895
0.7905 0 0 0.2905
0.7915 0 0 0.2915
0.7925 0 0 0.2925
0.7935 0 0 0.2935
0.7945 0 0 0.2945
0.7955 0 0 0.2955
0.7965 0 0 0.2965
0.7975 0 0 0.2975
0.7985 0 0 0.2985
0.7995 0 0 0.2995
0.8005 0 0 0.3005
0.8015 0 0 0.3015
0.8025 0 0 0.3025
0.8035 0 0 0.3035
0.8045 0 0 0.3045
0.8055 0 0 0.3055
0.8065 0 0 0.3065
0.8075 0 0 0.3075
0.8085 0 0 0.3085
0.8095 0 0 0.3095
0.8105 0 0 0.3105
0.8115 0 0 0.3115
0.8125 0 0 0.3125
0.8135 0 0 0.3135
0.8145 0 0 0.3145
0.8155 0 0 0.3155
0.8165 0 0 0.3165
0.8175 0 0 0.3175
0.8185 0 0 0.3185
0.8195 0 0 0.3195
0.8205 0 0 0.3205
0.8215 0 0 0.3215
0.8225 0 0 0.3225
0.8235 0 0 0.3235
0.8245 0 0 0.3245
0.8255 0 0 0.3255
0.8265 0 0 0.3265
0.8275 0 0 0.3275
0.8285 0 0 0.3285
0.8295 0 0 0.3295
0.8305 0 0 0.3305
0.8315 0 0 0.3315
0.8325 0 0 0.3325
0.8335 0 0 0.3335
0.8345 0 0 0.3345
0.8355 0 0 0.3355
0.8365 0 0 0.3365
0.8375 0 0 0.3375
0.8385 0 0 0.3385
0.8395 0 0 0.3395
0.8405 0 0 0.3405
0.8415 0 0 0.3415
0.8425 0 0 0.3425
0.8435 0 0 0.3435
0.8445 0 0 0.3445
0.8455 0 0 0.3455
0.8465 0 0 0.3465
0.8475 0 0 0.3475
0.8485 0 0 0.3485
0.8495 0 0 0.3495
0.8505 0 0 0.3505
0.8515 0 0 0.3515
0.8525 0 0 0.3525
0.8535 0 0 0.3535
0.8545 0 0 0.3545
0.8555 0 0 0.3555
0.8565 0 0 0.3565
0.8575 0 0 0.3575
0.8585 0 0 0.3585
0.8595 0 0 0.3595
0.8605 0 0 0.3605
0.8615 0 0 0.3615
0.8625 0 0 0.3625
0.8635 0 0 0.3635
0.8645 0 0 0.3645
0.8655 0 0 0.3655
0.8665 0 0 0.3665
0.8675 0 0 0.3675
0.8685 0 0 0.3685
0.8695 0 0 0.3695
0.8705 0 0 0.3705
0.8715 0 0 0.3715
0.8725 0 0 0.3725
0.8735 0 0 0.3735
0.8745 0 0 0.3745
0.8755 0 0 0.3755
0.8765 0 0 0.3765
0.8775 0 0 0.3775
0.8785 0 0 0.3785
0.8795 0 0 0.3795
0.8805 0 0 0.3805
0.8815 0 0 0.3815
0.8825 0 0 0.3825
0.8835 0 0 0.3835
0.8845 0 0 0.3845
0.8855 0 0 0.3855
0.8865 0 0 0.3865
0.8875 0 0 0.3875
0.8885 0 0 0.3885
0.8895 0 0 0.3895
0.8905 0 0 0.3905
0.8915 0 0 0.3915
0.8925 0 0 0.3925
0.8935 0 0 0.3935
0.8945 0 0 0.3945
0.8955 0 0 0.3955
0.8965 0 0 0.3965
0.8975 0 0 0.3975
0.8985 0 0 0.3985
0.8995 0 0 0.3995
0.9005 0 0 0.4005
0.9015 0 0 0.4015
0.9025 0 0 0.4025
0.9035 0 0 0.4035
0.9045 0 0 0.4045
0.9055 0 0 0.4055
0.9065 0 0 0.4065
0.9075 0 0 0.4075
0.9085 0 0 0.4085
0.9095 0 0 0.4095
0.9105 0 0 0.4105
0.9115 0 0 0.4115
0.9125 0 0 0.4125
0.9135 0 0 0.4135
0.9145 0 0 0.4145
0.9155 0 0 0.4155
0.9165 0 0 0.4165
0.9175 0 0 0.4175
0.9185 0 0 0.4185
0.9195 0 0 0.4195
0.9205 0 0 0.4205
0.9215 0 0 0.4215
0.9225 0 0 0.4225
0.9235 0 0 0.4235
0.9245 0 0 0.4245
0.9255 0 0 0.4255
0.9265 0 0 0.4265
0.9275 0 0 0.4275
0.9285 0 0 0.4285
0.9295 0 0 0.4295
0.9305 0 0 0.4305
0.9315 0 0 0.4315
0.9325 0 0 0.4325
0.9335 0 0 0.4335
0.9345 0 0 0.4345
0.9355 0 0 0.4355
0.9365 0 0 0.4365
0.9375 0 0 0.4375
0.9385 0 0 0.4385
0.9395 0 0 0.4395
0.9405 0 0 0.4405
0.9415 0 0 0.4415
0.9425 0 0 0.4425
0.9435 0 0 0.4435
0.9445 0 0 0.4445
0.9455 0 0 0.4455
0.9465 0 0 0.4465
0.9475 0 0 0.4475
0.9485 0 0 0.4485
0.9495 0 0 0.4495
0.9505 0 0 0.4505
0.9515 0 0 0.4515
0.9525 0 0 0.4525
0.9535 0 0 0.4535
0.9545 0 0 0.4545
0.9555 0 0 0.4555
0.9565 0 0 0.4565
0.9575 0 0 0.4575
0.9585 0 0 0.4585
0.9595 0 0 0.4595
0.9605 0 0 0.4605
0.9615 0 0 0.4615
0.9625 0 0 0.4625
0.9635 0 0 0.4635
0.9645 0 0 0.4645
0.9655 0 0 0.4655
0.9665 0 0 0.4665
0.9675 0 0 0.4675
0.9685 0 0 0.4685
0.9695 0 0 0.4695
0.9705 0 0 0.4705
0.9715 0 0 0.4715
0.9725 0 0 0.4725
0.9735 0 0 0.4735
0.9745 0 0 0.4745
0.9755 0 0 0.4755
0.9765 0 0 0.4765
0.9775 0 0 0.4775
0.9785 0 0 0.4785
0.9795 0 0 0.4795
0.9805 0 0 0.4805
0.9815 0 0 0.4815
0.9825 0 0 0.4825
0.9835 0 0 0.4835
0.9845 0 0 0.4845
0.9855 0 0 0.4855
0.9865 0 0 0.4865
0.9875 0 0 0.4875
0.9885 0 0 0.4885
0.9895 0 0 0.4895
0.9905 0 0 0.4905
0.9915 0 0 0.4915
0.9925 0 0 0.4925
0.9935 0 0 0.4935
0.9945 0 0 0.4945
0.9955 0 0 0.4955
0.9965 0 0 0.4965
0.9975 0 0 0.4975
0.9985 0 0 0.4985
0.9995 0 0 0.4995
