0.001 1
0.003 1
0.005 1
0.007 1
0.009 1
0.011 1
0.013 1
0.015 1
0.017 1
0.019 1
0.021 1
0.023 1
0.025 1
0.027 1
0.029 1
0.031 1
0.033 1
0.035 1
0.037 1
0.039 1
0.041 1
0.043 1
0.045 1
0.047 1
0.049 1
0.051 1
0.053 1
0.055 1
0.057 1
0.059 1
0.061 1
0.063 1
0.065 1
0.067 1
0.069 1
0.071 1
0.073 1
0.075 1
0.077 1
0.079 1
0.081 1
0.083 1
0.085 1
0.087 1
0.089 1
0.091 1
0.093 1
0.095 1
0.097 1
0.099 1
0.101 1
0.103 1
0.105 1
0.107 1
0.109 1
0.111 1
0.113 1
0.115 1
0.117 1
0.119 1
0.121 1
0.123 1
0.125 1
0.127 1
0.129 1
0.131 1
0.133 1
0.135 1
0.137 1
0.139 1
0.141 1
0.143 1
0.145 1
0.147 1
0.149 1
0.151 1
0.153 1
0.155 1
0.157 1
0.159 1
0.161 1
0.163 1
0.165 1
0.167 1
0.169 1
0.171 1
0.173 1
0.175 1
0.177 1
0.179 1
0.181 1
0.183 1
0.185 1
0.187 1
0.189 1
0.191 1
0.193 1
0.195 1
0.197 1
0.199 1
0.201 1
0.203 1
0.205 1
0.207 1
0.209 1
0.211 1
0.213 1
0.215 1
0.217 1
0.219 1
0.221 1
0.223 1
0.225 1
0.227 1
0.229 1
0.231 1
0.233 1
0.235 1
0.237 1
0.239 1
0.241 1
0.243 1
0.245 1
0.247 1
0.249 1
0.251 1
0.253 1
0.255 1
0.257 1
0.259 1
0.261 1
0.263 1
0.265 1
0.267 1
0.269 1
0.271 1
0.273 1
0.275 1
0.277 1
0.279 1
0.281 1
0.283 1
0.285 1
0.287 1
0.289 1
0.291 1
0.293 1
0.295 1
0.297 1
0.299 1
0.301 1
0.303 1
0.305 1
0.307 1
0.309 1
0.311 1
0.313 1
0.315 1
0.317 1
0.319 1
0.321 1
0.323 1
0.325 1
0.327 1
0.329 1
0.331 1
0.333 1
0.335 1
0.337 1
0.339 1
0.341 1
0.343 1
0.345 1
0.347 1
0.349 1
0.351 1
0.353 1
0.355 1
0.357 1
0.359 1
0.361 1
0.363 1
0.365 1
0.367 1
0.369 1
0.371 1
0.373 1
0.375 1
0.377 1
0.379 1
0.381 1
0.383 1
0.385 1
0.387 1
0.389 1
0.391 1
0.393 1
0.395 1
0.397 1
0.399 1
0.401 1
0.403 1
0.405 1
0.407 1
0.409 1
0.411 1
0.413 1
0.415 1
0.417 1
0.419 1
0.421 1
0.423 1
0.425 1
0.427 1
0.429 1
0.431 1
0.433 1
0.435 1
0.437 1
0.439 1
0.441 1
0.443 1
0.445 1
0.447 1
0.449 1
0.451 1
0.453 1
0.455 1
0.457 0.965232
0.459 0.929684
0.461 0.895191
0.463 0.86173
0.465 0.829277
0.467 0.797809
0.469 0.767304
0.471 0.737739
0.473 0.709092
0.475 0.681342
0.477 0.654468
0.479 0.628449
0.481 0.603264
0.483 0.578893
0.485 0.575062
0.487 0.575062
0.489 0.575062
0.491 0.575062
0.493 0.575062
0.495 0.575062
0.497 0.575062
0.499 0.575062
0.501 0.575062
0.503 0.575062
0.505 0.575062
0.507 0.575062
0.509 0.575062
0.511 0.575062
0.513 0.575062
0.515 0.575062
0.517 0.575062
0.519 0.575062
0.521 0.575062
0.523 0.575062
0.525 5.99924
0.527 5.99924
0.529 1
0.531 1
0.533 1
0.535 1
0.537 1
0.539 1
0.541 1
0.543 1
0.545 1
0.547 1
0.549 1
0.551 1
0.553 1
0.555 1
0.557 1
0.559 1
0.561 1
0.563 1
0.565 1
0.567 1
0.569 1
0.571 1
0.573 1
0.575 1
0.577 1
0.579 1
0.581 1
0.583 1
0.585 1
0.587 1
0.589 1
0.591 1
0.593 1
0.595 1
0.597 1
0.599 1
0.601 1
0.603 1
0.605 1
0.607 1
0.609 1
0.611 1
0.613 1
0.615 1
0.617 1
0.619 1
0.621 1
0.623 1
0.625 1
0.627 1
0.629 1
0.631 1
0.633 1
0.635 1
0.637 1
0.639 1
0.641 1
0.643 1
0.645 1
0.647 1
0.649 1
0.651 1
0.653 1
0.655 1
0.657 1
0.659 1
0.661 1
0.663 1
0.665 1
0.667 1
0.669 1
0.671 1
0.673 1
0.675 1
0.677 1
0.679 1
0.681 1
0.683 1
0.685 1
0.687 1
0.689 1
0.691 1
0.693 1
0.695 1
0.697 1
0.699 1
0.701 1
0.703 1
0.705 1
0.707 1
0.709 1
0.711 1
0.713 1
0.715 1
0.717 1
0.719 1
0.721 1
0.723 1
0.725 1
0.727 1
0.729 1
0.731 1
0.733 1
0.735 1
0.737 1
0.739 1
0.741 1
0.743 1
0.745 1
0.747 1
0.749 1
0.751 1
0.753 1
0.755 1
0.757 1
0.759 1
0.761 1
0.763 1
0.765 1
0.767 1
0.769 1
0.771 1
0.773 1
0.775 1
0.777 1
0.779 1
0.781 1
0.783 1
0.785 1
0.787 1
0.789 1
0.791 1
0.793 1
0.795 1
0.797 1
0.799 1
0.801 1
0.803 1
0.805 1
0.807 1
0.809 1
0.811 1
0.813 1
0.815 1
0.817 1
0.819 1
0.821 1
0.823 1
0.825 1
0.827 1
0.829 1
0.831 1
0.833 1
0.835 1
0.837 1
0.839 1
0.841 1
0.843 1
0.845 1
0.847 1
0.849 1
0.851 1
0.853 1
0.855 1
0.857 1
0.859 1
0.861 1
0.863 1
0.865 1
0.867 1
0.869 1
0.871 1
0.873 1
0.875 1
0.877 1
0.879 1
0.881 1
0.883 1
0.885 1
0.887 1
0.889 1
0.891 1
0.893 1
0.895 1
0.897 1
0.899 1
0.901 1
0.903 1
0.905 1
0.907 1
0.909 1
0.911 1
0.913 1
0.915 1
0.917 1
0.919 1
0.921 1
0.923 1
0.925 1
0.927 1
0.929 1
0.931 1
0.933 1
0.935 1
0.937 1
0.939 1
0.941 1
0.943 1
0.945 1
0.947 1
0.949 1
0.951 1
0.953 1
0.955 1
0.957 1
0.959 1
0.961 1
0.963 1
0.965 1
0.967 1
0.969 1
0.971 1
0.973 1
0.975 1
0.977 1
0.979 1
0.981 1
0.983 1
0.985 1
0.987 1
0.989 1
0.991 1
0.993 1
0.995 1
0.997 1
0.999 1
