0.005 1.33193 0.808908 -0.525
0.015 1.33193 0.808908 -0.515028
0.025 1.33193 0.808908 -0.505028
0.035 1.33192 0.808908 -0.495028
0.045 1.3319 0.808908 -0.485028
0.055 1.33187 0.808908 -0.475028
0.065 1.33184 0.808908 -0.465028
0.075 1.3318 0.808908 -0.455028
0.085 1.33173 0.808908 -0.445028
0.095 1.33165 0.808908 -0.435028
0.105 1.33155 0.808908 -0.425028
0.115 1.33143 0.808908 -0.415028
0.125 1.33127 0.808908 -0.405028
0.135 1.33109 0.808908 -0.395028
0.145 1.33083 0.808908 -0.385028
0.155 1.3306 0.808908 -0.375028
0.165 1.33045 0.808908 -0.365028
0.175 1.33024 0.808908 -0.355028
0.185 1.32998 0.808908 -0.345028
0.195 1.32968 0.808908 -0.335028
0.205 1.32936 0.808908 -0.325028
0.215 1.329 0.808908 -0.315028
0.225 1.3286 0.808908 -0.305028
0.235 1.32814 0.808908 -0.295028
0.245 1.32757 0.808908 -0.285028
0.255 1.32686 0.808908 -0.275028
0.265 1.32597 0.808908 -0.265028
0.275 1.32482 0.808908 -0.255028
0.285 1.32334 0.808908 -0.245029
0.295 1.32153 0.808908 -0.235029
0.305 1.31943 0.808908 -0.225029
0.315 1.31705 0.808908 -0.215029
0.325 1.31433 0.808908 -0.205029
0.335 1.31117 0.808908 -0.195029
0.345 1.30746 0.808908 -0.18503
0.355 1.30309 0.808908 -0.17503
0.365 1.29785 0.808908 -0.16503
0.375 1.29145 0.808908 -0.15503
0.385 1.28354 0.808908 -0.14503
0.395 1.27427 0.808908 -0.135031
0.405 1.26285 0.808908 -0.125031
0.415 1.24893 0.808908 -0.115031
0.425 1.23368 0.808908 -0.105032
0.435 1.21451 0.808908 -0.0950323
0.445 1.18575 0.808908 -0.085033
0.455 1.14642 0.808908 -0.0750339
0.465 1.09893 0.808917 -0.0650349
0.475 1.04411 0.807256 -0.0550359
0.485 0.984072 0.801478 -0.045037
0.495 0.919034 0.78978 -0.035038
0.505 0.858221 0.768885 -0.0250386
0.515 0.822596 0.737253 -0.015039
0.525 0.811762 0.695079 -0.00530929
0.535 0.809428 0.640989 0.00819936
0.545 0.808908 0.572172 0.0149736
0.555 0.808908 0.488878 0.0249609
0.565 0.808908 0.386666 0.0349609
0.575 0.808908 0.28402 0.044961
0.585 0.808908 0.214853 0.0549612
0.595 0.808908 0.180334 0.0649614
0.605 0.808908 0.16563 0.0749617
0.615 0.808908 0.15972 0.0849621
0.625 0.808908 0.157431 0.0949626
0.635 0.808908 0.156579 0.104963
0.645 0.808908 0.156267 0.114964
0.655 0.808908 0.156134 0.124964
0.665 0.808908 0.156021 0.134965
0.675 0.808908 0.155864 0.144966
0.685 0.808908 0.155636 0.154966
0.695 0.808908 0.155384 0.164967
0.705 0.808908 0.155107 0.174967
0.715 0.808908 0.15481 0.184968
0.725 0.808908 0.154414 0.194968
0.735 0.808908 0.153749 0.204969
0.745 0.808908 0.152694 0.214971
0.755 0.808908 0.151082 0.224975
0.765 0.808908 0.148832 0.234979
0.775 0.808908 0.145773 0.244985
0.785 0.808908 0.142488 0.254991
0.795 0.808908 0.140192 0.264996
0.805 0.808908 0.139009 0.274998
0.815 0.808908 0.138437 0.284999
0.825 0.808908 0.138162 0.294999
0.835 0.808908 0.138029 0.305
0.845 0.808908 0.137962 0.315
0.855 0.808908 0.13793 0.325
0.865 0.808908 0.137914 0.335
0.875 0.808908 0.137907 0.345
0.885 0.808908 0.137903 0.355
0.895 0.808908 0.137901 0.365
0.905 0.808908 0.137901 0.375
0.915 0.808908 0.1379 0.385
0.925 0.808908 0.1379 0.395
0.935 0.808908 0.1379 0.405
0.945 0.808908 0.1379 0.415
0.955 0.808908 0.1379 0.425
0.965 0.808908 0.1379 0.435
0.975 0.808908 0.1379 0.445
0.985 0.808908 0.1379 0.455
0.995 0.808908 0.1379 0.465
