0.001 3.03975e+08
0.003 3.03975e+08
0.005 3.03975e+08
0.007 3.03975e+08
0.009 3.03975e+08
0.011 3.03975e+08
0.013 3.03975e+08
0.015 3.03975e+08
0.017 3.03975e+08
0.019 3.03975e+08
0.021 3.03975e+08
0.023 3.03975e+08
0.025 3.03975e+08
0.027 3.03975e+08
0.029 3.03975e+08
0.031 3.03975e+08
0.033 3.03975e+08
0.035 3.03975e+08
0.037 3.03975e+08
0.039 3.03975e+08
0.041 3.03975e+08
0.043 3.03975e+08
0.045 3.03975e+08
0.047 3.03975e+08
0.049 3.03975e+08
0.051 3.03975e+08
0.053 3.03975e+08
0.055 3.03975e+08
0.057 3.03975e+08
0.059 3.03975e+08
0.061 3.03975e+08
0.063 3.03975e+08
0.065 3.03975e+08
0.067 3.03975e+08
0.069 3.03975e+08
0.071 3.03975e+08
0.073 3.03975e+08
0.075 3.03975e+08
0.077 3.03975e+08
0.079 3.03975e+08
0.081 3.03975e+08
0.083 3.03975e+08
0.085 3.03975e+08
0.087 3.03975e+08
0.089 3.03975e+08
0.091 3.03975e+08
0.093 3.03975e+08
0.095 3.03975e+08
0.097 3.03975e+08
0.099 3.03975e+08
0.101 3.03975e+08
0.103 3.03975e+08
0.105 3.03975e+08
0.107 3.03975e+08
0.109 3.03975e+08
0.111 3.03975e+08
0.113 3.03975e+08
0.115 3.03975e+08
0.117 3.03975e+08
0.119 3.03975e+08
0.121 3.03975e+08
0.123 3.03975e+08
0.125 3.03975e+08
0.127 3.03975e+08
0.129 3.03975e+08
0.131 3.03975e+08
0.133 3.03975e+08
0.135 3.03975e+08
0.137 3.03975e+08
0.139 3.03975e+08
0.141 3.03975e+08
0.143 3.03975e+08
0.145 3.03975e+08
0.147 3.03975e+08
0.149 3.03975e+08
0.151 3.03975e+08
0.153 3.03975e+08
0.155 3.03975e+08
0.157 3.03975e+08
0.159 3.03975e+08
0.161 3.03975e+08
0.163 3.03975e+08
0.165 3.03975e+08
0.167 3.03975e+08
0.169 3.03975e+08
0.171 3.03975e+08
0.173 3.03975e+08
0.175 3.03975e+08
0.177 3.03975e+08
0.179 3.03975e+08
0.181 3.03975e+08
0.183 3.03975e+08
0.185 3.03975e+08
0.187 3.03975e+08
0.189 3.03975e+08
0.191 3.03975e+08
0.193 3.03975e+08
0.195 3.03975e+08
0.197 3.03975e+08
0.199 3.03975e+08
0.201 3.03975e+08
0.203 3.03975e+08
0.205 3.03975e+08
0.207 3.03975e+08
0.209 3.03975e+08
0.211 3.03975e+08
0.213 3.03975e+08
0.215 3.03975e+08
0.217 3.03975e+08
0.219 3.03975e+08
0.221 3.03975e+08
0.223 3.03975e+08
0.225 3.03975e+08
0.227 3.03975e+08
0.229 3.03975e+08
0.231 3.03975e+08
0.233 3.03975e+08
0.235 3.03975e+08
0.237 3.03975e+08
0.239 3.03975e+08
0.241 3.03975e+08
0.243 3.03975e+08
0.245 3.03975e+08
0.247 3.03975e+08
0.249 3.03975e+08
0.251 3.03975e+08
0.253 3.03975e+08
0.255 3.03975e+08
0.257 3.03975e+08
0.259 3.03975e+08
0.261 3.03975e+08
0.263 3.03975e+08
0.265 3.03975e+08
0.267 3.03975e+08
0.269 3.03975e+08
0.271 3.03975e+08
0.273 3.03975e+08
0.275 3.03975e+08
0.277 3.03975e+08
0.279 3.03975e+08
0.281 3.03975e+08
0.283 3.03975e+08
0.285 3.03975e+08
0.287 3.03975e+08
0.289 3.03975e+08
0.291 3.03975e+08
0.293 3.03975e+08
0.295 3.03975e+08
0.297 3.03975e+08
0.299 3.03975e+08
0.301 3.03975e+08
0.303 3.03975e+08
0.305 3.03975e+08
0.307 3.03975e+08
0.309 3.03975e+08
0.311 3.03975e+08
0.313 3.03975e+08
0.315 3.03975e+08
0.317 3.03975e+08
0.319 3.03975e+08
0.321 3.03975e+08
0.323 3.03975e+08
0.325 3.03975e+08
0.327 3.03975e+08
0.329 3.03975e+08
0.331 3.03975e+08
0.333 3.03975e+08
0.335 3.03975e+08
0.337 3.03975e+08
0.339 3.03975e+08
0.341 3.03975e+08
0.343 3.03975e+08
0.345 3.03975e+08
0.347 3.03975e+08
0.349 3.03975e+08
0.351 3.03975e+08
0.353 3.03975e+08
0.355 3.03975e+08
0.357 3.03975e+08
0.359 3.03975e+08
0.361 3.03975e+08
0.363 3.03975e+08
0.365 3.03975e+08
0.367 3.03975e+08
0.369 3.03975e+08
0.371 3.03975e+08
0.373 3.03975e+08
0.375 3.03975e+08
0.377 3.03975e+08
0.379 3.03975e+08
0.381 3.03975e+08
0.383 3.03975e+08
0.385 3.03975e+08
0.387 3.03975e+08
0.389 3.03975e+08
0.391 3.03975e+08
0.393 3.03975e+08
0.395 3.03975e+08
0.397 3.03975e+08
0.399 3.03975e+08
0.401 3.03975e+08
0.403 3.03975e+08
0.405 3.03975e+08
0.407 3.03975e+08
0.409 3.03975e+08
0.411 3.03975e+08
0.413 3.03975e+08
0.415 3.03975e+08
0.417 3.03975e+08
0.419 3.03975e+08
0.421 3.03975e+08
0.423 3.03975e+08
0.425 3.03975e+08
0.427 3.03975e+08
0.429 3.03975e+08
0.431 3.03974e+08
0.433 3.03967e+08
0.435 3.03923e+08
0.437 3.03749e+08
0.439 3.0321e+08
0.441 3.01851e+08
0.443 2.98962e+08
0.445 2.93667e+08
0.447 2.85146e+08
0.449 2.72886e+08
0.451 2.56846e+08
0.453 2.37442e+08
0.455 2.15391e+08
0.457 1.91593e+08
0.459 1.67093e+08
0.461 1.46993e+08
0.463 1.3458e+08
0.465 1.28984e+08
0.467 1.27197e+08
0.469 1.2669e+08
0.471 1.26456e+08
0.473 1.26298e+08
0.475 1.26151e+08
0.477 1.26064e+08
0.479 1.26005e+08
0.481 1.25981e+08
0.483 1.25982e+08
0.485 1.25995e+08
0.487 1.26002e+08
0.489 1.25984e+08
0.491 1.2595e+08
0.493 1.25927e+08
0.495 1.25929e+08
0.497 1.25963e+08
0.499 1.26002e+08
0.501 1.26003e+08
0.503 1.25961e+08
0.505 1.25916e+08
0.507 1.25909e+08
0.509 1.25933e+08
0.511 1.25977e+08
0.513 1.26036e+08
0.515 1.26071e+08
0.517 1.26065e+08
0.519 1.26025e+08
0.521 1.25982e+08
0.523 1.25975e+08
0.525 1.26003e+08
0.527 1.26067e+08
0.529 1.2616e+08
0.531 1.26288e+08
0.533 1.26322e+08
0.535 1.26198e+08
0.537 1.25997e+08
0.539 1.25248e+08
0.541 1.23881e+08
0.543 1.19979e+08
0.545 1.11275e+08
0.547 9.22935e+07
0.549 5.68758e+07
0.551 1.45833e+07
0.553 2.06475e+06
0.555 299421
0.557 119362
0.559 102603
0.561 101402
0.563 101329
0.565 101325
0.567 101325
0.569 101325
0.571 101325
0.573 101325
0.575 101325
0.577 101325
0.579 101325
0.581 101325
0.583 101325
0.585 101325
0.587 101325
0.589 101325
0.591 101325
0.593 101325
0.595 101325
0.597 101325
0.599 101325
0.601 101325
0.603 101325
0.605 101325
0.607 101325
0.609 101325
0.611 101325
0.613 101325
0.615 101325
0.617 101325
0.619 101325
0.621 101325
0.623 101325
0.625 101325
0.627 101325
0.629 101325
0.631 101325
0.633 101325
0.635 101325
0.637 101325
0.639 101325
0.641 101325
0.643 101325
0.645 101325
0.647 101325
0.649 101325
0.651 101325
0.653 101325
0.655 101325
0.657 101325
0.659 101325
0.661 101325
0.663 101325
0.665 101325
0.667 101325
0.669 101325
0.671 101325
0.673 101325
0.675 101325
0.677 101325
0.679 101325
0.681 101325
0.683 101325
0.685 101325
0.687 101325
0.689 101325
0.691 101325
0.693 101325
0.695 101325
0.697 101325
0.699 101325
0.701 101325
0.703 101325
0.705 101325
0.707 101325
0.709 101325
0.711 101325
0.713 101325
0.715 101325
0.717 101325
0.719 101325
0.721 101325
0.723 101325
0.725 101325
0.727 101325
0.729 101325
0.731 101325
0.733 101325
0.735 101325
0.737 101325
0.739 101325
0.741 101325
0.743 101325
0.745 101325
0.747 101325
0.749 101325
0.751 101325
0.753 101325
0.755 101325
0.757 101325
0.759 101325
0.761 101325
0.763 101325
0.765 101325
0.767 101325
0.769 101325
0.771 101325
0.773 101325
0.775 101325
0.777 101325
0.779 101325
0.781 101325
0.783 101325
0.785 101325
0.787 101325
0.789 101325
0.791 101325
0.793 101325
0.795 101325
0.797 101325
0.799 101325
0.801 101325
0.803 101325
0.805 101325
0.807 101325
0.809 101325
0.811 101325
0.813 101325
0.815 101325
0.817 101325
0.819 101325
0.821 101325
0.823 101325
0.825 101325
0.827 101325
0.829 101325
0.831 101325
0.833 101325
0.835 101325
0.837 101325
0.839 101325
0.841 101325
0.843 101325
0.845 101325
0.847 101325
0.849 101325
0.851 101325
0.853 101325
0.855 101325
0.857 101325
0.859 101325
0.861 101325
0.863 101325
0.865 101325
0.867 101325
0.869 101325
0.871 101325
0.873 101325
0.875 101325
0.877 101325
0.879 101325
0.881 101325
0.883 101325
0.885 101325
0.887 101325
0.889 101325
0.891 101325
0.893 101325
0.895 101325
0.897 101325
0.899 101325
0.901 101325
0.903 101325
0.905 101325
0.907 101325
0.909 101325
0.911 101325
0.913 101325
0.915 101325
0.917 101325
0.919 101325
0.921 101325
0.923 101325
0.925 101325
0.927 101325
0.929 101325
0.931 101325
0.933 101325
0.935 101325
0.937 101325
0.939 101325
0.941 101325
0.943 101325
0.945 101325
0.947 101325
0.949 101325
0.951 101325
0.953 101325
0.955 101325
0.957 101325
0.959 101325
0.961 101325
0.963 101325
0.965 101325
0.967 101325
0.969 101325
0.971 101325
0.973 101325
0.975 101325
0.977 101325
0.979 101325
0.981 101325
0.983 101325
0.985 101325
0.987 101325
0.989 101325
0.991 101325
0.993 101325
0.995 101325
0.997 101325
0.999 101325
