0.001 1 0.1 -0.499
0.003 1 0.1 -0.497
0.005 1 0.1 -0.495
0.007 1 0.1 -0.493
0.009 1 0.1 -0.491
0.011 1 0.1 -0.489
0.013 1 0.1 -0.487
0.015 1 0.1 -0.485
0.017 1 0.1 -0.483
0.019 1 0.1 -0.481
0.021 1 0.1 -0.479
0.023 1 0.1 -0.477
0.025 1 0.1 -0.475
0.027 1 0.1 -0.473
0.029 1 0.1 -0.471
0.031 1 0.1 -0.469
0.033 1 0.1 -0.467
0.035 1 0.1 -0.465
0.037 1 0.1 -0.463
0.039 1 0.1 -0.461
0.041 1 0.1 -0.459
0.043 1 0.1 -0.457
0.045 1 0.1 -0.455
0.047 1 0.1 -0.453
0.049 1 0.1 -0.451
0.051 1 0.1 -0.449
0.053 1 0.1 -0.447
0.055 1 0.1 -0.445
0.057 1 0.1 -0.443
0.059 1 0.1 -0.441
0.061 1 0.1 -0.439
0.063 1 0.1 -0.437
0.065 1 0.1 -0.435
0.067 1 0.1 -0.433
0.069 1 0.1 -0.431
0.071 1 0.1 -0.429
0.073 1 0.1 -0.427
0.075 1 0.1 -0.425
0.077 1 0.1 -0.423
0.079 1 0.1 -0.421
0.081 1 0.1 -0.419
0.083 1 0.1 -0.417
0.085 1 0.1 -0.415
0.087 1 0.1 -0.413
0.089 1 0.1 -0.411
0.091 1 0.1 -0.409
0.093 1 0.1 -0.407
0.095 1 0.1 -0.405
0.097 1 0.1 -0.403
0.099 1 0.1 -0.401
0.101 1 0.1 -0.399
0.103 1 0.1 -0.397
0.105 1 0.1 -0.395
0.107 1 0.1 -0.393
0.109 1 0.1 -0.391
0.111 1 0.1 -0.389
0.113 1 0.1 -0.387
0.115 1 0.1 -0.385
0.117 1 0.1 -0.383
0.119 1 0.1 -0.381
0.121 1 0.1 -0.379
0.123 1 0.1 -0.377
0.125 1 0.1 -0.375
0.127 1 0.1 -0.373
0.129 1 0.1 -0.371
0.131 1 0.1 -0.369
0.133 1 0.1 -0.367
0.135 1 0.1 -0.365
0.137 1 0.1 -0.363
0.139 1 0.1 -0.361
0.141 1 0.1 -0.359
0.143 1 0.1 -0.357
0.145 1 0.1 -0.355
0.147 1 0.1 -0.353
0.149 1 0.1 -0.351
0.151 1 0.1 -0.349
0.153 1 0.1 -0.347
0.155 1 0.1 -0.345
0.157 1 0.1 -0.343
0.159 1 0.1 -0.341
0.161 1 0.1 -0.339
0.163 1 0.1 -0.337
0.165 1 0.1 -0.335
0.167 1 0.1 -0.333
0.169 1 0.1 -0.331
0.171 1 0.1 -0.329
0.173 1 0.1 -0.327
0.175 1 0.1 -0.325
0.177 1 0.1 -0.323
0.179 1 0.1 -0.321
0.181 1 0.1 -0.319
0.183 1 0.1 -0.317
0.185 1 0.1 -0.315
0.187 1 0.1 -0.313
0.189 1 0.1 -0.311
0.191 1 0.1 -0.309
0.193 1 0.1 -0.307
0.195 1 0.1 -0.305
0.197 1 0.1 -0.303
0.199 1 0.1 -0.301
0.201 1 0.1 -0.299
0.203 1 0.1 -0.297
0.205 1 0.1 -0.295
0.207 1 0.1 -0.293
0.209 1 0.1 -0.291
0.211 1 0.1 -0.289
0.213 1 0.1 -0.287
0.215 1 0.1 -0.285
0.217 1 0.1 -0.283
0.219 1 0.1 -0.281
0.221 1 0.1 -0.279
0.223 1 0.100001 -0.277
0.225 1 0.100008 -0.275
0.227 1 0.100044 -0.273
0.229 1 0.10024 -0.271
0.231 1 0.1013 -0.269
0.233 1 0.106755 -0.267
0.235 1 0.129795 -0.265
0.237 1 0.194561 -0.263
0.239 1 0.274556 -0.261
0.241 1 0.30189 -0.259
0.243 1 0.303221 -0.257
0.245 1 0.303136 -0.255
0.247 1 0.303115 -0.253
0.249 1 0.303106 -0.251
0.251 1 0.303112 -0.249
0.253 1 0.303113 -0.247
0.255 1 0.303113 -0.245
0.257 1 0.30311 -0.243
0.259 1 0.303107 -0.241
0.261 1 0.303106 -0.239
0.263 0.999999 0.303106 -0.237
0.265 0.999999 0.303107 -0.235
0.267 0.999997 0.303109 -0.233
0.269 0.999996 0.303112 -0.231
0.271 0.999993 0.303114 -0.229
0.273 0.999988 0.303116 -0.227
0.275 0.999981 0.303116 -0.225
0.277 0.999969 0.303116 -0.223
0.279 0.999951 0.303116 -0.221
0.281 0.999923 0.303116 -0.219
0.283 0.999882 0.303116 -0.217
0.285 0.99982 0.303117 -0.215
0.287 0.999729 0.303119 -0.213001
0.289 0.999598 0.303121 -0.211001
0.291 0.999412 0.303122 -0.209002
0.293 0.999152 0.303124 -0.207003
0.295 0.998792 0.303125 -0.205004
0.297 0.998304 0.303126 -0.203006
0.299 0.997652 0.303127 -0.201008
0.301 0.996795 0.303128 -0.199012
0.303 0.995684 0.30313 -0.197016
0.305 0.99427 0.303132 -0.195023
0.307 0.992497 0.303135 -0.193031
0.309 0.990309 0.303138 -0.191043
0.311 0.987655 0.303141 -0.189057
0.313 0.984483 0.303145 -0.187076
0.315 0.980751 0.303148 -0.185099
0.317 0.976426 0.303151 -0.183127
0.319 0.971487 0.303154 -0.181163
0.321 0.965926 0.303157 -0.179205
0.323 0.959747 0.303158 -0.177256
0.325 0.952968 0.303158 -0.175317
0.327 0.945618 0.303155 -0.173387
0.329 0.937736 0.303149 -0.171468
0.331 0.929369 0.303138 -0.169562
0.333 0.920567 0.303125 -0.167667
0.335 0.911385 0.303111 -0.165786
0.337 0.901876 0.303096 -0.163919
0.339 0.892095 0.303082 -0.162066
0.341 0.882089 0.303069 -0.160228
0.343 0.871905 0.303061 -0.158405
0.345 0.861584 0.303057 -0.156597
0.347 0.851161 0.303058 -0.154804
0.349 0.840666 0.303065 -0.153028
0.351 0.830123 0.303075 -0.151267
0.353 0.81955 0.303088 -0.149523
0.355 0.808963 0.3031 -0.147795
0.357 0.798395 0.30311 -0.146083
0.359 0.787879 0.303117 -0.144387
0.361 0.777429 0.303121 -0.142707
0.363 0.767056 0.303121 -0.141043
0.365 0.756765 0.303121 -0.139396
0.367 0.746562 0.30312 -0.137764
0.369 0.73645 0.303119 -0.136148
0.371 0.726431 0.303119 -0.134549
0.373 0.716507 0.303119 -0.132964
0.375 0.706681 0.303119 -0.131396
0.377 0.696954 0.303119 -0.129843
0.379 0.687326 0.303119 -0.128306
0.381 0.677799 0.303119 -0.126784
0.383 0.668374 0.303119 -0.125277
0.385 0.659052 0.303119 -0.123785
0.387 0.649833 0.303119 -0.122309
0.389 0.640718 0.303119 -0.120847
0.391 0.631707 0.303119 -0.1194
0.393 0.622801 0.303118 -0.117968
0.395 0.613999 0.303117 -0.11655
0.397 0.605303 0.303117 -0.115147
0.399 0.596712 0.303117 -0.113758
0.401 0.588227 0.303117 -0.112384
0.403 0.579846 0.303117 -0.111024
0.405 0.571571 0.303116 -0.109677
0.407 0.5634 0.303116 -0.108345
0.409 0.555335 0.303116 -0.107026
0.411 0.547374 0.303116 -0.105721
0.413 0.539517 0.303115 -0.104429
0.415 0.531764 0.303115 -0.103151
0.417 0.524115 0.303115 -0.101886
0.419 0.516568 0.303115 -0.100634
0.421 0.509125 0.303114 -0.0993955
0.423 0.501785 0.303114 -0.0981695
0.425 0.494547 0.303113 -0.0969563
0.427 0.487411 0.303113 -0.0957558
0.429 0.480377 0.303112 -0.0945677
0.431 0.473444 0.303111 -0.0933919
0.433 0.466614 0.303111 -0.0922284
0.435 0.459885 0.30311 -0.091077
0.437 0.453258 0.303109 -0.0899376
0.439 0.446733 0.303109 -0.08881
0.441 0.440311 0.303108 -0.0876941
0.443 0.433992 0.303107 -0.0865897
0.445 0.427776 0.303106 -0.0854967
0.447 0.421665 0.303105 -0.084415
0.449 0.415661 0.303104 -0.0833444
0.451 0.409763 0.303106 -0.0822847
0.453 0.403974 0.303109 -0.0812359
0.455 0.398296 0.303116 -0.0801976
0.457 0.392731 0.303131 -0.0791698
0.459 0.387281 0.303156 -0.0781523
0.461 0.38195 0.303199 -0.0771449
0.463 0.376742 0.303262 -0.0761474
0.465 0.371659 0.303356 -0.0751596
0.467 0.366706 0.303461 -0.0741813
0.469 0.361888 0.303561 -0.0732123
0.471 0.35721 0.303663 -0.0722523
0.473 0.352676 0.303798 -0.0713011
0.475 0.348294 0.303952 -0.0703583
0.477 0.34407 0.304135 -0.0694239
0.479 0.340011 0.304393 -0.0684973
0.481 0.336127 0.304715 -0.0675785
0.483 0.332427 0.305132 -0.0666668
0.485 0.328926 0.305661 -0.0657622
0.487 0.325635 0.306304 -0.064864
0.489 0.322568 0.307079 -0.063972
0.491 0.319737 0.308008 -0.0630856
0.493 0.31715 0.309106 -0.0622044
0.495 0.314811 0.310386 -0.0613278
0.497 0.31272 0.31186 -0.0604555
0.499 0.310871 0.313537 -0.0595869
0.501 0.30926 0.315427 -0.0587216
0.503 0.307884 0.317533 -0.057859
0.505 0.306742 0.319854 -0.0569987
0.507 0.305824 0.322389 -0.0561403
0.509 0.305116 0.325139 -0.0552834
0.511 0.304594 0.328101 -0.0544274
0.513 0.304228 0.331265 -0.0535723
0.515 0.303984 0.33462 -0.0527175
0.517 0.30382 0.338162 -0.0518631
0.519 0.303708 0.341882 -0.0510089
0.521 0.303627 0.345768 -0.0501549
0.523 0.303561 0.349813 -0.0493009
0.525 0.303494 0.354012 -0.0484471
0.527 0.30343 0.358357 -0.0475934
0.529 0.303351 0.362835 -0.0467398
0.531 0.30327 0.367443 -0.0458863
0.533 0.303214 0.372177 -0.045033
0.535 0.303163 0.377033 -0.0441799
0.537 0.303121 0.382007 -0.0433268
0.539 0.303101 0.387099 -0.0424737
0.541 0.303097 0.392306 -0.0416206
0.543 0.3031 0.397621 -0.0407675
0.545 0.303104 0.403038 -0.0399144
0.547 0.303107 0.408559 -0.0390612
0.549 0.30311 0.414185 -0.038208
0.551 0.303112 0.419906 -0.0373548
0.553 0.303115 0.42572 -0.0365015
0.555 0.303117 0.431642 -0.0356482
0.557 0.303119 0.43767 -0.0347948
0.559 0.303121 0.443787 -0.0339414
0.561 0.303123 0.449991 -0.0330879
0.563 0.303124 0.456298 -0.0322344
0.565 0.303125 0.462708 -0.0313808
0.567 0.303125 0.4692 -0.0305271
0.569 0.303125 0.475778 -0.0296734
0.571 0.303126 0.482456 -0.0288195
0.573 0.303126 0.48923 -0.0279655
0.575 0.303127 0.496084 -0.0271113
0.577 0.303127 0.503034 -0.0262571
0.579 0.303127 0.510092 -0.0254026
0.581 0.303128 0.517235 -0.0245479
0.583 0.303128 0.524452 -0.023693
0.585 0.303128 0.531776 -0.0228378
0.587 0.303129 0.539221 -0.0219823
0.589 0.303129 0.546734 -0.0211265
0.591 0.30313 0.554301 -0.0202702
0.593 0.30313 0.561996 -0.0194134
0.595 0.303131 0.56984 -0.0185558
0.597 0.303131 0.577733 -0.0176971
0.599 0.303132 0.585651 -0.0168367
0.601 0.303132 0.593723 -0.0159738
0.603 0.303133 0.601977 -0.0151072
0.605 0.303133 0.610259 -0.0142349
0.607 0.303133 0.618534 -0.0133543
0.609 0.303134 0.626983 -0.0124617
0.611 0.303134 0.635652 -0.0115521
0.613 0.303134 0.64434 -0.010619
0.615 0.303135 0.652987 -0.0096541
0.617 0.303135 0.661807 -0.0086472
0.619 0.303135 0.670878 -0.00758606
0.621 0.303136 0.680002 -0.0064565
0.623 0.303136 0.689082 -0.00524264
0.625 0.303137 0.698283 -0.00392726
0.627 0.303137 0.707703 -0.00249242
0.629 0.303137 0.717246 -0.000920156
0.631 0.303138 0.726849 0.00080664
0.633 0.303138 0.736468 0.00270336
0.635 0.303137 0.746171 0.00478282
0.637 0.303135 0.756173 0.00705449
0.639 0.303132 0.766286 0.00952395
0.641 0.303127 0.776227 0.0121925
0.643 0.30312 0.786294 0.0150573
0.645 0.303112 0.796766 0.0181113
0.647 0.303103 0.807268 0.0213439
0.649 0.303095 0.817563 0.0247415
0.651 0.303088 0.828079 0.0282885
0.653 0.303085 0.839013 0.0319678
0.655 0.303085 0.849869 0.035762
0.657 0.303089 0.860547 0.0396539
0.659 0.303097 0.871458 0.0436272
0.661 0.303109 0.88277 0.0476669
0.663 0.303123 0.893972 0.0517599
0.665 0.30314 0.904988 0.0558946
0.667 0.303158 0.916232 0.0600614
0.669 0.303171 0.927793 0.0642523
0.671 0.303181 0.939105 0.0684611
0.673 0.30319 0.950061 0.0726829
0.675 0.303196 0.960322 0.0769138
0.677 0.303196 0.969524 0.0811511
0.679 0.303193 0.977521 0.0853925
0.681 0.303189 0.984205 0.0896368
0.683 0.303186 0.989502 0.093883
0.685 0.303182 0.993442 0.0981304
0.687 0.303175 0.99617 0.102378
0.689 0.30317 0.997913 0.106627
0.691 0.303168 0.998941 0.110876
0.693 0.303167 0.999498 0.115125
0.695 0.303167 0.999778 0.119374
0.697 0.303166 0.999907 0.123623
0.699 0.303166 0.999964 0.127872
0.701 0.303165 0.999987 0.132122
0.703 0.303165 0.999995 0.136371
0.705 0.303164 0.999998 0.14062
0.707 0.303163 0.999999 0.144869
0.709 0.303162 1 0.149119
0.711 0.303163 1 0.153368
0.713 0.303163 1 0.157616
0.715 0.303164 1 0.161865
0.717 0.303166 1 0.166113
0.719 0.303168 1 0.170361
0.721 0.30317 1 0.17461
0.723 0.303171 1 0.178858
0.725 0.303171 1 0.183107
0.727 0.303171 1 0.187357
0.729 0.303172 1 0.191607
0.731 0.303173 1 0.195856
0.733 0.303176 1 0.200107
0.735 0.30318 1 0.204357
0.737 0.303185 1 0.208607
0.739 0.30319 1 0.212857
0.741 0.303193 1 0.217107
0.743 0.303193 1 0.221357
0.745 0.303191 1 0.225607
0.747 0.303189 1 0.229857
0.749 0.303183 1 0.234106
0.751 0.303166 1 0.238356
0.753 0.303093 1 0.242605
0.755 0.302764 1 0.246851
0.757 0.301343 1 0.251086
0.759 0.295556 1 0.255267
0.761 0.276732 1 0.259261
0.763 0.216053 1 0.262616
0.765 0.123314 1 0.264984
0.767 0.100537 1 0.267
0.769 0.100007 1 0.269
0.771 0.1 1 0.271
0.773 0.1 1 0.273
0.775 0.1 1 0.275
0.777 0.1 1 0.277
0.779 0.1 1 0.279
0.781 0.1 1 0.281
0.783 0.1 1 0.283
0.785 0.1 1 0.285
0.787 0.1 1 0.287
0.789 0.1 1 0.289
0.791 0.1 1 0.291
0.793 0.1 1 0.293
0.795 0.1 1 0.295
0.797 0.1 1 0.297
0.799 0.1 1 0.299
0.801 0.1 1 0.301
0.803 0.1 1 0.303
0.805 0.1 1 0.305
0.807 0.1 1 0.307
0.809 0.1 1 0.309
0.811 0.1 1 0.311
0.813 0.1 1 0.313
0.815 0.1 1 0.315
0.817 0.1 1 0.317
0.819 0.1 1 0.319
0.821 0.1 1 0.321
0.823 0.1 1 0.323
0.825 0.1 1 0.325
0.827 0.1 1 0.327
0.829 0.1 1 0.329
0.831 0.1 1 0.331
0.833 0.1 1 0.333
0.835 0.1 1 0.335
0.837 0.1 1 0.337
0.839 0.1 1 0.339
0.841 0.1 1 0.341
0.843 0.1 1 0.343
0.845 0.1 1 0.345
0.847 0.1 1 0.347
0.849 0.1 1 0.349
0.851 0.1 1 0.351
0.853 0.1 1 0.353
0.855 0.1 1 0.355
0.857 0.1 1 0.357
0.859 0.1 1 0.359
0.861 0.1 1 0.361
0.863 0.1 1 0.363
0.865 0.1 1 0.365
0.867 0.1 1 0.367
0.869 0.1 1 0.369
0.871 0.1 1 0.371
0.873 0.1 1 0.373
0.875 0.1 1 0.375
0.877 0.1 1 0.377
0.879 0.1 1 0.379
0.881 0.1 1 0.381
0.883 0.1 1 0.383
0.885 0.1 1 0.385
0.887 0.1 1 0.387
0.889 0.1 1 0.389
0.891 0.1 1 0.391
0.893 0.1 1 0.393
0.895 0.1 1 0.395
0.897 0.1 1 0.397
0.899 0.1 1 0.399
0.901 0.1 1 0.401
0.903 0.1 1 0.403
0.905 0.1 1 0.405
0.907 0.1 1 0.407
0.909 0.1 1 0.409
0.911 0.1 1 0.411
0.913 0.1 1 0.413
0.915 0.1 1 0.415
0.917 0.1 1 0.417
0.919 0.1 1 0.419
0.921 0.1 1 0.421
0.923 0.1 1 0.423
0.925 0.1 1 0.425
0.927 0.1 1 0.427
0.929 0.1 1 0.429
0.931 0.1 1 0.431
0.933 0.1 1 0.433
0.935 0.1 1 0.435
0.937 0.1 1 0.437
0.939 0.1 1 0.439
0.941 0.1 1 0.441
0.943 0.1 1 0.443
0.945 0.1 1 0.445
0.947 0.1 1 0.447
0.949 0.1 1 0.449
0.951 0.1 1 0.451
0.953 0.1 1 0.453
0.955 0.1 1 0.455
0.957 0.1 1 0.457
0.959 0.1 1 0.459
0.961 0.1 1 0.461
0.963 0.1 1 0.463
0.965 0.1 1 0.465
0.967 0.1 1 0.467
0.969 0.1 1 0.469
0.971 0.1 1 0.471
0.973 0.1 1 0.473
0.975 0.1 1 0.475
0.977 0.1 1 0.477
0.979 0.1 1 0.479
0.981 0.1 1 0.481
0.983 0.1 1 0.483
0.985 0.1 1 0.485
0.987 0.1 1 0.487
0.989 0.1 1 0.489
0.991 0.1 1 0.491
0.993 0.1 1 0.493
0.995 0.1 1 0.495
0.997 0.1 1 0.497
0.999 0.1 1 0.499
