0.001 1 0.1 -0.499
0.003 1 0.1 -0.497
0.005 1 0.1 -0.495
0.007 1 0.1 -0.493
0.009 1 0.1 -0.491
0.011 1 0.1 -0.489
0.013 1 0.1 -0.487
0.015 1 0.1 -0.485
0.017 1 0.1 -0.483
0.019 1 0.1 -0.481
0.021 1 0.1 -0.479
0.023 1 0.1 -0.477
0.025 1 0.1 -0.475
0.027 1 0.1 -0.473
0.029 1 0.1 -0.471
0.031 1 0.1 -0.469
0.033 1 0.1 -0.467
0.035 1 0.1 -0.465
0.037 1 0.1 -0.463
0.039 1 0.1 -0.461
0.041 1 0.1 -0.459
0.043 1 0.1 -0.457
0.045 1 0.1 -0.455
0.047 1 0.1 -0.453
0.049 1 0.1 -0.451
0.051 1 0.1 -0.449
0.053 1 0.1 -0.447
0.055 1 0.1 -0.445
0.057 1 0.1 -0.443
0.059 1 0.1 -0.441
0.061 1 0.1 -0.439
0.063 1 0.1 -0.437
0.065 1 0.1 -0.435
0.067 1 0.1 -0.433
0.069 1 0.1 -0.431
0.071 1 0.1 -0.429
0.073 1 0.1 -0.427
0.075 1 0.1 -0.425
0.077 1 0.1 -0.423
0.079 1 0.1 -0.421
0.081 1 0.1 -0.419
0.083 1 0.1 -0.417
0.085 1 0.1 -0.415
0.087 1 0.1 -0.413
0.089 1 0.1 -0.411
0.091 1 0.1 -0.409
0.093 1 0.1 -0.407
0.095 1 0.1 -0.405
0.097 1 0.1 -0.403
0.099 1 0.1 -0.401
0.101 1 0.1 -0.399
0.103 1 0.1 -0.397
0.105 1 0.1 -0.395
0.107 1 0.1 -0.393
0.109 1 0.1 -0.391
0.111 1 0.1 -0.389
0.113 1 0.1 -0.387
0.115 1 0.1 -0.385
0.117 1 0.1 -0.383
0.119 1 0.1 -0.381
0.121 1 0.1 -0.379
0.123 1 0.1 -0.377
0.125 1 0.1 -0.375
0.127 1 0.1 -0.373
0.129 1 0.1 -0.371
0.131 1 0.1 -0.369
0.133 1 0.1 -0.367
0.135 1 0.100001 -0.365
0.137 1 0.100006 -0.363
0.139 1 0.100032 -0.361
0.141 1 0.100172 -0.359
0.143 1 0.100936 -0.357
0.145 1 0.104924 -0.355
0.147 1 0.122737 -0.353
0.149 1 0.176454 -0.351
0.151 1 0.263379 -0.349
0.153 1 0.300151 -0.347
0.155 1 0.303265 -0.345
0.157 1 0.303183 -0.343
0.159 1 0.30312 -0.341
0.161 1 0.303113 -0.339
0.163 1 0.303116 -0.337
0.165 1 0.303111 -0.335
0.167 1 0.303108 -0.333
0.169 1 0.30311 -0.331
0.171 1 0.303113 -0.329
0.173 1 0.303115 -0.327
0.175 1 0.303118 -0.325
0.177 1 0.30312 -0.323
0.179 1 0.30312 -0.321
0.181 1 0.303119 -0.319
0.183 1 0.303119 -0.317
0.185 1 0.303118 -0.315
0.187 1 0.303117 -0.313
0.189 1 0.303118 -0.311
0.191 1 0.30312 -0.309
0.193 1 0.303122 -0.307
0.195 0.999999 0.303124 -0.305
0.197 0.999999 0.303125 -0.303
0.199 0.999999 0.303125 -0.301
0.201 0.999998 0.303125 -0.299
0.203 0.999996 0.303125 -0.297
0.205 0.999994 0.303125 -0.295
0.207 0.999991 0.303126 -0.293
0.209 0.999987 0.303127 -0.291
0.211 0.999979 0.303129 -0.289
0.213 0.999969 0.303131 -0.287
0.215 0.999953 0.303134 -0.285
0.217 0.999931 0.303136 -0.283
0.219 0.999898 0.303139 -0.281
0.221 0.999852 0.303142 -0.279
0.223 0.999786 0.303144 -0.277001
0.225 0.999696 0.303148 -0.275001
0.227 0.999571 0.303152 -0.273001
0.229 0.999402 0.303156 -0.271002
0.231 0.999175 0.30316 -0.269003
0.233 0.998875 0.303164 -0.267004
0.235 0.998481 0.303165 -0.265006
0.237 0.997972 0.303163 -0.263008
0.239 0.997321 0.303159 -0.261011
0.241 0.996501 0.303154 -0.259015
0.243 0.99548 0.303146 -0.25702
0.245 0.994225 0.303136 -0.255027
0.247 0.992702 0.303123 -0.253036
0.249 0.990878 0.303108 -0.251047
0.251 0.988721 0.303087 -0.24906
0.253 0.986201 0.303072 -0.247077
0.255 0.983293 0.303066 -0.245097
0.257 0.97998 0.303063 -0.243122
0.259 0.976246 0.303063 -0.241152
0.261 0.972088 0.303065 -0.239188
0.263 0.967507 0.303071 -0.237229
0.265 0.96251 0.303081 -0.235278
0.267 0.957115 0.303092 -0.233333
0.269 0.951341 0.303102 -0.231397
0.271 0.945214 0.30311 -0.22947
0.273 0.938764 0.303117 -0.227551
0.275 0.932023 0.303121 -0.225642
0.277 0.925022 0.303124 -0.223743
0.279 0.917796 0.303125 -0.221855
0.281 0.910375 0.303125 -0.219977
0.283 0.90279 0.303125 -0.218111
0.285 0.89507 0.303125 -0.216256
0.287 0.887239 0.303125 -0.214412
0.289 0.879322 0.303125 -0.21258
0.291 0.871337 0.303126 -0.21076
0.293 0.863303 0.303126 -0.208952
0.295 0.855235 0.303127 -0.207155
0.297 0.847142 0.303128 -0.205371
0.299 0.839036 0.303128 -0.2036
0.301 0.830922 0.303129 -0.20184
0.303 0.82282 0.30313 -0.200093
0.305 0.814745 0.30313 -0.198358
0.307 0.806705 0.303131 -0.196636
0.309 0.798707 0.303133 -0.194925
0.311 0.790753 0.303134 -0.193227
0.313 0.782848 0.303135 -0.191541
0.315 0.774992 0.303137 -0.189868
0.317 0.767187 0.303139 -0.188206
0.319 0.759435 0.303141 -0.186556
0.321 0.751737 0.303143 -0.184919
0.323 0.744094 0.303146 -0.183293
0.325 0.736507 0.303149 -0.18168
0.327 0.728975 0.303152 -0.180078
0.329 0.7215 0.303155 -0.178488
0.331 0.714083 0.303157 -0.17691
0.333 0.706723 0.303157 -0.175343
0.335 0.699421 0.303156 -0.173788
0.337 0.692177 0.303153 -0.172245
0.339 0.684992 0.303148 -0.170713
0.341 0.677865 0.30314 -0.169193
0.343 0.670797 0.30313 -0.167684
0.345 0.663788 0.303118 -0.166186
0.347 0.656838 0.303104 -0.1647
0.349 0.649947 0.303092 -0.163225
0.351 0.643115 0.303081 -0.161761
0.353 0.636343 0.303074 -0.160308
0.355 0.629629 0.303072 -0.158866
0.357 0.622975 0.303074 -0.157435
0.359 0.61638 0.30308 -0.156015
0.361 0.609844 0.303089 -0.154606
0.363 0.603367 0.303099 -0.153208
0.365 0.596948 0.30311 -0.15182
0.367 0.590589 0.303118 -0.150443
0.369 0.584288 0.303125 -0.149076
0.371 0.578046 0.303128 -0.14772
0.373 0.571863 0.303128 -0.146375
0.375 0.565737 0.303127 -0.14504
0.377 0.55967 0.303125 -0.143715
0.379 0.55366 0.303123 -0.1424
0.381 0.547708 0.303122 -0.141096
0.383 0.541814 0.303121 -0.139801
0.385 0.535977 0.303121 -0.138517
0.387 0.530197 0.303121 -0.137242
0.389 0.524474 0.303122 -0.135978
0.391 0.518808 0.303122 -0.134723
0.393 0.513198 0.303122 -0.133478
0.395 0.507644 0.303121 -0.132243
0.397 0.502147 0.303121 -0.131017
0.399 0.496705 0.303121 -0.129801
0.401 0.491319 0.30312 -0.128595
0.403 0.485989 0.30312 -0.127398
0.405 0.480714 0.303119 -0.12621
0.407 0.475495 0.303119 -0.125031
0.409 0.47033 0.303118 -0.123862
0.411 0.465221 0.303118 -0.122702
0.413 0.460167 0.303118 -0.121551
0.415 0.455168 0.303118 -0.120409
0.417 0.450224 0.303118 -0.119276
0.419 0.445334 0.303117 -0.118151
0.421 0.4405 0.303117 -0.117036
0.423 0.435721 0.303117 -0.115929
0.425 0.430998 0.303116 -0.114831
0.427 0.42633 0.303116 -0.113741
0.429 0.421718 0.303115 -0.11266
0.431 0.417162 0.303115 -0.111587
0.433 0.412663 0.303114 -0.110523
0.435 0.40822 0.303113 -0.109466
0.437 0.403836 0.303113 -0.108418
0.439 0.39951 0.303112 -0.107378
0.441 0.395242 0.303112 -0.106346
0.443 0.391035 0.303112 -0.105322
0.445 0.386889 0.303113 -0.104306
0.447 0.382805 0.303116 -0.103298
0.449 0.378784 0.30312 -0.102297
0.451 0.374828 0.303128 -0.101303
0.453 0.370938 0.303141 -0.100317
0.455 0.367116 0.303163 -0.0993385
0.457 0.363364 0.303195 -0.098367
0.459 0.359684 0.303232 -0.0974026
0.461 0.356078 0.303277 -0.0964451
0.463 0.352549 0.303318 -0.0954944
0.465 0.3491 0.303365 -0.0945505
0.467 0.345733 0.303419 -0.093613
0.469 0.342454 0.303475 -0.092682
0.471 0.339265 0.303556 -0.0917572
0.473 0.336174 0.303658 -0.0908385
0.475 0.333184 0.303783 -0.0899256
0.477 0.330305 0.30394 -0.0890184
0.479 0.327542 0.304138 -0.0881167
0.481 0.324904 0.304383 -0.0872202
0.483 0.322398 0.304687 -0.0863287
0.485 0.320031 0.305059 -0.0854419
0.487 0.317811 0.305506 -0.0845595
0.489 0.315743 0.306042 -0.0836812
0.491 0.313832 0.306678 -0.0828068
0.493 0.312085 0.307424 -0.0819359
0.495 0.310505 0.308289 -0.0810682
0.497 0.309097 0.309281 -0.0802033
0.499 0.307865 0.310405 -0.0793408
0.501 0.306812 0.311668 -0.0784806
0.503 0.305939 0.313074 -0.0776221
0.505 0.305239 0.314627 -0.076765
0.507 0.304701 0.316328 -0.075909
0.509 0.3043 0.318176 -0.0750538
0.511 0.304011 0.320166 -0.0741992
0.513 0.303805 0.322295 -0.073345
0.515 0.30366 0.324558 -0.0724911
0.517 0.303555 0.326954 -0.0716374
0.519 0.303478 0.329479 -0.0707839
0.521 0.303422 0.332123 -0.0699304
0.523 0.303388 0.33488 -0.069077
0.525 0.303362 0.337748 -0.0682237
0.527 0.303334 0.340721 -0.0673704
0.529 0.303306 0.343791 -0.0665172
0.531 0.303272 0.346952 -0.065664
0.533 0.303243 0.3502 -0.0648109
0.535 0.303214 0.353533 -0.0639578
0.537 0.303183 0.356945 -0.0631048
0.539 0.303159 0.360434 -0.0622519
0.541 0.303137 0.363994 -0.061399
0.543 0.303121 0.367625 -0.0605461
0.545 0.303112 0.371322 -0.0596933
0.547 0.30311 0.375082 -0.0588404
0.549 0.30311 0.378906 -0.0579875
0.551 0.303111 0.382792 -0.0571347
0.553 0.303113 0.386739 -0.0562818
0.555 0.303115 0.390743 -0.0554289
0.557 0.303116 0.394806 -0.054576
0.559 0.303117 0.398927 -0.053723
0.561 0.303117 0.403103 -0.0528701
0.563 0.303118 0.407332 -0.0520172
0.565 0.303119 0.411619 -0.0511642
0.567 0.30312 0.415964 -0.0503112
0.569 0.303121 0.42036 -0.0494582
0.571 0.303122 0.424808 -0.0486052
0.573 0.303122 0.429312 -0.0477522
0.575 0.303122 0.433869 -0.0468992
0.577 0.303123 0.438476 -0.0460461
0.579 0.303123 0.443136 -0.0451931
0.581 0.303123 0.447851 -0.04434
0.583 0.303123 0.452614 -0.0434869
0.585 0.303124 0.457427 -0.0426338
0.587 0.303124 0.462299 -0.0417806
0.589 0.303124 0.467223 -0.0409275
0.591 0.303125 0.472187 -0.0400743
0.593 0.303125 0.477204 -0.039221
0.595 0.303126 0.482287 -0.0383678
0.597 0.303126 0.487419 -0.0375145
0.599 0.303126 0.492586 -0.0366612
0.601 0.303126 0.497811 -0.0358078
0.603 0.303127 0.503104 -0.0349544
0.605 0.303127 0.508441 -0.0341009
0.607 0.303127 0.513813 -0.0332474
0.609 0.303127 0.519242 -0.0323938
0.611 0.303127 0.524738 -0.0315401
0.613 0.303127 0.530284 -0.0306864
0.615 0.303127 0.53587 -0.0298325
0.617 0.303128 0.541502 -0.0289785
0.619 0.303128 0.547195 -0.0281244
0.621 0.303127 0.552971 -0.0272701
0.623 0.303127 0.558798 -0.0264157
0.625 0.303127 0.564618 -0.025561
0.627 0.303126 0.570515 -0.0247061
0.629 0.303124 0.576559 -0.0238508
0.631 0.303122 0.582594 -0.0229951
0.633 0.303119 0.588568 -0.0221389
0.635 0.303115 0.594719 -0.0212819
0.637 0.30311 0.601018 -0.0204239
0.639 0.303105 0.607192 -0.0195643
0.641 0.303099 0.613395 -0.0187026
0.643 0.303094 0.619826 -0.0178378
0.645 0.30309 0.626313 -0.0169687
0.647 0.303088 0.632669 -0.0160935
0.649 0.303088 0.639131 -0.0152098
0.651 0.303093 0.645823 -0.0143147
0.653 0.303101 0.652475 -0.0134041
0.655 0.303112 0.659035 -0.0124732
0.657 0.303126 0.665795 -0.0115158
0.659 0.30314 0.672736 -0.0105247
0.661 0.303154 0.679525 -0.00949114
0.663 0.303165 0.68635 -0.00840539
0.665 0.303172 0.693415 -0.00725631
0.667 0.303176 0.70051 -0.00603178
0.669 0.303175 0.70748 -0.00471886
0.671 0.303172 0.714625 -0.00330414
0.673 0.303167 0.721993 -0.00177416
0.675 0.303161 0.729238 -0.000115834
0.677 0.303156 0.73644 0.00168302
0.679 0.303152 0.743879 0.00363321
0.681 0.303149 0.751503 0.00574367
0.683 0.303147 0.758977 0.00802111
0.685 0.303145 0.766423 0.0104697
0.687 0.303144 0.774063 0.0130908
0.689 0.303143 0.781922 0.015883
0.691 0.303142 0.789704 0.0188422
0.693 0.303141 0.797405 0.021962
0.695 0.303141 0.805207 0.0252333
0.697 0.30314 0.813264 0.0286458
0.699 0.30314 0.821366 0.0321874
0.701 0.30314 0.829332 0.0358455
0.703 0.30314 0.837326 0.0396069
0.705 0.30314 0.845565 0.0434585
0.707 0.30314 0.853948 0.0473878
0.709 0.30314 0.862176 0.0513828
0.711 0.30314 0.870384 0.0554326
0.713 0.30314 0.878802 0.0595274
0.715 0.30314 0.887411 0.0636586
0.717 0.303139 0.895876 0.0678187
0.719 0.303139 0.904289 0.0720016
0.721 0.303138 0.912852 0.076202
0.723 0.303136 0.921608 0.0804157
0.725 0.303133 0.930254 0.0846395
0.727 0.303129 0.938825 0.0888706
0.729 0.303124 0.947457 0.0931071
0.731 0.303119 0.955926 0.0973473
0.733 0.30311 0.963831 0.10159
0.735 0.303099 0.971092 0.105835
0.737 0.303092 0.977612 0.110081
0.739 0.303089 0.983281 0.114328
0.741 0.303087 0.988028 0.118575
0.743 0.303088 0.991825 0.122823
0.745 0.303091 0.994702 0.127071
0.747 0.303097 0.996753 0.131319
0.749 0.303108 0.998121 0.135568
0.751 0.303125 0.998974 0.139816
0.753 0.303145 0.999471 0.144065
0.755 0.303162 0.999742 0.148314
0.757 0.303171 0.999881 0.152563
0.759 0.303177 0.999948 0.156811
0.761 0.303183 0.999978 0.16106
0.763 0.303187 0.999991 0.165309
0.765 0.303188 0.999997 0.169559
0.767 0.303186 0.999999 0.173808
0.769 0.303182 1 0.178057
0.771 0.303177 1 0.182306
0.773 0.303173 1 0.186555
0.775 0.30317 1 0.190805
0.777 0.303167 1 0.195054
0.779 0.303165 1 0.199304
0.781 0.303163 1 0.203554
0.783 0.303161 1 0.207803
0.785 0.303159 1 0.212053
0.787 0.303158 1 0.216303
0.789 0.303157 1 0.220552
0.791 0.303156 1 0.224802
0.793 0.303157 1 0.229051
0.795 0.303157 1 0.233301
0.797 0.303158 1 0.23755
0.799 0.303158 1 0.241799
0.801 0.303158 1 0.246048
0.803 0.303157 1 0.250297
0.805 0.303157 1 0.254545
0.807 0.303156 1 0.258794
0.809 0.303157 1 0.263042
0.811 0.303158 1 0.267291
0.813 0.303161 1 0.27154
0.815 0.303163 1 0.275789
0.817 0.303165 1 0.280039
0.819 0.303165 1 0.284289
0.821 0.303165 1 0.288539
0.823 0.303164 1 0.292789
0.825 0.303162 1 0.29704
0.827 0.303163 1 0.301289
0.829 0.303166 1 0.305539
0.831 0.303171 1 0.309789
0.833 0.303177 1 0.314039
0.835 0.30318 1 0.318289
0.837 0.303175 1 0.322538
0.839 0.303147 1 0.326788
0.841 0.303037 1 0.331035
0.843 0.30258 1 0.33528
0.845 0.300717 1 0.33951
0.847 0.293317 1 0.343674
0.849 0.268275 1 0.347589
0.851 0.198815 1 0.350752
0.853 0.113552 1 0.352993
0.855 0.100241 1 0.355
0.857 0.100003 1 0.357
0.859 0.1 1 0.359
0.861 0.1 1 0.361
0.863 0.1 1 0.363
0.865 0.1 1 0.365
0.867 0.1 1 0.367
0.869 0.1 1 0.369
0.871 0.1 1 0.371
0.873 0.1 1 0.373
0.875 0.1 1 0.375
0.877 0.1 1 0.377
0.879 0.1 1 0.379
0.881 0.1 1 0.381
0.883 0.1 1 0.383
0.885 0.1 1 0.385
0.887 0.1 1 0.387
0.889 0.1 1 0.389
0.891 0.1 1 0.391
0.893 0.1 1 0.393
0.895 0.1 1 0.395
0.897 0.1 1 0.397
0.899 0.1 1 0.399
0.901 0.1 1 0.401
0.903 0.1 1 0.403
0.905 0.1 1 0.405
0.907 0.1 1 0.407
0.909 0.1 1 0.409
0.911 0.1 1 0.411
0.913 0.1 1 0.413
0.915 0.1 1 0.415
0.917 0.1 1 0.417
0.919 0.1 1 0.419
0.921 0.1 1 0.421
0.923 0.1 1 0.423
0.925 0.1 1 0.425
0.927 0.1 1 0.427
0.929 0.1 1 0.429
0.931 0.1 1 0.431
0.933 0.1 1 0.433
0.935 0.1 1 0.435
0.937 0.1 1 0.437
0.939 0.1 1 0.439
0.941 0.1 1 0.441
0.943 0.1 1 0.443
0.945 0.1 1 0.445
0.947 0.1 1 0.447
0.949 0.1 1 0.449
0.951 0.1 1 0.451
0.953 0.1 1 0.453
0.955 0.1 1 0.455
0.957 0.1 1 0.457
0.959 0.1 1 0.459
0.961 0.1 1 0.461
0.963 0.1 1 0.463
0.965 0.1 1 0.465
0.967 0.1 1 0.467
0.969 0.1 1 0.469
0.971 0.1 1 0.471
0.973 0.1 1 0.473
0.975 0.1 1 0.475
0.977 0.1 1 0.477
0.979 0.1 1 0.479
0.981 0.1 1 0.481
0.983 0.1 1 0.483
0.985 0.1 1 0.485
0.987 0.1 1 0.487
0.989 0.1 1 0.489
0.991 0.1 1 0.491
0.993 0.1 1 0.493
0.995 0.1 1 0.495
0.997 0.1 1 0.497
0.999 0.1 1 0.499
