0.001 1 0.1 -0.499
0.003 1 0.1 -0.497
0.005 1 0.1 -0.495
0.007 1 0.1 -0.493
0.009 1 0.1 -0.491
0.011 1 0.1 -0.489
0.013 1 0.1 -0.487
0.015 1 0.1 -0.485
0.017 1 0.1 -0.483
0.019 1 0.1 -0.481
0.021 1 0.1 -0.479
0.023 1 0.1 -0.477
0.025 1 0.1 -0.475
0.027 1 0.1 -0.473
0.029 1 0.1 -0.471
0.031 1 0.1 -0.469
0.033 1 0.1 -0.467
0.035 1 0.1 -0.465
0.037 1 0.1 -0.463
0.039 1 0.1 -0.461
0.041 1 0.1 -0.459
0.043 1 0.1 -0.457
0.045 1 0.1 -0.455
0.047 1 0.100001 -0.453
0.049 1 0.100004 -0.451
0.051 1 0.100023 -0.449
0.053 1 0.100123 -0.447
0.055 1 0.10067 -0.445
0.057 1 0.103569 -0.443
0.059 1 0.117239 -0.441
0.061 1 0.159905 -0.439
0.063 1 0.249797 -0.437
0.065 1 0.297254 -0.435
0.067 1 0.303254 -0.433
0.069 1 0.303157 -0.431
0.071 1 0.30312 -0.429
0.073 1 0.30312 -0.427
0.075 1 0.303114 -0.425
0.077 1 0.303117 -0.423
0.079 1 0.303121 -0.421
0.081 1 0.303123 -0.419
0.083 1 0.303123 -0.417
0.085 1 0.303122 -0.415
0.087 1 0.30312 -0.413
0.089 1 0.303118 -0.411
0.091 1 0.303117 -0.409
0.093 1 0.303118 -0.407
0.095 1 0.30312 -0.405
0.097 1 0.303122 -0.403
0.099 1 0.303124 -0.401
0.101 1 0.303125 -0.399
0.103 1 0.303125 -0.397
0.105 1 0.303125 -0.395
0.107 1 0.303124 -0.393
0.109 1 0.303123 -0.391
0.111 1 0.303123 -0.389
0.113 1 0.303124 -0.387
0.115 1 0.303125 -0.385
0.117 1 0.303126 -0.383
0.119 1 0.303128 -0.381
0.121 1 0.303129 -0.379
0.123 1 0.303131 -0.377
0.125 1 0.303133 -0.375
0.127 1 0.303134 -0.373
0.129 1 0.303136 -0.371
0.131 0.999999 0.303138 -0.369
0.133 0.999999 0.303141 -0.367
0.135 0.999998 0.303145 -0.365
0.137 0.999998 0.303149 -0.363
0.139 0.999996 0.303153 -0.361
0.141 0.999994 0.303157 -0.359
0.143 0.999992 0.303161 -0.357
0.145 0.999988 0.303164 -0.355
0.147 0.999982 0.303164 -0.353
0.149 0.999973 0.303162 -0.351
0.151 0.999961 0.303159 -0.349
0.153 0.999944 0.303155 -0.347
0.155 0.99992 0.303148 -0.345
0.157 0.999887 0.303139 -0.343
0.159 0.999842 0.303126 -0.341001
0.161 0.999781 0.303111 -0.339001
0.163 0.999698 0.30309 -0.337001
0.165 0.999588 0.303075 -0.335002
0.167 0.999443 0.303069 -0.333002
0.169 0.999253 0.303066 -0.331003
0.171 0.999007 0.303066 -0.329004
0.173 0.998692 0.303069 -0.327006
0.175 0.998294 0.303074 -0.325008
0.177 0.997793 0.303082 -0.32301
0.179 0.997173 0.303094 -0.321013
0.181 0.996411 0.303105 -0.319018
0.183 0.995485 0.30311 -0.317023
0.185 0.994373 0.303116 -0.31503
0.187 0.993051 0.303121 -0.313038
0.189 0.991497 0.303124 -0.311048
0.191 0.989689 0.303125 -0.309061
0.193 0.987608 0.303126 -0.307076
0.195 0.985237 0.303127 -0.305095
0.197 0.982564 0.303128 -0.303117
0.199 0.979579 0.303128 -0.301142
0.201 0.976278 0.303128 -0.299173
0.203 0.972662 0.303129 -0.297208
0.205 0.968735 0.303129 -0.295249
0.207 0.964506 0.303129 -0.293295
0.209 0.959987 0.30313 -0.291348
0.211 0.955196 0.30313 -0.289407
0.213 0.95015 0.303131 -0.287473
0.215 0.94487 0.303131 -0.285547
0.217 0.939378 0.303132 -0.283629
0.219 0.933697 0.303132 -0.281719
0.221 0.927847 0.303133 -0.279817
0.223 0.921851 0.303134 -0.277924
0.225 0.91573 0.303135 -0.27604
0.227 0.909502 0.303136 -0.274165
0.229 0.903186 0.303138 -0.272299
0.231 0.896797 0.303139 -0.270443
0.233 0.890349 0.303141 -0.268596
0.235 0.883856 0.303143 -0.266758
0.237 0.877329 0.303145 -0.264931
0.239 0.870776 0.303148 -0.263113
0.241 0.864205 0.30315 -0.261305
0.243 0.857623 0.303153 -0.259506
0.245 0.851033 0.303155 -0.257718
0.247 0.844442 0.303156 -0.255939
0.249 0.837862 0.303157 -0.254171
0.251 0.831299 0.303157 -0.252412
0.253 0.82476 0.303155 -0.250664
0.255 0.818247 0.303152 -0.248925
0.257 0.811762 0.303148 -0.247196
0.259 0.805307 0.303141 -0.245477
0.261 0.798883 0.303133 -0.243768
0.263 0.792492 0.303124 -0.242068
0.265 0.786134 0.303114 -0.240379
0.267 0.77981 0.303104 -0.238699
0.269 0.773521 0.303094 -0.237029
0.271 0.767267 0.303086 -0.235368
0.273 0.761049 0.303081 -0.233717
0.275 0.754868 0.303078 -0.232076
0.277 0.748723 0.303078 -0.230445
0.279 0.742615 0.303082 -0.228823
0.281 0.736544 0.303089 -0.22721
0.283 0.73051 0.303098 -0.225607
0.285 0.724514 0.303107 -0.224014
0.287 0.718555 0.303116 -0.22243
0.289 0.712635 0.303122 -0.220855
0.291 0.706752 0.303127 -0.219289
0.293 0.700907 0.303129 -0.217733
0.295 0.6951 0.30313 -0.216186
0.297 0.689332 0.303131 -0.214649
0.299 0.683601 0.30313 -0.21312
0.301 0.677909 0.30313 -0.211601
0.303 0.672255 0.30313 -0.210091
0.305 0.666639 0.30313 -0.20859
0.307 0.661061 0.303131 -0.207097
0.309 0.655521 0.303132 -0.205614
0.311 0.65002 0.303133 -0.20414
0.313 0.644557 0.303134 -0.202675
0.315 0.639131 0.303135 -0.201218
0.317 0.633744 0.303137 -0.199771
0.319 0.628395 0.303139 -0.198332
0.321 0.623084 0.303141 -0.196901
0.323 0.617811 0.303143 -0.19548
0.325 0.612575 0.303145 -0.194067
0.327 0.607377 0.303147 -0.192663
0.329 0.602217 0.30315 -0.191267
0.331 0.597095 0.303151 -0.18988
0.333 0.59201 0.303152 -0.188502
0.335 0.586962 0.303151 -0.187132
0.337 0.581952 0.303149 -0.18577
0.339 0.576979 0.303145 -0.184416
0.341 0.572042 0.30314 -0.183071
0.343 0.567143 0.303136 -0.181735
0.345 0.562281 0.30313 -0.180406
0.347 0.557456 0.303125 -0.179086
0.349 0.552667 0.30312 -0.177773
0.351 0.547914 0.303114 -0.176469
0.353 0.543198 0.303105 -0.175173
0.355 0.538519 0.303099 -0.173885
0.357 0.533875 0.303096 -0.172605
0.359 0.529268 0.303093 -0.171333
0.361 0.524696 0.303091 -0.170069
0.363 0.52016 0.303091 -0.168812
0.365 0.515659 0.303092 -0.167564
0.367 0.511195 0.303096 -0.166323
0.369 0.506765 0.303102 -0.16509
0.371 0.502371 0.303109 -0.163865
0.373 0.498012 0.303118 -0.162647
0.375 0.493688 0.303125 -0.161437
0.377 0.489399 0.303128 -0.160234
0.379 0.485144 0.303129 -0.159039
0.381 0.480925 0.303129 -0.157851
0.383 0.47674 0.303127 -0.156671
0.385 0.47259 0.303126 -0.155498
0.387 0.468474 0.303125 -0.154333
0.389 0.464392 0.303124 -0.153175
0.391 0.460345 0.303123 -0.152024
0.393 0.456332 0.303122 -0.15088
0.395 0.452354 0.303122 -0.149743
0.397 0.448409 0.303122 -0.148614
0.399 0.444499 0.303122 -0.147491
0.401 0.440623 0.303122 -0.146376
0.403 0.436782 0.303122 -0.145268
0.405 0.432974 0.303121 -0.144166
0.407 0.429201 0.303121 -0.143072
0.409 0.425463 0.30312 -0.141984
0.411 0.421758 0.30312 -0.140903
0.413 0.418089 0.30312 -0.139829
0.415 0.414454 0.303119 -0.138762
0.417 0.410854 0.303119 -0.137701
0.419 0.40729 0.303118 -0.136647
0.421 0.40376 0.303118 -0.135599
0.423 0.400267 0.303118 -0.134558
0.425 0.396809 0.303118 -0.133523
0.427 0.393387 0.303117 -0.132495
0.429 0.390003 0.303117 -0.131473
0.431 0.386655 0.303116 -0.130458
0.433 0.383345 0.303116 -0.129448
0.435 0.380074 0.303116 -0.128445
0.437 0.376841 0.303116 -0.127448
0.439 0.373647 0.303116 -0.126457
0.441 0.370494 0.303117 -0.125472
0.443 0.367382 0.303119 -0.124493
0.445 0.364312 0.303123 -0.12352
0.447 0.361284 0.303129 -0.122553
0.449 0.358301 0.303139 -0.121591
0.451 0.355363 0.303153 -0.120635
0.453 0.352471 0.303172 -0.119685
0.455 0.349628 0.303193 -0.11874
0.457 0.346834 0.303216 -0.117801
0.459 0.344092 0.303238 -0.116867
0.461 0.341404 0.303261 -0.115938
0.463 0.338773 0.303287 -0.115014
0.465 0.336202 0.303316 -0.114096
0.467 0.333694 0.303355 -0.113182
0.469 0.331253 0.303406 -0.112273
0.471 0.328884 0.303469 -0.111369
0.473 0.326591 0.303551 -0.110469
0.475 0.324378 0.303653 -0.109574
0.477 0.322251 0.303777 -0.108683
0.479 0.320216 0.303932 -0.107796
0.481 0.318275 0.304122 -0.106913
0.483 0.316436 0.304351 -0.106033
0.485 0.314703 0.304624 -0.105157
0.487 0.313081 0.30495 -0.104284
0.489 0.311577 0.305337 -0.103414
0.491 0.310197 0.305791 -0.102547
0.493 0.308947 0.30632 -0.101683
0.495 0.307834 0.30693 -0.10082
0.497 0.306865 0.307629 -0.0999602
0.499 0.306041 0.308423 -0.0991015
0.501 0.30536 0.309317 0.0990205
0.503 0.304816 0.310314 0.0998859
0.505 0.304396 0.311418 0.100753
0.507 0.304081 0.312632 0.101623
0.509 0.303851 0.313954 0.102495
0.511 0.303686 0.315386 0.10337
0.513 0.303566 0.316925 0.104248
0.515 0.303478 0.318569 0.105128
0.517 0.303411 0.320314 0.106012
0.519 0.303359 0.322157 0.1069
0.521 0.30332 0.324094 0.107791
0.523 0.303292 0.326121 0.108686
0.525 0.303273 0.328234 0.109585
0.527 0.30326 0.330429 0.110488
0.529 0.303246 0.332701 0.111395
0.531 0.303231 0.335048 0.112307
0.533 0.303216 0.337464 0.113224
0.535 0.303201 0.339948 0.114145
0.537 0.303186 0.342493 0.115071
0.539 0.303172 0.345097 0.116002
0.541 0.30316 0.347757 0.116938
0.543 0.303146 0.350471 0.11788
0.545 0.303133 0.353237 0.118826
0.547 0.303125 0.356052 0.119778
0.549 0.303118 0.358912 0.120735
0.551 0.303115 0.361818 0.121698
0.553 0.303114 0.364768 0.122667
0.555 0.303115 0.367759 0.123641
0.557 0.303115 0.370791 0.12462
0.559 0.303116 0.373863 0.125606
0.561 0.303117 0.376972 0.126597
0.563 0.303118 0.38012 0.127595
0.565 0.303118 0.383305 0.128598
0.567 0.303119 0.386525 0.129607
0.569 0.303119 0.389781 0.130622
0.571 0.30312 0.393074 0.131644
0.573 0.30312 0.396402 0.132671
0.575 0.30312 0.399763 0.133705
0.577 0.303121 0.403159 0.134745
0.579 0.303121 0.406593 0.135792
0.581 0.303122 0.410057 0.136845
0.583 0.303122 0.413554 0.137904
0.585 0.303122 0.417087 0.13897
0.587 0.303123 0.420655 0.140042
0.589 0.303123 0.424252 0.141121
0.591 0.303123 0.427883 0.142206
0.593 0.303124 0.431551 0.143298
0.595 0.303124 0.435252 0.144397
0.597 0.303124 0.438982 0.145503
0.599 0.303124 0.442746 0.146615
0.601 0.303124 0.446545 0.147734
0.603 0.303125 0.450377 0.14886
0.605 0.303125 0.454237 0.149994
0.607 0.303125 0.458128 0.151134
0.609 0.303125 0.46206 0.15228
0.611 0.303125 0.466028 0.153435
0.613 0.303125 0.470014 0.154596
0.615 0.303124 0.474029 0.155764
0.617 0.303124 0.478098 0.156939
0.619 0.303123 0.482202 0.158122
0.621 0.303122 0.48631 0.159312
0.623 0.303121 0.49045 0.160509
0.625 0.30312 0.494661 0.161714
0.627 0.303118 0.498901 0.162925
0.629 0.303115 0.503128 0.164145
0.631 0.303112 0.507399 0.165371
0.633 0.303109 0.511755 0.166606
0.635 0.303105 0.516129 0.167847
0.637 0.303101 0.520479 0.169097
0.639 0.303098 0.524883 0.170354
0.641 0.303096 0.529379 0.171618
0.643 0.303097 0.533892 0.172891
0.645 0.303099 0.538381 0.174171
0.647 0.303102 0.542911 0.175458
0.649 0.303106 0.547537 0.176754
0.651 0.303113 0.552212 0.178057
0.653 0.303123 0.556849 0.179369
0.655 0.303131 0.561488 0.180688
0.657 0.303136 0.566249 0.182015
0.659 0.303141 0.571065 0.183351
0.661 0.303147 0.575804 0.184694
0.663 0.303152 0.580595 0.186045
0.665 0.303157 0.585529 0.187405
0.667 0.30316 0.590443 0.188773
0.669 0.303161 0.595307 0.190149
0.671 0.30316 0.600303 0.191533
0.673 0.303157 0.60539 0.192925
0.675 0.303153 0.61038 0.194326
0.677 0.303148 0.615406 0.195735
0.679 0.303144 0.620587 0.197153
0.681 0.30314 0.625776 0.198579
0.683 0.303138 0.630884 0.200013
0.685 0.303136 0.636078 0.201456
0.687 0.303135 0.641421 0.202908
0.689 0.303134 0.646733 0.204368
0.691 0.303134 0.651982 0.205836
0.693 0.303133 0.657338 0.207314
0.695 0.303133 0.662836 0.2088
0.697 0.303133 0.668276 0.210295
0.699 0.303132 0.673672 0.211799
0.701 0.303132 0.679207 0.213311
0.703 0.303131 0.684864 0.214833
0.705 0.30313 0.690429 0.216363
0.707 0.303128 0.695975 0.217902
0.709 0.303126 0.701675 0.219451
0.711 0.303123 0.707489 0.221008
0.713 0.30312 0.713203 0.222575
0.715 0.303115 0.718904 0.22415
0.717 0.30311 0.724759 0.225735
0.719 0.303104 0.73073 0.227329
0.721 0.303099 0.7366 0.228932
0.723 0.303095 0.742461 0.230545
0.725 0.303093 0.748481 0.232166
0.727 0.303093 0.754609 0.233798
0.729 0.303097 0.760632 0.235438
0.731 0.303103 0.766654 0.237088
0.733 0.303112 0.77284 0.238748
0.735 0.303122 0.779125 0.240417
0.737 0.303132 0.7853 0.242096
0.739 0.303141 0.791486 0.243784
0.741 0.303148 0.797839 0.245482
0.743 0.303154 0.804265 0.24719
0.745 0.303158 0.810579 0.248907
0.747 0.30316 0.81695 0.250634
0.749 0.303162 0.823493 0.252371
0.751 0.303162 0.830017 0.254118
0.753 0.303162 0.836471 0.255874
0.755 0.30316 0.843061 0.257641
0.757 0.303158 0.849769 0.259417
0.759 0.303156 0.856357 0.261204
0.761 0.303153 0.863001 0.263
0.763 0.303151 0.869816 0.264807
0.765 0.303149 0.876602 0.266624
0.767 0.303148 0.883312 0.268451
0.769 0.303146 0.890132 0.270287
0.771 0.303145 0.897102 0.272135
0.773 0.303144 0.904 0.273992
0.775 0.303143 0.910844 0.275859
0.777 0.303142 0.917775 0.277737
0.779 0.303141 0.924837 0.279625
0.781 0.30314 0.931847 0.281523
0.783 0.30314 0.938788 0.283432
0.785 0.30314 0.945797 0.285351
0.787 0.30314 0.952853 0.28728
0.789 0.303139 0.959658 0.289219
0.791 0.303139 0.96612 0.291167
0.793 0.303139 0.972163 0.293125
0.795 0.303139 0.977691 0.29509
0.797 0.303139 0.982634 0.297064
0.799 0.303139 0.986931 0.299043
0.801 0.303139 0.990532 0.301028
0.803 0.303139 0.993425 0.303018
0.805 0.303138 0.995638 0.305011
0.807 0.303138 0.997243 0.307006
0.809 0.303137 0.998342 0.309003
0.811 0.303135 0.999052 0.311002
0.813 0.303132 0.999484 0.313001
0.815 0.303128 0.999733 0.315
0.817 0.303122 0.999868 0.317
0.819 0.303116 0.999937 0.319
0.821 0.30311 0.999971 0.321
0.823 0.303099 0.999988 0.323
0.825 0.303089 0.999995 0.325
0.827 0.303085 0.999998 0.327
0.829 0.303084 0.999999 0.329
0.831 0.303086 1 0.331
0.833 0.303089 1 0.333
0.835 0.303096 1 0.335
0.837 0.303107 1 0.337
0.839 0.303123 1 0.339
0.841 0.303144 1 0.341
0.843 0.303164 1 0.343
0.845 0.303175 1 0.345
0.847 0.303181 1 0.347
0.849 0.303184 1 0.349
0.851 0.303186 1 0.351
0.853 0.303187 1 0.353
0.855 0.303184 1 0.355
0.857 0.30318 1 0.357
0.859 0.303174 1 0.359
0.861 0.303169 1 0.361
0.863 0.303165 1 0.363
0.865 0.303162 1 0.365
0.867 0.303159 1 0.367
0.869 0.303158 1 0.369
0.871 0.303157 1 0.371
0.873 0.303156 1 0.373
0.875 0.303155 1 0.375
0.877 0.303154 1 0.377
0.879 0.303152 1 0.379
0.881 0.303151 1 0.381
0.883 0.30315 1 0.383
0.885 0.30315 1 0.385
0.887 0.303151 1 0.387
0.889 0.303152 1 0.389
0.891 0.303153 1 0.391
0.893 0.303153 1 0.393
0.895 0.303154 1 0.395
0.897 0.303153 1 0.397
0.899 0.303152 1 0.399
0.901 0.303151 1 0.401
0.903 0.303151 1 0.403
0.905 0.303152 1 0.405
0.907 0.303154 1 0.407
0.909 0.303157 1 0.409
0.911 0.30316 1 0.411
0.913 0.303161 1 0.413
0.915 0.303161 1 0.415
0.917 0.30316 1 0.417
0.919 0.303156 1 0.419
0.921 0.303153 1 0.421
0.923 0.303151 1 0.423
0.925 0.303146 1 0.425
0.927 0.303122 1 0.427
0.929 0.302989 1 0.429
0.931 0.302384 1 0.431
0.933 0.299965 1 0.433
0.935 0.290601 1 0.435
0.937 0.258086 1 0.437
0.939 0.180615 1 0.439
0.941 0.106743 1 0.441
0.943 0.100103 1 0.443
0.945 0.100001 1 0.445
0.947 0.1 1 0.447
0.949 0.1 1 0.449
0.951 0.1 1 0.451
0.953 0.1 1 0.453
0.955 0.1 1 0.455
0.957 0.1 1 0.457
0.959 0.1 1 0.459
0.961 0.1 1 0.461
0.963 0.1 1 0.463
0.965 0.1 1 0.465
0.967 0.1 1 0.467
0.969 0.1 1 0.469
0.971 0.1 1 0.471
0.973 0.1 1 0.473
0.975 0.1 1 0.475
0.977 0.1 1 0.477
0.979 0.1 1 0.479
0.981 0.1 1 0.481
0.983 0.1 1 0.483
0.985 0.1 1 0.485
0.987 0.1 1 0.487
0.989 0.1 1 0.489
0.991 0.1 1 0.491
0.993 0.1 1 0.493
0.995 0.1 1 0.495
0.997 0.1 1 0.497
0.999 0.1 1 0.499
