0.001 1
0.003 1
0.005 1
0.007 1
0.009 1
0.011 1
0.013 1
0.015 1
0.017 1
0.019 1
0.021 1
0.023 1
0.025 1
0.027 1
0.029 1
0.031 1
0.033 1
0.035 1
0.037 1
0.039 1
0.041 1
0.043 1
0.045 1
0.047 1
0.049 1
0.051 1
0.053 0.996296
0.055 0.9926
0.057 0.988916
0.059 0.985242
0.061 0.98158
0.063 0.977928
0.065 0.974287
0.067 0.970657
0.069 0.967038
0.071 0.963429
0.073 0.959832
0.075 0.956245
0.077 0.952669
0.079 0.949104
0.081 0.945549
0.083 0.942005
0.085 0.938471
0.087 0.934949
0.089 0.931436
0.091 0.927935
0.093 0.924444
0.095 0.920963
0.097 0.917493
0.099 0.914033
0.101 0.910584
0.103 0.907145
0.105 0.903717
0.107 0.900299
0.109 0.896891
0.111 0.893494
0.113 0.890107
0.115 0.88673
0.117 0.883364
0.119 0.880008
0.121 0.876662
0.123 0.873326
0.125 0.87
0.127 0.866684
0.129 0.863379
0.131 0.860084
0.133 0.856798
0.135 0.853523
0.137 0.850258
0.139 0.847003
0.141 0.843758
0.143 0.840522
0.145 0.837297
0.147 0.834082
0.149 0.830876
0.151 0.82768
0.153 0.824494
0.155 0.821318
0.157 0.818152
0.159 0.814996
0.161 0.811849
0.163 0.808712
0.165 0.805585
0.167 0.802467
0.169 0.799359
0.171 0.796261
0.173 0.793172
0.175 0.790093
0.177 0.787024
0.179 0.783964
0.181 0.780913
0.183 0.777872
0.185 0.774841
0.187 0.771819
0.189 0.768806
0.191 0.765803
0.193 0.762809
0.195 0.759825
0.197 0.75685
0.199 0.753884
0.201 0.750928
0.203 0.747981
0.205 0.745043
0.207 0.742114
0.209 0.739195
0.211 0.736285
0.213 0.733384
0.215 0.730492
0.217 0.727609
0.219 0.724735
0.221 0.721871
0.223 0.719015
0.225 0.716169
0.227 0.713331
0.229 0.710503
0.231 0.707683
0.233 0.704873
0.235 0.702071
0.237 0.699279
0.239 0.696495
0.241 0.69372
0.243 0.690954
0.245 0.688197
0.247 0.685448
0.249 0.682709
0.251 0.679978
0.253 0.677256
0.255 0.674542
0.257 0.671838
0.259 0.669142
0.261 0.666455
0.263 0.663776
0.265 0.661106
0.267 0.658444
0.269 0.655791
0.271 0.653147
0.273 0.650511
0.275 0.647884
0.277 0.645265
0.279 0.642655
0.281 0.640053
0.283 0.63746
0.285 0.634875
0.287 0.632298
0.289 0.62973
0.291 0.62717
0.293 0.624618
0.295 0.622075
0.297 0.61954
0.299 0.617014
0.301 0.614495
0.303 0.611985
0.305 0.609483
0.307 0.606989
0.309 0.604504
0.311 0.602026
0.313 0.599557
0.315 0.597096
0.317 0.594642
0.319 0.592197
0.321 0.58976
0.323 0.587331
0.325 0.58491
0.327 0.582497
0.329 0.580092
0.331 0.577695
0.333 0.575306
0.335 0.575062
0.337 0.575062
0.339 0.575062
0.341 0.575062
0.343 0.575062
0.345 0.575062
0.347 0.575062
0.349 0.575062
0.351 0.575062
0.353 0.575062
0.355 0.575062
0.357 0.575062
0.359 0.575062
0.361 0.575062
0.363 0.575062
0.365 0.575062
0.367 0.575062
0.369 0.575062
0.371 0.575062
0.373 0.575062
0.375 0.575062
0.377 0.575062
0.379 0.575062
0.381 0.575062
0.383 0.575062
0.385 0.575062
0.387 0.575062
0.389 0.575062
0.391 0.575062
0.393 0.575062
0.395 0.575062
0.397 0.575062
0.399 0.575062
0.401 0.575062
0.403 0.575062
0.405 0.575062
0.407 0.575062
0.409 0.575062
0.411 0.575062
0.413 0.575062
0.415 0.575062
0.417 0.575062
0.419 0.575062
0.421 0.575062
0.423 0.575062
0.425 0.575062
0.427 0.575062
0.429 0.575062
0.431 0.575062
0.433 0.575062
0.435 0.575062
0.437 0.575062
0.439 0.575062
0.441 0.575062
0.443 0.575062
0.445 0.575062
0.447 0.575062
0.449 0.575062
0.451 0.575062
0.453 0.575062
0.455 0.575062
0.457 0.575062
0.459 0.575062
0.461 0.575062
0.463 0.575062
0.465 0.575062
0.467 0.575062
0.469 0.575062
0.471 0.575062
0.473 0.575062
0.475 0.575062
0.477 0.575062
0.479 0.575062
0.481 0.575062
0.483 0.575062
0.485 0.575062
0.487 0.575062
0.489 0.575062
0.491 0.575062
0.493 0.575062
0.495 0.575062
0.497 0.575062
0.499 0.575062
0.501 0.575062
0.503 0.575062
0.505 0.575062
0.507 0.575062
0.509 0.575062
0.511 0.575062
0.513 0.575062
0.515 0.575062
0.517 0.575062
0.519 0.575062
0.521 0.575062
0.523 0.575062
0.525 0.575062
0.527 0.575062
0.529 0.575062
0.531 0.575062
0.533 0.575062
0.535 0.575062
0.537 0.575062
0.539 0.575062
0.541 0.575062
0.543 0.575062
0.545 0.575062
0.547 0.575062
0.549 0.575062
0.551 0.575062
0.553 0.575062
0.555 0.575062
0.557 0.575062
0.559 0.575062
0.561 0.575062
0.563 0.575062
0.565 0.575062
0.567 0.575062
0.569 0.575062
0.571 0.575062
0.573 0.575062
0.575 0.575062
0.577 0.575062
0.579 0.575062
0.581 0.575062
0.583 0.575062
0.585 0.575062
0.587 0.575062
0.589 0.575062
0.591 0.575062
0.593 0.575062
0.595 0.575062
0.597 0.575062
0.599 0.575062
0.601 0.575062
0.603 0.575062
0.605 0.575062
0.607 0.575062
0.609 0.575062
0.611 0.575062
0.613 0.575062
0.615 0.575062
0.617 0.575062
0.619 0.575062
0.621 0.575062
0.623 0.575062
0.625 0.575062
0.627 0.575062
0.629 0.575062
0.631 0.575062
0.633 0.575062
0.635 0.575062
0.637 0.575062
0.639 0.575062
0.641 0.575062
0.643 0.575062
0.645 0.575062
0.647 0.575062
0.649 0.575062
0.651 0.575062
0.653 0.575062
0.655 0.575062
0.657 0.575062
0.659 0.575062
0.661 0.575062
0.663 0.575062
0.665 0.575062
0.667 0.575062
0.669 0.575062
0.671 0.575062
0.673 0.575062
0.675 0.575062
0.677 0.575062
0.679 0.575062
0.681 0.575062
0.683 0.575062
0.685 0.575062
0.687 0.575062
0.689 0.575062
0.691 0.575062
0.693 0.575062
0.695 0.575062
0.697 0.575062
0.699 0.575062
0.701 0.575062
0.703 0.575062
0.705 0.575062
0.707 0.575062
0.709 0.575062
0.711 0.575062
0.713 0.575062
0.715 0.575062
0.717 0.575062
0.719 0.575062
0.721 0.575062
0.723 0.575062
0.725 0.575062
0.727 0.575062
0.729 0.575062
0.731 0.575062
0.733 0.575062
0.735 0.575062
0.737 5.99924
0.739 5.99924
0.741 5.99924
0.743 5.99924
0.745 5.99924
0.747 5.99924
0.749 5.99924
0.751 5.99924
0.753 5.99924
0.755 5.99924
0.757 5.99924
0.759 5.99924
0.761 5.99924
0.763 5.99924
0.765 5.99924
0.767 5.99924
0.769 5.99924
0.771 5.99924
0.773 5.99924
0.775 5.99924
0.777 5.99924
0.779 5.99924
0.781 5.99924
0.783 1
0.785 1
0.787 1
0.789 1
0.791 1
0.793 1
0.795 1
0.797 1
0.799 1
0.801 1
0.803 1
0.805 1
0.807 1
0.809 1
0.811 1
0.813 1
0.815 1
0.817 1
0.819 1
0.821 1
0.823 1
0.825 1
0.827 1
0.829 1
0.831 1
0.833 1
0.835 1
0.837 1
0.839 1
0.841 1
0.843 1
0.845 1
0.847 1
0.849 1
0.851 1
0.853 1
0.855 1
0.857 1
0.859 1
0.861 1
0.863 1
0.865 1
0.867 1
0.869 1
0.871 1
0.873 1
0.875 1
0.877 1
0.879 1
0.881 1
0.883 1
0.885 1
0.887 1
0.889 1
0.891 1
0.893 1
0.895 1
0.897 1
0.899 1
0.901 1
0.903 1
0.905 1
0.907 1
0.909 1
0.911 1
0.913 1
0.915 1
0.917 1
0.919 1
0.921 1
0.923 1
0.925 1
0.927 1
0.929 1
0.931 1
0.933 1
0.935 1
0.937 1
0.939 1
0.941 1
0.943 1
0.945 1
0.947 1
0.949 1
0.951 1
0.953 1
0.955 1
0.957 1
0.959 1
0.961 1
0.963 1
0.965 1
0.967 1
0.969 1
0.971 1
0.973 1
0.975 1
0.977 1
0.979 1
0.981 1
0.983 1
0.985 1
0.987 1
0.989 1
0.991 1
0.993 1
0.995 1
0.997 1
0.999 1
