0.005 0.575062
0.015 0.575062
0.025 0.575062
0.035 0.575062
0.045 0.575062
0.055 0.575062
0.065 0.575062
0.075 0.575062
0.085 0.575062
0.095 0.575062
0.105 0.575062
0.115 0.575062
0.125 0.575062
0.135 0.575062
0.145 0.575062
0.155 0.575062
0.165 0.575062
0.175 0.575062
0.185 0.575062
0.195 0.575062
0.205 0.575062
0.215 0.575062
0.225 0.575062
0.235 0.575062
0.245 0.575062
0.255 0.575062
0.265 0.575062
0.275 0.575062
0.285 0.575062
0.295 0.575062
0.305 0.575062
0.315 0.575062
0.325 0.575062
0.335 0.575062
0.345 0.575062
0.355 0.575062
0.365 0.575062
0.375 0.575062
0.385 0.575062
0.395 0.575062
0.405 0.575062
0.415 0.575062
0.425 0.575062
0.435 0.575062
0.445 0.575062
0.455 0.575062
0.465 0.575062
0.475 0.575062
0.485 0.575062
0.495 0.575062
0.505 0.575062
0.515 0.575062
0.525 0.575062
0.535 0.575062
0.545 0.575062
0.555 0.575062
0.565 0.575062
0.575 0.575062
0.585 0.575062
0.595 0.575062
0.605 0.575062
0.615 0.575062
0.625 0.575062
0.635 0.575062
0.645 0.575062
0.655 0.575062
0.665 0.575062
0.675 0.575062
0.685 0.575062
0.695 0.575062
0.705 0.575062
0.715 0.575062
0.725 0.575062
0.735 0.575062
0.745 0.575062
0.755 0.575062
0.765 0.575062
0.775 0.575062
0.785 0.575062
0.795 0.575062
0.805 0.575062
0.815 0.575062
0.825 0.575062
0.835 0.575062
0.845 0.575062
0.855 0.575062
0.865 0.575062
0.875 0.575062
0.885 0.575062
0.895 0.575062
0.905 0.575062
0.915 0.575062
0.925 0.575062
0.935 0.575062
0.945 0.575062
0.955 0.575062
0.965 0.575062
0.975 0.575062
0.985 0.575062
0.995 0.575062
