x alpha rho1 rho2 v p
0.0005 0.999999 1.3765 1.38e-07 0.3948 1.57
0.0015 0.999999 1.3765 1.38e-07 0.3948 1.57
0.0025 0.999999 1.3765 1.38e-07 0.3948 1.57
0.0035 0.999999 1.3765 1.38e-07 0.3948 1.57
0.0045 0.999999 1.3765 1.38e-07 0.3948 1.57
0.0055 0.999999 1.3765 1.38e-07 0.3948 1.57
0.0065 0.999999 1.3765 1.38e-07 0.3948 1.57
0.0075 0.999999 1.3765 1.38e-07 0.3948 1.57
0.0085 0.999999 1.3765 1.38e-07 0.3948 1.57
0.0095 0.999999 1.3765 1.38e-07 0.3948 1.57
0.0105 0.999999 1.3765 1.38e-07 0.3948 1.57
0.0115 0.999999 1.3765 1.38e-07 0.3948 1.57
0.0125 0.999999 1.3765 1.38e-07 0.3948 1.57
0.0135 0.999999 1.3765 1.38e-07 0.3948 1.57
0.0145 0.999999 1.3765 1.38e-07 0.3948 1.57
0.0155 0.999999 1.3765 1.38e-07 0.3948 1.57
0.0165 0.999999 1.3765 1.38e-07 0.3948 1.57
0.0175 0.999999 1.3765 1.38e-07 0.3948 1.57
0.0185 0.999999 1.3765 1.38e-07 0.3948 1.57
0.0195 0.999999 1.3765 1.38e-07 0.3948 1.57
0.0205 0.999999 1.3765 1.38e-07 0.3948 1.57
0.0215 0.999999 1.3765 1.38e-07 0.3948 1.57
0.0225 0.999999 1.3765 1.38e-07 0.3948 1.57
0.0235 0.999999 1.3765 1.38e-07 0.3948 1.57
0.0245 0.999999 1.3765 1.38e-07 0.3948 1.57
0.0255 0.999999 1.3765 1.38e-07 0.3948 1.57
0.0265 0.999999 1.3765 1.38e-07 0.3948 1.57
0.0275 0.999999 1.3765 1.38e-07 0.3948 1.57
0.0285 0.999999 1.3765 1.38e-07 0.3948 1.57
0.0295 0.999999 1.3765 1.38e-07 0.3948 1.57
0.0305 0.999999 1.3765 1.38e-07 0.3948 1.57
0.0315 0.999999 1.3765 1.38e-07 0.3948 1.57
0.0325 0.999999 1.3765 1.38e-07 0.3948 1.57
0.0335 0.999999 1.3765 1.38e-07 0.3948 1.57
0.0345 0.999999 1.3765 1.38e-07 0.3948 1.57
0.0355 0.999999 1.3765 1.38e-07 0.3948 1.57
0.0365 0.999999 1.3765 1.38e-07 0.3948 1.57
0.0375 0.999999 1.3765 1.38e-07 0.3948 1.57
0.0385 0.999999 1.3765 1.38e-07 0.3948 1.57
0.0395 0.999999 1.3765 1.38e-07 0.3948 1.57
0.0405 0.999999 1.3765 1.38e-07 0.3948 1.57
0.0415 0.999999 1.3765 1.38e-07 0.3948 1.57
0.0425 0.999999 1.3765 1.38e-07 0.3948 1.57
0.0435 0.999999 1.3765 1.38e-07 0.3948 1.57
0.0445 0.999999 1.3765 1.38e-07 0.3948 1.57
0.0455 0.999999 1.3765 1.38e-07 0.3948 1.57
0.0465 0.999999 1.3765 1.38e-07 0.3948 1.57
0.0475 0.999999 1.3765 1.38e-07 0.3948 1.57
0.0485 0.999999 1.3765 1.38e-07 0.3948 1.57
0.0495 0.999999 1.3765 1.38e-07 0.3948 1.57
0.0505 0.999999 1.3765 1.38e-07 0.3948 1.57
0.0515 0.999999 1.3765 1.38e-07 0.3948 1.57
0.0525 0.999999 1.3765 1.38e-07 0.3948 1.57
0.0535 0.999999 1.3765 1.38e-07 0.3948 1.57
0.0545 0.999999 1.3765 1.38e-07 0.3948 1.57
0.0555 0.999999 1.3765 1.38e-07 0.3948 1.57
0.0565 0.999999 1.3765 1.38e-07 0.3948 1.57
0.0575 0.999999 1.3765 1.38e-07 0.3948 1.57
0.0585 0.999999 1.3765 1.38e-07 0.3948 1.57
0.0595 0.999999 1.3765 1.38e-07 0.3948 1.57
0.0605 0.999999 1.3765 1.38e-07 0.3948 1.57
0.0615 0.999999 1.3765 1.38e-07 0.3948 1.57
0.0625 0.999999 1.3765 1.38e-07 0.3948 1.57
0.0635 0.999999 1.3765 1.38e-07 0.3948 1.57
0.0645 0.999999 1.3765 1.38e-07 0.3948 1.57
0.0655 0.999999 1.3765 1.38e-07 0.3948 1.57
0.0665 0.999999 1.3765 1.38e-07 0.3948 1.57
0.0675 0.999999 1.3765 1.38e-07 0.3948 1.57
0.0685 0.999999 1.3765 1.38e-07 0.3948 1.57
0.0695 0.999999 1.3765 1.38e-07 0.3948 1.57
0.0705 0.999999 1.3765 1.38e-07 0.3948 1.57
0.0715 0.999999 1.3765 1.38e-07 0.3948 1.57
0.0725 0.999999 1.3765 1.38e-07 0.3948 1.57
0.0735 0.999999 1.3765 1.38e-07 0.3948 1.57
0.0745 0.999999 1.3765 1.38e-07 0.3948 1.57
0.0755 0.999999 1.3765 1.38e-07 0.3948 1.57
0.0765 0.999999 1.3765 1.38e-07 0.3948 1.57
0.0775 0.999999 1.3765 1.38e-07 0.3948 1.57
0.0785 0.999999 1.3765 1.38e-07 0.3948 1.57
0.0795 0.999999 1.3765 1.38e-07 0.3948 1.57
0.0805 0.999999 1.3765 1.38e-07 0.3948 1.57
0.0815 0.999999 1.3765 1.38e-07 0.3948 1.57
0.0825 0.999999 1.3765 1.38e-07 0.3948 1.57
0.0835 0.999999 1.3765 1.38e-07 0.3948 1.57
0.0845 0.999999 1.3765 1.38e-07 0.3948 1.57
0.0855 0.999999 1.3765 1.38e-07 0.3948 1.57
0.0865 0.999999 1.3765 1.38e-07 0.3948 1.57
0.0875 0.999999 1.3765 1.38e-07 0.3948 1.57
0.0885 0.999999 1.3765 1.38e-07 0.3948 1.57
0.0895 0.999999 1.3765 1.38e-07 0.3948 1.57
0.0905 0.999999 1.3765 1.38e-07 0.3948 1.57
0.0915 0.999999 1.3765 1.38e-07 0.3948 1.57
0.0925 0.999999 1.3765 1.38e-07 0.3948 1.57
0.0935 0.999999 1.3765 1.38e-07 0.3948 1.57
0.0945 0.999999 1.3765 1.38e-07 0.3948 1.57
0.0955 0.999999 1.3765 1.38e-07 0.3948 1.57
0.0965 0.999999 1.3765 1.38e-07 0.3948 1.57
0.0975 0.999999 1.3765 1.38e-07 0.3948 1.57
0.0985 0.999999 1.3765 1.38e-07 0.3948 1.57
0.0995 0.999999 1.3765 1.38e-07 0.3948 1.57
0.1005 0.999999 1.3765 1.38e-07 0.3948 1.57
0.1015 0.999999 1.3765 1.38e-07 0.3948 1.57
0.1025 0.999999 1.3765 1.38e-07 0.3948 1.57
0.1035 0.999999 1.3765 1.38e-07 0.3948 1.57
0.1045 0.999999 1.3765 1.38e-07 0.3948 1.57
0.1055 0.999999 1.3765 1.38e-07 0.3948 1.57
0.1065 0.999999 1.3765 1.38e-07 0.3948 1.57
0.1075 0.999999 1.3765 1.38e-07 0.3948 1.57
0.1085 0.999999 1.3765 1.38e-07 0.3948 1.57
0.1095 0.999999 1.3765 1.38e-07 0.3948 1.57
0.1105 0.999999 1.3765 1.38e-07 0.3948 1.57
0.1115 0.999999 1.3765 1.38e-07 0.3948 1.57
0.1125 0.999999 1.3765 1.38e-07 0.3948 1.57
0.1135 0.999999 1.3765 1.38e-07 0.3948 1.57
0.1145 0.999999 1.3765 1.38e-07 0.3948 1.57
0.1155 0.999999 1.3765 1.38e-07 0.3948 1.57
0.1165 0.999999 1.3765 1.38e-07 0.3948 1.57
0.1175 0.999999 1.3765 1.38e-07 0.3948 1.57
0.1185 0.999999 1.3765 1.38e-07 0.3948 1.57
0.1195 0.999999 1.3765 1.38e-07 0.3948 1.57
0.1205 0.999999 1.3765 1.38e-07 0.3948 1.57
0.1215 0.999999 1.3765 1.38e-07 0.3948 1.57
0.1225 0.999999 1.3765 1.38e-07 0.3948 1.57
0.1235 0.999999 1.3765 1.38e-07 0.3948 1.57
0.1245 0.999999 1.3765 1.38e-07 0.3948 1.57
0.1255 0.999999 1.3765 1.38e-07 0.3948 1.57
0.1265 0.999999 1.3765 1.38e-07 0.3948 1.57
0.1275 0.999999 1.3765 1.38e-07 0.3948 1.57
0.1285 0.999999 1.3765 1.38e-07 0.3948 1.57
0.1295 0.999999 1.3765 1.38e-07 0.3948 1.57
0.1305 0.999999 1.3765 1.38e-07 0.3948 1.57
0.1315 0.999999 1.3765 1.38e-07 0.3948 1.57
0.1325 0.999999 1.3765 1.38e-07 0.3948 1.57
0.1335 0.999999 1.3765 1.38e-07 0.3948 1.57
0.1345 0.999999 1.3765 1.38e-07 0.3948 1.57
0.1355 0.999999 1.3765 1.38e-07 0.3948 1.57
0.1365 0.999999 1.3765 1.38e-07 0.3948 1.57
0.1375 0.999999 1.3765 1.38e-07 0.3948 1.57
0.1385 0.999999 1.3765 1.38e-07 0.3948 1.57
0.1395 0.999999 1.3765 1.38e-07 0.3948 1.57
0.1405 0.999999 1.3765 1.38e-07 0.3948 1.57
0.1415 0.999999 1.3765 1.38e-07 0.3948 1.57
0.1425 0.999999 1.3765 1.38e-07 0.3948 1.57
0.1435 0.999999 1.3765 1.38e-07 0.3948 1.57
0.1445 0.999999 1.3765 1.38e-07 0.3948 1.57
0.1455 0.999999 1.3765 1.38e-07 0.3948 1.57
0.1465 0.999999 1.3765 1.38e-07 0.3948 1.57
0.1475 0.999999 1.3765 1.38e-07 0.3948 1.57
0.1485 0.999999 1.3765 1.38e-07 0.3948 1.57
0.1495 0.999999 1.3765 1.38e-07 0.3948 1.57
0.1505 0.999999 1.3765 1.38e-07 0.3948 1.57
0.1515 0.999999 1.3765 1.38e-07 0.3948 1.57
0.1525 0.999999 1.3765 1.38e-07 0.3948 1.57
0.1535 0.999999 1.3765 1.38e-07 0.3948 1.57
0.1545 0.999999 1.3765 1.38e-07 0.3948 1.57
0.1555 0.999999 1.3765 1.38e-07 0.3948 1.57
0.1565 0.999999 1.3765 1.38e-07 0.3948 1.57
0.1575 0.999999 1.3765 1.38e-07 0.3948 1.57
0.1585 0.999999 1.3765 1.38e-07 0.3948 1.57
0.1595 0.999999 1.3765 1.38e-07 0.3948 1.57
0.1605 0.999999 1.3765 1.38e-07 0.3948 1.57
0.1615 0.999999 1.3765 1.38e-07 0.3948 1.57
0.1625 0.999999 1.3765 1.38e-07 0.3948 1.57
0.1635 0.999999 1.3765 1.38e-07 0.3948 1.57
0.1645 0.999999 1.3765 1.38e-07 0.3948 1.57
0.1655 0.999999 1.3765 1.38e-07 0.3948 1.57
0.1665 0.999999 1.3765 1.38e-07 0.3948 1.57
0.1675 0.999999 1.3765 1.38e-07 0.3948 1.57
0.1685 0.999999 1.3765 1.38e-07 0.3948 1.57
0.1695 0.999999 1.3765 1.38e-07 0.3948 1.57
0.1705 0.999999 1.3765 1.38e-07 0.3948 1.57
0.1715 0.999999 1.3765 1.38e-07 0.3948 1.57
0.1725 0.999999 1.3765 1.38e-07 0.3948 1.57
0.1735 0.999999 1.3765 1.38e-07 0.3948 1.57
0.1745 0.999999 1.3765 1.38e-07 0.3948 1.57
0.1755 0.999999 1.3765 1.38e-07 0.3948 1.57
0.1765 0.999999 1.3765 1.38e-07 0.3948 1.57
0.1775 0.999999 1.3765 1.38e-07 0.3948 1.57
0.1785 0.999999 1.3765 1.38e-07 0.3948 1.57
0.1795 0.999999 1.3765 1.38e-07 0.3948 1.57
0.1805 0.999999 1.3765 1.38e-07 0.3948 1.57
0.1815 0.999999 1.3765 1.38e-07 0.3948 1.57
0.1825 0.999999 1.3765 1.38e-07 0.3948 1.57
0.1835 0.999999 1.3765 1.38e-07 0.3948 1.57
0.1845 0.999999 1.3765 1.38e-07 0.3948 1.57
0.1855 0.999999 1.3765 1.38e-07 0.3948 1.57
0.1865 0.999999 1.3765 1.38e-07 0.3948 1.57
0.1875 0.999999 1.3765 1.38e-07 0.3948 1.57
0.1885 0.999999 1.3765 1.38e-07 0.3948 1.57
0.1895 0.999999 1.3765 1.38e-07 0.3948 1.57
0.1905 0.999999 1.3765 1.38e-07 0.3948 1.57
0.1915 0.999999 1.3765 1.38e-07 0.3948 1.57
0.1925 0.999999 1.3765 1.38e-07 0.3948 1.57
0.1935 0.999999 1.3765 1.38e-07 0.3948 1.57
0.1945 0.999999 1.3765 1.38e-07 0.3948 1.57
0.1955 0.999999 1.3765 1.38e-07 0.3948 1.57
0.1965 0.999999 1.3765 1.38e-07 0.3948 1.57
0.1975 0.999999 1.3765 1.38e-07 0.3948 1.57
0.1985 0.999999 1.3765 1.38e-07 0.3948 1.57
0.1995 0.999999 1.3765 1.38e-07 0.3948 1.57
0.2005 0.999999 1.3765 1.38e-07 0.3948 1.57
0.2015 0.999999 1.3765 1.38e-07 0.3948 1.57
0.2025 0.999999 1.3765 1.38e-07 0.3948 1.57
0.2035 0.999999 1.3765 1.38e-07 0.3948 1.57
0.2045 0.999999 1.3765 1.38e-07 0.3948 1.57
0.2055 0.999999 1.3765 1.38e-07 0.3948 1.57
0.2065 0.999999 1.3765 1.38e-07 0.3948 1.57
0.2075 0.999999 1.3765 1.38e-07 0.3948 1.57
0.2085 0.999999 1.3765 1.38e-07 0.3948 1.57
0.2095 0.999999 1.3765 1.38e-07 0.3948 1.57
0.2105 0.999999 1.3765 1.38e-07 0.3948 1.57
0.2115 0.999999 1.3765 1.38e-07 0.3948 1.57
0.2125 0.999999 1.3765 1.38e-07 0.3948 1.57
0.2135 0.999999 1.3765 1.38e-07 0.3948 1.57
0.2145 0.999999 1.3765 1.38e-07 0.3948 1.57
0.2155 0.999999 1.3765 1.38e-07 0.394799 1.57
0.2165 0.999999 1.3765 1.38e-07 0.394799 1.57
0.2175 0.999998 1.3765 1.38e-07 0.394798 1.57
0.2185 0.999998 1.3765 1.38e-07 0.394797 1.57001
0.2195 0.999997 1.3765 1.38e-07 0.394795 1.57001
0.2205 0.999997 1.37651 1.38001e-07 0.394793 1.57001
0.2215 0.999997 1.37651 1.38001e-07 0.39479 1.57002
0.2225 0.999997 1.37651 1.38001e-07 0.394788 1.57002
0.2235 0.999998 1.37651 1.38001e-07 0.394786 1.57002
0.2245 1 1.37651 1.38001e-07 0.394789 1.57002
0.2255 1.00001 1.3765 1.38e-07 0.394797 1.57
0.2265 1.00002 1.37648 1.37998e-07 0.394817 1.56996
0.2275 1.00003 1.37645 1.37995e-07 0.394851 1.5699
0.2285 1.00005 1.37639 1.37989e-07 0.394905 1.5698
0.2295 1.00006 1.37631 1.37981e-07 0.39498 1.56966
0.2305 1.00008 1.37621 1.37971e-07 0.395079 1.56949
0.2315 1.0001 1.37608 1.37958e-07 0.395197 1.56928
0.2325 1.00011 1.37594 1.37944e-07 0.395329 1.56905
0.2335 1.00011 1.3758 1.3793e-07 0.395464 1.56881
0.2345 1.0001 1.37566 1.37916e-07 0.395593 1.56859
0.2355 1.00008 1.37553 1.37903e-07 0.395702 1.56841
0.2365 1.00006 1.37544 1.37894e-07 0.395784 1.56827
0.2375 1.00003 1.37538 1.37888e-07 0.395833 1.5682
0.2385 1 1.37536 1.37886e-07 0.395848 1.56818
0.2395 0.999981 1.37537 1.37887e-07 0.395832 1.56821
0.2405 0.999963 1.37541 1.37891e-07 0.395792 1.56829
0.2415 0.999952 1.37547 1.37897e-07 0.395736 1.56839
0.2425 0.999946 1.37554 1.37904e-07 0.39567 1.5685
0.2435 0.999946 1.37561 1.37911e-07 0.395603 1.56862
0.2445 0.999949 1.37568 1.37918e-07 0.395538 1.56873
0.2455 0.999953 1.37575 1.37925e-07 0.395478 1.56883
0.2465 0.999959 1.37581 1.37931e-07 0.395426 1.56892
0.2475 0.999964 1.37586 1.37936e-07 0.39538 1.569
0.2485 0.999969 1.3759 1.3794e-07 0.39534 1.56907
0.2495 0.999973 1.37594 1.37944e-07 0.395306 1.56913
0.2505 0.999974 1.37597 1.3796e-07 0.395276 1.56918
0.2515 0.999948 1.37593 1.38068e-07 0.395251 1.56922
0.2525 0.999847 1.37572 1.38526e-07 0.395228 1.56926
0.2535 0.999622 1.37516 1.39827e-07 0.395207 1.5693
0.2545 0.999277 1.37412 1.42575e-07 0.395189 1.56933
0.2555 0.998907 1.37268 1.47173e-07 0.395172 1.56936
0.2565 0.998653 1.37113 1.53516e-07 0.395156 1.56938
0.2575 0.99862 1.36986 1.60934e-07 0.395142 1.56941
0.2585 0.998808 1.36914 1.68439e-07 0.395129 1.56943
0.2595 0.999129 1.36907 1.75112e-07 0.395116 1.56945
0.2605 0.999467 1.3695 1.80393e-07 0.395105 1.56947
0.2615 0.999737 1.37023 1.84152e-07 0.395094 1.56949
0.2625 0.999907 1.37104 1.8658e-07 0.395083 1.56951
0.2635 0.999988 1.37179 1.88018e-07 0.395072 1.56952
0.2645 1.00001 1.37243 1.88808e-07 0.39506 1.56953
0.2655 1 1.37292 1.89216e-07 0.39504 1.56952
0.2665 0.999987 1.37329 1.89417e-07 0.395001 1.56948
0.2675 0.999969 1.37352 1.8951e-07 0.394916 1.56936
0.2685 0.999955 1.37357 1.89541e-07 0.394726 1.56906
0.2695 0.999945 1.37334 1.89518e-07 0.394312 1.56836
0.2705 0.999938 1.37259 1.89417e-07 0.393452 1.56689
0.2715 0.999933 1.3709 1.89184e-07 0.391744 1.56395
0.2725 0.999931 1.36755 1.88721e-07 0.388519 1.55838
0.2735 0.999935 1.3614 1.87874e-07 0.382716 1.54839
0.2745 0.999952 1.35083 1.86415e-07 0.372773 1.53138
0.2755 0.999994 1.33371 1.84053e-07 0.356599 1.50403
0.2765 1.00008 1.30778 1.80474e-07 0.33179 1.46284
0.2775 1.00024 1.27147 1.75463e-07 0.296329 1.40562
0.2785 1.00043 1.22533 1.69095e-07 0.24994 1.33371
0.2795 1.00058 1.17325 1.61909e-07 0.195677 1.25379
0.2805 1.00059 1.12207 1.54846e-07 0.140252 1.17668
0.2815 1.00043 1.07867 1.48857e-07 0.0916013 1.1126
0.2825 1.00024 1.04674 1.4445e-07 0.0548818 1.06631
0.2835 1.0001 1.02594 1.4158e-07 0.0306012 1.03659
0.2845 1.00003 1.01364 1.39883e-07 0.0161241 1.01918
0.2855 1.00001 1.00687 1.38948e-07 0.00812292 1.00963
0.2865 1 1.00333 1.3846e-07 0.00394077 1.00467
0.2875 1 1.00156 1.38216e-07 0.00184808 1.00219
0.2885 0.999999 1.00071 1.38098e-07 0.000839168 1.00099
0.2895 0.999999 1.00031 1.38043e-07 0.000369128 1.00044
0.2905 0.999999 1.00013 1.38018e-07 0.000157281 1.00019
0.2915 0.999999 1.00005 1.38008e-07 6.48951e-05 1.00008
0.2925 0.999999 1.00002 1.38003e-07 2.59191e-05 1.00003
0.2935 0.999999 1.00001 1.38001e-07 1.0017e-05 1.00001
0.2945 0.999999 1 1.38e-07 3.74464e-06 1
0.2955 0.999999 1 1.38e-07 1.35366e-06 1
0.2965 0.999999 0.999999 1.38e-07 4.73062e-07 1
0.2975 0.999999 0.999999 1.38e-07 1.59784e-07 1
0.2985 0.999999 0.999999 1.38e-07 5.21508e-08 1
0.2995 0.999999 0.999999 1.38e-07 1.64444e-08 1
0.3005 0.999999 0.999999 1.38e-07 5.00876e-09 1
0.3015 0.999999 0.999999 1.38e-07 1.47339e-09 1
0.3025 0.999999 0.999999 1.38e-07 4.18513e-10 1
0.3035 0.999999 0.999999 1.38e-07 1.1477e-10 1
0.3045 0.999999 0.999999 1.38e-07 3.03812e-11 1
0.3055 0.999999 0.999999 1.38e-07 7.7616e-12 1
0.3065 0.999999 0.999999 1.38e-07 1.91333e-12 1
0.3075 0.999999 0.999999 1.38e-07 4.54953e-13 1
0.3085 0.999999 0.999999 1.38e-07 1.04322e-13 1
0.3095 0.999999 0.999999 1.38e-07 2.29915e-14 1
0.3105 0.999999 0.999999 1.38e-07 4.9281e-15 1
0.3115 0.999999 0.999999 1.38e-07 1.01795e-15 1
0.3125 0.999999 0.999999 1.38e-07 1.46109e-16 1
0.3135 0.999999 0.999999 1.38e-07 5.17915e-18 1
0.3145 0.999999 0.999999 1.38e-07 0 1
0.3155 0.999999 0.999999 1.38e-07 0 1
0.3165 0.999999 0.999999 1.38e-07 0 1
0.3175 0.999999 0.999999 1.38e-07 0 1
0.3185 0.999999 0.999999 1.38e-07 0 1
0.3195 0.999999 0.999999 1.38e-07 0 1
0.3205 0.999999 0.999999 1.38e-07 0 1
0.3215 0.999999 0.999999 1.38e-07 0 1
0.3225 0.999999 0.999999 1.38e-07 0 1
0.3235 0.999999 0.999999 1.38e-07 0 1
0.3245 0.999999 0.999999 1.38e-07 0 1
0.3255 0.999999 0.999999 1.38e-07 0 1
0.3265 0.999999 0.999999 1.38e-07 0 1
0.3275 0.999999 0.999999 1.38e-07 0 1
0.3285 0.999999 0.999999 1.38e-07 0 1
0.3295 0.999999 0.999999 1.38e-07 0 1
0.3305 0.999999 0.999999 1.38e-07 0 1
0.3315 0.999999 0.999999 1.38e-07 0 1
0.3325 0.999999 0.999999 1.38e-07 0 1
0.3335 0.999999 0.999999 1.38e-07 0 1
0.3345 0.999999 0.999999 1.38e-07 0 1
0.3355 0.999999 0.999999 1.38e-07 0 1
0.3365 0.999999 0.999999 1.38e-07 0 1
0.3375 0.999999 0.999999 1.38e-07 0 1
0.3385 0.999999 0.999999 1.38e-07 0 1
0.3395 0.999999 0.999999 1.38e-07 0 1
0.3405 0.999999 0.999999 1.38e-07 0 1
0.3415 0.999999 0.999999 1.38e-07 0 1
0.3425 0.999999 0.999999 1.38e-07 0 1
0.3435 0.999999 0.999999 1.38e-07 0 1
0.3445 0.999999 0.999999 1.38e-07 0 1
0.3455 0.999999 0.999999 1.38e-07 0 1
0.3465 0.999999 0.999999 1.38e-07 0 1
0.3475 0.999999 0.999999 1.38e-07 0 1
0.3485 0.999999 0.999999 1.38e-07 0 1
0.3495 0.999999 0.999999 1.38e-07 0 1
0.3505 0.999999 0.999999 1.38e-07 0 1
0.3515 0.999999 0.999999 1.38e-07 0 1
0.3525 0.999999 0.999999 1.38e-07 0 1
0.3535 0.999999 0.999999 1.38e-07 0 1
0.3545 0.999999 0.999999 1.38e-07 0 1
0.3555 0.999999 0.999999 1.38e-07 0 1
0.3565 0.999999 0.999999 1.38e-07 0 1
0.3575 0.999999 0.999999 1.38e-07 0 1
0.3585 0.999999 0.999999 1.38e-07 0 1
0.3595 0.999999 0.999999 1.38e-07 0 1
0.3605 0.999999 0.999999 1.38e-07 0 1
0.3615 0.999999 0.999999 1.38e-07 0 1
0.3625 0.999999 0.999999 1.38e-07 0 1
0.3635 0.999999 0.999999 1.38e-07 0 1
0.3645 0.999999 0.999999 1.38e-07 0 1
0.3655 0.999999 0.999999 1.38e-07 0 1
0.3665 0.999999 0.999999 1.38e-07 0 1
0.3675 0.999999 0.999999 1.38e-07 0 1
0.3685 0.999999 0.999999 1.38e-07 0 1
0.3695 0.999999 0.999999 1.38e-07 0 1
0.3705 0.999999 0.999999 1.38e-07 0 1
0.3715 0.999999 0.999999 1.38e-07 0 1
0.3725 0.999999 0.999999 1.38e-07 0 1
0.3735 0.999999 0.999999 1.38e-07 0 1
0.3745 0.999999 0.999999 1.38e-07 0 1
0.3755 0.999999 0.999999 1.38e-07 0 1
0.3765 0.999999 0.999999 1.38e-07 0 1
0.3775 0.999999 0.999999 1.38e-07 0 1
0.3785 0.999999 0.999999 1.38e-07 0 1
0.3795 0.999999 0.999999 1.38e-07 0 1
0.3805 0.999999 0.999999 1.38e-07 0 1
0.3815 0.999999 0.999999 1.38e-07 0 1
0.3825 0.999999 0.999999 1.38e-07 0 1
0.3835 0.999999 0.999999 1.38e-07 0 1
0.3845 0.999999 0.999999 1.38e-07 0 1
0.3855 0.999999 0.999999 1.38e-07 0 1
0.3865 0.999999 0.999999 1.38e-07 0 1
0.3875 0.999999 0.999999 1.38e-07 0 1
0.3885 0.999999 0.999999 1.38e-07 0 1
0.3895 0.999999 0.999999 1.38e-07 0 1
0.3905 0.999999 0.999999 1.38e-07 0 1
0.3915 0.999999 0.999999 1.38e-07 0 1
0.3925 0.999999 0.999999 1.38e-07 0 1
0.3935 0.999999 0.999999 1.38e-07 0 1
0.3945 0.999999 0.999999 1.38e-07 0 1
0.3955 0.999999 0.999999 1.38e-07 0 1
0.3965 0.999999 0.999999 1.38e-07 0 1
0.3975 0.999999 0.999999 1.38e-07 0 1
0.3985 0.999999 0.999999 1.38e-07 0 1
0.3995 0.999999 0.999999 1.38e-07 0 1
0.4005 1e-06 1e-06 0.138 0 1
0.4015 1e-06 1e-06 0.138 0 1
0.4025 1e-06 1e-06 0.138 0 1
0.4035 1e-06 1e-06 0.138 0 1
0.4045 1e-06 1e-06 0.138 0 1
0.4055 1e-06 1e-06 0.138 0 1
0.4065 1e-06 1e-06 0.138 0 1
0.4075 1e-06 1e-06 0.138 0 1
0.4085 1e-06 1e-06 0.138 0 1
0.4095 1e-06 1e-06 0.138 0 1
0.4105 1e-06 1e-06 0.138 0 1
0.4115 1e-06 1e-06 0.138 0 1
0.4125 1e-06 1e-06 0.138 0 1
0.4135 1e-06 1e-06 0.138 0 1
0.4145 1e-06 1e-06 0.138 0 1
0.4155 1e-06 1e-06 0.138 0 1
0.4165 1e-06 1e-06 0.138 0 1
0.4175 1e-06 1e-06 0.138 0 1
0.4185 1e-06 1e-06 0.138 0 1
0.4195 1e-06 1e-06 0.138 0 1
0.4205 1e-06 1e-06 0.138 0 1
0.4215 1e-06 1e-06 0.138 0 1
0.4225 1e-06 1e-06 0.138 0 1
0.4235 1e-06 1e-06 0.138 0 1
0.4245 1e-06 1e-06 0.138 0 1
0.4255 1e-06 1e-06 0.138 0 1
0.4265 1e-06 1e-06 0.138 0 1
0.4275 1e-06 1e-06 0.138 0 1
0.4285 1e-06 1e-06 0.138 0 1
0.4295 1e-06 1e-06 0.138 0 1
0.4305 1e-06 1e-06 0.138 0 1
0.4315 1e-06 1e-06 0.138 0 1
0.4325 1e-06 1e-06 0.138 0 1
0.4335 1e-06 1e-06 0.138 0 1
0.4345 1e-06 1e-06 0.138 0 1
0.4355 1e-06 1e-06 0.138 0 1
0.4365 1e-06 1e-06 0.138 0 1
0.4375 1e-06 1e-06 0.138 0 1
0.4385 1e-06 1e-06 0.138 0 1
0.4395 1e-06 1e-06 0.138 0 1
0.4405 1e-06 1e-06 0.138 0 1
0.4415 1e-06 1e-06 0.138 0 1
0.4425 1e-06 1e-06 0.138 0 1
0.4435 1e-06 1e-06 0.138 0 1
0.4445 1e-06 1e-06 0.138 0 1
0.4455 1e-06 1e-06 0.138 0 1
0.4465 1e-06 1e-06 0.138 0 1
0.4475 1e-06 1e-06 0.138 0 1
0.4485 1e-06 1e-06 0.138 0 1
0.4495 1e-06 1e-06 0.138 0 1
0.4505 1e-06 1e-06 0.138 0 1
0.4515 1e-06 1e-06 0.138 0 1
0.4525 1e-06 1e-06 0.138 0 1
0.4535 1e-06 1e-06 0.138 0 1
0.4545 1e-06 1e-06 0.138 0 1
0.4555 1e-06 1e-06 0.138 0 1
0.4565 1e-06 1e-06 0.138 0 1
0.4575 1e-06 1e-06 0.138 0 1
0.4585 1e-06 1e-06 0.138 0 1
0.4595 1e-06 1e-06 0.138 0 1
0.4605 1e-06 1e-06 0.138 0 1
0.4615 1e-06 1e-06 0.138 0 1
0.4625 1e-06 1e-06 0.138 0 1
0.4635 1e-06 1e-06 0.138 0 1
0.4645 1e-06 1e-06 0.138 0 1
0.4655 1e-06 1e-06 0.138 0 1
0.4665 1e-06 1e-06 0.138 0 1
0.4675 1e-06 1e-06 0.138 0 1
0.4685 1e-06 1e-06 0.138 0 1
0.4695 1e-06 1e-06 0.138 0 1
0.4705 1e-06 1e-06 0.138 0 1
0.4715 1e-06 1e-06 0.138 0 1
0.4725 1e-06 1e-06 0.138 0 1
0.4735 1e-06 1e-06 0.138 0 1
0.4745 1e-06 1e-06 0.138 0 1
0.4755 1e-06 1e-06 0.138 0 1
0.4765 1e-06 1e-06 0.138 0 1
0.4775 1e-06 1e-06 0.138 0 1
0.4785 1e-06 1e-06 0.138 0 1
0.4795 1e-06 1e-06 0.138 0 1
0.4805 1e-06 1e-06 0.138 0 1
0.4815 1e-06 1e-06 0.138 0 1
0.4825 1e-06 1e-06 0.138 0 1
0.4835 1e-06 1e-06 0.138 0 1
0.4845 1e-06 1e-06 0.138 0 1
0.4855 1e-06 1e-06 0.138 0 1
0.4865 1e-06 1e-06 0.138 0 1
0.4875 1e-06 1e-06 0.138 0 1
0.4885 1e-06 1e-06 0.138 0 1
0.4895 1e-06 1e-06 0.138 0 1
0.4905 1e-06 1e-06 0.138 0 1
0.4915 1e-06 1e-06 0.138 0 1
0.4925 1e-06 1e-06 0.138 0 1
0.4935 1e-06 1e-06 0.138 0 1
0.4945 1e-06 1e-06 0.138 0 1
0.4955 1e-06 1e-06 0.138 0 1
0.4965 1e-06 1e-06 0.138 0 1
0.4975 1e-06 1e-06 0.138 0 1
0.4985 1e-06 1e-06 0.138 0 1
0.4995 1e-06 1e-06 0.138 0 1
0.5005 1e-06 1e-06 0.138 0 1
0.5015 1e-06 1e-06 0.138 0 1
0.5025 1e-06 1e-06 0.138 0 1
0.5035 1e-06 1e-06 0.138 0 1
0.5045 1e-06 1e-06 0.138 0 1
0.5055 1e-06 1e-06 0.138 0 1
0.5065 1e-06 1e-06 0.138 0 1
0.5075 1e-06 1e-06 0.138 0 1
0.5085 1e-06 1e-06 0.138 0 1
0.5095 1e-06 1e-06 0.138 0 1
0.5105 1e-06 1e-06 0.138 0 1
0.5115 1e-06 1e-06 0.138 0 1
0.5125 1e-06 1e-06 0.138 0 1
0.5135 1e-06 1e-06 0.138 0 1
0.5145 1e-06 1e-06 0.138 0 1
0.5155 1e-06 1e-06 0.138 0 1
0.5165 1e-06 1e-06 0.138 0 1
0.5175 1e-06 1e-06 0.138 0 1
0.5185 1e-06 1e-06 0.138 0 1
0.5195 1e-06 1e-06 0.138 0 1
0.5205 1e-06 1e-06 0.138 0 1
0.5215 1e-06 1e-06 0.138 0 1
0.5225 1e-06 1e-06 0.138 0 1
0.5235 1e-06 1e-06 0.138 0 1
0.5245 1e-06 1e-06 0.138 0 1
0.5255 1e-06 1e-06 0.138 0 1
0.5265 1e-06 1e-06 0.138 0 1
0.5275 1e-06 1e-06 0.138 0 1
0.5285 1e-06 1e-06 0.138 0 1
0.5295 1e-06 1e-06 0.138 0 1
0.5305 1e-06 1e-06 0.138 0 1
0.5315 1e-06 1e-06 0.138 0 1
0.5325 1e-06 1e-06 0.138 0 1
0.5335 1e-06 1e-06 0.138 0 1
0.5345 1e-06 1e-06 0.138 0 1
0.5355 1e-06 1e-06 0.138 0 1
0.5365 1e-06 1e-06 0.138 0 1
0.5375 1e-06 1e-06 0.138 0 1
0.5385 1e-06 1e-06 0.138 0 1
0.5395 1e-06 1e-06 0.138 0 1
0.5405 1e-06 1e-06 0.138 0 1
0.5415 1e-06 1e-06 0.138 0 1
0.5425 1e-06 1e-06 0.138 0 1
0.5435 1e-06 1e-06 0.138 0 1
0.5445 1e-06 1e-06 0.138 0 1
0.5455 1e-06 1e-06 0.138 0 1
0.5465 1e-06 1e-06 0.138 0 1
0.5475 1e-06 1e-06 0.138 0 1
0.5485 1e-06 1e-06 0.138 0 1
0.5495 1e-06 1e-06 0.138 0 1
0.5505 1e-06 1e-06 0.138 0 1
0.5515 1e-06 1e-06 0.138 0 1
0.5525 1e-06 1e-06 0.138 0 1
0.5535 1e-06 1e-06 0.138 0 1
0.5545 1e-06 1e-06 0.138 0 1
0.5555 1e-06 1e-06 0.138 0 1
0.5565 1e-06 1e-06 0.138 0 1
0.5575 1e-06 1e-06 0.138 0 1
0.5585 1e-06 1e-06 0.138 0 1
0.5595 1e-06 1e-06 0.138 0 1
0.5605 1e-06 1e-06 0.138 0 1
0.5615 1e-06 1e-06 0.138 0 1
0.5625 1e-06 1e-06 0.138 0 1
0.5635 1e-06 1e-06 0.138 0 1
0.5645 1e-06 1e-06 0.138 0 1
0.5655 1e-06 1e-06 0.138 0 1
0.5665 1e-06 1e-06 0.138 0 1
0.5675 1e-06 1e-06 0.138 0 1
0.5685 1e-06 1e-06 0.138 0 1
0.5695 1e-06 1e-06 0.138 0 1
0.5705 1e-06 1e-06 0.138 0 1
0.5715 1e-06 1e-06 0.138 0 1
0.5725 1e-06 1e-06 0.138 0 1
0.5735 1e-06 1e-06 0.138 0 1
0.5745 1e-06 1e-06 0.138 0 1
0.5755 1e-06 1e-06 0.138 0 1
0.5765 1e-06 1e-06 0.138 0 1
0.5775 1e-06 1e-06 0.138 0 1
0.5785 1e-06 1e-06 0.138 0 1
0.5795 1e-06 1e-06 0.138 0 1
0.5805 1e-06 1e-06 0.138 0 1
0.5815 1e-06 1e-06 0.138 0 1
0.5825 1e-06 1e-06 0.138 0 1
0.5835 1e-06 1e-06 0.138 0 1
0.5845 1e-06 1e-06 0.138 0 1
0.5855 1e-06 1e-06 0.138 0 1
0.5865 1e-06 1e-06 0.138 0 1
0.5875 1e-06 1e-06 0.138 0 1
0.5885 1e-06 1e-06 0.138 0 1
0.5895 1e-06 1e-06 0.138 0 1
0.5905 1e-06 1e-06 0.138 0 1
0.5915 1e-06 1e-06 0.138 0 1
0.5925 1e-06 1e-06 0.138 0 1
0.5935 1e-06 1e-06 0.138 0 1
0.5945 1e-06 1e-06 0.138 0 1
0.5955 1e-06 1e-06 0.138 0 1
0.5965 1e-06 1e-06 0.138 0 1
0.5975 1e-06 1e-06 0.138 0 1
0.5985 1e-06 1e-06 0.138 0 1
0.5995 1e-06 1e-06 0.138 0 1
0.6005 0.999999 0.999999 1.38e-07 0 1
0.6015 0.999999 0.999999 1.38e-07 0 1
0.6025 0.999999 0.999999 1.38e-07 0 1
0.6035 0.999999 0.999999 1.38e-07 0 1
0.6045 0.999999 0.999999 1.38e-07 0 1
0.6055 0.999999 0.999999 1.38e-07 0 1
0.6065 0.999999 0.999999 1.38e-07 0 1
0.6075 0.999999 0.999999 1.38e-07 0 1
0.6085 0.999999 0.999999 1.38e-07 0 1
0.6095 0.999999 0.999999 1.38e-07 0 1
0.6105 0.999999 0.999999 1.38e-07 0 1
0.6115 0.999999 0.999999 1.38e-07 0 1
0.6125 0.999999 0.999999 1.38e-07 0 1
0.6135 0.999999 0.999999 1.38e-07 0 1
0.6145 0.999999 0.999999 1.38e-07 0 1
0.6155 0.999999 0.999999 1.38e-07 0 1
0.6165 0.999999 0.999999 1.38e-07 0 1
0.6175 0.999999 0.999999 1.38e-07 0 1
0.6185 0.999999 0.999999 1.38e-07 0 1
0.6195 0.999999 0.999999 1.38e-07 0 1
0.6205 0.999999 0.999999 1.38e-07 0 1
0.6215 0.999999 0.999999 1.38e-07 0 1
0.6225 0.999999 0.999999 1.38e-07 0 1
0.6235 0.999999 0.999999 1.38e-07 0 1
0.6245 0.999999 0.999999 1.38e-07 0 1
0.6255 0.999999 0.999999 1.38e-07 0 1
0.6265 0.999999 0.999999 1.38e-07 0 1
0.6275 0.999999 0.999999 1.38e-07 0 1
0.6285 0.999999 0.999999 1.38e-07 0 1
0.6295 0.999999 0.999999 1.38e-07 0 1
0.6305 0.999999 0.999999 1.38e-07 0 1
0.6315 0.999999 0.999999 1.38e-07 0 1
0.6325 0.999999 0.999999 1.38e-07 0 1
0.6335 0.999999 0.999999 1.38e-07 0 1
0.6345 0.999999 0.999999 1.38e-07 0 1
0.6355 0.999999 0.999999 1.38e-07 0 1
0.6365 0.999999 0.999999 1.38e-07 0 1
0.6375 0.999999 0.999999 1.38e-07 0 1
0.6385 0.999999 0.999999 1.38e-07 0 1
0.6395 0.999999 0.999999 1.38e-07 0 1
0.6405 0.999999 0.999999 1.38e-07 0 1
0.6415 0.999999 0.999999 1.38e-07 0 1
0.6425 0.999999 0.999999 1.38e-07 0 1
0.6435 0.999999 0.999999 1.38e-07 0 1
0.6445 0.999999 0.999999 1.38e-07 0 1
0.6455 0.999999 0.999999 1.38e-07 0 1
0.6465 0.999999 0.999999 1.38e-07 0 1
0.6475 0.999999 0.999999 1.38e-07 0 1
0.6485 0.999999 0.999999 1.38e-07 0 1
0.6495 0.999999 0.999999 1.38e-07 0 1
0.6505 0.999999 0.999999 1.38e-07 0 1
0.6515 0.999999 0.999999 1.38e-07 0 1
0.6525 0.999999 0.999999 1.38e-07 0 1
0.6535 0.999999 0.999999 1.38e-07 0 1
0.6545 0.999999 0.999999 1.38e-07 0 1
0.6555 0.999999 0.999999 1.38e-07 0 1
0.6565 0.999999 0.999999 1.38e-07 0 1
0.6575 0.999999 0.999999 1.38e-07 0 1
0.6585 0.999999 0.999999 1.38e-07 0 1
0.6595 0.999999 0.999999 1.38e-07 0 1
0.6605 0.999999 0.999999 1.38e-07 0 1
0.6615 0.999999 0.999999 1.38e-07 0 1
0.6625 0.999999 0.999999 1.38e-07 0 1
0.6635 0.999999 0.999999 1.38e-07 0 1
0.6645 0.999999 0.999999 1.38e-07 0 1
0.6655 0.999999 0.999999 1.38e-07 0 1
0.6665 0.999999 0.999999 1.38e-07 0 1
0.6675 0.999999 0.999999 1.38e-07 0 1
0.6685 0.999999 0.999999 1.38e-07 0 1
0.6695 0.999999 0.999999 1.38e-07 0 1
0.6705 0.999999 0.999999 1.38e-07 0 1
0.6715 0.999999 0.999999 1.38e-07 0 1
0.6725 0.999999 0.999999 1.38e-07 0 1
0.6735 0.999999 0.999999 1.38e-07 0 1
0.6745 0.999999 0.999999 1.38e-07 0 1
0.6755 0.999999 0.999999 1.38e-07 0 1
0.6765 0.999999 0.999999 1.38e-07 0 1
0.6775 0.999999 0.999999 1.38e-07 0 1
0.6785 0.999999 0.999999 1.38e-07 0 1
0.6795 0.999999 0.999999 1.38e-07 0 1
0.6805 0.999999 0.999999 1.38e-07 0 1
0.6815 0.999999 0.999999 1.38e-07 0 1
0.6825 0.999999 0.999999 1.38e-07 0 1
0.6835 0.999999 0.999999 1.38e-07 0 1
0.6845 0.999999 0.999999 1.38e-07 0 1
0.6855 0.999999 0.999999 1.38e-07 0 1
0.6865 0.999999 0.999999 1.38e-07 0 1
0.6875 0.999999 0.999999 1.38e-07 0 1
0.6885 0.999999 0.999999 1.38e-07 0 1
0.6895 0.999999 0.999999 1.38e-07 0 1
0.6905 0.999999 0.999999 1.38e-07 0 1
0.6915 0.999999 0.999999 1.38e-07 0 1
0.6925 0.999999 0.999999 1.38e-07 0 1
0.6935 0.999999 0.999999 1.38e-07 0 1
0.6945 0.999999 0.999999 1.38e-07 0 1
0.6955 0.999999 0.999999 1.38e-07 0 1
0.6965 0.999999 0.999999 1.38e-07 0 1
0.6975 0.999999 0.999999 1.38e-07 0 1
0.6985 0.999999 0.999999 1.38e-07 0 1
0.6995 0.999999 0.999999 1.38e-07 0 1
0.7005 0.999999 0.999999 1.38e-07 0 1
0.7015 0.999999 0.999999 1.38e-07 0 1
0.7025 0.999999 0.999999 1.38e-07 0 1
0.7035 0.999999 0.999999 1.38e-07 0 1
0.7045 0.999999 0.999999 1.38e-07 0 1
0.7055 0.999999 0.999999 1.38e-07 0 1
0.7065 0.999999 0.999999 1.38e-07 0 1
0.7075 0.999999 0.999999 1.38e-07 0 1
0.7085 0.999999 0.999999 1.38e-07 0 1
0.7095 0.999999 0.999999 1.38e-07 0 1
0.7105 0.999999 0.999999 1.38e-07 0 1
0.7115 0.999999 0.999999 1.38e-07 0 1
0.7125 0.999999 0.999999 1.38e-07 0 1
0.7135 0.999999 0.999999 1.38e-07 0 1
0.7145 0.999999 0.999999 1.38e-07 0 1
0.7155 0.999999 0.999999 1.38e-07 0 1
0.7165 0.999999 0.999999 1.38e-07 0 1
0.7175 0.999999 0.999999 1.38e-07 0 1
0.7185 0.999999 0.999999 1.38e-07 0 1
0.7195 0.999999 0.999999 1.38e-07 0 1
0.7205 0.999999 0.999999 1.38e-07 0 1
0.7215 0.999999 0.999999 1.38e-07 0 1
0.7225 0.999999 0.999999 1.38e-07 0 1
0.7235 0.999999 0.999999 1.38e-07 0 1
0.7245 0.999999 0.999999 1.38e-07 0 1
0.7255 0.999999 0.999999 1.38e-07 0 1
0.7265 0.999999 0.999999 1.38e-07 0 1
0.7275 0.999999 0.999999 1.38e-07 0 1
0.7285 0.999999 0.999999 1.38e-07 0 1
0.7295 0.999999 0.999999 1.38e-07 0 1
0.7305 0.999999 0.999999 1.38e-07 0 1
0.7315 0.999999 0.999999 1.38e-07 0 1
0.7325 0.999999 0.999999 1.38e-07 0 1
0.7335 0.999999 0.999999 1.38e-07 0 1
0.7345 0.999999 0.999999 1.38e-07 0 1
0.7355 0.999999 0.999999 1.38e-07 0 1
0.7365 0.999999 0.999999 1.38e-07 0 1
0.7375 0.999999 0.999999 1.38e-07 0 1
0.7385 0.999999 0.999999 1.38e-07 0 1
0.7395 0.999999 0.999999 1.38e-07 0 1
0.7405 0.999999 0.999999 1.38e-07 0 1
0.7415 0.999999 0.999999 1.38e-07 0 1
0.7425 0.999999 0.999999 1.38e-07 0 1
0.7435 0.999999 0.999999 1.38e-07 0 1
0.7445 0.999999 0.999999 1.38e-07 0 1
0.7455 0.999999 0.999999 1.38e-07 0 1
0.7465 0.999999 0.999999 1.38e-07 0 1
0.7475 0.999999 0.999999 1.38e-07 0 1
0.7485 0.999999 0.999999 1.38e-07 0 1
0.7495 0.999999 0.999999 1.38e-07 0 1
0.7505 0.999999 0.999999 1.38e-07 0 1
0.7515 0.999999 0.999999 1.38e-07 0 1
0.7525 0.999999 0.999999 1.38e-07 0 1
0.7535 0.999999 0.999999 1.38e-07 0 1
0.7545 0.999999 0.999999 1.38e-07 0 1
0.7555 0.999999 0.999999 1.38e-07 0 1
0.7565 0.999999 0.999999 1.38e-07 0 1
0.7575 0.999999 0.999999 1.38e-07 0 1
0.7585 0.999999 0.999999 1.38e-07 0 1
0.7595 0.999999 0.999999 1.38e-07 0 1
0.7605 0.999999 0.999999 1.38e-07 0 1
0.7615 0.999999 0.999999 1.38e-07 0 1
0.7625 0.999999 0.999999 1.38e-07 0 1
0.7635 0.999999 0.999999 1.38e-07 0 1
0.7645 0.999999 0.999999 1.38e-07 0 1
0.7655 0.999999 0.999999 1.38e-07 0 1
0.7665 0.999999 0.999999 1.38e-07 0 1
0.7675 0.999999 0.999999 1.38e-07 0 1
0.7685 0.999999 0.999999 1.38e-07 0 1
0.7695 0.999999 0.999999 1.38e-07 0 1
0.7705 0.999999 0.999999 1.38e-07 0 1
0.7715 0.999999 0.999999 1.38e-07 0 1
0.7725 0.999999 0.999999 1.38e-07 0 1
0.7735 0.999999 0.999999 1.38e-07 0 1
0.7745 0.999999 0.999999 1.38e-07 0 1
0.7755 0.999999 0.999999 1.38e-07 0 1
0.7765 0.999999 0.999999 1.38e-07 0 1
0.7775 0.999999 0.999999 1.38e-07 0 1
0.7785 0.999999 0.999999 1.38e-07 0 1
0.7795 0.999999 0.999999 1.38e-07 0 1
0.7805 0.999999 0.999999 1.38e-07 0 1
0.7815 0.999999 0.999999 1.38e-07 0 1
0.7825 0.999999 0.999999 1.38e-07 0 1
0.7835 0.999999 0.999999 1.38e-07 0 1
0.7845 0.999999 0.999999 1.38e-07 0 1
0.7855 0.999999 0.999999 1.38e-07 0 1
0.7865 0.999999 0.999999 1.38e-07 0 1
0.7875 0.999999 0.999999 1.38e-07 0 1
0.7885 0.999999 0.999999 1.38e-07 0 1
0.7895 0.999999 0.999999 1.38e-07 0 1
0.7905 0.999999 0.999999 1.38e-07 0 1
0.7915 0.999999 0.999999 1.38e-07 0 1
0.7925 0.999999 0.999999 1.38e-07 0 1
0.7935 0.999999 0.999999 1.38e-07 0 1
0.7945 0.999999 0.999999 1.38e-07 0 1
0.7955 0.999999 0.999999 1.38e-07 0 1
0.7965 0.999999 0.999999 1.38e-07 0 1
0.7975 0.999999 0.999999 1.38e-07 0 1
0.7985 0.999999 0.999999 1.38e-07 0 1
0.7995 0.999999 0.999999 1.38e-07 0 1
0.8005 0.999999 0.999999 1.38e-07 0 1
0.8015 0.999999 0.999999 1.38e-07 0 1
0.8025 0.999999 0.999999 1.38e-07 0 1
0.8035 0.999999 0.999999 1.38e-07 0 1
0.8045 0.999999 0.999999 1.38e-07 0 1
0.8055 0.999999 0.999999 1.38e-07 0 1
0.8065 0.999999 0.999999 1.38e-07 0 1
0.8075 0.999999 0.999999 1.38e-07 0 1
0.8085 0.999999 0.999999 1.38e-07 0 1
0.8095 0.999999 0.999999 1.38e-07 0 1
0.8105 0.999999 0.999999 1.38e-07 0 1
0.8115 0.999999 0.999999 1.38e-07 0 1
0.8125 0.999999 0.999999 1.38e-07 0 1
0.8135 0.999999 0.999999 1.38e-07 0 1
0.8145 0.999999 0.999999 1.38e-07 0 1
0.8155 0.999999 0.999999 1.38e-07 0 1
0.8165 0.999999 0.999999 1.38e-07 0 1
0.8175 0.999999 0.999999 1.38e-07 0 1
0.8185 0.999999 0.999999 1.38e-07 0 1
0.8195 0.999999 0.999999 1.38e-07 0 1
0.8205 0.999999 0.999999 1.38e-07 0 1
0.8215 0.999999 0.999999 1.38e-07 0 1
0.8225 0.999999 0.999999 1.38e-07 0 1
0.8235 0.999999 0.999999 1.38e-07 0 1
0.8245 0.999999 0.999999 1.38e-07 0 1
0.8255 0.999999 0.999999 1.38e-07 0 1
0.8265 0.999999 0.999999 1.38e-07 0 1
0.8275 0.999999 0.999999 1.38e-07 0 1
0.8285 0.999999 0.999999 1.38e-07 0 1
0.8295 0.999999 0.999999 1.38e-07 0 1
0.8305 0.999999 0.999999 1.38e-07 0 1
0.8315 0.999999 0.999999 1.38e-07 0 1
0.8325 0.999999 0.999999 1.38e-07 0 1
0.8335 0.999999 0.999999 1.38e-07 0 1
0.8345 0.999999 0.999999 1.38e-07 0 1
0.8355 0.999999 0.999999 1.38e-07 0 1
0.8365 0.999999 0.999999 1.38e-07 0 1
0.8375 0.999999 0.999999 1.38e-07 0 1
0.8385 0.999999 0.999999 1.38e-07 0 1
0.8395 0.999999 0.999999 1.38e-07 0 1
0.8405 0.999999 0.999999 1.38e-07 0 1
0.8415 0.999999 0.999999 1.38e-07 0 1
0.8425 0.999999 0.999999 1.38e-07 0 1
0.8435 0.999999 0.999999 1.38e-07 0 1
0.8445 0.999999 0.999999 1.38e-07 0 1
0.8455 0.999999 0.999999 1.38e-07 0 1
0.8465 0.999999 0.999999 1.38e-07 0 1
0.8475 0.999999 0.999999 1.38e-07 0 1
0.8485 0.999999 0.999999 1.38e-07 0 1
0.8495 0.999999 0.999999 1.38e-07 0 1
0.8505 0.999999 0.999999 1.38e-07 0 1
0.8515 0.999999 0.999999 1.38e-07 0 1
0.8525 0.999999 0.999999 1.38e-07 0 1
0.8535 0.999999 0.999999 1.38e-07 0 1
0.8545 0.999999 0.999999 1.38e-07 0 1
0.8555 0.999999 0.999999 1.38e-07 0 1
0.8565 0.999999 0.999999 1.38e-07 0 1
0.8575 0.999999 0.999999 1.38e-07 0 1
0.8585 0.999999 0.999999 1.38e-07 0 1
0.8595 0.999999 0.999999 1.38e-07 0 1
0.8605 0.999999 0.999999 1.38e-07 0 1
0.8615 0.999999 0.999999 1.38e-07 0 1
0.8625 0.999999 0.999999 1.38e-07 0 1
0.8635 0.999999 0.999999 1.38e-07 0 1
0.8645 0.999999 0.999999 1.38e-07 0 1
0.8655 0.999999 0.999999 1.38e-07 0 1
0.8665 0.999999 0.999999 1.38e-07 0 1
0.8675 0.999999 0.999999 1.38e-07 0 1
0.8685 0.999999 0.999999 1.38e-07 0 1
0.8695 0.999999 0.999999 1.38e-07 0 1
0.8705 0.999999 0.999999 1.38e-07 0 1
0.8715 0.999999 0.999999 1.38e-07 0 1
0.8725 0.999999 0.999999 1.38e-07 0 1
0.8735 0.999999 0.999999 1.38e-07 0 1
0.8745 0.999999 0.999999 1.38e-07 0 1
0.8755 0.999999 0.999999 1.38e-07 0 1
0.8765 0.999999 0.999999 1.38e-07 0 1
0.8775 0.999999 0.999999 1.38e-07 0 1
0.8785 0.999999 0.999999 1.38e-07 0 1
0.8795 0.999999 0.999999 1.38e-07 0 1
0.8805 0.999999 0.999999 1.38e-07 0 1
0.8815 0.999999 0.999999 1.38e-07 0 1
0.8825 0.999999 0.999999 1.38e-07 0 1
0.8835 0.999999 0.999999 1.38e-07 0 1
0.8845 0.999999 0.999999 1.38e-07 0 1
0.8855 0.999999 0.999999 1.38e-07 0 1
0.8865 0.999999 0.999999 1.38e-07 0 1
0.8875 0.999999 0.999999 1.38e-07 0 1
0.8885 0.999999 0.999999 1.38e-07 0 1
0.8895 0.999999 0.999999 1.38e-07 0 1
0.8905 0.999999 0.999999 1.38e-07 0 1
0.8915 0.999999 0.999999 1.38e-07 0 1
0.8925 0.999999 0.999999 1.38e-07 0 1
0.8935 0.999999 0.999999 1.38e-07 0 1
0.8945 0.999999 0.999999 1.38e-07 0 1
0.8955 0.999999 0.999999 1.38e-07 0 1
0.8965 0.999999 0.999999 1.38e-07 0 1
0.8975 0.999999 0.999999 1.38e-07 0 1
0.8985 0.999999 0.999999 1.38e-07 0 1
0.8995 0.999999 0.999999 1.38e-07 0 1
0.9005 0.999999 0.999999 1.38e-07 0 1
0.9015 0.999999 0.999999 1.38e-07 0 1
0.9025 0.999999 0.999999 1.38e-07 0 1
0.9035 0.999999 0.999999 1.38e-07 0 1
0.9045 0.999999 0.999999 1.38e-07 0 1
0.9055 0.999999 0.999999 1.38e-07 0 1
0.9065 0.999999 0.999999 1.38e-07 0 1
0.9075 0.999999 0.999999 1.38e-07 0 1
0.9085 0.999999 0.999999 1.38e-07 0 1
0.9095 0.999999 0.999999 1.38e-07 0 1
0.9105 0.999999 0.999999 1.38e-07 0 1
0.9115 0.999999 0.999999 1.38e-07 0 1
0.9125 0.999999 0.999999 1.38e-07 0 1
0.9135 0.999999 0.999999 1.38e-07 0 1
0.9145 0.999999 0.999999 1.38e-07 0 1
0.9155 0.999999 0.999999 1.38e-07 0 1
0.9165 0.999999 0.999999 1.38e-07 0 1
0.9175 0.999999 0.999999 1.38e-07 0 1
0.9185 0.999999 0.999999 1.38e-07 0 1
0.9195 0.999999 0.999999 1.38e-07 0 1
0.9205 0.999999 0.999999 1.38e-07 0 1
0.9215 0.999999 0.999999 1.38e-07 0 1
0.9225 0.999999 0.999999 1.38e-07 0 1
0.9235 0.999999 0.999999 1.38e-07 0 1
0.9245 0.999999 0.999999 1.38e-07 0 1
0.9255 0.999999 0.999999 1.38e-07 0 1
0.9265 0.999999 0.999999 1.38e-07 0 1
0.9275 0.999999 0.999999 1.38e-07 0 1
0.9285 0.999999 0.999999 1.38e-07 0 1
0.9295 0.999999 0.999999 1.38e-07 0 1
0.9305 0.999999 0.999999 1.38e-07 0 1
0.9315 0.999999 0.999999 1.38e-07 0 1
0.9325 0.999999 0.999999 1.38e-07 0 1
0.9335 0.999999 0.999999 1.38e-07 0 1
0.9345 0.999999 0.999999 1.38e-07 0 1
0.9355 0.999999 0.999999 1.38e-07 0 1
0.9365 0.999999 0.999999 1.38e-07 0 1
0.9375 0.999999 0.999999 1.38e-07 0 1
0.9385 0.999999 0.999999 1.38e-07 0 1
0.9395 0.999999 0.999999 1.38e-07 0 1
0.9405 0.999999 0.999999 1.38e-07 0 1
0.9415 0.999999 0.999999 1.38e-07 0 1
0.9425 0.999999 0.999999 1.38e-07 0 1
0.9435 0.999999 0.999999 1.38e-07 0 1
0.9445 0.999999 0.999999 1.38e-07 0 1
0.9455 0.999999 0.999999 1.38e-07 0 1
0.9465 0.999999 0.999999 1.38e-07 0 1
0.9475 0.999999 0.999999 1.38e-07 0 1
0.9485 0.999999 0.999999 1.38e-07 0 1
0.9495 0.999999 0.999999 1.38e-07 0 1
0.9505 0.999999 0.999999 1.38e-07 0 1
0.9515 0.999999 0.999999 1.38e-07 0 1
0.9525 0.999999 0.999999 1.38e-07 0 1
0.9535 0.999999 0.999999 1.38e-07 0 1
0.9545 0.999999 0.999999 1.38e-07 0 1
0.9555 0.999999 0.999999 1.38e-07 0 1
0.9565 0.999999 0.999999 1.38e-07 0 1
0.9575 0.999999 0.999999 1.38e-07 0 1
0.9585 0.999999 0.999999 1.38e-07 0 1
0.9595 0.999999 0.999999 1.38e-07 0 1
0.9605 0.999999 0.999999 1.38e-07 0 1
0.9615 0.999999 0.999999 1.38e-07 0 1
0.9625 0.999999 0.999999 1.38e-07 0 1
0.9635 0.999999 0.999999 1.38e-07 0 1
0.9645 0.999999 0.999999 1.38e-07 0 1
0.9655 0.999999 0.999999 1.38e-07 0 1
0.9665 0.999999 0.999999 1.38e-07 0 1
0.9675 0.999999 0.999999 1.38e-07 0 1
0.9685 0.999999 0.999999 1.38e-07 0 1
0.9695 0.999999 0.999999 1.38e-07 0 1
0.9705 0.999999 0.999999 1.38e-07 0 1
0.9715 0.999999 0.999999 1.38e-07 0 1
0.9725 0.999999 0.999999 1.38e-07 0 1
0.9735 0.999999 0.999999 1.38e-07 0 1
0.9745 0.999999 0.999999 1.38e-07 0 1
0.9755 0.999999 0.999999 1.38e-07 0 1
0.9765 0.999999 0.999999 1.38e-07 0 1
0.9775 0.999999 0.999999 1.38e-07 0 1
0.9785 0.999999 0.999999 1.38e-07 0 1
0.9795 0.999999 0.999999 1.38e-07 0 1
0.9805 0.999999 0.999999 1.38e-07 0 1
0.9815 0.999999 0.999999 1.38e-07 0 1
0.9825 0.999999 0.999999 1.38e-07 0 1
0.9835 0.999999 0.999999 1.38e-07 0 1
0.9845 0.999999 0.999999 1.38e-07 0 1
0.9855 0.999999 0.999999 1.38e-07 0 1
0.9865 0.999999 0.999999 1.38e-07 0 1
0.9875 0.999999 0.999999 1.38e-07 0 1
0.9885 0.999999 0.999999 1.38e-07 0 1
0.9895 0.999999 0.999999 1.38e-07 0 1
0.9905 0.999999 0.999999 1.38e-07 0 1
0.9915 0.999999 0.999999 1.38e-07 0 1
0.9925 0.999999 0.999999 1.38e-07 0 1
0.9935 0.999999 0.999999 1.38e-07 0 1
0.9945 0.999999 0.999999 1.38e-07 0 1
0.9955 0.999999 0.999999 1.38e-07 0 1
0.9965 0.999999 0.999999 1.38e-07 0 1
0.9975 0.999999 0.999999 1.38e-07 0 1
0.9985 0.999999 0.999999 1.38e-07 0 1
0.9995 0.999999 0.999999 1.38e-07 0 1
