x alpha rho1 rho2 v p
0.0005 0.999999 1.3765 1.38e-07 0.3948 1.57
0.0015 0.999999 1.3765 1.38e-07 0.3948 1.57
0.0025 0.999999 1.3765 1.38e-07 0.3948 1.57
0.0035 0.999999 1.3765 1.38e-07 0.3948 1.57
0.0045 0.999999 1.3765 1.38e-07 0.3948 1.57
0.0055 0.999999 1.3765 1.38e-07 0.3948 1.57
0.0065 0.999999 1.3765 1.38e-07 0.3948 1.57
0.0075 0.999999 1.3765 1.38e-07 0.3948 1.57
0.0085 0.999999 1.3765 1.38e-07 0.3948 1.57
0.0095 0.999999 1.3765 1.38e-07 0.3948 1.57
0.0105 0.999999 1.3765 1.38e-07 0.3948 1.57
0.0115 0.999999 1.3765 1.38e-07 0.3948 1.57
0.0125 0.999999 1.3765 1.38e-07 0.3948 1.57
0.0135 0.999999 1.3765 1.38e-07 0.3948 1.57
0.0145 0.999999 1.3765 1.38e-07 0.3948 1.57
0.0155 0.999999 1.3765 1.38e-07 0.3948 1.57
0.0165 0.999999 1.3765 1.38e-07 0.3948 1.57
0.0175 0.999999 1.3765 1.38e-07 0.3948 1.57
0.0185 0.999999 1.3765 1.38e-07 0.3948 1.57
0.0195 0.999999 1.3765 1.38e-07 0.3948 1.57
0.0205 0.999999 1.3765 1.38e-07 0.3948 1.57
0.0215 0.999999 1.3765 1.38e-07 0.3948 1.57
0.0225 0.999999 1.3765 1.38e-07 0.3948 1.57
0.0235 0.999999 1.3765 1.38e-07 0.3948 1.57
0.0245 0.999999 1.3765 1.38e-07 0.3948 1.57
0.0255 0.999999 1.3765 1.38e-07 0.3948 1.57
0.0265 0.999999 1.3765 1.38e-07 0.3948 1.57
0.0275 0.999999 1.3765 1.38e-07 0.3948 1.57
0.0285 0.999999 1.3765 1.38e-07 0.3948 1.57
0.0295 0.999999 1.3765 1.38e-07 0.3948 1.57
0.0305 0.999999 1.3765 1.38e-07 0.3948 1.57
0.0315 0.999999 1.3765 1.38e-07 0.3948 1.57
0.0325 0.999999 1.3765 1.38e-07 0.3948 1.57
0.0335 0.999999 1.3765 1.38e-07 0.3948 1.57
0.0345 0.999999 1.3765 1.38e-07 0.3948 1.57
0.0355 0.999999 1.3765 1.38e-07 0.3948 1.57
0.0365 0.999999 1.3765 1.38e-07 0.3948 1.57
0.0375 0.999999 1.3765 1.38e-07 0.3948 1.57
0.0385 0.999999 1.3765 1.38e-07 0.3948 1.57
0.0395 0.999999 1.3765 1.38e-07 0.3948 1.57
0.0405 0.999999 1.3765 1.38e-07 0.3948 1.57
0.0415 0.999999 1.3765 1.38e-07 0.3948 1.57
0.0425 0.999999 1.3765 1.38e-07 0.3948 1.57
0.0435 0.999999 1.3765 1.38e-07 0.3948 1.57
0.0445 0.999999 1.3765 1.38e-07 0.3948 1.57
0.0455 0.999999 1.3765 1.38e-07 0.3948 1.57
0.0465 0.999999 1.3765 1.38e-07 0.3948 1.57
0.0475 0.999999 1.3765 1.38e-07 0.3948 1.57
0.0485 0.999999 1.3765 1.38e-07 0.3948 1.57
0.0495 0.999999 1.3765 1.38e-07 0.3948 1.57
0.0505 0.999999 1.3765 1.38e-07 0.3948 1.57
0.0515 0.999999 1.3765 1.38e-07 0.3948 1.57
0.0525 0.999999 1.3765 1.38e-07 0.3948 1.57
0.0535 0.999999 1.3765 1.38e-07 0.3948 1.57
0.0545 0.999999 1.3765 1.38e-07 0.3948 1.57
0.0555 0.999999 1.3765 1.38e-07 0.3948 1.57
0.0565 0.999999 1.3765 1.38e-07 0.3948 1.57
0.0575 0.999999 1.3765 1.38e-07 0.3948 1.57
0.0585 0.999999 1.3765 1.38e-07 0.3948 1.57
0.0595 0.999999 1.3765 1.38e-07 0.3948 1.57
0.0605 0.999999 1.3765 1.38e-07 0.3948 1.57
0.0615 0.999999 1.3765 1.38e-07 0.3948 1.57
0.0625 0.999999 1.3765 1.38e-07 0.3948 1.57
0.0635 0.999999 1.3765 1.38e-07 0.3948 1.57
0.0645 0.999999 1.3765 1.38e-07 0.3948 1.57
0.0655 0.999999 1.3765 1.38e-07 0.3948 1.57
0.0665 0.999999 1.3765 1.38e-07 0.3948 1.57
0.0675 0.999999 1.3765 1.38e-07 0.3948 1.57
0.0685 0.999999 1.3765 1.38e-07 0.3948 1.57
0.0695 0.999999 1.3765 1.38e-07 0.3948 1.57
0.0705 0.999999 1.3765 1.38e-07 0.3948 1.57
0.0715 0.999999 1.3765 1.38e-07 0.3948 1.57
0.0725 0.999999 1.3765 1.38e-07 0.3948 1.57
0.0735 0.999999 1.3765 1.38e-07 0.3948 1.57
0.0745 0.999999 1.3765 1.38e-07 0.3948 1.57
0.0755 0.999999 1.3765 1.38e-07 0.3948 1.57
0.0765 0.999999 1.3765 1.38e-07 0.3948 1.57
0.0775 0.999999 1.3765 1.38e-07 0.3948 1.57
0.0785 0.999999 1.3765 1.38e-07 0.3948 1.57
0.0795 0.999999 1.3765 1.38e-07 0.3948 1.57
0.0805 0.999999 1.3765 1.38e-07 0.3948 1.57
0.0815 0.999999 1.3765 1.38e-07 0.3948 1.57
0.0825 0.999999 1.3765 1.38e-07 0.3948 1.57
0.0835 0.999999 1.3765 1.38e-07 0.3948 1.57
0.0845 0.999999 1.3765 1.38e-07 0.3948 1.57
0.0855 0.999999 1.3765 1.38e-07 0.3948 1.57
0.0865 0.999999 1.3765 1.38e-07 0.3948 1.57
0.0875 0.999999 1.3765 1.38e-07 0.3948 1.57
0.0885 0.999999 1.3765 1.38e-07 0.3948 1.57
0.0895 0.999999 1.3765 1.38e-07 0.3948 1.57
0.0905 0.999999 1.3765 1.38e-07 0.3948 1.57
0.0915 0.999999 1.3765 1.38e-07 0.3948 1.57
0.0925 0.999999 1.3765 1.38e-07 0.3948 1.57
0.0935 0.999999 1.3765 1.38e-07 0.3948 1.57
0.0945 0.999999 1.3765 1.38e-07 0.3948 1.57
0.0955 0.999999 1.3765 1.38e-07 0.3948 1.57
0.0965 0.999999 1.3765 1.38e-07 0.3948 1.57
0.0975 0.999999 1.3765 1.38e-07 0.3948 1.57
0.0985 0.999999 1.3765 1.38e-07 0.3948 1.57
0.0995 0.999999 1.3765 1.38e-07 0.3948 1.57
0.1005 0.999999 1.3765 1.38e-07 0.3948 1.57
0.1015 0.999999 1.3765 1.38e-07 0.3948 1.57
0.1025 0.999999 1.3765 1.38e-07 0.3948 1.57
0.1035 0.999999 1.3765 1.38e-07 0.3948 1.57
0.1045 0.999999 1.3765 1.38e-07 0.3948 1.57
0.1055 0.999999 1.3765 1.38e-07 0.3948 1.57
0.1065 0.999999 1.3765 1.38e-07 0.3948 1.57
0.1075 0.999999 1.3765 1.38e-07 0.3948 1.57
0.1085 0.999999 1.3765 1.38e-07 0.3948 1.57
0.1095 0.999999 1.3765 1.38e-07 0.3948 1.57
0.1105 0.999999 1.3765 1.38e-07 0.3948 1.57
0.1115 0.999999 1.3765 1.38e-07 0.3948 1.57
0.1125 0.999999 1.3765 1.38e-07 0.3948 1.57
0.1135 0.999999 1.3765 1.38e-07 0.3948 1.57
0.1145 0.999999 1.3765 1.38e-07 0.3948 1.57
0.1155 0.999999 1.3765 1.38e-07 0.3948 1.57
0.1165 0.999999 1.3765 1.38e-07 0.3948 1.57
0.1175 0.999999 1.3765 1.38e-07 0.3948 1.57
0.1185 0.999999 1.3765 1.38e-07 0.3948 1.57
0.1195 0.999999 1.3765 1.38e-07 0.3948 1.57
0.1205 0.999999 1.3765 1.38e-07 0.3948 1.57
0.1215 0.999999 1.3765 1.38e-07 0.3948 1.57
0.1225 0.999999 1.3765 1.38e-07 0.3948 1.57
0.1235 0.999999 1.3765 1.38e-07 0.3948 1.57
0.1245 0.999999 1.3765 1.38e-07 0.3948 1.57
0.1255 0.999999 1.3765 1.38e-07 0.3948 1.57
0.1265 0.999999 1.3765 1.38e-07 0.3948 1.57
0.1275 0.999999 1.3765 1.38e-07 0.3948 1.57
0.1285 0.999999 1.3765 1.38e-07 0.3948 1.57
0.1295 0.999999 1.3765 1.38e-07 0.3948 1.57
0.1305 0.999999 1.3765 1.38e-07 0.3948 1.57
0.1315 0.999999 1.3765 1.38e-07 0.3948 1.57
0.1325 0.999999 1.3765 1.38e-07 0.3948 1.57
0.1335 0.999999 1.3765 1.38e-07 0.3948 1.57
0.1345 0.999999 1.3765 1.38e-07 0.3948 1.57
0.1355 0.999999 1.3765 1.38e-07 0.3948 1.57
0.1365 0.999999 1.3765 1.38e-07 0.3948 1.57
0.1375 0.999999 1.3765 1.38e-07 0.3948 1.57
0.1385 0.999999 1.3765 1.38e-07 0.3948 1.57
0.1395 0.999999 1.3765 1.38e-07 0.3948 1.57
0.1405 0.999999 1.3765 1.38e-07 0.3948 1.57
0.1415 0.999999 1.3765 1.38e-07 0.3948 1.57
0.1425 0.999999 1.3765 1.38e-07 0.3948 1.57
0.1435 0.999999 1.3765 1.38e-07 0.3948 1.57
0.1445 0.999999 1.3765 1.38e-07 0.3948 1.57
0.1455 0.999999 1.3765 1.38e-07 0.3948 1.57
0.1465 0.999999 1.3765 1.38e-07 0.3948 1.57
0.1475 0.999999 1.3765 1.38e-07 0.3948 1.57
0.1485 0.999999 1.3765 1.38e-07 0.3948 1.57
0.1495 0.999999 1.3765 1.38e-07 0.3948 1.57
0.1505 0.999999 1.3765 1.38e-07 0.3948 1.57
0.1515 0.999999 1.3765 1.38e-07 0.3948 1.57
0.1525 0.999999 1.3765 1.38e-07 0.3948 1.57
0.1535 0.999999 1.3765 1.38e-07 0.3948 1.57
0.1545 0.999999 1.3765 1.38e-07 0.3948 1.57
0.1555 0.999999 1.3765 1.38e-07 0.3948 1.57
0.1565 0.999999 1.3765 1.38e-07 0.3948 1.57
0.1575 0.999999 1.3765 1.38e-07 0.3948 1.57
0.1585 0.999999 1.3765 1.38e-07 0.3948 1.57
0.1595 0.999999 1.3765 1.38e-07 0.3948 1.57
0.1605 0.999999 1.3765 1.38e-07 0.3948 1.57
0.1615 0.999999 1.3765 1.38e-07 0.3948 1.57
0.1625 0.999999 1.3765 1.38e-07 0.3948 1.57
0.1635 0.999999 1.3765 1.38e-07 0.3948 1.57
0.1645 0.999999 1.3765 1.38e-07 0.3948 1.57
0.1655 0.999999 1.3765 1.38e-07 0.3948 1.57
0.1665 0.999999 1.3765 1.38e-07 0.3948 1.57
0.1675 0.999999 1.3765 1.38e-07 0.3948 1.57
0.1685 0.999999 1.3765 1.38e-07 0.3948 1.57
0.1695 0.999999 1.3765 1.38e-07 0.3948 1.57
0.1705 0.999999 1.3765 1.38e-07 0.3948 1.57
0.1715 0.999999 1.3765 1.38e-07 0.3948 1.57
0.1725 0.999999 1.3765 1.38e-07 0.3948 1.57
0.1735 0.999999 1.3765 1.38e-07 0.3948 1.57
0.1745 0.999999 1.3765 1.38e-07 0.3948 1.57
0.1755 0.999999 1.3765 1.38e-07 0.3948 1.57
0.1765 0.999999 1.3765 1.38e-07 0.3948 1.57
0.1775 0.999999 1.3765 1.38e-07 0.3948 1.57
0.1785 0.999999 1.3765 1.38e-07 0.3948 1.57
0.1795 0.999999 1.3765 1.38e-07 0.3948 1.57
0.1805 0.999999 1.3765 1.38e-07 0.3948 1.57
0.1815 0.999999 1.3765 1.38e-07 0.3948 1.57
0.1825 0.999999 1.3765 1.38e-07 0.3948 1.57
0.1835 0.999999 1.3765 1.38e-07 0.3948 1.57
0.1845 0.999999 1.3765 1.38e-07 0.3948 1.57
0.1855 0.999999 1.3765 1.38e-07 0.3948 1.57
0.1865 0.999999 1.3765 1.38e-07 0.3948 1.57
0.1875 0.999999 1.3765 1.38e-07 0.3948 1.57
0.1885 1 1.3765 1.38e-07 0.394801 1.57
0.1895 1 1.3765 1.38e-07 0.394802 1.57
0.1905 1 1.37649 1.38e-07 0.394805 1.56999
0.1915 1 1.37649 1.37999e-07 0.394808 1.56998
0.1925 1 1.37649 1.37999e-07 0.394813 1.56998
0.1935 1.00001 1.37648 1.37998e-07 0.39482 1.56996
0.1945 1.00001 1.37647 1.37997e-07 0.394831 1.56994
0.1955 1.00001 1.37645 1.37995e-07 0.394844 1.56992
0.1965 1.00001 1.37643 1.37994e-07 0.394862 1.56989
0.1975 1.00002 1.37641 1.37991e-07 0.394884 1.56985
0.1985 1.00002 1.37638 1.37988e-07 0.394912 1.5698
0.1995 1.00003 1.37635 1.37985e-07 0.394946 1.56974
0.2005 1.00003 1.3763 1.3798e-07 0.394985 1.56967
0.2015 1.00004 1.37625 1.37976e-07 0.39503 1.56959
0.2025 1.00004 1.3762 1.3797e-07 0.395081 1.5695
0.2035 1.00004 1.37614 1.37964e-07 0.395136 1.5694
0.2045 1.00005 1.37608 1.37958e-07 0.395194 1.5693
0.2055 1.00005 1.37601 1.37951e-07 0.395254 1.5692
0.2065 1.00005 1.37595 1.37945e-07 0.395314 1.56909
0.2075 1.00004 1.37589 1.37939e-07 0.395372 1.56899
0.2085 1.00004 1.37583 1.37933e-07 0.395425 1.5689
0.2095 1.00004 1.37577 1.37927e-07 0.395474 1.56882
0.2105 1.00003 1.37573 1.37923e-07 0.395514 1.56875
0.2115 1.00002 1.37569 1.37919e-07 0.395546 1.5687
0.2125 1.00002 1.37567 1.37916e-07 0.395569 1.56866
0.2135 1.00001 1.37565 1.37915e-07 0.395582 1.56864
0.2145 1 1.37564 1.37914e-07 0.395585 1.56864
0.2155 0.999993 1.37565 1.37915e-07 0.395579 1.56865
0.2165 0.999987 1.37566 1.37916e-07 0.395566 1.56867
0.2175 0.999982 1.37568 1.37918e-07 0.395545 1.56871
0.2185 0.999978 1.37571 1.37921e-07 0.39552 1.56876
0.2195 0.999975 1.37574 1.37924e-07 0.39549 1.56881
0.2205 0.999973 1.37578 1.37928e-07 0.395458 1.56886
0.2215 0.999972 1.37581 1.37931e-07 0.395424 1.56892
0.2225 0.999973 1.37585 1.37935e-07 0.395391 1.56898
0.2235 0.999973 1.37589 1.37939e-07 0.395358 1.56904
0.2245 0.999974 1.37592 1.37942e-07 0.395327 1.56909
0.2255 0.999976 1.37595 1.37945e-07 0.395297 1.56914
0.2265 0.999978 1.37598 1.37948e-07 0.395269 1.56919
0.2275 0.999979 1.37601 1.37951e-07 0.395244 1.56923
0.2285 0.999981 1.37604 1.37954e-07 0.395221 1.56927
0.2295 0.999983 1.37606 1.37956e-07 0.3952 1.56931
0.2305 0.999984 1.37608 1.37958e-07 0.39518 1.56934
0.2315 0.999985 1.3761 1.3796e-07 0.395163 1.56937
0.2325 0.999987 1.37612 1.37962e-07 0.395147 1.5694
0.2335 0.999988 1.37613 1.37963e-07 0.395132 1.56943
0.2345 0.999989 1.37615 1.37965e-07 0.395119 1.56945
0.2355 0.999989 1.37616 1.37966e-07 0.395106 1.56947
0.2365 0.99999 1.37618 1.37968e-07 0.395095 1.56949
0.2375 0.999991 1.37619 1.37969e-07 0.395084 1.56951
0.2385 0.999991 1.3762 1.3797e-07 0.395075 1.56952
0.2395 0.999992 1.37621 1.37971e-07 0.395065 1.56954
0.2405 0.999992 1.37622 1.37972e-07 0.395057 1.56956
0.2415 0.999993 1.37623 1.37973e-07 0.395049 1.56957
0.2425 0.999993 1.37623 1.37974e-07 0.395041 1.56958
0.2435 0.999994 1.37624 1.37974e-07 0.395034 1.56959
0.2445 0.999994 1.37625 1.37975e-07 0.395027 1.56961
0.2455 0.999994 1.37626 1.37976e-07 0.395021 1.56962
0.2465 0.999994 1.37626 1.37976e-07 0.395015 1.56963
0.2475 0.999995 1.37627 1.37977e-07 0.395009 1.56964
0.2485 0.999995 1.37628 1.37978e-07 0.395004 1.56965
0.2495 0.999995 1.37628 1.37978e-07 0.394998 1.56966
0.2505 0.999995 1.37629 1.37979e-07 0.394993 1.56966
0.2515 0.999995 1.37629 1.37979e-07 0.394989 1.56967
0.2525 0.999996 1.3763 1.3798e-07 0.394984 1.56968
0.2535 0.999996 1.3763 1.3798e-07 0.39498 1.56969
0.2545 0.999996 1.37631 1.37981e-07 0.394975 1.5697
0.2555 0.999995 1.37631 1.37984e-07 0.394971 1.5697
0.2565 0.999994 1.37631 1.37991e-07 0.394967 1.56971
0.2575 0.99999 1.37631 1.38013e-07 0.394964 1.56972
0.2585 0.999981 1.37628 1.38069e-07 0.39496 1.56972
0.2595 0.999963 1.37624 1.38198e-07 0.394956 1.56973
0.2605 0.999929 1.37614 1.38467e-07 0.394953 1.56973
0.2615 0.999873 1.37596 1.38971e-07 0.39495 1.56974
0.2625 0.999793 1.37569 1.39836e-07 0.394946 1.56975
0.2635 0.999688 1.37528 1.41201e-07 0.394943 1.56975
0.2645 0.999566 1.37476 1.43194e-07 0.39494 1.56976
0.2655 0.999439 1.37412 1.45898e-07 0.394938 1.56976
0.2665 0.999326 1.37341 1.49322e-07 0.394935 1.56977
0.2675 0.999243 1.3727 1.53387e-07 0.394932 1.56977
0.2685 0.999204 1.37206 1.57926e-07 0.39493 1.56977
0.2695 0.999215 1.37155 1.62706e-07 0.394927 1.56978
0.2705 0.999271 1.37121 1.6747e-07 0.394925 1.56978
0.2715 0.999361 1.37106 1.71973e-07 0.394923 1.56979
0.2725 0.999472 1.37111 1.76019e-07 0.394921 1.56979
0.2735 0.999586 1.3713 1.79484e-07 0.394918 1.56979
0.2745 0.999692 1.37162 1.82316e-07 0.394916 1.5698
0.2755 0.999781 1.372 1.84532e-07 0.394914 1.5698
0.2765 0.999848 1.37241 1.86193e-07 0.394912 1.5698
0.2775 0.999895 1.37281 1.8739e-07 0.39491 1.56981
0.2785 0.999924 1.37319 1.8822e-07 0.394908 1.56981
0.2795 0.99994 1.37352 1.88778e-07 0.394907 1.56981
0.2805 0.999946 1.37382 1.8914e-07 0.394905 1.56982
0.2815 0.999947 1.37407 1.89371e-07 0.394903 1.56982
0.2825 0.999944 1.37428 1.89515e-07 0.394901 1.56982
0.2835 0.99994 1.37446 1.89604e-07 0.394899 1.56983
0.2845 0.999936 1.37462 1.89661e-07 0.394898 1.56983
0.2855 0.999933 1.37475 1.89698e-07 0.394896 1.56983
0.2865 0.99993 1.37487 1.89723e-07 0.394894 1.56984
0.2875 0.999927 1.37497 1.89742e-07 0.394893 1.56984
0.2885 0.999926 1.37506 1.89757e-07 0.394891 1.56984
0.2895 0.999924 1.37514 1.89769e-07 0.39489 1.56984
0.2905 0.999923 1.37521 1.89779e-07 0.394888 1.56985
0.2915 0.999923 1.37528 1.89789e-07 0.394887 1.56985
0.2925 0.999922 1.37534 1.89797e-07 0.394886 1.56985
0.2935 0.999922 1.3754 1.89805e-07 0.394885 1.56985
0.2945 0.999921 1.37545 1.89812e-07 0.394883 1.56985
0.2955 0.999921 1.3755 1.89819e-07 0.394882 1.56986
0.2965 0.999921 1.37554 1.89825e-07 0.394881 1.56986
0.2975 0.999921 1.37558 1.8983e-07 0.39488 1.56986
0.2985 0.999921 1.37562 1.89836e-07 0.394879 1.56986
0.2995 0.999921 1.37565 1.8984e-07 0.394877 1.56986
0.3005 0.999921 1.37569 1.89845e-07 0.394875 1.56986
0.3015 0.999921 1.37571 1.89849e-07 0.394872 1.56986
0.3025 0.999921 1.37574 1.89852e-07 0.394866 1.56985
0.3035 0.999921 1.37576 1.89855e-07 0.394857 1.56984
0.3045 0.999921 1.37577 1.89857e-07 0.39484 1.56982
0.3055 0.999921 1.37577 1.89856e-07 0.394811 1.56977
0.3065 0.999922 1.37574 1.89852e-07 0.39476 1.56969
0.3075 0.999922 1.37566 1.89842e-07 0.39467 1.56953
0.3085 0.999922 1.37552 1.89821e-07 0.394516 1.56927
0.3095 0.999922 1.37525 1.89785e-07 0.394254 1.56882
0.3105 0.999922 1.37479 1.89722e-07 0.393816 1.56806
0.3115 0.999922 1.37403 1.89616e-07 0.393094 1.56681
0.3125 0.999923 1.37277 1.89443e-07 0.391921 1.56478
0.3135 0.999924 1.37075 1.89164e-07 0.390045 1.56153
0.3145 0.999925 1.36756 1.88724e-07 0.387088 1.55642
0.3155 0.999929 1.36262 1.88042e-07 0.382499 1.54851
0.3165 0.999937 1.3551 1.87004e-07 0.375499 1.53651
0.3175 0.999953 1.34392 1.85462e-07 0.365037 1.51872
0.3185 0.999985 1.32777 1.83232e-07 0.349786 1.49309
0.3195 1.00004 1.30526 1.80126e-07 0.328265 1.45754
0.3205 1.00014 1.27538 1.76003e-07 0.29918 1.41064
0.3215 1.00026 1.23816 1.70866e-07 0.262078 1.35271
0.3225 1.00038 1.19536 1.64959e-07 0.21818 1.28689
0.3235 1.00043 1.1507 1.58797e-07 0.170897 1.2192
0.3245 1.0004 1.10893 1.53032e-07 0.125236 1.1569
0.3255 1.00029 1.07396 1.48207e-07 0.0859641 1.10562
0.3265 1.00017 1.04758 1.44566e-07 0.0557118 1.06747
0.3275 1.00008 1.02932 1.42046e-07 0.0344903 1.04138
0.3285 1.00003 1.0175 1.40415e-07 0.0206371 1.02461
0.3295 1.00001 1.0102 1.39407e-07 0.0120465 1.01432
0.3305 1 1.00584 1.38806e-07 0.0069045 1.00819
0.3315 1 1.0033 1.38455e-07 0.00390107 1.00462
0.3325 1 1.00184 1.38254e-07 0.00217765 1.00258
0.3335 0.999999 1.00102 1.3814e-07 0.00120236 1.00142
0.3345 0.999999 1.00055 1.38077e-07 0.000656926 1.00078
0.3355 0.999999 1.0003 1.38041e-07 0.000355194 1.00042
0.3365 0.999999 1.00016 1.38022e-07 0.000190029 1.00022
0.3375 0.999999 1.00008 1.38012e-07 0.000100571 1.00012
0.3385 0.999999 1.00004 1.38006e-07 5.26371e-05 1.00006
0.3395 0.999999 1.00002 1.38003e-07 2.72363e-05 1.00003
0.3405 0.999999 1.00001 1.38002e-07 1.39287e-05 1.00002
0.3415 0.999999 1 1.38001e-07 7.03818e-06 1.00001
0.3425 0.999999 1 1.38e-07 3.51301e-06 1
0.3435 0.999999 1 1.38e-07 1.73167e-06 1
0.3445 0.999999 1 1.38e-07 8.42801e-07 1
0.3455 0.999999 0.999999 1.38e-07 4.04924e-07 1
0.3465 0.999999 0.999999 1.38e-07 1.92014e-07 1
0.3475 0.999999 0.999999 1.38e-07 8.98543e-08 1
0.3485 0.999999 0.999999 1.38e-07 4.14885e-08 1
0.3495 0.999999 0.999999 1.38e-07 1.88993e-08 1
0.3505 0.999999 0.999999 1.38e-07 8.49272e-09 1
0.3515 0.999999 0.999999 1.38e-07 3.76432e-09 1
0.3525 0.999999 0.999999 1.38e-07 1.64561e-09 1
0.3535 0.999999 0.999999 1.38e-07 7.0947e-10 1
0.3545 0.999999 0.999999 1.38e-07 3.01634e-10 1
0.3555 0.999999 0.999999 1.38e-07 1.26455e-10 1
0.3565 0.999999 0.999999 1.38e-07 5.22736e-11 1
0.3575 0.999999 0.999999 1.38e-07 2.13057e-11 1
0.3585 0.999999 0.999999 1.38e-07 8.56154e-12 1
0.3595 0.999999 0.999999 1.38e-07 3.39173e-12 1
0.3605 0.999999 0.999999 1.38e-07 1.32467e-12 1
0.3615 0.999999 0.999999 1.38e-07 5.0985e-13 1
0.3625 0.999999 0.999999 1.38e-07 1.93324e-13 1
0.3635 0.999999 0.999999 1.38e-07 7.22868e-14 1
0.3645 0.999999 0.999999 1.38e-07 2.67032e-14 1
0.3655 0.999999 0.999999 1.38e-07 9.76625e-15 1
0.3665 0.999999 0.999999 1.38e-07 3.46774e-15 1
0.3675 0.999999 0.999999 1.38e-07 1.14889e-15 1
0.3685 0.999999 0.999999 1.38e-07 3.55097e-16 1
0.3695 0.999999 0.999999 1.38e-07 5.21558e-17 1
0.3705 0.999999 0.999999 1.38e-07 0 1
0.3715 0.999999 0.999999 1.38e-07 0 1
0.3725 0.999999 0.999999 1.38e-07 0 1
0.3735 0.999999 0.999999 1.38e-07 0 1
0.3745 0.999999 0.999999 1.38e-07 0 1
0.3755 0.999999 0.999999 1.38e-07 0 1
0.3765 0.999999 0.999999 1.38e-07 0 1
0.3775 0.999999 0.999999 1.38e-07 0 1
0.3785 0.999999 0.999999 1.38e-07 0 1
0.3795 0.999999 0.999999 1.38e-07 0 1
0.3805 0.999999 0.999999 1.38e-07 0 1
0.3815 0.999999 0.999999 1.38e-07 0 1
0.3825 0.999999 0.999999 1.38e-07 0 1
0.3835 0.999999 0.999999 1.38e-07 0 1
0.3845 0.999999 0.999999 1.38e-07 0 1
0.3855 0.999999 0.999999 1.38e-07 0 1
0.3865 0.999999 0.999999 1.38e-07 0 1
0.3875 0.999999 0.999999 1.38e-07 0 1
0.3885 0.999999 0.999999 1.38e-07 0 1
0.3895 0.999999 0.999999 1.38e-07 0 1
0.3905 0.999999 0.999999 1.38e-07 0 1
0.3915 0.999999 0.999999 1.38e-07 0 1
0.3925 0.999999 0.999999 1.38e-07 0 1
0.3935 0.999999 0.999999 1.38e-07 0 1
0.3945 0.999999 0.999999 1.38e-07 0 1
0.3955 0.999999 0.999999 1.38e-07 0 1
0.3965 0.999999 0.999999 1.38e-07 0 1
0.3975 0.999999 0.999999 1.38e-07 0 1
0.3985 0.999999 0.999999 1.38e-07 0 1
0.3995 0.999999 0.999999 1.38e-07 0 1
0.4005 1e-06 1e-06 0.138 0 1
0.4015 1e-06 1e-06 0.138 0 1
0.4025 1e-06 1e-06 0.138 0 1
0.4035 1e-06 1e-06 0.138 0 1
0.4045 1e-06 1e-06 0.138 0 1
0.4055 1e-06 1e-06 0.138 0 1
0.4065 1e-06 1e-06 0.138 0 1
0.4075 1e-06 1e-06 0.138 0 1
0.4085 1e-06 1e-06 0.138 0 1
0.4095 1e-06 1e-06 0.138 0 1
0.4105 1e-06 1e-06 0.138 0 1
0.4115 1e-06 1e-06 0.138 0 1
0.4125 1e-06 1e-06 0.138 0 1
0.4135 1e-06 1e-06 0.138 0 1
0.4145 1e-06 1e-06 0.138 0 1
0.4155 1e-06 1e-06 0.138 0 1
0.4165 1e-06 1e-06 0.138 0 1
0.4175 1e-06 1e-06 0.138 0 1
0.4185 1e-06 1e-06 0.138 0 1
0.4195 1e-06 1e-06 0.138 0 1
0.4205 1e-06 1e-06 0.138 0 1
0.4215 1e-06 1e-06 0.138 0 1
0.4225 1e-06 1e-06 0.138 0 1
0.4235 1e-06 1e-06 0.138 0 1
0.4245 1e-06 1e-06 0.138 0 1
0.4255 1e-06 1e-06 0.138 0 1
0.4265 1e-06 1e-06 0.138 0 1
0.4275 1e-06 1e-06 0.138 0 1
0.4285 1e-06 1e-06 0.138 0 1
0.4295 1e-06 1e-06 0.138 0 1
0.4305 1e-06 1e-06 0.138 0 1
0.4315 1e-06 1e-06 0.138 0 1
0.4325 1e-06 1e-06 0.138 0 1
0.4335 1e-06 1e-06 0.138 0 1
0.4345 1e-06 1e-06 0.138 0 1
0.4355 1e-06 1e-06 0.138 0 1
0.4365 1e-06 1e-06 0.138 0 1
0.4375 1e-06 1e-06 0.138 0 1
0.4385 1e-06 1e-06 0.138 0 1
0.4395 1e-06 1e-06 0.138 0 1
0.4405 1e-06 1e-06 0.138 0 1
0.4415 1e-06 1e-06 0.138 0 1
0.4425 1e-06 1e-06 0.138 0 1
0.4435 1e-06 1e-06 0.138 0 1
0.4445 1e-06 1e-06 0.138 0 1
0.4455 1e-06 1e-06 0.138 0 1
0.4465 1e-06 1e-06 0.138 0 1
0.4475 1e-06 1e-06 0.138 0 1
0.4485 1e-06 1e-06 0.138 0 1
0.4495 1e-06 1e-06 0.138 0 1
0.4505 1e-06 1e-06 0.138 0 1
0.4515 1e-06 1e-06 0.138 0 1
0.4525 1e-06 1e-06 0.138 0 1
0.4535 1e-06 1e-06 0.138 0 1
0.4545 1e-06 1e-06 0.138 0 1
0.4555 1e-06 1e-06 0.138 0 1
0.4565 1e-06 1e-06 0.138 0 1
0.4575 1e-06 1e-06 0.138 0 1
0.4585 1e-06 1e-06 0.138 0 1
0.4595 1e-06 1e-06 0.138 0 1
0.4605 1e-06 1e-06 0.138 0 1
0.4615 1e-06 1e-06 0.138 0 1
0.4625 1e-06 1e-06 0.138 0 1
0.4635 1e-06 1e-06 0.138 0 1
0.4645 1e-06 1e-06 0.138 0 1
0.4655 1e-06 1e-06 0.138 0 1
0.4665 1e-06 1e-06 0.138 0 1
0.4675 1e-06 1e-06 0.138 0 1
0.4685 1e-06 1e-06 0.138 0 1
0.4695 1e-06 1e-06 0.138 0 1
0.4705 1e-06 1e-06 0.138 0 1
0.4715 1e-06 1e-06 0.138 0 1
0.4725 1e-06 1e-06 0.138 0 1
0.4735 1e-06 1e-06 0.138 0 1
0.4745 1e-06 1e-06 0.138 0 1
0.4755 1e-06 1e-06 0.138 0 1
0.4765 1e-06 1e-06 0.138 0 1
0.4775 1e-06 1e-06 0.138 0 1
0.4785 1e-06 1e-06 0.138 0 1
0.4795 1e-06 1e-06 0.138 0 1
0.4805 1e-06 1e-06 0.138 0 1
0.4815 1e-06 1e-06 0.138 0 1
0.4825 1e-06 1e-06 0.138 0 1
0.4835 1e-06 1e-06 0.138 0 1
0.4845 1e-06 1e-06 0.138 0 1
0.4855 1e-06 1e-06 0.138 0 1
0.4865 1e-06 1e-06 0.138 0 1
0.4875 1e-06 1e-06 0.138 0 1
0.4885 1e-06 1e-06 0.138 0 1
0.4895 1e-06 1e-06 0.138 0 1
0.4905 1e-06 1e-06 0.138 0 1
0.4915 1e-06 1e-06 0.138 0 1
0.4925 1e-06 1e-06 0.138 0 1
0.4935 1e-06 1e-06 0.138 0 1
0.4945 1e-06 1e-06 0.138 0 1
0.4955 1e-06 1e-06 0.138 0 1
0.4965 1e-06 1e-06 0.138 0 1
0.4975 1e-06 1e-06 0.138 0 1
0.4985 1e-06 1e-06 0.138 0 1
0.4995 1e-06 1e-06 0.138 0 1
0.5005 1e-06 1e-06 0.138 0 1
0.5015 1e-06 1e-06 0.138 0 1
0.5025 1e-06 1e-06 0.138 0 1
0.5035 1e-06 1e-06 0.138 0 1
0.5045 1e-06 1e-06 0.138 0 1
0.5055 1e-06 1e-06 0.138 0 1
0.5065 1e-06 1e-06 0.138 0 1
0.5075 1e-06 1e-06 0.138 0 1
0.5085 1e-06 1e-06 0.138 0 1
0.5095 1e-06 1e-06 0.138 0 1
0.5105 1e-06 1e-06 0.138 0 1
0.5115 1e-06 1e-06 0.138 0 1
0.5125 1e-06 1e-06 0.138 0 1
0.5135 1e-06 1e-06 0.138 0 1
0.5145 1e-06 1e-06 0.138 0 1
0.5155 1e-06 1e-06 0.138 0 1
0.5165 1e-06 1e-06 0.138 0 1
0.5175 1e-06 1e-06 0.138 0 1
0.5185 1e-06 1e-06 0.138 0 1
0.5195 1e-06 1e-06 0.138 0 1
0.5205 1e-06 1e-06 0.138 0 1
0.5215 1e-06 1e-06 0.138 0 1
0.5225 1e-06 1e-06 0.138 0 1
0.5235 1e-06 1e-06 0.138 0 1
0.5245 1e-06 1e-06 0.138 0 1
0.5255 1e-06 1e-06 0.138 0 1
0.5265 1e-06 1e-06 0.138 0 1
0.5275 1e-06 1e-06 0.138 0 1
0.5285 1e-06 1e-06 0.138 0 1
0.5295 1e-06 1e-06 0.138 0 1
0.5305 1e-06 1e-06 0.138 0 1
0.5315 1e-06 1e-06 0.138 0 1
0.5325 1e-06 1e-06 0.138 0 1
0.5335 1e-06 1e-06 0.138 0 1
0.5345 1e-06 1e-06 0.138 0 1
0.5355 1e-06 1e-06 0.138 0 1
0.5365 1e-06 1e-06 0.138 0 1
0.5375 1e-06 1e-06 0.138 0 1
0.5385 1e-06 1e-06 0.138 0 1
0.5395 1e-06 1e-06 0.138 0 1
0.5405 1e-06 1e-06 0.138 0 1
0.5415 1e-06 1e-06 0.138 0 1
0.5425 1e-06 1e-06 0.138 0 1
0.5435 1e-06 1e-06 0.138 0 1
0.5445 1e-06 1e-06 0.138 0 1
0.5455 1e-06 1e-06 0.138 0 1
0.5465 1e-06 1e-06 0.138 0 1
0.5475 1e-06 1e-06 0.138 0 1
0.5485 1e-06 1e-06 0.138 0 1
0.5495 1e-06 1e-06 0.138 0 1
0.5505 1e-06 1e-06 0.138 0 1
0.5515 1e-06 1e-06 0.138 0 1
0.5525 1e-06 1e-06 0.138 0 1
0.5535 1e-06 1e-06 0.138 0 1
0.5545 1e-06 1e-06 0.138 0 1
0.5555 1e-06 1e-06 0.138 0 1
0.5565 1e-06 1e-06 0.138 0 1
0.5575 1e-06 1e-06 0.138 0 1
0.5585 1e-06 1e-06 0.138 0 1
0.5595 1e-06 1e-06 0.138 0 1
0.5605 1e-06 1e-06 0.138 0 1
0.5615 1e-06 1e-06 0.138 0 1
0.5625 1e-06 1e-06 0.138 0 1
0.5635 1e-06 1e-06 0.138 0 1
0.5645 1e-06 1e-06 0.138 0 1
0.5655 1e-06 1e-06 0.138 0 1
0.5665 1e-06 1e-06 0.138 0 1
0.5675 1e-06 1e-06 0.138 0 1
0.5685 1e-06 1e-06 0.138 0 1
0.5695 1e-06 1e-06 0.138 0 1
0.5705 1e-06 1e-06 0.138 0 1
0.5715 1e-06 1e-06 0.138 0 1
0.5725 1e-06 1e-06 0.138 0 1
0.5735 1e-06 1e-06 0.138 0 1
0.5745 1e-06 1e-06 0.138 0 1
0.5755 1e-06 1e-06 0.138 0 1
0.5765 1e-06 1e-06 0.138 0 1
0.5775 1e-06 1e-06 0.138 0 1
0.5785 1e-06 1e-06 0.138 0 1
0.5795 1e-06 1e-06 0.138 0 1
0.5805 1e-06 1e-06 0.138 0 1
0.5815 1e-06 1e-06 0.138 0 1
0.5825 1e-06 1e-06 0.138 0 1
0.5835 1e-06 1e-06 0.138 0 1
0.5845 1e-06 1e-06 0.138 0 1
0.5855 1e-06 1e-06 0.138 0 1
0.5865 1e-06 1e-06 0.138 0 1
0.5875 1e-06 1e-06 0.138 0 1
0.5885 1e-06 1e-06 0.138 0 1
0.5895 1e-06 1e-06 0.138 0 1
0.5905 1e-06 1e-06 0.138 0 1
0.5915 1e-06 1e-06 0.138 0 1
0.5925 1e-06 1e-06 0.138 0 1
0.5935 1e-06 1e-06 0.138 0 1
0.5945 1e-06 1e-06 0.138 0 1
0.5955 1e-06 1e-06 0.138 0 1
0.5965 1e-06 1e-06 0.138 0 1
0.5975 1e-06 1e-06 0.138 0 1
0.5985 1e-06 1e-06 0.138 0 1
0.5995 1e-06 1e-06 0.138 0 1
0.6005 0.999999 0.999999 1.38e-07 0 1
0.6015 0.999999 0.999999 1.38e-07 0 1
0.6025 0.999999 0.999999 1.38e-07 0 1
0.6035 0.999999 0.999999 1.38e-07 0 1
0.6045 0.999999 0.999999 1.38e-07 0 1
0.6055 0.999999 0.999999 1.38e-07 0 1
0.6065 0.999999 0.999999 1.38e-07 0 1
0.6075 0.999999 0.999999 1.38e-07 0 1
0.6085 0.999999 0.999999 1.38e-07 0 1
0.6095 0.999999 0.999999 1.38e-07 0 1
0.6105 0.999999 0.999999 1.38e-07 0 1
0.6115 0.999999 0.999999 1.38e-07 0 1
0.6125 0.999999 0.999999 1.38e-07 0 1
0.6135 0.999999 0.999999 1.38e-07 0 1
0.6145 0.999999 0.999999 1.38e-07 0 1
0.6155 0.999999 0.999999 1.38e-07 0 1
0.6165 0.999999 0.999999 1.38e-07 0 1
0.6175 0.999999 0.999999 1.38e-07 0 1
0.6185 0.999999 0.999999 1.38e-07 0 1
0.6195 0.999999 0.999999 1.38e-07 0 1
0.6205 0.999999 0.999999 1.38e-07 0 1
0.6215 0.999999 0.999999 1.38e-07 0 1
0.6225 0.999999 0.999999 1.38e-07 0 1
0.6235 0.999999 0.999999 1.38e-07 0 1
0.6245 0.999999 0.999999 1.38e-07 0 1
0.6255 0.999999 0.999999 1.38e-07 0 1
0.6265 0.999999 0.999999 1.38e-07 0 1
0.6275 0.999999 0.999999 1.38e-07 0 1
0.6285 0.999999 0.999999 1.38e-07 0 1
0.6295 0.999999 0.999999 1.38e-07 0 1
0.6305 0.999999 0.999999 1.38e-07 0 1
0.6315 0.999999 0.999999 1.38e-07 0 1
0.6325 0.999999 0.999999 1.38e-07 0 1
0.6335 0.999999 0.999999 1.38e-07 0 1
0.6345 0.999999 0.999999 1.38e-07 0 1
0.6355 0.999999 0.999999 1.38e-07 0 1
0.6365 0.999999 0.999999 1.38e-07 0 1
0.6375 0.999999 0.999999 1.38e-07 0 1
0.6385 0.999999 0.999999 1.38e-07 0 1
0.6395 0.999999 0.999999 1.38e-07 0 1
0.6405 0.999999 0.999999 1.38e-07 0 1
0.6415 0.999999 0.999999 1.38e-07 0 1
0.6425 0.999999 0.999999 1.38e-07 0 1
0.6435 0.999999 0.999999 1.38e-07 0 1
0.6445 0.999999 0.999999 1.38e-07 0 1
0.6455 0.999999 0.999999 1.38e-07 0 1
0.6465 0.999999 0.999999 1.38e-07 0 1
0.6475 0.999999 0.999999 1.38e-07 0 1
0.6485 0.999999 0.999999 1.38e-07 0 1
0.6495 0.999999 0.999999 1.38e-07 0 1
0.6505 0.999999 0.999999 1.38e-07 0 1
0.6515 0.999999 0.999999 1.38e-07 0 1
0.6525 0.999999 0.999999 1.38e-07 0 1
0.6535 0.999999 0.999999 1.38e-07 0 1
0.6545 0.999999 0.999999 1.38e-07 0 1
0.6555 0.999999 0.999999 1.38e-07 0 1
0.6565 0.999999 0.999999 1.38e-07 0 1
0.6575 0.999999 0.999999 1.38e-07 0 1
0.6585 0.999999 0.999999 1.38e-07 0 1
0.6595 0.999999 0.999999 1.38e-07 0 1
0.6605 0.999999 0.999999 1.38e-07 0 1
0.6615 0.999999 0.999999 1.38e-07 0 1
0.6625 0.999999 0.999999 1.38e-07 0 1
0.6635 0.999999 0.999999 1.38e-07 0 1
0.6645 0.999999 0.999999 1.38e-07 0 1
0.6655 0.999999 0.999999 1.38e-07 0 1
0.6665 0.999999 0.999999 1.38e-07 0 1
0.6675 0.999999 0.999999 1.38e-07 0 1
0.6685 0.999999 0.999999 1.38e-07 0 1
0.6695 0.999999 0.999999 1.38e-07 0 1
0.6705 0.999999 0.999999 1.38e-07 0 1
0.6715 0.999999 0.999999 1.38e-07 0 1
0.6725 0.999999 0.999999 1.38e-07 0 1
0.6735 0.999999 0.999999 1.38e-07 0 1
0.6745 0.999999 0.999999 1.38e-07 0 1
0.6755 0.999999 0.999999 1.38e-07 0 1
0.6765 0.999999 0.999999 1.38e-07 0 1
0.6775 0.999999 0.999999 1.38e-07 0 1
0.6785 0.999999 0.999999 1.38e-07 0 1
0.6795 0.999999 0.999999 1.38e-07 0 1
0.6805 0.999999 0.999999 1.38e-07 0 1
0.6815 0.999999 0.999999 1.38e-07 0 1
0.6825 0.999999 0.999999 1.38e-07 0 1
0.6835 0.999999 0.999999 1.38e-07 0 1
0.6845 0.999999 0.999999 1.38e-07 0 1
0.6855 0.999999 0.999999 1.38e-07 0 1
0.6865 0.999999 0.999999 1.38e-07 0 1
0.6875 0.999999 0.999999 1.38e-07 0 1
0.6885 0.999999 0.999999 1.38e-07 0 1
0.6895 0.999999 0.999999 1.38e-07 0 1
0.6905 0.999999 0.999999 1.38e-07 0 1
0.6915 0.999999 0.999999 1.38e-07 0 1
0.6925 0.999999 0.999999 1.38e-07 0 1
0.6935 0.999999 0.999999 1.38e-07 0 1
0.6945 0.999999 0.999999 1.38e-07 0 1
0.6955 0.999999 0.999999 1.38e-07 0 1
0.6965 0.999999 0.999999 1.38e-07 0 1
0.6975 0.999999 0.999999 1.38e-07 0 1
0.6985 0.999999 0.999999 1.38e-07 0 1
0.6995 0.999999 0.999999 1.38e-07 0 1
0.7005 0.999999 0.999999 1.38e-07 0 1
0.7015 0.999999 0.999999 1.38e-07 0 1
0.7025 0.999999 0.999999 1.38e-07 0 1
0.7035 0.999999 0.999999 1.38e-07 0 1
0.7045 0.999999 0.999999 1.38e-07 0 1
0.7055 0.999999 0.999999 1.38e-07 0 1
0.7065 0.999999 0.999999 1.38e-07 0 1
0.7075 0.999999 0.999999 1.38e-07 0 1
0.7085 0.999999 0.999999 1.38e-07 0 1
0.7095 0.999999 0.999999 1.38e-07 0 1
0.7105 0.999999 0.999999 1.38e-07 0 1
0.7115 0.999999 0.999999 1.38e-07 0 1
0.7125 0.999999 0.999999 1.38e-07 0 1
0.7135 0.999999 0.999999 1.38e-07 0 1
0.7145 0.999999 0.999999 1.38e-07 0 1
0.7155 0.999999 0.999999 1.38e-07 0 1
0.7165 0.999999 0.999999 1.38e-07 0 1
0.7175 0.999999 0.999999 1.38e-07 0 1
0.7185 0.999999 0.999999 1.38e-07 0 1
0.7195 0.999999 0.999999 1.38e-07 0 1
0.7205 0.999999 0.999999 1.38e-07 0 1
0.7215 0.999999 0.999999 1.38e-07 0 1
0.7225 0.999999 0.999999 1.38e-07 0 1
0.7235 0.999999 0.999999 1.38e-07 0 1
0.7245 0.999999 0.999999 1.38e-07 0 1
0.7255 0.999999 0.999999 1.38e-07 0 1
0.7265 0.999999 0.999999 1.38e-07 0 1
0.7275 0.999999 0.999999 1.38e-07 0 1
0.7285 0.999999 0.999999 1.38e-07 0 1
0.7295 0.999999 0.999999 1.38e-07 0 1
0.7305 0.999999 0.999999 1.38e-07 0 1
0.7315 0.999999 0.999999 1.38e-07 0 1
0.7325 0.999999 0.999999 1.38e-07 0 1
0.7335 0.999999 0.999999 1.38e-07 0 1
0.7345 0.999999 0.999999 1.38e-07 0 1
0.7355 0.999999 0.999999 1.38e-07 0 1
0.7365 0.999999 0.999999 1.38e-07 0 1
0.7375 0.999999 0.999999 1.38e-07 0 1
0.7385 0.999999 0.999999 1.38e-07 0 1
0.7395 0.999999 0.999999 1.38e-07 0 1
0.7405 0.999999 0.999999 1.38e-07 0 1
0.7415 0.999999 0.999999 1.38e-07 0 1
0.7425 0.999999 0.999999 1.38e-07 0 1
0.7435 0.999999 0.999999 1.38e-07 0 1
0.7445 0.999999 0.999999 1.38e-07 0 1
0.7455 0.999999 0.999999 1.38e-07 0 1
0.7465 0.999999 0.999999 1.38e-07 0 1
0.7475 0.999999 0.999999 1.38e-07 0 1
0.7485 0.999999 0.999999 1.38e-07 0 1
0.7495 0.999999 0.999999 1.38e-07 0 1
0.7505 0.999999 0.999999 1.38e-07 0 1
0.7515 0.999999 0.999999 1.38e-07 0 1
0.7525 0.999999 0.999999 1.38e-07 0 1
0.7535 0.999999 0.999999 1.38e-07 0 1
0.7545 0.999999 0.999999 1.38e-07 0 1
0.7555 0.999999 0.999999 1.38e-07 0 1
0.7565 0.999999 0.999999 1.38e-07 0 1
0.7575 0.999999 0.999999 1.38e-07 0 1
0.7585 0.999999 0.999999 1.38e-07 0 1
0.7595 0.999999 0.999999 1.38e-07 0 1
0.7605 0.999999 0.999999 1.38e-07 0 1
0.7615 0.999999 0.999999 1.38e-07 0 1
0.7625 0.999999 0.999999 1.38e-07 0 1
0.7635 0.999999 0.999999 1.38e-07 0 1
0.7645 0.999999 0.999999 1.38e-07 0 1
0.7655 0.999999 0.999999 1.38e-07 0 1
0.7665 0.999999 0.999999 1.38e-07 0 1
0.7675 0.999999 0.999999 1.38e-07 0 1
0.7685 0.999999 0.999999 1.38e-07 0 1
0.7695 0.999999 0.999999 1.38e-07 0 1
0.7705 0.999999 0.999999 1.38e-07 0 1
0.7715 0.999999 0.999999 1.38e-07 0 1
0.7725 0.999999 0.999999 1.38e-07 0 1
0.7735 0.999999 0.999999 1.38e-07 0 1
0.7745 0.999999 0.999999 1.38e-07 0 1
0.7755 0.999999 0.999999 1.38e-07 0 1
0.7765 0.999999 0.999999 1.38e-07 0 1
0.7775 0.999999 0.999999 1.38e-07 0 1
0.7785 0.999999 0.999999 1.38e-07 0 1
0.7795 0.999999 0.999999 1.38e-07 0 1
0.7805 0.999999 0.999999 1.38e-07 0 1
0.7815 0.999999 0.999999 1.38e-07 0 1
0.7825 0.999999 0.999999 1.38e-07 0 1
0.7835 0.999999 0.999999 1.38e-07 0 1
0.7845 0.999999 0.999999 1.38e-07 0 1
0.7855 0.999999 0.999999 1.38e-07 0 1
0.7865 0.999999 0.999999 1.38e-07 0 1
0.7875 0.999999 0.999999 1.38e-07 0 1
0.7885 0.999999 0.999999 1.38e-07 0 1
0.7895 0.999999 0.999999 1.38e-07 0 1
0.7905 0.999999 0.999999 1.38e-07 0 1
0.7915 0.999999 0.999999 1.38e-07 0 1
0.7925 0.999999 0.999999 1.38e-07 0 1
0.7935 0.999999 0.999999 1.38e-07 0 1
0.7945 0.999999 0.999999 1.38e-07 0 1
0.7955 0.999999 0.999999 1.38e-07 0 1
0.7965 0.999999 0.999999 1.38e-07 0 1
0.7975 0.999999 0.999999 1.38e-07 0 1
0.7985 0.999999 0.999999 1.38e-07 0 1
0.7995 0.999999 0.999999 1.38e-07 0 1
0.8005 0.999999 0.999999 1.38e-07 0 1
0.8015 0.999999 0.999999 1.38e-07 0 1
0.8025 0.999999 0.999999 1.38e-07 0 1
0.8035 0.999999 0.999999 1.38e-07 0 1
0.8045 0.999999 0.999999 1.38e-07 0 1
0.8055 0.999999 0.999999 1.38e-07 0 1
0.8065 0.999999 0.999999 1.38e-07 0 1
0.8075 0.999999 0.999999 1.38e-07 0 1
0.8085 0.999999 0.999999 1.38e-07 0 1
0.8095 0.999999 0.999999 1.38e-07 0 1
0.8105 0.999999 0.999999 1.38e-07 0 1
0.8115 0.999999 0.999999 1.38e-07 0 1
0.8125 0.999999 0.999999 1.38e-07 0 1
0.8135 0.999999 0.999999 1.38e-07 0 1
0.8145 0.999999 0.999999 1.38e-07 0 1
0.8155 0.999999 0.999999 1.38e-07 0 1
0.8165 0.999999 0.999999 1.38e-07 0 1
0.8175 0.999999 0.999999 1.38e-07 0 1
0.8185 0.999999 0.999999 1.38e-07 0 1
0.8195 0.999999 0.999999 1.38e-07 0 1
0.8205 0.999999 0.999999 1.38e-07 0 1
0.8215 0.999999 0.999999 1.38e-07 0 1
0.8225 0.999999 0.999999 1.38e-07 0 1
0.8235 0.999999 0.999999 1.38e-07 0 1
0.8245 0.999999 0.999999 1.38e-07 0 1
0.8255 0.999999 0.999999 1.38e-07 0 1
0.8265 0.999999 0.999999 1.38e-07 0 1
0.8275 0.999999 0.999999 1.38e-07 0 1
0.8285 0.999999 0.999999 1.38e-07 0 1
0.8295 0.999999 0.999999 1.38e-07 0 1
0.8305 0.999999 0.999999 1.38e-07 0 1
0.8315 0.999999 0.999999 1.38e-07 0 1
0.8325 0.999999 0.999999 1.38e-07 0 1
0.8335 0.999999 0.999999 1.38e-07 0 1
0.8345 0.999999 0.999999 1.38e-07 0 1
0.8355 0.999999 0.999999 1.38e-07 0 1
0.8365 0.999999 0.999999 1.38e-07 0 1
0.8375 0.999999 0.999999 1.38e-07 0 1
0.8385 0.999999 0.999999 1.38e-07 0 1
0.8395 0.999999 0.999999 1.38e-07 0 1
0.8405 0.999999 0.999999 1.38e-07 0 1
0.8415 0.999999 0.999999 1.38e-07 0 1
0.8425 0.999999 0.999999 1.38e-07 0 1
0.8435 0.999999 0.999999 1.38e-07 0 1
0.8445 0.999999 0.999999 1.38e-07 0 1
0.8455 0.999999 0.999999 1.38e-07 0 1
0.8465 0.999999 0.999999 1.38e-07 0 1
0.8475 0.999999 0.999999 1.38e-07 0 1
0.8485 0.999999 0.999999 1.38e-07 0 1
0.8495 0.999999 0.999999 1.38e-07 0 1
0.8505 0.999999 0.999999 1.38e-07 0 1
0.8515 0.999999 0.999999 1.38e-07 0 1
0.8525 0.999999 0.999999 1.38e-07 0 1
0.8535 0.999999 0.999999 1.38e-07 0 1
0.8545 0.999999 0.999999 1.38e-07 0 1
0.8555 0.999999 0.999999 1.38e-07 0 1
0.8565 0.999999 0.999999 1.38e-07 0 1
0.8575 0.999999 0.999999 1.38e-07 0 1
0.8585 0.999999 0.999999 1.38e-07 0 1
0.8595 0.999999 0.999999 1.38e-07 0 1
0.8605 0.999999 0.999999 1.38e-07 0 1
0.8615 0.999999 0.999999 1.38e-07 0 1
0.8625 0.999999 0.999999 1.38e-07 0 1
0.8635 0.999999 0.999999 1.38e-07 0 1
0.8645 0.999999 0.999999 1.38e-07 0 1
0.8655 0.999999 0.999999 1.38e-07 0 1
0.8665 0.999999 0.999999 1.38e-07 0 1
0.8675 0.999999 0.999999 1.38e-07 0 1
0.8685 0.999999 0.999999 1.38e-07 0 1
0.8695 0.999999 0.999999 1.38e-07 0 1
0.8705 0.999999 0.999999 1.38e-07 0 1
0.8715 0.999999 0.999999 1.38e-07 0 1
0.8725 0.999999 0.999999 1.38e-07 0 1
0.8735 0.999999 0.999999 1.38e-07 0 1
0.8745 0.999999 0.999999 1.38e-07 0 1
0.8755 0.999999 0.999999 1.38e-07 0 1
0.8765 0.999999 0.999999 1.38e-07 0 1
0.8775 0.999999 0.999999 1.38e-07 0 1
0.8785 0.999999 0.999999 1.38e-07 0 1
0.8795 0.999999 0.999999 1.38e-07 0 1
0.8805 0.999999 0.999999 1.38e-07 0 1
0.8815 0.999999 0.999999 1.38e-07 0 1
0.8825 0.999999 0.999999 1.38e-07 0 1
0.8835 0.999999 0.999999 1.38e-07 0 1
0.8845 0.999999 0.999999 1.38e-07 0 1
0.8855 0.999999 0.999999 1.38e-07 0 1
0.8865 0.999999 0.999999 1.38e-07 0 1
0.8875 0.999999 0.999999 1.38e-07 0 1
0.8885 0.999999 0.999999 1.38e-07 0 1
0.8895 0.999999 0.999999 1.38e-07 0 1
0.8905 0.999999 0.999999 1.38e-07 0 1
0.8915 0.999999 0.999999 1.38e-07 0 1
0.8925 0.999999 0.999999 1.38e-07 0 1
0.8935 0.999999 0.999999 1.38e-07 0 1
0.8945 0.999999 0.999999 1.38e-07 0 1
0.8955 0.999999 0.999999 1.38e-07 0 1
0.8965 0.999999 0.999999 1.38e-07 0 1
0.8975 0.999999 0.999999 1.38e-07 0 1
0.8985 0.999999 0.999999 1.38e-07 0 1
0.8995 0.999999 0.999999 1.38e-07 0 1
0.9005 0.999999 0.999999 1.38e-07 0 1
0.9015 0.999999 0.999999 1.38e-07 0 1
0.9025 0.999999 0.999999 1.38e-07 0 1
0.9035 0.999999 0.999999 1.38e-07 0 1
0.9045 0.999999 0.999999 1.38e-07 0 1
0.9055 0.999999 0.999999 1.38e-07 0 1
0.9065 0.999999 0.999999 1.38e-07 0 1
0.9075 0.999999 0.999999 1.38e-07 0 1
0.9085 0.999999 0.999999 1.38e-07 0 1
0.9095 0.999999 0.999999 1.38e-07 0 1
0.9105 0.999999 0.999999 1.38e-07 0 1
0.9115 0.999999 0.999999 1.38e-07 0 1
0.9125 0.999999 0.999999 1.38e-07 0 1
0.9135 0.999999 0.999999 1.38e-07 0 1
0.9145 0.999999 0.999999 1.38e-07 0 1
0.9155 0.999999 0.999999 1.38e-07 0 1
0.9165 0.999999 0.999999 1.38e-07 0 1
0.9175 0.999999 0.999999 1.38e-07 0 1
0.9185 0.999999 0.999999 1.38e-07 0 1
0.9195 0.999999 0.999999 1.38e-07 0 1
0.9205 0.999999 0.999999 1.38e-07 0 1
0.9215 0.999999 0.999999 1.38e-07 0 1
0.9225 0.999999 0.999999 1.38e-07 0 1
0.9235 0.999999 0.999999 1.38e-07 0 1
0.9245 0.999999 0.999999 1.38e-07 0 1
0.9255 0.999999 0.999999 1.38e-07 0 1
0.9265 0.999999 0.999999 1.38e-07 0 1
0.9275 0.999999 0.999999 1.38e-07 0 1
0.9285 0.999999 0.999999 1.38e-07 0 1
0.9295 0.999999 0.999999 1.38e-07 0 1
0.9305 0.999999 0.999999 1.38e-07 0 1
0.9315 0.999999 0.999999 1.38e-07 0 1
0.9325 0.999999 0.999999 1.38e-07 0 1
0.9335 0.999999 0.999999 1.38e-07 0 1
0.9345 0.999999 0.999999 1.38e-07 0 1
0.9355 0.999999 0.999999 1.38e-07 0 1
0.9365 0.999999 0.999999 1.38e-07 0 1
0.9375 0.999999 0.999999 1.38e-07 0 1
0.9385 0.999999 0.999999 1.38e-07 0 1
0.9395 0.999999 0.999999 1.38e-07 0 1
0.9405 0.999999 0.999999 1.38e-07 0 1
0.9415 0.999999 0.999999 1.38e-07 0 1
0.9425 0.999999 0.999999 1.38e-07 0 1
0.9435 0.999999 0.999999 1.38e-07 0 1
0.9445 0.999999 0.999999 1.38e-07 0 1
0.9455 0.999999 0.999999 1.38e-07 0 1
0.9465 0.999999 0.999999 1.38e-07 0 1
0.9475 0.999999 0.999999 1.38e-07 0 1
0.9485 0.999999 0.999999 1.38e-07 0 1
0.9495 0.999999 0.999999 1.38e-07 0 1
0.9505 0.999999 0.999999 1.38e-07 0 1
0.9515 0.999999 0.999999 1.38e-07 0 1
0.9525 0.999999 0.999999 1.38e-07 0 1
0.9535 0.999999 0.999999 1.38e-07 0 1
0.9545 0.999999 0.999999 1.38e-07 0 1
0.9555 0.999999 0.999999 1.38e-07 0 1
0.9565 0.999999 0.999999 1.38e-07 0 1
0.9575 0.999999 0.999999 1.38e-07 0 1
0.9585 0.999999 0.999999 1.38e-07 0 1
0.9595 0.999999 0.999999 1.38e-07 0 1
0.9605 0.999999 0.999999 1.38e-07 0 1
0.9615 0.999999 0.999999 1.38e-07 0 1
0.9625 0.999999 0.999999 1.38e-07 0 1
0.9635 0.999999 0.999999 1.38e-07 0 1
0.9645 0.999999 0.999999 1.38e-07 0 1
0.9655 0.999999 0.999999 1.38e-07 0 1
0.9665 0.999999 0.999999 1.38e-07 0 1
0.9675 0.999999 0.999999 1.38e-07 0 1
0.9685 0.999999 0.999999 1.38e-07 0 1
0.9695 0.999999 0.999999 1.38e-07 0 1
0.9705 0.999999 0.999999 1.38e-07 0 1
0.9715 0.999999 0.999999 1.38e-07 0 1
0.9725 0.999999 0.999999 1.38e-07 0 1
0.9735 0.999999 0.999999 1.38e-07 0 1
0.9745 0.999999 0.999999 1.38e-07 0 1
0.9755 0.999999 0.999999 1.38e-07 0 1
0.9765 0.999999 0.999999 1.38e-07 0 1
0.9775 0.999999 0.999999 1.38e-07 0 1
0.9785 0.999999 0.999999 1.38e-07 0 1
0.9795 0.999999 0.999999 1.38e-07 0 1
0.9805 0.999999 0.999999 1.38e-07 0 1
0.9815 0.999999 0.999999 1.38e-07 0 1
0.9825 0.999999 0.999999 1.38e-07 0 1
0.9835 0.999999 0.999999 1.38e-07 0 1
0.9845 0.999999 0.999999 1.38e-07 0 1
0.9855 0.999999 0.999999 1.38e-07 0 1
0.9865 0.999999 0.999999 1.38e-07 0 1
0.9875 0.999999 0.999999 1.38e-07 0 1
0.9885 0.999999 0.999999 1.38e-07 0 1
0.9895 0.999999 0.999999 1.38e-07 0 1
0.9905 0.999999 0.999999 1.38e-07 0 1
0.9915 0.999999 0.999999 1.38e-07 0 1
0.9925 0.999999 0.999999 1.38e-07 0 1
0.9935 0.999999 0.999999 1.38e-07 0 1
0.9945 0.999999 0.999999 1.38e-07 0 1
0.9955 0.999999 0.999999 1.38e-07 0 1
0.9965 0.999999 0.999999 1.38e-07 0 1
0.9975 0.999999 0.999999 1.38e-07 0 1
0.9985 0.999999 0.999999 1.38e-07 0 1
0.9995 0.999999 0.999999 1.38e-07 0 1
