x alpha rho1 rho2 v p
0.0005 0.999999 1.3765 1.38e-07 0.3948 1.57
0.0015 0.999999 1.3765 1.38e-07 0.3948 1.57
0.0025 0.999999 1.3765 1.38e-07 0.3948 1.57
0.0035 0.999999 1.3765 1.38e-07 0.3948 1.57
0.0045 0.999999 1.3765 1.38e-07 0.3948 1.57
0.0055 0.999999 1.3765 1.38e-07 0.3948 1.57
0.0065 0.999999 1.3765 1.38e-07 0.3948 1.57
0.0075 0.999999 1.3765 1.38e-07 0.3948 1.57
0.0085 0.999999 1.3765 1.38e-07 0.3948 1.57
0.0095 0.999999 1.3765 1.38e-07 0.3948 1.57
0.0105 0.999999 1.3765 1.38e-07 0.3948 1.57
0.0115 0.999999 1.3765 1.38e-07 0.3948 1.57
0.0125 0.999999 1.3765 1.38e-07 0.3948 1.57
0.0135 0.999999 1.3765 1.38e-07 0.3948 1.57
0.0145 0.999999 1.3765 1.38e-07 0.3948 1.57
0.0155 0.999999 1.3765 1.38e-07 0.3948 1.57
0.0165 0.999999 1.3765 1.38e-07 0.3948 1.57
0.0175 0.999999 1.3765 1.38e-07 0.3948 1.57
0.0185 0.999999 1.3765 1.38e-07 0.3948 1.57
0.0195 0.999999 1.3765 1.38e-07 0.3948 1.57
0.0205 0.999999 1.3765 1.38e-07 0.3948 1.57
0.0215 0.999999 1.3765 1.38e-07 0.3948 1.57
0.0225 0.999999 1.3765 1.38e-07 0.3948 1.57
0.0235 0.999999 1.3765 1.38e-07 0.3948 1.57
0.0245 0.999999 1.3765 1.38e-07 0.3948 1.57
0.0255 0.999999 1.3765 1.38e-07 0.3948 1.57
0.0265 0.999999 1.3765 1.38e-07 0.3948 1.57
0.0275 0.999999 1.3765 1.38e-07 0.3948 1.57
0.0285 0.999999 1.3765 1.38e-07 0.3948 1.57
0.0295 0.999999 1.3765 1.38e-07 0.3948 1.57
0.0305 0.999999 1.3765 1.38e-07 0.3948 1.57
0.0315 0.999999 1.3765 1.38e-07 0.3948 1.57
0.0325 0.999999 1.3765 1.38e-07 0.3948 1.57
0.0335 0.999999 1.3765 1.38e-07 0.3948 1.57
0.0345 0.999999 1.3765 1.38e-07 0.3948 1.57
0.0355 0.999999 1.3765 1.38e-07 0.3948 1.57
0.0365 0.999999 1.3765 1.38e-07 0.3948 1.57
0.0375 0.999999 1.3765 1.38e-07 0.3948 1.57
0.0385 0.999999 1.3765 1.38e-07 0.3948 1.57
0.0395 0.999999 1.3765 1.38e-07 0.3948 1.57
0.0405 0.999999 1.3765 1.38e-07 0.3948 1.57
0.0415 0.999999 1.3765 1.38e-07 0.3948 1.57
0.0425 0.999999 1.3765 1.38e-07 0.3948 1.57
0.0435 0.999999 1.3765 1.38e-07 0.3948 1.57
0.0445 0.999999 1.3765 1.38e-07 0.3948 1.57
0.0455 0.999999 1.3765 1.38e-07 0.3948 1.57
0.0465 0.999999 1.3765 1.38e-07 0.3948 1.57
0.0475 0.999999 1.3765 1.38e-07 0.3948 1.57
0.0485 0.999999 1.3765 1.38e-07 0.3948 1.57
0.0495 0.999999 1.3765 1.38e-07 0.3948 1.57
0.0505 0.999999 1.3765 1.38e-07 0.3948 1.57
0.0515 0.999999 1.3765 1.38e-07 0.3948 1.57
0.0525 0.999999 1.3765 1.38e-07 0.3948 1.57
0.0535 0.999999 1.3765 1.38e-07 0.3948 1.57
0.0545 0.999999 1.3765 1.38e-07 0.3948 1.57
0.0555 0.999999 1.3765 1.38e-07 0.3948 1.57
0.0565 0.999999 1.3765 1.38e-07 0.3948 1.57
0.0575 0.999999 1.3765 1.38e-07 0.3948 1.57
0.0585 0.999999 1.3765 1.38e-07 0.3948 1.57
0.0595 0.999999 1.3765 1.38e-07 0.3948 1.57
0.0605 0.999999 1.3765 1.38e-07 0.3948 1.57
0.0615 0.999999 1.3765 1.38e-07 0.3948 1.57
0.0625 0.999999 1.3765 1.38e-07 0.3948 1.57
0.0635 0.999999 1.3765 1.38e-07 0.3948 1.57
0.0645 0.999999 1.3765 1.38e-07 0.3948 1.57
0.0655 0.999999 1.3765 1.38e-07 0.3948 1.57
0.0665 0.999999 1.3765 1.38e-07 0.3948 1.57
0.0675 0.999999 1.3765 1.38e-07 0.3948 1.57
0.0685 0.999999 1.3765 1.38e-07 0.3948 1.57
0.0695 0.999999 1.3765 1.38e-07 0.3948 1.57
0.0705 0.999999 1.3765 1.38e-07 0.3948 1.57
0.0715 0.999999 1.3765 1.38e-07 0.3948 1.57
0.0725 0.999999 1.3765 1.38e-07 0.3948 1.57
0.0735 0.999999 1.3765 1.38e-07 0.3948 1.57
0.0745 0.999999 1.3765 1.38e-07 0.3948 1.57
0.0755 0.999999 1.3765 1.38e-07 0.3948 1.57
0.0765 0.999999 1.3765 1.38e-07 0.3948 1.57
0.0775 0.999999 1.3765 1.38e-07 0.3948 1.57
0.0785 0.999999 1.3765 1.38e-07 0.3948 1.57
0.0795 0.999999 1.3765 1.38e-07 0.3948 1.57
0.0805 0.999999 1.3765 1.38e-07 0.3948 1.57
0.0815 0.999999 1.3765 1.38e-07 0.3948 1.57
0.0825 0.999999 1.3765 1.38e-07 0.3948 1.57
0.0835 0.999999 1.3765 1.38e-07 0.3948 1.57
0.0845 0.999999 1.3765 1.38e-07 0.3948 1.57
0.0855 0.999999 1.3765 1.38e-07 0.3948 1.57
0.0865 0.999999 1.3765 1.38e-07 0.3948 1.57
0.0875 0.999999 1.3765 1.38e-07 0.3948 1.57
0.0885 0.999999 1.3765 1.38e-07 0.3948 1.57
0.0895 0.999999 1.3765 1.38e-07 0.3948 1.57
0.0905 0.999999 1.3765 1.38e-07 0.3948 1.57
0.0915 0.999999 1.3765 1.38e-07 0.3948 1.57
0.0925 0.999999 1.3765 1.38e-07 0.3948 1.57
0.0935 0.999999 1.3765 1.38e-07 0.3948 1.57
0.0945 0.999999 1.3765 1.38e-07 0.3948 1.57
0.0955 0.999999 1.3765 1.38e-07 0.3948 1.57
0.0965 0.999999 1.3765 1.38e-07 0.3948 1.57
0.0975 0.999999 1.3765 1.38e-07 0.3948 1.57
0.0985 0.999999 1.3765 1.38e-07 0.3948 1.57
0.0995 0.999999 1.3765 1.38e-07 0.3948 1.57
0.1005 0.999999 1.3765 1.38e-07 0.3948 1.57
0.1015 0.999999 1.3765 1.38e-07 0.3948 1.57
0.1025 0.999999 1.3765 1.38e-07 0.3948 1.57
0.1035 0.999999 1.3765 1.38e-07 0.3948 1.57
0.1045 0.999999 1.3765 1.38e-07 0.3948 1.57
0.1055 0.999999 1.3765 1.38e-07 0.3948 1.57
0.1065 0.999999 1.3765 1.38e-07 0.3948 1.57
0.1075 0.999999 1.3765 1.38e-07 0.3948 1.57
0.1085 0.999999 1.3765 1.38e-07 0.3948 1.57
0.1095 0.999999 1.3765 1.38e-07 0.3948 1.57
0.1105 0.999999 1.3765 1.38e-07 0.3948 1.57
0.1115 0.999999 1.3765 1.38e-07 0.3948 1.57
0.1125 0.999999 1.3765 1.38e-07 0.3948 1.57
0.1135 0.999999 1.3765 1.38e-07 0.3948 1.57
0.1145 0.999999 1.3765 1.38e-07 0.3948 1.57
0.1155 0.999999 1.3765 1.38e-07 0.3948 1.57
0.1165 0.999999 1.3765 1.38e-07 0.3948 1.57
0.1175 0.999999 1.3765 1.38e-07 0.3948 1.57
0.1185 0.999999 1.3765 1.38e-07 0.3948 1.57
0.1195 0.999999 1.3765 1.38e-07 0.3948 1.57
0.1205 0.999999 1.3765 1.38e-07 0.3948 1.57
0.1215 0.999999 1.3765 1.38e-07 0.3948 1.57
0.1225 0.999999 1.3765 1.38e-07 0.3948 1.57
0.1235 0.999999 1.3765 1.38e-07 0.3948 1.57
0.1245 0.999999 1.3765 1.38e-07 0.3948 1.57
0.1255 0.999999 1.3765 1.38e-07 0.3948 1.57
0.1265 0.999999 1.3765 1.38e-07 0.3948 1.57
0.1275 0.999999 1.3765 1.38e-07 0.3948 1.57
0.1285 0.999999 1.3765 1.38e-07 0.3948 1.57
0.1295 0.999999 1.3765 1.38e-07 0.3948 1.57
0.1305 0.999999 1.3765 1.38e-07 0.3948 1.57
0.1315 0.999999 1.3765 1.38e-07 0.3948 1.57
0.1325 0.999999 1.3765 1.38e-07 0.3948 1.57
0.1335 0.999999 1.3765 1.38e-07 0.3948 1.57
0.1345 0.999999 1.3765 1.38e-07 0.3948 1.57
0.1355 0.999999 1.3765 1.38e-07 0.3948 1.57
0.1365 0.999999 1.3765 1.38e-07 0.3948 1.57
0.1375 0.999999 1.3765 1.38e-07 0.3948 1.57
0.1385 0.999999 1.3765 1.38e-07 0.3948 1.57
0.1395 0.999999 1.3765 1.38e-07 0.3948 1.57
0.1405 0.999999 1.3765 1.38e-07 0.3948 1.57
0.1415 0.999999 1.3765 1.38e-07 0.3948 1.57
0.1425 0.999999 1.3765 1.38e-07 0.3948 1.57
0.1435 0.999999 1.3765 1.38e-07 0.3948 1.57
0.1445 0.999999 1.3765 1.38e-07 0.3948 1.57
0.1455 0.999999 1.3765 1.38e-07 0.3948 1.57
0.1465 0.999999 1.3765 1.38e-07 0.3948 1.57
0.1475 0.999999 1.3765 1.38e-07 0.3948 1.57
0.1485 0.999999 1.3765 1.38e-07 0.3948 1.57
0.1495 0.999999 1.3765 1.38e-07 0.3948 1.57
0.1505 0.999999 1.3765 1.38e-07 0.3948 1.57
0.1515 0.999999 1.3765 1.38e-07 0.3948 1.57
0.1525 0.999999 1.3765 1.38e-07 0.3948 1.57
0.1535 0.999999 1.3765 1.38e-07 0.3948 1.57
0.1545 0.999999 1.3765 1.38e-07 0.3948 1.57
0.1555 0.999999 1.3765 1.38e-07 0.3948 1.57
0.1565 0.999999 1.3765 1.38e-07 0.3948 1.57
0.1575 0.999999 1.3765 1.38e-07 0.3948 1.57
0.1585 0.999999 1.3765 1.38e-07 0.3948 1.57
0.1595 0.999999 1.3765 1.38e-07 0.3948 1.57
0.1605 0.999999 1.3765 1.38e-07 0.3948 1.57
0.1615 0.999999 1.3765 1.38e-07 0.3948 1.57
0.1625 0.999999 1.3765 1.38e-07 0.3948 1.57
0.1635 0.999999 1.3765 1.38e-07 0.3948 1.57
0.1645 0.999999 1.3765 1.38e-07 0.3948 1.57
0.1655 0.999999 1.3765 1.38e-07 0.3948 1.57
0.1665 0.999999 1.3765 1.38e-07 0.3948 1.57
0.1675 0.999999 1.3765 1.38e-07 0.3948 1.57
0.1685 0.999999 1.3765 1.38e-07 0.3948 1.57
0.1695 0.999999 1.3765 1.38e-07 0.3948 1.57
0.1705 0.999999 1.3765 1.38e-07 0.3948 1.57
0.1715 0.999999 1.3765 1.38e-07 0.3948 1.57
0.1725 0.999999 1.3765 1.38e-07 0.3948 1.57
0.1735 0.999999 1.3765 1.38e-07 0.3948 1.57
0.1745 0.999999 1.3765 1.38e-07 0.3948 1.57
0.1755 0.999999 1.3765 1.38e-07 0.3948 1.57
0.1765 0.999999 1.3765 1.38e-07 0.394801 1.57
0.1775 1 1.3765 1.38e-07 0.394802 1.57
0.1785 1 1.3765 1.38e-07 0.394803 1.56999
0.1795 1 1.37649 1.38e-07 0.394805 1.56999
0.1805 1 1.37649 1.37999e-07 0.394807 1.56999
0.1815 1 1.37649 1.37999e-07 0.394811 1.56998
0.1825 1 1.37648 1.37998e-07 0.394816 1.56997
0.1835 1.00001 1.37647 1.37998e-07 0.394824 1.56996
0.1845 1.00001 1.37646 1.37997e-07 0.394833 1.56994
0.1855 1.00001 1.37645 1.37995e-07 0.394845 1.56992
0.1865 1.00001 1.37643 1.37994e-07 0.394861 1.56989
0.1875 1.00001 1.37641 1.37992e-07 0.39488 1.56986
0.1885 1.00002 1.37639 1.37989e-07 0.394903 1.56981
0.1895 1.00002 1.37636 1.37986e-07 0.394931 1.56977
0.1905 1.00003 1.37633 1.37983e-07 0.394963 1.56971
0.1915 1.00003 1.37629 1.37979e-07 0.394999 1.56964
0.1925 1.00003 1.37624 1.37974e-07 0.39504 1.56957
0.1935 1.00004 1.37619 1.3797e-07 0.395085 1.56949
0.1945 1.00004 1.37614 1.37964e-07 0.395133 1.56941
0.1955 1.00004 1.37609 1.37959e-07 0.395183 1.56932
0.1965 1.00004 1.37603 1.37953e-07 0.395235 1.56923
0.1975 1.00004 1.37598 1.37948e-07 0.395286 1.56914
0.1985 1.00004 1.37592 1.37942e-07 0.395336 1.56906
0.1995 1.00004 1.37587 1.37937e-07 0.395382 1.56898
0.2005 1.00003 1.37583 1.37932e-07 0.395425 1.5689
0.2015 1.00003 1.37578 1.37928e-07 0.395462 1.56884
0.2025 1.00002 1.37575 1.37925e-07 0.395492 1.56879
0.2035 1.00002 1.37572 1.37922e-07 0.395516 1.56875
0.2045 1.00001 1.3757 1.3792e-07 0.395532 1.56872
0.2055 1 1.37569 1.37919e-07 0.39554 1.56871
0.2065 0.999998 1.37569 1.37919e-07 0.395541 1.56871
0.2075 0.999993 1.3757 1.3792e-07 0.395535 1.56872
0.2085 0.999988 1.37571 1.37921e-07 0.395523 1.56875
0.2095 0.999984 1.37573 1.37923e-07 0.395505 1.56878
0.2105 0.999981 1.37575 1.37925e-07 0.395483 1.56882
0.2115 0.999979 1.37578 1.37928e-07 0.395458 1.56886
0.2125 0.999977 1.37581 1.37931e-07 0.395431 1.56891
0.2135 0.999976 1.37584 1.37934e-07 0.395402 1.56896
0.2145 0.999976 1.37587 1.37937e-07 0.395372 1.56901
0.2155 0.999976 1.3759 1.3794e-07 0.395343 1.56906
0.2165 0.999977 1.37593 1.37943e-07 0.395315 1.56911
0.2175 0.999978 1.37596 1.37946e-07 0.395288 1.56916
0.2185 0.999979 1.37599 1.37949e-07 0.395262 1.5692
0.2195 0.99998 1.37602 1.37952e-07 0.395238 1.56924
0.2205 0.999982 1.37604 1.37954e-07 0.395216 1.56928
0.2215 0.999983 1.37606 1.37956e-07 0.395196 1.56932
0.2225 0.999984 1.37609 1.37959e-07 0.395177 1.56935
0.2235 0.999986 1.3761 1.3796e-07 0.395159 1.56938
0.2245 0.999987 1.37612 1.37962e-07 0.395144 1.56941
0.2255 0.999988 1.37614 1.37964e-07 0.395129 1.56943
0.2265 0.999989 1.37615 1.37965e-07 0.395116 1.56945
0.2275 0.999989 1.37617 1.37967e-07 0.395103 1.56948
0.2285 0.99999 1.37618 1.37968e-07 0.395092 1.56949
0.2295 0.999991 1.37619 1.37969e-07 0.395081 1.56951
0.2305 0.999991 1.3762 1.3797e-07 0.395072 1.56953
0.2315 0.999992 1.37621 1.37971e-07 0.395062 1.56955
0.2325 0.999992 1.37622 1.37972e-07 0.395054 1.56956
0.2335 0.999993 1.37623 1.37973e-07 0.395046 1.56957
0.2345 0.999993 1.37624 1.37974e-07 0.395038 1.56959
0.2355 0.999994 1.37625 1.37975e-07 0.395031 1.5696
0.2365 0.999994 1.37625 1.37975e-07 0.395025 1.56961
0.2375 0.999994 1.37626 1.37976e-07 0.395018 1.56962
0.2385 0.999994 1.37627 1.37977e-07 0.395012 1.56963
0.2395 0.999995 1.37627 1.37977e-07 0.395007 1.56964
0.2405 0.999995 1.37628 1.37978e-07 0.395001 1.56965
0.2415 0.999995 1.37628 1.37978e-07 0.394996 1.56966
0.2425 0.999995 1.37629 1.37979e-07 0.394991 1.56967
0.2435 0.999995 1.37629 1.3798e-07 0.394987 1.56968
0.2445 0.999996 1.3763 1.3798e-07 0.394982 1.56968
0.2455 0.999996 1.3763 1.37981e-07 0.394978 1.56969
0.2465 0.999996 1.37631 1.37981e-07 0.394973 1.5697
0.2475 0.999996 1.37631 1.37981e-07 0.394969 1.56971
0.2485 0.999996 1.37632 1.37982e-07 0.394966 1.56971
0.2495 0.999996 1.37632 1.37982e-07 0.394962 1.56972
0.2505 0.999996 1.37633 1.37983e-07 0.394958 1.56973
0.2515 0.999996 1.37633 1.37983e-07 0.394955 1.56973
0.2525 0.999996 1.37633 1.37983e-07 0.394951 1.56974
0.2535 0.999997 1.37634 1.37984e-07 0.394948 1.56974
0.2545 0.999997 1.37634 1.37984e-07 0.394945 1.56975
0.2555 0.999997 1.37634 1.37985e-07 0.394942 1.56975
0.2565 0.999997 1.37635 1.37985e-07 0.394939 1.56976
0.2575 0.999997 1.37635 1.37987e-07 0.394936 1.56976
0.2585 0.999996 1.37635 1.37991e-07 0.394934 1.56977
0.2595 0.999994 1.37635 1.38002e-07 0.394931 1.56977
0.2605 0.99999 1.37634 1.38031e-07 0.394929 1.56978
0.2615 0.999981 1.37632 1.38094e-07 0.394926 1.56978
0.2625 0.999964 1.37627 1.38225e-07 0.394924 1.56979
0.2635 0.999936 1.37618 1.38475e-07 0.394922 1.56979
0.2645 0.999893 1.37604 1.38915e-07 0.394919 1.56979
0.2655 0.999831 1.37582 1.39639e-07 0.394917 1.5698
0.2665 0.999751 1.3755 1.40748e-07 0.394915 1.5698
0.2675 0.999656 1.37509 1.42344e-07 0.394913 1.5698
0.2685 0.999553 1.37458 1.44505e-07 0.394911 1.56981
0.2695 0.999453 1.374 1.47268e-07 0.394909 1.56981
0.2705 0.999367 1.37339 1.50612e-07 0.394907 1.56981
0.2715 0.999308 1.37279 1.54454e-07 0.394905 1.56982
0.2725 0.999282 1.37225 1.58652e-07 0.394904 1.56982
0.2735 0.999292 1.37183 1.63024e-07 0.394902 1.56982
0.2745 0.999336 1.37154 1.67375e-07 0.3949 1.56983
0.2755 0.999406 1.3714 1.71516e-07 0.394898 1.56983
0.2765 0.999493 1.37142 1.75294e-07 0.394897 1.56983
0.2775 0.999586 1.37156 1.78602e-07 0.394895 1.56983
0.2785 0.999675 1.3718 1.81387e-07 0.394894 1.56984
0.2795 0.999754 1.37212 1.83643e-07 0.394892 1.56984
0.2805 0.999818 1.37247 1.85407e-07 0.394891 1.56984
0.2815 0.999866 1.37283 1.86737e-07 0.394889 1.56984
0.2825 0.9999 1.37317 1.87709e-07 0.394888 1.56985
0.2835 0.999922 1.37349 1.88396e-07 0.394887 1.56985
0.2845 0.999934 1.37378 1.88869e-07 0.394885 1.56985
0.2855 0.999939 1.37403 1.89185e-07 0.394884 1.56985
0.2865 0.99994 1.37425 1.89393e-07 0.394883 1.56986
0.2875 0.999939 1.37444 1.89528e-07 0.394882 1.56986
0.2885 0.999936 1.3746 1.89615e-07 0.394881 1.56986
0.2895 0.999934 1.37474 1.89671e-07 0.39488 1.56986
0.2905 0.999931 1.37486 1.89708e-07 0.394879 1.56986
0.2915 0.999929 1.37497 1.89734e-07 0.394877 1.56987
0.2925 0.999927 1.37506 1.89753e-07 0.394876 1.56987
0.2935 0.999925 1.37515 1.89767e-07 0.394875 1.56987
0.2945 0.999924 1.37522 1.89779e-07 0.394874 1.56987
0.2955 0.999923 1.37529 1.89789e-07 0.394873 1.56987
0.2965 0.999922 1.37535 1.89798e-07 0.394872 1.56987
0.2975 0.999922 1.37541 1.89806e-07 0.394871 1.56988
0.2985 0.999922 1.37546 1.89813e-07 0.39487 1.56988
0.2995 0.999921 1.37551 1.8982e-07 0.394869 1.56988
0.3005 0.999921 1.37555 1.89826e-07 0.394868 1.56988
0.3015 0.999921 1.37559 1.89832e-07 0.394867 1.56988
0.3025 0.999921 1.37563 1.89837e-07 0.394866 1.56988
0.3035 0.999921 1.37567 1.89842e-07 0.394865 1.56989
0.3045 0.999921 1.3757 1.89847e-07 0.394864 1.56989
0.3055 0.999921 1.37573 1.89851e-07 0.394864 1.56989
0.3065 0.999921 1.37576 1.89855e-07 0.394863 1.56989
0.3075 0.999922 1.37579 1.89859e-07 0.394862 1.56989
0.3085 0.999922 1.37582 1.89863e-07 0.394861 1.56989
0.3095 0.999922 1.37584 1.89866e-07 0.394861 1.56989
0.3105 0.999922 1.37587 1.8987e-07 0.39486 1.56989
0.3115 0.999922 1.37589 1.89873e-07 0.394859 1.5699
0.3125 0.999922 1.37591 1.89875e-07 0.394858 1.5699
0.3135 0.999922 1.37593 1.89878e-07 0.394856 1.56989
0.3145 0.999922 1.37594 1.8988e-07 0.394854 1.56989
0.3155 0.999922 1.37596 1.89882e-07 0.39485 1.56989
0.3165 0.999923 1.37597 1.89884e-07 0.394843 1.56988
0.3175 0.999923 1.37597 1.89884e-07 0.394832 1.56986
0.3185 0.999923 1.37597 1.89884e-07 0.394812 1.56983
0.3195 0.999923 1.37595 1.89881e-07 0.394779 1.56977
0.3205 0.999923 1.3759 1.89875e-07 0.394722 1.56968
0.3215 0.999923 1.37581 1.89863e-07 0.394626 1.56951
0.3225 0.999923 1.37566 1.89841e-07 0.394468 1.56924
0.3235 0.999923 1.37538 1.89803e-07 0.394208 1.56879
0.3245 0.999923 1.37494 1.89742e-07 0.393786 1.56806
0.3255 0.999924 1.37421 1.89642e-07 0.39311 1.56689
0.3265 0.999924 1.37306 1.89482e-07 0.392036 1.56503
0.3275 0.999925 1.37124 1.89231e-07 0.390353 1.56211
0.3285 0.999926 1.36842 1.88842e-07 0.387743 1.5576
0.3295 0.999929 1.36411 1.88247e-07 0.383745 1.5507
0.3305 0.999934 1.35761 1.8735e-07 0.377705 1.54033
0.3315 0.999946 1.34799 1.86022e-07 0.368725 1.52502
0.3325 0.99997 1.33408 1.84103e-07 0.355646 1.50294
0.3335 1.00001 1.31458 1.81412e-07 0.337098 1.47209
0.3345 1.00009 1.28831 1.77786e-07 0.311727 1.43076
0.3355 1.00019 1.25478 1.7316e-07 0.278671 1.37841
0.3365 1.00031 1.21489 1.67655e-07 0.238302 1.31675
0.3375 1.0004 1.17138 1.61651e-07 0.192915 1.25036
0.3385 1.00041 1.12848 1.5573e-07 0.146725 1.18589
0.3395 1.00033 1.09051 1.50491e-07 0.104637 1.12977
0.3405 1.00022 1.06027 1.46318e-07 0.0703105 1.08576
0.3415 1.00012 1.03832 1.43288e-07 0.044966 1.0542
0.3425 1.00005 1.02352 1.41245e-07 0.0276953 1.03313
0.3435 1.00002 1.01407 1.39941e-07 0.0166015 1.01977
0.3445 1.00001 1.00826 1.3914e-07 0.00976145 1.01159
0.3455 1 1.00479 1.38661e-07 0.00565934 1.00671
0.3465 1 1.00274 1.38379e-07 0.0032454 1.00384
0.3475 0.999999 1.00156 1.38215e-07 0.0018441 1.00218
0.3485 0.999999 1.00088 1.38121e-07 0.0010392 1.00123
0.3495 0.999999 1.00049 1.38068e-07 0.000580971 1.00069
0.3505 0.999999 1.00027 1.38038e-07 0.000322232 1.00038
0.3515 0.999999 1.00015 1.38021e-07 0.000177289 1.00021
0.3525 0.999999 1.00008 1.38011e-07 9.67377e-05 1.00011
0.3535 0.999999 1.00004 1.38006e-07 5.23349e-05 1.00006
0.3545 0.999999 1.00002 1.38003e-07 2.80637e-05 1.00003
0.3555 0.999999 1.00001 1.38002e-07 1.4912e-05 1.00002
0.3565 0.999999 1.00001 1.38001e-07 7.84954e-06 1.00001
0.3575 0.999999 1 1.38e-07 4.09224e-06 1
0.3585 0.999999 1 1.38e-07 2.11243e-06 1
0.3595 0.999999 1 1.38e-07 1.07948e-06 1
0.3605 0.999999 0.999999 1.38e-07 5.45967e-07 1
0.3615 0.999999 0.999999 1.38e-07 2.73251e-07 1
0.3625 0.999999 0.999999 1.38e-07 1.35309e-07 1
0.3635 0.999999 0.999999 1.38e-07 6.62819e-08 1
0.3645 0.999999 0.999999 1.38e-07 3.2115e-08 1
0.3655 0.999999 0.999999 1.38e-07 1.5389e-08 1
0.3665 0.999999 0.999999 1.38e-07 7.29217e-09 1
0.3675 0.999999 0.999999 1.38e-07 3.41665e-09 1
0.3685 0.999999 0.999999 1.38e-07 1.58271e-09 1
0.3695 0.999999 0.999999 1.38e-07 7.24816e-10 1
0.3705 0.999999 0.999999 1.38e-07 3.28129e-10 1
0.3715 0.999999 0.999999 1.38e-07 1.46833e-10 1
0.3725 0.999999 0.999999 1.38e-07 6.49445e-11 1
0.3735 0.999999 0.999999 1.38e-07 2.83906e-11 1
0.3745 0.999999 0.999999 1.38e-07 1.2266e-11 1
0.3755 0.999999 0.999999 1.38e-07 5.23734e-12 1
0.3765 0.999999 0.999999 1.38e-07 2.20986e-12 1
0.3775 0.999999 0.999999 1.38e-07 9.21391e-13 1
0.3785 0.999999 0.999999 1.38e-07 3.79672e-13 1
0.3795 0.999999 0.999999 1.38e-07 1.54651e-13 1
0.3805 0.999999 0.999999 1.38e-07 6.21836e-14 1
0.3815 0.999999 0.999999 1.38e-07 2.46884e-14 1
0.3825 0.999999 0.999999 1.38e-07 9.59425e-15 1
0.3835 0.999999 0.999999 1.38e-07 3.67155e-15 1
0.3845 0.999999 0.999999 1.38e-07 1.35787e-15 1
0.3855 0.999999 0.999999 1.38e-07 4.43871e-16 1
0.3865 0.999999 0.999999 1.38e-07 1.30572e-16 1
0.3875 0.999999 0.999999 1.38e-07 5.17915e-18 1
0.3885 0.999999 0.999999 1.38e-07 0 1
0.3895 0.999999 0.999999 1.38e-07 0 1
0.3905 0.999999 0.999999 1.38e-07 0 1
0.3915 0.999999 0.999999 1.38e-07 0 1
0.3925 0.999999 0.999999 1.38e-07 0 1
0.3935 0.999999 0.999999 1.38e-07 0 1
0.3945 0.999999 0.999999 1.38e-07 0 1
0.3955 0.999999 0.999999 1.38e-07 0 1
0.3965 0.999999 0.999999 1.38e-07 0 1
0.3975 0.999999 0.999999 1.38e-07 0 1
0.3985 0.999999 0.999999 1.38e-07 0 1
0.3995 0.999999 0.999999 1.38e-07 0 1
0.4005 1e-06 1e-06 0.138 0 1
0.4015 1e-06 1e-06 0.138 0 1
0.4025 1e-06 1e-06 0.138 0 1
0.4035 1e-06 1e-06 0.138 0 1
0.4045 1e-06 1e-06 0.138 0 1
0.4055 1e-06 1e-06 0.138 0 1
0.4065 1e-06 1e-06 0.138 0 1
0.4075 1e-06 1e-06 0.138 0 1
0.4085 1e-06 1e-06 0.138 0 1
0.4095 1e-06 1e-06 0.138 0 1
0.4105 1e-06 1e-06 0.138 0 1
0.4115 1e-06 1e-06 0.138 0 1
0.4125 1e-06 1e-06 0.138 0 1
0.4135 1e-06 1e-06 0.138 0 1
0.4145 1e-06 1e-06 0.138 0 1
0.4155 1e-06 1e-06 0.138 0 1
0.4165 1e-06 1e-06 0.138 0 1
0.4175 1e-06 1e-06 0.138 0 1
0.4185 1e-06 1e-06 0.138 0 1
0.4195 1e-06 1e-06 0.138 0 1
0.4205 1e-06 1e-06 0.138 0 1
0.4215 1e-06 1e-06 0.138 0 1
0.4225 1e-06 1e-06 0.138 0 1
0.4235 1e-06 1e-06 0.138 0 1
0.4245 1e-06 1e-06 0.138 0 1
0.4255 1e-06 1e-06 0.138 0 1
0.4265 1e-06 1e-06 0.138 0 1
0.4275 1e-06 1e-06 0.138 0 1
0.4285 1e-06 1e-06 0.138 0 1
0.4295 1e-06 1e-06 0.138 0 1
0.4305 1e-06 1e-06 0.138 0 1
0.4315 1e-06 1e-06 0.138 0 1
0.4325 1e-06 1e-06 0.138 0 1
0.4335 1e-06 1e-06 0.138 0 1
0.4345 1e-06 1e-06 0.138 0 1
0.4355 1e-06 1e-06 0.138 0 1
0.4365 1e-06 1e-06 0.138 0 1
0.4375 1e-06 1e-06 0.138 0 1
0.4385 1e-06 1e-06 0.138 0 1
0.4395 1e-06 1e-06 0.138 0 1
0.4405 1e-06 1e-06 0.138 0 1
0.4415 1e-06 1e-06 0.138 0 1
0.4425 1e-06 1e-06 0.138 0 1
0.4435 1e-06 1e-06 0.138 0 1
0.4445 1e-06 1e-06 0.138 0 1
0.4455 1e-06 1e-06 0.138 0 1
0.4465 1e-06 1e-06 0.138 0 1
0.4475 1e-06 1e-06 0.138 0 1
0.4485 1e-06 1e-06 0.138 0 1
0.4495 1e-06 1e-06 0.138 0 1
0.4505 1e-06 1e-06 0.138 0 1
0.4515 1e-06 1e-06 0.138 0 1
0.4525 1e-06 1e-06 0.138 0 1
0.4535 1e-06 1e-06 0.138 0 1
0.4545 1e-06 1e-06 0.138 0 1
0.4555 1e-06 1e-06 0.138 0 1
0.4565 1e-06 1e-06 0.138 0 1
0.4575 1e-06 1e-06 0.138 0 1
0.4585 1e-06 1e-06 0.138 0 1
0.4595 1e-06 1e-06 0.138 0 1
0.4605 1e-06 1e-06 0.138 0 1
0.4615 1e-06 1e-06 0.138 0 1
0.4625 1e-06 1e-06 0.138 0 1
0.4635 1e-06 1e-06 0.138 0 1
0.4645 1e-06 1e-06 0.138 0 1
0.4655 1e-06 1e-06 0.138 0 1
0.4665 1e-06 1e-06 0.138 0 1
0.4675 1e-06 1e-06 0.138 0 1
0.4685 1e-06 1e-06 0.138 0 1
0.4695 1e-06 1e-06 0.138 0 1
0.4705 1e-06 1e-06 0.138 0 1
0.4715 1e-06 1e-06 0.138 0 1
0.4725 1e-06 1e-06 0.138 0 1
0.4735 1e-06 1e-06 0.138 0 1
0.4745 1e-06 1e-06 0.138 0 1
0.4755 1e-06 1e-06 0.138 0 1
0.4765 1e-06 1e-06 0.138 0 1
0.4775 1e-06 1e-06 0.138 0 1
0.4785 1e-06 1e-06 0.138 0 1
0.4795 1e-06 1e-06 0.138 0 1
0.4805 1e-06 1e-06 0.138 0 1
0.4815 1e-06 1e-06 0.138 0 1
0.4825 1e-06 1e-06 0.138 0 1
0.4835 1e-06 1e-06 0.138 0 1
0.4845 1e-06 1e-06 0.138 0 1
0.4855 1e-06 1e-06 0.138 0 1
0.4865 1e-06 1e-06 0.138 0 1
0.4875 1e-06 1e-06 0.138 0 1
0.4885 1e-06 1e-06 0.138 0 1
0.4895 1e-06 1e-06 0.138 0 1
0.4905 1e-06 1e-06 0.138 0 1
0.4915 1e-06 1e-06 0.138 0 1
0.4925 1e-06 1e-06 0.138 0 1
0.4935 1e-06 1e-06 0.138 0 1
0.4945 1e-06 1e-06 0.138 0 1
0.4955 1e-06 1e-06 0.138 0 1
0.4965 1e-06 1e-06 0.138 0 1
0.4975 1e-06 1e-06 0.138 0 1
0.4985 1e-06 1e-06 0.138 0 1
0.4995 1e-06 1e-06 0.138 0 1
0.5005 1e-06 1e-06 0.138 0 1
0.5015 1e-06 1e-06 0.138 0 1
0.5025 1e-06 1e-06 0.138 0 1
0.5035 1e-06 1e-06 0.138 0 1
0.5045 1e-06 1e-06 0.138 0 1
0.5055 1e-06 1e-06 0.138 0 1
0.5065 1e-06 1e-06 0.138 0 1
0.5075 1e-06 1e-06 0.138 0 1
0.5085 1e-06 1e-06 0.138 0 1
0.5095 1e-06 1e-06 0.138 0 1
0.5105 1e-06 1e-06 0.138 0 1
0.5115 1e-06 1e-06 0.138 0 1
0.5125 1e-06 1e-06 0.138 0 1
0.5135 1e-06 1e-06 0.138 0 1
0.5145 1e-06 1e-06 0.138 0 1
0.5155 1e-06 1e-06 0.138 0 1
0.5165 1e-06 1e-06 0.138 0 1
0.5175 1e-06 1e-06 0.138 0 1
0.5185 1e-06 1e-06 0.138 0 1
0.5195 1e-06 1e-06 0.138 0 1
0.5205 1e-06 1e-06 0.138 0 1
0.5215 1e-06 1e-06 0.138 0 1
0.5225 1e-06 1e-06 0.138 0 1
0.5235 1e-06 1e-06 0.138 0 1
0.5245 1e-06 1e-06 0.138 0 1
0.5255 1e-06 1e-06 0.138 0 1
0.5265 1e-06 1e-06 0.138 0 1
0.5275 1e-06 1e-06 0.138 0 1
0.5285 1e-06 1e-06 0.138 0 1
0.5295 1e-06 1e-06 0.138 0 1
0.5305 1e-06 1e-06 0.138 0 1
0.5315 1e-06 1e-06 0.138 0 1
0.5325 1e-06 1e-06 0.138 0 1
0.5335 1e-06 1e-06 0.138 0 1
0.5345 1e-06 1e-06 0.138 0 1
0.5355 1e-06 1e-06 0.138 0 1
0.5365 1e-06 1e-06 0.138 0 1
0.5375 1e-06 1e-06 0.138 0 1
0.5385 1e-06 1e-06 0.138 0 1
0.5395 1e-06 1e-06 0.138 0 1
0.5405 1e-06 1e-06 0.138 0 1
0.5415 1e-06 1e-06 0.138 0 1
0.5425 1e-06 1e-06 0.138 0 1
0.5435 1e-06 1e-06 0.138 0 1
0.5445 1e-06 1e-06 0.138 0 1
0.5455 1e-06 1e-06 0.138 0 1
0.5465 1e-06 1e-06 0.138 0 1
0.5475 1e-06 1e-06 0.138 0 1
0.5485 1e-06 1e-06 0.138 0 1
0.5495 1e-06 1e-06 0.138 0 1
0.5505 1e-06 1e-06 0.138 0 1
0.5515 1e-06 1e-06 0.138 0 1
0.5525 1e-06 1e-06 0.138 0 1
0.5535 1e-06 1e-06 0.138 0 1
0.5545 1e-06 1e-06 0.138 0 1
0.5555 1e-06 1e-06 0.138 0 1
0.5565 1e-06 1e-06 0.138 0 1
0.5575 1e-06 1e-06 0.138 0 1
0.5585 1e-06 1e-06 0.138 0 1
0.5595 1e-06 1e-06 0.138 0 1
0.5605 1e-06 1e-06 0.138 0 1
0.5615 1e-06 1e-06 0.138 0 1
0.5625 1e-06 1e-06 0.138 0 1
0.5635 1e-06 1e-06 0.138 0 1
0.5645 1e-06 1e-06 0.138 0 1
0.5655 1e-06 1e-06 0.138 0 1
0.5665 1e-06 1e-06 0.138 0 1
0.5675 1e-06 1e-06 0.138 0 1
0.5685 1e-06 1e-06 0.138 0 1
0.5695 1e-06 1e-06 0.138 0 1
0.5705 1e-06 1e-06 0.138 0 1
0.5715 1e-06 1e-06 0.138 0 1
0.5725 1e-06 1e-06 0.138 0 1
0.5735 1e-06 1e-06 0.138 0 1
0.5745 1e-06 1e-06 0.138 0 1
0.5755 1e-06 1e-06 0.138 0 1
0.5765 1e-06 1e-06 0.138 0 1
0.5775 1e-06 1e-06 0.138 0 1
0.5785 1e-06 1e-06 0.138 0 1
0.5795 1e-06 1e-06 0.138 0 1
0.5805 1e-06 1e-06 0.138 0 1
0.5815 1e-06 1e-06 0.138 0 1
0.5825 1e-06 1e-06 0.138 0 1
0.5835 1e-06 1e-06 0.138 0 1
0.5845 1e-06 1e-06 0.138 0 1
0.5855 1e-06 1e-06 0.138 0 1
0.5865 1e-06 1e-06 0.138 0 1
0.5875 1e-06 1e-06 0.138 0 1
0.5885 1e-06 1e-06 0.138 0 1
0.5895 1e-06 1e-06 0.138 0 1
0.5905 1e-06 1e-06 0.138 0 1
0.5915 1e-06 1e-06 0.138 0 1
0.5925 1e-06 1e-06 0.138 0 1
0.5935 1e-06 1e-06 0.138 0 1
0.5945 1e-06 1e-06 0.138 0 1
0.5955 1e-06 1e-06 0.138 0 1
0.5965 1e-06 1e-06 0.138 0 1
0.5975 1e-06 1e-06 0.138 0 1
0.5985 1e-06 1e-06 0.138 0 1
0.5995 1e-06 1e-06 0.138 0 1
0.6005 0.999999 0.999999 1.38e-07 0 1
0.6015 0.999999 0.999999 1.38e-07 0 1
0.6025 0.999999 0.999999 1.38e-07 0 1
0.6035 0.999999 0.999999 1.38e-07 0 1
0.6045 0.999999 0.999999 1.38e-07 0 1
0.6055 0.999999 0.999999 1.38e-07 0 1
0.6065 0.999999 0.999999 1.38e-07 0 1
0.6075 0.999999 0.999999 1.38e-07 0 1
0.6085 0.999999 0.999999 1.38e-07 0 1
0.6095 0.999999 0.999999 1.38e-07 0 1
0.6105 0.999999 0.999999 1.38e-07 0 1
0.6115 0.999999 0.999999 1.38e-07 0 1
0.6125 0.999999 0.999999 1.38e-07 0 1
0.6135 0.999999 0.999999 1.38e-07 0 1
0.6145 0.999999 0.999999 1.38e-07 0 1
0.6155 0.999999 0.999999 1.38e-07 0 1
0.6165 0.999999 0.999999 1.38e-07 0 1
0.6175 0.999999 0.999999 1.38e-07 0 1
0.6185 0.999999 0.999999 1.38e-07 0 1
0.6195 0.999999 0.999999 1.38e-07 0 1
0.6205 0.999999 0.999999 1.38e-07 0 1
0.6215 0.999999 0.999999 1.38e-07 0 1
0.6225 0.999999 0.999999 1.38e-07 0 1
0.6235 0.999999 0.999999 1.38e-07 0 1
0.6245 0.999999 0.999999 1.38e-07 0 1
0.6255 0.999999 0.999999 1.38e-07 0 1
0.6265 0.999999 0.999999 1.38e-07 0 1
0.6275 0.999999 0.999999 1.38e-07 0 1
0.6285 0.999999 0.999999 1.38e-07 0 1
0.6295 0.999999 0.999999 1.38e-07 0 1
0.6305 0.999999 0.999999 1.38e-07 0 1
0.6315 0.999999 0.999999 1.38e-07 0 1
0.6325 0.999999 0.999999 1.38e-07 0 1
0.6335 0.999999 0.999999 1.38e-07 0 1
0.6345 0.999999 0.999999 1.38e-07 0 1
0.6355 0.999999 0.999999 1.38e-07 0 1
0.6365 0.999999 0.999999 1.38e-07 0 1
0.6375 0.999999 0.999999 1.38e-07 0 1
0.6385 0.999999 0.999999 1.38e-07 0 1
0.6395 0.999999 0.999999 1.38e-07 0 1
0.6405 0.999999 0.999999 1.38e-07 0 1
0.6415 0.999999 0.999999 1.38e-07 0 1
0.6425 0.999999 0.999999 1.38e-07 0 1
0.6435 0.999999 0.999999 1.38e-07 0 1
0.6445 0.999999 0.999999 1.38e-07 0 1
0.6455 0.999999 0.999999 1.38e-07 0 1
0.6465 0.999999 0.999999 1.38e-07 0 1
0.6475 0.999999 0.999999 1.38e-07 0 1
0.6485 0.999999 0.999999 1.38e-07 0 1
0.6495 0.999999 0.999999 1.38e-07 0 1
0.6505 0.999999 0.999999 1.38e-07 0 1
0.6515 0.999999 0.999999 1.38e-07 0 1
0.6525 0.999999 0.999999 1.38e-07 0 1
0.6535 0.999999 0.999999 1.38e-07 0 1
0.6545 0.999999 0.999999 1.38e-07 0 1
0.6555 0.999999 0.999999 1.38e-07 0 1
0.6565 0.999999 0.999999 1.38e-07 0 1
0.6575 0.999999 0.999999 1.38e-07 0 1
0.6585 0.999999 0.999999 1.38e-07 0 1
0.6595 0.999999 0.999999 1.38e-07 0 1
0.6605 0.999999 0.999999 1.38e-07 0 1
0.6615 0.999999 0.999999 1.38e-07 0 1
0.6625 0.999999 0.999999 1.38e-07 0 1
0.6635 0.999999 0.999999 1.38e-07 0 1
0.6645 0.999999 0.999999 1.38e-07 0 1
0.6655 0.999999 0.999999 1.38e-07 0 1
0.6665 0.999999 0.999999 1.38e-07 0 1
0.6675 0.999999 0.999999 1.38e-07 0 1
0.6685 0.999999 0.999999 1.38e-07 0 1
0.6695 0.999999 0.999999 1.38e-07 0 1
0.6705 0.999999 0.999999 1.38e-07 0 1
0.6715 0.999999 0.999999 1.38e-07 0 1
0.6725 0.999999 0.999999 1.38e-07 0 1
0.6735 0.999999 0.999999 1.38e-07 0 1
0.6745 0.999999 0.999999 1.38e-07 0 1
0.6755 0.999999 0.999999 1.38e-07 0 1
0.6765 0.999999 0.999999 1.38e-07 0 1
0.6775 0.999999 0.999999 1.38e-07 0 1
0.6785 0.999999 0.999999 1.38e-07 0 1
0.6795 0.999999 0.999999 1.38e-07 0 1
0.6805 0.999999 0.999999 1.38e-07 0 1
0.6815 0.999999 0.999999 1.38e-07 0 1
0.6825 0.999999 0.999999 1.38e-07 0 1
0.6835 0.999999 0.999999 1.38e-07 0 1
0.6845 0.999999 0.999999 1.38e-07 0 1
0.6855 0.999999 0.999999 1.38e-07 0 1
0.6865 0.999999 0.999999 1.38e-07 0 1
0.6875 0.999999 0.999999 1.38e-07 0 1
0.6885 0.999999 0.999999 1.38e-07 0 1
0.6895 0.999999 0.999999 1.38e-07 0 1
0.6905 0.999999 0.999999 1.38e-07 0 1
0.6915 0.999999 0.999999 1.38e-07 0 1
0.6925 0.999999 0.999999 1.38e-07 0 1
0.6935 0.999999 0.999999 1.38e-07 0 1
0.6945 0.999999 0.999999 1.38e-07 0 1
0.6955 0.999999 0.999999 1.38e-07 0 1
0.6965 0.999999 0.999999 1.38e-07 0 1
0.6975 0.999999 0.999999 1.38e-07 0 1
0.6985 0.999999 0.999999 1.38e-07 0 1
0.6995 0.999999 0.999999 1.38e-07 0 1
0.7005 0.999999 0.999999 1.38e-07 0 1
0.7015 0.999999 0.999999 1.38e-07 0 1
0.7025 0.999999 0.999999 1.38e-07 0 1
0.7035 0.999999 0.999999 1.38e-07 0 1
0.7045 0.999999 0.999999 1.38e-07 0 1
0.7055 0.999999 0.999999 1.38e-07 0 1
0.7065 0.999999 0.999999 1.38e-07 0 1
0.7075 0.999999 0.999999 1.38e-07 0 1
0.7085 0.999999 0.999999 1.38e-07 0 1
0.7095 0.999999 0.999999 1.38e-07 0 1
0.7105 0.999999 0.999999 1.38e-07 0 1
0.7115 0.999999 0.999999 1.38e-07 0 1
0.7125 0.999999 0.999999 1.38e-07 0 1
0.7135 0.999999 0.999999 1.38e-07 0 1
0.7145 0.999999 0.999999 1.38e-07 0 1
0.7155 0.999999 0.999999 1.38e-07 0 1
0.7165 0.999999 0.999999 1.38e-07 0 1
0.7175 0.999999 0.999999 1.38e-07 0 1
0.7185 0.999999 0.999999 1.38e-07 0 1
0.7195 0.999999 0.999999 1.38e-07 0 1
0.7205 0.999999 0.999999 1.38e-07 0 1
0.7215 0.999999 0.999999 1.38e-07 0 1
0.7225 0.999999 0.999999 1.38e-07 0 1
0.7235 0.999999 0.999999 1.38e-07 0 1
0.7245 0.999999 0.999999 1.38e-07 0 1
0.7255 0.999999 0.999999 1.38e-07 0 1
0.7265 0.999999 0.999999 1.38e-07 0 1
0.7275 0.999999 0.999999 1.38e-07 0 1
0.7285 0.999999 0.999999 1.38e-07 0 1
0.7295 0.999999 0.999999 1.38e-07 0 1
0.7305 0.999999 0.999999 1.38e-07 0 1
0.7315 0.999999 0.999999 1.38e-07 0 1
0.7325 0.999999 0.999999 1.38e-07 0 1
0.7335 0.999999 0.999999 1.38e-07 0 1
0.7345 0.999999 0.999999 1.38e-07 0 1
0.7355 0.999999 0.999999 1.38e-07 0 1
0.7365 0.999999 0.999999 1.38e-07 0 1
0.7375 0.999999 0.999999 1.38e-07 0 1
0.7385 0.999999 0.999999 1.38e-07 0 1
0.7395 0.999999 0.999999 1.38e-07 0 1
0.7405 0.999999 0.999999 1.38e-07 0 1
0.7415 0.999999 0.999999 1.38e-07 0 1
0.7425 0.999999 0.999999 1.38e-07 0 1
0.7435 0.999999 0.999999 1.38e-07 0 1
0.7445 0.999999 0.999999 1.38e-07 0 1
0.7455 0.999999 0.999999 1.38e-07 0 1
0.7465 0.999999 0.999999 1.38e-07 0 1
0.7475 0.999999 0.999999 1.38e-07 0 1
0.7485 0.999999 0.999999 1.38e-07 0 1
0.7495 0.999999 0.999999 1.38e-07 0 1
0.7505 0.999999 0.999999 1.38e-07 0 1
0.7515 0.999999 0.999999 1.38e-07 0 1
0.7525 0.999999 0.999999 1.38e-07 0 1
0.7535 0.999999 0.999999 1.38e-07 0 1
0.7545 0.999999 0.999999 1.38e-07 0 1
0.7555 0.999999 0.999999 1.38e-07 0 1
0.7565 0.999999 0.999999 1.38e-07 0 1
0.7575 0.999999 0.999999 1.38e-07 0 1
0.7585 0.999999 0.999999 1.38e-07 0 1
0.7595 0.999999 0.999999 1.38e-07 0 1
0.7605 0.999999 0.999999 1.38e-07 0 1
0.7615 0.999999 0.999999 1.38e-07 0 1
0.7625 0.999999 0.999999 1.38e-07 0 1
0.7635 0.999999 0.999999 1.38e-07 0 1
0.7645 0.999999 0.999999 1.38e-07 0 1
0.7655 0.999999 0.999999 1.38e-07 0 1
0.7665 0.999999 0.999999 1.38e-07 0 1
0.7675 0.999999 0.999999 1.38e-07 0 1
0.7685 0.999999 0.999999 1.38e-07 0 1
0.7695 0.999999 0.999999 1.38e-07 0 1
0.7705 0.999999 0.999999 1.38e-07 0 1
0.7715 0.999999 0.999999 1.38e-07 0 1
0.7725 0.999999 0.999999 1.38e-07 0 1
0.7735 0.999999 0.999999 1.38e-07 0 1
0.7745 0.999999 0.999999 1.38e-07 0 1
0.7755 0.999999 0.999999 1.38e-07 0 1
0.7765 0.999999 0.999999 1.38e-07 0 1
0.7775 0.999999 0.999999 1.38e-07 0 1
0.7785 0.999999 0.999999 1.38e-07 0 1
0.7795 0.999999 0.999999 1.38e-07 0 1
0.7805 0.999999 0.999999 1.38e-07 0 1
0.7815 0.999999 0.999999 1.38e-07 0 1
0.7825 0.999999 0.999999 1.38e-07 0 1
0.7835 0.999999 0.999999 1.38e-07 0 1
0.7845 0.999999 0.999999 1.38e-07 0 1
0.7855 0.999999 0.999999 1.38e-07 0 1
0.7865 0.999999 0.999999 1.38e-07 0 1
0.7875 0.999999 0.999999 1.38e-07 0 1
0.7885 0.999999 0.999999 1.38e-07 0 1
0.7895 0.999999 0.999999 1.38e-07 0 1
0.7905 0.999999 0.999999 1.38e-07 0 1
0.7915 0.999999 0.999999 1.38e-07 0 1
0.7925 0.999999 0.999999 1.38e-07 0 1
0.7935 0.999999 0.999999 1.38e-07 0 1
0.7945 0.999999 0.999999 1.38e-07 0 1
0.7955 0.999999 0.999999 1.38e-07 0 1
0.7965 0.999999 0.999999 1.38e-07 0 1
0.7975 0.999999 0.999999 1.38e-07 0 1
0.7985 0.999999 0.999999 1.38e-07 0 1
0.7995 0.999999 0.999999 1.38e-07 0 1
0.8005 0.999999 0.999999 1.38e-07 0 1
0.8015 0.999999 0.999999 1.38e-07 0 1
0.8025 0.999999 0.999999 1.38e-07 0 1
0.8035 0.999999 0.999999 1.38e-07 0 1
0.8045 0.999999 0.999999 1.38e-07 0 1
0.8055 0.999999 0.999999 1.38e-07 0 1
0.8065 0.999999 0.999999 1.38e-07 0 1
0.8075 0.999999 0.999999 1.38e-07 0 1
0.8085 0.999999 0.999999 1.38e-07 0 1
0.8095 0.999999 0.999999 1.38e-07 0 1
0.8105 0.999999 0.999999 1.38e-07 0 1
0.8115 0.999999 0.999999 1.38e-07 0 1
0.8125 0.999999 0.999999 1.38e-07 0 1
0.8135 0.999999 0.999999 1.38e-07 0 1
0.8145 0.999999 0.999999 1.38e-07 0 1
0.8155 0.999999 0.999999 1.38e-07 0 1
0.8165 0.999999 0.999999 1.38e-07 0 1
0.8175 0.999999 0.999999 1.38e-07 0 1
0.8185 0.999999 0.999999 1.38e-07 0 1
0.8195 0.999999 0.999999 1.38e-07 0 1
0.8205 0.999999 0.999999 1.38e-07 0 1
0.8215 0.999999 0.999999 1.38e-07 0 1
0.8225 0.999999 0.999999 1.38e-07 0 1
0.8235 0.999999 0.999999 1.38e-07 0 1
0.8245 0.999999 0.999999 1.38e-07 0 1
0.8255 0.999999 0.999999 1.38e-07 0 1
0.8265 0.999999 0.999999 1.38e-07 0 1
0.8275 0.999999 0.999999 1.38e-07 0 1
0.8285 0.999999 0.999999 1.38e-07 0 1
0.8295 0.999999 0.999999 1.38e-07 0 1
0.8305 0.999999 0.999999 1.38e-07 0 1
0.8315 0.999999 0.999999 1.38e-07 0 1
0.8325 0.999999 0.999999 1.38e-07 0 1
0.8335 0.999999 0.999999 1.38e-07 0 1
0.8345 0.999999 0.999999 1.38e-07 0 1
0.8355 0.999999 0.999999 1.38e-07 0 1
0.8365 0.999999 0.999999 1.38e-07 0 1
0.8375 0.999999 0.999999 1.38e-07 0 1
0.8385 0.999999 0.999999 1.38e-07 0 1
0.8395 0.999999 0.999999 1.38e-07 0 1
0.8405 0.999999 0.999999 1.38e-07 0 1
0.8415 0.999999 0.999999 1.38e-07 0 1
0.8425 0.999999 0.999999 1.38e-07 0 1
0.8435 0.999999 0.999999 1.38e-07 0 1
0.8445 0.999999 0.999999 1.38e-07 0 1
0.8455 0.999999 0.999999 1.38e-07 0 1
0.8465 0.999999 0.999999 1.38e-07 0 1
0.8475 0.999999 0.999999 1.38e-07 0 1
0.8485 0.999999 0.999999 1.38e-07 0 1
0.8495 0.999999 0.999999 1.38e-07 0 1
0.8505 0.999999 0.999999 1.38e-07 0 1
0.8515 0.999999 0.999999 1.38e-07 0 1
0.8525 0.999999 0.999999 1.38e-07 0 1
0.8535 0.999999 0.999999 1.38e-07 0 1
0.8545 0.999999 0.999999 1.38e-07 0 1
0.8555 0.999999 0.999999 1.38e-07 0 1
0.8565 0.999999 0.999999 1.38e-07 0 1
0.8575 0.999999 0.999999 1.38e-07 0 1
0.8585 0.999999 0.999999 1.38e-07 0 1
0.8595 0.999999 0.999999 1.38e-07 0 1
0.8605 0.999999 0.999999 1.38e-07 0 1
0.8615 0.999999 0.999999 1.38e-07 0 1
0.8625 0.999999 0.999999 1.38e-07 0 1
0.8635 0.999999 0.999999 1.38e-07 0 1
0.8645 0.999999 0.999999 1.38e-07 0 1
0.8655 0.999999 0.999999 1.38e-07 0 1
0.8665 0.999999 0.999999 1.38e-07 0 1
0.8675 0.999999 0.999999 1.38e-07 0 1
0.8685 0.999999 0.999999 1.38e-07 0 1
0.8695 0.999999 0.999999 1.38e-07 0 1
0.8705 0.999999 0.999999 1.38e-07 0 1
0.8715 0.999999 0.999999 1.38e-07 0 1
0.8725 0.999999 0.999999 1.38e-07 0 1
0.8735 0.999999 0.999999 1.38e-07 0 1
0.8745 0.999999 0.999999 1.38e-07 0 1
0.8755 0.999999 0.999999 1.38e-07 0 1
0.8765 0.999999 0.999999 1.38e-07 0 1
0.8775 0.999999 0.999999 1.38e-07 0 1
0.8785 0.999999 0.999999 1.38e-07 0 1
0.8795 0.999999 0.999999 1.38e-07 0 1
0.8805 0.999999 0.999999 1.38e-07 0 1
0.8815 0.999999 0.999999 1.38e-07 0 1
0.8825 0.999999 0.999999 1.38e-07 0 1
0.8835 0.999999 0.999999 1.38e-07 0 1
0.8845 0.999999 0.999999 1.38e-07 0 1
0.8855 0.999999 0.999999 1.38e-07 0 1
0.8865 0.999999 0.999999 1.38e-07 0 1
0.8875 0.999999 0.999999 1.38e-07 0 1
0.8885 0.999999 0.999999 1.38e-07 0 1
0.8895 0.999999 0.999999 1.38e-07 0 1
0.8905 0.999999 0.999999 1.38e-07 0 1
0.8915 0.999999 0.999999 1.38e-07 0 1
0.8925 0.999999 0.999999 1.38e-07 0 1
0.8935 0.999999 0.999999 1.38e-07 0 1
0.8945 0.999999 0.999999 1.38e-07 0 1
0.8955 0.999999 0.999999 1.38e-07 0 1
0.8965 0.999999 0.999999 1.38e-07 0 1
0.8975 0.999999 0.999999 1.38e-07 0 1
0.8985 0.999999 0.999999 1.38e-07 0 1
0.8995 0.999999 0.999999 1.38e-07 0 1
0.9005 0.999999 0.999999 1.38e-07 0 1
0.9015 0.999999 0.999999 1.38e-07 0 1
0.9025 0.999999 0.999999 1.38e-07 0 1
0.9035 0.999999 0.999999 1.38e-07 0 1
0.9045 0.999999 0.999999 1.38e-07 0 1
0.9055 0.999999 0.999999 1.38e-07 0 1
0.9065 0.999999 0.999999 1.38e-07 0 1
0.9075 0.999999 0.999999 1.38e-07 0 1
0.9085 0.999999 0.999999 1.38e-07 0 1
0.9095 0.999999 0.999999 1.38e-07 0 1
0.9105 0.999999 0.999999 1.38e-07 0 1
0.9115 0.999999 0.999999 1.38e-07 0 1
0.9125 0.999999 0.999999 1.38e-07 0 1
0.9135 0.999999 0.999999 1.38e-07 0 1
0.9145 0.999999 0.999999 1.38e-07 0 1
0.9155 0.999999 0.999999 1.38e-07 0 1
0.9165 0.999999 0.999999 1.38e-07 0 1
0.9175 0.999999 0.999999 1.38e-07 0 1
0.9185 0.999999 0.999999 1.38e-07 0 1
0.9195 0.999999 0.999999 1.38e-07 0 1
0.9205 0.999999 0.999999 1.38e-07 0 1
0.9215 0.999999 0.999999 1.38e-07 0 1
0.9225 0.999999 0.999999 1.38e-07 0 1
0.9235 0.999999 0.999999 1.38e-07 0 1
0.9245 0.999999 0.999999 1.38e-07 0 1
0.9255 0.999999 0.999999 1.38e-07 0 1
0.9265 0.999999 0.999999 1.38e-07 0 1
0.9275 0.999999 0.999999 1.38e-07 0 1
0.9285 0.999999 0.999999 1.38e-07 0 1
0.9295 0.999999 0.999999 1.38e-07 0 1
0.9305 0.999999 0.999999 1.38e-07 0 1
0.9315 0.999999 0.999999 1.38e-07 0 1
0.9325 0.999999 0.999999 1.38e-07 0 1
0.9335 0.999999 0.999999 1.38e-07 0 1
0.9345 0.999999 0.999999 1.38e-07 0 1
0.9355 0.999999 0.999999 1.38e-07 0 1
0.9365 0.999999 0.999999 1.38e-07 0 1
0.9375 0.999999 0.999999 1.38e-07 0 1
0.9385 0.999999 0.999999 1.38e-07 0 1
0.9395 0.999999 0.999999 1.38e-07 0 1
0.9405 0.999999 0.999999 1.38e-07 0 1
0.9415 0.999999 0.999999 1.38e-07 0 1
0.9425 0.999999 0.999999 1.38e-07 0 1
0.9435 0.999999 0.999999 1.38e-07 0 1
0.9445 0.999999 0.999999 1.38e-07 0 1
0.9455 0.999999 0.999999 1.38e-07 0 1
0.9465 0.999999 0.999999 1.38e-07 0 1
0.9475 0.999999 0.999999 1.38e-07 0 1
0.9485 0.999999 0.999999 1.38e-07 0 1
0.9495 0.999999 0.999999 1.38e-07 0 1
0.9505 0.999999 0.999999 1.38e-07 0 1
0.9515 0.999999 0.999999 1.38e-07 0 1
0.9525 0.999999 0.999999 1.38e-07 0 1
0.9535 0.999999 0.999999 1.38e-07 0 1
0.9545 0.999999 0.999999 1.38e-07 0 1
0.9555 0.999999 0.999999 1.38e-07 0 1
0.9565 0.999999 0.999999 1.38e-07 0 1
0.9575 0.999999 0.999999 1.38e-07 0 1
0.9585 0.999999 0.999999 1.38e-07 0 1
0.9595 0.999999 0.999999 1.38e-07 0 1
0.9605 0.999999 0.999999 1.38e-07 0 1
0.9615 0.999999 0.999999 1.38e-07 0 1
0.9625 0.999999 0.999999 1.38e-07 0 1
0.9635 0.999999 0.999999 1.38e-07 0 1
0.9645 0.999999 0.999999 1.38e-07 0 1
0.9655 0.999999 0.999999 1.38e-07 0 1
0.9665 0.999999 0.999999 1.38e-07 0 1
0.9675 0.999999 0.999999 1.38e-07 0 1
0.9685 0.999999 0.999999 1.38e-07 0 1
0.9695 0.999999 0.999999 1.38e-07 0 1
0.9705 0.999999 0.999999 1.38e-07 0 1
0.9715 0.999999 0.999999 1.38e-07 0 1
0.9725 0.999999 0.999999 1.38e-07 0 1
0.9735 0.999999 0.999999 1.38e-07 0 1
0.9745 0.999999 0.999999 1.38e-07 0 1
0.9755 0.999999 0.999999 1.38e-07 0 1
0.9765 0.999999 0.999999 1.38e-07 0 1
0.9775 0.999999 0.999999 1.38e-07 0 1
0.9785 0.999999 0.999999 1.38e-07 0 1
0.9795 0.999999 0.999999 1.38e-07 0 1
0.9805 0.999999 0.999999 1.38e-07 0 1
0.9815 0.999999 0.999999 1.38e-07 0 1
0.9825 0.999999 0.999999 1.38e-07 0 1
0.9835 0.999999 0.999999 1.38e-07 0 1
0.9845 0.999999 0.999999 1.38e-07 0 1
0.9855 0.999999 0.999999 1.38e-07 0 1
0.9865 0.999999 0.999999 1.38e-07 0 1
0.9875 0.999999 0.999999 1.38e-07 0 1
0.9885 0.999999 0.999999 1.38e-07 0 1
0.9895 0.999999 0.999999 1.38e-07 0 1
0.9905 0.999999 0.999999 1.38e-07 0 1
0.9915 0.999999 0.999999 1.38e-07 0 1
0.9925 0.999999 0.999999 1.38e-07 0 1
0.9935 0.999999 0.999999 1.38e-07 0 1
0.9945 0.999999 0.999999 1.38e-07 0 1
0.9955 0.999999 0.999999 1.38e-07 0 1
0.9965 0.999999 0.999999 1.38e-07 0 1
0.9975 0.999999 0.999999 1.38e-07 0 1
0.9985 0.999999 0.999999 1.38e-07 0 1
0.9995 0.999999 0.999999 1.38e-07 0 1
