x alpha rho1 rho2 v p
0.0005 0.999999 1.3765 1.38e-07 0.3948 1.57
0.0015 0.999999 1.3765 1.38e-07 0.3948 1.57
0.0025 0.999999 1.3765 1.38e-07 0.3948 1.57
0.0035 0.999999 1.3765 1.38e-07 0.3948 1.57
0.0045 0.999999 1.3765 1.38e-07 0.3948 1.57
0.0055 0.999999 1.3765 1.38e-07 0.3948 1.57
0.0065 0.999999 1.3765 1.38e-07 0.3948 1.57
0.0075 0.999999 1.3765 1.38e-07 0.3948 1.57
0.0085 0.999999 1.3765 1.38e-07 0.3948 1.57
0.0095 0.999999 1.3765 1.38e-07 0.3948 1.57
0.0105 0.999999 1.3765 1.38e-07 0.3948 1.57
0.0115 0.999999 1.3765 1.38e-07 0.3948 1.57
0.0125 0.999999 1.3765 1.38e-07 0.3948 1.57
0.0135 0.999999 1.3765 1.38e-07 0.3948 1.57
0.0145 0.999999 1.3765 1.38e-07 0.3948 1.57
0.0155 0.999999 1.3765 1.38e-07 0.3948 1.57
0.0165 0.999999 1.3765 1.38e-07 0.3948 1.57
0.0175 0.999999 1.3765 1.38e-07 0.3948 1.57
0.0185 0.999999 1.3765 1.38e-07 0.3948 1.57
0.0195 0.999999 1.3765 1.38e-07 0.3948 1.57
0.0205 0.999999 1.3765 1.38e-07 0.3948 1.57
0.0215 0.999999 1.3765 1.38e-07 0.3948 1.57
0.0225 0.999999 1.3765 1.38e-07 0.3948 1.57
0.0235 0.999999 1.3765 1.38e-07 0.3948 1.57
0.0245 0.999999 1.3765 1.38e-07 0.3948 1.57
0.0255 0.999999 1.3765 1.38e-07 0.3948 1.57
0.0265 0.999999 1.3765 1.38e-07 0.3948 1.57
0.0275 0.999999 1.3765 1.38e-07 0.3948 1.57
0.0285 0.999999 1.3765 1.38e-07 0.3948 1.57
0.0295 0.999999 1.3765 1.38e-07 0.3948 1.57
0.0305 0.999999 1.3765 1.38e-07 0.3948 1.57
0.0315 0.999999 1.3765 1.38e-07 0.3948 1.57
0.0325 0.999999 1.3765 1.38e-07 0.3948 1.57
0.0335 0.999999 1.3765 1.38e-07 0.3948 1.57
0.0345 0.999999 1.3765 1.38e-07 0.3948 1.57
0.0355 0.999999 1.3765 1.38e-07 0.3948 1.57
0.0365 0.999999 1.3765 1.38e-07 0.3948 1.57
0.0375 0.999999 1.3765 1.38e-07 0.3948 1.57
0.0385 0.999999 1.3765 1.38e-07 0.3948 1.57
0.0395 0.999999 1.3765 1.38e-07 0.3948 1.57
0.0405 0.999999 1.3765 1.38e-07 0.3948 1.57
0.0415 0.999999 1.3765 1.38e-07 0.3948 1.57
0.0425 0.999999 1.3765 1.38e-07 0.3948 1.57
0.0435 0.999999 1.3765 1.38e-07 0.3948 1.57
0.0445 0.999999 1.3765 1.38e-07 0.3948 1.57
0.0455 0.999999 1.3765 1.38e-07 0.3948 1.57
0.0465 0.999999 1.3765 1.38e-07 0.3948 1.57
0.0475 0.999999 1.3765 1.38e-07 0.3948 1.57
0.0485 0.999999 1.3765 1.38e-07 0.3948 1.57
0.0495 0.999999 1.3765 1.38e-07 0.3948 1.57
0.0505 0.999999 1.3765 1.38e-07 0.3948 1.57
0.0515 0.999999 1.3765 1.38e-07 0.3948 1.57
0.0525 0.999999 1.3765 1.38e-07 0.3948 1.57
0.0535 0.999999 1.3765 1.38e-07 0.3948 1.57
0.0545 0.999999 1.3765 1.38e-07 0.3948 1.57
0.0555 0.999999 1.3765 1.38e-07 0.3948 1.57
0.0565 0.999999 1.3765 1.38e-07 0.3948 1.57
0.0575 0.999999 1.3765 1.38e-07 0.3948 1.57
0.0585 0.999999 1.3765 1.38e-07 0.3948 1.57
0.0595 0.999999 1.3765 1.38e-07 0.3948 1.57
0.0605 0.999999 1.3765 1.38e-07 0.3948 1.57
0.0615 0.999999 1.3765 1.38e-07 0.3948 1.57
0.0625 0.999999 1.3765 1.38e-07 0.3948 1.57
0.0635 0.999999 1.3765 1.38e-07 0.3948 1.57
0.0645 0.999999 1.3765 1.38e-07 0.3948 1.57
0.0655 0.999999 1.3765 1.38e-07 0.3948 1.57
0.0665 0.999999 1.3765 1.38e-07 0.3948 1.57
0.0675 0.999999 1.3765 1.38e-07 0.3948 1.57
0.0685 0.999999 1.3765 1.38e-07 0.3948 1.57
0.0695 0.999999 1.3765 1.38e-07 0.3948 1.57
0.0705 0.999999 1.3765 1.38e-07 0.3948 1.57
0.0715 0.999999 1.3765 1.38e-07 0.3948 1.57
0.0725 0.999999 1.3765 1.38e-07 0.3948 1.57
0.0735 0.999999 1.3765 1.38e-07 0.3948 1.57
0.0745 0.999999 1.3765 1.38e-07 0.3948 1.57
0.0755 0.999999 1.3765 1.38e-07 0.3948 1.57
0.0765 0.999999 1.3765 1.38e-07 0.3948 1.57
0.0775 0.999999 1.3765 1.38e-07 0.3948 1.57
0.0785 0.999999 1.3765 1.38e-07 0.3948 1.57
0.0795 0.999999 1.3765 1.38e-07 0.3948 1.57
0.0805 0.999999 1.3765 1.38e-07 0.3948 1.57
0.0815 0.999999 1.3765 1.38e-07 0.3948 1.57
0.0825 0.999999 1.3765 1.38e-07 0.3948 1.57
0.0835 0.999999 1.3765 1.38e-07 0.3948 1.57
0.0845 0.999999 1.3765 1.38e-07 0.3948 1.57
0.0855 0.999999 1.3765 1.38e-07 0.3948 1.57
0.0865 0.999999 1.3765 1.38e-07 0.3948 1.57
0.0875 0.999999 1.3765 1.38e-07 0.3948 1.57
0.0885 0.999999 1.3765 1.38e-07 0.3948 1.57
0.0895 0.999999 1.3765 1.38e-07 0.3948 1.57
0.0905 0.999999 1.3765 1.38e-07 0.3948 1.57
0.0915 0.999999 1.3765 1.38e-07 0.3948 1.57
0.0925 0.999999 1.3765 1.38e-07 0.3948 1.57
0.0935 0.999999 1.3765 1.38e-07 0.3948 1.57
0.0945 0.999999 1.3765 1.38e-07 0.3948 1.57
0.0955 0.999999 1.3765 1.38e-07 0.3948 1.57
0.0965 0.999999 1.3765 1.38e-07 0.3948 1.57
0.0975 0.999999 1.3765 1.38e-07 0.3948 1.57
0.0985 0.999999 1.3765 1.38e-07 0.3948 1.57
0.0995 0.999999 1.3765 1.38e-07 0.3948 1.57
0.1005 0.999999 1.3765 1.38e-07 0.3948 1.57
0.1015 0.999999 1.3765 1.38e-07 0.3948 1.57
0.1025 0.999999 1.3765 1.38e-07 0.3948 1.57
0.1035 0.999999 1.3765 1.38e-07 0.3948 1.57
0.1045 0.999999 1.3765 1.38e-07 0.3948 1.57
0.1055 0.999999 1.3765 1.38e-07 0.3948 1.57
0.1065 0.999999 1.3765 1.38e-07 0.3948 1.57
0.1075 0.999999 1.3765 1.38e-07 0.3948 1.57
0.1085 0.999999 1.3765 1.38e-07 0.3948 1.57
0.1095 0.999999 1.3765 1.38e-07 0.3948 1.57
0.1105 0.999999 1.3765 1.38e-07 0.3948 1.57
0.1115 0.999999 1.3765 1.38e-07 0.3948 1.57
0.1125 0.999999 1.3765 1.38e-07 0.3948 1.57
0.1135 0.999999 1.3765 1.38e-07 0.3948 1.57
0.1145 0.999999 1.3765 1.38e-07 0.3948 1.57
0.1155 0.999999 1.3765 1.38e-07 0.3948 1.57
0.1165 0.999999 1.3765 1.38e-07 0.3948 1.57
0.1175 0.999999 1.3765 1.38e-07 0.3948 1.57
0.1185 0.999999 1.3765 1.38e-07 0.3948 1.57
0.1195 0.999999 1.3765 1.38e-07 0.3948 1.57
0.1205 0.999999 1.3765 1.38e-07 0.3948 1.57
0.1215 0.999999 1.3765 1.38e-07 0.3948 1.57
0.1225 0.999999 1.3765 1.38e-07 0.3948 1.57
0.1235 0.999999 1.3765 1.38e-07 0.3948 1.57
0.1245 0.999999 1.3765 1.38e-07 0.3948 1.57
0.1255 0.999999 1.3765 1.38e-07 0.3948 1.57
0.1265 0.999999 1.3765 1.38e-07 0.3948 1.57
0.1275 0.999999 1.3765 1.38e-07 0.3948 1.57
0.1285 0.999999 1.3765 1.38e-07 0.3948 1.57
0.1295 0.999999 1.3765 1.38e-07 0.3948 1.57
0.1305 0.999999 1.3765 1.38e-07 0.3948 1.57
0.1315 0.999999 1.3765 1.38e-07 0.3948 1.57
0.1325 0.999999 1.3765 1.38e-07 0.3948 1.57
0.1335 0.999999 1.3765 1.38e-07 0.3948 1.57
0.1345 0.999999 1.3765 1.38e-07 0.3948 1.57
0.1355 0.999999 1.3765 1.38e-07 0.3948 1.57
0.1365 0.999999 1.3765 1.38e-07 0.3948 1.57
0.1375 0.999999 1.3765 1.38e-07 0.3948 1.57
0.1385 0.999999 1.3765 1.38e-07 0.3948 1.57
0.1395 0.999999 1.3765 1.38e-07 0.3948 1.57
0.1405 0.999999 1.3765 1.38e-07 0.3948 1.57
0.1415 0.999999 1.3765 1.38e-07 0.3948 1.57
0.1425 0.999999 1.3765 1.38e-07 0.3948 1.57
0.1435 0.999999 1.3765 1.38e-07 0.3948 1.57
0.1445 0.999999 1.3765 1.38e-07 0.3948 1.57
0.1455 0.999999 1.3765 1.38e-07 0.3948 1.57
0.1465 0.999999 1.3765 1.38e-07 0.3948 1.57
0.1475 0.999999 1.3765 1.38e-07 0.3948 1.57
0.1485 0.999999 1.3765 1.38e-07 0.3948 1.57
0.1495 0.999999 1.3765 1.38e-07 0.3948 1.57
0.1505 0.999999 1.3765 1.38e-07 0.3948 1.57
0.1515 0.999999 1.3765 1.38e-07 0.3948 1.57
0.1525 0.999999 1.3765 1.38e-07 0.3948 1.57
0.1535 0.999999 1.3765 1.38e-07 0.3948 1.57
0.1545 0.999999 1.3765 1.38e-07 0.3948 1.57
0.1555 0.999999 1.3765 1.38e-07 0.3948 1.57
0.1565 0.999999 1.3765 1.38e-07 0.3948 1.57
0.1575 0.999999 1.3765 1.38e-07 0.3948 1.57
0.1585 0.999999 1.3765 1.38e-07 0.3948 1.57
0.1595 0.999999 1.3765 1.38e-07 0.3948 1.57
0.1605 0.999999 1.3765 1.38e-07 0.3948 1.57
0.1615 0.999999 1.3765 1.38e-07 0.3948 1.57
0.1625 0.999999 1.3765 1.38e-07 0.3948 1.57
0.1635 0.999999 1.3765 1.38e-07 0.3948 1.57
0.1645 0.999999 1.3765 1.38e-07 0.394801 1.57
0.1655 0.999999 1.3765 1.38e-07 0.394801 1.57
0.1665 1 1.3765 1.38e-07 0.394802 1.57
0.1675 1 1.3765 1.38e-07 0.394803 1.57
0.1685 1 1.37649 1.38e-07 0.394804 1.56999
0.1695 1 1.37649 1.37999e-07 0.394806 1.56999
0.1705 1 1.37649 1.37999e-07 0.394809 1.56998
0.1715 1 1.37649 1.37999e-07 0.394813 1.56998
0.1725 1 1.37648 1.37998e-07 0.394818 1.56997
0.1735 1 1.37647 1.37997e-07 0.394825 1.56996
0.1745 1.00001 1.37646 1.37996e-07 0.394833 1.56994
0.1755 1.00001 1.37645 1.37995e-07 0.394844 1.56992
0.1765 1.00001 1.37644 1.37994e-07 0.394858 1.5699
0.1775 1.00001 1.37642 1.37992e-07 0.394874 1.56987
0.1785 1.00002 1.3764 1.3799e-07 0.394894 1.56983
0.1795 1.00002 1.37637 1.37988e-07 0.394917 1.56979
0.1805 1.00002 1.37635 1.37985e-07 0.394944 1.56974
0.1815 1.00002 1.37631 1.37981e-07 0.394974 1.56969
0.1825 1.00003 1.37628 1.37978e-07 0.395008 1.56963
0.1835 1.00003 1.37624 1.37974e-07 0.395046 1.56956
0.1845 1.00003 1.37619 1.37969e-07 0.395086 1.56949
0.1855 1.00003 1.37615 1.37965e-07 0.395129 1.56942
0.1865 1.00003 1.3761 1.3796e-07 0.395173 1.56934
0.1875 1.00003 1.37605 1.37955e-07 0.395218 1.56926
0.1885 1.00003 1.376 1.3795e-07 0.395263 1.56918
0.1895 1.00003 1.37595 1.37945e-07 0.395307 1.56911
0.1905 1.00003 1.37591 1.37941e-07 0.395348 1.56904
0.1915 1.00003 1.37587 1.37937e-07 0.395386 1.56897
0.1925 1.00003 1.37583 1.37933e-07 0.39542 1.56891
0.1935 1.00002 1.3758 1.3793e-07 0.395449 1.56886
0.1945 1.00002 1.37577 1.37927e-07 0.395473 1.56883
0.1955 1.00001 1.37575 1.37925e-07 0.39549 1.5688
0.1965 1.00001 1.37574 1.37924e-07 0.395501 1.56878
0.1975 1 1.37573 1.37923e-07 0.395506 1.56877
0.1985 0.999997 1.37573 1.37923e-07 0.395505 1.56877
0.1995 0.999993 1.37574 1.37924e-07 0.395499 1.56879
0.2005 0.999989 1.37575 1.37925e-07 0.395487 1.56881
0.2015 0.999986 1.37576 1.37926e-07 0.395471 1.56884
0.2025 0.999983 1.37579 1.37929e-07 0.395452 1.56887
0.2035 0.999981 1.37581 1.37931e-07 0.39543 1.56891
0.2045 0.99998 1.37584 1.37933e-07 0.395406 1.56895
0.2055 0.999979 1.37586 1.37936e-07 0.39538 1.569
0.2065 0.999978 1.37589 1.37939e-07 0.395354 1.56904
0.2075 0.999978 1.37592 1.37942e-07 0.395328 1.56909
0.2085 0.999979 1.37595 1.37945e-07 0.395303 1.56913
0.2095 0.99998 1.37597 1.37947e-07 0.395278 1.56918
0.2105 0.99998 1.376 1.3795e-07 0.395254 1.56922
0.2115 0.999981 1.37603 1.37953e-07 0.395232 1.56925
0.2125 0.999983 1.37605 1.37955e-07 0.39521 1.56929
0.2135 0.999984 1.37607 1.37957e-07 0.395191 1.56933
0.2145 0.999985 1.37609 1.37959e-07 0.395173 1.56936
0.2155 0.999986 1.37611 1.37961e-07 0.395156 1.56939
0.2165 0.999987 1.37613 1.37963e-07 0.39514 1.56941
0.2175 0.999988 1.37614 1.37964e-07 0.395126 1.56944
0.2185 0.999989 1.37616 1.37966e-07 0.395112 1.56946
0.2195 0.99999 1.37617 1.37967e-07 0.3951 1.56948
0.2205 0.99999 1.37618 1.37968e-07 0.395089 1.5695
0.2215 0.999991 1.37619 1.37969e-07 0.395078 1.56952
0.2225 0.999991 1.3762 1.3797e-07 0.395069 1.56953
0.2235 0.999992 1.37621 1.37971e-07 0.39506 1.56955
0.2245 0.999992 1.37622 1.37972e-07 0.395051 1.56957
0.2255 0.999993 1.37623 1.37973e-07 0.395043 1.56958
0.2265 0.999993 1.37624 1.37974e-07 0.395036 1.56959
0.2275 0.999994 1.37625 1.37975e-07 0.395029 1.5696
0.2285 0.999994 1.37626 1.37976e-07 0.395022 1.56962
0.2295 0.999994 1.37626 1.37976e-07 0.395016 1.56963
0.2305 0.999994 1.37627 1.37977e-07 0.39501 1.56964
0.2315 0.999995 1.37628 1.37978e-07 0.395004 1.56965
0.2325 0.999995 1.37628 1.37978e-07 0.394999 1.56966
0.2335 0.999995 1.37629 1.37979e-07 0.394994 1.56966
0.2345 0.999995 1.37629 1.37979e-07 0.394989 1.56967
0.2355 0.999995 1.3763 1.3798e-07 0.394984 1.56968
0.2365 0.999996 1.3763 1.3798e-07 0.39498 1.56969
0.2375 0.999996 1.37631 1.37981e-07 0.394976 1.5697
0.2385 0.999996 1.37631 1.37981e-07 0.394972 1.5697
0.2395 0.999996 1.37632 1.37982e-07 0.394968 1.56971
0.2405 0.999996 1.37632 1.37982e-07 0.394964 1.56972
0.2415 0.999996 1.37632 1.37982e-07 0.39496 1.56972
0.2425 0.999996 1.37633 1.37983e-07 0.394956 1.56973
0.2435 0.999996 1.37633 1.37983e-07 0.394953 1.56973
0.2445 0.999996 1.37633 1.37984e-07 0.39495 1.56974
0.2455 0.999997 1.37634 1.37984e-07 0.394947 1.56975
0.2465 0.999997 1.37634 1.37984e-07 0.394943 1.56975
0.2475 0.999997 1.37635 1.37985e-07 0.394941 1.56976
0.2485 0.999997 1.37635 1.37985e-07 0.394938 1.56976
0.2495 0.999997 1.37635 1.37985e-07 0.394935 1.56977
0.2505 0.999997 1.37635 1.37986e-07 0.394932 1.56977
0.2515 0.999997 1.37636 1.37986e-07 0.39493 1.56977
0.2525 0.999997 1.37636 1.37986e-07 0.394927 1.56978
0.2535 0.999997 1.37636 1.37986e-07 0.394925 1.56978
0.2545 0.999997 1.37636 1.37987e-07 0.394923 1.56979
0.2555 0.999997 1.37637 1.37987e-07 0.39492 1.56979
0.2565 0.999997 1.37637 1.37987e-07 0.394918 1.56979
0.2575 0.999997 1.37637 1.37987e-07 0.394916 1.5698
0.2585 0.999997 1.37637 1.37988e-07 0.394914 1.5698
0.2595 0.999997 1.37638 1.37989e-07 0.394912 1.56981
0.2605 0.999997 1.37638 1.37991e-07 0.39491 1.56981
0.2615 0.999996 1.37638 1.37997e-07 0.394908 1.56981
0.2625 0.999994 1.37637 1.38011e-07 0.394906 1.56982
0.2635 0.99999 1.37636 1.38043e-07 0.394904 1.56982
0.2645 0.999981 1.37634 1.38108e-07 0.394903 1.56982
0.2655 0.999967 1.3763 1.38233e-07 0.394901 1.56982
0.2665 0.999944 1.37622 1.38458e-07 0.394899 1.56983
0.2675 0.999909 1.3761 1.38838e-07 0.394898 1.56983
0.2685 0.999861 1.37592 1.39443e-07 0.394896 1.56983
0.2695 0.999798 1.37567 1.40353e-07 0.394894 1.56984
0.2705 0.999723 1.37534 1.41648e-07 0.394893 1.56984
0.2715 0.999638 1.37493 1.434e-07 0.394891 1.56984
0.2725 0.999552 1.37445 1.45654e-07 0.39489 1.56984
0.2735 0.999471 1.37393 1.48422e-07 0.394889 1.56985
0.2745 0.999404 1.37339 1.51668e-07 0.394887 1.56985
0.2755 0.999359 1.37287 1.55313e-07 0.394886 1.56985
0.2765 0.999341 1.37242 1.59235e-07 0.394885 1.56985
0.2775 0.99935 1.37205 1.63289e-07 0.394884 1.56985
0.2785 0.999386 1.3718 1.67318e-07 0.394882 1.56986
0.2795 0.999443 1.37167 1.71172e-07 0.394881 1.56986
0.2805 0.999514 1.37167 1.74727e-07 0.39488 1.56986
0.2815 0.999591 1.37178 1.77891e-07 0.394879 1.56986
0.2825 0.999667 1.37197 1.80611e-07 0.394878 1.56986
0.2835 0.999736 1.37223 1.82875e-07 0.394877 1.56987
0.2845 0.999796 1.37254 1.84698e-07 0.394876 1.56987
0.2855 0.999844 1.37286 1.86121e-07 0.394875 1.56987
0.2865 0.99988 1.37317 1.87201e-07 0.394874 1.56987
0.2875 0.999905 1.37347 1.87996e-07 0.394872 1.56987
0.2885 0.999921 1.37375 1.88567e-07 0.394871 1.56988
0.2895 0.99993 1.374 1.88967e-07 0.39487 1.56988
0.2905 0.999934 1.37422 1.89241e-07 0.394869 1.56988
0.2915 0.999936 1.37442 1.89425e-07 0.394868 1.56988
0.2925 0.999935 1.37458 1.89548e-07 0.394868 1.56988
0.2935 0.999933 1.37473 1.89629e-07 0.394867 1.56988
0.2945 0.999931 1.37485 1.89682e-07 0.394866 1.56989
0.2955 0.999929 1.37496 1.89719e-07 0.394865 1.56989
0.2965 0.999927 1.37506 1.89744e-07 0.394864 1.56989
0.2975 0.999926 1.37515 1.89763e-07 0.394863 1.56989
0.2985 0.999925 1.37522 1.89777e-07 0.394863 1.56989
0.2995 0.999924 1.37529 1.89789e-07 0.394862 1.56989
0.3005 0.999923 1.37535 1.89798e-07 0.394861 1.56989
0.3015 0.999923 1.37541 1.89807e-07 0.394861 1.56989
0.3025 0.999922 1.37546 1.89814e-07 0.39486 1.5699
0.3035 0.999922 1.37551 1.89821e-07 0.394859 1.5699
0.3045 0.999922 1.37556 1.89827e-07 0.394859 1.5699
0.3055 0.999921 1.3756 1.89833e-07 0.394858 1.5699
0.3065 0.999921 1.37564 1.89838e-07 0.394857 1.5699
0.3075 0.999921 1.37567 1.89843e-07 0.394857 1.5699
0.3085 0.999921 1.37571 1.89848e-07 0.394856 1.5699
0.3095 0.999921 1.37574 1.89852e-07 0.394855 1.5699
0.3105 0.999921 1.37577 1.89856e-07 0.394854 1.56991
0.3115 0.999922 1.3758 1.8986e-07 0.394854 1.56991
0.3125 0.999922 1.37582 1.89864e-07 0.394853 1.56991
0.3135 0.999922 1.37585 1.89867e-07 0.394852 1.56991
0.3145 0.999922 1.37587 1.89871e-07 0.394852 1.56991
0.3155 0.999922 1.3759 1.89874e-07 0.394851 1.56991
0.3165 0.999922 1.37592 1.89877e-07 0.394851 1.56991
0.3175 0.999922 1.37594 1.89879e-07 0.39485 1.56991
0.3185 0.999922 1.37596 1.89882e-07 0.394849 1.56991
0.3195 0.999923 1.37597 1.89884e-07 0.394849 1.56991
0.3205 0.999923 1.37599 1.89887e-07 0.394848 1.56992
0.3215 0.999923 1.37601 1.89889e-07 0.394848 1.56992
0.3225 0.999923 1.37602 1.89891e-07 0.394847 1.56992
0.3235 0.999923 1.37604 1.89893e-07 0.394847 1.56992
0.3245 0.999923 1.37605 1.89895e-07 0.394846 1.56992
0.3255 0.999923 1.37607 1.89897e-07 0.394846 1.56992
0.3265 0.999924 1.37608 1.89899e-07 0.394845 1.56992
0.3275 0.999924 1.37609 1.899e-07 0.394843 1.56992
0.3285 0.999924 1.3761 1.89901e-07 0.39484 1.56991
0.3295 0.999924 1.3761 1.89902e-07 0.394836 1.56991
0.3305 0.999924 1.37611 1.89903e-07 0.394828 1.56989
0.3315 0.999924 1.3761 1.89902e-07 0.394816 1.56987
0.3325 0.999924 1.37609 1.89901e-07 0.394794 1.56984
0.3335 0.999924 1.37606 1.89897e-07 0.394759 1.56978
0.3345 0.999924 1.37601 1.8989e-07 0.394702 1.56968
0.3355 0.999924 1.37592 1.89877e-07 0.394607 1.56952
0.3365 0.999924 1.37576 1.89855e-07 0.394455 1.56925
0.3375 0.999925 1.3755 1.8982e-07 0.39421 1.56883
0.3385 0.999925 1.37509 1.89762e-07 0.39382 1.56816
0.3395 0.999925 1.37443 1.89671e-07 0.393207 1.56709
0.3405 0.999925 1.37339 1.89529e-07 0.39225 1.56543
0.3415 0.999926 1.37179 1.89307e-07 0.390768 1.56286
0.3425 0.999927 1.36933 1.88968e-07 0.388495 1.55893
0.3435 0.999929 1.3656 1.88453e-07 0.385043 1.55297
0.3445 0.999933 1.36001 1.87682e-07 0.379857 1.54405
0.3455 0.999941 1.35176 1.86543e-07 0.372167 1.53091
0.3465 0.999959 1.3398 1.84892e-07 0.360957 1.51191
0.3475 0.999992 1.32291 1.82561e-07 0.344975 1.48516
0.3485 1.00005 1.29986 1.7938e-07 0.322866 1.44882
0.3495 1.00014 1.26982 1.75235e-07 0.293524 1.40176
0.3505 1.00025 1.23298 1.70152e-07 0.256692 1.34456
0.3515 1.00036 1.19119 1.64385e-07 0.213708 1.28042
0.3525 1.00041 1.148 1.58424e-07 0.167881 1.21506
0.3535 1.00037 1.10775 1.5287e-07 0.123864 1.15513
0.3545 1.00027 1.07402 1.48215e-07 0.0859838 1.10568
0.3555 1.00016 1.04837 1.44675e-07 0.0566027 1.0686
0.3565 1.00008 1.0304 1.42195e-07 0.0357348 1.04291
0.3575 1.00003 1.01856 1.40561e-07 0.0218808 1.02612
0.3585 1.00001 1.01111 1.39533e-07 0.0131136 1.0156
0.3595 1 1.00655 1.38904e-07 0.00774215 1.00919
0.3605 1 1.00382 1.38528e-07 0.00452151 1.00536
0.3615 1 1.00221 1.38306e-07 0.00261853 1.0031
0.3625 0.999999 1.00127 1.38176e-07 0.00150581 1.00178
0.3635 0.999999 1.00073 1.381e-07 0.000860427 1.00102
0.3645 0.999999 1.00041 1.38057e-07 0.000488646 1.00058
0.3655 0.999999 1.00023 1.38032e-07 0.000275812 1.00033
0.3665 0.999999 1.00013 1.38018e-07 0.000154707 1.00018
0.3675 0.999999 1.00007 1.3801e-07 8.62177e-05 1.0001
0.3685 0.999999 1.00004 1.38006e-07 4.77268e-05 1.00006
0.3695 0.999999 1.00002 1.38003e-07 2.62358e-05 1.00003
0.3705 0.999999 1.00001 1.38002e-07 1.43179e-05 1.00002
0.3715 0.999999 1.00001 1.38001e-07 7.75547e-06 1.00001
0.3725 0.999999 1 1.38e-07 4.16842e-06 1
0.3735 0.999999 1 1.38e-07 2.22265e-06 1
0.3745 0.999999 1 1.38e-07 1.17547e-06 1
0.3755 0.999999 1 1.38e-07 6.16466e-07 1
0.3765 0.999999 0.999999 1.38e-07 3.20539e-07 1
0.3775 0.999999 0.999999 1.38e-07 1.65216e-07 1
0.3785 0.999999 0.999999 1.38e-07 8.4402e-08 1
0.3795 0.999999 0.999999 1.38e-07 4.2729e-08 1
0.3805 0.999999 0.999999 1.38e-07 2.1434e-08 1
0.3815 0.999999 0.999999 1.38e-07 1.06522e-08 1
0.3825 0.999999 0.999999 1.38e-07 5.24432e-09 1
0.3835 0.999999 0.999999 1.38e-07 2.55742e-09 1
0.3845 0.999999 0.999999 1.38e-07 1.23521e-09 1
0.3855 0.999999 0.999999 1.38e-07 5.90841e-10 1
0.3865 0.999999 0.999999 1.38e-07 2.7987e-10 1
0.3875 0.999999 0.999999 1.38e-07 1.31271e-10 1
0.3885 0.999999 0.999999 1.38e-07 6.09652e-11 1
0.3895 0.999999 0.999999 1.38e-07 2.80331e-11 1
0.3905 0.999999 0.999999 1.38e-07 1.27618e-11 1
0.3915 0.999999 0.999999 1.38e-07 5.75167e-12 1
0.3925 0.999999 0.999999 1.38e-07 2.56611e-12 1
0.3935 0.999999 0.999999 1.38e-07 1.13321e-12 1
0.3945 0.999999 0.999999 1.38e-07 4.95266e-13 1
0.3955 0.999999 0.999999 1.38e-07 2.14225e-13 1
0.3965 0.999999 0.999999 1.38e-07 9.17168e-14 1
0.3975 0.999999 0.999999 1.38e-07 3.89899e-14 1
0.3985 0.999999 0.999999 1.38e-07 1.6583e-14 1
0.3995 0.999999 0.999999 1.38e-07 8.01185e-15 1
0.4005 1e-06 1e-06 0.138 5.94234e-15 1
0.4015 1e-06 1e-06 0.138 3.7096e-15 1
0.4025 1e-06 1e-06 0.138 2.53562e-15 1
0.4035 1e-06 1e-06 0.138 1.92986e-15 1
0.4045 1e-06 1e-06 0.138 9.46165e-16 1
0.4055 1e-06 1e-06 0.138 3.40408e-16 1
0.4065 1e-06 1e-06 0.138 3.02878e-16 1
0.4075 1e-06 1e-06 0.138 3.02878e-16 1
0.4085 1e-06 1e-06 0.138 3.02878e-16 1
0.4095 1e-06 1e-06 0.138 3.02878e-16 1
0.4105 1e-06 1e-06 0.138 3.02878e-16 1
0.4115 1e-06 1e-06 0.138 3.75298e-17 1
0.4125 1e-06 1e-06 0.138 0 1
0.4135 1e-06 1e-06 0.138 0 1
0.4145 1e-06 1e-06 0.138 0 1
0.4155 1e-06 1e-06 0.138 0 1
0.4165 1e-06 1e-06 0.138 0 1
0.4175 1e-06 1e-06 0.138 0 1
0.4185 1e-06 1e-06 0.138 0 1
0.4195 1e-06 1e-06 0.138 0 1
0.4205 1e-06 1e-06 0.138 0 1
0.4215 1e-06 1e-06 0.138 0 1
0.4225 1e-06 1e-06 0.138 0 1
0.4235 1e-06 1e-06 0.138 0 1
0.4245 1e-06 1e-06 0.138 0 1
0.4255 1e-06 1e-06 0.138 0 1
0.4265 1e-06 1e-06 0.138 0 1
0.4275 1e-06 1e-06 0.138 0 1
0.4285 1e-06 1e-06 0.138 0 1
0.4295 1e-06 1e-06 0.138 0 1
0.4305 1e-06 1e-06 0.138 0 1
0.4315 1e-06 1e-06 0.138 0 1
0.4325 1e-06 1e-06 0.138 0 1
0.4335 1e-06 1e-06 0.138 0 1
0.4345 1e-06 1e-06 0.138 0 1
0.4355 1e-06 1e-06 0.138 0 1
0.4365 1e-06 1e-06 0.138 0 1
0.4375 1e-06 1e-06 0.138 0 1
0.4385 1e-06 1e-06 0.138 0 1
0.4395 1e-06 1e-06 0.138 0 1
0.4405 1e-06 1e-06 0.138 0 1
0.4415 1e-06 1e-06 0.138 0 1
0.4425 1e-06 1e-06 0.138 0 1
0.4435 1e-06 1e-06 0.138 0 1
0.4445 1e-06 1e-06 0.138 0 1
0.4455 1e-06 1e-06 0.138 0 1
0.4465 1e-06 1e-06 0.138 0 1
0.4475 1e-06 1e-06 0.138 0 1
0.4485 1e-06 1e-06 0.138 0 1
0.4495 1e-06 1e-06 0.138 0 1
0.4505 1e-06 1e-06 0.138 0 1
0.4515 1e-06 1e-06 0.138 0 1
0.4525 1e-06 1e-06 0.138 0 1
0.4535 1e-06 1e-06 0.138 0 1
0.4545 1e-06 1e-06 0.138 0 1
0.4555 1e-06 1e-06 0.138 0 1
0.4565 1e-06 1e-06 0.138 0 1
0.4575 1e-06 1e-06 0.138 0 1
0.4585 1e-06 1e-06 0.138 0 1
0.4595 1e-06 1e-06 0.138 0 1
0.4605 1e-06 1e-06 0.138 0 1
0.4615 1e-06 1e-06 0.138 0 1
0.4625 1e-06 1e-06 0.138 0 1
0.4635 1e-06 1e-06 0.138 0 1
0.4645 1e-06 1e-06 0.138 0 1
0.4655 1e-06 1e-06 0.138 0 1
0.4665 1e-06 1e-06 0.138 0 1
0.4675 1e-06 1e-06 0.138 0 1
0.4685 1e-06 1e-06 0.138 0 1
0.4695 1e-06 1e-06 0.138 0 1
0.4705 1e-06 1e-06 0.138 0 1
0.4715 1e-06 1e-06 0.138 0 1
0.4725 1e-06 1e-06 0.138 0 1
0.4735 1e-06 1e-06 0.138 0 1
0.4745 1e-06 1e-06 0.138 0 1
0.4755 1e-06 1e-06 0.138 0 1
0.4765 1e-06 1e-06 0.138 0 1
0.4775 1e-06 1e-06 0.138 0 1
0.4785 1e-06 1e-06 0.138 0 1
0.4795 1e-06 1e-06 0.138 0 1
0.4805 1e-06 1e-06 0.138 0 1
0.4815 1e-06 1e-06 0.138 0 1
0.4825 1e-06 1e-06 0.138 0 1
0.4835 1e-06 1e-06 0.138 0 1
0.4845 1e-06 1e-06 0.138 0 1
0.4855 1e-06 1e-06 0.138 0 1
0.4865 1e-06 1e-06 0.138 0 1
0.4875 1e-06 1e-06 0.138 0 1
0.4885 1e-06 1e-06 0.138 0 1
0.4895 1e-06 1e-06 0.138 0 1
0.4905 1e-06 1e-06 0.138 0 1
0.4915 1e-06 1e-06 0.138 0 1
0.4925 1e-06 1e-06 0.138 0 1
0.4935 1e-06 1e-06 0.138 0 1
0.4945 1e-06 1e-06 0.138 0 1
0.4955 1e-06 1e-06 0.138 0 1
0.4965 1e-06 1e-06 0.138 0 1
0.4975 1e-06 1e-06 0.138 0 1
0.4985 1e-06 1e-06 0.138 0 1
0.4995 1e-06 1e-06 0.138 0 1
0.5005 1e-06 1e-06 0.138 0 1
0.5015 1e-06 1e-06 0.138 0 1
0.5025 1e-06 1e-06 0.138 0 1
0.5035 1e-06 1e-06 0.138 0 1
0.5045 1e-06 1e-06 0.138 0 1
0.5055 1e-06 1e-06 0.138 0 1
0.5065 1e-06 1e-06 0.138 0 1
0.5075 1e-06 1e-06 0.138 0 1
0.5085 1e-06 1e-06 0.138 0 1
0.5095 1e-06 1e-06 0.138 0 1
0.5105 1e-06 1e-06 0.138 0 1
0.5115 1e-06 1e-06 0.138 0 1
0.5125 1e-06 1e-06 0.138 0 1
0.5135 1e-06 1e-06 0.138 0 1
0.5145 1e-06 1e-06 0.138 0 1
0.5155 1e-06 1e-06 0.138 0 1
0.5165 1e-06 1e-06 0.138 0 1
0.5175 1e-06 1e-06 0.138 0 1
0.5185 1e-06 1e-06 0.138 0 1
0.5195 1e-06 1e-06 0.138 0 1
0.5205 1e-06 1e-06 0.138 0 1
0.5215 1e-06 1e-06 0.138 0 1
0.5225 1e-06 1e-06 0.138 0 1
0.5235 1e-06 1e-06 0.138 0 1
0.5245 1e-06 1e-06 0.138 0 1
0.5255 1e-06 1e-06 0.138 0 1
0.5265 1e-06 1e-06 0.138 0 1
0.5275 1e-06 1e-06 0.138 0 1
0.5285 1e-06 1e-06 0.138 0 1
0.5295 1e-06 1e-06 0.138 0 1
0.5305 1e-06 1e-06 0.138 0 1
0.5315 1e-06 1e-06 0.138 0 1
0.5325 1e-06 1e-06 0.138 0 1
0.5335 1e-06 1e-06 0.138 0 1
0.5345 1e-06 1e-06 0.138 0 1
0.5355 1e-06 1e-06 0.138 0 1
0.5365 1e-06 1e-06 0.138 0 1
0.5375 1e-06 1e-06 0.138 0 1
0.5385 1e-06 1e-06 0.138 0 1
0.5395 1e-06 1e-06 0.138 0 1
0.5405 1e-06 1e-06 0.138 0 1
0.5415 1e-06 1e-06 0.138 0 1
0.5425 1e-06 1e-06 0.138 0 1
0.5435 1e-06 1e-06 0.138 0 1
0.5445 1e-06 1e-06 0.138 0 1
0.5455 1e-06 1e-06 0.138 0 1
0.5465 1e-06 1e-06 0.138 0 1
0.5475 1e-06 1e-06 0.138 0 1
0.5485 1e-06 1e-06 0.138 0 1
0.5495 1e-06 1e-06 0.138 0 1
0.5505 1e-06 1e-06 0.138 0 1
0.5515 1e-06 1e-06 0.138 0 1
0.5525 1e-06 1e-06 0.138 0 1
0.5535 1e-06 1e-06 0.138 0 1
0.5545 1e-06 1e-06 0.138 0 1
0.5555 1e-06 1e-06 0.138 0 1
0.5565 1e-06 1e-06 0.138 0 1
0.5575 1e-06 1e-06 0.138 0 1
0.5585 1e-06 1e-06 0.138 0 1
0.5595 1e-06 1e-06 0.138 0 1
0.5605 1e-06 1e-06 0.138 0 1
0.5615 1e-06 1e-06 0.138 0 1
0.5625 1e-06 1e-06 0.138 0 1
0.5635 1e-06 1e-06 0.138 0 1
0.5645 1e-06 1e-06 0.138 0 1
0.5655 1e-06 1e-06 0.138 0 1
0.5665 1e-06 1e-06 0.138 0 1
0.5675 1e-06 1e-06 0.138 0 1
0.5685 1e-06 1e-06 0.138 0 1
0.5695 1e-06 1e-06 0.138 0 1
0.5705 1e-06 1e-06 0.138 0 1
0.5715 1e-06 1e-06 0.138 0 1
0.5725 1e-06 1e-06 0.138 0 1
0.5735 1e-06 1e-06 0.138 0 1
0.5745 1e-06 1e-06 0.138 0 1
0.5755 1e-06 1e-06 0.138 0 1
0.5765 1e-06 1e-06 0.138 0 1
0.5775 1e-06 1e-06 0.138 0 1
0.5785 1e-06 1e-06 0.138 0 1
0.5795 1e-06 1e-06 0.138 0 1
0.5805 1e-06 1e-06 0.138 0 1
0.5815 1e-06 1e-06 0.138 0 1
0.5825 1e-06 1e-06 0.138 0 1
0.5835 1e-06 1e-06 0.138 0 1
0.5845 1e-06 1e-06 0.138 0 1
0.5855 1e-06 1e-06 0.138 0 1
0.5865 1e-06 1e-06 0.138 0 1
0.5875 1e-06 1e-06 0.138 0 1
0.5885 1e-06 1e-06 0.138 0 1
0.5895 1e-06 1e-06 0.138 0 1
0.5905 1e-06 1e-06 0.138 0 1
0.5915 1e-06 1e-06 0.138 0 1
0.5925 1e-06 1e-06 0.138 0 1
0.5935 1e-06 1e-06 0.138 0 1
0.5945 1e-06 1e-06 0.138 0 1
0.5955 1e-06 1e-06 0.138 0 1
0.5965 1e-06 1e-06 0.138 0 1
0.5975 1e-06 1e-06 0.138 0 1
0.5985 1e-06 1e-06 0.138 0 1
0.5995 1e-06 1e-06 0.138 0 1
0.6005 0.999999 0.999999 1.38e-07 0 1
0.6015 0.999999 0.999999 1.38e-07 0 1
0.6025 0.999999 0.999999 1.38e-07 0 1
0.6035 0.999999 0.999999 1.38e-07 0 1
0.6045 0.999999 0.999999 1.38e-07 0 1
0.6055 0.999999 0.999999 1.38e-07 0 1
0.6065 0.999999 0.999999 1.38e-07 0 1
0.6075 0.999999 0.999999 1.38e-07 0 1
0.6085 0.999999 0.999999 1.38e-07 0 1
0.6095 0.999999 0.999999 1.38e-07 0 1
0.6105 0.999999 0.999999 1.38e-07 0 1
0.6115 0.999999 0.999999 1.38e-07 0 1
0.6125 0.999999 0.999999 1.38e-07 0 1
0.6135 0.999999 0.999999 1.38e-07 0 1
0.6145 0.999999 0.999999 1.38e-07 0 1
0.6155 0.999999 0.999999 1.38e-07 0 1
0.6165 0.999999 0.999999 1.38e-07 0 1
0.6175 0.999999 0.999999 1.38e-07 0 1
0.6185 0.999999 0.999999 1.38e-07 0 1
0.6195 0.999999 0.999999 1.38e-07 0 1
0.6205 0.999999 0.999999 1.38e-07 0 1
0.6215 0.999999 0.999999 1.38e-07 0 1
0.6225 0.999999 0.999999 1.38e-07 0 1
0.6235 0.999999 0.999999 1.38e-07 0 1
0.6245 0.999999 0.999999 1.38e-07 0 1
0.6255 0.999999 0.999999 1.38e-07 0 1
0.6265 0.999999 0.999999 1.38e-07 0 1
0.6275 0.999999 0.999999 1.38e-07 0 1
0.6285 0.999999 0.999999 1.38e-07 0 1
0.6295 0.999999 0.999999 1.38e-07 0 1
0.6305 0.999999 0.999999 1.38e-07 0 1
0.6315 0.999999 0.999999 1.38e-07 0 1
0.6325 0.999999 0.999999 1.38e-07 0 1
0.6335 0.999999 0.999999 1.38e-07 0 1
0.6345 0.999999 0.999999 1.38e-07 0 1
0.6355 0.999999 0.999999 1.38e-07 0 1
0.6365 0.999999 0.999999 1.38e-07 0 1
0.6375 0.999999 0.999999 1.38e-07 0 1
0.6385 0.999999 0.999999 1.38e-07 0 1
0.6395 0.999999 0.999999 1.38e-07 0 1
0.6405 0.999999 0.999999 1.38e-07 0 1
0.6415 0.999999 0.999999 1.38e-07 0 1
0.6425 0.999999 0.999999 1.38e-07 0 1
0.6435 0.999999 0.999999 1.38e-07 0 1
0.6445 0.999999 0.999999 1.38e-07 0 1
0.6455 0.999999 0.999999 1.38e-07 0 1
0.6465 0.999999 0.999999 1.38e-07 0 1
0.6475 0.999999 0.999999 1.38e-07 0 1
0.6485 0.999999 0.999999 1.38e-07 0 1
0.6495 0.999999 0.999999 1.38e-07 0 1
0.6505 0.999999 0.999999 1.38e-07 0 1
0.6515 0.999999 0.999999 1.38e-07 0 1
0.6525 0.999999 0.999999 1.38e-07 0 1
0.6535 0.999999 0.999999 1.38e-07 0 1
0.6545 0.999999 0.999999 1.38e-07 0 1
0.6555 0.999999 0.999999 1.38e-07 0 1
0.6565 0.999999 0.999999 1.38e-07 0 1
0.6575 0.999999 0.999999 1.38e-07 0 1
0.6585 0.999999 0.999999 1.38e-07 0 1
0.6595 0.999999 0.999999 1.38e-07 0 1
0.6605 0.999999 0.999999 1.38e-07 0 1
0.6615 0.999999 0.999999 1.38e-07 0 1
0.6625 0.999999 0.999999 1.38e-07 0 1
0.6635 0.999999 0.999999 1.38e-07 0 1
0.6645 0.999999 0.999999 1.38e-07 0 1
0.6655 0.999999 0.999999 1.38e-07 0 1
0.6665 0.999999 0.999999 1.38e-07 0 1
0.6675 0.999999 0.999999 1.38e-07 0 1
0.6685 0.999999 0.999999 1.38e-07 0 1
0.6695 0.999999 0.999999 1.38e-07 0 1
0.6705 0.999999 0.999999 1.38e-07 0 1
0.6715 0.999999 0.999999 1.38e-07 0 1
0.6725 0.999999 0.999999 1.38e-07 0 1
0.6735 0.999999 0.999999 1.38e-07 0 1
0.6745 0.999999 0.999999 1.38e-07 0 1
0.6755 0.999999 0.999999 1.38e-07 0 1
0.6765 0.999999 0.999999 1.38e-07 0 1
0.6775 0.999999 0.999999 1.38e-07 0 1
0.6785 0.999999 0.999999 1.38e-07 0 1
0.6795 0.999999 0.999999 1.38e-07 0 1
0.6805 0.999999 0.999999 1.38e-07 0 1
0.6815 0.999999 0.999999 1.38e-07 0 1
0.6825 0.999999 0.999999 1.38e-07 0 1
0.6835 0.999999 0.999999 1.38e-07 0 1
0.6845 0.999999 0.999999 1.38e-07 0 1
0.6855 0.999999 0.999999 1.38e-07 0 1
0.6865 0.999999 0.999999 1.38e-07 0 1
0.6875 0.999999 0.999999 1.38e-07 0 1
0.6885 0.999999 0.999999 1.38e-07 0 1
0.6895 0.999999 0.999999 1.38e-07 0 1
0.6905 0.999999 0.999999 1.38e-07 0 1
0.6915 0.999999 0.999999 1.38e-07 0 1
0.6925 0.999999 0.999999 1.38e-07 0 1
0.6935 0.999999 0.999999 1.38e-07 0 1
0.6945 0.999999 0.999999 1.38e-07 0 1
0.6955 0.999999 0.999999 1.38e-07 0 1
0.6965 0.999999 0.999999 1.38e-07 0 1
0.6975 0.999999 0.999999 1.38e-07 0 1
0.6985 0.999999 0.999999 1.38e-07 0 1
0.6995 0.999999 0.999999 1.38e-07 0 1
0.7005 0.999999 0.999999 1.38e-07 0 1
0.7015 0.999999 0.999999 1.38e-07 0 1
0.7025 0.999999 0.999999 1.38e-07 0 1
0.7035 0.999999 0.999999 1.38e-07 0 1
0.7045 0.999999 0.999999 1.38e-07 0 1
0.7055 0.999999 0.999999 1.38e-07 0 1
0.7065 0.999999 0.999999 1.38e-07 0 1
0.7075 0.999999 0.999999 1.38e-07 0 1
0.7085 0.999999 0.999999 1.38e-07 0 1
0.7095 0.999999 0.999999 1.38e-07 0 1
0.7105 0.999999 0.999999 1.38e-07 0 1
0.7115 0.999999 0.999999 1.38e-07 0 1
0.7125 0.999999 0.999999 1.38e-07 0 1
0.7135 0.999999 0.999999 1.38e-07 0 1
0.7145 0.999999 0.999999 1.38e-07 0 1
0.7155 0.999999 0.999999 1.38e-07 0 1
0.7165 0.999999 0.999999 1.38e-07 0 1
0.7175 0.999999 0.999999 1.38e-07 0 1
0.7185 0.999999 0.999999 1.38e-07 0 1
0.7195 0.999999 0.999999 1.38e-07 0 1
0.7205 0.999999 0.999999 1.38e-07 0 1
0.7215 0.999999 0.999999 1.38e-07 0 1
0.7225 0.999999 0.999999 1.38e-07 0 1
0.7235 0.999999 0.999999 1.38e-07 0 1
0.7245 0.999999 0.999999 1.38e-07 0 1
0.7255 0.999999 0.999999 1.38e-07 0 1
0.7265 0.999999 0.999999 1.38e-07 0 1
0.7275 0.999999 0.999999 1.38e-07 0 1
0.7285 0.999999 0.999999 1.38e-07 0 1
0.7295 0.999999 0.999999 1.38e-07 0 1
0.7305 0.999999 0.999999 1.38e-07 0 1
0.7315 0.999999 0.999999 1.38e-07 0 1
0.7325 0.999999 0.999999 1.38e-07 0 1
0.7335 0.999999 0.999999 1.38e-07 0 1
0.7345 0.999999 0.999999 1.38e-07 0 1
0.7355 0.999999 0.999999 1.38e-07 0 1
0.7365 0.999999 0.999999 1.38e-07 0 1
0.7375 0.999999 0.999999 1.38e-07 0 1
0.7385 0.999999 0.999999 1.38e-07 0 1
0.7395 0.999999 0.999999 1.38e-07 0 1
0.7405 0.999999 0.999999 1.38e-07 0 1
0.7415 0.999999 0.999999 1.38e-07 0 1
0.7425 0.999999 0.999999 1.38e-07 0 1
0.7435 0.999999 0.999999 1.38e-07 0 1
0.7445 0.999999 0.999999 1.38e-07 0 1
0.7455 0.999999 0.999999 1.38e-07 0 1
0.7465 0.999999 0.999999 1.38e-07 0 1
0.7475 0.999999 0.999999 1.38e-07 0 1
0.7485 0.999999 0.999999 1.38e-07 0 1
0.7495 0.999999 0.999999 1.38e-07 0 1
0.7505 0.999999 0.999999 1.38e-07 0 1
0.7515 0.999999 0.999999 1.38e-07 0 1
0.7525 0.999999 0.999999 1.38e-07 0 1
0.7535 0.999999 0.999999 1.38e-07 0 1
0.7545 0.999999 0.999999 1.38e-07 0 1
0.7555 0.999999 0.999999 1.38e-07 0 1
0.7565 0.999999 0.999999 1.38e-07 0 1
0.7575 0.999999 0.999999 1.38e-07 0 1
0.7585 0.999999 0.999999 1.38e-07 0 1
0.7595 0.999999 0.999999 1.38e-07 0 1
0.7605 0.999999 0.999999 1.38e-07 0 1
0.7615 0.999999 0.999999 1.38e-07 0 1
0.7625 0.999999 0.999999 1.38e-07 0 1
0.7635 0.999999 0.999999 1.38e-07 0 1
0.7645 0.999999 0.999999 1.38e-07 0 1
0.7655 0.999999 0.999999 1.38e-07 0 1
0.7665 0.999999 0.999999 1.38e-07 0 1
0.7675 0.999999 0.999999 1.38e-07 0 1
0.7685 0.999999 0.999999 1.38e-07 0 1
0.7695 0.999999 0.999999 1.38e-07 0 1
0.7705 0.999999 0.999999 1.38e-07 0 1
0.7715 0.999999 0.999999 1.38e-07 0 1
0.7725 0.999999 0.999999 1.38e-07 0 1
0.7735 0.999999 0.999999 1.38e-07 0 1
0.7745 0.999999 0.999999 1.38e-07 0 1
0.7755 0.999999 0.999999 1.38e-07 0 1
0.7765 0.999999 0.999999 1.38e-07 0 1
0.7775 0.999999 0.999999 1.38e-07 0 1
0.7785 0.999999 0.999999 1.38e-07 0 1
0.7795 0.999999 0.999999 1.38e-07 0 1
0.7805 0.999999 0.999999 1.38e-07 0 1
0.7815 0.999999 0.999999 1.38e-07 0 1
0.7825 0.999999 0.999999 1.38e-07 0 1
0.7835 0.999999 0.999999 1.38e-07 0 1
0.7845 0.999999 0.999999 1.38e-07 0 1
0.7855 0.999999 0.999999 1.38e-07 0 1
0.7865 0.999999 0.999999 1.38e-07 0 1
0.7875 0.999999 0.999999 1.38e-07 0 1
0.7885 0.999999 0.999999 1.38e-07 0 1
0.7895 0.999999 0.999999 1.38e-07 0 1
0.7905 0.999999 0.999999 1.38e-07 0 1
0.7915 0.999999 0.999999 1.38e-07 0 1
0.7925 0.999999 0.999999 1.38e-07 0 1
0.7935 0.999999 0.999999 1.38e-07 0 1
0.7945 0.999999 0.999999 1.38e-07 0 1
0.7955 0.999999 0.999999 1.38e-07 0 1
0.7965 0.999999 0.999999 1.38e-07 0 1
0.7975 0.999999 0.999999 1.38e-07 0 1
0.7985 0.999999 0.999999 1.38e-07 0 1
0.7995 0.999999 0.999999 1.38e-07 0 1
0.8005 0.999999 0.999999 1.38e-07 0 1
0.8015 0.999999 0.999999 1.38e-07 0 1
0.8025 0.999999 0.999999 1.38e-07 0 1
0.8035 0.999999 0.999999 1.38e-07 0 1
0.8045 0.999999 0.999999 1.38e-07 0 1
0.8055 0.999999 0.999999 1.38e-07 0 1
0.8065 0.999999 0.999999 1.38e-07 0 1
0.8075 0.999999 0.999999 1.38e-07 0 1
0.8085 0.999999 0.999999 1.38e-07 0 1
0.8095 0.999999 0.999999 1.38e-07 0 1
0.8105 0.999999 0.999999 1.38e-07 0 1
0.8115 0.999999 0.999999 1.38e-07 0 1
0.8125 0.999999 0.999999 1.38e-07 0 1
0.8135 0.999999 0.999999 1.38e-07 0 1
0.8145 0.999999 0.999999 1.38e-07 0 1
0.8155 0.999999 0.999999 1.38e-07 0 1
0.8165 0.999999 0.999999 1.38e-07 0 1
0.8175 0.999999 0.999999 1.38e-07 0 1
0.8185 0.999999 0.999999 1.38e-07 0 1
0.8195 0.999999 0.999999 1.38e-07 0 1
0.8205 0.999999 0.999999 1.38e-07 0 1
0.8215 0.999999 0.999999 1.38e-07 0 1
0.8225 0.999999 0.999999 1.38e-07 0 1
0.8235 0.999999 0.999999 1.38e-07 0 1
0.8245 0.999999 0.999999 1.38e-07 0 1
0.8255 0.999999 0.999999 1.38e-07 0 1
0.8265 0.999999 0.999999 1.38e-07 0 1
0.8275 0.999999 0.999999 1.38e-07 0 1
0.8285 0.999999 0.999999 1.38e-07 0 1
0.8295 0.999999 0.999999 1.38e-07 0 1
0.8305 0.999999 0.999999 1.38e-07 0 1
0.8315 0.999999 0.999999 1.38e-07 0 1
0.8325 0.999999 0.999999 1.38e-07 0 1
0.8335 0.999999 0.999999 1.38e-07 0 1
0.8345 0.999999 0.999999 1.38e-07 0 1
0.8355 0.999999 0.999999 1.38e-07 0 1
0.8365 0.999999 0.999999 1.38e-07 0 1
0.8375 0.999999 0.999999 1.38e-07 0 1
0.8385 0.999999 0.999999 1.38e-07 0 1
0.8395 0.999999 0.999999 1.38e-07 0 1
0.8405 0.999999 0.999999 1.38e-07 0 1
0.8415 0.999999 0.999999 1.38e-07 0 1
0.8425 0.999999 0.999999 1.38e-07 0 1
0.8435 0.999999 0.999999 1.38e-07 0 1
0.8445 0.999999 0.999999 1.38e-07 0 1
0.8455 0.999999 0.999999 1.38e-07 0 1
0.8465 0.999999 0.999999 1.38e-07 0 1
0.8475 0.999999 0.999999 1.38e-07 0 1
0.8485 0.999999 0.999999 1.38e-07 0 1
0.8495 0.999999 0.999999 1.38e-07 0 1
0.8505 0.999999 0.999999 1.38e-07 0 1
0.8515 0.999999 0.999999 1.38e-07 0 1
0.8525 0.999999 0.999999 1.38e-07 0 1
0.8535 0.999999 0.999999 1.38e-07 0 1
0.8545 0.999999 0.999999 1.38e-07 0 1
0.8555 0.999999 0.999999 1.38e-07 0 1
0.8565 0.999999 0.999999 1.38e-07 0 1
0.8575 0.999999 0.999999 1.38e-07 0 1
0.8585 0.999999 0.999999 1.38e-07 0 1
0.8595 0.999999 0.999999 1.38e-07 0 1
0.8605 0.999999 0.999999 1.38e-07 0 1
0.8615 0.999999 0.999999 1.38e-07 0 1
0.8625 0.999999 0.999999 1.38e-07 0 1
0.8635 0.999999 0.999999 1.38e-07 0 1
0.8645 0.999999 0.999999 1.38e-07 0 1
0.8655 0.999999 0.999999 1.38e-07 0 1
0.8665 0.999999 0.999999 1.38e-07 0 1
0.8675 0.999999 0.999999 1.38e-07 0 1
0.8685 0.999999 0.999999 1.38e-07 0 1
0.8695 0.999999 0.999999 1.38e-07 0 1
0.8705 0.999999 0.999999 1.38e-07 0 1
0.8715 0.999999 0.999999 1.38e-07 0 1
0.8725 0.999999 0.999999 1.38e-07 0 1
0.8735 0.999999 0.999999 1.38e-07 0 1
0.8745 0.999999 0.999999 1.38e-07 0 1
0.8755 0.999999 0.999999 1.38e-07 0 1
0.8765 0.999999 0.999999 1.38e-07 0 1
0.8775 0.999999 0.999999 1.38e-07 0 1
0.8785 0.999999 0.999999 1.38e-07 0 1
0.8795 0.999999 0.999999 1.38e-07 0 1
0.8805 0.999999 0.999999 1.38e-07 0 1
0.8815 0.999999 0.999999 1.38e-07 0 1
0.8825 0.999999 0.999999 1.38e-07 0 1
0.8835 0.999999 0.999999 1.38e-07 0 1
0.8845 0.999999 0.999999 1.38e-07 0 1
0.8855 0.999999 0.999999 1.38e-07 0 1
0.8865 0.999999 0.999999 1.38e-07 0 1
0.8875 0.999999 0.999999 1.38e-07 0 1
0.8885 0.999999 0.999999 1.38e-07 0 1
0.8895 0.999999 0.999999 1.38e-07 0 1
0.8905 0.999999 0.999999 1.38e-07 0 1
0.8915 0.999999 0.999999 1.38e-07 0 1
0.8925 0.999999 0.999999 1.38e-07 0 1
0.8935 0.999999 0.999999 1.38e-07 0 1
0.8945 0.999999 0.999999 1.38e-07 0 1
0.8955 0.999999 0.999999 1.38e-07 0 1
0.8965 0.999999 0.999999 1.38e-07 0 1
0.8975 0.999999 0.999999 1.38e-07 0 1
0.8985 0.999999 0.999999 1.38e-07 0 1
0.8995 0.999999 0.999999 1.38e-07 0 1
0.9005 0.999999 0.999999 1.38e-07 0 1
0.9015 0.999999 0.999999 1.38e-07 0 1
0.9025 0.999999 0.999999 1.38e-07 0 1
0.9035 0.999999 0.999999 1.38e-07 0 1
0.9045 0.999999 0.999999 1.38e-07 0 1
0.9055 0.999999 0.999999 1.38e-07 0 1
0.9065 0.999999 0.999999 1.38e-07 0 1
0.9075 0.999999 0.999999 1.38e-07 0 1
0.9085 0.999999 0.999999 1.38e-07 0 1
0.9095 0.999999 0.999999 1.38e-07 0 1
0.9105 0.999999 0.999999 1.38e-07 0 1
0.9115 0.999999 0.999999 1.38e-07 0 1
0.9125 0.999999 0.999999 1.38e-07 0 1
0.9135 0.999999 0.999999 1.38e-07 0 1
0.9145 0.999999 0.999999 1.38e-07 0 1
0.9155 0.999999 0.999999 1.38e-07 0 1
0.9165 0.999999 0.999999 1.38e-07 0 1
0.9175 0.999999 0.999999 1.38e-07 0 1
0.9185 0.999999 0.999999 1.38e-07 0 1
0.9195 0.999999 0.999999 1.38e-07 0 1
0.9205 0.999999 0.999999 1.38e-07 0 1
0.9215 0.999999 0.999999 1.38e-07 0 1
0.9225 0.999999 0.999999 1.38e-07 0 1
0.9235 0.999999 0.999999 1.38e-07 0 1
0.9245 0.999999 0.999999 1.38e-07 0 1
0.9255 0.999999 0.999999 1.38e-07 0 1
0.9265 0.999999 0.999999 1.38e-07 0 1
0.9275 0.999999 0.999999 1.38e-07 0 1
0.9285 0.999999 0.999999 1.38e-07 0 1
0.9295 0.999999 0.999999 1.38e-07 0 1
0.9305 0.999999 0.999999 1.38e-07 0 1
0.9315 0.999999 0.999999 1.38e-07 0 1
0.9325 0.999999 0.999999 1.38e-07 0 1
0.9335 0.999999 0.999999 1.38e-07 0 1
0.9345 0.999999 0.999999 1.38e-07 0 1
0.9355 0.999999 0.999999 1.38e-07 0 1
0.9365 0.999999 0.999999 1.38e-07 0 1
0.9375 0.999999 0.999999 1.38e-07 0 1
0.9385 0.999999 0.999999 1.38e-07 0 1
0.9395 0.999999 0.999999 1.38e-07 0 1
0.9405 0.999999 0.999999 1.38e-07 0 1
0.9415 0.999999 0.999999 1.38e-07 0 1
0.9425 0.999999 0.999999 1.38e-07 0 1
0.9435 0.999999 0.999999 1.38e-07 0 1
0.9445 0.999999 0.999999 1.38e-07 0 1
0.9455 0.999999 0.999999 1.38e-07 0 1
0.9465 0.999999 0.999999 1.38e-07 0 1
0.9475 0.999999 0.999999 1.38e-07 0 1
0.9485 0.999999 0.999999 1.38e-07 0 1
0.9495 0.999999 0.999999 1.38e-07 0 1
0.9505 0.999999 0.999999 1.38e-07 0 1
0.9515 0.999999 0.999999 1.38e-07 0 1
0.9525 0.999999 0.999999 1.38e-07 0 1
0.9535 0.999999 0.999999 1.38e-07 0 1
0.9545 0.999999 0.999999 1.38e-07 0 1
0.9555 0.999999 0.999999 1.38e-07 0 1
0.9565 0.999999 0.999999 1.38e-07 0 1
0.9575 0.999999 0.999999 1.38e-07 0 1
0.9585 0.999999 0.999999 1.38e-07 0 1
0.9595 0.999999 0.999999 1.38e-07 0 1
0.9605 0.999999 0.999999 1.38e-07 0 1
0.9615 0.999999 0.999999 1.38e-07 0 1
0.9625 0.999999 0.999999 1.38e-07 0 1
0.9635 0.999999 0.999999 1.38e-07 0 1
0.9645 0.999999 0.999999 1.38e-07 0 1
0.9655 0.999999 0.999999 1.38e-07 0 1
0.9665 0.999999 0.999999 1.38e-07 0 1
0.9675 0.999999 0.999999 1.38e-07 0 1
0.9685 0.999999 0.999999 1.38e-07 0 1
0.9695 0.999999 0.999999 1.38e-07 0 1
0.9705 0.999999 0.999999 1.38e-07 0 1
0.9715 0.999999 0.999999 1.38e-07 0 1
0.9725 0.999999 0.999999 1.38e-07 0 1
0.9735 0.999999 0.999999 1.38e-07 0 1
0.9745 0.999999 0.999999 1.38e-07 0 1
0.9755 0.999999 0.999999 1.38e-07 0 1
0.9765 0.999999 0.999999 1.38e-07 0 1
0.9775 0.999999 0.999999 1.38e-07 0 1
0.9785 0.999999 0.999999 1.38e-07 0 1
0.9795 0.999999 0.999999 1.38e-07 0 1
0.9805 0.999999 0.999999 1.38e-07 0 1
0.9815 0.999999 0.999999 1.38e-07 0 1
0.9825 0.999999 0.999999 1.38e-07 0 1
0.9835 0.999999 0.999999 1.38e-07 0 1
0.9845 0.999999 0.999999 1.38e-07 0 1
0.9855 0.999999 0.999999 1.38e-07 0 1
0.9865 0.999999 0.999999 1.38e-07 0 1
0.9875 0.999999 0.999999 1.38e-07 0 1
0.9885 0.999999 0.999999 1.38e-07 0 1
0.9895 0.999999 0.999999 1.38e-07 0 1
0.9905 0.999999 0.999999 1.38e-07 0 1
0.9915 0.999999 0.999999 1.38e-07 0 1
0.9925 0.999999 0.999999 1.38e-07 0 1
0.9935 0.999999 0.999999 1.38e-07 0 1
0.9945 0.999999 0.999999 1.38e-07 0 1
0.9955 0.999999 0.999999 1.38e-07 0 1
0.9965 0.999999 0.999999 1.38e-07 0 1
0.9975 0.999999 0.999999 1.38e-07 0 1
0.9985 0.999999 0.999999 1.38e-07 0 1
0.9995 0.999999 0.999999 1.38e-07 0 1
