x alpha rho1 rho2 v p
0.0005 0.999999 1.3765 1.38e-07 0.3948 1.57
0.0015 0.999999 1.3765 1.38e-07 0.3948 1.57
0.0025 0.999999 1.3765 1.38e-07 0.3948 1.57
0.0035 0.999999 1.3765 1.38e-07 0.3948 1.57
0.0045 0.999999 1.3765 1.38e-07 0.3948 1.57
0.0055 0.999999 1.3765 1.38e-07 0.3948 1.57
0.0065 0.999999 1.3765 1.38e-07 0.3948 1.57
0.0075 0.999999 1.3765 1.38e-07 0.3948 1.57
0.0085 0.999999 1.3765 1.38e-07 0.3948 1.57
0.0095 0.999999 1.3765 1.38e-07 0.3948 1.57
0.0105 0.999999 1.3765 1.38e-07 0.3948 1.57
0.0115 0.999999 1.3765 1.38e-07 0.3948 1.57
0.0125 0.999999 1.3765 1.38e-07 0.3948 1.57
0.0135 0.999999 1.3765 1.38e-07 0.3948 1.57
0.0145 0.999999 1.3765 1.38e-07 0.3948 1.57
0.0155 0.999999 1.3765 1.38e-07 0.3948 1.57
0.0165 0.999999 1.3765 1.38e-07 0.3948 1.57
0.0175 0.999999 1.3765 1.38e-07 0.3948 1.57
0.0185 0.999999 1.3765 1.38e-07 0.3948 1.57
0.0195 0.999999 1.3765 1.38e-07 0.3948 1.57
0.0205 0.999999 1.3765 1.38e-07 0.3948 1.57
0.0215 0.999999 1.3765 1.38e-07 0.3948 1.57
0.0225 0.999999 1.3765 1.38e-07 0.3948 1.57
0.0235 0.999999 1.3765 1.38e-07 0.3948 1.57
0.0245 0.999999 1.3765 1.38e-07 0.3948 1.57
0.0255 0.999999 1.3765 1.38e-07 0.3948 1.57
0.0265 0.999999 1.3765 1.38e-07 0.3948 1.57
0.0275 0.999999 1.3765 1.38e-07 0.3948 1.57
0.0285 0.999999 1.3765 1.38e-07 0.3948 1.57
0.0295 0.999999 1.3765 1.38e-07 0.3948 1.57
0.0305 0.999999 1.3765 1.38e-07 0.3948 1.57
0.0315 0.999999 1.3765 1.38e-07 0.3948 1.57
0.0325 0.999999 1.3765 1.38e-07 0.3948 1.57
0.0335 0.999999 1.3765 1.38e-07 0.3948 1.57
0.0345 0.999999 1.3765 1.38e-07 0.3948 1.57
0.0355 0.999999 1.3765 1.38e-07 0.3948 1.57
0.0365 0.999999 1.3765 1.38e-07 0.3948 1.57
0.0375 0.999999 1.3765 1.38e-07 0.3948 1.57
0.0385 0.999999 1.3765 1.38e-07 0.3948 1.57
0.0395 0.999999 1.3765 1.38e-07 0.3948 1.57
0.0405 0.999999 1.3765 1.38e-07 0.3948 1.57
0.0415 0.999999 1.3765 1.38e-07 0.3948 1.57
0.0425 0.999999 1.3765 1.38e-07 0.3948 1.57
0.0435 0.999999 1.3765 1.38e-07 0.3948 1.57
0.0445 0.999999 1.3765 1.38e-07 0.3948 1.57
0.0455 0.999999 1.3765 1.38e-07 0.3948 1.57
0.0465 0.999999 1.3765 1.38e-07 0.3948 1.57
0.0475 0.999999 1.3765 1.38e-07 0.3948 1.57
0.0485 0.999999 1.3765 1.38e-07 0.3948 1.57
0.0495 0.999999 1.3765 1.38e-07 0.3948 1.57
0.0505 0.999999 1.3765 1.38e-07 0.3948 1.57
0.0515 0.999999 1.3765 1.38e-07 0.3948 1.57
0.0525 0.999999 1.3765 1.38e-07 0.3948 1.57
0.0535 0.999999 1.3765 1.38e-07 0.3948 1.57
0.0545 0.999999 1.3765 1.38e-07 0.3948 1.57
0.0555 0.999999 1.3765 1.38e-07 0.3948 1.57
0.0565 0.999999 1.3765 1.38e-07 0.3948 1.57
0.0575 0.999999 1.3765 1.38e-07 0.3948 1.57
0.0585 0.999999 1.3765 1.38e-07 0.3948 1.57
0.0595 0.999999 1.3765 1.38e-07 0.3948 1.57
0.0605 0.999999 1.3765 1.38e-07 0.3948 1.57
0.0615 0.999999 1.3765 1.38e-07 0.3948 1.57
0.0625 0.999999 1.3765 1.38e-07 0.3948 1.57
0.0635 0.999999 1.3765 1.38e-07 0.3948 1.57
0.0645 0.999999 1.3765 1.38e-07 0.3948 1.57
0.0655 0.999999 1.3765 1.38e-07 0.3948 1.57
0.0665 0.999999 1.3765 1.38e-07 0.3948 1.57
0.0675 0.999999 1.3765 1.38e-07 0.3948 1.57
0.0685 0.999999 1.3765 1.38e-07 0.3948 1.57
0.0695 0.999999 1.3765 1.38e-07 0.3948 1.57
0.0705 0.999999 1.3765 1.38e-07 0.3948 1.57
0.0715 0.999999 1.3765 1.38e-07 0.3948 1.57
0.0725 0.999999 1.3765 1.38e-07 0.3948 1.57
0.0735 0.999999 1.3765 1.38e-07 0.3948 1.57
0.0745 0.999999 1.3765 1.38e-07 0.3948 1.57
0.0755 0.999999 1.3765 1.38e-07 0.3948 1.57
0.0765 0.999999 1.3765 1.38e-07 0.3948 1.57
0.0775 0.999999 1.3765 1.38e-07 0.3948 1.57
0.0785 0.999999 1.3765 1.38e-07 0.3948 1.57
0.0795 0.999999 1.3765 1.38e-07 0.3948 1.57
0.0805 0.999999 1.3765 1.38e-07 0.3948 1.57
0.0815 0.999999 1.3765 1.38e-07 0.3948 1.57
0.0825 0.999999 1.3765 1.38e-07 0.3948 1.57
0.0835 0.999999 1.3765 1.38e-07 0.3948 1.57
0.0845 0.999999 1.3765 1.38e-07 0.3948 1.57
0.0855 0.999999 1.3765 1.38e-07 0.3948 1.57
0.0865 0.999999 1.3765 1.38e-07 0.3948 1.57
0.0875 0.999999 1.3765 1.38e-07 0.3948 1.57
0.0885 0.999999 1.3765 1.38e-07 0.3948 1.57
0.0895 0.999999 1.3765 1.38e-07 0.3948 1.57
0.0905 0.999999 1.3765 1.38e-07 0.3948 1.57
0.0915 0.999999 1.3765 1.38e-07 0.3948 1.57
0.0925 0.999999 1.3765 1.38e-07 0.3948 1.57
0.0935 0.999999 1.3765 1.38e-07 0.3948 1.57
0.0945 0.999999 1.3765 1.38e-07 0.3948 1.57
0.0955 0.999999 1.3765 1.38e-07 0.3948 1.57
0.0965 0.999999 1.3765 1.38e-07 0.3948 1.57
0.0975 0.999999 1.3765 1.38e-07 0.3948 1.57
0.0985 0.999999 1.3765 1.38e-07 0.3948 1.57
0.0995 0.999999 1.3765 1.38e-07 0.3948 1.57
0.1005 0.999999 1.3765 1.38e-07 0.3948 1.57
0.1015 0.999999 1.3765 1.38e-07 0.3948 1.57
0.1025 0.999999 1.3765 1.38e-07 0.3948 1.57
0.1035 0.999999 1.3765 1.38e-07 0.3948 1.57
0.1045 0.999999 1.3765 1.38e-07 0.3948 1.57
0.1055 0.999999 1.3765 1.38e-07 0.3948 1.57
0.1065 0.999999 1.3765 1.38e-07 0.3948 1.57
0.1075 0.999999 1.3765 1.38e-07 0.3948 1.57
0.1085 0.999999 1.3765 1.38e-07 0.3948 1.57
0.1095 0.999999 1.3765 1.38e-07 0.3948 1.57
0.1105 0.999999 1.3765 1.38e-07 0.3948 1.57
0.1115 0.999999 1.3765 1.38e-07 0.3948 1.57
0.1125 0.999999 1.3765 1.38e-07 0.3948 1.57
0.1135 0.999999 1.3765 1.38e-07 0.3948 1.57
0.1145 0.999999 1.3765 1.38e-07 0.3948 1.57
0.1155 0.999999 1.3765 1.38e-07 0.3948 1.57
0.1165 0.999999 1.3765 1.38e-07 0.3948 1.57
0.1175 0.999999 1.3765 1.38e-07 0.3948 1.57
0.1185 0.999999 1.3765 1.38e-07 0.3948 1.57
0.1195 0.999999 1.3765 1.38e-07 0.3948 1.57
0.1205 0.999999 1.3765 1.38e-07 0.3948 1.57
0.1215 0.999999 1.3765 1.38e-07 0.3948 1.57
0.1225 0.999999 1.3765 1.38e-07 0.3948 1.57
0.1235 0.999999 1.3765 1.38e-07 0.3948 1.57
0.1245 0.999999 1.3765 1.38e-07 0.3948 1.57
0.1255 0.999999 1.3765 1.38e-07 0.3948 1.57
0.1265 0.999999 1.3765 1.38e-07 0.3948 1.57
0.1275 0.999999 1.3765 1.38e-07 0.3948 1.57
0.1285 0.999999 1.3765 1.38e-07 0.3948 1.57
0.1295 0.999999 1.3765 1.38e-07 0.3948 1.57
0.1305 0.999999 1.3765 1.38e-07 0.3948 1.57
0.1315 0.999999 1.3765 1.38e-07 0.3948 1.57
0.1325 0.999999 1.3765 1.38e-07 0.3948 1.57
0.1335 0.999999 1.3765 1.38e-07 0.3948 1.57
0.1345 0.999999 1.3765 1.38e-07 0.3948 1.57
0.1355 0.999999 1.3765 1.38e-07 0.3948 1.57
0.1365 0.999999 1.3765 1.38e-07 0.3948 1.57
0.1375 0.999999 1.3765 1.38e-07 0.3948 1.57
0.1385 0.999999 1.3765 1.38e-07 0.3948 1.57
0.1395 0.999999 1.3765 1.38e-07 0.3948 1.57
0.1405 0.999999 1.3765 1.38e-07 0.3948 1.57
0.1415 0.999999 1.3765 1.38e-07 0.3948 1.57
0.1425 0.999999 1.3765 1.38e-07 0.3948 1.57
0.1435 0.999999 1.3765 1.38e-07 0.3948 1.57
0.1445 0.999999 1.3765 1.38e-07 0.3948 1.57
0.1455 0.999999 1.3765 1.38e-07 0.3948 1.57
0.1465 0.999999 1.3765 1.38e-07 0.3948 1.57
0.1475 0.999999 1.3765 1.38e-07 0.3948 1.57
0.1485 0.999999 1.3765 1.38e-07 0.3948 1.57
0.1495 0.999999 1.3765 1.38e-07 0.3948 1.57
0.1505 0.999999 1.3765 1.38e-07 0.3948 1.57
0.1515 0.999999 1.3765 1.38e-07 0.3948 1.57
0.1525 0.999999 1.3765 1.38e-07 0.3948 1.57
0.1535 0.999999 1.3765 1.38e-07 0.394801 1.57
0.1545 0.999999 1.3765 1.38e-07 0.394801 1.57
0.1555 0.999999 1.3765 1.38e-07 0.394802 1.57
0.1565 1 1.3765 1.38e-07 0.394802 1.57
0.1575 1 1.3765 1.38e-07 0.394803 1.56999
0.1585 1 1.37649 1.37999e-07 0.394805 1.56999
0.1595 1 1.37649 1.37999e-07 0.394807 1.56999
0.1605 1 1.37649 1.37999e-07 0.39481 1.56998
0.1615 1 1.37648 1.37999e-07 0.394814 1.56997
0.1625 1 1.37648 1.37998e-07 0.394819 1.56997
0.1635 1 1.37647 1.37997e-07 0.394825 1.56996
0.1645 1.00001 1.37646 1.37997e-07 0.394833 1.56994
0.1655 1.00001 1.37645 1.37996e-07 0.394842 1.56992
0.1665 1.00001 1.37644 1.37994e-07 0.394854 1.5699
0.1675 1.00001 1.37643 1.37993e-07 0.394868 1.56988
0.1685 1.00001 1.37641 1.37991e-07 0.394885 1.56985
0.1695 1.00002 1.37639 1.37989e-07 0.394905 1.56981
0.1705 1.00002 1.37636 1.37986e-07 0.394928 1.56977
0.1715 1.00002 1.37634 1.37984e-07 0.394953 1.56973
0.1725 1.00002 1.3763 1.37981e-07 0.394982 1.56968
0.1735 1.00002 1.37627 1.37977e-07 0.395014 1.56962
0.1745 1.00003 1.37623 1.37973e-07 0.395048 1.56956
0.1755 1.00003 1.37619 1.37969e-07 0.395085 1.5695
0.1765 1.00003 1.37615 1.37965e-07 0.395123 1.56943
0.1775 1.00003 1.37611 1.37961e-07 0.395163 1.56936
0.1785 1.00003 1.37607 1.37957e-07 0.395203 1.56929
0.1795 1.00003 1.37602 1.37952e-07 0.395243 1.56922
0.1805 1.00003 1.37598 1.37948e-07 0.395282 1.56915
0.1815 1.00003 1.37594 1.37944e-07 0.39532 1.56909
0.1825 1.00003 1.3759 1.3794e-07 0.395354 1.56903
0.1835 1.00002 1.37587 1.37937e-07 0.395386 1.56897
0.1845 1.00002 1.37584 1.37933e-07 0.395413 1.56893
0.1855 1.00002 1.37581 1.37931e-07 0.395436 1.56889
0.1865 1.00001 1.37579 1.37929e-07 0.395454 1.56886
0.1875 1.00001 1.37577 1.37927e-07 0.395467 1.56884
0.1885 1 1.37576 1.37926e-07 0.395475 1.56883
0.1895 1 1.37576 1.37926e-07 0.395477 1.56882
0.1905 0.999996 1.37576 1.37926e-07 0.395475 1.56883
0.1915 0.999993 1.37577 1.37927e-07 0.395468 1.56884
0.1925 0.99999 1.37578 1.37928e-07 0.395457 1.56886
0.1935 0.999987 1.3758 1.3793e-07 0.395443 1.56889
0.1945 0.999985 1.37582 1.37931e-07 0.395425 1.56892
0.1955 0.999983 1.37584 1.37934e-07 0.395405 1.56895
0.1965 0.999982 1.37586 1.37936e-07 0.395383 1.56899
0.1975 0.999981 1.37588 1.37938e-07 0.395361 1.56903
0.1985 0.99998 1.37591 1.37941e-07 0.395337 1.56907
0.1995 0.99998 1.37594 1.37944e-07 0.395313 1.56911
0.2005 0.999981 1.37596 1.37946e-07 0.39529 1.56915
0.2015 0.999981 1.37599 1.37949e-07 0.395267 1.56919
0.2025 0.999982 1.37601 1.37951e-07 0.395245 1.56923
0.2035 0.999983 1.37603 1.37953e-07 0.395224 1.56927
0.2045 0.999983 1.37606 1.37956e-07 0.395204 1.5693
0.2055 0.999984 1.37608 1.37958e-07 0.395185 1.56933
0.2065 0.999985 1.3761 1.3796e-07 0.395168 1.56936
0.2075 0.999986 1.37611 1.37961e-07 0.395151 1.56939
0.2085 0.999987 1.37613 1.37963e-07 0.395136 1.56942
0.2095 0.999988 1.37615 1.37965e-07 0.395122 1.56944
0.2105 0.999989 1.37616 1.37966e-07 0.395109 1.56947
0.2115 0.99999 1.37617 1.37967e-07 0.395097 1.56949
0.2125 0.99999 1.37619 1.37969e-07 0.395086 1.56951
0.2135 0.999991 1.3762 1.3797e-07 0.395076 1.56952
0.2145 0.999992 1.37621 1.37971e-07 0.395066 1.56954
0.2155 0.999992 1.37622 1.37972e-07 0.395057 1.56956
0.2165 0.999992 1.37623 1.37973e-07 0.395049 1.56957
0.2175 0.999993 1.37624 1.37974e-07 0.395041 1.56958
0.2185 0.999993 1.37624 1.37974e-07 0.395033 1.5696
0.2195 0.999994 1.37625 1.37975e-07 0.395026 1.56961
0.2205 0.999994 1.37626 1.37976e-07 0.39502 1.56962
0.2215 0.999994 1.37626 1.37977e-07 0.395014 1.56963
0.2225 0.999994 1.37627 1.37977e-07 0.395008 1.56964
0.2235 0.999995 1.37628 1.37978e-07 0.395002 1.56965
0.2245 0.999995 1.37628 1.37978e-07 0.394997 1.56966
0.2255 0.999995 1.37629 1.37979e-07 0.394992 1.56967
0.2265 0.999995 1.37629 1.3798e-07 0.394987 1.56968
0.2275 0.999995 1.3763 1.3798e-07 0.394982 1.56968
0.2285 0.999996 1.3763 1.3798e-07 0.394978 1.56969
0.2295 0.999996 1.37631 1.37981e-07 0.394974 1.5697
0.2305 0.999996 1.37631 1.37981e-07 0.39497 1.56971
0.2315 0.999996 1.37632 1.37982e-07 0.394966 1.56971
0.2325 0.999996 1.37632 1.37982e-07 0.394962 1.56972
0.2335 0.999996 1.37633 1.37983e-07 0.394958 1.56973
0.2345 0.999996 1.37633 1.37983e-07 0.394955 1.56973
0.2355 0.999996 1.37633 1.37983e-07 0.394951 1.56974
0.2365 0.999996 1.37634 1.37984e-07 0.394948 1.56974
0.2375 0.999997 1.37634 1.37984e-07 0.394945 1.56975
0.2385 0.999997 1.37634 1.37984e-07 0.394942 1.56975
0.2395 0.999997 1.37635 1.37985e-07 0.394939 1.56976
0.2405 0.999997 1.37635 1.37985e-07 0.394936 1.56976
0.2415 0.999997 1.37635 1.37985e-07 0.394934 1.56977
0.2425 0.999997 1.37636 1.37986e-07 0.394931 1.56977
0.2435 0.999997 1.37636 1.37986e-07 0.394929 1.56978
0.2445 0.999997 1.37636 1.37986e-07 0.394926 1.56978
0.2455 0.999997 1.37636 1.37986e-07 0.394924 1.56979
0.2465 0.999997 1.37637 1.37987e-07 0.394921 1.56979
0.2475 0.999997 1.37637 1.37987e-07 0.394919 1.56979
0.2485 0.999997 1.37637 1.37987e-07 0.394917 1.5698
0.2495 0.999997 1.37637 1.37987e-07 0.394915 1.5698
0.2505 0.999997 1.37638 1.37988e-07 0.394913 1.5698
0.2515 0.999998 1.37638 1.37988e-07 0.394911 1.56981
0.2525 0.999998 1.37638 1.37988e-07 0.394909 1.56981
0.2535 0.999998 1.37638 1.37988e-07 0.394907 1.56981
0.2545 0.999998 1.37638 1.37988e-07 0.394905 1.56982
0.2555 0.999998 1.37639 1.37989e-07 0.394903 1.56982
0.2565 0.999998 1.37639 1.37989e-07 0.394902 1.56982
0.2575 0.999998 1.37639 1.37989e-07 0.3949 1.56983
0.2585 0.999998 1.37639 1.37989e-07 0.394898 1.56983
0.2595 0.999998 1.37639 1.37989e-07 0.394897 1.56983
0.2605 0.999998 1.37639 1.3799e-07 0.394895 1.56983
0.2615 0.999998 1.3764 1.3799e-07 0.394894 1.56984
0.2625 0.999998 1.3764 1.37992e-07 0.394892 1.56984
0.2635 0.999997 1.3764 1.37995e-07 0.394891 1.56984
0.2645 0.999996 1.3764 1.38002e-07 0.394889 1.56985
0.2655 0.999994 1.37639 1.38018e-07 0.394888 1.56985
0.2665 0.99999 1.37638 1.3805e-07 0.394887 1.56985
0.2675 0.999983 1.37636 1.38114e-07 0.394885 1.56985
0.2685 0.99997 1.37632 1.38229e-07 0.394884 1.56985
0.2695 0.999951 1.37626 1.38428e-07 0.394883 1.56986
0.2705 0.999923 1.37616 1.38754e-07 0.394882 1.56986
0.2715 0.999885 1.37601 1.39261e-07 0.394881 1.56986
0.2725 0.999835 1.37581 1.40012e-07 0.394879 1.56986
0.2735 0.999774 1.37554 1.41074e-07 0.394878 1.56986
0.2745 0.999704 1.37521 1.42509e-07 0.394877 1.56987
0.2755 0.99963 1.37481 1.44364e-07 0.394876 1.56987
0.2765 0.999556 1.37436 1.46667e-07 0.394875 1.56987
0.2775 0.999489 1.37389 1.4941e-07 0.394874 1.56987
0.2785 0.999436 1.37341 1.52555e-07 0.394873 1.56987
0.2795 0.9994 1.37295 1.56026e-07 0.394872 1.56988
0.2805 0.999387 1.37256 1.59721e-07 0.394871 1.56988
0.2815 0.999396 1.37224 1.63518e-07 0.39487 1.56988
0.2825 0.999426 1.37201 1.67287e-07 0.394869 1.56988
0.2835 0.999473 1.37189 1.70906e-07 0.394868 1.56988
0.2845 0.999532 1.37188 1.74272e-07 0.394867 1.56988
0.2855 0.999597 1.37196 1.77305e-07 0.394866 1.56989
0.2865 0.999663 1.37212 1.79956e-07 0.394865 1.56989
0.2875 0.999726 1.37235 1.82205e-07 0.394865 1.56989
0.2885 0.99978 1.37261 1.8406e-07 0.394864 1.56989
0.2895 0.999826 1.3729 1.85548e-07 0.394863 1.56989
0.2905 0.999863 1.37319 1.86709e-07 0.394862 1.56989
0.2915 0.99989 1.37347 1.87593e-07 0.394862 1.56989
0.2925 0.999908 1.37373 1.88249e-07 0.394861 1.56989
0.2935 0.999921 1.37398 1.88725e-07 0.39486 1.5699
0.2945 0.999928 1.3742 1.89063e-07 0.394859 1.5699
0.2955 0.999931 1.37439 1.89299e-07 0.394859 1.5699
0.2965 0.999932 1.37456 1.8946e-07 0.394858 1.5699
0.2975 0.999932 1.37471 1.8957e-07 0.394857 1.5699
0.2985 0.999931 1.37484 1.89644e-07 0.394857 1.5699
0.2995 0.999929 1.37495 1.89695e-07 0.394856 1.5699
0.3005 0.999928 1.37505 1.8973e-07 0.394855 1.5699
0.3015 0.999926 1.37514 1.89754e-07 0.394855 1.5699
0.3025 0.999925 1.37522 1.89772e-07 0.394854 1.56991
0.3035 0.999924 1.37529 1.89786e-07 0.394853 1.56991
0.3045 0.999923 1.37536 1.89797e-07 0.394853 1.56991
0.3055 0.999923 1.37542 1.89806e-07 0.394852 1.56991
0.3065 0.999922 1.37547 1.89814e-07 0.394851 1.56991
0.3075 0.999922 1.37552 1.89821e-07 0.394851 1.56991
0.3085 0.999922 1.37556 1.89828e-07 0.39485 1.56991
0.3095 0.999922 1.3756 1.89834e-07 0.39485 1.56991
0.3105 0.999922 1.37564 1.89839e-07 0.394849 1.56991
0.3115 0.999922 1.37568 1.89844e-07 0.394849 1.56992
0.3125 0.999922 1.37571 1.89849e-07 0.394848 1.56992
0.3135 0.999922 1.37575 1.89853e-07 0.394848 1.56992
0.3145 0.999922 1.37578 1.89857e-07 0.394847 1.56992
0.3155 0.999922 1.3758 1.89861e-07 0.394847 1.56992
0.3165 0.999922 1.37583 1.89865e-07 0.394847 1.56992
0.3175 0.999922 1.37586 1.89868e-07 0.394846 1.56992
0.3185 0.999922 1.37588 1.89871e-07 0.394846 1.56992
0.3195 0.999922 1.3759 1.89874e-07 0.394845 1.56992
0.3205 0.999922 1.37592 1.89877e-07 0.394845 1.56992
0.3215 0.999922 1.37594 1.8988e-07 0.394845 1.56992
0.3225 0.999922 1.37596 1.89883e-07 0.394844 1.56992
0.3235 0.999923 1.37598 1.89885e-07 0.394844 1.56992
0.3245 0.999923 1.376 1.89888e-07 0.394843 1.56992
0.3255 0.999923 1.37601 1.8989e-07 0.394843 1.56993
0.3265 0.999923 1.37603 1.89892e-07 0.394842 1.56993
0.3275 0.999923 1.37604 1.89894e-07 0.394842 1.56993
0.3285 0.999923 1.37606 1.89896e-07 0.394841 1.56993
0.3295 0.999923 1.37607 1.89898e-07 0.394841 1.56993
0.3305 0.999923 1.37608 1.899e-07 0.39484 1.56993
0.3315 0.999924 1.3761 1.89901e-07 0.39484 1.56993
0.3325 0.999924 1.37611 1.89903e-07 0.39484 1.56993
0.3335 0.999924 1.37612 1.89905e-07 0.394839 1.56993
0.3345 0.999924 1.37613 1.89906e-07 0.394839 1.56993
0.3355 0.999924 1.37614 1.89908e-07 0.394839 1.56993
0.3365 0.999924 1.37615 1.89909e-07 0.394838 1.56993
0.3375 0.999924 1.37616 1.8991e-07 0.394838 1.56993
0.3385 0.999925 1.37617 1.89912e-07 0.394837 1.56993
0.3395 0.999925 1.37618 1.89913e-07 0.394837 1.56993
0.3405 0.999925 1.37618 1.89914e-07 0.394836 1.56993
0.3415 0.999925 1.37619 1.89914e-07 0.394834 1.56993
0.3425 0.999925 1.37619 1.89915e-07 0.394831 1.56992
0.3435 0.999925 1.3762 1.89915e-07 0.394826 1.56992
0.3445 0.999925 1.3762 1.89915e-07 0.394818 1.5699
0.3455 0.999925 1.37619 1.89914e-07 0.394805 1.56988
0.3465 0.999925 1.37617 1.89912e-07 0.394784 1.56985
0.3475 0.999925 1.37614 1.89908e-07 0.39475 1.56979
0.3485 0.999925 1.37609 1.89901e-07 0.394694 1.56969
0.3495 0.999925 1.376 1.89888e-07 0.394605 1.56954
0.3505 0.999925 1.37585 1.89868e-07 0.394463 1.56929
0.3515 0.999925 1.37561 1.89835e-07 0.39424 1.56891
0.3525 0.999925 1.37524 1.89783e-07 0.39389 1.5683
0.3535 0.999926 1.37465 1.89702e-07 0.393346 1.56736
0.3545 0.999926 1.37374 1.89577e-07 0.392505 1.5659
0.3555 0.999926 1.37235 1.89384e-07 0.391217 1.56366
0.3565 0.999927 1.37022 1.89091e-07 0.389255 1.56027
0.3575 0.999928 1.36702 1.88648e-07 0.386291 1.55514
0.3585 0.999932 1.36223 1.87987e-07 0.381854 1.5475
0.3595 0.999938 1.35516 1.87012e-07 0.375284 1.53624
0.3605 0.999951 1.34489 1.85595e-07 0.36569 1.51993
0.3615 0.999976 1.3303 1.83581e-07 0.351938 1.49679
0.3625 1.00002 1.31014 1.808e-07 0.332724 1.46495
0.3635 1.0001 1.28338 1.77107e-07 0.306806 1.42292
0.3645 1.0002 1.2497 1.72459e-07 0.273485 1.37041
0.3655 1.00031 1.21012 1.66997e-07 0.233301 1.30934
0.3665 1.00039 1.16742 1.61104e-07 0.188635 1.2443
0.3675 1.00039 1.12567 1.55342e-07 0.143593 1.18167
0.3685 1.00031 1.0889 1.50268e-07 0.102786 1.12739
0.3695 1.0002 1.05963 1.46229e-07 0.069552 1.08482
0.3705 1.00011 1.0383 1.43286e-07 0.0449369 1.05418
0.3715 1.00005 1.02382 1.41287e-07 0.028042 1.03356
0.3725 1.00002 1.01447 1.39997e-07 0.017075 1.02034
0.3735 1.00001 1.00865 1.39194e-07 0.0102236 1.01214
0.3745 1 1.00512 1.38706e-07 0.0060505 1.00718
0.3755 1 1.003 1.38414e-07 0.00355092 1.00421
0.3765 0.999999 1.00175 1.38242e-07 0.0020705 1.00245
0.3775 0.999999 1.00101 1.3814e-07 0.00120073 1.00142
0.3785 0.999999 1.00058 1.38081e-07 0.000692894 1.00082
0.3795 0.999999 1.00034 1.38046e-07 0.000397934 1.00047
0.3805 0.999999 1.00019 1.38027e-07 0.000227442 1.00027
0.3815 0.999999 1.00011 1.38015e-07 0.000129357 1.00015
0.3825 0.999999 1.00006 1.38009e-07 7.31945e-05 1.00009
0.3835 0.999999 1.00003 1.38005e-07 4.11949e-05 1.00005
0.3845 0.999999 1.00002 1.38003e-07 2.30559e-05 1.00003
0.3855 0.999999 1.00001 1.38001e-07 1.28288e-05 1.00002
0.3865 0.999999 1 1.38001e-07 7.09503e-06 1.00001
0.3875 0.999999 1 1.38e-07 3.8993e-06 1
0.3885 0.999999 1 1.38e-07 2.12906e-06 1
0.3895 0.999999 1 1.38e-07 1.1547e-06 1
0.3905 0.999999 1 1.38e-07 6.21933e-07 1
0.3915 0.999999 0.999999 1.38e-07 3.32608e-07 1
0.3925 0.999999 0.999999 1.38e-07 1.76589e-07 1
0.3935 0.999999 0.999999 1.38e-07 9.30631e-08 1
0.3945 0.999999 0.999999 1.38e-07 4.86795e-08 1
0.3955 0.999999 0.999999 1.38e-07 2.52788e-08 1
0.3965 0.999999 0.999999 1.38e-07 1.30471e-08 1
0.3975 0.999999 0.999999 1.38e-07 6.72577e-09 1
0.3985 0.999999 0.999999 1.38e-07 3.52827e-09 1
0.3995 0.999999 0.999999 1.38e-07 2.10124e-09 1
0.4005 1.00173e-06 1.00187e-06 0.138 1.71326e-09 1
0.4015 1e-06 1e-06 0.138 1.29494e-09 1
0.4025 1e-06 1e-06 0.138 9.62274e-10 1
0.4035 1e-06 1e-06 0.138 7.13501e-10 1
0.4045 1e-06 1e-06 0.138 5.2787e-10 1
0.4055 1e-06 1e-06 0.138 3.89659e-10 1
0.4065 1e-06 1e-06 0.138 2.86984e-10 1
0.4075 1e-06 1e-06 0.138 2.1088e-10 1
0.4085 1e-06 1e-06 0.138 1.54598e-10 1
0.4095 1e-06 1e-06 0.138 1.13073e-10 1
0.4105 1e-06 1e-06 0.138 8.25062e-11 1
0.4115 1e-06 1e-06 0.138 6.00581e-11 1
0.4125 1e-06 1e-06 0.138 4.36126e-11 1
0.4135 1e-06 1e-06 0.138 3.15934e-11 1
0.4145 1e-06 1e-06 0.138 2.283e-11 1
0.4155 1e-06 1e-06 0.138 1.64563e-11 1
0.4165 1e-06 1e-06 0.138 1.18325e-11 1
0.4175 1e-06 1e-06 0.138 8.48593e-12 1
0.4185 1e-06 1e-06 0.138 6.07044e-12 1
0.4195 1e-06 1e-06 0.138 4.33136e-12 1
0.4205 1e-06 1e-06 0.138 3.08244e-12 1
0.4215 1e-06 1e-06 0.138 2.18745e-12 1
0.4225 1e-06 1e-06 0.138 1.54882e-12 1
0.4235 1e-06 1e-06 0.138 1.09402e-12 1
0.4245 1e-06 1e-06 0.138 7.69958e-13 1
0.4255 1e-06 1e-06 0.138 5.40783e-13 1
0.4265 1e-06 1e-06 0.138 3.78562e-13 1
0.4275 1e-06 1e-06 0.138 2.64296e-13 1
0.4285 1e-06 1e-06 0.138 1.84095e-13 1
0.4295 1e-06 1e-06 0.138 1.27663e-13 1
0.4305 1e-06 1e-06 0.138 8.81863e-14 1
0.4315 1e-06 1e-06 0.138 6.03294e-14 1
0.4325 1e-06 1e-06 0.138 4.14811e-14 1
0.4335 1e-06 1e-06 0.138 2.83099e-14 1
0.4345 1e-06 1e-06 0.138 1.97569e-14 1
0.4355 1e-06 1e-06 0.138 1.35117e-14 1
0.4365 1e-06 1e-06 0.138 8.85589e-15 1
0.4375 1e-06 1e-06 0.138 5.67699e-15 1
0.4385 1e-06 1e-06 0.138 3.48178e-15 1
0.4395 1e-06 1e-06 0.138 2.27027e-15 1
0.4405 1e-06 1e-06 0.138 1.28657e-15 1
0.4415 1e-06 1e-06 0.138 3.40408e-16 1
0.4425 1e-06 1e-06 0.138 3.02878e-16 1
0.4435 1e-06 1e-06 0.138 3.02878e-16 1
0.4445 1e-06 1e-06 0.138 3.02878e-16 1
0.4455 1e-06 1e-06 0.138 3.02878e-16 1
0.4465 1e-06 1e-06 0.138 3.02878e-16 1
0.4475 1e-06 1e-06 0.138 3.02878e-16 1
0.4485 1e-06 1e-06 0.138 3.02878e-16 1
0.4495 1e-06 1e-06 0.138 3.02878e-16 1
0.4505 1e-06 1e-06 0.138 3.02878e-16 1
0.4515 1e-06 1e-06 0.138 3.02878e-16 1
0.4525 1e-06 1e-06 0.138 3.02878e-16 1
0.4535 1e-06 1e-06 0.138 3.02878e-16 1
0.4545 1e-06 1e-06 0.138 3.02878e-16 1
0.4555 1e-06 1e-06 0.138 3.02878e-16 1
0.4565 1e-06 1e-06 0.138 3.02878e-16 1
0.4575 1e-06 1e-06 0.138 3.02878e-16 1
0.4585 1e-06 1e-06 0.138 3.02878e-16 1
0.4595 1e-06 1e-06 0.138 3.02878e-16 1
0.4605 1e-06 1e-06 0.138 3.02878e-16 1
0.4615 1e-06 1e-06 0.138 3.02878e-16 1
0.4625 1e-06 1e-06 0.138 3.02878e-16 1
0.4635 1e-06 1e-06 0.138 3.02878e-16 1
0.4645 1e-06 1e-06 0.138 3.75298e-17 1
0.4655 1e-06 1e-06 0.138 0 1
0.4665 1e-06 1e-06 0.138 0 1
0.4675 1e-06 1e-06 0.138 0 1
0.4685 1e-06 1e-06 0.138 0 1
0.4695 1e-06 1e-06 0.138 0 1
0.4705 1e-06 1e-06 0.138 0 1
0.4715 1e-06 1e-06 0.138 0 1
0.4725 1e-06 1e-06 0.138 0 1
0.4735 1e-06 1e-06 0.138 0 1
0.4745 1e-06 1e-06 0.138 0 1
0.4755 1e-06 1e-06 0.138 0 1
0.4765 1e-06 1e-06 0.138 0 1
0.4775 1e-06 1e-06 0.138 0 1
0.4785 1e-06 1e-06 0.138 0 1
0.4795 1e-06 1e-06 0.138 0 1
0.4805 1e-06 1e-06 0.138 0 1
0.4815 1e-06 1e-06 0.138 0 1
0.4825 1e-06 1e-06 0.138 0 1
0.4835 1e-06 1e-06 0.138 0 1
0.4845 1e-06 1e-06 0.138 0 1
0.4855 1e-06 1e-06 0.138 0 1
0.4865 1e-06 1e-06 0.138 0 1
0.4875 1e-06 1e-06 0.138 0 1
0.4885 1e-06 1e-06 0.138 0 1
0.4895 1e-06 1e-06 0.138 0 1
0.4905 1e-06 1e-06 0.138 0 1
0.4915 1e-06 1e-06 0.138 0 1
0.4925 1e-06 1e-06 0.138 0 1
0.4935 1e-06 1e-06 0.138 0 1
0.4945 1e-06 1e-06 0.138 0 1
0.4955 1e-06 1e-06 0.138 0 1
0.4965 1e-06 1e-06 0.138 0 1
0.4975 1e-06 1e-06 0.138 0 1
0.4985 1e-06 1e-06 0.138 0 1
0.4995 1e-06 1e-06 0.138 0 1
0.5005 1e-06 1e-06 0.138 0 1
0.5015 1e-06 1e-06 0.138 0 1
0.5025 1e-06 1e-06 0.138 0 1
0.5035 1e-06 1e-06 0.138 0 1
0.5045 1e-06 1e-06 0.138 0 1
0.5055 1e-06 1e-06 0.138 0 1
0.5065 1e-06 1e-06 0.138 0 1
0.5075 1e-06 1e-06 0.138 0 1
0.5085 1e-06 1e-06 0.138 0 1
0.5095 1e-06 1e-06 0.138 0 1
0.5105 1e-06 1e-06 0.138 0 1
0.5115 1e-06 1e-06 0.138 0 1
0.5125 1e-06 1e-06 0.138 0 1
0.5135 1e-06 1e-06 0.138 0 1
0.5145 1e-06 1e-06 0.138 0 1
0.5155 1e-06 1e-06 0.138 0 1
0.5165 1e-06 1e-06 0.138 0 1
0.5175 1e-06 1e-06 0.138 0 1
0.5185 1e-06 1e-06 0.138 0 1
0.5195 1e-06 1e-06 0.138 0 1
0.5205 1e-06 1e-06 0.138 0 1
0.5215 1e-06 1e-06 0.138 0 1
0.5225 1e-06 1e-06 0.138 0 1
0.5235 1e-06 1e-06 0.138 0 1
0.5245 1e-06 1e-06 0.138 0 1
0.5255 1e-06 1e-06 0.138 0 1
0.5265 1e-06 1e-06 0.138 0 1
0.5275 1e-06 1e-06 0.138 0 1
0.5285 1e-06 1e-06 0.138 0 1
0.5295 1e-06 1e-06 0.138 0 1
0.5305 1e-06 1e-06 0.138 0 1
0.5315 1e-06 1e-06 0.138 0 1
0.5325 1e-06 1e-06 0.138 0 1
0.5335 1e-06 1e-06 0.138 0 1
0.5345 1e-06 1e-06 0.138 0 1
0.5355 1e-06 1e-06 0.138 0 1
0.5365 1e-06 1e-06 0.138 0 1
0.5375 1e-06 1e-06 0.138 0 1
0.5385 1e-06 1e-06 0.138 0 1
0.5395 1e-06 1e-06 0.138 0 1
0.5405 1e-06 1e-06 0.138 0 1
0.5415 1e-06 1e-06 0.138 0 1
0.5425 1e-06 1e-06 0.138 0 1
0.5435 1e-06 1e-06 0.138 0 1
0.5445 1e-06 1e-06 0.138 0 1
0.5455 1e-06 1e-06 0.138 0 1
0.5465 1e-06 1e-06 0.138 0 1
0.5475 1e-06 1e-06 0.138 0 1
0.5485 1e-06 1e-06 0.138 0 1
0.5495 1e-06 1e-06 0.138 0 1
0.5505 1e-06 1e-06 0.138 0 1
0.5515 1e-06 1e-06 0.138 0 1
0.5525 1e-06 1e-06 0.138 0 1
0.5535 1e-06 1e-06 0.138 0 1
0.5545 1e-06 1e-06 0.138 0 1
0.5555 1e-06 1e-06 0.138 0 1
0.5565 1e-06 1e-06 0.138 0 1
0.5575 1e-06 1e-06 0.138 0 1
0.5585 1e-06 1e-06 0.138 0 1
0.5595 1e-06 1e-06 0.138 0 1
0.5605 1e-06 1e-06 0.138 0 1
0.5615 1e-06 1e-06 0.138 0 1
0.5625 1e-06 1e-06 0.138 0 1
0.5635 1e-06 1e-06 0.138 0 1
0.5645 1e-06 1e-06 0.138 0 1
0.5655 1e-06 1e-06 0.138 0 1
0.5665 1e-06 1e-06 0.138 0 1
0.5675 1e-06 1e-06 0.138 0 1
0.5685 1e-06 1e-06 0.138 0 1
0.5695 1e-06 1e-06 0.138 0 1
0.5705 1e-06 1e-06 0.138 0 1
0.5715 1e-06 1e-06 0.138 0 1
0.5725 1e-06 1e-06 0.138 0 1
0.5735 1e-06 1e-06 0.138 0 1
0.5745 1e-06 1e-06 0.138 0 1
0.5755 1e-06 1e-06 0.138 0 1
0.5765 1e-06 1e-06 0.138 0 1
0.5775 1e-06 1e-06 0.138 0 1
0.5785 1e-06 1e-06 0.138 0 1
0.5795 1e-06 1e-06 0.138 0 1
0.5805 1e-06 1e-06 0.138 0 1
0.5815 1e-06 1e-06 0.138 0 1
0.5825 1e-06 1e-06 0.138 0 1
0.5835 1e-06 1e-06 0.138 0 1
0.5845 1e-06 1e-06 0.138 0 1
0.5855 1e-06 1e-06 0.138 0 1
0.5865 1e-06 1e-06 0.138 0 1
0.5875 1e-06 1e-06 0.138 0 1
0.5885 1e-06 1e-06 0.138 0 1
0.5895 1e-06 1e-06 0.138 0 1
0.5905 1e-06 1e-06 0.138 0 1
0.5915 1e-06 1e-06 0.138 0 1
0.5925 1e-06 1e-06 0.138 0 1
0.5935 1e-06 1e-06 0.138 0 1
0.5945 1e-06 1e-06 0.138 0 1
0.5955 1e-06 1e-06 0.138 0 1
0.5965 1e-06 1e-06 0.138 0 1
0.5975 1e-06 1e-06 0.138 0 1
0.5985 1e-06 1e-06 0.138 0 1
0.5995 1e-06 1e-06 0.138 0 1
0.6005 0.999999 0.999999 1.38e-07 0 1
0.6015 0.999999 0.999999 1.38e-07 0 1
0.6025 0.999999 0.999999 1.38e-07 0 1
0.6035 0.999999 0.999999 1.38e-07 0 1
0.6045 0.999999 0.999999 1.38e-07 0 1
0.6055 0.999999 0.999999 1.38e-07 0 1
0.6065 0.999999 0.999999 1.38e-07 0 1
0.6075 0.999999 0.999999 1.38e-07 0 1
0.6085 0.999999 0.999999 1.38e-07 0 1
0.6095 0.999999 0.999999 1.38e-07 0 1
0.6105 0.999999 0.999999 1.38e-07 0 1
0.6115 0.999999 0.999999 1.38e-07 0 1
0.6125 0.999999 0.999999 1.38e-07 0 1
0.6135 0.999999 0.999999 1.38e-07 0 1
0.6145 0.999999 0.999999 1.38e-07 0 1
0.6155 0.999999 0.999999 1.38e-07 0 1
0.6165 0.999999 0.999999 1.38e-07 0 1
0.6175 0.999999 0.999999 1.38e-07 0 1
0.6185 0.999999 0.999999 1.38e-07 0 1
0.6195 0.999999 0.999999 1.38e-07 0 1
0.6205 0.999999 0.999999 1.38e-07 0 1
0.6215 0.999999 0.999999 1.38e-07 0 1
0.6225 0.999999 0.999999 1.38e-07 0 1
0.6235 0.999999 0.999999 1.38e-07 0 1
0.6245 0.999999 0.999999 1.38e-07 0 1
0.6255 0.999999 0.999999 1.38e-07 0 1
0.6265 0.999999 0.999999 1.38e-07 0 1
0.6275 0.999999 0.999999 1.38e-07 0 1
0.6285 0.999999 0.999999 1.38e-07 0 1
0.6295 0.999999 0.999999 1.38e-07 0 1
0.6305 0.999999 0.999999 1.38e-07 0 1
0.6315 0.999999 0.999999 1.38e-07 0 1
0.6325 0.999999 0.999999 1.38e-07 0 1
0.6335 0.999999 0.999999 1.38e-07 0 1
0.6345 0.999999 0.999999 1.38e-07 0 1
0.6355 0.999999 0.999999 1.38e-07 0 1
0.6365 0.999999 0.999999 1.38e-07 0 1
0.6375 0.999999 0.999999 1.38e-07 0 1
0.6385 0.999999 0.999999 1.38e-07 0 1
0.6395 0.999999 0.999999 1.38e-07 0 1
0.6405 0.999999 0.999999 1.38e-07 0 1
0.6415 0.999999 0.999999 1.38e-07 0 1
0.6425 0.999999 0.999999 1.38e-07 0 1
0.6435 0.999999 0.999999 1.38e-07 0 1
0.6445 0.999999 0.999999 1.38e-07 0 1
0.6455 0.999999 0.999999 1.38e-07 0 1
0.6465 0.999999 0.999999 1.38e-07 0 1
0.6475 0.999999 0.999999 1.38e-07 0 1
0.6485 0.999999 0.999999 1.38e-07 0 1
0.6495 0.999999 0.999999 1.38e-07 0 1
0.6505 0.999999 0.999999 1.38e-07 0 1
0.6515 0.999999 0.999999 1.38e-07 0 1
0.6525 0.999999 0.999999 1.38e-07 0 1
0.6535 0.999999 0.999999 1.38e-07 0 1
0.6545 0.999999 0.999999 1.38e-07 0 1
0.6555 0.999999 0.999999 1.38e-07 0 1
0.6565 0.999999 0.999999 1.38e-07 0 1
0.6575 0.999999 0.999999 1.38e-07 0 1
0.6585 0.999999 0.999999 1.38e-07 0 1
0.6595 0.999999 0.999999 1.38e-07 0 1
0.6605 0.999999 0.999999 1.38e-07 0 1
0.6615 0.999999 0.999999 1.38e-07 0 1
0.6625 0.999999 0.999999 1.38e-07 0 1
0.6635 0.999999 0.999999 1.38e-07 0 1
0.6645 0.999999 0.999999 1.38e-07 0 1
0.6655 0.999999 0.999999 1.38e-07 0 1
0.6665 0.999999 0.999999 1.38e-07 0 1
0.6675 0.999999 0.999999 1.38e-07 0 1
0.6685 0.999999 0.999999 1.38e-07 0 1
0.6695 0.999999 0.999999 1.38e-07 0 1
0.6705 0.999999 0.999999 1.38e-07 0 1
0.6715 0.999999 0.999999 1.38e-07 0 1
0.6725 0.999999 0.999999 1.38e-07 0 1
0.6735 0.999999 0.999999 1.38e-07 0 1
0.6745 0.999999 0.999999 1.38e-07 0 1
0.6755 0.999999 0.999999 1.38e-07 0 1
0.6765 0.999999 0.999999 1.38e-07 0 1
0.6775 0.999999 0.999999 1.38e-07 0 1
0.6785 0.999999 0.999999 1.38e-07 0 1
0.6795 0.999999 0.999999 1.38e-07 0 1
0.6805 0.999999 0.999999 1.38e-07 0 1
0.6815 0.999999 0.999999 1.38e-07 0 1
0.6825 0.999999 0.999999 1.38e-07 0 1
0.6835 0.999999 0.999999 1.38e-07 0 1
0.6845 0.999999 0.999999 1.38e-07 0 1
0.6855 0.999999 0.999999 1.38e-07 0 1
0.6865 0.999999 0.999999 1.38e-07 0 1
0.6875 0.999999 0.999999 1.38e-07 0 1
0.6885 0.999999 0.999999 1.38e-07 0 1
0.6895 0.999999 0.999999 1.38e-07 0 1
0.6905 0.999999 0.999999 1.38e-07 0 1
0.6915 0.999999 0.999999 1.38e-07 0 1
0.6925 0.999999 0.999999 1.38e-07 0 1
0.6935 0.999999 0.999999 1.38e-07 0 1
0.6945 0.999999 0.999999 1.38e-07 0 1
0.6955 0.999999 0.999999 1.38e-07 0 1
0.6965 0.999999 0.999999 1.38e-07 0 1
0.6975 0.999999 0.999999 1.38e-07 0 1
0.6985 0.999999 0.999999 1.38e-07 0 1
0.6995 0.999999 0.999999 1.38e-07 0 1
0.7005 0.999999 0.999999 1.38e-07 0 1
0.7015 0.999999 0.999999 1.38e-07 0 1
0.7025 0.999999 0.999999 1.38e-07 0 1
0.7035 0.999999 0.999999 1.38e-07 0 1
0.7045 0.999999 0.999999 1.38e-07 0 1
0.7055 0.999999 0.999999 1.38e-07 0 1
0.7065 0.999999 0.999999 1.38e-07 0 1
0.7075 0.999999 0.999999 1.38e-07 0 1
0.7085 0.999999 0.999999 1.38e-07 0 1
0.7095 0.999999 0.999999 1.38e-07 0 1
0.7105 0.999999 0.999999 1.38e-07 0 1
0.7115 0.999999 0.999999 1.38e-07 0 1
0.7125 0.999999 0.999999 1.38e-07 0 1
0.7135 0.999999 0.999999 1.38e-07 0 1
0.7145 0.999999 0.999999 1.38e-07 0 1
0.7155 0.999999 0.999999 1.38e-07 0 1
0.7165 0.999999 0.999999 1.38e-07 0 1
0.7175 0.999999 0.999999 1.38e-07 0 1
0.7185 0.999999 0.999999 1.38e-07 0 1
0.7195 0.999999 0.999999 1.38e-07 0 1
0.7205 0.999999 0.999999 1.38e-07 0 1
0.7215 0.999999 0.999999 1.38e-07 0 1
0.7225 0.999999 0.999999 1.38e-07 0 1
0.7235 0.999999 0.999999 1.38e-07 0 1
0.7245 0.999999 0.999999 1.38e-07 0 1
0.7255 0.999999 0.999999 1.38e-07 0 1
0.7265 0.999999 0.999999 1.38e-07 0 1
0.7275 0.999999 0.999999 1.38e-07 0 1
0.7285 0.999999 0.999999 1.38e-07 0 1
0.7295 0.999999 0.999999 1.38e-07 0 1
0.7305 0.999999 0.999999 1.38e-07 0 1
0.7315 0.999999 0.999999 1.38e-07 0 1
0.7325 0.999999 0.999999 1.38e-07 0 1
0.7335 0.999999 0.999999 1.38e-07 0 1
0.7345 0.999999 0.999999 1.38e-07 0 1
0.7355 0.999999 0.999999 1.38e-07 0 1
0.7365 0.999999 0.999999 1.38e-07 0 1
0.7375 0.999999 0.999999 1.38e-07 0 1
0.7385 0.999999 0.999999 1.38e-07 0 1
0.7395 0.999999 0.999999 1.38e-07 0 1
0.7405 0.999999 0.999999 1.38e-07 0 1
0.7415 0.999999 0.999999 1.38e-07 0 1
0.7425 0.999999 0.999999 1.38e-07 0 1
0.7435 0.999999 0.999999 1.38e-07 0 1
0.7445 0.999999 0.999999 1.38e-07 0 1
0.7455 0.999999 0.999999 1.38e-07 0 1
0.7465 0.999999 0.999999 1.38e-07 0 1
0.7475 0.999999 0.999999 1.38e-07 0 1
0.7485 0.999999 0.999999 1.38e-07 0 1
0.7495 0.999999 0.999999 1.38e-07 0 1
0.7505 0.999999 0.999999 1.38e-07 0 1
0.7515 0.999999 0.999999 1.38e-07 0 1
0.7525 0.999999 0.999999 1.38e-07 0 1
0.7535 0.999999 0.999999 1.38e-07 0 1
0.7545 0.999999 0.999999 1.38e-07 0 1
0.7555 0.999999 0.999999 1.38e-07 0 1
0.7565 0.999999 0.999999 1.38e-07 0 1
0.7575 0.999999 0.999999 1.38e-07 0 1
0.7585 0.999999 0.999999 1.38e-07 0 1
0.7595 0.999999 0.999999 1.38e-07 0 1
0.7605 0.999999 0.999999 1.38e-07 0 1
0.7615 0.999999 0.999999 1.38e-07 0 1
0.7625 0.999999 0.999999 1.38e-07 0 1
0.7635 0.999999 0.999999 1.38e-07 0 1
0.7645 0.999999 0.999999 1.38e-07 0 1
0.7655 0.999999 0.999999 1.38e-07 0 1
0.7665 0.999999 0.999999 1.38e-07 0 1
0.7675 0.999999 0.999999 1.38e-07 0 1
0.7685 0.999999 0.999999 1.38e-07 0 1
0.7695 0.999999 0.999999 1.38e-07 0 1
0.7705 0.999999 0.999999 1.38e-07 0 1
0.7715 0.999999 0.999999 1.38e-07 0 1
0.7725 0.999999 0.999999 1.38e-07 0 1
0.7735 0.999999 0.999999 1.38e-07 0 1
0.7745 0.999999 0.999999 1.38e-07 0 1
0.7755 0.999999 0.999999 1.38e-07 0 1
0.7765 0.999999 0.999999 1.38e-07 0 1
0.7775 0.999999 0.999999 1.38e-07 0 1
0.7785 0.999999 0.999999 1.38e-07 0 1
0.7795 0.999999 0.999999 1.38e-07 0 1
0.7805 0.999999 0.999999 1.38e-07 0 1
0.7815 0.999999 0.999999 1.38e-07 0 1
0.7825 0.999999 0.999999 1.38e-07 0 1
0.7835 0.999999 0.999999 1.38e-07 0 1
0.7845 0.999999 0.999999 1.38e-07 0 1
0.7855 0.999999 0.999999 1.38e-07 0 1
0.7865 0.999999 0.999999 1.38e-07 0 1
0.7875 0.999999 0.999999 1.38e-07 0 1
0.7885 0.999999 0.999999 1.38e-07 0 1
0.7895 0.999999 0.999999 1.38e-07 0 1
0.7905 0.999999 0.999999 1.38e-07 0 1
0.7915 0.999999 0.999999 1.38e-07 0 1
0.7925 0.999999 0.999999 1.38e-07 0 1
0.7935 0.999999 0.999999 1.38e-07 0 1
0.7945 0.999999 0.999999 1.38e-07 0 1
0.7955 0.999999 0.999999 1.38e-07 0 1
0.7965 0.999999 0.999999 1.38e-07 0 1
0.7975 0.999999 0.999999 1.38e-07 0 1
0.7985 0.999999 0.999999 1.38e-07 0 1
0.7995 0.999999 0.999999 1.38e-07 0 1
0.8005 0.999999 0.999999 1.38e-07 0 1
0.8015 0.999999 0.999999 1.38e-07 0 1
0.8025 0.999999 0.999999 1.38e-07 0 1
0.8035 0.999999 0.999999 1.38e-07 0 1
0.8045 0.999999 0.999999 1.38e-07 0 1
0.8055 0.999999 0.999999 1.38e-07 0 1
0.8065 0.999999 0.999999 1.38e-07 0 1
0.8075 0.999999 0.999999 1.38e-07 0 1
0.8085 0.999999 0.999999 1.38e-07 0 1
0.8095 0.999999 0.999999 1.38e-07 0 1
0.8105 0.999999 0.999999 1.38e-07 0 1
0.8115 0.999999 0.999999 1.38e-07 0 1
0.8125 0.999999 0.999999 1.38e-07 0 1
0.8135 0.999999 0.999999 1.38e-07 0 1
0.8145 0.999999 0.999999 1.38e-07 0 1
0.8155 0.999999 0.999999 1.38e-07 0 1
0.8165 0.999999 0.999999 1.38e-07 0 1
0.8175 0.999999 0.999999 1.38e-07 0 1
0.8185 0.999999 0.999999 1.38e-07 0 1
0.8195 0.999999 0.999999 1.38e-07 0 1
0.8205 0.999999 0.999999 1.38e-07 0 1
0.8215 0.999999 0.999999 1.38e-07 0 1
0.8225 0.999999 0.999999 1.38e-07 0 1
0.8235 0.999999 0.999999 1.38e-07 0 1
0.8245 0.999999 0.999999 1.38e-07 0 1
0.8255 0.999999 0.999999 1.38e-07 0 1
0.8265 0.999999 0.999999 1.38e-07 0 1
0.8275 0.999999 0.999999 1.38e-07 0 1
0.8285 0.999999 0.999999 1.38e-07 0 1
0.8295 0.999999 0.999999 1.38e-07 0 1
0.8305 0.999999 0.999999 1.38e-07 0 1
0.8315 0.999999 0.999999 1.38e-07 0 1
0.8325 0.999999 0.999999 1.38e-07 0 1
0.8335 0.999999 0.999999 1.38e-07 0 1
0.8345 0.999999 0.999999 1.38e-07 0 1
0.8355 0.999999 0.999999 1.38e-07 0 1
0.8365 0.999999 0.999999 1.38e-07 0 1
0.8375 0.999999 0.999999 1.38e-07 0 1
0.8385 0.999999 0.999999 1.38e-07 0 1
0.8395 0.999999 0.999999 1.38e-07 0 1
0.8405 0.999999 0.999999 1.38e-07 0 1
0.8415 0.999999 0.999999 1.38e-07 0 1
0.8425 0.999999 0.999999 1.38e-07 0 1
0.8435 0.999999 0.999999 1.38e-07 0 1
0.8445 0.999999 0.999999 1.38e-07 0 1
0.8455 0.999999 0.999999 1.38e-07 0 1
0.8465 0.999999 0.999999 1.38e-07 0 1
0.8475 0.999999 0.999999 1.38e-07 0 1
0.8485 0.999999 0.999999 1.38e-07 0 1
0.8495 0.999999 0.999999 1.38e-07 0 1
0.8505 0.999999 0.999999 1.38e-07 0 1
0.8515 0.999999 0.999999 1.38e-07 0 1
0.8525 0.999999 0.999999 1.38e-07 0 1
0.8535 0.999999 0.999999 1.38e-07 0 1
0.8545 0.999999 0.999999 1.38e-07 0 1
0.8555 0.999999 0.999999 1.38e-07 0 1
0.8565 0.999999 0.999999 1.38e-07 0 1
0.8575 0.999999 0.999999 1.38e-07 0 1
0.8585 0.999999 0.999999 1.38e-07 0 1
0.8595 0.999999 0.999999 1.38e-07 0 1
0.8605 0.999999 0.999999 1.38e-07 0 1
0.8615 0.999999 0.999999 1.38e-07 0 1
0.8625 0.999999 0.999999 1.38e-07 0 1
0.8635 0.999999 0.999999 1.38e-07 0 1
0.8645 0.999999 0.999999 1.38e-07 0 1
0.8655 0.999999 0.999999 1.38e-07 0 1
0.8665 0.999999 0.999999 1.38e-07 0 1
0.8675 0.999999 0.999999 1.38e-07 0 1
0.8685 0.999999 0.999999 1.38e-07 0 1
0.8695 0.999999 0.999999 1.38e-07 0 1
0.8705 0.999999 0.999999 1.38e-07 0 1
0.8715 0.999999 0.999999 1.38e-07 0 1
0.8725 0.999999 0.999999 1.38e-07 0 1
0.8735 0.999999 0.999999 1.38e-07 0 1
0.8745 0.999999 0.999999 1.38e-07 0 1
0.8755 0.999999 0.999999 1.38e-07 0 1
0.8765 0.999999 0.999999 1.38e-07 0 1
0.8775 0.999999 0.999999 1.38e-07 0 1
0.8785 0.999999 0.999999 1.38e-07 0 1
0.8795 0.999999 0.999999 1.38e-07 0 1
0.8805 0.999999 0.999999 1.38e-07 0 1
0.8815 0.999999 0.999999 1.38e-07 0 1
0.8825 0.999999 0.999999 1.38e-07 0 1
0.8835 0.999999 0.999999 1.38e-07 0 1
0.8845 0.999999 0.999999 1.38e-07 0 1
0.8855 0.999999 0.999999 1.38e-07 0 1
0.8865 0.999999 0.999999 1.38e-07 0 1
0.8875 0.999999 0.999999 1.38e-07 0 1
0.8885 0.999999 0.999999 1.38e-07 0 1
0.8895 0.999999 0.999999 1.38e-07 0 1
0.8905 0.999999 0.999999 1.38e-07 0 1
0.8915 0.999999 0.999999 1.38e-07 0 1
0.8925 0.999999 0.999999 1.38e-07 0 1
0.8935 0.999999 0.999999 1.38e-07 0 1
0.8945 0.999999 0.999999 1.38e-07 0 1
0.8955 0.999999 0.999999 1.38e-07 0 1
0.8965 0.999999 0.999999 1.38e-07 0 1
0.8975 0.999999 0.999999 1.38e-07 0 1
0.8985 0.999999 0.999999 1.38e-07 0 1
0.8995 0.999999 0.999999 1.38e-07 0 1
0.9005 0.999999 0.999999 1.38e-07 0 1
0.9015 0.999999 0.999999 1.38e-07 0 1
0.9025 0.999999 0.999999 1.38e-07 0 1
0.9035 0.999999 0.999999 1.38e-07 0 1
0.9045 0.999999 0.999999 1.38e-07 0 1
0.9055 0.999999 0.999999 1.38e-07 0 1
0.9065 0.999999 0.999999 1.38e-07 0 1
0.9075 0.999999 0.999999 1.38e-07 0 1
0.9085 0.999999 0.999999 1.38e-07 0 1
0.9095 0.999999 0.999999 1.38e-07 0 1
0.9105 0.999999 0.999999 1.38e-07 0 1
0.9115 0.999999 0.999999 1.38e-07 0 1
0.9125 0.999999 0.999999 1.38e-07 0 1
0.9135 0.999999 0.999999 1.38e-07 0 1
0.9145 0.999999 0.999999 1.38e-07 0 1
0.9155 0.999999 0.999999 1.38e-07 0 1
0.9165 0.999999 0.999999 1.38e-07 0 1
0.9175 0.999999 0.999999 1.38e-07 0 1
0.9185 0.999999 0.999999 1.38e-07 0 1
0.9195 0.999999 0.999999 1.38e-07 0 1
0.9205 0.999999 0.999999 1.38e-07 0 1
0.9215 0.999999 0.999999 1.38e-07 0 1
0.9225 0.999999 0.999999 1.38e-07 0 1
0.9235 0.999999 0.999999 1.38e-07 0 1
0.9245 0.999999 0.999999 1.38e-07 0 1
0.9255 0.999999 0.999999 1.38e-07 0 1
0.9265 0.999999 0.999999 1.38e-07 0 1
0.9275 0.999999 0.999999 1.38e-07 0 1
0.9285 0.999999 0.999999 1.38e-07 0 1
0.9295 0.999999 0.999999 1.38e-07 0 1
0.9305 0.999999 0.999999 1.38e-07 0 1
0.9315 0.999999 0.999999 1.38e-07 0 1
0.9325 0.999999 0.999999 1.38e-07 0 1
0.9335 0.999999 0.999999 1.38e-07 0 1
0.9345 0.999999 0.999999 1.38e-07 0 1
0.9355 0.999999 0.999999 1.38e-07 0 1
0.9365 0.999999 0.999999 1.38e-07 0 1
0.9375 0.999999 0.999999 1.38e-07 0 1
0.9385 0.999999 0.999999 1.38e-07 0 1
0.9395 0.999999 0.999999 1.38e-07 0 1
0.9405 0.999999 0.999999 1.38e-07 0 1
0.9415 0.999999 0.999999 1.38e-07 0 1
0.9425 0.999999 0.999999 1.38e-07 0 1
0.9435 0.999999 0.999999 1.38e-07 0 1
0.9445 0.999999 0.999999 1.38e-07 0 1
0.9455 0.999999 0.999999 1.38e-07 0 1
0.9465 0.999999 0.999999 1.38e-07 0 1
0.9475 0.999999 0.999999 1.38e-07 0 1
0.9485 0.999999 0.999999 1.38e-07 0 1
0.9495 0.999999 0.999999 1.38e-07 0 1
0.9505 0.999999 0.999999 1.38e-07 0 1
0.9515 0.999999 0.999999 1.38e-07 0 1
0.9525 0.999999 0.999999 1.38e-07 0 1
0.9535 0.999999 0.999999 1.38e-07 0 1
0.9545 0.999999 0.999999 1.38e-07 0 1
0.9555 0.999999 0.999999 1.38e-07 0 1
0.9565 0.999999 0.999999 1.38e-07 0 1
0.9575 0.999999 0.999999 1.38e-07 0 1
0.9585 0.999999 0.999999 1.38e-07 0 1
0.9595 0.999999 0.999999 1.38e-07 0 1
0.9605 0.999999 0.999999 1.38e-07 0 1
0.9615 0.999999 0.999999 1.38e-07 0 1
0.9625 0.999999 0.999999 1.38e-07 0 1
0.9635 0.999999 0.999999 1.38e-07 0 1
0.9645 0.999999 0.999999 1.38e-07 0 1
0.9655 0.999999 0.999999 1.38e-07 0 1
0.9665 0.999999 0.999999 1.38e-07 0 1
0.9675 0.999999 0.999999 1.38e-07 0 1
0.9685 0.999999 0.999999 1.38e-07 0 1
0.9695 0.999999 0.999999 1.38e-07 0 1
0.9705 0.999999 0.999999 1.38e-07 0 1
0.9715 0.999999 0.999999 1.38e-07 0 1
0.9725 0.999999 0.999999 1.38e-07 0 1
0.9735 0.999999 0.999999 1.38e-07 0 1
0.9745 0.999999 0.999999 1.38e-07 0 1
0.9755 0.999999 0.999999 1.38e-07 0 1
0.9765 0.999999 0.999999 1.38e-07 0 1
0.9775 0.999999 0.999999 1.38e-07 0 1
0.9785 0.999999 0.999999 1.38e-07 0 1
0.9795 0.999999 0.999999 1.38e-07 0 1
0.9805 0.999999 0.999999 1.38e-07 0 1
0.9815 0.999999 0.999999 1.38e-07 0 1
0.9825 0.999999 0.999999 1.38e-07 0 1
0.9835 0.999999 0.999999 1.38e-07 0 1
0.9845 0.999999 0.999999 1.38e-07 0 1
0.9855 0.999999 0.999999 1.38e-07 0 1
0.9865 0.999999 0.999999 1.38e-07 0 1
0.9875 0.999999 0.999999 1.38e-07 0 1
0.9885 0.999999 0.999999 1.38e-07 0 1
0.9895 0.999999 0.999999 1.38e-07 0 1
0.9905 0.999999 0.999999 1.38e-07 0 1
0.9915 0.999999 0.999999 1.38e-07 0 1
0.9925 0.999999 0.999999 1.38e-07 0 1
0.9935 0.999999 0.999999 1.38e-07 0 1
0.9945 0.999999 0.999999 1.38e-07 0 1
0.9955 0.999999 0.999999 1.38e-07 0 1
0.9965 0.999999 0.999999 1.38e-07 0 1
0.9975 0.999999 0.999999 1.38e-07 0 1
0.9985 0.999999 0.999999 1.38e-07 0 1
0.9995 0.999999 0.999999 1.38e-07 0 1
