x alpha rho1 rho2 v p
0.0005 0.999999 1.3765 1.38e-07 0.3948 1.57
0.0015 0.999999 1.3765 1.38e-07 0.3948 1.57
0.0025 0.999999 1.3765 1.38e-07 0.3948 1.57
0.0035 0.999999 1.3765 1.38e-07 0.3948 1.57
0.0045 0.999999 1.3765 1.38e-07 0.3948 1.57
0.0055 0.999999 1.3765 1.38e-07 0.3948 1.57
0.0065 0.999999 1.3765 1.38e-07 0.3948 1.57
0.0075 0.999999 1.3765 1.38e-07 0.3948 1.57
0.0085 0.999999 1.3765 1.38e-07 0.3948 1.57
0.0095 0.999999 1.3765 1.38e-07 0.3948 1.57
0.0105 0.999999 1.3765 1.38e-07 0.3948 1.57
0.0115 0.999999 1.3765 1.38e-07 0.3948 1.57
0.0125 0.999999 1.3765 1.38e-07 0.3948 1.57
0.0135 0.999999 1.3765 1.38e-07 0.3948 1.57
0.0145 0.999999 1.3765 1.38e-07 0.3948 1.57
0.0155 0.999999 1.3765 1.38e-07 0.3948 1.57
0.0165 0.999999 1.3765 1.38e-07 0.3948 1.57
0.0175 0.999999 1.3765 1.38e-07 0.3948 1.57
0.0185 0.999999 1.3765 1.38e-07 0.3948 1.57
0.0195 0.999999 1.3765 1.38e-07 0.3948 1.57
0.0205 0.999999 1.3765 1.38e-07 0.3948 1.57
0.0215 0.999999 1.3765 1.38e-07 0.3948 1.57
0.0225 0.999999 1.3765 1.38e-07 0.3948 1.57
0.0235 0.999999 1.3765 1.38e-07 0.3948 1.57
0.0245 0.999999 1.3765 1.38e-07 0.3948 1.57
0.0255 0.999999 1.3765 1.38e-07 0.3948 1.57
0.0265 0.999999 1.3765 1.38e-07 0.3948 1.57
0.0275 0.999999 1.3765 1.38e-07 0.3948 1.57
0.0285 0.999999 1.3765 1.38e-07 0.3948 1.57
0.0295 0.999999 1.3765 1.38e-07 0.3948 1.57
0.0305 0.999999 1.3765 1.38e-07 0.3948 1.57
0.0315 0.999999 1.3765 1.38e-07 0.3948 1.57
0.0325 0.999999 1.3765 1.38e-07 0.3948 1.57
0.0335 0.999999 1.3765 1.38e-07 0.3948 1.57
0.0345 0.999999 1.3765 1.38e-07 0.3948 1.57
0.0355 0.999999 1.3765 1.38e-07 0.3948 1.57
0.0365 0.999999 1.3765 1.38e-07 0.3948 1.57
0.0375 0.999999 1.3765 1.38e-07 0.3948 1.57
0.0385 0.999999 1.3765 1.38e-07 0.3948 1.57
0.0395 0.999999 1.3765 1.38e-07 0.3948 1.57
0.0405 0.999999 1.3765 1.38e-07 0.3948 1.57
0.0415 0.999999 1.3765 1.38e-07 0.3948 1.57
0.0425 0.999999 1.3765 1.38e-07 0.3948 1.57
0.0435 0.999999 1.3765 1.38e-07 0.3948 1.57
0.0445 0.999999 1.3765 1.38e-07 0.3948 1.57
0.0455 0.999999 1.3765 1.38e-07 0.3948 1.57
0.0465 0.999999 1.3765 1.38e-07 0.3948 1.57
0.0475 0.999999 1.3765 1.38e-07 0.3948 1.57
0.0485 0.999999 1.3765 1.38e-07 0.3948 1.57
0.0495 0.999999 1.3765 1.38e-07 0.3948 1.57
0.0505 0.999999 1.3765 1.38e-07 0.3948 1.57
0.0515 0.999999 1.3765 1.38e-07 0.3948 1.57
0.0525 0.999999 1.3765 1.38e-07 0.3948 1.57
0.0535 0.999999 1.3765 1.38e-07 0.3948 1.57
0.0545 0.999999 1.3765 1.38e-07 0.3948 1.57
0.0555 0.999999 1.3765 1.38e-07 0.3948 1.57
0.0565 0.999999 1.3765 1.38e-07 0.3948 1.57
0.0575 0.999999 1.3765 1.38e-07 0.3948 1.57
0.0585 0.999999 1.3765 1.38e-07 0.3948 1.57
0.0595 0.999999 1.3765 1.38e-07 0.3948 1.57
0.0605 0.999999 1.3765 1.38e-07 0.3948 1.57
0.0615 0.999999 1.3765 1.38e-07 0.3948 1.57
0.0625 0.999999 1.3765 1.38e-07 0.3948 1.57
0.0635 0.999999 1.3765 1.38e-07 0.3948 1.57
0.0645 0.999999 1.3765 1.38e-07 0.3948 1.57
0.0655 0.999999 1.3765 1.38e-07 0.3948 1.57
0.0665 0.999999 1.3765 1.38e-07 0.3948 1.57
0.0675 0.999999 1.3765 1.38e-07 0.3948 1.57
0.0685 0.999999 1.3765 1.38e-07 0.3948 1.57
0.0695 0.999999 1.3765 1.38e-07 0.3948 1.57
0.0705 0.999999 1.3765 1.38e-07 0.3948 1.57
0.0715 0.999999 1.3765 1.38e-07 0.3948 1.57
0.0725 0.999999 1.3765 1.38e-07 0.3948 1.57
0.0735 0.999999 1.3765 1.38e-07 0.3948 1.57
0.0745 0.999999 1.3765 1.38e-07 0.3948 1.57
0.0755 0.999999 1.3765 1.38e-07 0.3948 1.57
0.0765 0.999999 1.3765 1.38e-07 0.3948 1.57
0.0775 0.999999 1.3765 1.38e-07 0.3948 1.57
0.0785 0.999999 1.3765 1.38e-07 0.3948 1.57
0.0795 0.999999 1.3765 1.38e-07 0.3948 1.57
0.0805 0.999999 1.3765 1.38e-07 0.3948 1.57
0.0815 0.999999 1.3765 1.38e-07 0.3948 1.57
0.0825 0.999999 1.3765 1.38e-07 0.3948 1.57
0.0835 0.999999 1.3765 1.38e-07 0.3948 1.57
0.0845 0.999999 1.3765 1.38e-07 0.3948 1.57
0.0855 0.999999 1.3765 1.38e-07 0.3948 1.57
0.0865 0.999999 1.3765 1.38e-07 0.3948 1.57
0.0875 0.999999 1.3765 1.38e-07 0.3948 1.57
0.0885 0.999999 1.3765 1.38e-07 0.3948 1.57
0.0895 0.999999 1.3765 1.38e-07 0.3948 1.57
0.0905 0.999999 1.3765 1.38e-07 0.3948 1.57
0.0915 0.999999 1.3765 1.38e-07 0.3948 1.57
0.0925 0.999999 1.3765 1.38e-07 0.3948 1.57
0.0935 0.999999 1.3765 1.38e-07 0.3948 1.57
0.0945 0.999999 1.3765 1.38e-07 0.3948 1.57
0.0955 0.999999 1.3765 1.38e-07 0.3948 1.57
0.0965 0.999999 1.3765 1.38e-07 0.3948 1.57
0.0975 0.999999 1.3765 1.38e-07 0.3948 1.57
0.0985 0.999999 1.3765 1.38e-07 0.3948 1.57
0.0995 0.999999 1.3765 1.38e-07 0.3948 1.57
0.1005 0.999999 1.3765 1.38e-07 0.3948 1.57
0.1015 0.999999 1.3765 1.38e-07 0.3948 1.57
0.1025 0.999999 1.3765 1.38e-07 0.3948 1.57
0.1035 0.999999 1.3765 1.38e-07 0.3948 1.57
0.1045 0.999999 1.3765 1.38e-07 0.3948 1.57
0.1055 0.999999 1.3765 1.38e-07 0.3948 1.57
0.1065 0.999999 1.3765 1.38e-07 0.3948 1.57
0.1075 0.999999 1.3765 1.38e-07 0.3948 1.57
0.1085 0.999999 1.3765 1.38e-07 0.3948 1.57
0.1095 0.999999 1.3765 1.38e-07 0.3948 1.57
0.1105 0.999999 1.3765 1.38e-07 0.3948 1.57
0.1115 0.999999 1.3765 1.38e-07 0.3948 1.57
0.1125 0.999999 1.3765 1.38e-07 0.3948 1.57
0.1135 0.999999 1.3765 1.38e-07 0.3948 1.57
0.1145 0.999999 1.3765 1.38e-07 0.3948 1.57
0.1155 0.999999 1.3765 1.38e-07 0.3948 1.57
0.1165 0.999999 1.3765 1.38e-07 0.3948 1.57
0.1175 0.999999 1.3765 1.38e-07 0.3948 1.57
0.1185 0.999999 1.3765 1.38e-07 0.3948 1.57
0.1195 0.999999 1.3765 1.38e-07 0.3948 1.57
0.1205 0.999999 1.3765 1.38e-07 0.3948 1.57
0.1215 0.999999 1.3765 1.38e-07 0.3948 1.57
0.1225 0.999999 1.3765 1.38e-07 0.3948 1.57
0.1235 0.999999 1.3765 1.38e-07 0.3948 1.57
0.1245 0.999999 1.3765 1.38e-07 0.3948 1.57
0.1255 0.999999 1.3765 1.38e-07 0.3948 1.57
0.1265 0.999999 1.3765 1.38e-07 0.3948 1.57
0.1275 0.999999 1.3765 1.38e-07 0.3948 1.57
0.1285 0.999999 1.3765 1.38e-07 0.3948 1.57
0.1295 0.999999 1.3765 1.38e-07 0.3948 1.57
0.1305 0.999999 1.3765 1.38e-07 0.3948 1.57
0.1315 0.999999 1.3765 1.38e-07 0.3948 1.57
0.1325 0.999999 1.3765 1.38e-07 0.3948 1.57
0.1335 0.999999 1.3765 1.38e-07 0.3948 1.57
0.1345 0.999999 1.3765 1.38e-07 0.3948 1.57
0.1355 0.999999 1.3765 1.38e-07 0.3948 1.57
0.1365 0.999999 1.3765 1.38e-07 0.3948 1.57
0.1375 0.999999 1.3765 1.38e-07 0.3948 1.57
0.1385 0.999999 1.3765 1.38e-07 0.3948 1.57
0.1395 0.999999 1.3765 1.38e-07 0.3948 1.57
0.1405 0.999999 1.3765 1.38e-07 0.3948 1.57
0.1415 0.999999 1.3765 1.38e-07 0.3948 1.57
0.1425 0.999999 1.3765 1.38e-07 0.394801 1.57
0.1435 0.999999 1.3765 1.38e-07 0.394801 1.57
0.1445 0.999999 1.3765 1.38e-07 0.394801 1.57
0.1455 1 1.3765 1.38e-07 0.394802 1.57
0.1465 1 1.3765 1.38e-07 0.394803 1.56999
0.1475 1 1.37649 1.38e-07 0.394804 1.56999
0.1485 1 1.37649 1.37999e-07 0.394806 1.56999
0.1495 1 1.37649 1.37999e-07 0.394808 1.56999
0.1505 1 1.37649 1.37999e-07 0.394811 1.56998
0.1515 1 1.37648 1.37999e-07 0.394814 1.56997
0.1525 1 1.37648 1.37998e-07 0.394819 1.56997
0.1535 1 1.37647 1.37997e-07 0.394824 1.56996
0.1545 1 1.37647 1.37997e-07 0.394831 1.56994
0.1555 1.00001 1.37646 1.37996e-07 0.39484 1.56993
0.1565 1.00001 1.37645 1.37995e-07 0.39485 1.56991
0.1575 1.00001 1.37643 1.37993e-07 0.394863 1.56989
0.1585 1.00001 1.37642 1.37992e-07 0.394877 1.56986
0.1595 1.00001 1.3764 1.3799e-07 0.394894 1.56983
0.1605 1.00001 1.37638 1.37988e-07 0.394913 1.5698
0.1615 1.00002 1.37635 1.37986e-07 0.394935 1.56976
0.1625 1.00002 1.37633 1.37983e-07 0.39496 1.56972
0.1635 1.00002 1.3763 1.3798e-07 0.394987 1.56967
0.1645 1.00002 1.37627 1.37977e-07 0.395017 1.56962
0.1655 1.00002 1.37623 1.37973e-07 0.395048 1.56956
0.1665 1.00003 1.3762 1.3797e-07 0.395082 1.5695
0.1675 1.00003 1.37616 1.37966e-07 0.395117 1.56944
0.1685 1.00003 1.37612 1.37962e-07 0.395153 1.56938
0.1695 1.00003 1.37608 1.37958e-07 0.39519 1.56931
0.1705 1.00003 1.37604 1.37954e-07 0.395226 1.56925
0.1715 1.00003 1.376 1.3795e-07 0.395261 1.56919
0.1725 1.00003 1.37596 1.37946e-07 0.395295 1.56913
0.1735 1.00002 1.37593 1.37943e-07 0.395327 1.56908
0.1745 1.00002 1.3759 1.3794e-07 0.395357 1.56903
0.1755 1.00002 1.37587 1.37937e-07 0.395383 1.56898
0.1765 1.00002 1.37584 1.37934e-07 0.395405 1.56894
0.1775 1.00001 1.37582 1.37932e-07 0.395423 1.56891
0.1785 1.00001 1.37581 1.37931e-07 0.395437 1.56889
0.1795 1.00001 1.3758 1.3793e-07 0.395447 1.56887
0.1805 1 1.37579 1.37929e-07 0.395452 1.56887
0.1815 0.999999 1.37579 1.37929e-07 0.395452 1.56887
0.1825 0.999996 1.37579 1.37929e-07 0.395449 1.56887
0.1835 0.999993 1.3758 1.3793e-07 0.395442 1.56889
0.1845 0.99999 1.37581 1.37931e-07 0.395431 1.56891
0.1855 0.999988 1.37582 1.37932e-07 0.395417 1.56893
0.1865 0.999986 1.37584 1.37934e-07 0.395401 1.56896
0.1875 0.999984 1.37586 1.37936e-07 0.395383 1.56899
0.1885 0.999983 1.37588 1.37938e-07 0.395363 1.56903
0.1895 0.999982 1.3759 1.3794e-07 0.395342 1.56906
0.1905 0.999982 1.37593 1.37943e-07 0.395321 1.5691
0.1915 0.999982 1.37595 1.37945e-07 0.395299 1.56914
0.1925 0.999982 1.37598 1.37948e-07 0.395277 1.56918
0.1935 0.999982 1.376 1.3795e-07 0.395256 1.56921
0.1945 0.999983 1.37602 1.37952e-07 0.395236 1.56925
0.1955 0.999984 1.37604 1.37954e-07 0.395216 1.56928
0.1965 0.999984 1.37606 1.37956e-07 0.395197 1.56931
0.1975 0.999985 1.37608 1.37958e-07 0.395179 1.56934
0.1985 0.999986 1.3761 1.3796e-07 0.395163 1.56937
0.1995 0.999987 1.37612 1.37962e-07 0.395147 1.5694
0.2005 0.999988 1.37613 1.37963e-07 0.395132 1.56943
0.2015 0.999988 1.37615 1.37965e-07 0.395118 1.56945
0.2025 0.999989 1.37616 1.37966e-07 0.395106 1.56947
0.2035 0.99999 1.37618 1.37968e-07 0.395094 1.56949
0.2045 0.99999 1.37619 1.37969e-07 0.395083 1.56951
0.2055 0.999991 1.3762 1.3797e-07 0.395073 1.56953
0.2065 0.999992 1.37621 1.37971e-07 0.395063 1.56954
0.2075 0.999992 1.37622 1.37972e-07 0.395054 1.56956
0.2085 0.999993 1.37623 1.37973e-07 0.395046 1.56957
0.2095 0.999993 1.37624 1.37974e-07 0.395038 1.56959
0.2105 0.999993 1.37625 1.37975e-07 0.395031 1.5696
0.2115 0.999994 1.37625 1.37975e-07 0.395024 1.56961
0.2125 0.999994 1.37626 1.37976e-07 0.395017 1.56962
0.2135 0.999994 1.37627 1.37977e-07 0.395011 1.56963
0.2145 0.999994 1.37627 1.37977e-07 0.395005 1.56964
0.2155 0.999995 1.37628 1.37978e-07 0.395 1.56965
0.2165 0.999995 1.37629 1.37979e-07 0.394995 1.56966
0.2175 0.999995 1.37629 1.37979e-07 0.39499 1.56967
0.2185 0.999995 1.3763 1.3798e-07 0.394985 1.56968
0.2195 0.999995 1.3763 1.3798e-07 0.39498 1.56969
0.2205 0.999996 1.37631 1.37981e-07 0.394976 1.5697
0.2215 0.999996 1.37631 1.37981e-07 0.394972 1.5697
0.2225 0.999996 1.37632 1.37982e-07 0.394968 1.56971
0.2235 0.999996 1.37632 1.37982e-07 0.394964 1.56972
0.2245 0.999996 1.37632 1.37982e-07 0.39496 1.56972
0.2255 0.999996 1.37633 1.37983e-07 0.394957 1.56973
0.2265 0.999996 1.37633 1.37983e-07 0.394953 1.56973
0.2275 0.999996 1.37633 1.37984e-07 0.39495 1.56974
0.2285 0.999997 1.37634 1.37984e-07 0.394947 1.56975
0.2295 0.999997 1.37634 1.37984e-07 0.394944 1.56975
0.2305 0.999997 1.37634 1.37985e-07 0.394941 1.56976
0.2315 0.999997 1.37635 1.37985e-07 0.394938 1.56976
0.2325 0.999997 1.37635 1.37985e-07 0.394935 1.56977
0.2335 0.999997 1.37635 1.37986e-07 0.394932 1.56977
0.2345 0.999997 1.37636 1.37986e-07 0.39493 1.56977
0.2355 0.999997 1.37636 1.37986e-07 0.394927 1.56978
0.2365 0.999997 1.37636 1.37986e-07 0.394925 1.56978
0.2375 0.999997 1.37636 1.37987e-07 0.394923 1.56979
0.2385 0.999997 1.37637 1.37987e-07 0.39492 1.56979
0.2395 0.999997 1.37637 1.37987e-07 0.394918 1.5698
0.2405 0.999997 1.37637 1.37987e-07 0.394916 1.5698
0.2415 0.999997 1.37637 1.37988e-07 0.394914 1.5698
0.2425 0.999997 1.37638 1.37988e-07 0.394912 1.56981
0.2435 0.999997 1.37638 1.37988e-07 0.39491 1.56981
0.2445 0.999998 1.37638 1.37988e-07 0.394908 1.56981
0.2455 0.999998 1.37638 1.37988e-07 0.394906 1.56982
0.2465 0.999998 1.37638 1.37989e-07 0.394904 1.56982
0.2475 0.999998 1.37639 1.37989e-07 0.394902 1.56982
0.2485 0.999998 1.37639 1.37989e-07 0.394901 1.56983
0.2495 0.999998 1.37639 1.37989e-07 0.394899 1.56983
0.2505 0.999998 1.37639 1.37989e-07 0.394897 1.56983
0.2515 0.999998 1.37639 1.3799e-07 0.394896 1.56983
0.2525 0.999998 1.3764 1.3799e-07 0.394894 1.56984
0.2535 0.999998 1.3764 1.3799e-07 0.394893 1.56984
0.2545 0.999998 1.3764 1.3799e-07 0.394891 1.56984
0.2555 0.999998 1.3764 1.3799e-07 0.39489 1.56984
0.2565 0.999998 1.3764 1.3799e-07 0.394889 1.56985
0.2575 0.999998 1.3764 1.3799e-07 0.394887 1.56985
0.2585 0.999998 1.3764 1.37991e-07 0.394886 1.56985
0.2595 0.999998 1.37641 1.37991e-07 0.394885 1.56985
0.2605 0.999998 1.37641 1.37991e-07 0.394883 1.56986
0.2615 0.999998 1.37641 1.37991e-07 0.394882 1.56986
0.2625 0.999998 1.37641 1.37991e-07 0.394881 1.56986
0.2635 0.999998 1.37641 1.37992e-07 0.39488 1.56986
0.2645 0.999998 1.37641 1.37992e-07 0.394879 1.56986
0.2655 0.999998 1.37641 1.37994e-07 0.394878 1.56987
0.2665 0.999997 1.37641 1.37998e-07 0.394876 1.56987
0.2675 0.999996 1.37641 1.38006e-07 0.394875 1.56987
0.2685 0.999994 1.37641 1.38022e-07 0.394874 1.56987
0.2695 0.99999 1.3764 1.38054e-07 0.394873 1.56987
0.2705 0.999984 1.37638 1.38114e-07 0.394872 1.56987
0.2715 0.999974 1.37634 1.38218e-07 0.394871 1.56988
0.2725 0.999958 1.37629 1.38392e-07 0.39487 1.56988
0.2735 0.999935 1.37621 1.38671e-07 0.394869 1.56988
0.2745 0.999904 1.37609 1.39097e-07 0.394868 1.56988
0.2755 0.999864 1.37592 1.39721e-07 0.394867 1.56988
0.2765 0.999814 1.3757 1.40598e-07 0.394867 1.56988
0.2775 0.999756 1.37543 1.41782e-07 0.394866 1.56989
0.2785 0.999692 1.3751 1.4332e-07 0.394865 1.56989
0.2795 0.999626 1.37472 1.45243e-07 0.394864 1.56989
0.2805 0.999563 1.3743 1.47565e-07 0.394863 1.56989
0.2815 0.999507 1.37386 1.50269e-07 0.394863 1.56989
0.2825 0.999463 1.37343 1.53315e-07 0.394862 1.56989
0.2835 0.999435 1.37303 1.56634e-07 0.394861 1.56989
0.2845 0.999425 1.37268 1.60136e-07 0.39486 1.5699
0.2855 0.999433 1.37239 1.63718e-07 0.39486 1.5699
0.2865 0.999459 1.37219 1.67272e-07 0.394859 1.5699
0.2875 0.999499 1.37208 1.70695e-07 0.394858 1.5699
0.2885 0.999549 1.37206 1.73898e-07 0.394858 1.5699
0.2895 0.999605 1.37212 1.76813e-07 0.394857 1.5699
0.2905 0.999663 1.37226 1.79394e-07 0.394856 1.5699
0.2915 0.999719 1.37245 1.81618e-07 0.394856 1.5699
0.2925 0.999769 1.37268 1.83487e-07 0.394855 1.5699
0.2935 0.999813 1.37294 1.85018e-07 0.394854 1.56991
0.2945 0.999848 1.37321 1.86241e-07 0.394854 1.56991
0.2955 0.999876 1.37347 1.87196e-07 0.394853 1.56991
0.2965 0.999897 1.37372 1.87925e-07 0.394852 1.56991
0.2975 0.999911 1.37396 1.88469e-07 0.394852 1.56991
0.2985 0.999921 1.37417 1.88868e-07 0.394851 1.56991
0.2995 0.999926 1.37437 1.89154e-07 0.394851 1.56991
0.3005 0.999929 1.37454 1.89356e-07 0.39485 1.56991
0.3015 0.99993 1.37469 1.89497e-07 0.39485 1.56991
0.3025 0.99993 1.37482 1.89594e-07 0.394849 1.56991
0.3035 0.999929 1.37494 1.89662e-07 0.394849 1.56992
0.3045 0.999928 1.37504 1.89708e-07 0.394848 1.56992
0.3055 0.999927 1.37513 1.8974e-07 0.394848 1.56992
0.3065 0.999926 1.37522 1.89764e-07 0.394847 1.56992
0.3075 0.999925 1.37529 1.89781e-07 0.394847 1.56992
0.3085 0.999924 1.37536 1.89794e-07 0.394846 1.56992
0.3095 0.999923 1.37541 1.89805e-07 0.394846 1.56992
0.3105 0.999923 1.37547 1.89813e-07 0.394846 1.56992
0.3115 0.999922 1.37552 1.89821e-07 0.394845 1.56992
0.3125 0.999922 1.37556 1.89828e-07 0.394845 1.56992
0.3135 0.999922 1.37561 1.89834e-07 0.394844 1.56992
0.3145 0.999922 1.37565 1.89839e-07 0.394844 1.56992
0.3155 0.999922 1.37568 1.89844e-07 0.394843 1.56992
0.3165 0.999922 1.37572 1.89849e-07 0.394843 1.56993
0.3175 0.999922 1.37575 1.89854e-07 0.394842 1.56993
0.3185 0.999922 1.37578 1.89858e-07 0.394842 1.56993
0.3195 0.999922 1.37581 1.89862e-07 0.394842 1.56993
0.3205 0.999922 1.37583 1.89865e-07 0.394841 1.56993
0.3215 0.999922 1.37586 1.89869e-07 0.394841 1.56993
0.3225 0.999922 1.37588 1.89872e-07 0.39484 1.56993
0.3235 0.999922 1.37591 1.89875e-07 0.39484 1.56993
0.3245 0.999922 1.37593 1.89878e-07 0.39484 1.56993
0.3255 0.999922 1.37595 1.89881e-07 0.394839 1.56993
0.3265 0.999923 1.37597 1.89883e-07 0.394839 1.56993
0.3275 0.999923 1.37598 1.89886e-07 0.394839 1.56993
0.3285 0.999923 1.376 1.89888e-07 0.394838 1.56993
0.3295 0.999923 1.37602 1.89891e-07 0.394838 1.56993
0.3305 0.999923 1.37603 1.89893e-07 0.394838 1.56993
0.3315 0.999923 1.37605 1.89895e-07 0.394838 1.56993
0.3325 0.999923 1.37606 1.89897e-07 0.394837 1.56993
0.3335 0.999923 1.37607 1.89899e-07 0.394837 1.56994
0.3345 0.999924 1.37609 1.899e-07 0.394837 1.56994
0.3355 0.999924 1.3761 1.89902e-07 0.394837 1.56994
0.3365 0.999924 1.37611 1.89904e-07 0.394836 1.56994
0.3375 0.999924 1.37612 1.89905e-07 0.394836 1.56994
0.3385 0.999924 1.37613 1.89907e-07 0.394836 1.56994
0.3395 0.999924 1.37614 1.89908e-07 0.394835 1.56994
0.3405 0.999924 1.37615 1.89909e-07 0.394835 1.56994
0.3415 0.999924 1.37616 1.89911e-07 0.394835 1.56994
0.3425 0.999924 1.37617 1.89912e-07 0.394834 1.56994
0.3435 0.999925 1.37618 1.89913e-07 0.394834 1.56994
0.3445 0.999925 1.37619 1.89914e-07 0.394834 1.56994
0.3455 0.999925 1.3762 1.89916e-07 0.394833 1.56994
0.3465 0.999925 1.37621 1.89917e-07 0.394833 1.56994
0.3475 0.999925 1.37621 1.89918e-07 0.394833 1.56994
0.3485 0.999925 1.37622 1.89919e-07 0.394832 1.56994
0.3495 0.999925 1.37623 1.8992e-07 0.394832 1.56994
0.3505 0.999925 1.37623 1.8992e-07 0.394832 1.56994
0.3515 0.999925 1.37624 1.89921e-07 0.394832 1.56994
0.3525 0.999925 1.37625 1.89922e-07 0.394831 1.56994
0.3535 0.999926 1.37625 1.89923e-07 0.39483 1.56994
0.3545 0.999926 1.37626 1.89924e-07 0.394829 1.56994
0.3555 0.999926 1.37626 1.89924e-07 0.394828 1.56994
0.3565 0.999926 1.37626 1.89924e-07 0.394825 1.56993
0.3575 0.999926 1.37626 1.89924e-07 0.39482 1.56993
0.3585 0.999926 1.37626 1.89924e-07 0.394812 1.56991
0.3595 0.999926 1.37625 1.89922e-07 0.394799 1.56989
0.3605 0.999926 1.37623 1.8992e-07 0.394779 1.56986
0.3615 0.999926 1.3762 1.89916e-07 0.394746 1.5698
0.3625 0.999926 1.37615 1.89909e-07 0.394695 1.56971
0.3635 0.999926 1.37607 1.89897e-07 0.394613 1.56957
0.3645 0.999926 1.37593 1.89879e-07 0.394485 1.56935
0.3655 0.999926 1.37572 1.89849e-07 0.394285 1.569
0.3665 0.999926 1.37539 1.89803e-07 0.393976 1.56847
0.3675 0.999926 1.37487 1.89732e-07 0.3935 1.56764
0.3685 0.999926 1.37408 1.89623e-07 0.39277 1.56637
0.3695 0.999927 1.37287 1.89457e-07 0.391658 1.56444
0.3705 0.999927 1.37105 1.89205e-07 0.389974 1.56153
0.3715 0.999928 1.3683 1.88826e-07 0.38744 1.55714
0.3725 0.999931 1.36421 1.88262e-07 0.383656 1.55062
0.3735 0.999935 1.35818 1.87429e-07 0.378054 1.541
0.3745 0.999945 1.34938 1.86215e-07 0.369857 1.52701
0.3755 0.999964 1.33681 1.8448e-07 0.35805 1.50705
0.3765 0.999999 1.31925 1.82057e-07 0.341405 1.47928
0.3775 1.00006 1.29557 1.78789e-07 0.318633 1.44198
0.3785 1.00015 1.26505 1.74577e-07 0.288739 1.39425
0.3795 1.00026 1.22807 1.69473e-07 0.251634 1.33691
0.3805 1.00036 1.18657 1.63747e-07 0.208814 1.27333
0.3815 1.00039 1.14412 1.57888e-07 0.163645 1.20921
0.3825 1.00035 1.10489 1.52476e-07 0.120655 1.15089
0.3835 1.00025 1.0722 1.47964e-07 0.0838932 1.10302
0.3845 1.00015 1.04739 1.4454e-07 0.0554615 1.06719
0.3855 1.00007 1.02999 1.42138e-07 0.0352517 1.04232
0.3865 1.00003 1.01848 1.4055e-07 0.0217804 1.026
0.3875 1.00001 1.01118 1.39543e-07 0.0131981 1.0157
0.3885 1 1.00668 1.38922e-07 0.00789333 1.00937
0.3895 1 1.00396 1.38546e-07 0.00467851 1.00555
0.3905 1 1.00233 1.38321e-07 0.00275518 1.00326
0.3915 0.999999 1.00136 1.38188e-07 0.00161445 1.00191
0.3925 0.999999 1.0008 1.3811e-07 0.000942056 1.00111
0.3935 0.999999 1.00046 1.38064e-07 0.000547648 1.00065
0.3945 0.999999 1.00027 1.38037e-07 0.000317288 1.00037
0.3955 0.999999 1.00015 1.38021e-07 0.000183332 1.00022
0.3965 0.999999 1.00009 1.38012e-07 0.000105875 1.00012
0.3975 0.999999 1.00005 1.38007e-07 6.15189e-05 1.00007
0.3985 1 1.00003 1.38004e-07 3.66786e-05 1.00004
0.3995 0.999999 1.00001 1.38002e-07 2.46915e-05 1.00002
0.4005 2.75957e-05 2.94727e-05 0.137997 2.11585e-05 1.00001
0.4015 1.00028e-06 1.00031e-06 0.138001 1.69787e-05 1.00001
0.4025 1e-06 1e-06 0.138 1.34344e-05 1.00001
0.4035 1e-06 1e-06 0.138 1.06178e-05 1.00001
0.4045 1e-06 1e-06 0.138 8.38199e-06 1
0.4055 1e-06 1e-06 0.138 6.60905e-06 1
0.4065 1e-06 1e-06 0.138 5.20474e-06 1
0.4075 1e-06 1e-06 0.138 4.09369e-06 1
0.4085 1e-06 1e-06 0.138 3.21569e-06 1
0.4095 1e-06 1e-06 0.138 2.52269e-06 1
0.4105 1e-06 1e-06 0.138 1.97639e-06 1
0.4115 1e-06 1e-06 0.138 1.54628e-06 1
0.4125 1e-06 1e-06 0.138 1.20808e-06 1
0.4135 1e-06 1e-06 0.138 9.4251e-07 1
0.4145 1e-06 1e-06 0.138 7.34254e-07 1
0.4155 1e-06 1e-06 0.138 5.71167e-07 1
0.4165 1e-06 1e-06 0.138 4.43636e-07 1
0.4175 1e-06 1e-06 0.138 3.44051e-07 1
0.4185 1e-06 1e-06 0.138 2.66405e-07 1
0.4195 1e-06 1e-06 0.138 2.05954e-07 1
0.4205 1e-06 1e-06 0.138 1.58963e-07 1
0.4215 1e-06 1e-06 0.138 1.22493e-07 1
0.4225 1e-06 1e-06 0.138 9.42325e-08 1
0.4235 1e-06 1e-06 0.138 7.23692e-08 1
0.4245 1e-06 1e-06 0.138 5.5483e-08 1
0.4255 1e-06 1e-06 0.138 4.24627e-08 1
0.4265 1e-06 1e-06 0.138 3.24403e-08 1
0.4275 1e-06 1e-06 0.138 2.4739e-08 1
0.4285 1e-06 1e-06 0.138 1.88316e-08 1
0.4295 1e-06 1e-06 0.138 1.43083e-08 1
0.4305 1e-06 1e-06 0.138 1.08512e-08 1
0.4315 1e-06 1e-06 0.138 8.21376e-09 1
0.4325 1e-06 1e-06 0.138 6.20542e-09 1
0.4335 1e-06 1e-06 0.138 4.67902e-09 1
0.4345 1e-06 1e-06 0.138 3.52113e-09 1
0.4355 1e-06 1e-06 0.138 2.6445e-09 1
0.4365 1e-06 1e-06 0.138 1.98211e-09 1
0.4375 1e-06 1e-06 0.138 1.4826e-09 1
0.4385 1e-06 1e-06 0.138 1.10668e-09 1
0.4395 1e-06 1e-06 0.138 8.2435e-10 1
0.4405 1e-06 1e-06 0.138 6.12751e-10 1
0.4415 1e-06 1e-06 0.138 4.54494e-10 1
0.4425 1e-06 1e-06 0.138 3.36383e-10 1
0.4435 1e-06 1e-06 0.138 2.48423e-10 1
0.4445 1e-06 1e-06 0.138 1.83058e-10 1
0.4455 1e-06 1e-06 0.138 1.34592e-10 1
0.4465 1e-06 1e-06 0.138 9.87352e-11 1
0.4475 1e-06 1e-06 0.138 7.22658e-11 1
0.4485 1e-06 1e-06 0.138 5.27714e-11 1
0.4495 1e-06 1e-06 0.138 3.84467e-11 1
0.4505 1e-06 1e-06 0.138 2.79448e-11 1
0.4515 1e-06 1e-06 0.138 2.02633e-11 1
0.4525 1e-06 1e-06 0.138 1.46583e-11 1
0.4535 1e-06 1e-06 0.138 1.05784e-11 1
0.4545 1e-06 1e-06 0.138 7.61508e-12 1
0.4555 1e-06 1e-06 0.138 5.46841e-12 1
0.4565 1e-06 1e-06 0.138 3.91744e-12 1
0.4575 1e-06 1e-06 0.138 2.79875e-12 1
0.4585 1e-06 1e-06 0.138 1.9947e-12 1
0.4595 1e-06 1e-06 0.138 1.41833e-12 1
0.4605 1e-06 1e-06 0.138 1.00615e-12 1
0.4615 1e-06 1e-06 0.138 7.11602e-13 1
0.4625 1e-06 1e-06 0.138 5.01727e-13 1
0.4635 1e-06 1e-06 0.138 3.53018e-13 1
0.4645 1e-06 1e-06 0.138 2.47532e-13 1
0.4655 1e-06 1e-06 0.138 1.72779e-13 1
0.4665 1e-06 1e-06 0.138 1.20434e-13 1
0.4675 1e-06 1e-06 0.138 8.39491e-14 1
0.4685 1e-06 1e-06 0.138 5.8097e-14 1
0.4695 1e-06 1e-06 0.138 4.01948e-14 1
0.4705 1e-06 1e-06 0.138 2.73264e-14 1
0.4715 1e-06 1e-06 0.138 1.86206e-14 1
0.4725 1e-06 1e-06 0.138 1.28309e-14 1
0.4735 1e-06 1e-06 0.138 8.78088e-15 1
0.4745 1e-06 1e-06 0.138 5.44923e-15 1
0.4755 1e-06 1e-06 0.138 3.74715e-15 1
0.4765 1e-06 1e-06 0.138 2.23276e-15 1
0.4775 1e-06 1e-06 0.138 7.18373e-16 1
0.4785 1e-06 1e-06 0.138 3.40418e-16 1
0.4795 1e-06 1e-06 0.138 3.02878e-16 1
0.4805 1e-06 1e-06 0.138 3.02878e-16 1
0.4815 1e-06 1e-06 0.138 3.02878e-16 1
0.4825 1e-06 1e-06 0.138 3.02878e-16 1
0.4835 1e-06 1e-06 0.138 3.02878e-16 1
0.4845 1e-06 1e-06 0.138 3.02878e-16 1
0.4855 1e-06 1e-06 0.138 3.02878e-16 1
0.4865 1e-06 1e-06 0.138 3.02878e-16 1
0.4875 1e-06 1e-06 0.138 3.02878e-16 1
0.4885 1e-06 1e-06 0.138 3.02878e-16 1
0.4895 1e-06 1e-06 0.138 3.02878e-16 1
0.4905 1e-06 1e-06 0.138 3.02878e-16 1
0.4915 1e-06 1e-06 0.138 3.02878e-16 1
0.4925 1e-06 1e-06 0.138 3.02878e-16 1
0.4935 1e-06 1e-06 0.138 3.02878e-16 1
0.4945 1e-06 1e-06 0.138 3.02878e-16 1
0.4955 1e-06 1e-06 0.138 3.02878e-16 1
0.4965 1e-06 1e-06 0.138 3.02878e-16 1
0.4975 1e-06 1e-06 0.138 3.02878e-16 1
0.4985 1e-06 1e-06 0.138 3.02878e-16 1
0.4995 1e-06 1e-06 0.138 3.02878e-16 1
0.5005 1e-06 1e-06 0.138 3.02878e-16 1
0.5015 1e-06 1e-06 0.138 3.02878e-16 1
0.5025 1e-06 1e-06 0.138 3.02878e-16 1
0.5035 1e-06 1e-06 0.138 3.02878e-16 1
0.5045 1e-06 1e-06 0.138 3.02878e-16 1
0.5055 1e-06 1e-06 0.138 3.02878e-16 1
0.5065 1e-06 1e-06 0.138 3.02878e-16 1
0.5075 1e-06 1e-06 0.138 3.02878e-16 1
0.5085 1e-06 1e-06 0.138 3.02878e-16 1
0.5095 1e-06 1e-06 0.138 3.02878e-16 1
0.5105 1e-06 1e-06 0.138 3.02878e-16 1
0.5115 1e-06 1e-06 0.138 3.02878e-16 1
0.5125 1e-06 1e-06 0.138 3.02878e-16 1
0.5135 1e-06 1e-06 0.138 3.02878e-16 1
0.5145 1e-06 1e-06 0.138 3.02877e-16 1
0.5155 1e-06 1e-06 0.138 3.02877e-16 1
0.5165 1e-06 1e-06 0.138 3.02877e-16 1
0.5175 1e-06 1e-06 0.138 3.75392e-17 1
0.5185 1e-06 1e-06 0.138 0 1
0.5195 1e-06 1e-06 0.138 0 1
0.5205 1e-06 1e-06 0.138 0 1
0.5215 1e-06 1e-06 0.138 0 1
0.5225 1e-06 1e-06 0.138 0 1
0.5235 1e-06 1e-06 0.138 0 1
0.5245 1e-06 1e-06 0.138 0 1
0.5255 1e-06 1e-06 0.138 0 1
0.5265 1e-06 1e-06 0.138 0 1
0.5275 1e-06 1e-06 0.138 0 1
0.5285 1e-06 1e-06 0.138 0 1
0.5295 1e-06 1e-06 0.138 0 1
0.5305 1e-06 1e-06 0.138 0 1
0.5315 1e-06 1e-06 0.138 0 1
0.5325 1e-06 1e-06 0.138 0 1
0.5335 1e-06 1e-06 0.138 0 1
0.5345 1e-06 1e-06 0.138 0 1
0.5355 1e-06 1e-06 0.138 0 1
0.5365 1e-06 1e-06 0.138 0 1
0.5375 1e-06 1e-06 0.138 0 1
0.5385 1e-06 1e-06 0.138 0 1
0.5395 1e-06 1e-06 0.138 0 1
0.5405 1e-06 1e-06 0.138 0 1
0.5415 1e-06 1e-06 0.138 0 1
0.5425 1e-06 1e-06 0.138 0 1
0.5435 1e-06 1e-06 0.138 0 1
0.5445 1e-06 1e-06 0.138 0 1
0.5455 1e-06 1e-06 0.138 0 1
0.5465 1e-06 1e-06 0.138 0 1
0.5475 1e-06 1e-06 0.138 0 1
0.5485 1e-06 1e-06 0.138 0 1
0.5495 1e-06 1e-06 0.138 0 1
0.5505 1e-06 1e-06 0.138 0 1
0.5515 1e-06 1e-06 0.138 0 1
0.5525 1e-06 1e-06 0.138 0 1
0.5535 1e-06 1e-06 0.138 0 1
0.5545 1e-06 1e-06 0.138 0 1
0.5555 1e-06 1e-06 0.138 0 1
0.5565 1e-06 1e-06 0.138 0 1
0.5575 1e-06 1e-06 0.138 0 1
0.5585 1e-06 1e-06 0.138 0 1
0.5595 1e-06 1e-06 0.138 0 1
0.5605 1e-06 1e-06 0.138 0 1
0.5615 1e-06 1e-06 0.138 0 1
0.5625 1e-06 1e-06 0.138 0 1
0.5635 1e-06 1e-06 0.138 0 1
0.5645 1e-06 1e-06 0.138 0 1
0.5655 1e-06 1e-06 0.138 0 1
0.5665 1e-06 1e-06 0.138 0 1
0.5675 1e-06 1e-06 0.138 0 1
0.5685 1e-06 1e-06 0.138 0 1
0.5695 1e-06 1e-06 0.138 0 1
0.5705 1e-06 1e-06 0.138 0 1
0.5715 1e-06 1e-06 0.138 0 1
0.5725 1e-06 1e-06 0.138 0 1
0.5735 1e-06 1e-06 0.138 0 1
0.5745 1e-06 1e-06 0.138 0 1
0.5755 1e-06 1e-06 0.138 0 1
0.5765 1e-06 1e-06 0.138 0 1
0.5775 1e-06 1e-06 0.138 0 1
0.5785 1e-06 1e-06 0.138 0 1
0.5795 1e-06 1e-06 0.138 0 1
0.5805 1e-06 1e-06 0.138 0 1
0.5815 1e-06 1e-06 0.138 0 1
0.5825 1e-06 1e-06 0.138 0 1
0.5835 1e-06 1e-06 0.138 0 1
0.5845 1e-06 1e-06 0.138 0 1
0.5855 1e-06 1e-06 0.138 0 1
0.5865 1e-06 1e-06 0.138 0 1
0.5875 1e-06 1e-06 0.138 0 1
0.5885 1e-06 1e-06 0.138 0 1
0.5895 1e-06 1e-06 0.138 0 1
0.5905 1e-06 1e-06 0.138 0 1
0.5915 1e-06 1e-06 0.138 0 1
0.5925 1e-06 1e-06 0.138 0 1
0.5935 1e-06 1e-06 0.138 0 1
0.5945 1e-06 1e-06 0.138 0 1
0.5955 1e-06 1e-06 0.138 0 1
0.5965 1e-06 1e-06 0.138 0 1
0.5975 1e-06 1e-06 0.138 0 1
0.5985 1e-06 1e-06 0.138 0 1
0.5995 1e-06 1e-06 0.138 0 1
0.6005 0.999999 0.999999 1.38e-07 0 1
0.6015 0.999999 0.999999 1.38e-07 0 1
0.6025 0.999999 0.999999 1.38e-07 0 1
0.6035 0.999999 0.999999 1.38e-07 0 1
0.6045 0.999999 0.999999 1.38e-07 0 1
0.6055 0.999999 0.999999 1.38e-07 0 1
0.6065 0.999999 0.999999 1.38e-07 0 1
0.6075 0.999999 0.999999 1.38e-07 0 1
0.6085 0.999999 0.999999 1.38e-07 0 1
0.6095 0.999999 0.999999 1.38e-07 0 1
0.6105 0.999999 0.999999 1.38e-07 0 1
0.6115 0.999999 0.999999 1.38e-07 0 1
0.6125 0.999999 0.999999 1.38e-07 0 1
0.6135 0.999999 0.999999 1.38e-07 0 1
0.6145 0.999999 0.999999 1.38e-07 0 1
0.6155 0.999999 0.999999 1.38e-07 0 1
0.6165 0.999999 0.999999 1.38e-07 0 1
0.6175 0.999999 0.999999 1.38e-07 0 1
0.6185 0.999999 0.999999 1.38e-07 0 1
0.6195 0.999999 0.999999 1.38e-07 0 1
0.6205 0.999999 0.999999 1.38e-07 0 1
0.6215 0.999999 0.999999 1.38e-07 0 1
0.6225 0.999999 0.999999 1.38e-07 0 1
0.6235 0.999999 0.999999 1.38e-07 0 1
0.6245 0.999999 0.999999 1.38e-07 0 1
0.6255 0.999999 0.999999 1.38e-07 0 1
0.6265 0.999999 0.999999 1.38e-07 0 1
0.6275 0.999999 0.999999 1.38e-07 0 1
0.6285 0.999999 0.999999 1.38e-07 0 1
0.6295 0.999999 0.999999 1.38e-07 0 1
0.6305 0.999999 0.999999 1.38e-07 0 1
0.6315 0.999999 0.999999 1.38e-07 0 1
0.6325 0.999999 0.999999 1.38e-07 0 1
0.6335 0.999999 0.999999 1.38e-07 0 1
0.6345 0.999999 0.999999 1.38e-07 0 1
0.6355 0.999999 0.999999 1.38e-07 0 1
0.6365 0.999999 0.999999 1.38e-07 0 1
0.6375 0.999999 0.999999 1.38e-07 0 1
0.6385 0.999999 0.999999 1.38e-07 0 1
0.6395 0.999999 0.999999 1.38e-07 0 1
0.6405 0.999999 0.999999 1.38e-07 0 1
0.6415 0.999999 0.999999 1.38e-07 0 1
0.6425 0.999999 0.999999 1.38e-07 0 1
0.6435 0.999999 0.999999 1.38e-07 0 1
0.6445 0.999999 0.999999 1.38e-07 0 1
0.6455 0.999999 0.999999 1.38e-07 0 1
0.6465 0.999999 0.999999 1.38e-07 0 1
0.6475 0.999999 0.999999 1.38e-07 0 1
0.6485 0.999999 0.999999 1.38e-07 0 1
0.6495 0.999999 0.999999 1.38e-07 0 1
0.6505 0.999999 0.999999 1.38e-07 0 1
0.6515 0.999999 0.999999 1.38e-07 0 1
0.6525 0.999999 0.999999 1.38e-07 0 1
0.6535 0.999999 0.999999 1.38e-07 0 1
0.6545 0.999999 0.999999 1.38e-07 0 1
0.6555 0.999999 0.999999 1.38e-07 0 1
0.6565 0.999999 0.999999 1.38e-07 0 1
0.6575 0.999999 0.999999 1.38e-07 0 1
0.6585 0.999999 0.999999 1.38e-07 0 1
0.6595 0.999999 0.999999 1.38e-07 0 1
0.6605 0.999999 0.999999 1.38e-07 0 1
0.6615 0.999999 0.999999 1.38e-07 0 1
0.6625 0.999999 0.999999 1.38e-07 0 1
0.6635 0.999999 0.999999 1.38e-07 0 1
0.6645 0.999999 0.999999 1.38e-07 0 1
0.6655 0.999999 0.999999 1.38e-07 0 1
0.6665 0.999999 0.999999 1.38e-07 0 1
0.6675 0.999999 0.999999 1.38e-07 0 1
0.6685 0.999999 0.999999 1.38e-07 0 1
0.6695 0.999999 0.999999 1.38e-07 0 1
0.6705 0.999999 0.999999 1.38e-07 0 1
0.6715 0.999999 0.999999 1.38e-07 0 1
0.6725 0.999999 0.999999 1.38e-07 0 1
0.6735 0.999999 0.999999 1.38e-07 0 1
0.6745 0.999999 0.999999 1.38e-07 0 1
0.6755 0.999999 0.999999 1.38e-07 0 1
0.6765 0.999999 0.999999 1.38e-07 0 1
0.6775 0.999999 0.999999 1.38e-07 0 1
0.6785 0.999999 0.999999 1.38e-07 0 1
0.6795 0.999999 0.999999 1.38e-07 0 1
0.6805 0.999999 0.999999 1.38e-07 0 1
0.6815 0.999999 0.999999 1.38e-07 0 1
0.6825 0.999999 0.999999 1.38e-07 0 1
0.6835 0.999999 0.999999 1.38e-07 0 1
0.6845 0.999999 0.999999 1.38e-07 0 1
0.6855 0.999999 0.999999 1.38e-07 0 1
0.6865 0.999999 0.999999 1.38e-07 0 1
0.6875 0.999999 0.999999 1.38e-07 0 1
0.6885 0.999999 0.999999 1.38e-07 0 1
0.6895 0.999999 0.999999 1.38e-07 0 1
0.6905 0.999999 0.999999 1.38e-07 0 1
0.6915 0.999999 0.999999 1.38e-07 0 1
0.6925 0.999999 0.999999 1.38e-07 0 1
0.6935 0.999999 0.999999 1.38e-07 0 1
0.6945 0.999999 0.999999 1.38e-07 0 1
0.6955 0.999999 0.999999 1.38e-07 0 1
0.6965 0.999999 0.999999 1.38e-07 0 1
0.6975 0.999999 0.999999 1.38e-07 0 1
0.6985 0.999999 0.999999 1.38e-07 0 1
0.6995 0.999999 0.999999 1.38e-07 0 1
0.7005 0.999999 0.999999 1.38e-07 0 1
0.7015 0.999999 0.999999 1.38e-07 0 1
0.7025 0.999999 0.999999 1.38e-07 0 1
0.7035 0.999999 0.999999 1.38e-07 0 1
0.7045 0.999999 0.999999 1.38e-07 0 1
0.7055 0.999999 0.999999 1.38e-07 0 1
0.7065 0.999999 0.999999 1.38e-07 0 1
0.7075 0.999999 0.999999 1.38e-07 0 1
0.7085 0.999999 0.999999 1.38e-07 0 1
0.7095 0.999999 0.999999 1.38e-07 0 1
0.7105 0.999999 0.999999 1.38e-07 0 1
0.7115 0.999999 0.999999 1.38e-07 0 1
0.7125 0.999999 0.999999 1.38e-07 0 1
0.7135 0.999999 0.999999 1.38e-07 0 1
0.7145 0.999999 0.999999 1.38e-07 0 1
0.7155 0.999999 0.999999 1.38e-07 0 1
0.7165 0.999999 0.999999 1.38e-07 0 1
0.7175 0.999999 0.999999 1.38e-07 0 1
0.7185 0.999999 0.999999 1.38e-07 0 1
0.7195 0.999999 0.999999 1.38e-07 0 1
0.7205 0.999999 0.999999 1.38e-07 0 1
0.7215 0.999999 0.999999 1.38e-07 0 1
0.7225 0.999999 0.999999 1.38e-07 0 1
0.7235 0.999999 0.999999 1.38e-07 0 1
0.7245 0.999999 0.999999 1.38e-07 0 1
0.7255 0.999999 0.999999 1.38e-07 0 1
0.7265 0.999999 0.999999 1.38e-07 0 1
0.7275 0.999999 0.999999 1.38e-07 0 1
0.7285 0.999999 0.999999 1.38e-07 0 1
0.7295 0.999999 0.999999 1.38e-07 0 1
0.7305 0.999999 0.999999 1.38e-07 0 1
0.7315 0.999999 0.999999 1.38e-07 0 1
0.7325 0.999999 0.999999 1.38e-07 0 1
0.7335 0.999999 0.999999 1.38e-07 0 1
0.7345 0.999999 0.999999 1.38e-07 0 1
0.7355 0.999999 0.999999 1.38e-07 0 1
0.7365 0.999999 0.999999 1.38e-07 0 1
0.7375 0.999999 0.999999 1.38e-07 0 1
0.7385 0.999999 0.999999 1.38e-07 0 1
0.7395 0.999999 0.999999 1.38e-07 0 1
0.7405 0.999999 0.999999 1.38e-07 0 1
0.7415 0.999999 0.999999 1.38e-07 0 1
0.7425 0.999999 0.999999 1.38e-07 0 1
0.7435 0.999999 0.999999 1.38e-07 0 1
0.7445 0.999999 0.999999 1.38e-07 0 1
0.7455 0.999999 0.999999 1.38e-07 0 1
0.7465 0.999999 0.999999 1.38e-07 0 1
0.7475 0.999999 0.999999 1.38e-07 0 1
0.7485 0.999999 0.999999 1.38e-07 0 1
0.7495 0.999999 0.999999 1.38e-07 0 1
0.7505 0.999999 0.999999 1.38e-07 0 1
0.7515 0.999999 0.999999 1.38e-07 0 1
0.7525 0.999999 0.999999 1.38e-07 0 1
0.7535 0.999999 0.999999 1.38e-07 0 1
0.7545 0.999999 0.999999 1.38e-07 0 1
0.7555 0.999999 0.999999 1.38e-07 0 1
0.7565 0.999999 0.999999 1.38e-07 0 1
0.7575 0.999999 0.999999 1.38e-07 0 1
0.7585 0.999999 0.999999 1.38e-07 0 1
0.7595 0.999999 0.999999 1.38e-07 0 1
0.7605 0.999999 0.999999 1.38e-07 0 1
0.7615 0.999999 0.999999 1.38e-07 0 1
0.7625 0.999999 0.999999 1.38e-07 0 1
0.7635 0.999999 0.999999 1.38e-07 0 1
0.7645 0.999999 0.999999 1.38e-07 0 1
0.7655 0.999999 0.999999 1.38e-07 0 1
0.7665 0.999999 0.999999 1.38e-07 0 1
0.7675 0.999999 0.999999 1.38e-07 0 1
0.7685 0.999999 0.999999 1.38e-07 0 1
0.7695 0.999999 0.999999 1.38e-07 0 1
0.7705 0.999999 0.999999 1.38e-07 0 1
0.7715 0.999999 0.999999 1.38e-07 0 1
0.7725 0.999999 0.999999 1.38e-07 0 1
0.7735 0.999999 0.999999 1.38e-07 0 1
0.7745 0.999999 0.999999 1.38e-07 0 1
0.7755 0.999999 0.999999 1.38e-07 0 1
0.7765 0.999999 0.999999 1.38e-07 0 1
0.7775 0.999999 0.999999 1.38e-07 0 1
0.7785 0.999999 0.999999 1.38e-07 0 1
0.7795 0.999999 0.999999 1.38e-07 0 1
0.7805 0.999999 0.999999 1.38e-07 0 1
0.7815 0.999999 0.999999 1.38e-07 0 1
0.7825 0.999999 0.999999 1.38e-07 0 1
0.7835 0.999999 0.999999 1.38e-07 0 1
0.7845 0.999999 0.999999 1.38e-07 0 1
0.7855 0.999999 0.999999 1.38e-07 0 1
0.7865 0.999999 0.999999 1.38e-07 0 1
0.7875 0.999999 0.999999 1.38e-07 0 1
0.7885 0.999999 0.999999 1.38e-07 0 1
0.7895 0.999999 0.999999 1.38e-07 0 1
0.7905 0.999999 0.999999 1.38e-07 0 1
0.7915 0.999999 0.999999 1.38e-07 0 1
0.7925 0.999999 0.999999 1.38e-07 0 1
0.7935 0.999999 0.999999 1.38e-07 0 1
0.7945 0.999999 0.999999 1.38e-07 0 1
0.7955 0.999999 0.999999 1.38e-07 0 1
0.7965 0.999999 0.999999 1.38e-07 0 1
0.7975 0.999999 0.999999 1.38e-07 0 1
0.7985 0.999999 0.999999 1.38e-07 0 1
0.7995 0.999999 0.999999 1.38e-07 0 1
0.8005 0.999999 0.999999 1.38e-07 0 1
0.8015 0.999999 0.999999 1.38e-07 0 1
0.8025 0.999999 0.999999 1.38e-07 0 1
0.8035 0.999999 0.999999 1.38e-07 0 1
0.8045 0.999999 0.999999 1.38e-07 0 1
0.8055 0.999999 0.999999 1.38e-07 0 1
0.8065 0.999999 0.999999 1.38e-07 0 1
0.8075 0.999999 0.999999 1.38e-07 0 1
0.8085 0.999999 0.999999 1.38e-07 0 1
0.8095 0.999999 0.999999 1.38e-07 0 1
0.8105 0.999999 0.999999 1.38e-07 0 1
0.8115 0.999999 0.999999 1.38e-07 0 1
0.8125 0.999999 0.999999 1.38e-07 0 1
0.8135 0.999999 0.999999 1.38e-07 0 1
0.8145 0.999999 0.999999 1.38e-07 0 1
0.8155 0.999999 0.999999 1.38e-07 0 1
0.8165 0.999999 0.999999 1.38e-07 0 1
0.8175 0.999999 0.999999 1.38e-07 0 1
0.8185 0.999999 0.999999 1.38e-07 0 1
0.8195 0.999999 0.999999 1.38e-07 0 1
0.8205 0.999999 0.999999 1.38e-07 0 1
0.8215 0.999999 0.999999 1.38e-07 0 1
0.8225 0.999999 0.999999 1.38e-07 0 1
0.8235 0.999999 0.999999 1.38e-07 0 1
0.8245 0.999999 0.999999 1.38e-07 0 1
0.8255 0.999999 0.999999 1.38e-07 0 1
0.8265 0.999999 0.999999 1.38e-07 0 1
0.8275 0.999999 0.999999 1.38e-07 0 1
0.8285 0.999999 0.999999 1.38e-07 0 1
0.8295 0.999999 0.999999 1.38e-07 0 1
0.8305 0.999999 0.999999 1.38e-07 0 1
0.8315 0.999999 0.999999 1.38e-07 0 1
0.8325 0.999999 0.999999 1.38e-07 0 1
0.8335 0.999999 0.999999 1.38e-07 0 1
0.8345 0.999999 0.999999 1.38e-07 0 1
0.8355 0.999999 0.999999 1.38e-07 0 1
0.8365 0.999999 0.999999 1.38e-07 0 1
0.8375 0.999999 0.999999 1.38e-07 0 1
0.8385 0.999999 0.999999 1.38e-07 0 1
0.8395 0.999999 0.999999 1.38e-07 0 1
0.8405 0.999999 0.999999 1.38e-07 0 1
0.8415 0.999999 0.999999 1.38e-07 0 1
0.8425 0.999999 0.999999 1.38e-07 0 1
0.8435 0.999999 0.999999 1.38e-07 0 1
0.8445 0.999999 0.999999 1.38e-07 0 1
0.8455 0.999999 0.999999 1.38e-07 0 1
0.8465 0.999999 0.999999 1.38e-07 0 1
0.8475 0.999999 0.999999 1.38e-07 0 1
0.8485 0.999999 0.999999 1.38e-07 0 1
0.8495 0.999999 0.999999 1.38e-07 0 1
0.8505 0.999999 0.999999 1.38e-07 0 1
0.8515 0.999999 0.999999 1.38e-07 0 1
0.8525 0.999999 0.999999 1.38e-07 0 1
0.8535 0.999999 0.999999 1.38e-07 0 1
0.8545 0.999999 0.999999 1.38e-07 0 1
0.8555 0.999999 0.999999 1.38e-07 0 1
0.8565 0.999999 0.999999 1.38e-07 0 1
0.8575 0.999999 0.999999 1.38e-07 0 1
0.8585 0.999999 0.999999 1.38e-07 0 1
0.8595 0.999999 0.999999 1.38e-07 0 1
0.8605 0.999999 0.999999 1.38e-07 0 1
0.8615 0.999999 0.999999 1.38e-07 0 1
0.8625 0.999999 0.999999 1.38e-07 0 1
0.8635 0.999999 0.999999 1.38e-07 0 1
0.8645 0.999999 0.999999 1.38e-07 0 1
0.8655 0.999999 0.999999 1.38e-07 0 1
0.8665 0.999999 0.999999 1.38e-07 0 1
0.8675 0.999999 0.999999 1.38e-07 0 1
0.8685 0.999999 0.999999 1.38e-07 0 1
0.8695 0.999999 0.999999 1.38e-07 0 1
0.8705 0.999999 0.999999 1.38e-07 0 1
0.8715 0.999999 0.999999 1.38e-07 0 1
0.8725 0.999999 0.999999 1.38e-07 0 1
0.8735 0.999999 0.999999 1.38e-07 0 1
0.8745 0.999999 0.999999 1.38e-07 0 1
0.8755 0.999999 0.999999 1.38e-07 0 1
0.8765 0.999999 0.999999 1.38e-07 0 1
0.8775 0.999999 0.999999 1.38e-07 0 1
0.8785 0.999999 0.999999 1.38e-07 0 1
0.8795 0.999999 0.999999 1.38e-07 0 1
0.8805 0.999999 0.999999 1.38e-07 0 1
0.8815 0.999999 0.999999 1.38e-07 0 1
0.8825 0.999999 0.999999 1.38e-07 0 1
0.8835 0.999999 0.999999 1.38e-07 0 1
0.8845 0.999999 0.999999 1.38e-07 0 1
0.8855 0.999999 0.999999 1.38e-07 0 1
0.8865 0.999999 0.999999 1.38e-07 0 1
0.8875 0.999999 0.999999 1.38e-07 0 1
0.8885 0.999999 0.999999 1.38e-07 0 1
0.8895 0.999999 0.999999 1.38e-07 0 1
0.8905 0.999999 0.999999 1.38e-07 0 1
0.8915 0.999999 0.999999 1.38e-07 0 1
0.8925 0.999999 0.999999 1.38e-07 0 1
0.8935 0.999999 0.999999 1.38e-07 0 1
0.8945 0.999999 0.999999 1.38e-07 0 1
0.8955 0.999999 0.999999 1.38e-07 0 1
0.8965 0.999999 0.999999 1.38e-07 0 1
0.8975 0.999999 0.999999 1.38e-07 0 1
0.8985 0.999999 0.999999 1.38e-07 0 1
0.8995 0.999999 0.999999 1.38e-07 0 1
0.9005 0.999999 0.999999 1.38e-07 0 1
0.9015 0.999999 0.999999 1.38e-07 0 1
0.9025 0.999999 0.999999 1.38e-07 0 1
0.9035 0.999999 0.999999 1.38e-07 0 1
0.9045 0.999999 0.999999 1.38e-07 0 1
0.9055 0.999999 0.999999 1.38e-07 0 1
0.9065 0.999999 0.999999 1.38e-07 0 1
0.9075 0.999999 0.999999 1.38e-07 0 1
0.9085 0.999999 0.999999 1.38e-07 0 1
0.9095 0.999999 0.999999 1.38e-07 0 1
0.9105 0.999999 0.999999 1.38e-07 0 1
0.9115 0.999999 0.999999 1.38e-07 0 1
0.9125 0.999999 0.999999 1.38e-07 0 1
0.9135 0.999999 0.999999 1.38e-07 0 1
0.9145 0.999999 0.999999 1.38e-07 0 1
0.9155 0.999999 0.999999 1.38e-07 0 1
0.9165 0.999999 0.999999 1.38e-07 0 1
0.9175 0.999999 0.999999 1.38e-07 0 1
0.9185 0.999999 0.999999 1.38e-07 0 1
0.9195 0.999999 0.999999 1.38e-07 0 1
0.9205 0.999999 0.999999 1.38e-07 0 1
0.9215 0.999999 0.999999 1.38e-07 0 1
0.9225 0.999999 0.999999 1.38e-07 0 1
0.9235 0.999999 0.999999 1.38e-07 0 1
0.9245 0.999999 0.999999 1.38e-07 0 1
0.9255 0.999999 0.999999 1.38e-07 0 1
0.9265 0.999999 0.999999 1.38e-07 0 1
0.9275 0.999999 0.999999 1.38e-07 0 1
0.9285 0.999999 0.999999 1.38e-07 0 1
0.9295 0.999999 0.999999 1.38e-07 0 1
0.9305 0.999999 0.999999 1.38e-07 0 1
0.9315 0.999999 0.999999 1.38e-07 0 1
0.9325 0.999999 0.999999 1.38e-07 0 1
0.9335 0.999999 0.999999 1.38e-07 0 1
0.9345 0.999999 0.999999 1.38e-07 0 1
0.9355 0.999999 0.999999 1.38e-07 0 1
0.9365 0.999999 0.999999 1.38e-07 0 1
0.9375 0.999999 0.999999 1.38e-07 0 1
0.9385 0.999999 0.999999 1.38e-07 0 1
0.9395 0.999999 0.999999 1.38e-07 0 1
0.9405 0.999999 0.999999 1.38e-07 0 1
0.9415 0.999999 0.999999 1.38e-07 0 1
0.9425 0.999999 0.999999 1.38e-07 0 1
0.9435 0.999999 0.999999 1.38e-07 0 1
0.9445 0.999999 0.999999 1.38e-07 0 1
0.9455 0.999999 0.999999 1.38e-07 0 1
0.9465 0.999999 0.999999 1.38e-07 0 1
0.9475 0.999999 0.999999 1.38e-07 0 1
0.9485 0.999999 0.999999 1.38e-07 0 1
0.9495 0.999999 0.999999 1.38e-07 0 1
0.9505 0.999999 0.999999 1.38e-07 0 1
0.9515 0.999999 0.999999 1.38e-07 0 1
0.9525 0.999999 0.999999 1.38e-07 0 1
0.9535 0.999999 0.999999 1.38e-07 0 1
0.9545 0.999999 0.999999 1.38e-07 0 1
0.9555 0.999999 0.999999 1.38e-07 0 1
0.9565 0.999999 0.999999 1.38e-07 0 1
0.9575 0.999999 0.999999 1.38e-07 0 1
0.9585 0.999999 0.999999 1.38e-07 0 1
0.9595 0.999999 0.999999 1.38e-07 0 1
0.9605 0.999999 0.999999 1.38e-07 0 1
0.9615 0.999999 0.999999 1.38e-07 0 1
0.9625 0.999999 0.999999 1.38e-07 0 1
0.9635 0.999999 0.999999 1.38e-07 0 1
0.9645 0.999999 0.999999 1.38e-07 0 1
0.9655 0.999999 0.999999 1.38e-07 0 1
0.9665 0.999999 0.999999 1.38e-07 0 1
0.9675 0.999999 0.999999 1.38e-07 0 1
0.9685 0.999999 0.999999 1.38e-07 0 1
0.9695 0.999999 0.999999 1.38e-07 0 1
0.9705 0.999999 0.999999 1.38e-07 0 1
0.9715 0.999999 0.999999 1.38e-07 0 1
0.9725 0.999999 0.999999 1.38e-07 0 1
0.9735 0.999999 0.999999 1.38e-07 0 1
0.9745 0.999999 0.999999 1.38e-07 0 1
0.9755 0.999999 0.999999 1.38e-07 0 1
0.9765 0.999999 0.999999 1.38e-07 0 1
0.9775 0.999999 0.999999 1.38e-07 0 1
0.9785 0.999999 0.999999 1.38e-07 0 1
0.9795 0.999999 0.999999 1.38e-07 0 1
0.9805 0.999999 0.999999 1.38e-07 0 1
0.9815 0.999999 0.999999 1.38e-07 0 1
0.9825 0.999999 0.999999 1.38e-07 0 1
0.9835 0.999999 0.999999 1.38e-07 0 1
0.9845 0.999999 0.999999 1.38e-07 0 1
0.9855 0.999999 0.999999 1.38e-07 0 1
0.9865 0.999999 0.999999 1.38e-07 0 1
0.9875 0.999999 0.999999 1.38e-07 0 1
0.9885 0.999999 0.999999 1.38e-07 0 1
0.9895 0.999999 0.999999 1.38e-07 0 1
0.9905 0.999999 0.999999 1.38e-07 0 1
0.9915 0.999999 0.999999 1.38e-07 0 1
0.9925 0.999999 0.999999 1.38e-07 0 1
0.9935 0.999999 0.999999 1.38e-07 0 1
0.9945 0.999999 0.999999 1.38e-07 0 1
0.9955 0.999999 0.999999 1.38e-07 0 1
0.9965 0.999999 0.999999 1.38e-07 0 1
0.9975 0.999999 0.999999 1.38e-07 0 1
0.9985 0.999999 0.999999 1.38e-07 0 1
0.9995 0.999999 0.999999 1.38e-07 0 1
