x alpha rho1 rho2 v p
0.0005 0.999999 1.3765 1.38e-07 0.3948 1.57
0.0015 0.999999 1.3765 1.38e-07 0.3948 1.57
0.0025 0.999999 1.3765 1.38e-07 0.3948 1.57
0.0035 0.999999 1.3765 1.38e-07 0.3948 1.57
0.0045 0.999999 1.3765 1.38e-07 0.3948 1.57
0.0055 0.999999 1.3765 1.38e-07 0.3948 1.57
0.0065 0.999999 1.3765 1.38e-07 0.3948 1.57
0.0075 0.999999 1.3765 1.38e-07 0.3948 1.57
0.0085 0.999999 1.3765 1.38e-07 0.3948 1.57
0.0095 0.999999 1.3765 1.38e-07 0.3948 1.57
0.0105 0.999999 1.3765 1.38e-07 0.3948 1.57
0.0115 0.999999 1.3765 1.38e-07 0.3948 1.57
0.0125 0.999999 1.3765 1.38e-07 0.3948 1.57
0.0135 0.999999 1.3765 1.38e-07 0.3948 1.57
0.0145 0.999999 1.3765 1.38e-07 0.3948 1.57
0.0155 0.999999 1.3765 1.38e-07 0.3948 1.57
0.0165 0.999999 1.3765 1.38e-07 0.3948 1.57
0.0175 0.999999 1.3765 1.38e-07 0.3948 1.57
0.0185 0.999999 1.3765 1.38e-07 0.3948 1.57
0.0195 0.999999 1.3765 1.38e-07 0.3948 1.57
0.0205 0.999999 1.3765 1.38e-07 0.3948 1.57
0.0215 0.999999 1.3765 1.38e-07 0.3948 1.57
0.0225 0.999999 1.3765 1.38e-07 0.3948 1.57
0.0235 0.999999 1.3765 1.38e-07 0.3948 1.57
0.0245 0.999999 1.3765 1.38e-07 0.3948 1.57
0.0255 0.999999 1.3765 1.38e-07 0.3948 1.57
0.0265 0.999999 1.3765 1.38e-07 0.3948 1.57
0.0275 0.999999 1.3765 1.38e-07 0.3948 1.57
0.0285 0.999999 1.3765 1.38e-07 0.3948 1.57
0.0295 0.999999 1.3765 1.38e-07 0.3948 1.57
0.0305 0.999999 1.3765 1.38e-07 0.3948 1.57
0.0315 0.999999 1.3765 1.38e-07 0.3948 1.57
0.0325 0.999999 1.3765 1.38e-07 0.3948 1.57
0.0335 0.999999 1.3765 1.38e-07 0.3948 1.57
0.0345 0.999999 1.3765 1.38e-07 0.3948 1.57
0.0355 0.999999 1.3765 1.38e-07 0.3948 1.57
0.0365 0.999999 1.3765 1.38e-07 0.3948 1.57
0.0375 0.999999 1.3765 1.38e-07 0.3948 1.57
0.0385 0.999999 1.3765 1.38e-07 0.3948 1.57
0.0395 0.999999 1.3765 1.38e-07 0.3948 1.57
0.0405 0.999999 1.3765 1.38e-07 0.3948 1.57
0.0415 0.999999 1.3765 1.38e-07 0.3948 1.57
0.0425 0.999999 1.3765 1.38e-07 0.3948 1.57
0.0435 0.999999 1.3765 1.38e-07 0.3948 1.57
0.0445 0.999999 1.3765 1.38e-07 0.3948 1.57
0.0455 0.999999 1.3765 1.38e-07 0.3948 1.57
0.0465 0.999999 1.3765 1.38e-07 0.3948 1.57
0.0475 0.999999 1.3765 1.38e-07 0.3948 1.57
0.0485 0.999999 1.3765 1.38e-07 0.3948 1.57
0.0495 0.999999 1.3765 1.38e-07 0.3948 1.57
0.0505 0.999999 1.3765 1.38e-07 0.3948 1.57
0.0515 0.999999 1.3765 1.38e-07 0.3948 1.57
0.0525 0.999999 1.3765 1.38e-07 0.3948 1.57
0.0535 0.999999 1.3765 1.38e-07 0.3948 1.57
0.0545 0.999999 1.3765 1.38e-07 0.3948 1.57
0.0555 0.999999 1.3765 1.38e-07 0.3948 1.57
0.0565 0.999999 1.3765 1.38e-07 0.3948 1.57
0.0575 0.999999 1.3765 1.38e-07 0.3948 1.57
0.0585 0.999999 1.3765 1.38e-07 0.3948 1.57
0.0595 0.999999 1.3765 1.38e-07 0.3948 1.57
0.0605 0.999999 1.3765 1.38e-07 0.3948 1.57
0.0615 0.999999 1.3765 1.38e-07 0.3948 1.57
0.0625 0.999999 1.3765 1.38e-07 0.3948 1.57
0.0635 0.999999 1.3765 1.38e-07 0.3948 1.57
0.0645 0.999999 1.3765 1.38e-07 0.3948 1.57
0.0655 0.999999 1.3765 1.38e-07 0.3948 1.57
0.0665 0.999999 1.3765 1.38e-07 0.3948 1.57
0.0675 0.999999 1.3765 1.38e-07 0.3948 1.57
0.0685 0.999999 1.3765 1.38e-07 0.3948 1.57
0.0695 0.999999 1.3765 1.38e-07 0.3948 1.57
0.0705 0.999999 1.3765 1.38e-07 0.3948 1.57
0.0715 0.999999 1.3765 1.38e-07 0.3948 1.57
0.0725 0.999999 1.3765 1.38e-07 0.3948 1.57
0.0735 0.999999 1.3765 1.38e-07 0.3948 1.57
0.0745 0.999999 1.3765 1.38e-07 0.3948 1.57
0.0755 0.999999 1.3765 1.38e-07 0.3948 1.57
0.0765 0.999999 1.3765 1.38e-07 0.3948 1.57
0.0775 0.999999 1.3765 1.38e-07 0.3948 1.57
0.0785 0.999999 1.3765 1.38e-07 0.3948 1.57
0.0795 0.999999 1.3765 1.38e-07 0.3948 1.57
0.0805 0.999999 1.3765 1.38e-07 0.3948 1.57
0.0815 0.999999 1.3765 1.38e-07 0.3948 1.57
0.0825 0.999999 1.3765 1.38e-07 0.3948 1.57
0.0835 0.999999 1.3765 1.38e-07 0.3948 1.57
0.0845 0.999999 1.3765 1.38e-07 0.3948 1.57
0.0855 0.999999 1.3765 1.38e-07 0.3948 1.57
0.0865 0.999999 1.3765 1.38e-07 0.3948 1.57
0.0875 0.999999 1.3765 1.38e-07 0.3948 1.57
0.0885 0.999999 1.3765 1.38e-07 0.3948 1.57
0.0895 0.999999 1.3765 1.38e-07 0.3948 1.57
0.0905 0.999999 1.3765 1.38e-07 0.3948 1.57
0.0915 0.999999 1.3765 1.38e-07 0.3948 1.57
0.0925 0.999999 1.3765 1.38e-07 0.3948 1.57
0.0935 0.999999 1.3765 1.38e-07 0.3948 1.57
0.0945 0.999999 1.3765 1.38e-07 0.3948 1.57
0.0955 0.999999 1.3765 1.38e-07 0.3948 1.57
0.0965 0.999999 1.3765 1.38e-07 0.3948 1.57
0.0975 0.999999 1.3765 1.38e-07 0.3948 1.57
0.0985 0.999999 1.3765 1.38e-07 0.3948 1.57
0.0995 0.999999 1.3765 1.38e-07 0.3948 1.57
0.1005 0.999999 1.3765 1.38e-07 0.3948 1.57
0.1015 0.999999 1.3765 1.38e-07 0.3948 1.57
0.1025 0.999999 1.3765 1.38e-07 0.3948 1.57
0.1035 0.999999 1.3765 1.38e-07 0.3948 1.57
0.1045 0.999999 1.3765 1.38e-07 0.3948 1.57
0.1055 0.999999 1.3765 1.38e-07 0.3948 1.57
0.1065 0.999999 1.3765 1.38e-07 0.3948 1.57
0.1075 0.999999 1.3765 1.38e-07 0.3948 1.57
0.1085 0.999999 1.3765 1.38e-07 0.3948 1.57
0.1095 0.999999 1.3765 1.38e-07 0.3948 1.57
0.1105 0.999999 1.3765 1.38e-07 0.394801 1.57
0.1115 0.999999 1.3765 1.38e-07 0.394801 1.57
0.1125 0.999999 1.3765 1.38e-07 0.394801 1.57
0.1135 0.999999 1.3765 1.38e-07 0.394801 1.57
0.1145 0.999999 1.3765 1.38e-07 0.394802 1.57
0.1155 1 1.3765 1.38e-07 0.394803 1.57
0.1165 1 1.37649 1.38e-07 0.394804 1.56999
0.1175 1 1.37649 1.37999e-07 0.394805 1.56999
0.1185 1 1.37649 1.37999e-07 0.394806 1.56999
0.1195 1 1.37649 1.37999e-07 0.394808 1.56999
0.1205 1 1.37649 1.37999e-07 0.39481 1.56998
0.1215 1 1.37648 1.37999e-07 0.394813 1.56998
0.1225 1 1.37648 1.37998e-07 0.394817 1.56997
0.1235 1 1.37648 1.37998e-07 0.394821 1.56996
0.1245 1 1.37647 1.37997e-07 0.394826 1.56995
0.1255 1 1.37646 1.37997e-07 0.394832 1.56994
0.1265 1 1.37646 1.37996e-07 0.394839 1.56993
0.1275 1.00001 1.37645 1.37995e-07 0.394848 1.56991
0.1285 1.00001 1.37644 1.37994e-07 0.394858 1.5699
0.1295 1.00001 1.37643 1.37993e-07 0.394869 1.56988
0.1305 1.00001 1.37641 1.37991e-07 0.394882 1.56985
0.1315 1.00001 1.3764 1.3799e-07 0.394896 1.56983
0.1325 1.00001 1.37638 1.37988e-07 0.394912 1.5698
0.1335 1.00001 1.37636 1.37986e-07 0.39493 1.56977
0.1345 1.00001 1.37634 1.37984e-07 0.39495 1.56973
0.1355 1.00002 1.37632 1.37982e-07 0.394971 1.5697
0.1365 1.00002 1.37629 1.37979e-07 0.394994 1.56966
0.1375 1.00002 1.37626 1.37977e-07 0.395018 1.56961
0.1385 1.00002 1.37624 1.37974e-07 0.395044 1.56957
0.1395 1.00002 1.37621 1.37971e-07 0.395071 1.56952
0.1405 1.00002 1.37618 1.37968e-07 0.395099 1.56947
0.1415 1.00002 1.37615 1.37965e-07 0.395127 1.56942
0.1425 1.00002 1.37612 1.37962e-07 0.395156 1.56937
0.1435 1.00002 1.37608 1.37958e-07 0.395185 1.56932
0.1445 1.00002 1.37605 1.37955e-07 0.395213 1.56928
0.1455 1.00002 1.37602 1.37952e-07 0.39524 1.56923
0.1465 1.00002 1.376 1.3795e-07 0.395266 1.56918
0.1475 1.00002 1.37597 1.37947e-07 0.39529 1.56914
0.1485 1.00002 1.37594 1.37944e-07 0.395313 1.5691
0.1495 1.00001 1.37592 1.37942e-07 0.395333 1.56907
0.1505 1.00001 1.3759 1.3794e-07 0.39535 1.56904
0.1515 1.00001 1.37589 1.37939e-07 0.395365 1.56901
0.1525 1.00001 1.37587 1.37937e-07 0.395377 1.56899
0.1535 1.00001 1.37586 1.37936e-07 0.395386 1.56898
0.1545 1 1.37585 1.37935e-07 0.395392 1.56897
0.1555 1 1.37585 1.37935e-07 0.395395 1.56897
0.1565 0.999998 1.37585 1.37935e-07 0.395395 1.56897
0.1575 0.999996 1.37585 1.37935e-07 0.395392 1.56897
0.1585 0.999994 1.37586 1.37936e-07 0.395386 1.56898
0.1595 0.999992 1.37587 1.37937e-07 0.395378 1.569
0.1605 0.999991 1.37588 1.37938e-07 0.395368 1.56901
0.1615 0.999989 1.37589 1.37939e-07 0.395356 1.56904
0.1625 0.999988 1.37591 1.37941e-07 0.395343 1.56906
0.1635 0.999987 1.37592 1.37942e-07 0.395328 1.56909
0.1645 0.999986 1.37594 1.37944e-07 0.395312 1.56911
0.1655 0.999986 1.37596 1.37946e-07 0.395295 1.56914
0.1665 0.999985 1.37598 1.37948e-07 0.395278 1.56917
0.1675 0.999985 1.37599 1.37949e-07 0.39526 1.5692
0.1685 0.999985 1.37601 1.37951e-07 0.395243 1.56923
0.1695 0.999985 1.37603 1.37953e-07 0.395225 1.56926
0.1705 0.999986 1.37605 1.37955e-07 0.395208 1.56929
0.1715 0.999986 1.37607 1.37957e-07 0.395192 1.56932
0.1725 0.999986 1.37609 1.37959e-07 0.395176 1.56935
0.1735 0.999987 1.3761 1.3796e-07 0.39516 1.56938
0.1745 0.999988 1.37612 1.37962e-07 0.395146 1.5694
0.1755 0.999988 1.37613 1.37964e-07 0.395132 1.56943
0.1765 0.999989 1.37615 1.37965e-07 0.395119 1.56945
0.1775 0.999989 1.37616 1.37966e-07 0.395106 1.56947
0.1785 0.99999 1.37618 1.37968e-07 0.395095 1.56949
0.1795 0.99999 1.37619 1.37969e-07 0.395084 1.56951
0.1805 0.999991 1.3762 1.3797e-07 0.395073 1.56953
0.1815 0.999991 1.37621 1.37971e-07 0.395063 1.56954
0.1825 0.999992 1.37622 1.37972e-07 0.395054 1.56956
0.1835 0.999992 1.37623 1.37973e-07 0.395046 1.56957
0.1845 0.999993 1.37624 1.37974e-07 0.395038 1.56959
0.1855 0.999993 1.37625 1.37975e-07 0.39503 1.5696
0.1865 0.999993 1.37625 1.37976e-07 0.395023 1.56961
0.1875 0.999994 1.37626 1.37976e-07 0.395017 1.56962
0.1885 0.999994 1.37627 1.37977e-07 0.39501 1.56964
0.1895 0.999994 1.37628 1.37978e-07 0.395004 1.56965
0.1905 0.999995 1.37628 1.37978e-07 0.394999 1.56966
0.1915 0.999995 1.37629 1.37979e-07 0.394993 1.56966
0.1925 0.999995 1.37629 1.37979e-07 0.394988 1.56967
0.1935 0.999995 1.3763 1.3798e-07 0.394983 1.56968
0.1945 0.999995 1.3763 1.3798e-07 0.394979 1.56969
0.1955 0.999996 1.37631 1.37981e-07 0.394974 1.5697
0.1965 0.999996 1.37631 1.37981e-07 0.39497 1.5697
0.1975 0.999996 1.37632 1.37982e-07 0.394966 1.56971
0.1985 0.999996 1.37632 1.37982e-07 0.394962 1.56972
0.1995 0.999996 1.37633 1.37983e-07 0.394959 1.56972
0.2005 0.999996 1.37633 1.37983e-07 0.394955 1.56973
0.2015 0.999996 1.37633 1.37983e-07 0.394952 1.56974
0.2025 0.999996 1.37634 1.37984e-07 0.394948 1.56974
0.2035 0.999997 1.37634 1.37984e-07 0.394945 1.56975
0.2045 0.999997 1.37634 1.37984e-07 0.394942 1.56975
0.2055 0.999997 1.37635 1.37985e-07 0.394939 1.56976
0.2065 0.999997 1.37635 1.37985e-07 0.394936 1.56976
0.2075 0.999997 1.37635 1.37985e-07 0.394934 1.56977
0.2085 0.999997 1.37636 1.37986e-07 0.394931 1.56977
0.2095 0.999997 1.37636 1.37986e-07 0.394928 1.56978
0.2105 0.999997 1.37636 1.37986e-07 0.394926 1.56978
0.2115 0.999997 1.37636 1.37986e-07 0.394924 1.56979
0.2125 0.999997 1.37637 1.37987e-07 0.394921 1.56979
0.2135 0.999997 1.37637 1.37987e-07 0.394919 1.56979
0.2145 0.999997 1.37637 1.37987e-07 0.394917 1.5698
0.2155 0.999997 1.37637 1.37987e-07 0.394915 1.5698
0.2165 0.999997 1.37638 1.37988e-07 0.394913 1.5698
0.2175 0.999997 1.37638 1.37988e-07 0.394911 1.56981
0.2185 0.999997 1.37638 1.37988e-07 0.394909 1.56981
0.2195 0.999998 1.37638 1.37988e-07 0.394907 1.56981
0.2205 0.999998 1.37638 1.37989e-07 0.394905 1.56982
0.2215 0.999998 1.37639 1.37989e-07 0.394903 1.56982
0.2225 0.999998 1.37639 1.37989e-07 0.394901 1.56982
0.2235 0.999998 1.37639 1.37989e-07 0.3949 1.56983
0.2245 0.999998 1.37639 1.37989e-07 0.394898 1.56983
0.2255 0.999998 1.37639 1.37989e-07 0.394896 1.56983
0.2265 0.999998 1.3764 1.3799e-07 0.394895 1.56984
0.2275 0.999998 1.3764 1.3799e-07 0.394893 1.56984
0.2285 0.999998 1.3764 1.3799e-07 0.394892 1.56984
0.2295 0.999998 1.3764 1.3799e-07 0.39489 1.56984
0.2305 0.999998 1.3764 1.3799e-07 0.394889 1.56985
0.2315 0.999998 1.3764 1.3799e-07 0.394888 1.56985
0.2325 0.999998 1.3764 1.37991e-07 0.394886 1.56985
0.2335 0.999998 1.37641 1.37991e-07 0.394885 1.56985
0.2345 0.999998 1.37641 1.37991e-07 0.394884 1.56985
0.2355 0.999998 1.37641 1.37991e-07 0.394883 1.56986
0.2365 0.999998 1.37641 1.37991e-07 0.394881 1.56986
0.2375 0.999998 1.37641 1.37991e-07 0.39488 1.56986
0.2385 0.999998 1.37641 1.37991e-07 0.394879 1.56986
0.2395 0.999998 1.37641 1.37991e-07 0.394878 1.56986
0.2405 0.999998 1.37641 1.37992e-07 0.394877 1.56987
0.2415 0.999998 1.37642 1.37992e-07 0.394876 1.56987
0.2425 0.999998 1.37642 1.37992e-07 0.394875 1.56987
0.2435 0.999998 1.37642 1.37992e-07 0.394874 1.56987
0.2445 0.999998 1.37642 1.37992e-07 0.394873 1.56987
0.2455 0.999998 1.37642 1.37992e-07 0.394872 1.56988
0.2465 0.999998 1.37642 1.37992e-07 0.394871 1.56988
0.2475 0.999998 1.37642 1.37992e-07 0.39487 1.56988
0.2485 0.999998 1.37642 1.37992e-07 0.394869 1.56988
0.2495 0.999998 1.37642 1.37993e-07 0.394868 1.56988
0.2505 0.999998 1.37643 1.37993e-07 0.394867 1.56988
0.2515 0.999998 1.37643 1.37993e-07 0.394866 1.56989
0.2525 0.999998 1.37643 1.37993e-07 0.394865 1.56989
0.2535 0.999998 1.37643 1.37993e-07 0.394864 1.56989
0.2545 0.999998 1.37643 1.37993e-07 0.394864 1.56989
0.2555 0.999998 1.37643 1.37993e-07 0.394863 1.56989
0.2565 0.999998 1.37643 1.37993e-07 0.394862 1.56989
0.2575 0.999998 1.37643 1.37993e-07 0.394861 1.56989
0.2585 0.999998 1.37643 1.37993e-07 0.394861 1.56989
0.2595 0.999998 1.37643 1.37993e-07 0.39486 1.5699
0.2605 0.999998 1.37643 1.37994e-07 0.394859 1.5699
0.2615 0.999999 1.37643 1.37994e-07 0.394858 1.5699
0.2625 0.999999 1.37644 1.37994e-07 0.394858 1.5699
0.2635 0.999999 1.37644 1.37994e-07 0.394857 1.5699
0.2645 0.999999 1.37644 1.37994e-07 0.394856 1.5699
0.2655 0.999999 1.37644 1.37994e-07 0.394856 1.5699
0.2665 0.999999 1.37644 1.37994e-07 0.394855 1.5699
0.2675 0.999999 1.37644 1.37994e-07 0.394854 1.56991
0.2685 0.999999 1.37644 1.37994e-07 0.394854 1.56991
0.2695 0.999999 1.37644 1.37994e-07 0.394853 1.56991
0.2705 0.999999 1.37644 1.37994e-07 0.394853 1.56991
0.2715 0.999999 1.37644 1.37995e-07 0.394852 1.56991
0.2725 0.999999 1.37644 1.37995e-07 0.394851 1.56991
0.2735 0.999998 1.37644 1.37996e-07 0.394851 1.56991
0.2745 0.999998 1.37644 1.37999e-07 0.39485 1.56991
0.2755 0.999998 1.37644 1.38003e-07 0.39485 1.56991
0.2765 0.999997 1.37644 1.38011e-07 0.394849 1.56991
0.2775 0.999995 1.37643 1.38026e-07 0.394849 1.56992
0.2785 0.999993 1.37643 1.38052e-07 0.394848 1.56992
0.2795 0.999988 1.37641 1.38097e-07 0.394848 1.56992
0.2805 0.999982 1.37639 1.38169e-07 0.394847 1.56992
0.2815 0.999973 1.37636 1.38284e-07 0.394847 1.56992
0.2825 0.99996 1.37631 1.38458e-07 0.394846 1.56992
0.2835 0.999943 1.37624 1.38715e-07 0.394846 1.56992
0.2845 0.99992 1.37615 1.39084e-07 0.394846 1.56992
0.2855 0.999892 1.37602 1.39595e-07 0.394845 1.56992
0.2865 0.999858 1.37586 1.40284e-07 0.394845 1.56992
0.2875 0.999818 1.37567 1.41185e-07 0.394844 1.56992
0.2885 0.999774 1.37543 1.42332e-07 0.394844 1.56992
0.2895 0.999727 1.37516 1.43751e-07 0.394843 1.56992
0.2905 0.999679 1.37486 1.4546e-07 0.394843 1.56993
0.2915 0.999632 1.37453 1.47465e-07 0.394843 1.56993
0.2925 0.99959 1.37419 1.49757e-07 0.394842 1.56993
0.2935 0.999554 1.37385 1.52313e-07 0.394842 1.56993
0.2945 0.999527 1.37352 1.55094e-07 0.394841 1.56993
0.2955 0.999511 1.37322 1.58047e-07 0.394841 1.56993
0.2965 0.999506 1.37296 1.61109e-07 0.394841 1.56993
0.2975 0.999513 1.37275 1.64213e-07 0.39484 1.56993
0.2985 0.999531 1.3726 1.67287e-07 0.39484 1.56993
0.2995 0.999557 1.37251 1.70267e-07 0.39484 1.56993
0.3005 0.999591 1.37248 1.73091e-07 0.394839 1.56993
0.3015 0.99963 1.37251 1.75713e-07 0.394839 1.56993
0.3025 0.999671 1.3726 1.78096e-07 0.394839 1.56993
0.3035 0.999712 1.37273 1.80217e-07 0.394838 1.56993
0.3045 0.999751 1.37289 1.82069e-07 0.394838 1.56993
0.3055 0.999787 1.37309 1.83653e-07 0.394838 1.56993
0.3065 0.999819 1.37329 1.84983e-07 0.394837 1.56994
0.3075 0.999847 1.37351 1.86079e-07 0.394837 1.56994
0.3085 0.999869 1.37372 1.86965e-07 0.394837 1.56994
0.3095 0.999887 1.37393 1.87669e-07 0.394836 1.56994
0.3105 0.9999 1.37413 1.8822e-07 0.394836 1.56994
0.3115 0.99991 1.37431 1.88642e-07 0.394836 1.56994
0.3125 0.999917 1.37448 1.88962e-07 0.394836 1.56994
0.3135 0.999921 1.37463 1.89201e-07 0.394835 1.56994
0.3145 0.999924 1.37477 1.89377e-07 0.394835 1.56994
0.3155 0.999925 1.37489 1.89505e-07 0.394835 1.56994
0.3165 0.999926 1.375 1.89598e-07 0.394834 1.56994
0.3175 0.999926 1.3751 1.89664e-07 0.394834 1.56994
0.3185 0.999925 1.37519 1.89712e-07 0.394834 1.56994
0.3195 0.999925 1.37527 1.89746e-07 0.394834 1.56994
0.3205 0.999924 1.37534 1.89772e-07 0.394833 1.56994
0.3215 0.999924 1.37541 1.8979e-07 0.394833 1.56994
0.3225 0.999923 1.37546 1.89804e-07 0.394833 1.56994
0.3235 0.999923 1.37552 1.89816e-07 0.394833 1.56994
0.3245 0.999923 1.37556 1.89825e-07 0.394832 1.56994
0.3255 0.999922 1.37561 1.89832e-07 0.394832 1.56994
0.3265 0.999922 1.37565 1.89839e-07 0.394832 1.56994
0.3275 0.999922 1.37569 1.89844e-07 0.394832 1.56994
0.3285 0.999922 1.37572 1.89849e-07 0.394832 1.56994
0.3295 0.999922 1.37575 1.89854e-07 0.394831 1.56995
0.3305 0.999922 1.37579 1.89858e-07 0.394831 1.56995
0.3315 0.999922 1.37581 1.89862e-07 0.394831 1.56995
0.3325 0.999922 1.37584 1.89866e-07 0.394831 1.56995
0.3335 0.999922 1.37587 1.8987e-07 0.394831 1.56995
0.3345 0.999922 1.37589 1.89873e-07 0.39483 1.56995
0.3355 0.999922 1.37591 1.89876e-07 0.39483 1.56995
0.3365 0.999923 1.37593 1.89879e-07 0.39483 1.56995
0.3375 0.999923 1.37595 1.89882e-07 0.39483 1.56995
0.3385 0.999923 1.37597 1.89885e-07 0.39483 1.56995
0.3395 0.999923 1.37599 1.89887e-07 0.394829 1.56995
0.3405 0.999923 1.37601 1.89889e-07 0.394829 1.56995
0.3415 0.999923 1.37603 1.89892e-07 0.394829 1.56995
0.3425 0.999923 1.37604 1.89894e-07 0.394829 1.56995
0.3435 0.999923 1.37606 1.89896e-07 0.394829 1.56995
0.3445 0.999923 1.37607 1.89898e-07 0.394828 1.56995
0.3455 0.999924 1.37608 1.899e-07 0.394828 1.56995
0.3465 0.999924 1.3761 1.89901e-07 0.394828 1.56995
0.3475 0.999924 1.37611 1.89903e-07 0.394828 1.56995
0.3485 0.999924 1.37612 1.89905e-07 0.394828 1.56995
0.3495 0.999924 1.37613 1.89906e-07 0.394828 1.56995
0.3505 0.999924 1.37614 1.89908e-07 0.394828 1.56995
0.3515 0.999924 1.37615 1.89909e-07 0.394828 1.56995
0.3525 0.999924 1.37616 1.89911e-07 0.394827 1.56995
0.3535 0.999925 1.37617 1.89912e-07 0.394827 1.56995
0.3545 0.999925 1.37618 1.89913e-07 0.394827 1.56995
0.3555 0.999925 1.37619 1.89914e-07 0.394827 1.56995
0.3565 0.999925 1.3762 1.89915e-07 0.394827 1.56995
0.3575 0.999925 1.3762 1.89916e-07 0.394827 1.56995
0.3585 0.999925 1.37621 1.89917e-07 0.394827 1.56995
0.3595 0.999926 1.37622 1.89918e-07 0.394828 1.56995
0.3605 0.999926 1.37622 1.89919e-07 0.394829 1.56995
0.3615 0.999927 1.37623 1.8992e-07 0.394831 1.56994
0.3625 0.999929 1.37623 1.8992e-07 0.394835 1.56994
0.3635 0.999931 1.37623 1.8992e-07 0.394841 1.56993
0.3645 0.999935 1.37623 1.89919e-07 0.394852 1.56991
0.3655 0.999942 1.37621 1.89918e-07 0.39487 1.56987
0.3665 0.999953 1.37619 1.89914e-07 0.394901 1.56981
0.3675 0.999969 1.37614 1.89908e-07 0.394951 1.56972
0.3685 0.999996 1.37606 1.89897e-07 0.395031 1.56957
0.3695 1.00004 1.37594 1.89879e-07 0.395158 1.56934
0.3705 1.0001 1.37574 1.89852e-07 0.395354 1.56897
0.3715 1.00018 1.37543 1.8981e-07 0.395653 1.56842
0.3725 1.00031 1.37497 1.89746e-07 0.396098 1.5676
0.3735 1.00048 1.3743 1.89654e-07 0.396746 1.56641
0.3745 1.00072 1.37334 1.89521e-07 0.397669 1.56473
0.3755 1.00102 1.372 1.89337e-07 0.398952 1.5624
0.3765 1.00141 1.37019 1.89086e-07 0.400692 1.55926
0.3775 1.00188 1.36778 1.88754e-07 0.402993 1.55513
0.3785 1.00244 1.36467 1.88325e-07 0.405961 1.54983
0.3795 1.00308 1.36075 1.87784e-07 0.409694 1.54321
0.3805 1.0038 1.35595 1.87121e-07 0.414276 1.53515
0.3815 1.00456 1.35019 1.86326e-07 0.419765 1.52557
0.3825 1.00535 1.34346 1.85397e-07 0.426185 1.51447
0.3835 1.00613 1.33577 1.84337e-07 0.433522 1.5019
0.3845 1.00688 1.3272 1.83154e-07 0.441722 1.48801
0.3855 1.00754 1.31785 1.81864e-07 0.450685 1.473
0.3865 1.00809 1.30788 1.80487e-07 0.46027 1.45714
0.3875 1.0085 1.29747 1.79052e-07 0.470302 1.44074
0.3885 1.00874 1.28686 1.77586e-07 0.480573 1.42418
0.3895 1.00878 1.27626 1.76124e-07 0.490855 1.40781
0.3905 1.00863 1.26592 1.74698e-07 0.500913 1.39201
0.3915 1.00827 1.25608 1.7334e-07 0.510516 1.37712
0.3925 1.00774 1.24695 1.72079e-07 0.519452 1.36344
0.3935 1.00707 1.23868 1.70937e-07 0.527549 1.3512
0.3945 1.0063 1.23139 1.69933e-07 0.534681 1.34054
0.3955 1.00548 1.22516 1.69072e-07 0.540786 1.33151
0.3965 1.00468 1.21997 1.68356e-07 0.54586 1.32407
0.3975 1.00392 1.21577 1.67776e-07 0.549958 1.3181
0.3985 1.00323 1.21245 1.67319e-07 0.553178 1.31345
0.3995 1.00264 1.2099 1.66966e-07 0.555643 1.3099
0.4005 1.00198 1.20785 1.1945e-05 0.557488 1.30725
0.4015 1.00047 1.20543 0.000126528 0.558841 1.3053
0.4025 0.995487 1.19981 0.000685087 0.559817 1.30389
0.4035 0.981386 1.18464 0.00249907 0.560508 1.30287
0.4045 0.949556 1.14978 0.00690332 0.560989 1.30215
0.4055 0.891048 1.08405 0.0154118 0.561316 1.30163
0.4065 0.801052 0.980509 0.0290093 0.56153 1.30126
0.4075 0.682623 0.841408 0.047468 0.561661 1.30099
0.4085 0.546982 0.679218 0.0691659 0.561732 1.30079
0.4095 0.409938 0.512808 0.0915753 0.561759 1.30064
0.4105 0.28647 0.360893 0.112145 0.561754 1.30052
0.4115 0.186408 0.236375 0.129081 0.561725 1.30043
0.4125 0.112924 0.144047 0.141686 0.561678 1.30036
0.4135 0.0637239 0.081719 0.150221 0.561617 1.30029
0.4145 0.0335323 0.0432042 0.155508 0.561543 1.30023
0.4155 0.0164757 0.0213159 0.158517 0.561456 1.30017
0.4165 0.00756968 0.0098291 0.160097 0.561356 1.30011
0.4175 0.00325705 0.00424269 0.160863 0.561242 1.30004
0.4185 0.00131459 0.00171714 0.161207 0.561113 1.29996
0.4195 0.000498646 0.000652877 0.161347 0.560968 1.29987
0.4205 0.000178272 0.000233835 0.161398 0.560804 1.29977
0.4215 6.04485e-05 7.93482e-05 0.161411 0.56062 1.29967
0.4225 1.97888e-05 2.59219e-05 0.161409 0.560412 1.29954
0.4235 6.60201e-06 8.56149e-06 0.1614 0.560178 1.2994
0.4245 2.57712e-06 3.25356e-06 0.161389 0.559915 1.29925
0.4255 1.41956e-06 1.72457e-06 0.161376 0.559619 1.29907
0.4265 1.10554e-06 1.30912e-06 0.161361 0.559287 1.29888
0.4275 1.02512e-06 1.20248e-06 0.161344 0.558913 1.29865
0.4285 1.00566e-06 1.17654e-06 0.161325 0.558492 1.29841
0.4295 1.0012e-06 1.17048e-06 0.161304 0.55802 1.29813
0.4305 1.00024e-06 1.16903e-06 0.161281 0.557489 1.29781
0.4315 1.00004e-06 1.16857e-06 0.161254 0.556894 1.29746
0.4325 1.00001e-06 1.16831e-06 0.161224 0.556224 1.29707
0.4335 9.99999e-07 1.16805e-06 0.161191 0.555473 1.29662
0.4345 9.99998e-07 1.16778e-06 0.161154 0.554628 1.29612
0.4355 9.99997e-07 1.16748e-06 0.161112 0.55368 1.29556
0.4365 9.99997e-07 1.16714e-06 0.161065 0.552616 1.29493
0.4375 9.99997e-07 1.16676e-06 0.161012 0.551419 1.29423
0.4385 9.99997e-07 1.16633e-06 0.160953 0.550076 1.29344
0.4395 9.99997e-07 1.16584e-06 0.160886 0.548565 1.29254
0.4405 9.99997e-07 1.1653e-06 0.160812 0.546867 1.29154
0.4415 9.99997e-07 1.16469e-06 0.160728 0.544957 1.29042
0.4425 9.99997e-07 1.16401e-06 0.160633 0.542806 1.28915
0.4435 9.99997e-07 1.16324e-06 0.160527 0.540384 1.28773
0.4445 9.99997e-07 1.16237e-06 0.160407 0.537654 1.28613
0.4455 9.99997e-07 1.16139e-06 0.160271 0.534572 1.28432
0.4465 9.99998e-07 1.16028e-06 0.160119 0.531091 1.28228
0.4475 9.99998e-07 1.15903e-06 0.159946 0.527153 1.27997
0.4485 9.99998e-07 1.15762e-06 0.159751 0.52269 1.27737
0.4495 9.99998e-07 1.15601e-06 0.159529 0.517626 1.27441
0.4505 9.99998e-07 1.15419e-06 0.159278 0.511868 1.27106
0.4515 9.99998e-07 1.15212e-06 0.158992 0.505308 1.26725
0.4525 9.99999e-07 1.14975e-06 0.158665 0.497817 1.26291
0.4535 9.99999e-07 1.14705e-06 0.158293 0.489245 1.25796
0.4545 1e-06 1.14396e-06 0.157866 0.479416 1.2523
0.4555 1e-06 1.14041e-06 0.157377 0.468128 1.24583
0.4565 1e-06 1.13635e-06 0.156816 0.455153 1.23842
0.4575 1e-06 1.13169e-06 0.156174 0.440246 1.22995
0.4585 1.00001e-06 1.12637e-06 0.155439 0.423158 1.2203
0.4595 1.00001e-06 1.12033e-06 0.154605 0.403667 1.20936
0.4605 1.00001e-06 1.11351e-06 0.153664 0.381613 1.19708
0.4615 1.00001e-06 1.10593e-06 0.152618 0.356962 1.18347
0.4625 1.00002e-06 1.09763e-06 0.151473 0.329858 1.16866
0.4635 1.00002e-06 1.08875e-06 0.150247 0.300679 1.15287
0.4645 1.00002e-06 1.07948e-06 0.148968 0.27005 1.13649
0.4655 1.00002e-06 1.07008e-06 0.147671 0.238813 1.11997
0.4665 1.00002e-06 1.06084e-06 0.146396 0.207929 1.10384
0.4675 1.00002e-06 1.05205e-06 0.145183 0.178353 1.08856
0.4685 1.00002e-06 1.04393e-06 0.144062 0.150897 1.07454
0.4695 1.00001e-06 1.03664e-06 0.143057 0.126138 1.06201
0.4705 1.00001e-06 1.03027e-06 0.142176 0.104379 1.0511
0.4715 1.00001e-06 1.0248e-06 0.141423 0.085674 1.0418
0.4725 1.00001e-06 1.0202e-06 0.140788 0.0698812 1.03399
0.4735 1e-06 1.01639e-06 0.140261 0.0567361 1.02753
0.4745 1e-06 1.01325e-06 0.139828 0.045913 1.02223
0.4755 1e-06 1.01069e-06 0.139475 0.0370726 1.01792
0.4765 1e-06 1.00861e-06 0.139189 0.0298924 1.01443
0.4775 1e-06 1.00694e-06 0.138957 0.0240831 1.01161
0.4785 1e-06 1.00558e-06 0.13877 0.0193948 1.00934
0.4795 1e-06 1.00449e-06 0.13862 0.0156168 1.00752
0.4805 1e-06 1.00362e-06 0.138499 0.0125748 1.00605
0.4815 1e-06 1.00291e-06 0.138402 0.0101264 1.00487
0.4825 1e-06 1.00235e-06 0.138324 0.00815575 1.00392
0.4835 1e-06 1.00189e-06 0.138261 0.00656943 1.00316
0.4845 1e-06 1.00152e-06 0.13821 0.00529219 1.00254
0.4855 1e-06 1.00123e-06 0.138169 0.00426353 1.00205
0.4865 1e-06 1.00099e-06 0.138136 0.00343485 1.00165
0.4875 1e-06 1.0008e-06 0.13811 0.00276712 1.00133
0.4885 1e-06 1.00064e-06 0.138088 0.00222898 1.00107
0.4895 1e-06 1.00052e-06 0.138071 0.00179522 1.00086
0.4905 1e-06 1.00042e-06 0.138057 0.00144558 1.00069
0.4915 1e-06 1.00033e-06 0.138046 0.00116373 1.00056
0.4925 1e-06 1.00027e-06 0.138037 0.000936555 1.00045
0.4935 1e-06 1.00022e-06 0.13803 0.000753462 1.00036
0.4945 1e-06 1.00017e-06 0.138024 0.000605924 1.00029
0.4955 1e-06 1.00014e-06 0.138019 0.000487064 1.00023
0.4965 1e-06 1.00011e-06 0.138015 0.000391335 1.00019
0.4975 1e-06 1.00009e-06 0.138012 0.00031426 1.00015
0.4985 1e-06 1.00007e-06 0.13801 0.000252228 1.00012
0.4995 1e-06 1.00006e-06 0.138008 0.000202323 1.0001
0.5005 1e-06 1.00005e-06 0.138006 0.000162193 1.00008
0.5015 1e-06 1.00004e-06 0.138005 0.000129938 1.00006
0.5025 1e-06 1.00003e-06 0.138004 0.000104028 1.00005
0.5035 1e-06 1.00002e-06 0.138003 8.32254e-05 1.00004
0.5045 1e-06 1.00002e-06 0.138003 6.6534e-05 1.00003
0.5055 1e-06 1.00002e-06 0.138002 5.31495e-05 1.00003
0.5065 1e-06 1.00001e-06 0.138002 4.2424e-05 1.00002
0.5075 1e-06 1.00001e-06 0.138001 3.38351e-05 1.00002
0.5085 1e-06 1.00001e-06 0.138001 2.69622e-05 1.00001
0.5095 1e-06 1.00001e-06 0.138001 2.14666e-05 1.00001
0.5105 1e-06 1e-06 0.138001 1.70757e-05 1.00001
0.5115 1e-06 1e-06 0.138 1.35704e-05 1.00001
0.5125 1e-06 1e-06 0.138 1.07743e-05 1.00001
0.5135 1e-06 1e-06 0.138 8.54598e-06 1
0.5145 1e-06 1e-06 0.138 6.77167e-06 1
0.5155 1e-06 1e-06 0.138 5.36019e-06 1
0.5165 1e-06 1e-06 0.138 4.23843e-06 1
0.5175 1e-06 1e-06 0.138 3.34779e-06 1
0.5185 1e-06 1e-06 0.138 2.64136e-06 1
0.5195 1e-06 1e-06 0.138 2.08163e-06 1
0.5205 1e-06 1e-06 0.138 1.63861e-06 1
0.5215 1e-06 1e-06 0.138 1.28835e-06 1
0.5225 1e-06 1e-06 0.138 1.01173e-06 1
0.5235 1e-06 1e-06 0.138 7.93515e-07 1
0.5245 1e-06 1e-06 0.138 6.21585e-07 1
0.5255 1e-06 1e-06 0.138 4.86281e-07 1
0.5265 1e-06 1e-06 0.138 3.79931e-07 1
0.5275 1e-06 1e-06 0.138 2.96444e-07 1
0.5285 1e-06 1e-06 0.138 2.30989e-07 1
0.5295 1e-06 1e-06 0.138 1.79739e-07 1
0.5305 1e-06 1e-06 0.138 1.39663e-07 1
0.5315 1e-06 1e-06 0.138 1.08368e-07 1
0.5325 1e-06 1e-06 0.138 8.39631e-08 1
0.5335 1e-06 1e-06 0.138 6.49587e-08 1
0.5345 1e-06 1e-06 0.138 5.01807e-08 1
0.5355 1e-06 1e-06 0.138 3.87058e-08 1
0.5365 1e-06 1e-06 0.138 2.9809e-08 1
0.5375 1e-06 1e-06 0.138 2.29213e-08 1
0.5385 1e-06 1e-06 0.138 1.75972e-08 1
0.5395 1e-06 1e-06 0.138 1.34881e-08 1
0.5405 1e-06 1e-06 0.138 1.03217e-08 1
0.5415 1e-06 1e-06 0.138 7.88558e-09 1
0.5425 1e-06 1e-06 0.138 6.0144e-09 1
0.5435 1e-06 1e-06 0.138 4.57949e-09 1
0.5445 1e-06 1e-06 0.138 3.48096e-09 1
0.5455 1e-06 1e-06 0.138 2.64137e-09 1
0.5465 1e-06 1e-06 0.138 2.00077e-09 1
0.5475 1e-06 1e-06 0.138 1.51285e-09 1
0.5485 1e-06 1e-06 0.138 1.14187e-09 1
0.5495 1e-06 1e-06 0.138 8.60306e-10 1
0.5505 1e-06 1e-06 0.138 6.46981e-10 1
0.5515 1e-06 1e-06 0.138 4.85655e-10 1
0.5525 1e-06 1e-06 0.138 3.63874e-10 1
0.5535 1e-06 1e-06 0.138 2.72116e-10 1
0.5545 1e-06 1e-06 0.138 2.03108e-10 1
0.5555 1e-06 1e-06 0.138 1.51309e-10 1
0.5565 1e-06 1e-06 0.138 1.12501e-10 1
0.5575 1e-06 1e-06 0.138 8.34826e-11 1
0.5585 1e-06 1e-06 0.138 6.18264e-11 1
0.5595 1e-06 1e-06 0.138 4.56967e-11 1
0.5605 1e-06 1e-06 0.138 3.37067e-11 1
0.5615 1e-06 1e-06 0.138 2.48116e-11 1
0.5625 1e-06 1e-06 0.138 1.82269e-11 1
0.5635 1e-06 1e-06 0.138 1.33615e-11 1
0.5645 1e-06 1e-06 0.138 9.77465e-12 1
0.5655 1e-06 1e-06 0.138 7.13538e-12 1
0.5665 1e-06 1e-06 0.138 5.19776e-12 1
0.5675 1e-06 1e-06 0.138 3.7783e-12 1
0.5685 1e-06 1e-06 0.138 2.7409e-12 1
0.5695 1e-06 1e-06 0.138 1.98389e-12 1
0.5705 1e-06 1e-06 0.138 1.4322e-12 1
0.5715 1e-06 1e-06 0.138 1.03175e-12 1
0.5725 1e-06 1e-06 0.138 7.41392e-13 1
0.5735 1e-06 1e-06 0.138 5.31874e-13 1
0.5745 1e-06 1e-06 0.138 3.80602e-13 1
0.5755 1e-06 1e-06 0.138 2.71801e-13 1
0.5765 1e-06 1e-06 0.138 1.93445e-13 1
0.5775 1e-06 1e-06 0.138 1.37013e-13 1
0.5785 1e-06 1e-06 0.138 9.67924e-14 1
0.5795 1e-06 1e-06 0.138 6.84144e-14 1
0.5805 1e-06 1e-06 0.138 4.80321e-14 1
0.5815 1e-06 1e-06 0.138 3.33437e-14 1
0.5825 1e-06 1e-06 0.138 2.32785e-14 1
0.5835 1e-06 1e-06 0.138 1.65342e-14 1
0.5845 1e-06 1e-06 0.138 1.09272e-14 1
0.5855 1e-06 1e-06 0.138 7.51997e-15 1
0.5865 1e-06 1e-06 0.138 4.94275e-15 1
0.5875 1e-06 1e-06 0.138 2.9108e-15 1
0.5885 1e-06 1e-06 0.138 1.58656e-15 1
0.5895 1e-06 1e-06 0.138 1.06129e-15 1
0.5905 1e-06 1e-06 0.138 1.02377e-15 1
0.5915 1e-06 1e-06 0.138 5.6866e-16 1
0.5925 1e-06 1e-06 0.138 5.48763e-16 1
0.5935 1e-06 1e-06 0.138 2.77342e-16 1
0.5945 1e-06 1e-06 0.138 2.74286e-16 1
0.5955 1e-06 1e-06 0.138 2.75293e-16 1
0.5965 1e-06 1e-06 0.138 2.72795e-16 1
0.5975 1e-06 1e-06 0.138 2.73836e-16 1
0.5985 1e-06 1e-06 0.138 2.70515e-16 1
0.5995 1e-06 1e-06 0.138 4.04059e-16 1
0.6005 0.999999 0.999999 1.38e-07 3.15839e-16 1
0.6015 0.999999 0.999999 1.38e-07 3.61646e-16 1
0.6025 0.999999 0.999999 1.38e-07 5.32914e-16 1
0.6035 0.999999 0.999999 1.38e-07 5.03705e-16 1
0.6045 0.999999 0.999999 1.38e-07 2.82615e-16 1
0.6055 0.999999 0.999999 1.38e-07 2.49237e-16 1
0.6065 0.999999 0.999999 1.38e-07 2.78662e-16 1
0.6075 0.999999 0.999999 1.38e-07 1.75674e-16 1
0.6085 0.999999 0.999999 1.38e-07 2.1283e-16 1
0.6095 0.999999 0.999999 1.38e-07 2.42954e-16 1
0.6105 0.999999 0.999999 1.38e-07 3.74646e-17 1
0.6115 0.999999 0.999999 1.38e-07 0 1
0.6125 0.999999 0.999999 1.38e-07 0 1
0.6135 0.999999 0.999999 1.38e-07 0 1
0.6145 0.999999 0.999999 1.38e-07 0 1
0.6155 0.999999 0.999999 1.38e-07 0 1
0.6165 0.999999 0.999999 1.38e-07 0 1
0.6175 0.999999 0.999999 1.38e-07 0 1
0.6185 0.999999 0.999999 1.38e-07 0 1
0.6195 0.999999 0.999999 1.38e-07 0 1
0.6205 0.999999 0.999999 1.38e-07 0 1
0.6215 0.999999 0.999999 1.38e-07 0 1
0.6225 0.999999 0.999999 1.38e-07 0 1
0.6235 0.999999 0.999999 1.38e-07 0 1
0.6245 0.999999 0.999999 1.38e-07 0 1
0.6255 0.999999 0.999999 1.38e-07 0 1
0.6265 0.999999 0.999999 1.38e-07 0 1
0.6275 0.999999 0.999999 1.38e-07 0 1
0.6285 0.999999 0.999999 1.38e-07 0 1
0.6295 0.999999 0.999999 1.38e-07 0 1
0.6305 0.999999 0.999999 1.38e-07 0 1
0.6315 0.999999 0.999999 1.38e-07 0 1
0.6325 0.999999 0.999999 1.38e-07 0 1
0.6335 0.999999 0.999999 1.38e-07 0 1
0.6345 0.999999 0.999999 1.38e-07 0 1
0.6355 0.999999 0.999999 1.38e-07 0 1
0.6365 0.999999 0.999999 1.38e-07 0 1
0.6375 0.999999 0.999999 1.38e-07 0 1
0.6385 0.999999 0.999999 1.38e-07 0 1
0.6395 0.999999 0.999999 1.38e-07 0 1
0.6405 0.999999 0.999999 1.38e-07 0 1
0.6415 0.999999 0.999999 1.38e-07 0 1
0.6425 0.999999 0.999999 1.38e-07 0 1
0.6435 0.999999 0.999999 1.38e-07 0 1
0.6445 0.999999 0.999999 1.38e-07 0 1
0.6455 0.999999 0.999999 1.38e-07 0 1
0.6465 0.999999 0.999999 1.38e-07 0 1
0.6475 0.999999 0.999999 1.38e-07 0 1
0.6485 0.999999 0.999999 1.38e-07 0 1
0.6495 0.999999 0.999999 1.38e-07 0 1
0.6505 0.999999 0.999999 1.38e-07 0 1
0.6515 0.999999 0.999999 1.38e-07 0 1
0.6525 0.999999 0.999999 1.38e-07 0 1
0.6535 0.999999 0.999999 1.38e-07 0 1
0.6545 0.999999 0.999999 1.38e-07 0 1
0.6555 0.999999 0.999999 1.38e-07 0 1
0.6565 0.999999 0.999999 1.38e-07 0 1
0.6575 0.999999 0.999999 1.38e-07 0 1
0.6585 0.999999 0.999999 1.38e-07 0 1
0.6595 0.999999 0.999999 1.38e-07 0 1
0.6605 0.999999 0.999999 1.38e-07 0 1
0.6615 0.999999 0.999999 1.38e-07 0 1
0.6625 0.999999 0.999999 1.38e-07 0 1
0.6635 0.999999 0.999999 1.38e-07 0 1
0.6645 0.999999 0.999999 1.38e-07 0 1
0.6655 0.999999 0.999999 1.38e-07 0 1
0.6665 0.999999 0.999999 1.38e-07 0 1
0.6675 0.999999 0.999999 1.38e-07 0 1
0.6685 0.999999 0.999999 1.38e-07 0 1
0.6695 0.999999 0.999999 1.38e-07 0 1
0.6705 0.999999 0.999999 1.38e-07 0 1
0.6715 0.999999 0.999999 1.38e-07 0 1
0.6725 0.999999 0.999999 1.38e-07 0 1
0.6735 0.999999 0.999999 1.38e-07 0 1
0.6745 0.999999 0.999999 1.38e-07 0 1
0.6755 0.999999 0.999999 1.38e-07 0 1
0.6765 0.999999 0.999999 1.38e-07 0 1
0.6775 0.999999 0.999999 1.38e-07 0 1
0.6785 0.999999 0.999999 1.38e-07 0 1
0.6795 0.999999 0.999999 1.38e-07 0 1
0.6805 0.999999 0.999999 1.38e-07 0 1
0.6815 0.999999 0.999999 1.38e-07 0 1
0.6825 0.999999 0.999999 1.38e-07 0 1
0.6835 0.999999 0.999999 1.38e-07 0 1
0.6845 0.999999 0.999999 1.38e-07 0 1
0.6855 0.999999 0.999999 1.38e-07 0 1
0.6865 0.999999 0.999999 1.38e-07 0 1
0.6875 0.999999 0.999999 1.38e-07 0 1
0.6885 0.999999 0.999999 1.38e-07 0 1
0.6895 0.999999 0.999999 1.38e-07 0 1
0.6905 0.999999 0.999999 1.38e-07 0 1
0.6915 0.999999 0.999999 1.38e-07 0 1
0.6925 0.999999 0.999999 1.38e-07 0 1
0.6935 0.999999 0.999999 1.38e-07 0 1
0.6945 0.999999 0.999999 1.38e-07 0 1
0.6955 0.999999 0.999999 1.38e-07 0 1
0.6965 0.999999 0.999999 1.38e-07 0 1
0.6975 0.999999 0.999999 1.38e-07 0 1
0.6985 0.999999 0.999999 1.38e-07 0 1
0.6995 0.999999 0.999999 1.38e-07 0 1
0.7005 0.999999 0.999999 1.38e-07 0 1
0.7015 0.999999 0.999999 1.38e-07 0 1
0.7025 0.999999 0.999999 1.38e-07 0 1
0.7035 0.999999 0.999999 1.38e-07 0 1
0.7045 0.999999 0.999999 1.38e-07 0 1
0.7055 0.999999 0.999999 1.38e-07 0 1
0.7065 0.999999 0.999999 1.38e-07 0 1
0.7075 0.999999 0.999999 1.38e-07 0 1
0.7085 0.999999 0.999999 1.38e-07 0 1
0.7095 0.999999 0.999999 1.38e-07 0 1
0.7105 0.999999 0.999999 1.38e-07 0 1
0.7115 0.999999 0.999999 1.38e-07 0 1
0.7125 0.999999 0.999999 1.38e-07 0 1
0.7135 0.999999 0.999999 1.38e-07 0 1
0.7145 0.999999 0.999999 1.38e-07 0 1
0.7155 0.999999 0.999999 1.38e-07 0 1
0.7165 0.999999 0.999999 1.38e-07 0 1
0.7175 0.999999 0.999999 1.38e-07 0 1
0.7185 0.999999 0.999999 1.38e-07 0 1
0.7195 0.999999 0.999999 1.38e-07 0 1
0.7205 0.999999 0.999999 1.38e-07 0 1
0.7215 0.999999 0.999999 1.38e-07 0 1
0.7225 0.999999 0.999999 1.38e-07 0 1
0.7235 0.999999 0.999999 1.38e-07 0 1
0.7245 0.999999 0.999999 1.38e-07 0 1
0.7255 0.999999 0.999999 1.38e-07 0 1
0.7265 0.999999 0.999999 1.38e-07 0 1
0.7275 0.999999 0.999999 1.38e-07 0 1
0.7285 0.999999 0.999999 1.38e-07 0 1
0.7295 0.999999 0.999999 1.38e-07 0 1
0.7305 0.999999 0.999999 1.38e-07 0 1
0.7315 0.999999 0.999999 1.38e-07 0 1
0.7325 0.999999 0.999999 1.38e-07 0 1
0.7335 0.999999 0.999999 1.38e-07 0 1
0.7345 0.999999 0.999999 1.38e-07 0 1
0.7355 0.999999 0.999999 1.38e-07 0 1
0.7365 0.999999 0.999999 1.38e-07 0 1
0.7375 0.999999 0.999999 1.38e-07 0 1
0.7385 0.999999 0.999999 1.38e-07 0 1
0.7395 0.999999 0.999999 1.38e-07 0 1
0.7405 0.999999 0.999999 1.38e-07 0 1
0.7415 0.999999 0.999999 1.38e-07 0 1
0.7425 0.999999 0.999999 1.38e-07 0 1
0.7435 0.999999 0.999999 1.38e-07 0 1
0.7445 0.999999 0.999999 1.38e-07 0 1
0.7455 0.999999 0.999999 1.38e-07 0 1
0.7465 0.999999 0.999999 1.38e-07 0 1
0.7475 0.999999 0.999999 1.38e-07 0 1
0.7485 0.999999 0.999999 1.38e-07 0 1
0.7495 0.999999 0.999999 1.38e-07 0 1
0.7505 0.999999 0.999999 1.38e-07 0 1
0.7515 0.999999 0.999999 1.38e-07 0 1
0.7525 0.999999 0.999999 1.38e-07 0 1
0.7535 0.999999 0.999999 1.38e-07 0 1
0.7545 0.999999 0.999999 1.38e-07 0 1
0.7555 0.999999 0.999999 1.38e-07 0 1
0.7565 0.999999 0.999999 1.38e-07 0 1
0.7575 0.999999 0.999999 1.38e-07 0 1
0.7585 0.999999 0.999999 1.38e-07 0 1
0.7595 0.999999 0.999999 1.38e-07 0 1
0.7605 0.999999 0.999999 1.38e-07 0 1
0.7615 0.999999 0.999999 1.38e-07 0 1
0.7625 0.999999 0.999999 1.38e-07 0 1
0.7635 0.999999 0.999999 1.38e-07 0 1
0.7645 0.999999 0.999999 1.38e-07 0 1
0.7655 0.999999 0.999999 1.38e-07 0 1
0.7665 0.999999 0.999999 1.38e-07 0 1
0.7675 0.999999 0.999999 1.38e-07 0 1
0.7685 0.999999 0.999999 1.38e-07 0 1
0.7695 0.999999 0.999999 1.38e-07 0 1
0.7705 0.999999 0.999999 1.38e-07 0 1
0.7715 0.999999 0.999999 1.38e-07 0 1
0.7725 0.999999 0.999999 1.38e-07 0 1
0.7735 0.999999 0.999999 1.38e-07 0 1
0.7745 0.999999 0.999999 1.38e-07 0 1
0.7755 0.999999 0.999999 1.38e-07 0 1
0.7765 0.999999 0.999999 1.38e-07 0 1
0.7775 0.999999 0.999999 1.38e-07 0 1
0.7785 0.999999 0.999999 1.38e-07 0 1
0.7795 0.999999 0.999999 1.38e-07 0 1
0.7805 0.999999 0.999999 1.38e-07 0 1
0.7815 0.999999 0.999999 1.38e-07 0 1
0.7825 0.999999 0.999999 1.38e-07 0 1
0.7835 0.999999 0.999999 1.38e-07 0 1
0.7845 0.999999 0.999999 1.38e-07 0 1
0.7855 0.999999 0.999999 1.38e-07 0 1
0.7865 0.999999 0.999999 1.38e-07 0 1
0.7875 0.999999 0.999999 1.38e-07 0 1
0.7885 0.999999 0.999999 1.38e-07 0 1
0.7895 0.999999 0.999999 1.38e-07 0 1
0.7905 0.999999 0.999999 1.38e-07 0 1
0.7915 0.999999 0.999999 1.38e-07 0 1
0.7925 0.999999 0.999999 1.38e-07 0 1
0.7935 0.999999 0.999999 1.38e-07 0 1
0.7945 0.999999 0.999999 1.38e-07 0 1
0.7955 0.999999 0.999999 1.38e-07 0 1
0.7965 0.999999 0.999999 1.38e-07 0 1
0.7975 0.999999 0.999999 1.38e-07 0 1
0.7985 0.999999 0.999999 1.38e-07 0 1
0.7995 0.999999 0.999999 1.38e-07 0 1
0.8005 0.999999 0.999999 1.38e-07 0 1
0.8015 0.999999 0.999999 1.38e-07 0 1
0.8025 0.999999 0.999999 1.38e-07 0 1
0.8035 0.999999 0.999999 1.38e-07 0 1
0.8045 0.999999 0.999999 1.38e-07 0 1
0.8055 0.999999 0.999999 1.38e-07 0 1
0.8065 0.999999 0.999999 1.38e-07 0 1
0.8075 0.999999 0.999999 1.38e-07 0 1
0.8085 0.999999 0.999999 1.38e-07 0 1
0.8095 0.999999 0.999999 1.38e-07 0 1
0.8105 0.999999 0.999999 1.38e-07 0 1
0.8115 0.999999 0.999999 1.38e-07 0 1
0.8125 0.999999 0.999999 1.38e-07 0 1
0.8135 0.999999 0.999999 1.38e-07 0 1
0.8145 0.999999 0.999999 1.38e-07 0 1
0.8155 0.999999 0.999999 1.38e-07 0 1
0.8165 0.999999 0.999999 1.38e-07 0 1
0.8175 0.999999 0.999999 1.38e-07 0 1
0.8185 0.999999 0.999999 1.38e-07 0 1
0.8195 0.999999 0.999999 1.38e-07 0 1
0.8205 0.999999 0.999999 1.38e-07 0 1
0.8215 0.999999 0.999999 1.38e-07 0 1
0.8225 0.999999 0.999999 1.38e-07 0 1
0.8235 0.999999 0.999999 1.38e-07 0 1
0.8245 0.999999 0.999999 1.38e-07 0 1
0.8255 0.999999 0.999999 1.38e-07 0 1
0.8265 0.999999 0.999999 1.38e-07 0 1
0.8275 0.999999 0.999999 1.38e-07 0 1
0.8285 0.999999 0.999999 1.38e-07 0 1
0.8295 0.999999 0.999999 1.38e-07 0 1
0.8305 0.999999 0.999999 1.38e-07 0 1
0.8315 0.999999 0.999999 1.38e-07 0 1
0.8325 0.999999 0.999999 1.38e-07 0 1
0.8335 0.999999 0.999999 1.38e-07 0 1
0.8345 0.999999 0.999999 1.38e-07 0 1
0.8355 0.999999 0.999999 1.38e-07 0 1
0.8365 0.999999 0.999999 1.38e-07 0 1
0.8375 0.999999 0.999999 1.38e-07 0 1
0.8385 0.999999 0.999999 1.38e-07 0 1
0.8395 0.999999 0.999999 1.38e-07 0 1
0.8405 0.999999 0.999999 1.38e-07 0 1
0.8415 0.999999 0.999999 1.38e-07 0 1
0.8425 0.999999 0.999999 1.38e-07 0 1
0.8435 0.999999 0.999999 1.38e-07 0 1
0.8445 0.999999 0.999999 1.38e-07 0 1
0.8455 0.999999 0.999999 1.38e-07 0 1
0.8465 0.999999 0.999999 1.38e-07 0 1
0.8475 0.999999 0.999999 1.38e-07 0 1
0.8485 0.999999 0.999999 1.38e-07 0 1
0.8495 0.999999 0.999999 1.38e-07 0 1
0.8505 0.999999 0.999999 1.38e-07 0 1
0.8515 0.999999 0.999999 1.38e-07 0 1
0.8525 0.999999 0.999999 1.38e-07 0 1
0.8535 0.999999 0.999999 1.38e-07 0 1
0.8545 0.999999 0.999999 1.38e-07 0 1
0.8555 0.999999 0.999999 1.38e-07 0 1
0.8565 0.999999 0.999999 1.38e-07 0 1
0.8575 0.999999 0.999999 1.38e-07 0 1
0.8585 0.999999 0.999999 1.38e-07 0 1
0.8595 0.999999 0.999999 1.38e-07 0 1
0.8605 0.999999 0.999999 1.38e-07 0 1
0.8615 0.999999 0.999999 1.38e-07 0 1
0.8625 0.999999 0.999999 1.38e-07 0 1
0.8635 0.999999 0.999999 1.38e-07 0 1
0.8645 0.999999 0.999999 1.38e-07 0 1
0.8655 0.999999 0.999999 1.38e-07 0 1
0.8665 0.999999 0.999999 1.38e-07 0 1
0.8675 0.999999 0.999999 1.38e-07 0 1
0.8685 0.999999 0.999999 1.38e-07 0 1
0.8695 0.999999 0.999999 1.38e-07 0 1
0.8705 0.999999 0.999999 1.38e-07 0 1
0.8715 0.999999 0.999999 1.38e-07 0 1
0.8725 0.999999 0.999999 1.38e-07 0 1
0.8735 0.999999 0.999999 1.38e-07 0 1
0.8745 0.999999 0.999999 1.38e-07 0 1
0.8755 0.999999 0.999999 1.38e-07 0 1
0.8765 0.999999 0.999999 1.38e-07 0 1
0.8775 0.999999 0.999999 1.38e-07 0 1
0.8785 0.999999 0.999999 1.38e-07 0 1
0.8795 0.999999 0.999999 1.38e-07 0 1
0.8805 0.999999 0.999999 1.38e-07 0 1
0.8815 0.999999 0.999999 1.38e-07 0 1
0.8825 0.999999 0.999999 1.38e-07 0 1
0.8835 0.999999 0.999999 1.38e-07 0 1
0.8845 0.999999 0.999999 1.38e-07 0 1
0.8855 0.999999 0.999999 1.38e-07 0 1
0.8865 0.999999 0.999999 1.38e-07 0 1
0.8875 0.999999 0.999999 1.38e-07 0 1
0.8885 0.999999 0.999999 1.38e-07 0 1
0.8895 0.999999 0.999999 1.38e-07 0 1
0.8905 0.999999 0.999999 1.38e-07 0 1
0.8915 0.999999 0.999999 1.38e-07 0 1
0.8925 0.999999 0.999999 1.38e-07 0 1
0.8935 0.999999 0.999999 1.38e-07 0 1
0.8945 0.999999 0.999999 1.38e-07 0 1
0.8955 0.999999 0.999999 1.38e-07 0 1
0.8965 0.999999 0.999999 1.38e-07 0 1
0.8975 0.999999 0.999999 1.38e-07 0 1
0.8985 0.999999 0.999999 1.38e-07 0 1
0.8995 0.999999 0.999999 1.38e-07 0 1
0.9005 0.999999 0.999999 1.38e-07 0 1
0.9015 0.999999 0.999999 1.38e-07 0 1
0.9025 0.999999 0.999999 1.38e-07 0 1
0.9035 0.999999 0.999999 1.38e-07 0 1
0.9045 0.999999 0.999999 1.38e-07 0 1
0.9055 0.999999 0.999999 1.38e-07 0 1
0.9065 0.999999 0.999999 1.38e-07 0 1
0.9075 0.999999 0.999999 1.38e-07 0 1
0.9085 0.999999 0.999999 1.38e-07 0 1
0.9095 0.999999 0.999999 1.38e-07 0 1
0.9105 0.999999 0.999999 1.38e-07 0 1
0.9115 0.999999 0.999999 1.38e-07 0 1
0.9125 0.999999 0.999999 1.38e-07 0 1
0.9135 0.999999 0.999999 1.38e-07 0 1
0.9145 0.999999 0.999999 1.38e-07 0 1
0.9155 0.999999 0.999999 1.38e-07 0 1
0.9165 0.999999 0.999999 1.38e-07 0 1
0.9175 0.999999 0.999999 1.38e-07 0 1
0.9185 0.999999 0.999999 1.38e-07 0 1
0.9195 0.999999 0.999999 1.38e-07 0 1
0.9205 0.999999 0.999999 1.38e-07 0 1
0.9215 0.999999 0.999999 1.38e-07 0 1
0.9225 0.999999 0.999999 1.38e-07 0 1
0.9235 0.999999 0.999999 1.38e-07 0 1
0.9245 0.999999 0.999999 1.38e-07 0 1
0.9255 0.999999 0.999999 1.38e-07 0 1
0.9265 0.999999 0.999999 1.38e-07 0 1
0.9275 0.999999 0.999999 1.38e-07 0 1
0.9285 0.999999 0.999999 1.38e-07 0 1
0.9295 0.999999 0.999999 1.38e-07 0 1
0.9305 0.999999 0.999999 1.38e-07 0 1
0.9315 0.999999 0.999999 1.38e-07 0 1
0.9325 0.999999 0.999999 1.38e-07 0 1
0.9335 0.999999 0.999999 1.38e-07 0 1
0.9345 0.999999 0.999999 1.38e-07 0 1
0.9355 0.999999 0.999999 1.38e-07 0 1
0.9365 0.999999 0.999999 1.38e-07 0 1
0.9375 0.999999 0.999999 1.38e-07 0 1
0.9385 0.999999 0.999999 1.38e-07 0 1
0.9395 0.999999 0.999999 1.38e-07 0 1
0.9405 0.999999 0.999999 1.38e-07 0 1
0.9415 0.999999 0.999999 1.38e-07 0 1
0.9425 0.999999 0.999999 1.38e-07 0 1
0.9435 0.999999 0.999999 1.38e-07 0 1
0.9445 0.999999 0.999999 1.38e-07 0 1
0.9455 0.999999 0.999999 1.38e-07 0 1
0.9465 0.999999 0.999999 1.38e-07 0 1
0.9475 0.999999 0.999999 1.38e-07 0 1
0.9485 0.999999 0.999999 1.38e-07 0 1
0.9495 0.999999 0.999999 1.38e-07 0 1
0.9505 0.999999 0.999999 1.38e-07 0 1
0.9515 0.999999 0.999999 1.38e-07 0 1
0.9525 0.999999 0.999999 1.38e-07 0 1
0.9535 0.999999 0.999999 1.38e-07 0 1
0.9545 0.999999 0.999999 1.38e-07 0 1
0.9555 0.999999 0.999999 1.38e-07 0 1
0.9565 0.999999 0.999999 1.38e-07 0 1
0.9575 0.999999 0.999999 1.38e-07 0 1
0.9585 0.999999 0.999999 1.38e-07 0 1
0.9595 0.999999 0.999999 1.38e-07 0 1
0.9605 0.999999 0.999999 1.38e-07 0 1
0.9615 0.999999 0.999999 1.38e-07 0 1
0.9625 0.999999 0.999999 1.38e-07 0 1
0.9635 0.999999 0.999999 1.38e-07 0 1
0.9645 0.999999 0.999999 1.38e-07 0 1
0.9655 0.999999 0.999999 1.38e-07 0 1
0.9665 0.999999 0.999999 1.38e-07 0 1
0.9675 0.999999 0.999999 1.38e-07 0 1
0.9685 0.999999 0.999999 1.38e-07 0 1
0.9695 0.999999 0.999999 1.38e-07 0 1
0.9705 0.999999 0.999999 1.38e-07 0 1
0.9715 0.999999 0.999999 1.38e-07 0 1
0.9725 0.999999 0.999999 1.38e-07 0 1
0.9735 0.999999 0.999999 1.38e-07 0 1
0.9745 0.999999 0.999999 1.38e-07 0 1
0.9755 0.999999 0.999999 1.38e-07 0 1
0.9765 0.999999 0.999999 1.38e-07 0 1
0.9775 0.999999 0.999999 1.38e-07 0 1
0.9785 0.999999 0.999999 1.38e-07 0 1
0.9795 0.999999 0.999999 1.38e-07 0 1
0.9805 0.999999 0.999999 1.38e-07 0 1
0.9815 0.999999 0.999999 1.38e-07 0 1
0.9825 0.999999 0.999999 1.38e-07 0 1
0.9835 0.999999 0.999999 1.38e-07 0 1
0.9845 0.999999 0.999999 1.38e-07 0 1
0.9855 0.999999 0.999999 1.38e-07 0 1
0.9865 0.999999 0.999999 1.38e-07 0 1
0.9875 0.999999 0.999999 1.38e-07 0 1
0.9885 0.999999 0.999999 1.38e-07 0 1
0.9895 0.999999 0.999999 1.38e-07 0 1
0.9905 0.999999 0.999999 1.38e-07 0 1
0.9915 0.999999 0.999999 1.38e-07 0 1
0.9925 0.999999 0.999999 1.38e-07 0 1
0.9935 0.999999 0.999999 1.38e-07 0 1
0.9945 0.999999 0.999999 1.38e-07 0 1
0.9955 0.999999 0.999999 1.38e-07 0 1
0.9965 0.999999 0.999999 1.38e-07 0 1
0.9975 0.999999 0.999999 1.38e-07 0 1
0.9985 0.999999 0.999999 1.38e-07 0 1
0.9995 0.999999 0.999999 1.38e-07 0 1
