x alpha rho1 rho2 v p
0.0005 0.999999 1.3765 1.38e-07 0.3948 1.57
0.0015 0.999999 1.3765 1.38e-07 0.3948 1.57
0.0025 0.999999 1.3765 1.38e-07 0.3948 1.57
0.0035 0.999999 1.3765 1.38e-07 0.3948 1.57
0.0045 0.999999 1.3765 1.38e-07 0.3948 1.57
0.0055 0.999999 1.3765 1.38e-07 0.3948 1.57
0.0065 0.999999 1.3765 1.38e-07 0.3948 1.57
0.0075 0.999999 1.3765 1.38e-07 0.3948 1.57
0.0085 0.999999 1.3765 1.38e-07 0.3948 1.57
0.0095 0.999999 1.3765 1.38e-07 0.3948 1.57
0.0105 0.999999 1.3765 1.38e-07 0.3948 1.57
0.0115 0.999999 1.3765 1.38e-07 0.3948 1.57
0.0125 0.999999 1.3765 1.38e-07 0.3948 1.57
0.0135 0.999999 1.3765 1.38e-07 0.3948 1.57
0.0145 0.999999 1.3765 1.38e-07 0.3948 1.57
0.0155 0.999999 1.3765 1.38e-07 0.3948 1.57
0.0165 0.999999 1.3765 1.38e-07 0.3948 1.57
0.0175 0.999999 1.3765 1.38e-07 0.3948 1.57
0.0185 0.999999 1.3765 1.38e-07 0.3948 1.57
0.0195 0.999999 1.3765 1.38e-07 0.3948 1.57
0.0205 0.999999 1.3765 1.38e-07 0.3948 1.57
0.0215 0.999999 1.3765 1.38e-07 0.3948 1.57
0.0225 0.999999 1.3765 1.38e-07 0.3948 1.57
0.0235 0.999999 1.3765 1.38e-07 0.3948 1.57
0.0245 0.999999 1.3765 1.38e-07 0.3948 1.57
0.0255 0.999999 1.3765 1.38e-07 0.3948 1.57
0.0265 0.999999 1.3765 1.38e-07 0.3948 1.57
0.0275 0.999999 1.3765 1.38e-07 0.3948 1.57
0.0285 0.999999 1.3765 1.38e-07 0.3948 1.57
0.0295 0.999999 1.3765 1.38e-07 0.3948 1.57
0.0305 0.999999 1.3765 1.38e-07 0.3948 1.57
0.0315 0.999999 1.3765 1.38e-07 0.3948 1.57
0.0325 0.999999 1.3765 1.38e-07 0.3948 1.57
0.0335 0.999999 1.3765 1.38e-07 0.3948 1.57
0.0345 0.999999 1.3765 1.38e-07 0.3948 1.57
0.0355 0.999999 1.3765 1.38e-07 0.3948 1.57
0.0365 0.999999 1.3765 1.38e-07 0.3948 1.57
0.0375 0.999999 1.3765 1.38e-07 0.3948 1.57
0.0385 0.999999 1.3765 1.38e-07 0.3948 1.57
0.0395 0.999999 1.3765 1.38e-07 0.3948 1.57
0.0405 0.999999 1.3765 1.38e-07 0.3948 1.57
0.0415 0.999999 1.3765 1.38e-07 0.3948 1.57
0.0425 0.999999 1.3765 1.38e-07 0.3948 1.57
0.0435 0.999999 1.3765 1.38e-07 0.3948 1.57
0.0445 0.999999 1.3765 1.38e-07 0.3948 1.57
0.0455 0.999999 1.3765 1.38e-07 0.3948 1.57
0.0465 0.999999 1.3765 1.38e-07 0.3948 1.57
0.0475 0.999999 1.3765 1.38e-07 0.3948 1.57
0.0485 0.999999 1.3765 1.38e-07 0.3948 1.57
0.0495 0.999999 1.3765 1.38e-07 0.3948 1.57
0.0505 0.999999 1.3765 1.38e-07 0.3948 1.57
0.0515 0.999999 1.3765 1.38e-07 0.3948 1.57
0.0525 0.999999 1.3765 1.38e-07 0.3948 1.57
0.0535 0.999999 1.3765 1.38e-07 0.3948 1.57
0.0545 0.999999 1.3765 1.38e-07 0.3948 1.57
0.0555 0.999999 1.3765 1.38e-07 0.3948 1.57
0.0565 0.999999 1.3765 1.38e-07 0.3948 1.57
0.0575 0.999999 1.3765 1.38e-07 0.3948 1.57
0.0585 0.999999 1.3765 1.38e-07 0.3948 1.57
0.0595 0.999999 1.3765 1.38e-07 0.3948 1.57
0.0605 0.999999 1.3765 1.38e-07 0.3948 1.57
0.0615 0.999999 1.3765 1.38e-07 0.3948 1.57
0.0625 0.999999 1.3765 1.38e-07 0.3948 1.57
0.0635 0.999999 1.3765 1.38e-07 0.3948 1.57
0.0645 0.999999 1.3765 1.38e-07 0.3948 1.57
0.0655 0.999999 1.3765 1.38e-07 0.3948 1.57
0.0665 0.999999 1.3765 1.38e-07 0.3948 1.57
0.0675 0.999999 1.3765 1.38e-07 0.3948 1.57
0.0685 0.999999 1.3765 1.38e-07 0.3948 1.57
0.0695 0.999999 1.3765 1.38e-07 0.3948 1.57
0.0705 0.999999 1.3765 1.38e-07 0.3948 1.57
0.0715 0.999999 1.3765 1.38e-07 0.3948 1.57
0.0725 0.999999 1.3765 1.38e-07 0.3948 1.57
0.0735 0.999999 1.3765 1.38e-07 0.3948 1.57
0.0745 0.999999 1.3765 1.38e-07 0.3948 1.57
0.0755 0.999999 1.3765 1.38e-07 0.3948 1.57
0.0765 0.999999 1.3765 1.38e-07 0.3948 1.57
0.0775 0.999999 1.3765 1.38e-07 0.3948 1.57
0.0785 0.999999 1.3765 1.38e-07 0.3948 1.57
0.0795 0.999999 1.3765 1.38e-07 0.3948 1.57
0.0805 0.999999 1.3765 1.38e-07 0.3948 1.57
0.0815 0.999999 1.3765 1.38e-07 0.3948 1.57
0.0825 0.999999 1.3765 1.38e-07 0.3948 1.57
0.0835 0.999999 1.3765 1.38e-07 0.3948 1.57
0.0845 0.999999 1.3765 1.38e-07 0.3948 1.57
0.0855 0.999999 1.3765 1.38e-07 0.3948 1.57
0.0865 0.999999 1.3765 1.38e-07 0.3948 1.57
0.0875 0.999999 1.3765 1.38e-07 0.3948 1.57
0.0885 0.999999 1.3765 1.38e-07 0.3948 1.57
0.0895 0.999999 1.3765 1.38e-07 0.3948 1.57
0.0905 0.999999 1.3765 1.38e-07 0.3948 1.57
0.0915 0.999999 1.3765 1.38e-07 0.3948 1.57
0.0925 0.999999 1.3765 1.38e-07 0.3948 1.57
0.0935 0.999999 1.3765 1.38e-07 0.3948 1.57
0.0945 0.999999 1.3765 1.38e-07 0.3948 1.57
0.0955 0.999999 1.3765 1.38e-07 0.3948 1.57
0.0965 0.999999 1.3765 1.38e-07 0.3948 1.57
0.0975 0.999999 1.3765 1.38e-07 0.3948 1.57
0.0985 0.999999 1.3765 1.38e-07 0.3948 1.57
0.0995 0.999999 1.3765 1.38e-07 0.3948 1.57
0.1005 0.999999 1.3765 1.38e-07 0.394801 1.57
0.1015 0.999999 1.3765 1.38e-07 0.394801 1.57
0.1025 0.999999 1.3765 1.38e-07 0.394801 1.57
0.1035 0.999999 1.3765 1.38e-07 0.394802 1.57
0.1045 0.999999 1.3765 1.38e-07 0.394802 1.57
0.1055 1 1.3765 1.38e-07 0.394803 1.56999
0.1065 1 1.37649 1.38e-07 0.394804 1.56999
0.1075 1 1.37649 1.37999e-07 0.394805 1.56999
0.1085 1 1.37649 1.37999e-07 0.394806 1.56999
0.1095 1 1.37649 1.37999e-07 0.394808 1.56999
0.1105 1 1.37649 1.37999e-07 0.39481 1.56998
0.1115 1 1.37649 1.37999e-07 0.394813 1.56998
0.1125 1 1.37648 1.37998e-07 0.394816 1.56997
0.1135 1 1.37648 1.37998e-07 0.39482 1.56996
0.1145 1 1.37647 1.37997e-07 0.394824 1.56996
0.1155 1 1.37647 1.37997e-07 0.39483 1.56995
0.1165 1 1.37646 1.37996e-07 0.394836 1.56994
0.1175 1.00001 1.37645 1.37995e-07 0.394844 1.56992
0.1185 1.00001 1.37644 1.37994e-07 0.394852 1.56991
0.1195 1.00001 1.37643 1.37993e-07 0.394862 1.56989
0.1205 1.00001 1.37642 1.37992e-07 0.394873 1.56987
0.1215 1.00001 1.37641 1.37991e-07 0.394886 1.56985
0.1225 1.00001 1.37639 1.37989e-07 0.3949 1.56982
0.1235 1.00001 1.37637 1.37988e-07 0.394916 1.56979
0.1245 1.00001 1.37636 1.37986e-07 0.394933 1.56976
0.1255 1.00001 1.37634 1.37984e-07 0.394952 1.56973
0.1265 1.00002 1.37631 1.37981e-07 0.394973 1.56969
0.1275 1.00002 1.37629 1.37979e-07 0.394994 1.56966
0.1285 1.00002 1.37627 1.37977e-07 0.395018 1.56962
0.1295 1.00002 1.37624 1.37974e-07 0.395042 1.56957
0.1305 1.00002 1.37621 1.37971e-07 0.395067 1.56953
0.1315 1.00002 1.37618 1.37968e-07 0.395093 1.56948
0.1325 1.00002 1.37615 1.37966e-07 0.39512 1.56944
0.1335 1.00002 1.37613 1.37963e-07 0.395146 1.56939
0.1345 1.00002 1.3761 1.3796e-07 0.395173 1.56934
0.1355 1.00002 1.37607 1.37957e-07 0.395199 1.5693
0.1365 1.00002 1.37604 1.37954e-07 0.395225 1.56925
0.1375 1.00002 1.37601 1.37951e-07 0.395249 1.56921
0.1385 1.00002 1.37599 1.37949e-07 0.395273 1.56917
0.1395 1.00002 1.37596 1.37946e-07 0.395294 1.56914
0.1405 1.00001 1.37594 1.37944e-07 0.395313 1.5691
0.1415 1.00001 1.37592 1.37942e-07 0.395331 1.56907
0.1425 1.00001 1.37591 1.37941e-07 0.395346 1.56905
0.1435 1.00001 1.37589 1.37939e-07 0.395358 1.56903
0.1445 1.00001 1.37588 1.37938e-07 0.395368 1.56901
0.1455 1 1.37587 1.37937e-07 0.395374 1.569
0.1465 1 1.37587 1.37937e-07 0.395379 1.56899
0.1475 1 1.37587 1.37937e-07 0.39538 1.56899
0.1485 0.999998 1.37587 1.37937e-07 0.395379 1.56899
0.1495 0.999996 1.37587 1.37937e-07 0.395375 1.569
0.1505 0.999994 1.37588 1.37938e-07 0.395369 1.56901
0.1515 0.999992 1.37589 1.37939e-07 0.395361 1.56903
0.1525 0.999991 1.3759 1.3794e-07 0.395351 1.56904
0.1535 0.999989 1.37591 1.37941e-07 0.395339 1.56907
0.1545 0.999988 1.37592 1.37942e-07 0.395326 1.56909
0.1555 0.999988 1.37594 1.37944e-07 0.395312 1.56911
0.1565 0.999987 1.37595 1.37945e-07 0.395297 1.56914
0.1575 0.999986 1.37597 1.37947e-07 0.395281 1.56917
0.1585 0.999986 1.37599 1.37949e-07 0.395265 1.5692
0.1595 0.999986 1.37601 1.37951e-07 0.395248 1.56922
0.1605 0.999986 1.37603 1.37953e-07 0.395232 1.56925
0.1615 0.999986 1.37604 1.37954e-07 0.395216 1.56928
0.1625 0.999986 1.37606 1.37956e-07 0.3952 1.56931
0.1635 0.999987 1.37608 1.37958e-07 0.395184 1.56934
0.1645 0.999987 1.37609 1.37959e-07 0.395169 1.56936
0.1655 0.999988 1.37611 1.37961e-07 0.395154 1.56939
0.1665 0.999988 1.37613 1.37963e-07 0.39514 1.56941
0.1675 0.999989 1.37614 1.37964e-07 0.395127 1.56944
0.1685 0.999989 1.37615 1.37966e-07 0.395114 1.56946
0.1695 0.99999 1.37617 1.37967e-07 0.395102 1.56948
0.1705 0.99999 1.37618 1.37968e-07 0.395091 1.5695
0.1715 0.999991 1.37619 1.37969e-07 0.39508 1.56952
0.1725 0.999991 1.3762 1.3797e-07 0.39507 1.56953
0.1735 0.999992 1.37621 1.37971e-07 0.39506 1.56955
0.1745 0.999992 1.37622 1.37972e-07 0.395051 1.56956
0.1755 0.999992 1.37623 1.37973e-07 0.395043 1.56958
0.1765 0.999993 1.37624 1.37974e-07 0.395035 1.56959
0.1775 0.999993 1.37625 1.37975e-07 0.395028 1.56961
0.1785 0.999994 1.37626 1.37976e-07 0.395021 1.56962
0.1795 0.999994 1.37626 1.37976e-07 0.395014 1.56963
0.1805 0.999994 1.37627 1.37977e-07 0.395008 1.56964
0.1815 0.999994 1.37628 1.37978e-07 0.395002 1.56965
0.1825 0.999995 1.37628 1.37978e-07 0.394997 1.56966
0.1835 0.999995 1.37629 1.37979e-07 0.394991 1.56967
0.1845 0.999995 1.37629 1.3798e-07 0.394986 1.56968
0.1855 0.999995 1.3763 1.3798e-07 0.394982 1.56969
0.1865 0.999995 1.37631 1.37981e-07 0.394977 1.56969
0.1875 0.999996 1.37631 1.37981e-07 0.394973 1.5697
0.1885 0.999996 1.37631 1.37982e-07 0.394968 1.56971
0.1895 0.999996 1.37632 1.37982e-07 0.394964 1.56971
0.1905 0.999996 1.37632 1.37982e-07 0.394961 1.56972
0.1915 0.999996 1.37633 1.37983e-07 0.394957 1.56973
0.1925 0.999996 1.37633 1.37983e-07 0.394953 1.56973
0.1935 0.999996 1.37633 1.37984e-07 0.39495 1.56974
0.1945 0.999996 1.37634 1.37984e-07 0.394947 1.56975
0.1955 0.999997 1.37634 1.37984e-07 0.394944 1.56975
0.1965 0.999997 1.37634 1.37985e-07 0.394941 1.56976
0.1975 0.999997 1.37635 1.37985e-07 0.394938 1.56976
0.1985 0.999997 1.37635 1.37985e-07 0.394935 1.56977
0.1995 0.999997 1.37635 1.37986e-07 0.394932 1.56977
0.2005 0.999997 1.37636 1.37986e-07 0.39493 1.56978
0.2015 0.999997 1.37636 1.37986e-07 0.394927 1.56978
0.2025 0.999997 1.37636 1.37986e-07 0.394925 1.56978
0.2035 0.999997 1.37636 1.37987e-07 0.394922 1.56979
0.2045 0.999997 1.37637 1.37987e-07 0.39492 1.56979
0.2055 0.999997 1.37637 1.37987e-07 0.394918 1.5698
0.2065 0.999997 1.37637 1.37987e-07 0.394916 1.5698
0.2075 0.999997 1.37637 1.37988e-07 0.394914 1.5698
0.2085 0.999997 1.37638 1.37988e-07 0.394912 1.56981
0.2095 0.999997 1.37638 1.37988e-07 0.39491 1.56981
0.2105 0.999998 1.37638 1.37988e-07 0.394908 1.56981
0.2115 0.999998 1.37638 1.37988e-07 0.394906 1.56982
0.2125 0.999998 1.37639 1.37989e-07 0.394904 1.56982
0.2135 0.999998 1.37639 1.37989e-07 0.394902 1.56982
0.2145 0.999998 1.37639 1.37989e-07 0.3949 1.56983
0.2155 0.999998 1.37639 1.37989e-07 0.394899 1.56983
0.2165 0.999998 1.37639 1.37989e-07 0.394897 1.56983
0.2175 0.999998 1.37639 1.3799e-07 0.394896 1.56983
0.2185 0.999998 1.3764 1.3799e-07 0.394894 1.56984
0.2195 0.999998 1.3764 1.3799e-07 0.394893 1.56984
0.2205 0.999998 1.3764 1.3799e-07 0.394891 1.56984
0.2215 0.999998 1.3764 1.3799e-07 0.39489 1.56984
0.2225 0.999998 1.3764 1.3799e-07 0.394888 1.56985
0.2235 0.999998 1.3764 1.3799e-07 0.394887 1.56985
0.2245 0.999998 1.37641 1.37991e-07 0.394886 1.56985
0.2255 0.999998 1.37641 1.37991e-07 0.394884 1.56985
0.2265 0.999998 1.37641 1.37991e-07 0.394883 1.56986
0.2275 0.999998 1.37641 1.37991e-07 0.394882 1.56986
0.2285 0.999998 1.37641 1.37991e-07 0.394881 1.56986
0.2295 0.999998 1.37641 1.37991e-07 0.39488 1.56986
0.2305 0.999998 1.37641 1.37991e-07 0.394878 1.56986
0.2315 0.999998 1.37641 1.37992e-07 0.394877 1.56987
0.2325 0.999998 1.37642 1.37992e-07 0.394876 1.56987
0.2335 0.999998 1.37642 1.37992e-07 0.394875 1.56987
0.2345 0.999998 1.37642 1.37992e-07 0.394874 1.56987
0.2355 0.999998 1.37642 1.37992e-07 0.394873 1.56987
0.2365 0.999998 1.37642 1.37992e-07 0.394872 1.56987
0.2375 0.999998 1.37642 1.37992e-07 0.394871 1.56988
0.2385 0.999998 1.37642 1.37992e-07 0.39487 1.56988
0.2395 0.999998 1.37642 1.37992e-07 0.394869 1.56988
0.2405 0.999998 1.37642 1.37993e-07 0.394868 1.56988
0.2415 0.999998 1.37643 1.37993e-07 0.394867 1.56988
0.2425 0.999998 1.37643 1.37993e-07 0.394866 1.56988
0.2435 0.999998 1.37643 1.37993e-07 0.394866 1.56989
0.2445 0.999998 1.37643 1.37993e-07 0.394865 1.56989
0.2455 0.999998 1.37643 1.37993e-07 0.394864 1.56989
0.2465 0.999998 1.37643 1.37993e-07 0.394863 1.56989
0.2475 0.999998 1.37643 1.37993e-07 0.394862 1.56989
0.2485 0.999998 1.37643 1.37993e-07 0.394862 1.56989
0.2495 0.999998 1.37643 1.37993e-07 0.394861 1.56989
0.2505 0.999998 1.37643 1.37993e-07 0.39486 1.5699
0.2515 0.999998 1.37643 1.37993e-07 0.394859 1.5699
0.2525 0.999998 1.37643 1.37994e-07 0.394859 1.5699
0.2535 0.999998 1.37644 1.37994e-07 0.394858 1.5699
0.2545 0.999999 1.37644 1.37994e-07 0.394857 1.5699
0.2555 0.999999 1.37644 1.37994e-07 0.394857 1.5699
0.2565 0.999999 1.37644 1.37994e-07 0.394856 1.5699
0.2575 0.999999 1.37644 1.37994e-07 0.394855 1.5699
0.2585 0.999999 1.37644 1.37994e-07 0.394855 1.5699
0.2595 0.999999 1.37644 1.37994e-07 0.394854 1.56991
0.2605 0.999999 1.37644 1.37994e-07 0.394853 1.56991
0.2615 0.999999 1.37644 1.37994e-07 0.394853 1.56991
0.2625 0.999999 1.37644 1.37994e-07 0.394852 1.56991
0.2635 0.999999 1.37644 1.37994e-07 0.394852 1.56991
0.2645 0.999999 1.37644 1.37994e-07 0.394851 1.56991
0.2655 0.999999 1.37644 1.37994e-07 0.394851 1.56991
0.2665 0.999999 1.37644 1.37995e-07 0.39485 1.56991
0.2675 0.999999 1.37644 1.37995e-07 0.39485 1.56991
0.2685 0.999999 1.37645 1.37995e-07 0.394849 1.56991
0.2695 0.999999 1.37645 1.37995e-07 0.394849 1.56992
0.2705 0.999999 1.37645 1.37995e-07 0.394848 1.56992
0.2715 0.999999 1.37645 1.37995e-07 0.394848 1.56992
0.2725 0.999999 1.37645 1.37995e-07 0.394847 1.56992
0.2735 0.999999 1.37645 1.37995e-07 0.394847 1.56992
0.2745 0.999999 1.37645 1.37995e-07 0.394846 1.56992
0.2755 0.999999 1.37645 1.37996e-07 0.394846 1.56992
0.2765 0.999998 1.37645 1.37997e-07 0.394845 1.56992
0.2775 0.999998 1.37645 1.37999e-07 0.394845 1.56992
0.2785 0.999998 1.37645 1.38004e-07 0.394844 1.56992
0.2795 0.999997 1.37644 1.38012e-07 0.394844 1.56992
0.2805 0.999995 1.37644 1.38026e-07 0.394844 1.56992
0.2815 0.999993 1.37643 1.3805e-07 0.394843 1.56993
0.2825 0.99999 1.37642 1.38089e-07 0.394843 1.56993
0.2835 0.999984 1.3764 1.38153e-07 0.394842 1.56993
0.2845 0.999977 1.37637 1.38252e-07 0.394842 1.56993
0.2855 0.999966 1.37633 1.38401e-07 0.394841 1.56993
0.2865 0.999952 1.37628 1.3862e-07 0.394841 1.56993
0.2875 0.999933 1.3762 1.38931e-07 0.394841 1.56993
0.2885 0.999909 1.37609 1.39362e-07 0.39484 1.56993
0.2895 0.99988 1.37596 1.39942e-07 0.39484 1.56993
0.2905 0.999847 1.37579 1.40702e-07 0.39484 1.56993
0.2915 0.999808 1.37559 1.41672e-07 0.394839 1.56993
0.2925 0.999766 1.37536 1.42881e-07 0.394839 1.56993
0.2935 0.999723 1.37509 1.44347e-07 0.394839 1.56993
0.2945 0.999679 1.3748 1.46084e-07 0.394838 1.56993
0.2955 0.999637 1.37449 1.48093e-07 0.394838 1.56993
0.2965 0.999599 1.37417 1.50361e-07 0.394838 1.56993
0.2975 0.999568 1.37386 1.52866e-07 0.394837 1.56993
0.2985 0.999544 1.37355 1.55569e-07 0.394837 1.56994
0.2995 0.99953 1.37328 1.58423e-07 0.394837 1.56994
0.3005 0.999527 1.37304 1.61371e-07 0.394837 1.56994
0.3015 0.999533 1.37285 1.64352e-07 0.394836 1.56994
0.3025 0.999549 1.37271 1.67304e-07 0.394836 1.56994
0.3035 0.999573 1.37262 1.70169e-07 0.394836 1.56994
0.3045 0.999603 1.37259 1.72894e-07 0.394835 1.56994
0.3055 0.999637 1.37262 1.75434e-07 0.394835 1.56994
0.3065 0.999674 1.37269 1.77757e-07 0.394835 1.56994
0.3075 0.999712 1.37281 1.79841e-07 0.394835 1.56994
0.3085 0.999749 1.37296 1.81677e-07 0.394834 1.56994
0.3095 0.999782 1.37313 1.83264e-07 0.394834 1.56994
0.3105 0.999813 1.37333 1.84612e-07 0.394834 1.56994
0.3115 0.999839 1.37353 1.85737e-07 0.394833 1.56994
0.3125 0.999862 1.37373 1.86659e-07 0.394833 1.56994
0.3135 0.99988 1.37393 1.87404e-07 0.394833 1.56994
0.3145 0.999894 1.37412 1.87995e-07 0.394833 1.56994
0.3155 0.999905 1.3743 1.88457e-07 0.394833 1.56994
0.3165 0.999912 1.37446 1.88813e-07 0.394832 1.56994
0.3175 0.999918 1.37462 1.89083e-07 0.394832 1.56994
0.3185 0.999921 1.37475 1.89286e-07 0.394832 1.56994
0.3195 0.999924 1.37488 1.89436e-07 0.394832 1.56994
0.3205 0.999925 1.37499 1.89546e-07 0.394832 1.56995
0.3215 0.999925 1.37509 1.89627e-07 0.394831 1.56995
0.3225 0.999925 1.37518 1.89685e-07 0.394831 1.56995
0.3235 0.999925 1.37526 1.89727e-07 0.394831 1.56995
0.3245 0.999924 1.37533 1.89758e-07 0.394831 1.56995
0.3255 0.999924 1.3754 1.89781e-07 0.394831 1.56995
0.3265 0.999924 1.37546 1.89798e-07 0.39483 1.56995
0.3275 0.999923 1.37551 1.89812e-07 0.39483 1.56995
0.3285 0.999923 1.37556 1.89822e-07 0.39483 1.56995
0.3295 0.999923 1.37561 1.8983e-07 0.39483 1.56995
0.3305 0.999922 1.37565 1.89838e-07 0.394829 1.56995
0.3315 0.999922 1.37569 1.89844e-07 0.394829 1.56995
0.3325 0.999922 1.37572 1.89849e-07 0.394829 1.56995
0.3335 0.999922 1.37576 1.89854e-07 0.394829 1.56995
0.3345 0.999922 1.37579 1.89858e-07 0.394829 1.56995
0.3355 0.999922 1.37581 1.89863e-07 0.394829 1.56995
0.3365 0.999922 1.37584 1.89866e-07 0.394828 1.56995
0.3375 0.999922 1.37587 1.8987e-07 0.394828 1.56995
0.3385 0.999922 1.37589 1.89873e-07 0.394828 1.56995
0.3395 0.999923 1.37591 1.89876e-07 0.394828 1.56995
0.3405 0.999923 1.37594 1.89879e-07 0.394828 1.56995
0.3415 0.999923 1.37596 1.89882e-07 0.394828 1.56995
0.3425 0.999923 1.37597 1.89885e-07 0.394828 1.56995
0.3435 0.999923 1.37599 1.89887e-07 0.394828 1.56995
0.3445 0.999923 1.37601 1.8989e-07 0.394828 1.56995
0.3455 0.999923 1.37603 1.89892e-07 0.394828 1.56995
0.3465 0.999924 1.37604 1.89894e-07 0.394828 1.56995
0.3475 0.999924 1.37606 1.89896e-07 0.394828 1.56995
0.3485 0.999925 1.37607 1.89898e-07 0.394829 1.56995
0.3495 0.999925 1.37608 1.89899e-07 0.394831 1.56994
0.3505 0.999927 1.37609 1.899e-07 0.394834 1.56994
0.3515 0.999928 1.3761 1.89901e-07 0.394839 1.56993
0.3525 0.999931 1.3761 1.89902e-07 0.394848 1.56991
0.3535 0.999936 1.3761 1.89901e-07 0.394861 1.56989
0.3545 0.999943 1.37608 1.899e-07 0.394883 1.56985
0.3555 0.999954 1.37606 1.89896e-07 0.394917 1.56978
0.3565 0.99997 1.37601 1.8989e-07 0.39497 1.56969
0.3575 0.999994 1.37594 1.8988e-07 0.39505 1.56954
0.3585 1.00003 1.37582 1.89864e-07 0.395169 1.56932
0.3595 1.00008 1.37565 1.8984e-07 0.395344 1.569
0.3605 1.00014 1.37539 1.89805e-07 0.395597 1.56854
0.3615 1.00023 1.37503 1.89754e-07 0.395955 1.56788
0.3625 1.00035 1.37452 1.89683e-07 0.396452 1.56698
0.3635 1.0005 1.37381 1.89586e-07 0.397131 1.56575
0.3645 1.00069 1.37287 1.89456e-07 0.398039 1.5641
0.3655 1.00093 1.37162 1.89284e-07 0.39923 1.56196
0.3665 1.00122 1.37001 1.89062e-07 0.400764 1.55921
0.3675 1.00155 1.36798 1.88782e-07 0.402699 1.55576
0.3685 1.00193 1.36546 1.88434e-07 0.405095 1.5515
0.3695 1.00236 1.3624 1.88011e-07 0.408006 1.54636
0.3705 1.00283 1.35874 1.87506e-07 0.41148 1.54026
0.3715 1.00333 1.35445 1.86915e-07 0.41555 1.53315
0.3725 1.00385 1.34952 1.86233e-07 0.420237 1.52502
0.3735 1.00437 1.34393 1.85462e-07 0.425547 1.51587
0.3745 1.00489 1.33771 1.84604e-07 0.431466 1.50576
0.3755 1.00538 1.33089 1.83663e-07 0.437963 1.49474
0.3765 1.00584 1.32353 1.82648e-07 0.44499 1.48293
0.3775 1.00625 1.31571 1.81568e-07 0.452479 1.47045
0.3785 1.00659 1.30751 1.80437e-07 0.460351 1.45746
0.3795 1.00686 1.29904 1.79268e-07 0.468509 1.44413
0.3805 1.00704 1.29041 1.78077e-07 0.476847 1.43064
0.3815 1.00713 1.28174 1.7688e-07 0.485251 1.41718
0.3825 1.00711 1.27315 1.75695e-07 0.493601 1.40394
0.3835 1.00699 1.26477 1.74538e-07 0.501773 1.39111
0.3845 1.00678 1.25672 1.73427e-07 0.50965 1.37888
0.3855 1.00646 1.2491 1.72376e-07 0.517119 1.36739
0.3865 1.00606 1.24201 1.71398e-07 0.524079 1.35678
0.3875 1.0056 1.23554 1.70505e-07 0.530449 1.34716
0.3885 1.00508 1.22974 1.69704e-07 0.536166 1.33861
0.3895 1.00454 1.22463 1.69e-07 0.541197 1.33114
0.3905 1.00399 1.22023 1.68393e-07 0.545531 1.32475
0.3915 1.00347 1.21652 1.6788e-07 0.549185 1.3194
0.3925 1.00298 1.21346 1.67457e-07 0.552201 1.31501
0.3935 1.00254 1.21097 1.67115e-07 0.554637 1.31149
0.3945 1.00217 1.20901 1.66843e-07 0.556564 1.30871
0.3955 1.00185 1.20748 1.66632e-07 0.558058 1.30657
0.3965 1.0016 1.20631 1.66471e-07 0.559195 1.30494
0.3975 1.00141 1.20544 1.66351e-07 0.560045 1.30373
0.3985 1.00126 1.20479 1.66261e-07 0.560672 1.30283
0.3995 1.00115 1.20432 1.66196e-07 0.561128 1.30219
0.4005 1.00107 1.20398 1.99539e-07 0.561456 1.30172
0.4015 1.00101 1.20373 7.26911e-07 0.561689 1.30139
0.4025 1.00092 1.20351 4.89317e-06 0.561854 1.30115
0.4035 1.00068 1.2032 2.68156e-05 0.561969 1.30099
0.4045 0.999932 1.2024 0.000113172 0.562049 1.30087
0.4055 0.997776 1.20016 0.000384589 0.562105 1.30079
0.4065 0.992456 1.19452 0.00109305 0.562142 1.30073
0.4075 0.981079 1.18219 0.00267167 0.562168 1.30069
0.4085 0.959706 1.15852 0.00573534 0.562185 1.30067
0.4095 0.924008 1.11826 0.0109932 0.562196 1.30065
0.4105 0.870438 1.05687 0.0190692 0.562204 1.30064
0.4115 0.79758 0.972183 0.0302786 0.562208 1.30063
0.4125 0.707107 0.865681 0.04445 0.562211 1.30062
0.4135 0.603894 0.742797 0.0608781 0.562213 1.30062
0.4145 0.49513 0.61198 0.0784397 0.562214 1.30062
0.4155 0.388773 0.482874 0.095836 0.562215 1.30061
0.4165 0.291863 0.364255 0.111872 0.562215 1.30061
0.4175 0.209292 0.262422 0.12568 0.562214 1.30061
0.4185 0.143292 0.180469 0.136823 0.562214 1.30061
0.4195 0.0936616 0.11846 0.145273 0.562213 1.30061
0.4205 0.0584619 0.074234 0.151314 0.562213 1.30061
0.4215 0.0348611 0.0444301 0.155392 0.562212 1.30061
0.4225 0.0198707 0.0254123 0.157999 0.562211 1.30061
0.4235 0.0108337 0.0138992 0.159579 0.56221 1.30061
0.4245 0.00565386 0.00727511 0.16049 0.562208 1.3006
0.4255 0.00282657 0.00364698 0.160989 0.562207 1.3006
0.4265 0.00135486 0.00175245 0.16125 0.562205 1.3006
0.4275 0.000623286 0.000808005 0.161379 0.562203 1.3006
0.4285 0.000275582 0.00035795 0.161441 0.562201 1.3006
0.4295 0.000117392 0.000152707 0.161469 0.562198 1.3006
0.4305 4.84291e-05 6.30343e-05 0.161481 0.562195 1.3006
0.4315 1.95917e-05 2.54617e-05 0.161486 0.562192 1.30059
0.4325 8.01483e-06 1.03502e-05 0.161487 0.562188 1.30059
0.4335 3.54918e-06 4.51113e-06 0.161488 0.562184 1.30059
0.4345 1.89272e-06 2.3418e-06 0.161487 0.562179 1.30059
0.4355 1.30143e-06 1.56631e-06 0.161487 0.562173 1.30058
0.4365 1.09819e-06 1.29938e-06 0.161486 0.562166 1.30058
0.4375 1.03087e-06 1.21085e-06 0.161486 0.562159 1.30057
0.4385 1.00937e-06 1.18254e-06 0.161485 0.56215 1.30057
0.4395 1.00275e-06 1.1738e-06 0.161484 0.56214 1.30056
0.4405 1.00078e-06 1.1712e-06 0.161484 0.562129 1.30056
0.4415 1.00021e-06 1.17045e-06 0.161483 0.562116 1.30055
0.4425 1.00005e-06 1.17024e-06 0.161482 0.562102 1.30054
0.4435 1.00001e-06 1.17017e-06 0.161481 0.562085 1.30053
0.4445 1e-06 1.17015e-06 0.16148 0.562066 1.30052
0.4455 9.99998e-07 1.17014e-06 0.161479 0.562045 1.30051
0.4465 9.99998e-07 1.17013e-06 0.161478 0.56202 1.30049
0.4475 9.99997e-07 1.17012e-06 0.161476 0.561992 1.30048
0.4485 9.99997e-07 1.17011e-06 0.161475 0.561961 1.30046
0.4495 9.99997e-07 1.17009e-06 0.161473 0.561925 1.30044
0.4505 9.99997e-07 1.17008e-06 0.161471 0.561884 1.30041
0.4515 9.99997e-07 1.17006e-06 0.161469 0.561838 1.30038
0.4525 9.99997e-07 1.17005e-06 0.161466 0.561786 1.30035
0.4535 9.99997e-07 1.17003e-06 0.161463 0.561727 1.30032
0.4545 9.99997e-07 1.17e-06 0.16146 0.56166 1.30028
0.4555 9.99997e-07 1.16998e-06 0.161457 0.561585 1.30023
0.4565 9.99997e-07 1.16995e-06 0.161453 0.5615 1.30018
0.4575 9.99997e-07 1.16992e-06 0.161448 0.561404 1.30013
0.4585 9.99997e-07 1.16988e-06 0.161443 0.561295 1.30006
0.4595 9.99997e-07 1.16984e-06 0.161438 0.561173 1.29999
0.4605 9.99997e-07 1.16979e-06 0.161431 0.561035 1.29991
0.4615 9.99997e-07 1.16974e-06 0.161424 0.560879 1.29982
0.4625 9.99997e-07 1.16968e-06 0.161416 0.560703 1.29971
0.4635 9.99997e-07 1.16962e-06 0.161407 0.560506 1.29959
0.4645 9.99997e-07 1.16955e-06 0.161397 0.560283 1.29946
0.4655 9.99997e-07 1.16947e-06 0.161386 0.560032 1.29931
0.4665 9.99997e-07 1.16937e-06 0.161374 0.55975 1.29915
0.4675 9.99997e-07 1.16927e-06 0.161359 0.559432 1.29896
0.4685 9.99997e-07 1.16916e-06 0.161343 0.559074 1.29875
0.4695 9.99997e-07 1.16903e-06 0.161325 0.558672 1.29851
0.4705 9.99997e-07 1.16888e-06 0.161305 0.558219 1.29824
0.4715 9.99997e-07 1.16872e-06 0.161283 0.557709 1.29794
0.4725 9.99997e-07 1.16853e-06 0.161257 0.557135 1.2976
0.4735 9.99997e-07 1.16832e-06 0.161229 0.556489 1.29722
0.4745 9.99997e-07 1.16809e-06 0.161196 0.555761 1.29679
0.4755 9.99997e-07 1.16783e-06 0.16116 0.554941 1.2963
0.4765 9.99997e-07 1.16753e-06 0.161119 0.554017 1.29576
0.4775 9.99997e-07 1.1672e-06 0.161073 0.552975 1.29514
0.4785 9.99997e-07 1.16682e-06 0.161022 0.5518 1.29445
0.4795 9.99997e-07 1.1664e-06 0.160963 0.550471 1.29367
0.4805 9.99997e-07 1.16592e-06 0.160897 0.54897 1.29278
0.4815 9.99997e-07 1.16538e-06 0.160822 0.547269 1.29178
0.4825 9.99997e-07 1.16476e-06 0.160737 0.545341 1.29064
0.4835 9.99997e-07 1.16406e-06 0.160641 0.543151 1.28935
0.4845 9.99997e-07 1.16327e-06 0.160531 0.540658 1.28789
0.4855 9.99997e-07 1.16237e-06 0.160406 0.537813 1.28622
0.4865 9.99997e-07 1.16133e-06 0.160263 0.534557 1.28431
0.4875 9.99997e-07 1.16014e-06 0.160099 0.530817 1.28212
0.4885 9.99997e-07 1.15877e-06 0.159911 0.526505 1.27959
0.4895 9.99997e-07 1.15719e-06 0.159692 0.521511 1.27668
0.4905 9.99997e-07 1.15535e-06 0.159438 0.515698 1.27329
0.4915 9.99998e-07 1.1532e-06 0.159141 0.508895 1.26933
0.4925 9.99998e-07 1.15067e-06 0.158792 0.500889 1.26469
0.4935 9.99999e-07 1.14768e-06 0.15838 0.491416 1.25921
0.4945 1e-06 1.14414e-06 0.157891 0.480154 1.25272
0.4955 1e-06 1.13992e-06 0.157309 0.466721 1.24502
0.4965 1e-06 1.1349e-06 0.156616 0.450686 1.23587
0.4975 1.00001e-06 1.12895e-06 0.155795 0.431602 1.22505
0.4985 1.00001e-06 1.12195e-06 0.154829 0.409065 1.21237
0.4995 1.00002e-06 1.11383e-06 0.153708 0.38281 1.19773
0.5005 1.00002e-06 1.10462e-06 0.152437 0.352848 1.1812
0.5015 1.00003e-06 1.09445e-06 0.151034 0.319584 1.16306
0.5025 1.00003e-06 1.08362e-06 0.149539 0.283894 1.14385
0.5035 1.00003e-06 1.07253e-06 0.148009 0.247084 1.12431
0.5045 1.00003e-06 1.06164e-06 0.146507 0.210702 1.10527
0.5055 1.00003e-06 1.05141e-06 0.145095 0.176271 1.08748
0.5065 1.00002e-06 1.04218e-06 0.14382 0.145005 1.07154
0.5075 1.00002e-06 1.03414e-06 0.142711 0.117651 1.05774
0.5085 1.00001e-06 1.02736e-06 0.141775 0.0944616 1.04616
0.5095 1.00001e-06 1.02177e-06 0.141005 0.0752912 1.03666
0.5105 1.00001e-06 1.01725e-06 0.140381 0.0597407 1.029
0.5115 1e-06 1.01365e-06 0.139883 0.0472936 1.02291
0.5125 1e-06 1.01079e-06 0.139489 0.0374164 1.01809
0.5135 1e-06 1.00853e-06 0.139178 0.0296173 1.0143
0.5145 1e-06 1.00676e-06 0.138933 0.023473 1.01132
0.5155 1e-06 1.00536e-06 0.13874 0.0186337 1.00898
0.5165 1e-06 1.00426e-06 0.138588 0.0148187 1.00713
0.5175 1e-06 1.0034e-06 0.138469 0.011806 1.00568
0.5185 1e-06 1.00271e-06 0.138374 0.00942186 1.00453
0.5195 1e-06 1.00217e-06 0.138299 0.0075308 1.00362
0.5205 1e-06 1.00173e-06 0.138239 0.00602748 1.0029
0.5215 1e-06 1.00139e-06 0.138192 0.00482988 1.00232
0.5225 1e-06 1.00111e-06 0.138154 0.00387399 1.00186
0.5235 1e-06 1.00089e-06 0.138123 0.00310973 1.00149
0.5245 1e-06 1.00072e-06 0.138099 0.00249777 1.0012
0.5255 1e-06 1.00058e-06 0.138079 0.00200717 1.00096
0.5265 1e-06 1.00046e-06 0.138064 0.00161345 1.00077
0.5275 1e-06 1.00037e-06 0.138051 0.00129721 1.00062
0.5285 1e-06 1.0003e-06 0.138041 0.00104304 1.0005
0.5295 1e-06 1.00024e-06 0.138033 0.000838658 1.0004
0.5305 1e-06 1.00019e-06 0.138027 0.000674253 1.00032
0.5315 1e-06 1.00016e-06 0.138021 0.000541978 1.00026
0.5325 1e-06 1.00013e-06 0.138017 0.000435541 1.00021
0.5335 1e-06 1.0001e-06 0.138014 0.000349896 1.00017
0.5345 1e-06 1.00008e-06 0.138011 0.000280987 1.00013
0.5355 1e-06 1.00006e-06 0.138009 0.000225552 1.00011
0.5365 1e-06 1.00005e-06 0.138007 0.000180968 1.00009
0.5375 1e-06 1.00004e-06 0.138006 0.000145121 1.00007
0.5385 1e-06 1.00003e-06 0.138004 0.000116309 1.00006
0.5395 1e-06 1.00003e-06 0.138004 9.31622e-05 1.00004
0.5405 1e-06 1.00002e-06 0.138003 7.45743e-05 1.00004
0.5415 1e-06 1.00002e-06 0.138002 5.96552e-05 1.00003
0.5425 1e-06 1.00001e-06 0.138002 4.76874e-05 1.00002
0.5435 1e-06 1.00001e-06 0.138001 3.80926e-05 1.00002
0.5445 1e-06 1.00001e-06 0.138001 3.04051e-05 1.00001
0.5455 1e-06 1.00001e-06 0.138001 2.42498e-05 1.00001
0.5465 1e-06 1.00001e-06 0.138001 1.93247e-05 1.00001
0.5475 1e-06 1e-06 0.138 1.53869e-05 1.00001
0.5485 1e-06 1e-06 0.138 1.22407e-05 1.00001
0.5495 1e-06 1e-06 0.138 9.72912e-06 1
0.5505 1e-06 1e-06 0.138 7.72567e-06 1
0.5515 1e-06 1e-06 0.138 6.12893e-06 1
0.5525 1e-06 1e-06 0.138 4.85744e-06 1
0.5535 1e-06 1e-06 0.138 3.84586e-06 1
0.5545 1e-06 1e-06 0.138 3.04181e-06 1
0.5555 1e-06 1e-06 0.138 2.40333e-06 1
0.5565 1e-06 1e-06 0.138 1.89681e-06 1
0.5575 1e-06 1e-06 0.138 1.4954e-06 1
0.5585 1e-06 1e-06 0.138 1.1776e-06 1
0.5595 1e-06 1e-06 0.138 9.26278e-07 1
0.5605 1e-06 1e-06 0.138 7.27735e-07 1
0.5615 1e-06 1e-06 0.138 5.71062e-07 1
0.5625 1e-06 1e-06 0.138 4.47572e-07 1
0.5635 1e-06 1e-06 0.138 3.5035e-07 1
0.5645 1e-06 1e-06 0.138 2.73898e-07 1
0.5655 1e-06 1e-06 0.138 2.13853e-07 1
0.5665 1e-06 1e-06 0.138 1.66752e-07 1
0.5675 1e-06 1e-06 0.138 1.29852e-07 1
0.5685 1e-06 1e-06 0.138 1.0098e-07 1
0.5695 1e-06 1e-06 0.138 7.84187e-08 1
0.5705 1e-06 1e-06 0.138 6.08131e-08 1
0.5715 1e-06 1e-06 0.138 4.7093e-08 1
0.5725 1e-06 1e-06 0.138 3.64156e-08 1
0.5735 1e-06 1e-06 0.138 2.81179e-08 1
0.5745 1e-06 1e-06 0.138 2.16787e-08 1
0.5755 1e-06 1e-06 0.138 1.66889e-08 1
0.5765 1e-06 1e-06 0.138 1.2828e-08 1
0.5775 1e-06 1e-06 0.138 9.84502e-09 1
0.5785 1e-06 1e-06 0.138 7.54387e-09 1
0.5795 1e-06 1e-06 0.138 5.77141e-09 1
0.5805 1e-06 1e-06 0.138 4.40829e-09 1
0.5815 1e-06 1e-06 0.138 3.36165e-09 1
0.5825 1e-06 1e-06 0.138 2.55928e-09 1
0.5835 1e-06 1e-06 0.138 1.94517e-09 1
0.5845 1e-06 1e-06 0.138 1.47591e-09 1
0.5855 1e-06 1e-06 0.138 1.11794e-09 1
0.5865 1e-06 1e-06 0.138 8.45309e-10 1
0.5875 1e-06 1e-06 0.138 6.38018e-10 1
0.5885 1e-06 1e-06 0.138 4.80666e-10 1
0.5895 1e-06 1e-06 0.138 3.61413e-10 1
0.5905 1e-06 1e-06 0.138 2.71168e-10 1
0.5915 1e-06 1e-06 0.138 2.02963e-10 1
0.5925 1e-06 1e-06 0.138 1.51463e-10 1
0.5935 1e-06 1e-06 0.138 1.12585e-10 1
0.5945 1e-06 1e-06 0.138 8.32029e-11 1
0.5955 1e-06 1e-06 0.138 6.09246e-11 1
0.5965 1e-06 1e-06 0.138 4.39087e-11 1
0.5975 1e-06 1e-06 0.138 3.07279e-11 1
0.5985 1e-06 1e-06 0.138 2.02612e-11 1
0.5995 1e-06 1e-06 0.138 1.16069e-11 1
0.6005 0.999999 0.999999 1.38001e-07 6.3332e-12 1
0.6015 0.999999 0.999999 1.38e-07 2.46585e-12 1
0.6025 0.999999 0.999999 1.38e-07 1.14227e-12 1
0.6035 0.999999 0.999999 1.38e-07 5.39621e-13 1
0.6045 0.999999 0.999999 1.38e-07 2.53923e-13 1
0.6055 0.999999 0.999999 1.38e-07 1.1866e-13 1
0.6065 0.999999 0.999999 1.38e-07 5.49839e-14 1
0.6075 0.999999 0.999999 1.38e-07 2.51435e-14 1
0.6085 0.999999 0.999999 1.38e-07 1.13891e-14 1
0.6095 0.999999 0.999999 1.38e-07 5.04006e-15 1
0.6105 0.999999 0.999999 1.38e-07 2.20741e-15 1
0.6115 0.999999 0.999999 1.38e-07 9.22499e-16 1
0.6125 0.999999 0.999999 1.38e-07 4.26229e-16 1
0.6135 0.999999 0.999999 1.38e-07 2.45185e-16 1
0.6145 0.999999 0.999999 1.38e-07 2.80193e-16 1
0.6155 0.999999 0.999999 1.38e-07 2.93837e-16 1
0.6165 0.999999 0.999999 1.38e-07 1.0507e-16 1
0.6175 0.999999 0.999999 1.38e-07 0 1
0.6185 0.999999 0.999999 1.38e-07 0 1
0.6195 0.999999 0.999999 1.38e-07 0 1
0.6205 0.999999 0.999999 1.38e-07 0 1
0.6215 0.999999 0.999999 1.38e-07 0 1
0.6225 0.999999 0.999999 1.38e-07 0 1
0.6235 0.999999 0.999999 1.38e-07 0 1
0.6245 0.999999 0.999999 1.38e-07 0 1
0.6255 0.999999 0.999999 1.38e-07 0 1
0.6265 0.999999 0.999999 1.38e-07 0 1
0.6275 0.999999 0.999999 1.38e-07 0 1
0.6285 0.999999 0.999999 1.38e-07 0 1
0.6295 0.999999 0.999999 1.38e-07 0 1
0.6305 0.999999 0.999999 1.38e-07 0 1
0.6315 0.999999 0.999999 1.38e-07 0 1
0.6325 0.999999 0.999999 1.38e-07 0 1
0.6335 0.999999 0.999999 1.38e-07 0 1
0.6345 0.999999 0.999999 1.38e-07 0 1
0.6355 0.999999 0.999999 1.38e-07 0 1
0.6365 0.999999 0.999999 1.38e-07 0 1
0.6375 0.999999 0.999999 1.38e-07 0 1
0.6385 0.999999 0.999999 1.38e-07 0 1
0.6395 0.999999 0.999999 1.38e-07 0 1
0.6405 0.999999 0.999999 1.38e-07 0 1
0.6415 0.999999 0.999999 1.38e-07 0 1
0.6425 0.999999 0.999999 1.38e-07 0 1
0.6435 0.999999 0.999999 1.38e-07 0 1
0.6445 0.999999 0.999999 1.38e-07 0 1
0.6455 0.999999 0.999999 1.38e-07 0 1
0.6465 0.999999 0.999999 1.38e-07 0 1
0.6475 0.999999 0.999999 1.38e-07 0 1
0.6485 0.999999 0.999999 1.38e-07 0 1
0.6495 0.999999 0.999999 1.38e-07 0 1
0.6505 0.999999 0.999999 1.38e-07 0 1
0.6515 0.999999 0.999999 1.38e-07 0 1
0.6525 0.999999 0.999999 1.38e-07 0 1
0.6535 0.999999 0.999999 1.38e-07 0 1
0.6545 0.999999 0.999999 1.38e-07 0 1
0.6555 0.999999 0.999999 1.38e-07 0 1
0.6565 0.999999 0.999999 1.38e-07 0 1
0.6575 0.999999 0.999999 1.38e-07 0 1
0.6585 0.999999 0.999999 1.38e-07 0 1
0.6595 0.999999 0.999999 1.38e-07 0 1
0.6605 0.999999 0.999999 1.38e-07 0 1
0.6615 0.999999 0.999999 1.38e-07 0 1
0.6625 0.999999 0.999999 1.38e-07 0 1
0.6635 0.999999 0.999999 1.38e-07 0 1
0.6645 0.999999 0.999999 1.38e-07 0 1
0.6655 0.999999 0.999999 1.38e-07 0 1
0.6665 0.999999 0.999999 1.38e-07 0 1
0.6675 0.999999 0.999999 1.38e-07 0 1
0.6685 0.999999 0.999999 1.38e-07 0 1
0.6695 0.999999 0.999999 1.38e-07 0 1
0.6705 0.999999 0.999999 1.38e-07 0 1
0.6715 0.999999 0.999999 1.38e-07 0 1
0.6725 0.999999 0.999999 1.38e-07 0 1
0.6735 0.999999 0.999999 1.38e-07 0 1
0.6745 0.999999 0.999999 1.38e-07 0 1
0.6755 0.999999 0.999999 1.38e-07 0 1
0.6765 0.999999 0.999999 1.38e-07 0 1
0.6775 0.999999 0.999999 1.38e-07 0 1
0.6785 0.999999 0.999999 1.38e-07 0 1
0.6795 0.999999 0.999999 1.38e-07 0 1
0.6805 0.999999 0.999999 1.38e-07 0 1
0.6815 0.999999 0.999999 1.38e-07 0 1
0.6825 0.999999 0.999999 1.38e-07 0 1
0.6835 0.999999 0.999999 1.38e-07 0 1
0.6845 0.999999 0.999999 1.38e-07 0 1
0.6855 0.999999 0.999999 1.38e-07 0 1
0.6865 0.999999 0.999999 1.38e-07 0 1
0.6875 0.999999 0.999999 1.38e-07 0 1
0.6885 0.999999 0.999999 1.38e-07 0 1
0.6895 0.999999 0.999999 1.38e-07 0 1
0.6905 0.999999 0.999999 1.38e-07 0 1
0.6915 0.999999 0.999999 1.38e-07 0 1
0.6925 0.999999 0.999999 1.38e-07 0 1
0.6935 0.999999 0.999999 1.38e-07 0 1
0.6945 0.999999 0.999999 1.38e-07 0 1
0.6955 0.999999 0.999999 1.38e-07 0 1
0.6965 0.999999 0.999999 1.38e-07 0 1
0.6975 0.999999 0.999999 1.38e-07 0 1
0.6985 0.999999 0.999999 1.38e-07 0 1
0.6995 0.999999 0.999999 1.38e-07 0 1
0.7005 0.999999 0.999999 1.38e-07 0 1
0.7015 0.999999 0.999999 1.38e-07 0 1
0.7025 0.999999 0.999999 1.38e-07 0 1
0.7035 0.999999 0.999999 1.38e-07 0 1
0.7045 0.999999 0.999999 1.38e-07 0 1
0.7055 0.999999 0.999999 1.38e-07 0 1
0.7065 0.999999 0.999999 1.38e-07 0 1
0.7075 0.999999 0.999999 1.38e-07 0 1
0.7085 0.999999 0.999999 1.38e-07 0 1
0.7095 0.999999 0.999999 1.38e-07 0 1
0.7105 0.999999 0.999999 1.38e-07 0 1
0.7115 0.999999 0.999999 1.38e-07 0 1
0.7125 0.999999 0.999999 1.38e-07 0 1
0.7135 0.999999 0.999999 1.38e-07 0 1
0.7145 0.999999 0.999999 1.38e-07 0 1
0.7155 0.999999 0.999999 1.38e-07 0 1
0.7165 0.999999 0.999999 1.38e-07 0 1
0.7175 0.999999 0.999999 1.38e-07 0 1
0.7185 0.999999 0.999999 1.38e-07 0 1
0.7195 0.999999 0.999999 1.38e-07 0 1
0.7205 0.999999 0.999999 1.38e-07 0 1
0.7215 0.999999 0.999999 1.38e-07 0 1
0.7225 0.999999 0.999999 1.38e-07 0 1
0.7235 0.999999 0.999999 1.38e-07 0 1
0.7245 0.999999 0.999999 1.38e-07 0 1
0.7255 0.999999 0.999999 1.38e-07 0 1
0.7265 0.999999 0.999999 1.38e-07 0 1
0.7275 0.999999 0.999999 1.38e-07 0 1
0.7285 0.999999 0.999999 1.38e-07 0 1
0.7295 0.999999 0.999999 1.38e-07 0 1
0.7305 0.999999 0.999999 1.38e-07 0 1
0.7315 0.999999 0.999999 1.38e-07 0 1
0.7325 0.999999 0.999999 1.38e-07 0 1
0.7335 0.999999 0.999999 1.38e-07 0 1
0.7345 0.999999 0.999999 1.38e-07 0 1
0.7355 0.999999 0.999999 1.38e-07 0 1
0.7365 0.999999 0.999999 1.38e-07 0 1
0.7375 0.999999 0.999999 1.38e-07 0 1
0.7385 0.999999 0.999999 1.38e-07 0 1
0.7395 0.999999 0.999999 1.38e-07 0 1
0.7405 0.999999 0.999999 1.38e-07 0 1
0.7415 0.999999 0.999999 1.38e-07 0 1
0.7425 0.999999 0.999999 1.38e-07 0 1
0.7435 0.999999 0.999999 1.38e-07 0 1
0.7445 0.999999 0.999999 1.38e-07 0 1
0.7455 0.999999 0.999999 1.38e-07 0 1
0.7465 0.999999 0.999999 1.38e-07 0 1
0.7475 0.999999 0.999999 1.38e-07 0 1
0.7485 0.999999 0.999999 1.38e-07 0 1
0.7495 0.999999 0.999999 1.38e-07 0 1
0.7505 0.999999 0.999999 1.38e-07 0 1
0.7515 0.999999 0.999999 1.38e-07 0 1
0.7525 0.999999 0.999999 1.38e-07 0 1
0.7535 0.999999 0.999999 1.38e-07 0 1
0.7545 0.999999 0.999999 1.38e-07 0 1
0.7555 0.999999 0.999999 1.38e-07 0 1
0.7565 0.999999 0.999999 1.38e-07 0 1
0.7575 0.999999 0.999999 1.38e-07 0 1
0.7585 0.999999 0.999999 1.38e-07 0 1
0.7595 0.999999 0.999999 1.38e-07 0 1
0.7605 0.999999 0.999999 1.38e-07 0 1
0.7615 0.999999 0.999999 1.38e-07 0 1
0.7625 0.999999 0.999999 1.38e-07 0 1
0.7635 0.999999 0.999999 1.38e-07 0 1
0.7645 0.999999 0.999999 1.38e-07 0 1
0.7655 0.999999 0.999999 1.38e-07 0 1
0.7665 0.999999 0.999999 1.38e-07 0 1
0.7675 0.999999 0.999999 1.38e-07 0 1
0.7685 0.999999 0.999999 1.38e-07 0 1
0.7695 0.999999 0.999999 1.38e-07 0 1
0.7705 0.999999 0.999999 1.38e-07 0 1
0.7715 0.999999 0.999999 1.38e-07 0 1
0.7725 0.999999 0.999999 1.38e-07 0 1
0.7735 0.999999 0.999999 1.38e-07 0 1
0.7745 0.999999 0.999999 1.38e-07 0 1
0.7755 0.999999 0.999999 1.38e-07 0 1
0.7765 0.999999 0.999999 1.38e-07 0 1
0.7775 0.999999 0.999999 1.38e-07 0 1
0.7785 0.999999 0.999999 1.38e-07 0 1
0.7795 0.999999 0.999999 1.38e-07 0 1
0.7805 0.999999 0.999999 1.38e-07 0 1
0.7815 0.999999 0.999999 1.38e-07 0 1
0.7825 0.999999 0.999999 1.38e-07 0 1
0.7835 0.999999 0.999999 1.38e-07 0 1
0.7845 0.999999 0.999999 1.38e-07 0 1
0.7855 0.999999 0.999999 1.38e-07 0 1
0.7865 0.999999 0.999999 1.38e-07 0 1
0.7875 0.999999 0.999999 1.38e-07 0 1
0.7885 0.999999 0.999999 1.38e-07 0 1
0.7895 0.999999 0.999999 1.38e-07 0 1
0.7905 0.999999 0.999999 1.38e-07 0 1
0.7915 0.999999 0.999999 1.38e-07 0 1
0.7925 0.999999 0.999999 1.38e-07 0 1
0.7935 0.999999 0.999999 1.38e-07 0 1
0.7945 0.999999 0.999999 1.38e-07 0 1
0.7955 0.999999 0.999999 1.38e-07 0 1
0.7965 0.999999 0.999999 1.38e-07 0 1
0.7975 0.999999 0.999999 1.38e-07 0 1
0.7985 0.999999 0.999999 1.38e-07 0 1
0.7995 0.999999 0.999999 1.38e-07 0 1
0.8005 0.999999 0.999999 1.38e-07 0 1
0.8015 0.999999 0.999999 1.38e-07 0 1
0.8025 0.999999 0.999999 1.38e-07 0 1
0.8035 0.999999 0.999999 1.38e-07 0 1
0.8045 0.999999 0.999999 1.38e-07 0 1
0.8055 0.999999 0.999999 1.38e-07 0 1
0.8065 0.999999 0.999999 1.38e-07 0 1
0.8075 0.999999 0.999999 1.38e-07 0 1
0.8085 0.999999 0.999999 1.38e-07 0 1
0.8095 0.999999 0.999999 1.38e-07 0 1
0.8105 0.999999 0.999999 1.38e-07 0 1
0.8115 0.999999 0.999999 1.38e-07 0 1
0.8125 0.999999 0.999999 1.38e-07 0 1
0.8135 0.999999 0.999999 1.38e-07 0 1
0.8145 0.999999 0.999999 1.38e-07 0 1
0.8155 0.999999 0.999999 1.38e-07 0 1
0.8165 0.999999 0.999999 1.38e-07 0 1
0.8175 0.999999 0.999999 1.38e-07 0 1
0.8185 0.999999 0.999999 1.38e-07 0 1
0.8195 0.999999 0.999999 1.38e-07 0 1
0.8205 0.999999 0.999999 1.38e-07 0 1
0.8215 0.999999 0.999999 1.38e-07 0 1
0.8225 0.999999 0.999999 1.38e-07 0 1
0.8235 0.999999 0.999999 1.38e-07 0 1
0.8245 0.999999 0.999999 1.38e-07 0 1
0.8255 0.999999 0.999999 1.38e-07 0 1
0.8265 0.999999 0.999999 1.38e-07 0 1
0.8275 0.999999 0.999999 1.38e-07 0 1
0.8285 0.999999 0.999999 1.38e-07 0 1
0.8295 0.999999 0.999999 1.38e-07 0 1
0.8305 0.999999 0.999999 1.38e-07 0 1
0.8315 0.999999 0.999999 1.38e-07 0 1
0.8325 0.999999 0.999999 1.38e-07 0 1
0.8335 0.999999 0.999999 1.38e-07 0 1
0.8345 0.999999 0.999999 1.38e-07 0 1
0.8355 0.999999 0.999999 1.38e-07 0 1
0.8365 0.999999 0.999999 1.38e-07 0 1
0.8375 0.999999 0.999999 1.38e-07 0 1
0.8385 0.999999 0.999999 1.38e-07 0 1
0.8395 0.999999 0.999999 1.38e-07 0 1
0.8405 0.999999 0.999999 1.38e-07 0 1
0.8415 0.999999 0.999999 1.38e-07 0 1
0.8425 0.999999 0.999999 1.38e-07 0 1
0.8435 0.999999 0.999999 1.38e-07 0 1
0.8445 0.999999 0.999999 1.38e-07 0 1
0.8455 0.999999 0.999999 1.38e-07 0 1
0.8465 0.999999 0.999999 1.38e-07 0 1
0.8475 0.999999 0.999999 1.38e-07 0 1
0.8485 0.999999 0.999999 1.38e-07 0 1
0.8495 0.999999 0.999999 1.38e-07 0 1
0.8505 0.999999 0.999999 1.38e-07 0 1
0.8515 0.999999 0.999999 1.38e-07 0 1
0.8525 0.999999 0.999999 1.38e-07 0 1
0.8535 0.999999 0.999999 1.38e-07 0 1
0.8545 0.999999 0.999999 1.38e-07 0 1
0.8555 0.999999 0.999999 1.38e-07 0 1
0.8565 0.999999 0.999999 1.38e-07 0 1
0.8575 0.999999 0.999999 1.38e-07 0 1
0.8585 0.999999 0.999999 1.38e-07 0 1
0.8595 0.999999 0.999999 1.38e-07 0 1
0.8605 0.999999 0.999999 1.38e-07 0 1
0.8615 0.999999 0.999999 1.38e-07 0 1
0.8625 0.999999 0.999999 1.38e-07 0 1
0.8635 0.999999 0.999999 1.38e-07 0 1
0.8645 0.999999 0.999999 1.38e-07 0 1
0.8655 0.999999 0.999999 1.38e-07 0 1
0.8665 0.999999 0.999999 1.38e-07 0 1
0.8675 0.999999 0.999999 1.38e-07 0 1
0.8685 0.999999 0.999999 1.38e-07 0 1
0.8695 0.999999 0.999999 1.38e-07 0 1
0.8705 0.999999 0.999999 1.38e-07 0 1
0.8715 0.999999 0.999999 1.38e-07 0 1
0.8725 0.999999 0.999999 1.38e-07 0 1
0.8735 0.999999 0.999999 1.38e-07 0 1
0.8745 0.999999 0.999999 1.38e-07 0 1
0.8755 0.999999 0.999999 1.38e-07 0 1
0.8765 0.999999 0.999999 1.38e-07 0 1
0.8775 0.999999 0.999999 1.38e-07 0 1
0.8785 0.999999 0.999999 1.38e-07 0 1
0.8795 0.999999 0.999999 1.38e-07 0 1
0.8805 0.999999 0.999999 1.38e-07 0 1
0.8815 0.999999 0.999999 1.38e-07 0 1
0.8825 0.999999 0.999999 1.38e-07 0 1
0.8835 0.999999 0.999999 1.38e-07 0 1
0.8845 0.999999 0.999999 1.38e-07 0 1
0.8855 0.999999 0.999999 1.38e-07 0 1
0.8865 0.999999 0.999999 1.38e-07 0 1
0.8875 0.999999 0.999999 1.38e-07 0 1
0.8885 0.999999 0.999999 1.38e-07 0 1
0.8895 0.999999 0.999999 1.38e-07 0 1
0.8905 0.999999 0.999999 1.38e-07 0 1
0.8915 0.999999 0.999999 1.38e-07 0 1
0.8925 0.999999 0.999999 1.38e-07 0 1
0.8935 0.999999 0.999999 1.38e-07 0 1
0.8945 0.999999 0.999999 1.38e-07 0 1
0.8955 0.999999 0.999999 1.38e-07 0 1
0.8965 0.999999 0.999999 1.38e-07 0 1
0.8975 0.999999 0.999999 1.38e-07 0 1
0.8985 0.999999 0.999999 1.38e-07 0 1
0.8995 0.999999 0.999999 1.38e-07 0 1
0.9005 0.999999 0.999999 1.38e-07 0 1
0.9015 0.999999 0.999999 1.38e-07 0 1
0.9025 0.999999 0.999999 1.38e-07 0 1
0.9035 0.999999 0.999999 1.38e-07 0 1
0.9045 0.999999 0.999999 1.38e-07 0 1
0.9055 0.999999 0.999999 1.38e-07 0 1
0.9065 0.999999 0.999999 1.38e-07 0 1
0.9075 0.999999 0.999999 1.38e-07 0 1
0.9085 0.999999 0.999999 1.38e-07 0 1
0.9095 0.999999 0.999999 1.38e-07 0 1
0.9105 0.999999 0.999999 1.38e-07 0 1
0.9115 0.999999 0.999999 1.38e-07 0 1
0.9125 0.999999 0.999999 1.38e-07 0 1
0.9135 0.999999 0.999999 1.38e-07 0 1
0.9145 0.999999 0.999999 1.38e-07 0 1
0.9155 0.999999 0.999999 1.38e-07 0 1
0.9165 0.999999 0.999999 1.38e-07 0 1
0.9175 0.999999 0.999999 1.38e-07 0 1
0.9185 0.999999 0.999999 1.38e-07 0 1
0.9195 0.999999 0.999999 1.38e-07 0 1
0.9205 0.999999 0.999999 1.38e-07 0 1
0.9215 0.999999 0.999999 1.38e-07 0 1
0.9225 0.999999 0.999999 1.38e-07 0 1
0.9235 0.999999 0.999999 1.38e-07 0 1
0.9245 0.999999 0.999999 1.38e-07 0 1
0.9255 0.999999 0.999999 1.38e-07 0 1
0.9265 0.999999 0.999999 1.38e-07 0 1
0.9275 0.999999 0.999999 1.38e-07 0 1
0.9285 0.999999 0.999999 1.38e-07 0 1
0.9295 0.999999 0.999999 1.38e-07 0 1
0.9305 0.999999 0.999999 1.38e-07 0 1
0.9315 0.999999 0.999999 1.38e-07 0 1
0.9325 0.999999 0.999999 1.38e-07 0 1
0.9335 0.999999 0.999999 1.38e-07 0 1
0.9345 0.999999 0.999999 1.38e-07 0 1
0.9355 0.999999 0.999999 1.38e-07 0 1
0.9365 0.999999 0.999999 1.38e-07 0 1
0.9375 0.999999 0.999999 1.38e-07 0 1
0.9385 0.999999 0.999999 1.38e-07 0 1
0.9395 0.999999 0.999999 1.38e-07 0 1
0.9405 0.999999 0.999999 1.38e-07 0 1
0.9415 0.999999 0.999999 1.38e-07 0 1
0.9425 0.999999 0.999999 1.38e-07 0 1
0.9435 0.999999 0.999999 1.38e-07 0 1
0.9445 0.999999 0.999999 1.38e-07 0 1
0.9455 0.999999 0.999999 1.38e-07 0 1
0.9465 0.999999 0.999999 1.38e-07 0 1
0.9475 0.999999 0.999999 1.38e-07 0 1
0.9485 0.999999 0.999999 1.38e-07 0 1
0.9495 0.999999 0.999999 1.38e-07 0 1
0.9505 0.999999 0.999999 1.38e-07 0 1
0.9515 0.999999 0.999999 1.38e-07 0 1
0.9525 0.999999 0.999999 1.38e-07 0 1
0.9535 0.999999 0.999999 1.38e-07 0 1
0.9545 0.999999 0.999999 1.38e-07 0 1
0.9555 0.999999 0.999999 1.38e-07 0 1
0.9565 0.999999 0.999999 1.38e-07 0 1
0.9575 0.999999 0.999999 1.38e-07 0 1
0.9585 0.999999 0.999999 1.38e-07 0 1
0.9595 0.999999 0.999999 1.38e-07 0 1
0.9605 0.999999 0.999999 1.38e-07 0 1
0.9615 0.999999 0.999999 1.38e-07 0 1
0.9625 0.999999 0.999999 1.38e-07 0 1
0.9635 0.999999 0.999999 1.38e-07 0 1
0.9645 0.999999 0.999999 1.38e-07 0 1
0.9655 0.999999 0.999999 1.38e-07 0 1
0.9665 0.999999 0.999999 1.38e-07 0 1
0.9675 0.999999 0.999999 1.38e-07 0 1
0.9685 0.999999 0.999999 1.38e-07 0 1
0.9695 0.999999 0.999999 1.38e-07 0 1
0.9705 0.999999 0.999999 1.38e-07 0 1
0.9715 0.999999 0.999999 1.38e-07 0 1
0.9725 0.999999 0.999999 1.38e-07 0 1
0.9735 0.999999 0.999999 1.38e-07 0 1
0.9745 0.999999 0.999999 1.38e-07 0 1
0.9755 0.999999 0.999999 1.38e-07 0 1
0.9765 0.999999 0.999999 1.38e-07 0 1
0.9775 0.999999 0.999999 1.38e-07 0 1
0.9785 0.999999 0.999999 1.38e-07 0 1
0.9795 0.999999 0.999999 1.38e-07 0 1
0.9805 0.999999 0.999999 1.38e-07 0 1
0.9815 0.999999 0.999999 1.38e-07 0 1
0.9825 0.999999 0.999999 1.38e-07 0 1
0.9835 0.999999 0.999999 1.38e-07 0 1
0.9845 0.999999 0.999999 1.38e-07 0 1
0.9855 0.999999 0.999999 1.38e-07 0 1
0.9865 0.999999 0.999999 1.38e-07 0 1
0.9875 0.999999 0.999999 1.38e-07 0 1
0.9885 0.999999 0.999999 1.38e-07 0 1
0.9895 0.999999 0.999999 1.38e-07 0 1
0.9905 0.999999 0.999999 1.38e-07 0 1
0.9915 0.999999 0.999999 1.38e-07 0 1
0.9925 0.999999 0.999999 1.38e-07 0 1
0.9935 0.999999 0.999999 1.38e-07 0 1
0.9945 0.999999 0.999999 1.38e-07 0 1
0.9955 0.999999 0.999999 1.38e-07 0 1
0.9965 0.999999 0.999999 1.38e-07 0 1
0.9975 0.999999 0.999999 1.38e-07 0 1
0.9985 0.999999 0.999999 1.38e-07 0 1
0.9995 0.999999 0.999999 1.38e-07 0 1
