x alpha rho1 rho2 v p
0.0005 0.999999 1.3765 1.38e-07 0.3948 1.57
0.0015 0.999999 1.3765 1.38e-07 0.3948 1.57
0.0025 0.999999 1.3765 1.38e-07 0.3948 1.57
0.0035 0.999999 1.3765 1.38e-07 0.3948 1.57
0.0045 0.999999 1.3765 1.38e-07 0.3948 1.57
0.0055 0.999999 1.3765 1.38e-07 0.3948 1.57
0.0065 0.999999 1.3765 1.38e-07 0.3948 1.57
0.0075 0.999999 1.3765 1.38e-07 0.3948 1.57
0.0085 0.999999 1.3765 1.38e-07 0.3948 1.57
0.0095 0.999999 1.3765 1.38e-07 0.3948 1.57
0.0105 0.999999 1.3765 1.38e-07 0.3948 1.57
0.0115 0.999999 1.3765 1.38e-07 0.3948 1.57
0.0125 0.999999 1.3765 1.38e-07 0.3948 1.57
0.0135 0.999999 1.3765 1.38e-07 0.3948 1.57
0.0145 0.999999 1.3765 1.38e-07 0.3948 1.57
0.0155 0.999999 1.3765 1.38e-07 0.3948 1.57
0.0165 0.999999 1.3765 1.38e-07 0.3948 1.57
0.0175 0.999999 1.3765 1.38e-07 0.3948 1.57
0.0185 0.999999 1.3765 1.38e-07 0.3948 1.57
0.0195 0.999999 1.3765 1.38e-07 0.3948 1.57
0.0205 0.999999 1.3765 1.38e-07 0.3948 1.57
0.0215 0.999999 1.3765 1.38e-07 0.3948 1.57
0.0225 0.999999 1.3765 1.38e-07 0.3948 1.57
0.0235 0.999999 1.3765 1.38e-07 0.3948 1.57
0.0245 0.999999 1.3765 1.38e-07 0.3948 1.57
0.0255 0.999999 1.3765 1.38e-07 0.3948 1.57
0.0265 0.999999 1.3765 1.38e-07 0.3948 1.57
0.0275 0.999999 1.3765 1.38e-07 0.3948 1.57
0.0285 0.999999 1.3765 1.38e-07 0.3948 1.57
0.0295 0.999999 1.3765 1.38e-07 0.3948 1.57
0.0305 0.999999 1.3765 1.38e-07 0.3948 1.57
0.0315 0.999999 1.3765 1.38e-07 0.3948 1.57
0.0325 0.999999 1.3765 1.38e-07 0.3948 1.57
0.0335 0.999999 1.3765 1.38e-07 0.3948 1.57
0.0345 0.999999 1.3765 1.38e-07 0.3948 1.57
0.0355 0.999999 1.3765 1.38e-07 0.3948 1.57
0.0365 0.999999 1.3765 1.38e-07 0.3948 1.57
0.0375 0.999999 1.3765 1.38e-07 0.3948 1.57
0.0385 0.999999 1.3765 1.38e-07 0.3948 1.57
0.0395 0.999999 1.3765 1.38e-07 0.3948 1.57
0.0405 0.999999 1.3765 1.38e-07 0.3948 1.57
0.0415 0.999999 1.3765 1.38e-07 0.3948 1.57
0.0425 0.999999 1.3765 1.38e-07 0.3948 1.57
0.0435 0.999999 1.3765 1.38e-07 0.3948 1.57
0.0445 0.999999 1.3765 1.38e-07 0.3948 1.57
0.0455 0.999999 1.3765 1.38e-07 0.3948 1.57
0.0465 0.999999 1.3765 1.38e-07 0.3948 1.57
0.0475 0.999999 1.3765 1.38e-07 0.3948 1.57
0.0485 0.999999 1.3765 1.38e-07 0.3948 1.57
0.0495 0.999999 1.3765 1.38e-07 0.3948 1.57
0.0505 0.999999 1.3765 1.38e-07 0.3948 1.57
0.0515 0.999999 1.3765 1.38e-07 0.3948 1.57
0.0525 0.999999 1.3765 1.38e-07 0.3948 1.57
0.0535 0.999999 1.3765 1.38e-07 0.3948 1.57
0.0545 0.999999 1.3765 1.38e-07 0.3948 1.57
0.0555 0.999999 1.3765 1.38e-07 0.3948 1.57
0.0565 0.999999 1.3765 1.38e-07 0.3948 1.57
0.0575 0.999999 1.3765 1.38e-07 0.3948 1.57
0.0585 0.999999 1.3765 1.38e-07 0.3948 1.57
0.0595 0.999999 1.3765 1.38e-07 0.3948 1.57
0.0605 0.999999 1.3765 1.38e-07 0.3948 1.57
0.0615 0.999999 1.3765 1.38e-07 0.3948 1.57
0.0625 0.999999 1.3765 1.38e-07 0.3948 1.57
0.0635 0.999999 1.3765 1.38e-07 0.3948 1.57
0.0645 0.999999 1.3765 1.38e-07 0.3948 1.57
0.0655 0.999999 1.3765 1.38e-07 0.3948 1.57
0.0665 0.999999 1.3765 1.38e-07 0.3948 1.57
0.0675 0.999999 1.3765 1.38e-07 0.3948 1.57
0.0685 0.999999 1.3765 1.38e-07 0.3948 1.57
0.0695 0.999999 1.3765 1.38e-07 0.3948 1.57
0.0705 0.999999 1.3765 1.38e-07 0.3948 1.57
0.0715 0.999999 1.3765 1.38e-07 0.3948 1.57
0.0725 0.999999 1.3765 1.38e-07 0.3948 1.57
0.0735 0.999999 1.3765 1.38e-07 0.3948 1.57
0.0745 0.999999 1.3765 1.38e-07 0.3948 1.57
0.0755 0.999999 1.3765 1.38e-07 0.3948 1.57
0.0765 0.999999 1.3765 1.38e-07 0.3948 1.57
0.0775 0.999999 1.3765 1.38e-07 0.3948 1.57
0.0785 0.999999 1.3765 1.38e-07 0.3948 1.57
0.0795 0.999999 1.3765 1.38e-07 0.3948 1.57
0.0805 0.999999 1.3765 1.38e-07 0.3948 1.57
0.0815 0.999999 1.3765 1.38e-07 0.3948 1.57
0.0825 0.999999 1.3765 1.38e-07 0.3948 1.57
0.0835 0.999999 1.3765 1.38e-07 0.3948 1.57
0.0845 0.999999 1.3765 1.38e-07 0.3948 1.57
0.0855 0.999999 1.3765 1.38e-07 0.3948 1.57
0.0865 0.999999 1.3765 1.38e-07 0.3948 1.57
0.0875 0.999999 1.3765 1.38e-07 0.3948 1.57
0.0885 0.999999 1.3765 1.38e-07 0.3948 1.57
0.0895 0.999999 1.3765 1.38e-07 0.394801 1.57
0.0905 0.999999 1.3765 1.38e-07 0.394801 1.57
0.0915 0.999999 1.3765 1.38e-07 0.394801 1.57
0.0925 0.999999 1.3765 1.38e-07 0.394801 1.57
0.0935 0.999999 1.3765 1.38e-07 0.394802 1.57
0.0945 0.999999 1.3765 1.38e-07 0.394802 1.57
0.0955 1 1.3765 1.38e-07 0.394803 1.56999
0.0965 1 1.37649 1.38e-07 0.394804 1.56999
0.0975 1 1.37649 1.37999e-07 0.394805 1.56999
0.0985 1 1.37649 1.37999e-07 0.394806 1.56999
0.0995 1 1.37649 1.37999e-07 0.394808 1.56999
0.1005 1 1.37649 1.37999e-07 0.39481 1.56998
0.1015 1 1.37649 1.37999e-07 0.394812 1.56998
0.1025 1 1.37648 1.37998e-07 0.394815 1.56997
0.1035 1 1.37648 1.37998e-07 0.394818 1.56997
0.1045 1 1.37647 1.37998e-07 0.394823 1.56996
0.1055 1 1.37647 1.37997e-07 0.394827 1.56995
0.1065 1 1.37646 1.37996e-07 0.394833 1.56994
0.1075 1 1.37646 1.37996e-07 0.39484 1.56993
0.1085 1.00001 1.37645 1.37995e-07 0.394848 1.56992
0.1095 1.00001 1.37644 1.37994e-07 0.394856 1.5699
0.1105 1.00001 1.37643 1.37993e-07 0.394866 1.56988
0.1115 1.00001 1.37642 1.37992e-07 0.394877 1.56986
0.1125 1.00001 1.3764 1.3799e-07 0.39489 1.56984
0.1135 1.00001 1.37639 1.37989e-07 0.394904 1.56982
0.1145 1.00001 1.37637 1.37987e-07 0.394919 1.56979
0.1155 1.00001 1.37635 1.37985e-07 0.394936 1.56976
0.1165 1.00001 1.37633 1.37983e-07 0.394954 1.56973
0.1175 1.00001 1.37631 1.37981e-07 0.394974 1.56969
0.1185 1.00002 1.37629 1.37979e-07 0.394994 1.56966
0.1195 1.00002 1.37627 1.37977e-07 0.395016 1.56962
0.1205 1.00002 1.37624 1.37974e-07 0.395039 1.56958
0.1215 1.00002 1.37622 1.37972e-07 0.395063 1.56954
0.1225 1.00002 1.37619 1.37969e-07 0.395088 1.56949
0.1235 1.00002 1.37616 1.37966e-07 0.395113 1.56945
0.1245 1.00002 1.37613 1.37964e-07 0.395138 1.56941
0.1255 1.00002 1.37611 1.37961e-07 0.395163 1.56936
0.1265 1.00002 1.37608 1.37958e-07 0.395187 1.56932
0.1275 1.00002 1.37605 1.37955e-07 0.395212 1.56928
0.1285 1.00002 1.37603 1.37953e-07 0.395235 1.56924
0.1295 1.00002 1.376 1.3795e-07 0.395257 1.5692
0.1305 1.00001 1.37598 1.37948e-07 0.395277 1.56917
0.1315 1.00001 1.37596 1.37946e-07 0.395296 1.56913
0.1325 1.00001 1.37594 1.37944e-07 0.395313 1.5691
0.1335 1.00001 1.37593 1.37943e-07 0.395328 1.56908
0.1345 1.00001 1.37591 1.37941e-07 0.39534 1.56906
0.1355 1.00001 1.3759 1.3794e-07 0.39535 1.56904
0.1365 1 1.37589 1.37939e-07 0.395358 1.56903
0.1375 1 1.37589 1.37939e-07 0.395363 1.56902
0.1385 1 1.37588 1.37938e-07 0.395366 1.56902
0.1395 0.999999 1.37588 1.37938e-07 0.395366 1.56902
0.1405 0.999997 1.37588 1.37938e-07 0.395364 1.56902
0.1415 0.999995 1.37589 1.37939e-07 0.39536 1.56903
0.1425 0.999994 1.3759 1.37939e-07 0.395353 1.56904
0.1435 0.999992 1.3759 1.3794e-07 0.395345 1.56905
0.1445 0.999991 1.37591 1.37941e-07 0.395335 1.56907
0.1455 0.99999 1.37593 1.37943e-07 0.395324 1.56909
0.1465 0.999989 1.37594 1.37944e-07 0.395311 1.56911
0.1475 0.999988 1.37595 1.37945e-07 0.395298 1.56914
0.1485 0.999987 1.37597 1.37947e-07 0.395283 1.56916
0.1495 0.999987 1.37599 1.37949e-07 0.395268 1.56919
0.1505 0.999987 1.376 1.3795e-07 0.395253 1.56922
0.1515 0.999987 1.37602 1.37952e-07 0.395237 1.56924
0.1525 0.999987 1.37604 1.37954e-07 0.395222 1.56927
0.1535 0.999987 1.37605 1.37955e-07 0.395206 1.5693
0.1545 0.999987 1.37607 1.37957e-07 0.395191 1.56932
0.1555 0.999987 1.37609 1.37959e-07 0.395176 1.56935
0.1565 0.999988 1.3761 1.3796e-07 0.395162 1.56937
0.1575 0.999988 1.37612 1.37962e-07 0.395148 1.5694
0.1585 0.999988 1.37613 1.37963e-07 0.395134 1.56942
0.1595 0.999989 1.37615 1.37965e-07 0.395121 1.56944
0.1605 0.999989 1.37616 1.37966e-07 0.395109 1.56947
0.1615 0.99999 1.37617 1.37967e-07 0.395098 1.56949
0.1625 0.99999 1.37618 1.37969e-07 0.395087 1.5695
0.1635 0.999991 1.3762 1.3797e-07 0.395076 1.56952
0.1645 0.999991 1.37621 1.37971e-07 0.395066 1.56954
0.1655 0.999992 1.37622 1.37972e-07 0.395057 1.56955
0.1665 0.999992 1.37623 1.37973e-07 0.395048 1.56957
0.1675 0.999993 1.37624 1.37974e-07 0.39504 1.56958
0.1685 0.999993 1.37624 1.37974e-07 0.395033 1.5696
0.1695 0.999993 1.37625 1.37975e-07 0.395025 1.56961
0.1705 0.999994 1.37626 1.37976e-07 0.395018 1.56962
0.1715 0.999994 1.37627 1.37977e-07 0.395012 1.56963
0.1725 0.999994 1.37627 1.37977e-07 0.395006 1.56964
0.1735 0.999994 1.37628 1.37978e-07 0.395 1.56965
0.1745 0.999995 1.37629 1.37979e-07 0.394994 1.56966
0.1755 0.999995 1.37629 1.37979e-07 0.394989 1.56967
0.1765 0.999995 1.3763 1.3798e-07 0.394984 1.56968
0.1775 0.999995 1.3763 1.3798e-07 0.39498 1.56969
0.1785 0.999995 1.37631 1.37981e-07 0.394975 1.5697
0.1795 0.999996 1.37631 1.37981e-07 0.394971 1.5697
0.1805 0.999996 1.37632 1.37982e-07 0.394967 1.56971
0.1815 0.999996 1.37632 1.37982e-07 0.394963 1.56972
0.1825 0.999996 1.37632 1.37983e-07 0.394959 1.56972
0.1835 0.999996 1.37633 1.37983e-07 0.394955 1.56973
0.1845 0.999996 1.37633 1.37983e-07 0.394952 1.56974
0.1855 0.999996 1.37634 1.37984e-07 0.394949 1.56974
0.1865 0.999997 1.37634 1.37984e-07 0.394945 1.56975
0.1875 0.999997 1.37634 1.37984e-07 0.394942 1.56975
0.1885 0.999997 1.37635 1.37985e-07 0.394939 1.56976
0.1895 0.999997 1.37635 1.37985e-07 0.394936 1.56976
0.1905 0.999997 1.37635 1.37985e-07 0.394934 1.56977
0.1915 0.999997 1.37636 1.37986e-07 0.394931 1.56977
0.1925 0.999997 1.37636 1.37986e-07 0.394928 1.56978
0.1935 0.999997 1.37636 1.37986e-07 0.394926 1.56978
0.1945 0.999997 1.37636 1.37986e-07 0.394924 1.56979
0.1955 0.999997 1.37637 1.37987e-07 0.394921 1.56979
0.1965 0.999997 1.37637 1.37987e-07 0.394919 1.56979
0.1975 0.999997 1.37637 1.37987e-07 0.394917 1.5698
0.1985 0.999997 1.37637 1.37987e-07 0.394915 1.5698
0.1995 0.999997 1.37638 1.37988e-07 0.394913 1.5698
0.2005 0.999997 1.37638 1.37988e-07 0.394911 1.56981
0.2015 0.999997 1.37638 1.37988e-07 0.394909 1.56981
0.2025 0.999998 1.37638 1.37988e-07 0.394907 1.56981
0.2035 0.999998 1.37638 1.37989e-07 0.394905 1.56982
0.2045 0.999998 1.37639 1.37989e-07 0.394903 1.56982
0.2055 0.999998 1.37639 1.37989e-07 0.394901 1.56982
0.2065 0.999998 1.37639 1.37989e-07 0.3949 1.56983
0.2075 0.999998 1.37639 1.37989e-07 0.394898 1.56983
0.2085 0.999998 1.37639 1.37989e-07 0.394896 1.56983
0.2095 0.999998 1.3764 1.3799e-07 0.394895 1.56984
0.2105 0.999998 1.3764 1.3799e-07 0.394893 1.56984
0.2115 0.999998 1.3764 1.3799e-07 0.394892 1.56984
0.2125 0.999998 1.3764 1.3799e-07 0.39489 1.56984
0.2135 0.999998 1.3764 1.3799e-07 0.394889 1.56985
0.2145 0.999998 1.3764 1.3799e-07 0.394888 1.56985
0.2155 0.999998 1.3764 1.37991e-07 0.394886 1.56985
0.2165 0.999998 1.37641 1.37991e-07 0.394885 1.56985
0.2175 0.999998 1.37641 1.37991e-07 0.394884 1.56985
0.2185 0.999998 1.37641 1.37991e-07 0.394882 1.56986
0.2195 0.999998 1.37641 1.37991e-07 0.394881 1.56986
0.2205 0.999998 1.37641 1.37991e-07 0.39488 1.56986
0.2215 0.999998 1.37641 1.37991e-07 0.394879 1.56986
0.2225 0.999998 1.37641 1.37991e-07 0.394878 1.56987
0.2235 0.999998 1.37641 1.37992e-07 0.394877 1.56987
0.2245 0.999998 1.37642 1.37992e-07 0.394876 1.56987
0.2255 0.999998 1.37642 1.37992e-07 0.394874 1.56987
0.2265 0.999998 1.37642 1.37992e-07 0.394873 1.56987
0.2275 0.999998 1.37642 1.37992e-07 0.394872 1.56987
0.2285 0.999998 1.37642 1.37992e-07 0.394871 1.56988
0.2295 0.999998 1.37642 1.37992e-07 0.39487 1.56988
0.2305 0.999998 1.37642 1.37992e-07 0.39487 1.56988
0.2315 0.999998 1.37642 1.37992e-07 0.394869 1.56988
0.2325 0.999998 1.37642 1.37993e-07 0.394868 1.56988
0.2335 0.999998 1.37643 1.37993e-07 0.394867 1.56988
0.2345 0.999998 1.37643 1.37993e-07 0.394866 1.56989
0.2355 0.999998 1.37643 1.37993e-07 0.394865 1.56989
0.2365 0.999998 1.37643 1.37993e-07 0.394864 1.56989
0.2375 0.999998 1.37643 1.37993e-07 0.394864 1.56989
0.2385 0.999998 1.37643 1.37993e-07 0.394863 1.56989
0.2395 0.999998 1.37643 1.37993e-07 0.394862 1.56989
0.2405 0.999998 1.37643 1.37993e-07 0.394861 1.56989
0.2415 0.999998 1.37643 1.37993e-07 0.39486 1.5699
0.2425 0.999998 1.37643 1.37993e-07 0.39486 1.5699
0.2435 0.999998 1.37643 1.37994e-07 0.394859 1.5699
0.2445 0.999998 1.37643 1.37994e-07 0.394858 1.5699
0.2455 0.999998 1.37644 1.37994e-07 0.394858 1.5699
0.2465 0.999998 1.37644 1.37994e-07 0.394857 1.5699
0.2475 0.999999 1.37644 1.37994e-07 0.394856 1.5699
0.2485 0.999999 1.37644 1.37994e-07 0.394856 1.5699
0.2495 0.999999 1.37644 1.37994e-07 0.394855 1.5699
0.2505 0.999999 1.37644 1.37994e-07 0.394854 1.56991
0.2515 0.999999 1.37644 1.37994e-07 0.394854 1.56991
0.2525 0.999999 1.37644 1.37994e-07 0.394853 1.56991
0.2535 0.999999 1.37644 1.37994e-07 0.394853 1.56991
0.2545 0.999999 1.37644 1.37994e-07 0.394852 1.56991
0.2555 0.999999 1.37644 1.37994e-07 0.394851 1.56991
0.2565 0.999999 1.37644 1.37994e-07 0.394851 1.56991
0.2575 0.999999 1.37644 1.37994e-07 0.39485 1.56991
0.2585 0.999999 1.37644 1.37995e-07 0.39485 1.56991
0.2595 0.999999 1.37644 1.37995e-07 0.394849 1.56991
0.2605 0.999999 1.37645 1.37995e-07 0.394849 1.56992
0.2615 0.999999 1.37645 1.37995e-07 0.394848 1.56992
0.2625 0.999999 1.37645 1.37995e-07 0.394848 1.56992
0.2635 0.999999 1.37645 1.37995e-07 0.394847 1.56992
0.2645 0.999999 1.37645 1.37995e-07 0.394847 1.56992
0.2655 0.999999 1.37645 1.37995e-07 0.394846 1.56992
0.2665 0.999999 1.37645 1.37995e-07 0.394846 1.56992
0.2675 0.999999 1.37645 1.37995e-07 0.394845 1.56992
0.2685 0.999999 1.37645 1.37995e-07 0.394845 1.56992
0.2695 0.999999 1.37645 1.37995e-07 0.394845 1.56992
0.2705 0.999999 1.37645 1.37995e-07 0.394844 1.56992
0.2715 0.999999 1.37645 1.37995e-07 0.394844 1.56992
0.2725 0.999999 1.37645 1.37995e-07 0.394843 1.56992
0.2735 0.999999 1.37645 1.37995e-07 0.394843 1.56993
0.2745 0.999999 1.37645 1.37995e-07 0.394842 1.56993
0.2755 0.999999 1.37645 1.37996e-07 0.394842 1.56993
0.2765 0.999999 1.37645 1.37996e-07 0.394842 1.56993
0.2775 0.999999 1.37645 1.37996e-07 0.394841 1.56993
0.2785 0.999999 1.37645 1.37997e-07 0.394841 1.56993
0.2795 0.999999 1.37645 1.37998e-07 0.394841 1.56993
0.2805 0.999998 1.37645 1.38e-07 0.39484 1.56993
0.2815 0.999998 1.37645 1.38004e-07 0.39484 1.56993
0.2825 0.999997 1.37645 1.38012e-07 0.394839 1.56993
0.2835 0.999996 1.37645 1.38025e-07 0.394839 1.56993
0.2845 0.999994 1.37644 1.38046e-07 0.394839 1.56993
0.2855 0.999991 1.37643 1.38081e-07 0.394838 1.56993
0.2865 0.999986 1.37641 1.38137e-07 0.394838 1.56993
0.2875 0.99998 1.37639 1.38222e-07 0.394838 1.56993
0.2885 0.999971 1.37635 1.3835e-07 0.394838 1.56993
0.2895 0.999959 1.37631 1.38536e-07 0.394837 1.56994
0.2905 0.999943 1.37624 1.388e-07 0.394837 1.56994
0.2915 0.999923 1.37615 1.39164e-07 0.394837 1.56994
0.2925 0.999899 1.37604 1.39654e-07 0.394836 1.56994
0.2935 0.99987 1.3759 1.40297e-07 0.394836 1.56994
0.2945 0.999837 1.37573 1.4112e-07 0.394836 1.56994
0.2955 0.9998 1.37553 1.4215e-07 0.394835 1.56994
0.2965 0.99976 1.37529 1.43409e-07 0.394835 1.56994
0.2975 0.99972 1.37504 1.44912e-07 0.394835 1.56994
0.2985 0.999679 1.37476 1.46668e-07 0.394835 1.56994
0.2995 0.999641 1.37446 1.48673e-07 0.394834 1.56994
0.3005 0.999608 1.37416 1.50916e-07 0.394834 1.56994
0.3015 0.99958 1.37387 1.5337e-07 0.394834 1.56994
0.3025 0.999559 1.37359 1.56001e-07 0.394834 1.56994
0.3035 0.999548 1.37333 1.58764e-07 0.394833 1.56994
0.3045 0.999545 1.37311 1.61609e-07 0.394833 1.56994
0.3055 0.99955 1.37293 1.64482e-07 0.394833 1.56994
0.3065 0.999565 1.3728 1.67325e-07 0.394833 1.56994
0.3075 0.999586 1.37272 1.70088e-07 0.394832 1.56994
0.3085 0.999613 1.37269 1.72722e-07 0.394832 1.56994
0.3095 0.999645 1.37271 1.75187e-07 0.394832 1.56994
0.3105 0.999678 1.37278 1.77454e-07 0.394832 1.56994
0.3115 0.999713 1.37288 1.79501e-07 0.394832 1.56995
0.3125 0.999747 1.37302 1.81318e-07 0.394831 1.56995
0.3135 0.999779 1.37318 1.82904e-07 0.394831 1.56995
0.3145 0.999808 1.37336 1.84264e-07 0.394831 1.56995
0.3155 0.999833 1.37355 1.85412e-07 0.394831 1.56995
0.3165 0.999855 1.37374 1.86365e-07 0.394831 1.56995
0.3175 0.999874 1.37393 1.87144e-07 0.39483 1.56995
0.3185 0.999888 1.37411 1.87771e-07 0.39483 1.56995
0.3195 0.9999 1.37429 1.88269e-07 0.39483 1.56995
0.3205 0.999908 1.37445 1.88658e-07 0.39483 1.56995
0.3215 0.999914 1.3746 1.88959e-07 0.39483 1.56995
0.3225 0.999919 1.37474 1.89188e-07 0.394829 1.56995
0.3235 0.999921 1.37486 1.8936e-07 0.394829 1.56995
0.3245 0.999923 1.37498 1.89488e-07 0.394829 1.56995
0.3255 0.999924 1.37508 1.89583e-07 0.394829 1.56995
0.3265 0.999924 1.37517 1.89653e-07 0.394829 1.56995
0.3275 0.999924 1.37525 1.89705e-07 0.394828 1.56995
0.3285 0.999924 1.37533 1.89742e-07 0.394828 1.56995
0.3295 0.999924 1.37539 1.8977e-07 0.394828 1.56995
0.3305 0.999924 1.37545 1.8979e-07 0.394828 1.56995
0.3315 0.999923 1.37551 1.89806e-07 0.394828 1.56995
0.3325 0.999923 1.37556 1.89818e-07 0.394828 1.56995
0.3335 0.999923 1.3756 1.89828e-07 0.394828 1.56995
0.3345 0.999923 1.37565 1.89836e-07 0.394828 1.56995
0.3355 0.999923 1.37568 1.89843e-07 0.394829 1.56995
0.3365 0.999923 1.37572 1.89848e-07 0.39483 1.56995
0.3375 0.999924 1.37575 1.89853e-07 0.394831 1.56995
0.3385 0.999924 1.37578 1.89857e-07 0.394833 1.56994
0.3395 0.999926 1.3758 1.89861e-07 0.394837 1.56993
0.3405 0.999928 1.37583 1.89864e-07 0.394843 1.56992
0.3415 0.999931 1.37584 1.89866e-07 0.394852 1.56991
0.3425 0.999935 1.37585 1.89867e-07 0.394866 1.56988
0.3435 0.999942 1.37585 1.89867e-07 0.394888 1.56984
0.3445 0.999951 1.37584 1.89866e-07 0.394921 1.56978
0.3455 0.999965 1.37581 1.89861e-07 0.39497 1.56969
0.3465 0.999984 1.37575 1.89854e-07 0.395041 1.56956
0.3475 1.00001 1.37566 1.89842e-07 0.395143 1.56937
0.3485 1.00005 1.37553 1.89823e-07 0.395287 1.56911
0.3495 1.00009 1.37534 1.89796e-07 0.395488 1.56874
0.3505 1.00016 1.37506 1.89759e-07 0.395764 1.56824
0.3515 1.00024 1.37468 1.89707e-07 0.396137 1.56756
0.3525 1.00034 1.37418 1.89637e-07 0.396633 1.56667
0.3535 1.00047 1.37351 1.89544e-07 0.397283 1.5655
0.3545 1.00063 1.37264 1.89424e-07 0.398119 1.56399
0.3555 1.00081 1.37153 1.89272e-07 0.399178 1.5621
0.3565 1.00103 1.37015 1.89081e-07 0.4005 1.55973
0.3575 1.00128 1.36845 1.88846e-07 0.402124 1.55685
0.3585 1.00156 1.36638 1.88561e-07 0.404087 1.55337
0.3595 1.00187 1.36392 1.88221e-07 0.406426 1.54924
0.3605 1.00221 1.36102 1.87821e-07 0.40917 1.54442
0.3615 1.00256 1.35767 1.87359e-07 0.412346 1.53887
0.3625 1.00294 1.35385 1.86831e-07 0.415971 1.53257
0.3635 1.00332 1.34954 1.86237e-07 0.420054 1.52551
0.3645 1.0037 1.34476 1.85576e-07 0.424595 1.5177
0.3655 1.00408 1.3395 1.84852e-07 0.429584 1.50918
0.3665 1.00445 1.33381 1.84065e-07 0.435002 1.49998
0.3675 1.00479 1.3277 1.83223e-07 0.440821 1.49018
0.3685 1.00511 1.32123 1.82329e-07 0.447002 1.47983
0.3695 1.00539 1.31443 1.81392e-07 0.453502 1.46904
0.3705 1.00563 1.30739 1.80419e-07 0.460267 1.4579
0.3715 1.00583 1.30014 1.7942e-07 0.467238 1.4465
0.3725 1.00597 1.29277 1.78403e-07 0.474351 1.43497
0.3735 1.00606 1.28535 1.77379e-07 0.481538 1.42342
0.3745 1.00609 1.27795 1.76357e-07 0.488726 1.41196
0.3755 1.00605 1.27065 1.75349e-07 0.495842 1.40071
0.3765 1.00596 1.26351 1.74365e-07 0.502811 1.38978
0.3775 1.0058 1.25662 1.73414e-07 0.509563 1.37929
0.3785 1.00558 1.25004 1.72506e-07 0.516026 1.36932
0.3795 1.00531 1.24383 1.71649e-07 0.522137 1.35997
0.3805 1.00499 1.23805 1.70851e-07 0.527841 1.35131
0.3815 1.00463 1.23274 1.70118e-07 0.53309 1.3434
0.3825 1.00425 1.22792 1.69454e-07 0.53785 1.33628
0.3835 1.00385 1.22363 1.68861e-07 0.5421 1.32996
0.3845 1.00344 1.21986 1.6834e-07 0.545834 1.32444
0.3855 1.00305 1.21659 1.6789e-07 0.549059 1.3197
0.3865 1.00267 1.21383 1.67508e-07 0.551797 1.3157
0.3875 1.00232 1.21151 1.67189e-07 0.554081 1.31238
0.3885 1.00201 1.20961 1.66927e-07 0.555952 1.30967
0.3895 1.00174 1.20808 1.66716e-07 0.557459 1.3075
0.3905 1.00151 1.20687 1.66548e-07 0.558651 1.30578
0.3915 1.00132 1.20592 1.66418e-07 0.559579 1.30445
0.3925 1.00117 1.2052 1.66318e-07 0.56029 1.30344
0.3935 1.00105 1.20465 1.66242e-07 0.560826 1.30267
0.3945 1.00096 1.20424 1.66185e-07 0.561225 1.3021
0.3955 1.0009 1.20394 1.66144e-07 0.561518 1.30168
0.3965 1.00085 1.20372 1.66114e-07 0.561731 1.30138
0.3975 1.00082 1.20356 1.66092e-07 0.561884 1.30116
0.3985 1.0008 1.20345 1.66076e-07 0.561993 1.30101
0.3995 1.00079 1.20337 1.66065e-07 0.56207 1.30089
0.4005 1.00079 1.20331 1.6615e-07 0.562124 1.30082
0.4015 1.0008 1.20327 1.68186e-07 0.562161 1.30076
0.4025 1.0008 1.20325 1.90554e-07 0.562186 1.30072
0.4035 1.00081 1.20323 3.53817e-07 0.562204 1.3007
0.4045 1.00081 1.2032 1.24591e-06 0.562216 1.30068
0.4055 1.00079 1.20316 5.13715e-06 0.562224 1.30067
0.4065 1.00068 1.20304 1.92467e-05 0.562229 1.30066
0.4075 1.00033 1.20267 6.29766e-05 0.562232 1.30065
0.4085 0.999432 1.20173 0.000181205 0.562234 1.30065
0.4095 0.997336 1.19949 0.000464386 0.562235 1.30064
0.4105 0.992955 1.19475 0.00107267 0.562236 1.30064
0.4115 0.984634 1.18559 0.00225603 0.562236 1.30064
0.4125 0.970162 1.16942 0.00435793 0.562236 1.30063
0.4135 0.946972 1.14319 0.00778993 0.562236 1.30063
0.4145 0.912548 1.10379 0.0129711 0.562236 1.30063
0.4155 0.864987 1.04877 0.0202389 0.562235 1.30063
0.4165 0.803583 0.977044 0.0297528 0.562235 1.30063
0.4175 0.729232 0.889417 0.0414191 0.562235 1.30062
0.4185 0.644531 0.788766 0.0548648 0.562234 1.30062
0.4195 0.553483 0.67975 0.0694734 0.562234 1.30062
0.4205 0.460899 0.568112 0.0844759 0.562234 1.30062
0.4215 0.371629 0.459765 0.0990744 0.562233 1.30062
0.4225 0.289838 0.359893 0.112564 0.562233 1.30062
0.4235 0.218493 0.272283 0.124423 0.562232 1.30062
0.4245 0.159137 0.199013 0.134362 0.562232 1.30062
0.4255 0.111963 0.140496 0.142314 0.562232 1.30062
0.4265 0.0760923 0.0957968 0.1484 0.562231 1.30062
0.4275 0.0499602 0.0630953 0.152859 0.562231 1.30062
0.4285 0.0316975 0.0401511 0.155993 0.562231 1.30062
0.4295 0.0194392 0.0246937 0.158106 0.56223 1.30062
0.4305 0.0115277 0.0146832 0.159477 0.56223 1.30062
0.4315 0.00661297 0.00844473 0.160332 0.562229 1.30062
0.4325 0.00367146 0.00469975 0.160846 0.562229 1.30061
0.4335 0.00197372 0.00253224 0.161143 0.562229 1.30061
0.4345 0.00102798 0.00132167 0.16131 0.562228 1.30061
0.4355 0.000519087 0.000668693 0.161399 0.562228 1.30061
0.4365 0.000254389 0.000328275 0.161446 0.562228 1.30061
0.4375 0.000121202 0.000156622 0.161469 0.562227 1.30061
0.4385 5.63298e-05 7.28487e-05 0.16148 0.562227 1.30061
0.4395 2.57241e-05 3.32515e-05 0.161485 0.562226 1.30061
0.4405 1.17294e-05 1.51137e-05 0.161487 0.562226 1.30061
0.4415 5.52378e-06 7.05758e-06 0.161488 0.562226 1.30061
0.4425 2.85382e-06 3.58611e-06 0.161488 0.562225 1.30061
0.4435 1.73865e-06 2.13406e-06 0.161488 0.562225 1.30061
0.4445 1.28627e-06 1.54421e-06 0.161488 0.562225 1.30061
0.4455 1.10795e-06 1.3114e-06 0.161488 0.562224 1.30061
0.4465 1.03962e-06 1.22209e-06 0.161488 0.562224 1.30061
0.4475 1.01416e-06 1.18876e-06 0.161487 0.562224 1.30061
0.4485 1.00493e-06 1.17667e-06 0.161487 0.562223 1.30061
0.4495 1.00167e-06 1.17239e-06 0.161487 0.562223 1.30061
0.4505 1.00055e-06 1.17092e-06 0.161487 0.562222 1.30061
0.4515 1.00018e-06 1.17043e-06 0.161487 0.562222 1.30061
0.4525 1.00005e-06 1.17027e-06 0.161486 0.562222 1.30061
0.4535 1.00001e-06 1.17021e-06 0.161486 0.562221 1.30061
0.4545 1e-06 1.1702e-06 0.161486 0.562221 1.30061
0.4555 9.99999e-07 1.17019e-06 0.161486 0.56222 1.30061
0.4565 9.99998e-07 1.17019e-06 0.161485 0.56222 1.30061
0.4575 9.99997e-07 1.17018e-06 0.161485 0.562219 1.30061
0.4585 9.99997e-07 1.17018e-06 0.161485 0.562218 1.30061
0.4595 9.99997e-07 1.17018e-06 0.161485 0.562218 1.30061
0.4605 9.99997e-07 1.17018e-06 0.161484 0.562217 1.30061
0.4615 9.99997e-07 1.17018e-06 0.161484 0.562216 1.30061
0.4625 9.99997e-07 1.17017e-06 0.161484 0.562215 1.30061
0.4635 9.99997e-07 1.17017e-06 0.161484 0.562214 1.3006
0.4645 9.99997e-07 1.17017e-06 0.161483 0.562213 1.3006
0.4655 9.99997e-07 1.17017e-06 0.161483 0.562212 1.3006
0.4665 9.99997e-07 1.17017e-06 0.161483 0.56221 1.3006
0.4675 9.99997e-07 1.17017e-06 0.161483 0.562209 1.3006
0.4685 9.99997e-07 1.17016e-06 0.161482 0.562207 1.3006
0.4695 9.99997e-07 1.17016e-06 0.161482 0.562205 1.3006
0.4705 9.99997e-07 1.17016e-06 0.161482 0.562202 1.3006
0.4715 9.99997e-07 1.17016e-06 0.161481 0.5622 1.3006
0.4725 9.99997e-07 1.17015e-06 0.161481 0.562196 1.30059
0.4735 9.99997e-07 1.17015e-06 0.161481 0.562193 1.30059
0.4745 9.99997e-07 1.17015e-06 0.16148 0.562189 1.30059
0.4755 9.99997e-07 1.17014e-06 0.16148 0.562184 1.30059
0.4765 9.99997e-07 1.17014e-06 0.161479 0.562178 1.30058
0.4775 9.99997e-07 1.17014e-06 0.161479 0.562172 1.30058
0.4785 9.99997e-07 1.17013e-06 0.161478 0.562165 1.30057
0.4795 9.99997e-07 1.17013e-06 0.161478 0.562157 1.30057
0.4805 9.99997e-07 1.17013e-06 0.161477 0.562147 1.30056
0.4815 9.99997e-07 1.17012e-06 0.161477 0.562137 1.30056
0.4825 9.99997e-07 1.17012e-06 0.161476 0.562124 1.30055
0.4835 9.99997e-07 1.17011e-06 0.161475 0.56211 1.30054
0.4845 9.99997e-07 1.1701e-06 0.161474 0.562095 1.30053
0.4855 9.99996e-07 1.1701e-06 0.161473 0.562077 1.30052
0.4865 9.99996e-07 1.17009e-06 0.161472 0.562056 1.30051
0.4875 9.99996e-07 1.17008e-06 0.161471 0.562033 1.3005
0.4885 9.99996e-07 1.17007e-06 0.161469 0.562006 1.30048
0.4895 9.99996e-07 1.17006e-06 0.161468 0.561976 1.30046
0.4905 9.99996e-07 1.17005e-06 0.161466 0.561942 1.30044
0.4915 9.99996e-07 1.17003e-06 0.161464 0.561904 1.30042
0.4925 9.99996e-07 1.17002e-06 0.161462 0.56186 1.30039
0.4935 9.99996e-07 1.17e-06 0.16146 0.561811 1.30036
0.4945 9.99996e-07 1.16998e-06 0.161457 0.561755 1.30033
0.4955 9.99996e-07 1.16996e-06 0.161454 0.561692 1.30029
0.4965 9.99996e-07 1.16993e-06 0.161451 0.56162 1.30025
0.4975 9.99996e-07 1.16991e-06 0.161447 0.561539 1.3002
0.4985 9.99996e-07 1.16988e-06 0.161443 0.561448 1.30015
0.4995 9.99996e-07 1.16984e-06 0.161438 0.561345 1.30009
0.5005 9.99996e-07 1.1698e-06 0.161432 0.561229 1.30002
0.5015 9.99996e-07 1.16976e-06 0.161426 0.561097 1.29994
0.5025 9.99996e-07 1.16971e-06 0.16142 0.560949 1.29985
0.5035 9.99996e-07 1.16965e-06 0.161412 0.560782 1.29975
0.5045 9.99996e-07 1.16959e-06 0.161403 0.560594 1.29964
0.5055 9.99996e-07 1.16952e-06 0.161394 0.560382 1.29952
0.5065 9.99996e-07 1.16944e-06 0.161383 0.560143 1.29938
0.5075 9.99996e-07 1.16935e-06 0.161371 0.559873 1.29922
0.5085 9.99996e-07 1.16925e-06 0.161357 0.559569 1.29904
0.5095 9.99996e-07 1.16914e-06 0.161342 0.559227 1.29883
0.5105 9.99996e-07 1.16902e-06 0.161325 0.55884 1.29861
0.5115 9.99996e-07 1.16888e-06 0.161305 0.558405 1.29835
0.5125 9.99996e-07 1.16872e-06 0.161284 0.557914 1.29806
0.5135 9.99996e-07 1.16855e-06 0.161259 0.557359 1.29773
0.5145 9.99996e-07 1.16835e-06 0.161231 0.556733 1.29736
0.5155 9.99996e-07 1.16812e-06 0.1612 0.556026 1.29694
0.5165 9.99996e-07 1.16786e-06 0.161165 0.555226 1.29647
0.5175 9.99996e-07 1.16757e-06 0.161125 0.55432 1.29593
0.5185 9.99996e-07 1.16724e-06 0.161079 0.553293 1.29533
0.5195 9.99996e-07 1.16687e-06 0.161028 0.552127 1.29464
0.5205 9.99996e-07 1.16645e-06 0.16097 0.5508 1.29386
0.5215 9.99996e-07 1.16596e-06 0.160903 0.549287 1.29296
0.5225 9.99996e-07 1.16541e-06 0.160827 0.547556 1.29194
0.5235 9.99996e-07 1.16478e-06 0.160739 0.545571 1.29077
0.5245 9.99996e-07 1.16405e-06 0.160639 0.543284 1.28943
0.5255 9.99996e-07 1.16321e-06 0.160522 0.540635 1.28787
0.5265 9.99996e-07 1.16222e-06 0.160387 0.537552 1.28606
0.5275 9.99996e-07 1.16108e-06 0.160228 0.533938 1.28394
0.5285 9.99996e-07 1.15972e-06 0.160041 0.529669 1.28144
0.5295 9.99996e-07 1.15811e-06 0.159818 0.524582 1.27847
0.5305 9.99996e-07 1.15617e-06 0.159551 0.518464 1.2749
0.5315 9.99997e-07 1.15382e-06 0.159227 0.511035 1.27057
0.5325 9.99998e-07 1.15094e-06 0.15883 0.50193 1.26529
0.5335 9.99999e-07 1.14739e-06 0.15834 0.490683 1.25878
0.5345 1e-06 1.143e-06 0.157734 0.47672 1.25074
0.5355 1e-06 1.13756e-06 0.156984 0.459371 1.24081
0.5365 1.00001e-06 1.13087e-06 0.156059 0.437931 1.22862
0.5375 1.00002e-06 1.12273e-06 0.154937 0.411774 1.21388
0.5385 1.00002e-06 1.11308e-06 0.153605 0.380558 1.19647
0.5395 1.00003e-06 1.102e-06 0.152076 0.344468 1.17659
0.5405 1.00004e-06 1.0898e-06 0.150392 0.304429 1.15485
0.5415 1.00004e-06 1.07702e-06 0.148628 0.262144 1.13225
0.5425 1.00004e-06 1.06434e-06 0.146879 0.219852 1.11001
0.5435 1.00004e-06 1.05245e-06 0.145238 0.179855 1.08931
0.5445 1.00003e-06 1.04186e-06 0.143777 0.144 1.07102
0.5455 1.00002e-06 1.03287e-06 0.142536 0.11335 1.05558
0.5465 1.00001e-06 1.02551e-06 0.141521 0.0881599 1.04302
0.5475 1.00001e-06 1.01967e-06 0.140714 0.068073 1.03309
0.5485 1.00001e-06 1.01512e-06 0.140087 0.0523942 1.0254
0.5495 1e-06 1.01163e-06 0.139604 0.0403222 1.0195
0.5505 1e-06 1.00896e-06 0.139236 0.0310955 1.01501
0.5515 1e-06 1.00693e-06 0.138956 0.0240621 1.0116
0.5525 1e-06 1.00538e-06 0.138743 0.0186966 1.00901
0.5535 1e-06 1.0042e-06 0.138579 0.0145913 1.00702
0.5545 1e-06 1.00329e-06 0.138454 0.0114365 1.0055
0.5555 1e-06 1.00259e-06 0.138357 0.00900015 1.00433
0.5565 1e-06 1.00204e-06 0.138282 0.00710874 1.00342
0.5575 1e-06 1.00162e-06 0.138223 0.00563298 1.00271
0.5585 1e-06 1.00129e-06 0.138177 0.00447607 1.00215
0.5595 1e-06 1.00103e-06 0.138141 0.00356521 1.00171
0.5605 1e-06 1.00082e-06 0.138113 0.00284534 1.00137
0.5615 1e-06 1.00065e-06 0.13809 0.00227454 1.00109
0.5625 1e-06 1.00052e-06 0.138072 0.00182064 1.00087
0.5635 1e-06 1.00042e-06 0.138058 0.00145884 1.0007
0.5645 1e-06 1.00034e-06 0.138046 0.00116987 1.00056
0.5655 1e-06 1.00027e-06 0.138037 0.000938705 1.00045
0.5665 1e-06 1.00022e-06 0.13803 0.000753528 1.00036
0.5675 1e-06 1.00017e-06 0.138024 0.000605037 1.00029
0.5685 1e-06 1.00014e-06 0.138019 0.000485868 1.00023
0.5695 1e-06 1.00011e-06 0.138015 0.000390172 1.00019
0.5705 1e-06 1.00009e-06 0.138012 0.000313295 1.00015
0.5715 1e-06 1.00007e-06 0.13801 0.000251518 1.00012
0.5725 1e-06 1.00006e-06 0.138008 0.000201869 1.0001
0.5735 1e-06 1.00005e-06 0.138006 0.000161967 1.00008
0.5745 1e-06 1.00004e-06 0.138005 0.0001299 1.00006
0.5755 1e-06 1.00003e-06 0.138004 0.000104135 1.00005
0.5765 1e-06 1.00002e-06 0.138003 8.34387e-05 1.00004
0.5775 1e-06 1.00002e-06 0.138003 6.68188e-05 1.00003
0.5785 1e-06 1.00002e-06 0.138002 5.34778e-05 1.00003
0.5795 1e-06 1.00001e-06 0.138002 4.27734e-05 1.00002
0.5805 1e-06 1.00001e-06 0.138001 3.41888e-05 1.00002
0.5815 1e-06 1.00001e-06 0.138001 2.73077e-05 1.00001
0.5825 1e-06 1.00001e-06 0.138001 2.17953e-05 1.00001
0.5835 1e-06 1e-06 0.138001 1.7382e-05 1.00001
0.5845 1e-06 1e-06 0.138 1.38508e-05 1.00001
0.5855 1e-06 1e-06 0.138 1.10272e-05 1.00001
0.5865 1e-06 1e-06 0.138 8.77089e-06 1
0.5875 1e-06 1e-06 0.138 6.96893e-06 1
0.5885 1e-06 1e-06 0.138 5.53065e-06 1
0.5895 1e-06 1e-06 0.138 4.38314e-06 1
0.5905 1e-06 1e-06 0.138 3.46783e-06 1
0.5915 1e-06 1e-06 0.138 2.73767e-06 1
0.5925 1e-06 1e-06 0.138 2.1548e-06 1
0.5935 1e-06 1e-06 0.138 1.68877e-06 1
0.5945 1e-06 1e-06 0.138 1.31504e-06 1
0.5955 1e-06 1e-06 0.138 1.01374e-06 1
0.5965 1e-06 1e-06 0.138 7.68697e-07 1
0.5975 1e-06 1e-06 0.138 5.66654e-07 1
0.5985 1e-06 1e-06 0.138 3.96568e-07 1
0.5995 1e-06 1e-06 0.138 2.49066e-07 1
0.6005 0.999999 0.999999 1.66775e-07 1.53793e-07 1
0.6015 0.999999 0.999999 1.38e-07 6.9853e-08 1
0.6025 0.999999 0.999999 1.38e-07 3.70409e-08 1
0.6035 0.999999 0.999999 1.38e-07 1.99986e-08 1
0.6045 0.999999 0.999999 1.38e-07 1.07694e-08 1
0.6055 0.999999 0.999999 1.38e-07 5.76805e-09 1
0.6065 0.999999 0.999999 1.38e-07 3.07125e-09 1
0.6075 0.999999 0.999999 1.38e-07 1.6255e-09 1
0.6085 0.999999 0.999999 1.38e-07 8.55071e-10 1
0.6095 0.999999 0.999999 1.38e-07 4.47021e-10 1
0.6105 0.999999 0.999999 1.38e-07 2.32236e-10 1
0.6115 0.999999 0.999999 1.38e-07 1.19889e-10 1
0.6125 0.999999 0.999999 1.38e-07 6.14957e-11 1
0.6135 0.999999 0.999999 1.38e-07 3.13404e-11 1
0.6145 0.999999 0.999999 1.38e-07 1.58684e-11 1
0.6155 0.999999 0.999999 1.38e-07 7.98191e-12 1
0.6165 0.999999 0.999999 1.38e-07 3.9884e-12 1
0.6175 0.999999 0.999999 1.38e-07 1.97968e-12 1
0.6185 0.999999 0.999999 1.38e-07 9.76067e-13 1
0.6195 0.999999 0.999999 1.38e-07 4.77975e-13 1
0.6205 0.999999 0.999999 1.38e-07 2.32389e-13 1
0.6215 0.999999 0.999999 1.38e-07 1.12121e-13 1
0.6225 0.999999 0.999999 1.38e-07 5.3714e-14 1
0.6235 0.999999 0.999999 1.38e-07 2.54981e-14 1
0.6245 0.999999 0.999999 1.38e-07 1.19365e-14 1
0.6255 0.999999 0.999999 1.38e-07 5.4779e-15 1
0.6265 0.999999 0.999999 1.38e-07 2.50778e-15 1
0.6275 0.999999 0.999999 1.38e-07 1.1138e-15 1
0.6285 0.999999 0.999999 1.38e-07 4.76356e-16 1
0.6295 0.999999 0.999999 1.38e-07 1.54111e-16 1
0.6305 0.999999 0.999999 1.38e-07 1.40221e-17 1
0.6315 0.999999 0.999999 1.38e-07 0 1
0.6325 0.999999 0.999999 1.38e-07 0 1
0.6335 0.999999 0.999999 1.38e-07 0 1
0.6345 0.999999 0.999999 1.38e-07 0 1
0.6355 0.999999 0.999999 1.38e-07 0 1
0.6365 0.999999 0.999999 1.38e-07 0 1
0.6375 0.999999 0.999999 1.38e-07 0 1
0.6385 0.999999 0.999999 1.38e-07 0 1
0.6395 0.999999 0.999999 1.38e-07 0 1
0.6405 0.999999 0.999999 1.38e-07 0 1
0.6415 0.999999 0.999999 1.38e-07 0 1
0.6425 0.999999 0.999999 1.38e-07 0 1
0.6435 0.999999 0.999999 1.38e-07 0 1
0.6445 0.999999 0.999999 1.38e-07 0 1
0.6455 0.999999 0.999999 1.38e-07 0 1
0.6465 0.999999 0.999999 1.38e-07 0 1
0.6475 0.999999 0.999999 1.38e-07 0 1
0.6485 0.999999 0.999999 1.38e-07 0 1
0.6495 0.999999 0.999999 1.38e-07 0 1
0.6505 0.999999 0.999999 1.38e-07 0 1
0.6515 0.999999 0.999999 1.38e-07 0 1
0.6525 0.999999 0.999999 1.38e-07 0 1
0.6535 0.999999 0.999999 1.38e-07 0 1
0.6545 0.999999 0.999999 1.38e-07 0 1
0.6555 0.999999 0.999999 1.38e-07 0 1
0.6565 0.999999 0.999999 1.38e-07 0 1
0.6575 0.999999 0.999999 1.38e-07 0 1
0.6585 0.999999 0.999999 1.38e-07 0 1
0.6595 0.999999 0.999999 1.38e-07 0 1
0.6605 0.999999 0.999999 1.38e-07 0 1
0.6615 0.999999 0.999999 1.38e-07 0 1
0.6625 0.999999 0.999999 1.38e-07 0 1
0.6635 0.999999 0.999999 1.38e-07 0 1
0.6645 0.999999 0.999999 1.38e-07 0 1
0.6655 0.999999 0.999999 1.38e-07 0 1
0.6665 0.999999 0.999999 1.38e-07 0 1
0.6675 0.999999 0.999999 1.38e-07 0 1
0.6685 0.999999 0.999999 1.38e-07 0 1
0.6695 0.999999 0.999999 1.38e-07 0 1
0.6705 0.999999 0.999999 1.38e-07 0 1
0.6715 0.999999 0.999999 1.38e-07 0 1
0.6725 0.999999 0.999999 1.38e-07 0 1
0.6735 0.999999 0.999999 1.38e-07 0 1
0.6745 0.999999 0.999999 1.38e-07 0 1
0.6755 0.999999 0.999999 1.38e-07 0 1
0.6765 0.999999 0.999999 1.38e-07 0 1
0.6775 0.999999 0.999999 1.38e-07 0 1
0.6785 0.999999 0.999999 1.38e-07 0 1
0.6795 0.999999 0.999999 1.38e-07 0 1
0.6805 0.999999 0.999999 1.38e-07 0 1
0.6815 0.999999 0.999999 1.38e-07 0 1
0.6825 0.999999 0.999999 1.38e-07 0 1
0.6835 0.999999 0.999999 1.38e-07 0 1
0.6845 0.999999 0.999999 1.38e-07 0 1
0.6855 0.999999 0.999999 1.38e-07 0 1
0.6865 0.999999 0.999999 1.38e-07 0 1
0.6875 0.999999 0.999999 1.38e-07 0 1
0.6885 0.999999 0.999999 1.38e-07 0 1
0.6895 0.999999 0.999999 1.38e-07 0 1
0.6905 0.999999 0.999999 1.38e-07 0 1
0.6915 0.999999 0.999999 1.38e-07 0 1
0.6925 0.999999 0.999999 1.38e-07 0 1
0.6935 0.999999 0.999999 1.38e-07 0 1
0.6945 0.999999 0.999999 1.38e-07 0 1
0.6955 0.999999 0.999999 1.38e-07 0 1
0.6965 0.999999 0.999999 1.38e-07 0 1
0.6975 0.999999 0.999999 1.38e-07 0 1
0.6985 0.999999 0.999999 1.38e-07 0 1
0.6995 0.999999 0.999999 1.38e-07 0 1
0.7005 0.999999 0.999999 1.38e-07 0 1
0.7015 0.999999 0.999999 1.38e-07 0 1
0.7025 0.999999 0.999999 1.38e-07 0 1
0.7035 0.999999 0.999999 1.38e-07 0 1
0.7045 0.999999 0.999999 1.38e-07 0 1
0.7055 0.999999 0.999999 1.38e-07 0 1
0.7065 0.999999 0.999999 1.38e-07 0 1
0.7075 0.999999 0.999999 1.38e-07 0 1
0.7085 0.999999 0.999999 1.38e-07 0 1
0.7095 0.999999 0.999999 1.38e-07 0 1
0.7105 0.999999 0.999999 1.38e-07 0 1
0.7115 0.999999 0.999999 1.38e-07 0 1
0.7125 0.999999 0.999999 1.38e-07 0 1
0.7135 0.999999 0.999999 1.38e-07 0 1
0.7145 0.999999 0.999999 1.38e-07 0 1
0.7155 0.999999 0.999999 1.38e-07 0 1
0.7165 0.999999 0.999999 1.38e-07 0 1
0.7175 0.999999 0.999999 1.38e-07 0 1
0.7185 0.999999 0.999999 1.38e-07 0 1
0.7195 0.999999 0.999999 1.38e-07 0 1
0.7205 0.999999 0.999999 1.38e-07 0 1
0.7215 0.999999 0.999999 1.38e-07 0 1
0.7225 0.999999 0.999999 1.38e-07 0 1
0.7235 0.999999 0.999999 1.38e-07 0 1
0.7245 0.999999 0.999999 1.38e-07 0 1
0.7255 0.999999 0.999999 1.38e-07 0 1
0.7265 0.999999 0.999999 1.38e-07 0 1
0.7275 0.999999 0.999999 1.38e-07 0 1
0.7285 0.999999 0.999999 1.38e-07 0 1
0.7295 0.999999 0.999999 1.38e-07 0 1
0.7305 0.999999 0.999999 1.38e-07 0 1
0.7315 0.999999 0.999999 1.38e-07 0 1
0.7325 0.999999 0.999999 1.38e-07 0 1
0.7335 0.999999 0.999999 1.38e-07 0 1
0.7345 0.999999 0.999999 1.38e-07 0 1
0.7355 0.999999 0.999999 1.38e-07 0 1
0.7365 0.999999 0.999999 1.38e-07 0 1
0.7375 0.999999 0.999999 1.38e-07 0 1
0.7385 0.999999 0.999999 1.38e-07 0 1
0.7395 0.999999 0.999999 1.38e-07 0 1
0.7405 0.999999 0.999999 1.38e-07 0 1
0.7415 0.999999 0.999999 1.38e-07 0 1
0.7425 0.999999 0.999999 1.38e-07 0 1
0.7435 0.999999 0.999999 1.38e-07 0 1
0.7445 0.999999 0.999999 1.38e-07 0 1
0.7455 0.999999 0.999999 1.38e-07 0 1
0.7465 0.999999 0.999999 1.38e-07 0 1
0.7475 0.999999 0.999999 1.38e-07 0 1
0.7485 0.999999 0.999999 1.38e-07 0 1
0.7495 0.999999 0.999999 1.38e-07 0 1
0.7505 0.999999 0.999999 1.38e-07 0 1
0.7515 0.999999 0.999999 1.38e-07 0 1
0.7525 0.999999 0.999999 1.38e-07 0 1
0.7535 0.999999 0.999999 1.38e-07 0 1
0.7545 0.999999 0.999999 1.38e-07 0 1
0.7555 0.999999 0.999999 1.38e-07 0 1
0.7565 0.999999 0.999999 1.38e-07 0 1
0.7575 0.999999 0.999999 1.38e-07 0 1
0.7585 0.999999 0.999999 1.38e-07 0 1
0.7595 0.999999 0.999999 1.38e-07 0 1
0.7605 0.999999 0.999999 1.38e-07 0 1
0.7615 0.999999 0.999999 1.38e-07 0 1
0.7625 0.999999 0.999999 1.38e-07 0 1
0.7635 0.999999 0.999999 1.38e-07 0 1
0.7645 0.999999 0.999999 1.38e-07 0 1
0.7655 0.999999 0.999999 1.38e-07 0 1
0.7665 0.999999 0.999999 1.38e-07 0 1
0.7675 0.999999 0.999999 1.38e-07 0 1
0.7685 0.999999 0.999999 1.38e-07 0 1
0.7695 0.999999 0.999999 1.38e-07 0 1
0.7705 0.999999 0.999999 1.38e-07 0 1
0.7715 0.999999 0.999999 1.38e-07 0 1
0.7725 0.999999 0.999999 1.38e-07 0 1
0.7735 0.999999 0.999999 1.38e-07 0 1
0.7745 0.999999 0.999999 1.38e-07 0 1
0.7755 0.999999 0.999999 1.38e-07 0 1
0.7765 0.999999 0.999999 1.38e-07 0 1
0.7775 0.999999 0.999999 1.38e-07 0 1
0.7785 0.999999 0.999999 1.38e-07 0 1
0.7795 0.999999 0.999999 1.38e-07 0 1
0.7805 0.999999 0.999999 1.38e-07 0 1
0.7815 0.999999 0.999999 1.38e-07 0 1
0.7825 0.999999 0.999999 1.38e-07 0 1
0.7835 0.999999 0.999999 1.38e-07 0 1
0.7845 0.999999 0.999999 1.38e-07 0 1
0.7855 0.999999 0.999999 1.38e-07 0 1
0.7865 0.999999 0.999999 1.38e-07 0 1
0.7875 0.999999 0.999999 1.38e-07 0 1
0.7885 0.999999 0.999999 1.38e-07 0 1
0.7895 0.999999 0.999999 1.38e-07 0 1
0.7905 0.999999 0.999999 1.38e-07 0 1
0.7915 0.999999 0.999999 1.38e-07 0 1
0.7925 0.999999 0.999999 1.38e-07 0 1
0.7935 0.999999 0.999999 1.38e-07 0 1
0.7945 0.999999 0.999999 1.38e-07 0 1
0.7955 0.999999 0.999999 1.38e-07 0 1
0.7965 0.999999 0.999999 1.38e-07 0 1
0.7975 0.999999 0.999999 1.38e-07 0 1
0.7985 0.999999 0.999999 1.38e-07 0 1
0.7995 0.999999 0.999999 1.38e-07 0 1
0.8005 0.999999 0.999999 1.38e-07 0 1
0.8015 0.999999 0.999999 1.38e-07 0 1
0.8025 0.999999 0.999999 1.38e-07 0 1
0.8035 0.999999 0.999999 1.38e-07 0 1
0.8045 0.999999 0.999999 1.38e-07 0 1
0.8055 0.999999 0.999999 1.38e-07 0 1
0.8065 0.999999 0.999999 1.38e-07 0 1
0.8075 0.999999 0.999999 1.38e-07 0 1
0.8085 0.999999 0.999999 1.38e-07 0 1
0.8095 0.999999 0.999999 1.38e-07 0 1
0.8105 0.999999 0.999999 1.38e-07 0 1
0.8115 0.999999 0.999999 1.38e-07 0 1
0.8125 0.999999 0.999999 1.38e-07 0 1
0.8135 0.999999 0.999999 1.38e-07 0 1
0.8145 0.999999 0.999999 1.38e-07 0 1
0.8155 0.999999 0.999999 1.38e-07 0 1
0.8165 0.999999 0.999999 1.38e-07 0 1
0.8175 0.999999 0.999999 1.38e-07 0 1
0.8185 0.999999 0.999999 1.38e-07 0 1
0.8195 0.999999 0.999999 1.38e-07 0 1
0.8205 0.999999 0.999999 1.38e-07 0 1
0.8215 0.999999 0.999999 1.38e-07 0 1
0.8225 0.999999 0.999999 1.38e-07 0 1
0.8235 0.999999 0.999999 1.38e-07 0 1
0.8245 0.999999 0.999999 1.38e-07 0 1
0.8255 0.999999 0.999999 1.38e-07 0 1
0.8265 0.999999 0.999999 1.38e-07 0 1
0.8275 0.999999 0.999999 1.38e-07 0 1
0.8285 0.999999 0.999999 1.38e-07 0 1
0.8295 0.999999 0.999999 1.38e-07 0 1
0.8305 0.999999 0.999999 1.38e-07 0 1
0.8315 0.999999 0.999999 1.38e-07 0 1
0.8325 0.999999 0.999999 1.38e-07 0 1
0.8335 0.999999 0.999999 1.38e-07 0 1
0.8345 0.999999 0.999999 1.38e-07 0 1
0.8355 0.999999 0.999999 1.38e-07 0 1
0.8365 0.999999 0.999999 1.38e-07 0 1
0.8375 0.999999 0.999999 1.38e-07 0 1
0.8385 0.999999 0.999999 1.38e-07 0 1
0.8395 0.999999 0.999999 1.38e-07 0 1
0.8405 0.999999 0.999999 1.38e-07 0 1
0.8415 0.999999 0.999999 1.38e-07 0 1
0.8425 0.999999 0.999999 1.38e-07 0 1
0.8435 0.999999 0.999999 1.38e-07 0 1
0.8445 0.999999 0.999999 1.38e-07 0 1
0.8455 0.999999 0.999999 1.38e-07 0 1
0.8465 0.999999 0.999999 1.38e-07 0 1
0.8475 0.999999 0.999999 1.38e-07 0 1
0.8485 0.999999 0.999999 1.38e-07 0 1
0.8495 0.999999 0.999999 1.38e-07 0 1
0.8505 0.999999 0.999999 1.38e-07 0 1
0.8515 0.999999 0.999999 1.38e-07 0 1
0.8525 0.999999 0.999999 1.38e-07 0 1
0.8535 0.999999 0.999999 1.38e-07 0 1
0.8545 0.999999 0.999999 1.38e-07 0 1
0.8555 0.999999 0.999999 1.38e-07 0 1
0.8565 0.999999 0.999999 1.38e-07 0 1
0.8575 0.999999 0.999999 1.38e-07 0 1
0.8585 0.999999 0.999999 1.38e-07 0 1
0.8595 0.999999 0.999999 1.38e-07 0 1
0.8605 0.999999 0.999999 1.38e-07 0 1
0.8615 0.999999 0.999999 1.38e-07 0 1
0.8625 0.999999 0.999999 1.38e-07 0 1
0.8635 0.999999 0.999999 1.38e-07 0 1
0.8645 0.999999 0.999999 1.38e-07 0 1
0.8655 0.999999 0.999999 1.38e-07 0 1
0.8665 0.999999 0.999999 1.38e-07 0 1
0.8675 0.999999 0.999999 1.38e-07 0 1
0.8685 0.999999 0.999999 1.38e-07 0 1
0.8695 0.999999 0.999999 1.38e-07 0 1
0.8705 0.999999 0.999999 1.38e-07 0 1
0.8715 0.999999 0.999999 1.38e-07 0 1
0.8725 0.999999 0.999999 1.38e-07 0 1
0.8735 0.999999 0.999999 1.38e-07 0 1
0.8745 0.999999 0.999999 1.38e-07 0 1
0.8755 0.999999 0.999999 1.38e-07 0 1
0.8765 0.999999 0.999999 1.38e-07 0 1
0.8775 0.999999 0.999999 1.38e-07 0 1
0.8785 0.999999 0.999999 1.38e-07 0 1
0.8795 0.999999 0.999999 1.38e-07 0 1
0.8805 0.999999 0.999999 1.38e-07 0 1
0.8815 0.999999 0.999999 1.38e-07 0 1
0.8825 0.999999 0.999999 1.38e-07 0 1
0.8835 0.999999 0.999999 1.38e-07 0 1
0.8845 0.999999 0.999999 1.38e-07 0 1
0.8855 0.999999 0.999999 1.38e-07 0 1
0.8865 0.999999 0.999999 1.38e-07 0 1
0.8875 0.999999 0.999999 1.38e-07 0 1
0.8885 0.999999 0.999999 1.38e-07 0 1
0.8895 0.999999 0.999999 1.38e-07 0 1
0.8905 0.999999 0.999999 1.38e-07 0 1
0.8915 0.999999 0.999999 1.38e-07 0 1
0.8925 0.999999 0.999999 1.38e-07 0 1
0.8935 0.999999 0.999999 1.38e-07 0 1
0.8945 0.999999 0.999999 1.38e-07 0 1
0.8955 0.999999 0.999999 1.38e-07 0 1
0.8965 0.999999 0.999999 1.38e-07 0 1
0.8975 0.999999 0.999999 1.38e-07 0 1
0.8985 0.999999 0.999999 1.38e-07 0 1
0.8995 0.999999 0.999999 1.38e-07 0 1
0.9005 0.999999 0.999999 1.38e-07 0 1
0.9015 0.999999 0.999999 1.38e-07 0 1
0.9025 0.999999 0.999999 1.38e-07 0 1
0.9035 0.999999 0.999999 1.38e-07 0 1
0.9045 0.999999 0.999999 1.38e-07 0 1
0.9055 0.999999 0.999999 1.38e-07 0 1
0.9065 0.999999 0.999999 1.38e-07 0 1
0.9075 0.999999 0.999999 1.38e-07 0 1
0.9085 0.999999 0.999999 1.38e-07 0 1
0.9095 0.999999 0.999999 1.38e-07 0 1
0.9105 0.999999 0.999999 1.38e-07 0 1
0.9115 0.999999 0.999999 1.38e-07 0 1
0.9125 0.999999 0.999999 1.38e-07 0 1
0.9135 0.999999 0.999999 1.38e-07 0 1
0.9145 0.999999 0.999999 1.38e-07 0 1
0.9155 0.999999 0.999999 1.38e-07 0 1
0.9165 0.999999 0.999999 1.38e-07 0 1
0.9175 0.999999 0.999999 1.38e-07 0 1
0.9185 0.999999 0.999999 1.38e-07 0 1
0.9195 0.999999 0.999999 1.38e-07 0 1
0.9205 0.999999 0.999999 1.38e-07 0 1
0.9215 0.999999 0.999999 1.38e-07 0 1
0.9225 0.999999 0.999999 1.38e-07 0 1
0.9235 0.999999 0.999999 1.38e-07 0 1
0.9245 0.999999 0.999999 1.38e-07 0 1
0.9255 0.999999 0.999999 1.38e-07 0 1
0.9265 0.999999 0.999999 1.38e-07 0 1
0.9275 0.999999 0.999999 1.38e-07 0 1
0.9285 0.999999 0.999999 1.38e-07 0 1
0.9295 0.999999 0.999999 1.38e-07 0 1
0.9305 0.999999 0.999999 1.38e-07 0 1
0.9315 0.999999 0.999999 1.38e-07 0 1
0.9325 0.999999 0.999999 1.38e-07 0 1
0.9335 0.999999 0.999999 1.38e-07 0 1
0.9345 0.999999 0.999999 1.38e-07 0 1
0.9355 0.999999 0.999999 1.38e-07 0 1
0.9365 0.999999 0.999999 1.38e-07 0 1
0.9375 0.999999 0.999999 1.38e-07 0 1
0.9385 0.999999 0.999999 1.38e-07 0 1
0.9395 0.999999 0.999999 1.38e-07 0 1
0.9405 0.999999 0.999999 1.38e-07 0 1
0.9415 0.999999 0.999999 1.38e-07 0 1
0.9425 0.999999 0.999999 1.38e-07 0 1
0.9435 0.999999 0.999999 1.38e-07 0 1
0.9445 0.999999 0.999999 1.38e-07 0 1
0.9455 0.999999 0.999999 1.38e-07 0 1
0.9465 0.999999 0.999999 1.38e-07 0 1
0.9475 0.999999 0.999999 1.38e-07 0 1
0.9485 0.999999 0.999999 1.38e-07 0 1
0.9495 0.999999 0.999999 1.38e-07 0 1
0.9505 0.999999 0.999999 1.38e-07 0 1
0.9515 0.999999 0.999999 1.38e-07 0 1
0.9525 0.999999 0.999999 1.38e-07 0 1
0.9535 0.999999 0.999999 1.38e-07 0 1
0.9545 0.999999 0.999999 1.38e-07 0 1
0.9555 0.999999 0.999999 1.38e-07 0 1
0.9565 0.999999 0.999999 1.38e-07 0 1
0.9575 0.999999 0.999999 1.38e-07 0 1
0.9585 0.999999 0.999999 1.38e-07 0 1
0.9595 0.999999 0.999999 1.38e-07 0 1
0.9605 0.999999 0.999999 1.38e-07 0 1
0.9615 0.999999 0.999999 1.38e-07 0 1
0.9625 0.999999 0.999999 1.38e-07 0 1
0.9635 0.999999 0.999999 1.38e-07 0 1
0.9645 0.999999 0.999999 1.38e-07 0 1
0.9655 0.999999 0.999999 1.38e-07 0 1
0.9665 0.999999 0.999999 1.38e-07 0 1
0.9675 0.999999 0.999999 1.38e-07 0 1
0.9685 0.999999 0.999999 1.38e-07 0 1
0.9695 0.999999 0.999999 1.38e-07 0 1
0.9705 0.999999 0.999999 1.38e-07 0 1
0.9715 0.999999 0.999999 1.38e-07 0 1
0.9725 0.999999 0.999999 1.38e-07 0 1
0.9735 0.999999 0.999999 1.38e-07 0 1
0.9745 0.999999 0.999999 1.38e-07 0 1
0.9755 0.999999 0.999999 1.38e-07 0 1
0.9765 0.999999 0.999999 1.38e-07 0 1
0.9775 0.999999 0.999999 1.38e-07 0 1
0.9785 0.999999 0.999999 1.38e-07 0 1
0.9795 0.999999 0.999999 1.38e-07 0 1
0.9805 0.999999 0.999999 1.38e-07 0 1
0.9815 0.999999 0.999999 1.38e-07 0 1
0.9825 0.999999 0.999999 1.38e-07 0 1
0.9835 0.999999 0.999999 1.38e-07 0 1
0.9845 0.999999 0.999999 1.38e-07 0 1
0.9855 0.999999 0.999999 1.38e-07 0 1
0.9865 0.999999 0.999999 1.38e-07 0 1
0.9875 0.999999 0.999999 1.38e-07 0 1
0.9885 0.999999 0.999999 1.38e-07 0 1
0.9895 0.999999 0.999999 1.38e-07 0 1
0.9905 0.999999 0.999999 1.38e-07 0 1
0.9915 0.999999 0.999999 1.38e-07 0 1
0.9925 0.999999 0.999999 1.38e-07 0 1
0.9935 0.999999 0.999999 1.38e-07 0 1
0.9945 0.999999 0.999999 1.38e-07 0 1
0.9955 0.999999 0.999999 1.38e-07 0 1
0.9965 0.999999 0.999999 1.38e-07 0 1
0.9975 0.999999 0.999999 1.38e-07 0 1
0.9985 0.999999 0.999999 1.38e-07 0 1
0.9995 0.999999 0.999999 1.38e-07 0 1
