x alpha rho1 rho2 v p
0.0005 0.999999 1.3765 1.38e-07 0.3948 1.57
0.0015 0.999999 1.3765 1.38e-07 0.3948 1.57
0.0025 0.999999 1.3765 1.38e-07 0.3948 1.57
0.0035 0.999999 1.3765 1.38e-07 0.3948 1.57
0.0045 0.999999 1.3765 1.38e-07 0.3948 1.57
0.0055 0.999999 1.3765 1.38e-07 0.3948 1.57
0.0065 0.999999 1.3765 1.38e-07 0.3948 1.57
0.0075 0.999999 1.3765 1.38e-07 0.3948 1.57
0.0085 0.999999 1.3765 1.38e-07 0.3948 1.57
0.0095 0.999999 1.3765 1.38e-07 0.3948 1.57
0.0105 0.999999 1.3765 1.38e-07 0.3948 1.57
0.0115 0.999999 1.3765 1.38e-07 0.3948 1.57
0.0125 0.999999 1.3765 1.38e-07 0.3948 1.57
0.0135 0.999999 1.3765 1.38e-07 0.3948 1.57
0.0145 0.999999 1.3765 1.38e-07 0.3948 1.57
0.0155 0.999999 1.3765 1.38e-07 0.3948 1.57
0.0165 0.999999 1.3765 1.38e-07 0.3948 1.57
0.0175 0.999999 1.3765 1.38e-07 0.3948 1.57
0.0185 0.999999 1.3765 1.38e-07 0.3948 1.57
0.0195 0.999999 1.3765 1.38e-07 0.3948 1.57
0.0205 0.999999 1.3765 1.38e-07 0.3948 1.57
0.0215 0.999999 1.3765 1.38e-07 0.3948 1.57
0.0225 0.999999 1.3765 1.38e-07 0.3948 1.57
0.0235 0.999999 1.3765 1.38e-07 0.3948 1.57
0.0245 0.999999 1.3765 1.38e-07 0.3948 1.57
0.0255 0.999999 1.3765 1.38e-07 0.3948 1.57
0.0265 0.999999 1.3765 1.38e-07 0.3948 1.57
0.0275 0.999999 1.3765 1.38e-07 0.3948 1.57
0.0285 0.999999 1.3765 1.38e-07 0.3948 1.57
0.0295 0.999999 1.3765 1.38e-07 0.3948 1.57
0.0305 0.999999 1.3765 1.38e-07 0.3948 1.57
0.0315 0.999999 1.3765 1.38e-07 0.3948 1.57
0.0325 0.999999 1.3765 1.38e-07 0.3948 1.57
0.0335 0.999999 1.3765 1.38e-07 0.3948 1.57
0.0345 0.999999 1.3765 1.38e-07 0.3948 1.57
0.0355 0.999999 1.3765 1.38e-07 0.3948 1.57
0.0365 0.999999 1.3765 1.38e-07 0.3948 1.57
0.0375 0.999999 1.3765 1.38e-07 0.3948 1.57
0.0385 0.999999 1.3765 1.38e-07 0.3948 1.57
0.0395 0.999999 1.3765 1.38e-07 0.3948 1.57
0.0405 0.999999 1.3765 1.38e-07 0.3948 1.57
0.0415 0.999999 1.3765 1.38e-07 0.3948 1.57
0.0425 0.999999 1.3765 1.38e-07 0.3948 1.57
0.0435 0.999999 1.3765 1.38e-07 0.3948 1.57
0.0445 0.999999 1.3765 1.38e-07 0.3948 1.57
0.0455 0.999999 1.3765 1.38e-07 0.3948 1.57
0.0465 0.999999 1.3765 1.38e-07 0.3948 1.57
0.0475 0.999999 1.3765 1.38e-07 0.3948 1.57
0.0485 0.999999 1.3765 1.38e-07 0.3948 1.57
0.0495 0.999999 1.3765 1.38e-07 0.3948 1.57
0.0505 0.999999 1.3765 1.38e-07 0.3948 1.57
0.0515 0.999999 1.3765 1.38e-07 0.3948 1.57
0.0525 0.999999 1.3765 1.38e-07 0.3948 1.57
0.0535 0.999999 1.3765 1.38e-07 0.3948 1.57
0.0545 0.999999 1.3765 1.38e-07 0.3948 1.57
0.0555 0.999999 1.3765 1.38e-07 0.3948 1.57
0.0565 0.999999 1.3765 1.38e-07 0.3948 1.57
0.0575 0.999999 1.3765 1.38e-07 0.3948 1.57
0.0585 0.999999 1.3765 1.38e-07 0.3948 1.57
0.0595 0.999999 1.3765 1.38e-07 0.3948 1.57
0.0605 0.999999 1.3765 1.38e-07 0.3948 1.57
0.0615 0.999999 1.3765 1.38e-07 0.3948 1.57
0.0625 0.999999 1.3765 1.38e-07 0.3948 1.57
0.0635 0.999999 1.3765 1.38e-07 0.3948 1.57
0.0645 0.999999 1.3765 1.38e-07 0.3948 1.57
0.0655 0.999999 1.3765 1.38e-07 0.3948 1.57
0.0665 0.999999 1.3765 1.38e-07 0.3948 1.57
0.0675 0.999999 1.3765 1.38e-07 0.3948 1.57
0.0685 0.999999 1.3765 1.38e-07 0.3948 1.57
0.0695 0.999999 1.3765 1.38e-07 0.394801 1.57
0.0705 0.999999 1.3765 1.38e-07 0.394801 1.57
0.0715 0.999999 1.3765 1.38e-07 0.394801 1.57
0.0725 0.999999 1.3765 1.38e-07 0.394801 1.57
0.0735 0.999999 1.3765 1.38e-07 0.394802 1.57
0.0745 0.999999 1.3765 1.38e-07 0.394802 1.57
0.0755 1 1.3765 1.38e-07 0.394803 1.56999
0.0765 1 1.37649 1.38e-07 0.394804 1.56999
0.0775 1 1.37649 1.38e-07 0.394804 1.56999
0.0785 1 1.37649 1.37999e-07 0.394806 1.56999
0.0795 1 1.37649 1.37999e-07 0.394807 1.56999
0.0805 1 1.37649 1.37999e-07 0.394809 1.56998
0.0815 1 1.37649 1.37999e-07 0.394811 1.56998
0.0825 1 1.37648 1.37999e-07 0.394813 1.56998
0.0835 1 1.37648 1.37998e-07 0.394816 1.56997
0.0845 1 1.37648 1.37998e-07 0.394819 1.56997
0.0855 1 1.37647 1.37998e-07 0.394823 1.56996
0.0865 1 1.37647 1.37997e-07 0.394828 1.56995
0.0875 1 1.37646 1.37996e-07 0.394833 1.56994
0.0885 1 1.37646 1.37996e-07 0.394839 1.56993
0.0895 1 1.37645 1.37995e-07 0.394846 1.56992
0.0905 1.00001 1.37644 1.37994e-07 0.394854 1.5699
0.0915 1.00001 1.37643 1.37993e-07 0.394863 1.56989
0.0925 1.00001 1.37642 1.37992e-07 0.394873 1.56987
0.0935 1.00001 1.37641 1.37991e-07 0.394884 1.56985
0.0945 1.00001 1.3764 1.3799e-07 0.394896 1.56983
0.0955 1.00001 1.37638 1.37988e-07 0.394909 1.56981
0.0965 1.00001 1.37637 1.37987e-07 0.394924 1.56978
0.0975 1.00001 1.37635 1.37985e-07 0.39494 1.56975
0.0985 1.00001 1.37633 1.37983e-07 0.394956 1.56972
0.0995 1.00001 1.37631 1.37981e-07 0.394974 1.56969
0.1005 1.00001 1.37629 1.37979e-07 0.394993 1.56966
0.1015 1.00001 1.37627 1.37977e-07 0.395013 1.56962
0.1025 1.00002 1.37625 1.37975e-07 0.395034 1.56959
0.1035 1.00002 1.37622 1.37972e-07 0.395055 1.56955
0.1045 1.00002 1.3762 1.3797e-07 0.395077 1.56951
0.1055 1.00002 1.37618 1.37968e-07 0.395099 1.56947
0.1065 1.00002 1.37615 1.37965e-07 0.395122 1.56943
0.1075 1.00002 1.37613 1.37963e-07 0.395144 1.5694
0.1085 1.00002 1.3761 1.3796e-07 0.395166 1.56936
0.1095 1.00002 1.37608 1.37958e-07 0.395188 1.56932
0.1105 1.00002 1.37606 1.37956e-07 0.395209 1.56928
0.1115 1.00001 1.37603 1.37953e-07 0.395229 1.56925
0.1125 1.00001 1.37601 1.37951e-07 0.395248 1.56922
0.1135 1.00001 1.37599 1.37949e-07 0.395266 1.56919
0.1145 1.00001 1.37598 1.37948e-07 0.395282 1.56916
0.1155 1.00001 1.37596 1.37946e-07 0.395296 1.56913
0.1165 1.00001 1.37595 1.37945e-07 0.395309 1.56911
0.1175 1.00001 1.37593 1.37943e-07 0.395319 1.56909
0.1185 1.00001 1.37592 1.37942e-07 0.395328 1.56908
0.1195 1 1.37592 1.37942e-07 0.395335 1.56907
0.1205 1 1.37591 1.37941e-07 0.395339 1.56906
0.1215 1 1.37591 1.37941e-07 0.395342 1.56906
0.1225 0.999999 1.37591 1.37941e-07 0.395342 1.56906
0.1235 0.999997 1.37591 1.37941e-07 0.39534 1.56906
0.1245 0.999996 1.37591 1.37941e-07 0.395337 1.56907
0.1255 0.999995 1.37592 1.37942e-07 0.395332 1.56908
0.1265 0.999993 1.37593 1.37943e-07 0.395325 1.56909
0.1275 0.999992 1.37593 1.37943e-07 0.395317 1.5691
0.1285 0.999991 1.37595 1.37945e-07 0.395307 1.56912
0.1295 0.99999 1.37596 1.37946e-07 0.395296 1.56914
0.1305 0.99999 1.37597 1.37947e-07 0.395284 1.56916
0.1315 0.999989 1.37598 1.37948e-07 0.395272 1.56918
0.1325 0.999988 1.376 1.3795e-07 0.395259 1.56921
0.1335 0.999988 1.37601 1.37951e-07 0.395245 1.56923
0.1345 0.999988 1.37603 1.37953e-07 0.395231 1.56925
0.1355 0.999988 1.37604 1.37954e-07 0.395217 1.56928
0.1365 0.999988 1.37606 1.37956e-07 0.395203 1.5693
0.1375 0.999988 1.37607 1.37957e-07 0.395189 1.56933
0.1385 0.999988 1.37609 1.37959e-07 0.395175 1.56935
0.1395 0.999988 1.3761 1.3796e-07 0.395161 1.56937
0.1405 0.999989 1.37612 1.37962e-07 0.395148 1.5694
0.1415 0.999989 1.37613 1.37963e-07 0.395135 1.56942
0.1425 0.999989 1.37614 1.37965e-07 0.395123 1.56944
0.1435 0.99999 1.37616 1.37966e-07 0.395111 1.56946
0.1445 0.99999 1.37617 1.37967e-07 0.3951 1.56948
0.1455 0.999991 1.37618 1.37968e-07 0.395089 1.5695
0.1465 0.999991 1.37619 1.37969e-07 0.395079 1.56952
0.1475 0.999991 1.3762 1.3797e-07 0.395069 1.56953
0.1485 0.999992 1.37621 1.37972e-07 0.39506 1.56955
0.1495 0.999992 1.37622 1.37972e-07 0.395051 1.56957
0.1505 0.999993 1.37623 1.37973e-07 0.395042 1.56958
0.1515 0.999993 1.37624 1.37974e-07 0.395035 1.56959
0.1525 0.999993 1.37625 1.37975e-07 0.395027 1.56961
0.1535 0.999994 1.37626 1.37976e-07 0.39502 1.56962
0.1545 0.999994 1.37627 1.37977e-07 0.395013 1.56963
0.1555 0.999994 1.37627 1.37977e-07 0.395007 1.56964
0.1565 0.999994 1.37628 1.37978e-07 0.395001 1.56965
0.1575 0.999995 1.37628 1.37979e-07 0.394996 1.56966
0.1585 0.999995 1.37629 1.37979e-07 0.39499 1.56967
0.1595 0.999995 1.3763 1.3798e-07 0.394985 1.56968
0.1605 0.999995 1.3763 1.3798e-07 0.39498 1.56969
0.1615 0.999995 1.37631 1.37981e-07 0.394976 1.5697
0.1625 0.999996 1.37631 1.37981e-07 0.394971 1.5697
0.1635 0.999996 1.37632 1.37982e-07 0.394967 1.56971
0.1645 0.999996 1.37632 1.37982e-07 0.394963 1.56972
0.1655 0.999996 1.37632 1.37983e-07 0.394959 1.56972
0.1665 0.999996 1.37633 1.37983e-07 0.394956 1.56973
0.1675 0.999996 1.37633 1.37983e-07 0.394952 1.56974
0.1685 0.999996 1.37634 1.37984e-07 0.394949 1.56974
0.1695 0.999996 1.37634 1.37984e-07 0.394946 1.56975
0.1705 0.999997 1.37634 1.37984e-07 0.394942 1.56975
0.1715 0.999997 1.37635 1.37985e-07 0.394939 1.56976
0.1725 0.999997 1.37635 1.37985e-07 0.394937 1.56976
0.1735 0.999997 1.37635 1.37985e-07 0.394934 1.56977
0.1745 0.999997 1.37636 1.37986e-07 0.394931 1.56977
0.1755 0.999997 1.37636 1.37986e-07 0.394928 1.56978
0.1765 0.999997 1.37636 1.37986e-07 0.394926 1.56978
0.1775 0.999997 1.37636 1.37986e-07 0.394923 1.56979
0.1785 0.999997 1.37637 1.37987e-07 0.394921 1.56979
0.1795 0.999997 1.37637 1.37987e-07 0.394919 1.56979
0.1805 0.999997 1.37637 1.37987e-07 0.394917 1.5698
0.1815 0.999997 1.37637 1.37987e-07 0.394915 1.5698
0.1825 0.999997 1.37638 1.37988e-07 0.394912 1.5698
0.1835 0.999997 1.37638 1.37988e-07 0.39491 1.56981
0.1845 0.999997 1.37638 1.37988e-07 0.394908 1.56981
0.1855 0.999998 1.37638 1.37988e-07 0.394907 1.56982
0.1865 0.999998 1.37638 1.37989e-07 0.394905 1.56982
0.1875 0.999998 1.37639 1.37989e-07 0.394903 1.56982
0.1885 0.999998 1.37639 1.37989e-07 0.394901 1.56982
0.1895 0.999998 1.37639 1.37989e-07 0.394899 1.56983
0.1905 0.999998 1.37639 1.37989e-07 0.394898 1.56983
0.1915 0.999998 1.37639 1.37989e-07 0.394896 1.56983
0.1925 0.999998 1.3764 1.3799e-07 0.394895 1.56984
0.1935 0.999998 1.3764 1.3799e-07 0.394893 1.56984
0.1945 0.999998 1.3764 1.3799e-07 0.394892 1.56984
0.1955 0.999998 1.3764 1.3799e-07 0.39489 1.56984
0.1965 0.999998 1.3764 1.3799e-07 0.394889 1.56985
0.1975 0.999998 1.3764 1.3799e-07 0.394887 1.56985
0.1985 0.999998 1.3764 1.37991e-07 0.394886 1.56985
0.1995 0.999998 1.37641 1.37991e-07 0.394885 1.56985
0.2005 0.999998 1.37641 1.37991e-07 0.394884 1.56986
0.2015 0.999998 1.37641 1.37991e-07 0.394882 1.56986
0.2025 0.999998 1.37641 1.37991e-07 0.394881 1.56986
0.2035 0.999998 1.37641 1.37991e-07 0.39488 1.56986
0.2045 0.999998 1.37641 1.37991e-07 0.394879 1.56986
0.2055 0.999998 1.37641 1.37992e-07 0.394878 1.56987
0.2065 0.999998 1.37642 1.37992e-07 0.394876 1.56987
0.2075 0.999998 1.37642 1.37992e-07 0.394875 1.56987
0.2085 0.999998 1.37642 1.37992e-07 0.394874 1.56987
0.2095 0.999998 1.37642 1.37992e-07 0.394873 1.56987
0.2105 0.999998 1.37642 1.37992e-07 0.394872 1.56987
0.2115 0.999998 1.37642 1.37992e-07 0.394871 1.56988
0.2125 0.999998 1.37642 1.37992e-07 0.39487 1.56988
0.2135 0.999998 1.37642 1.37992e-07 0.394869 1.56988
0.2145 0.999998 1.37642 1.37993e-07 0.394869 1.56988
0.2155 0.999998 1.37642 1.37993e-07 0.394868 1.56988
0.2165 0.999998 1.37643 1.37993e-07 0.394867 1.56988
0.2175 0.999998 1.37643 1.37993e-07 0.394866 1.56989
0.2185 0.999998 1.37643 1.37993e-07 0.394865 1.56989
0.2195 0.999998 1.37643 1.37993e-07 0.394864 1.56989
0.2205 0.999998 1.37643 1.37993e-07 0.394863 1.56989
0.2215 0.999998 1.37643 1.37993e-07 0.394863 1.56989
0.2225 0.999998 1.37643 1.37993e-07 0.394862 1.56989
0.2235 0.999998 1.37643 1.37993e-07 0.394861 1.56989
0.2245 0.999998 1.37643 1.37993e-07 0.39486 1.5699
0.2255 0.999998 1.37643 1.37993e-07 0.39486 1.5699
0.2265 0.999998 1.37643 1.37994e-07 0.394859 1.5699
0.2275 0.999998 1.37644 1.37994e-07 0.394858 1.5699
0.2285 0.999998 1.37644 1.37994e-07 0.394858 1.5699
0.2295 0.999998 1.37644 1.37994e-07 0.394857 1.5699
0.2305 0.999999 1.37644 1.37994e-07 0.394856 1.5699
0.2315 0.999999 1.37644 1.37994e-07 0.394856 1.5699
0.2325 0.999999 1.37644 1.37994e-07 0.394855 1.5699
0.2335 0.999999 1.37644 1.37994e-07 0.394854 1.56991
0.2345 0.999999 1.37644 1.37994e-07 0.394854 1.56991
0.2355 0.999999 1.37644 1.37994e-07 0.394853 1.56991
0.2365 0.999999 1.37644 1.37994e-07 0.394852 1.56991
0.2375 0.999999 1.37644 1.37994e-07 0.394852 1.56991
0.2385 0.999999 1.37644 1.37994e-07 0.394851 1.56991
0.2395 0.999999 1.37644 1.37994e-07 0.394851 1.56991
0.2405 0.999999 1.37644 1.37995e-07 0.39485 1.56991
0.2415 0.999999 1.37644 1.37995e-07 0.39485 1.56991
0.2425 0.999999 1.37644 1.37995e-07 0.394849 1.56991
0.2435 0.999999 1.37645 1.37995e-07 0.394849 1.56992
0.2445 0.999999 1.37645 1.37995e-07 0.394848 1.56992
0.2455 0.999999 1.37645 1.37995e-07 0.394848 1.56992
0.2465 0.999999 1.37645 1.37995e-07 0.394847 1.56992
0.2475 0.999999 1.37645 1.37995e-07 0.394847 1.56992
0.2485 0.999999 1.37645 1.37995e-07 0.394846 1.56992
0.2495 0.999999 1.37645 1.37995e-07 0.394846 1.56992
0.2505 0.999999 1.37645 1.37995e-07 0.394845 1.56992
0.2515 0.999999 1.37645 1.37995e-07 0.394845 1.56992
0.2525 0.999999 1.37645 1.37995e-07 0.394844 1.56992
0.2535 0.999999 1.37645 1.37995e-07 0.394844 1.56992
0.2545 0.999999 1.37645 1.37995e-07 0.394844 1.56992
0.2555 0.999999 1.37645 1.37995e-07 0.394843 1.56992
0.2565 0.999999 1.37645 1.37995e-07 0.394843 1.56993
0.2575 0.999999 1.37645 1.37995e-07 0.394842 1.56993
0.2585 0.999999 1.37645 1.37995e-07 0.394842 1.56993
0.2595 0.999999 1.37645 1.37995e-07 0.394842 1.56993
0.2605 0.999999 1.37645 1.37995e-07 0.394841 1.56993
0.2615 0.999999 1.37645 1.37996e-07 0.394841 1.56993
0.2625 0.999999 1.37645 1.37996e-07 0.39484 1.56993
0.2635 0.999999 1.37645 1.37996e-07 0.39484 1.56993
0.2645 0.999999 1.37646 1.37996e-07 0.39484 1.56993
0.2655 0.999999 1.37646 1.37996e-07 0.394839 1.56993
0.2665 0.999999 1.37646 1.37996e-07 0.394839 1.56993
0.2675 0.999999 1.37646 1.37996e-07 0.394839 1.56993
0.2685 0.999999 1.37646 1.37996e-07 0.394838 1.56993
0.2695 0.999999 1.37646 1.37996e-07 0.394838 1.56993
0.2705 0.999999 1.37646 1.37996e-07 0.394838 1.56993
0.2715 0.999999 1.37646 1.37996e-07 0.394837 1.56993
0.2725 0.999999 1.37646 1.37996e-07 0.394837 1.56994
0.2735 0.999999 1.37646 1.37996e-07 0.394837 1.56994
0.2745 0.999999 1.37646 1.37996e-07 0.394837 1.56994
0.2755 0.999999 1.37646 1.37996e-07 0.394836 1.56994
0.2765 0.999999 1.37646 1.37996e-07 0.394836 1.56994
0.2775 0.999999 1.37646 1.37996e-07 0.394836 1.56994
0.2785 0.999999 1.37646 1.37996e-07 0.394835 1.56994
0.2795 0.999999 1.37646 1.37996e-07 0.394835 1.56994
0.2805 0.999999 1.37646 1.37996e-07 0.394835 1.56994
0.2815 0.999999 1.37646 1.37996e-07 0.394835 1.56994
0.2825 0.999999 1.37646 1.37997e-07 0.394834 1.56994
0.2835 0.999999 1.37646 1.37997e-07 0.394834 1.56994
0.2845 0.999999 1.37646 1.37998e-07 0.394834 1.56994
0.2855 0.999999 1.37646 1.37999e-07 0.394834 1.56994
0.2865 0.999998 1.37646 1.38001e-07 0.394833 1.56994
0.2875 0.999998 1.37646 1.38005e-07 0.394833 1.56994
0.2885 0.999997 1.37646 1.38011e-07 0.394833 1.56994
0.2895 0.999996 1.37645 1.38021e-07 0.394833 1.56994
0.2905 0.999995 1.37645 1.38039e-07 0.394832 1.56994
0.2915 0.999993 1.37644 1.38066e-07 0.394832 1.56994
0.2925 0.99999 1.37643 1.38108e-07 0.394832 1.56994
0.2935 0.999985 1.37641 1.38172e-07 0.394832 1.56994
0.2945 0.999979 1.37639 1.38266e-07 0.394832 1.56995
0.2955 0.99997 1.37635 1.38402e-07 0.394831 1.56995
0.2965 0.999959 1.37631 1.38592e-07 0.394831 1.56995
0.2975 0.999945 1.37624 1.38854e-07 0.394831 1.56995
0.2985 0.999927 1.37616 1.39206e-07 0.394831 1.56995
0.2995 0.999906 1.37606 1.39669e-07 0.394831 1.56995
0.3005 0.999881 1.37594 1.40265e-07 0.39483 1.56995
0.3015 0.999853 1.37579 1.41017e-07 0.39483 1.56995
0.3025 0.999821 1.37561 1.41946e-07 0.39483 1.56995
0.3035 0.999788 1.37541 1.4307e-07 0.39483 1.56995
0.3045 0.999753 1.37519 1.44404e-07 0.39483 1.56995
0.3055 0.999717 1.37494 1.45957e-07 0.394829 1.56995
0.3065 0.999683 1.37468 1.4773e-07 0.394829 1.56995
0.3075 0.999652 1.37442 1.49716e-07 0.394829 1.56995
0.3085 0.999624 1.37415 1.519e-07 0.394829 1.56995
0.3095 0.999602 1.37389 1.54258e-07 0.394829 1.56995
0.3105 0.999586 1.37365 1.56758e-07 0.394829 1.56995
0.3115 0.999577 1.37342 1.59364e-07 0.394829 1.56995
0.3125 0.999575 1.37323 1.62032e-07 0.394829 1.56995
0.3135 0.999581 1.37308 1.64717e-07 0.39483 1.56995
0.3145 0.999593 1.37296 1.67375e-07 0.394831 1.56995
0.3155 0.999611 1.37289 1.69961e-07 0.394833 1.56994
0.3165 0.999634 1.37286 1.72438e-07 0.394835 1.56994
0.3175 0.999662 1.37287 1.74771e-07 0.394839 1.56993
0.3185 0.999692 1.37292 1.76934e-07 0.394845 1.56992
0.3195 0.999724 1.37299 1.78908e-07 0.394853 1.5699
0.3205 0.999756 1.3731 1.80682e-07 0.394865 1.56988
0.3215 0.999789 1.37321 1.82252e-07 0.394883 1.56985
0.3225 0.999822 1.37334 1.8362e-07 0.394908 1.5698
0.3235 0.999854 1.37347 1.84794e-07 0.394943 1.56974
0.3245 0.999886 1.37359 1.85786e-07 0.394991 1.56965
0.3255 0.999919 1.3737 1.86611e-07 0.395058 1.56953
0.3265 0.999954 1.37377 1.87286e-07 0.395147 1.56937
0.3275 0.999992 1.37381 1.87828e-07 0.395268 1.56915
0.3285 1.00003 1.3738 1.88254e-07 0.395427 1.56886
0.3295 1.00008 1.37373 1.88579e-07 0.395636 1.56849
0.3305 1.00014 1.37358 1.88818e-07 0.395906 1.568
0.3315 1.00021 1.37334 1.88984e-07 0.39625 1.56738
0.3325 1.00028 1.37299 1.89086e-07 0.396685 1.5666
0.3335 1.00037 1.37252 1.89132e-07 0.397227 1.56563
0.3345 1.00048 1.37191 1.89129e-07 0.397896 1.56444
0.3355 1.0006 1.37113 1.89081e-07 0.398711 1.56298
0.3365 1.00074 1.37017 1.8899e-07 0.399693 1.56124
0.3375 1.00089 1.369 1.88858e-07 0.400863 1.55916
0.3385 1.00106 1.3676 1.88686e-07 0.402241 1.55673
0.3395 1.00125 1.36595 1.88473e-07 0.403845 1.5539
0.3405 1.00145 1.36404 1.88219e-07 0.405695 1.55065
0.3415 1.00166 1.36184 1.87923e-07 0.407806 1.54695
0.3425 1.00189 1.35936 1.87584e-07 0.41019 1.54279
0.3435 1.00212 1.35657 1.87201e-07 0.412856 1.53816
0.3445 1.00236 1.35347 1.86775e-07 0.415812 1.53304
0.3455 1.0026 1.35006 1.86306e-07 0.419059 1.52744
0.3465 1.00284 1.34634 1.85794e-07 0.422596 1.52137
0.3475 1.00308 1.34233 1.85241e-07 0.426418 1.51484
0.3485 1.00332 1.33803 1.84647e-07 0.430515 1.50787
0.3495 1.00354 1.33345 1.84016e-07 0.434875 1.5005
0.3505 1.00375 1.32862 1.8335e-07 0.439482 1.49274
0.3515 1.00395 1.32357 1.82652e-07 0.444317 1.48465
0.3525 1.00413 1.3183 1.81925e-07 0.449359 1.47626
0.3535 1.0043 1.31285 1.81174e-07 0.454582 1.46762
0.3545 1.00444 1.30726 1.80402e-07 0.45996 1.45877
0.3555 1.00456 1.30155 1.79614e-07 0.465464 1.44977
0.3565 1.00466 1.29575 1.78814e-07 0.471064 1.44067
0.3575 1.00473 1.2899 1.78006e-07 0.476729 1.43152
0.3585 1.00478 1.28403 1.77197e-07 0.482425 1.42239
0.3595 1.00479 1.27818 1.7639e-07 0.488118 1.41331
0.3605 1.00478 1.27239 1.7559e-07 0.493773 1.40435
0.3615 1.00474 1.26668 1.74803e-07 0.499356 1.39556
0.3625 1.00467 1.2611 1.74032e-07 0.504831 1.387
0.3635 1.00457 1.25568 1.73284e-07 0.510164 1.37871
0.3645 1.00444 1.25045 1.72562e-07 0.515321 1.37074
0.3655 1.00428 1.24544 1.7187e-07 0.520271 1.36314
0.3665 1.0041 1.24067 1.71213e-07 0.524983 1.35594
0.3675 1.0039 1.23619 1.70594e-07 0.529431 1.34919
0.3685 1.00367 1.232 1.70016e-07 0.533593 1.34291
0.3695 1.00343 1.22812 1.6948e-07 0.537448 1.33712
0.3705 1.00318 1.22456 1.6899e-07 0.540984 1.33183
0.3715 1.00292 1.22134 1.68545e-07 0.544192 1.32706
0.3725 1.00266 1.21845 1.68147e-07 0.54707 1.3228
0.3735 1.00241 1.21589 1.67793e-07 0.549622 1.31904
0.3745 1.00216 1.21365 1.67484e-07 0.551856 1.31576
0.3755 1.00193 1.21171 1.67216e-07 0.553788 1.31294
0.3765 1.00171 1.21005 1.66987e-07 0.555438 1.31053
0.3775 1.00151 1.20865 1.66794e-07 0.556827 1.30852
0.3785 1.00133 1.20749 1.66634e-07 0.557981 1.30684
0.3795 1.00118 1.20654 1.66502e-07 0.558928 1.30548
0.3805 1.00105 1.20577 1.66396e-07 0.559694 1.30437
0.3815 1.00093 1.20515 1.66311e-07 0.560305 1.30349
0.3825 1.00084 1.20466 1.66244e-07 0.560787 1.3028
0.3835 1.00077 1.20428 1.66191e-07 0.561161 1.30227
0.3845 1.00071 1.20399 1.66151e-07 0.561449 1.30185
0.3855 1.00066 1.20377 1.66121e-07 0.561668 1.30154
0.3865 1.00063 1.20361 1.66098e-07 0.561832 1.30131
0.3875 1.00061 1.20349 1.66081e-07 0.561954 1.30113
0.3885 1.00059 1.2034 1.66069e-07 0.562043 1.301
0.3895 1.00058 1.20333 1.6606e-07 0.562109 1.30091
0.3905 1.00057 1.20329 1.66054e-07 0.562156 1.30084
0.3915 1.00057 1.20325 1.66049e-07 0.562189 1.30079
0.3925 1.00057 1.20323 1.66046e-07 0.562213 1.30076
0.3935 1.00057 1.20322 1.66044e-07 0.562229 1.30073
0.3945 1.00058 1.20321 1.66043e-07 0.562241 1.30072
0.3955 1.00058 1.2032 1.66042e-07 0.562249 1.3007
0.3965 1.00059 1.20319 1.66041e-07 0.562255 1.30069
0.3975 1.0006 1.20319 1.66041e-07 0.562258 1.30069
0.3985 1.0006 1.20319 1.66041e-07 0.562261 1.30068
0.3995 1.00061 1.20319 1.66041e-07 0.562262 1.30068
0.4005 1.00062 1.20319 1.66041e-07 0.562264 1.30068
0.4015 1.00063 1.20319 1.66041e-07 0.562264 1.30067
0.4025 1.00064 1.20319 1.66041e-07 0.562265 1.30067
0.4035 1.00065 1.20319 1.66046e-07 0.562265 1.30067
0.4045 1.00066 1.20319 1.66087e-07 0.562265 1.30067
0.4055 1.00067 1.20319 1.66366e-07 0.562265 1.30067
0.4065 1.00069 1.20319 1.67944e-07 0.562265 1.30067
0.4075 1.0007 1.20319 1.75598e-07 0.562265 1.30066
0.4085 1.00071 1.20319 2.08002e-07 0.562265 1.30066
0.4095 1.00072 1.20319 3.29694e-07 0.562265 1.30066
0.4105 1.00073 1.20319 7.4011e-07 0.562265 1.30066
0.4115 1.00074 1.20318 1.99561e-06 0.562265 1.30066
0.4125 1.00072 1.20315 5.50802e-06 0.562265 1.30066
0.4135 1.00067 1.20308 1.45568e-05 0.562265 1.30066
0.4145 1.00052 1.20291 3.61503e-05 0.562265 1.30065
0.4155 1.00018 1.20253 8.41226e-05 0.562265 1.30065
0.4165 0.999471 1.20175 0.000183779 0.562264 1.30065
0.4175 0.998102 1.20024 0.000378112 0.562264 1.30065
0.4185 0.995616 1.19748 0.000735049 0.562264 1.30065
0.4195 0.991352 1.19271 0.00135443 0.562264 1.30065
0.4205 0.984426 1.18491 0.00237265 0.562264 1.30065
0.4215 0.973734 1.17277 0.00396228 0.562264 1.30065
0.4225 0.958014 1.1548 0.00632438 0.562264 1.30064
0.4235 0.93596 1.1294 0.00967189 0.562263 1.30064
0.4245 0.906377 1.09512 0.0142048 0.562263 1.30064
0.4255 0.868376 1.05079 0.0200797 0.562263 1.30064
0.4265 0.821556 0.995865 0.0273788 0.562263 1.30064
0.4275 0.766154 0.930502 0.0360848 0.562263 1.30064
0.4285 0.703106 0.855722 0.046067 0.562262 1.30064
0.4295 0.63402 0.773366 0.0570831 0.562262 1.30064
0.4305 0.561044 0.685956 0.0687981 0.562262 1.30063
0.4315 0.486659 0.596452 0.080816 0.562262 1.30063
0.4325 0.413419 0.507944 0.0927211 0.562262 1.30063
0.4335 0.343697 0.423338 0.10412 0.562261 1.30063
0.4345 0.279469 0.345091 0.114679 0.562261 1.30063
0.4355 0.222165 0.275018 0.124149 0.562261 1.30063
0.4365 0.172611 0.214204 0.132379 0.562261 1.30063
0.4375 0.131045 0.16302 0.139315 0.56226 1.30063
0.4385 0.0972041 0.121212 0.144988 0.56226 1.30063
0.4395 0.0704432 0.0880474 0.149493 0.56226 1.30063
0.4405 0.0498759 0.0624828 0.15297 0.56226 1.30063
0.4415 0.0345038 0.0433214 0.155579 0.562259 1.30063
0.4425 0.0233245 0.0293485 0.157483 0.562259 1.30063
0.4435 0.0154094 0.0194298 0.158836 0.562259 1.30063
0.4445 0.00995082 0.0125725 0.159772 0.562258 1.30063
0.4455 0.00628221 0.00795292 0.160403 0.562258 1.30063
0.4465 0.00387827 0.00491895 0.160818 0.562258 1.30063
0.4475 0.00234173 0.0029755 0.161084 0.562258 1.30063
0.4485 0.00138332 0.00176077 0.16125 0.562257 1.30063
0.4495 0.000799727 0.00101963 0.161351 0.562257 1.30063
0.4505 0.00045266 0.000578028 0.161412 0.562257 1.30063
0.4515 0.000251005 0.000320979 0.161447 0.562257 1.30063
0.4525 0.000136489 0.000174753 0.161466 0.562256 1.30063
0.4535 7.29076e-05 9.34304e-05 0.161477 0.562256 1.30063
0.4545 3.83817e-05 4.92001e-05 0.161483 0.562256 1.30063
0.4555 2.00394e-05 2.56661e-05 0.161486 0.562256 1.30063
0.4565 1.05027e-05 1.34123e-05 0.161487 0.562255 1.30063
0.4575 5.6488e-06 7.16667e-06 0.161488 0.562255 1.30063
0.4585 3.22957e-06 4.04959e-06 0.161488 0.562255 1.30063
0.4595 2.04852e-06 2.5259e-06 0.161488 0.562254 1.30063
0.4605 1.48361e-06 1.7962e-06 0.161488 0.562254 1.30063
0.4615 1.21881e-06 1.45374e-06 0.161488 0.562254 1.30063
0.4625 1.09713e-06 1.2962e-06 0.161488 0.562254 1.30062
0.4635 1.04231e-06 1.22515e-06 0.161487 0.562253 1.30062
0.4645 1.01809e-06 1.19372e-06 0.161487 0.562253 1.30062
0.4655 1.00759e-06 1.18008e-06 0.161487 0.562253 1.30062
0.4665 1.00313e-06 1.17427e-06 0.161487 0.562252 1.30062
0.4675 1.00126e-06 1.17185e-06 0.161487 0.562252 1.30062
0.4685 1.0005e-06 1.17085e-06 0.161486 0.562252 1.30062
0.4695 1.00019e-06 1.17045e-06 0.161486 0.562252 1.30062
0.4705 1.00007e-06 1.17029e-06 0.161486 0.562251 1.30062
0.4715 1.00003e-06 1.17022e-06 0.161486 0.562251 1.30062
0.4725 1.00001e-06 1.1702e-06 0.161486 0.562251 1.30062
0.4735 1e-06 1.17019e-06 0.161485 0.56225 1.30062
0.4745 9.99998e-07 1.17018e-06 0.161485 0.56225 1.30062
0.4755 9.99998e-07 1.17018e-06 0.161485 0.56225 1.30062
0.4765 9.99997e-07 1.17018e-06 0.161485 0.56225 1.30062
0.4775 9.99997e-07 1.17018e-06 0.161484 0.562249 1.30062
0.4785 9.99997e-07 1.17018e-06 0.161484 0.562249 1.30062
0.4795 9.99997e-07 1.17017e-06 0.161484 0.562249 1.30062
0.4805 9.99997e-07 1.17017e-06 0.161484 0.562249 1.30062
0.4815 9.99997e-07 1.17017e-06 0.161483 0.562248 1.30062
0.4825 9.99997e-07 1.17017e-06 0.161483 0.562248 1.30062
0.4835 9.99997e-07 1.17017e-06 0.161483 0.562248 1.30062
0.4845 9.99997e-07 1.17017e-06 0.161483 0.562247 1.30062
0.4855 9.99997e-07 1.17016e-06 0.161483 0.562247 1.30062
0.4865 9.99997e-07 1.17016e-06 0.161482 0.562247 1.30062
0.4875 9.99997e-07 1.17016e-06 0.161482 0.562246 1.30062
0.4885 9.99997e-07 1.17016e-06 0.161482 0.562246 1.30062
0.4895 9.99997e-07 1.17016e-06 0.161482 0.562246 1.30062
0.4905 9.99997e-07 1.17016e-06 0.161481 0.562245 1.30062
0.4915 9.99997e-07 1.17016e-06 0.161481 0.562245 1.30062
0.4925 9.99997e-07 1.17015e-06 0.161481 0.562244 1.30062
0.4935 9.99997e-07 1.17015e-06 0.161481 0.562244 1.30062
0.4945 9.99997e-07 1.17015e-06 0.161481 0.562244 1.30062
0.4955 9.99997e-07 1.17015e-06 0.16148 0.562243 1.30062
0.4965 9.99996e-07 1.17015e-06 0.16148 0.562243 1.30062
0.4975 9.99996e-07 1.17015e-06 0.16148 0.562243 1.30062
0.4985 9.99996e-07 1.17014e-06 0.16148 0.562242 1.30062
0.4995 9.99996e-07 1.17014e-06 0.16148 0.562242 1.30062
0.5005 9.99996e-07 1.17014e-06 0.161479 0.562241 1.30062
0.5015 9.99996e-07 1.17014e-06 0.161479 0.562241 1.30062
0.5025 9.99996e-07 1.17014e-06 0.161479 0.562241 1.30062
0.5035 9.99996e-07 1.17014e-06 0.161479 0.56224 1.30061
0.5045 9.99996e-07 1.17013e-06 0.161478 0.56224 1.30061
0.5055 9.99996e-07 1.17013e-06 0.161478 0.562239 1.30061
0.5065 9.99996e-07 1.17013e-06 0.161478 0.562239 1.30061
0.5075 9.99996e-07 1.17013e-06 0.161478 0.562239 1.30061
0.5085 9.99996e-07 1.17013e-06 0.161477 0.562238 1.30061
0.5095 9.99996e-07 1.17013e-06 0.161477 0.562238 1.30061
0.5105 9.99996e-07 1.17012e-06 0.161477 0.562238 1.30061
0.5115 9.99996e-07 1.17012e-06 0.161477 0.562237 1.30061
0.5125 9.99996e-07 1.17012e-06 0.161476 0.562237 1.30061
0.5135 9.99996e-07 1.17012e-06 0.161476 0.562237 1.30061
0.5145 9.99996e-07 1.17011e-06 0.161476 0.562236 1.30061
0.5155 9.99996e-07 1.17011e-06 0.161475 0.562236 1.30061
0.5165 9.99996e-07 1.17011e-06 0.161475 0.562235 1.30061
0.5175 9.99996e-07 1.17011e-06 0.161475 0.562235 1.30061
0.5185 9.99996e-07 1.17011e-06 0.161474 0.562235 1.30061
0.5195 9.99996e-07 1.1701e-06 0.161474 0.562234 1.30061
0.5205 9.99996e-07 1.1701e-06 0.161474 0.562234 1.30061
0.5215 9.99996e-07 1.1701e-06 0.161474 0.562234 1.30061
0.5225 9.99996e-07 1.1701e-06 0.161474 0.562233 1.30061
0.5235 9.99996e-07 1.1701e-06 0.161473 0.562233 1.30061
0.5245 9.99996e-07 1.1701e-06 0.161473 0.562232 1.30061
0.5255 9.99996e-07 1.1701e-06 0.161473 0.562232 1.30061
0.5265 9.99996e-07 1.1701e-06 0.161473 0.562232 1.30061
0.5275 9.99996e-07 1.17009e-06 0.161473 0.562231 1.30061
0.5285 9.99996e-07 1.17009e-06 0.161473 0.562231 1.30061
0.5295 9.99996e-07 1.17009e-06 0.161472 0.562231 1.30061
0.5305 9.99996e-07 1.17009e-06 0.161472 0.56223 1.30061
0.5315 9.99995e-07 1.17009e-06 0.161472 0.56223 1.30061
0.5325 9.99995e-07 1.17009e-06 0.161472 0.562229 1.30061
0.5335 9.99995e-07 1.17008e-06 0.161471 0.562229 1.30061
0.5345 9.99995e-07 1.17008e-06 0.161471 0.562228 1.30061
0.5355 9.99995e-07 1.17008e-06 0.161471 0.562228 1.30061
0.5365 9.99995e-07 1.17008e-06 0.161471 0.562227 1.30061
0.5375 9.99995e-07 1.17008e-06 0.161471 0.562226 1.30061
0.5385 9.99995e-07 1.17008e-06 0.16147 0.562226 1.30061
0.5395 9.99995e-07 1.17007e-06 0.16147 0.562225 1.30061
0.5405 9.99995e-07 1.17007e-06 0.16147 0.562224 1.30061
0.5415 9.99995e-07 1.17007e-06 0.161469 0.562223 1.30061
0.5425 9.99995e-07 1.17007e-06 0.161469 0.562221 1.3006
0.5435 9.99995e-07 1.17007e-06 0.161469 0.56222 1.3006
0.5445 9.99995e-07 1.17006e-06 0.161469 0.562218 1.3006
0.5455 9.99995e-07 1.17006e-06 0.161468 0.562216 1.3006
0.5465 9.99995e-07 1.17006e-06 0.161468 0.562213 1.30061
0.5475 9.99994e-07 1.17006e-06 0.161468 0.56221 1.30061
0.5485 9.99994e-07 1.17005e-06 0.161467 0.562206 1.30061
0.5495 9.99994e-07 1.17005e-06 0.161467 0.562201 1.30061
0.5505 9.99994e-07 1.17005e-06 0.161467 0.562196 1.30061
0.5515 9.99993e-07 1.17005e-06 0.161467 0.562189 1.30061
0.5525 9.99993e-07 1.17005e-06 0.161467 0.56218 1.30061
0.5535 9.99993e-07 1.17005e-06 0.161467 0.562169 1.30062
0.5545 9.99992e-07 1.17005e-06 0.161467 0.562156 1.30062
0.5555 9.99991e-07 1.17005e-06 0.161467 0.56214 1.30063
0.5565 9.9999e-07 1.17006e-06 0.161468 0.562119 1.30063
0.5575 9.99989e-07 1.17006e-06 0.161468 0.562094 1.30064
0.5585 9.99987e-07 1.17007e-06 0.161469 0.562063 1.30065
0.5595 9.99985e-07 1.17007e-06 0.16147 0.562024 1.30067
0.5605 9.99983e-07 1.17009e-06 0.161472 0.561976 1.30069
0.5615 9.99979e-07 1.1701e-06 0.161473 0.561915 1.30072
0.5625 9.99975e-07 1.17012e-06 0.161476 0.561837 1.30076
0.5635 9.9997e-07 1.17014e-06 0.161479 0.56174 1.3008
0.5645 9.99962e-07 1.17017e-06 0.161483 0.561615 1.30086
0.5655 9.99953e-07 1.17021e-06 0.161489 0.561454 1.30094
0.5665 9.9994e-07 1.17027e-06 0.161497 0.561246 1.30105
0.5675 9.99922e-07 1.17034e-06 0.161507 0.560975 1.30119
0.5685 9.99898e-07 1.17044e-06 0.161521 0.560616 1.30138
0.5695 9.99865e-07 1.17058e-06 0.16154 0.560138 1.30164
0.5705 9.99818e-07 1.17077e-06 0.161566 0.559493 1.30199
0.5715 9.99752e-07 1.17103e-06 0.161602 0.558615 1.30248
0.5725 9.9966e-07 1.1714e-06 0.161652 0.557408 1.30316
0.5735 9.99529e-07 1.17191e-06 0.161723 0.555734 1.30411
0.5745 9.99344e-07 1.17262e-06 0.161822 0.553406 1.30545
0.5755 9.99088e-07 1.17363e-06 0.16196 0.550167 1.30732
0.5765 9.98741e-07 1.17502e-06 0.162153 0.545686 1.30993
0.5775 9.98287e-07 1.17694e-06 0.162418 0.539567 1.31351
0.5785 9.9772e-07 1.17952e-06 0.162774 0.531379 1.31832
0.5795 9.97059e-07 1.18288e-06 0.163237 0.520744 1.32461
0.5805 9.9636e-07 1.18709e-06 0.163818 0.507455 1.33251
0.5815 9.95714e-07 1.19212e-06 0.164513 0.491627 1.34198
0.5825 9.95236e-07 1.19781e-06 0.165297 0.473804 1.3527
0.5835 9.95033e-07 1.20384e-06 0.166129 0.454945 1.36411
0.5845 9.95156e-07 1.20982e-06 0.166956 0.436256 1.37548
0.5855 9.95578e-07 1.21539e-06 0.167723 0.418892 1.38608
0.5865 9.96199e-07 1.22026e-06 0.168395 0.403671 1.39537
0.5875 9.96884e-07 1.22431e-06 0.168955 0.390912 1.40314
0.5885 9.97514e-07 1.2276e-06 0.169408 0.380469 1.40944
0.5895 9.98016e-07 1.23026e-06 0.169775 0.371893 1.41454
0.5905 9.98376e-07 1.23245e-06 0.170078 0.364655 1.41876
0.5915 9.98624e-07 1.23433e-06 0.170337 0.358317 1.42237
0.5925 9.9881e-07 1.23596e-06 0.170562 0.352617 1.42552
0.5935 9.98977e-07 1.23739e-06 0.170759 0.347449 1.42828
0.5945 9.9915e-07 1.2386e-06 0.170927 0.3428 1.43063
0.5955 9.99332e-07 1.2396e-06 0.171065 0.338669 1.43256
0.5965 9.99515e-07 1.24039e-06 0.171173 0.335023 1.43408
0.5975 9.99686e-07 1.24097e-06 0.171254 0.33179 1.43522
0.5985 9.99831e-07 1.24138e-06 0.17131 0.328867 1.43601
0.5995 9.99852e-07 1.24163e-06 0.171345 0.326149 1.43651
0.6005 0.189235 0.255339 0.136785 0.32368 1.436
0.6015 0.548493 0.705392 0.077548 0.319692 1.43334
0.6025 0.838793 1.05882 0.0305962 0.310687 1.42279
0.6035 0.96605 1.20876 0.00829817 0.292151 1.39665
0.6045 0.997032 1.22619 0.00149884 0.260801 1.3497
0.6055 1.00064 1.19132 0.000170332 0.215993 1.2831
0.6065 1.00069 1.14183 1.13293e-05 0.162245 1.20663
0.6075 1.00056 1.09387 5.33597e-07 0.109031 1.13506
0.6085 1.00034 1.056 1.51866e-07 0.0657205 1.07972
0.6095 1.00015 1.0307 1.42279e-07 0.0362171 1.04338
0.6105 1.00005 1.01587 1.4019e-07 0.0187561 1.02232
0.6115 1.00001 1.00793 1.39094e-07 0.00937947 1.01113
0.6125 1 1.00392 1.3854e-07 0.0046333 1.00549
0.6135 1 1.00194 1.38268e-07 0.00230087 1.00272
0.6145 0.999999 1.00098 1.38136e-07 0.00116273 1.00138
0.6155 0.999999 1.00051 1.3807e-07 0.000601946 1.00071
0.6165 0.999999 1.00027 1.38037e-07 0.000319743 1.00038
0.6175 0.999999 1.00015 1.3802e-07 0.00017387 1.00021
0.6185 0.999999 1.00008 1.38011e-07 9.63713e-05 1.00011
0.6195 0.999999 1.00004 1.38006e-07 5.41838e-05 1.00006
0.6205 0.999999 1.00003 1.38004e-07 3.07665e-05 1.00004
0.6215 0.999999 1.00001 1.38002e-07 1.75801e-05 1.00002
0.6225 0.999999 1.00001 1.38001e-07 1.00814e-05 1.00001
0.6235 0.999999 1 1.38001e-07 5.79035e-06 1.00001
0.6245 0.999999 1 1.38e-07 3.32618e-06 1
0.6255 0.999999 1 1.38e-07 1.90892e-06 1
0.6265 0.999999 1 1.38e-07 1.0937e-06 1
0.6275 0.999999 1 1.38e-07 6.25212e-07 1
0.6285 0.999999 0.999999 1.38e-07 3.56438e-07 1
0.6295 0.999999 0.999999 1.38e-07 2.02591e-07 1
0.6305 0.999999 0.999999 1.38e-07 1.14766e-07 1
0.6315 0.999999 0.999999 1.38e-07 6.47834e-08 1
0.6325 0.999999 0.999999 1.38e-07 3.64323e-08 1
0.6335 0.999999 0.999999 1.38e-07 2.04083e-08 1
0.6345 0.999999 0.999999 1.38e-07 1.13856e-08 1
0.6355 0.999999 0.999999 1.38e-07 6.32526e-09 1
0.6365 0.999999 0.999999 1.38e-07 3.49879e-09 1
0.6375 0.999999 0.999999 1.38e-07 1.92675e-09 1
0.6385 0.999999 0.999999 1.38e-07 1.05622e-09 1
0.6395 0.999999 0.999999 1.38e-07 5.76316e-10 1
0.6405 0.999999 0.999999 1.38e-07 3.12974e-10 1
0.6415 0.999999 0.999999 1.38e-07 1.69145e-10 1
0.6425 0.999999 0.999999 1.38e-07 9.09656e-11 1
0.6435 0.999999 0.999999 1.38e-07 4.86781e-11 1
0.6445 0.999999 0.999999 1.38e-07 2.59178e-11 1
0.6455 0.999999 0.999999 1.38e-07 1.37291e-11 1
0.6465 0.999999 0.999999 1.38e-07 7.23511e-12 1
0.6475 0.999999 0.999999 1.38e-07 3.7929e-12 1
0.6485 0.999999 0.999999 1.38e-07 1.97784e-12 1
0.6495 0.999999 0.999999 1.38e-07 1.02588e-12 1
0.6505 0.999999 0.999999 1.38e-07 5.29308e-13 1
0.6515 0.999999 0.999999 1.38e-07 2.71621e-13 1
0.6525 0.999999 0.999999 1.38e-07 1.38607e-13 1
0.6535 0.999999 0.999999 1.38e-07 7.01346e-14 1
0.6545 0.999999 0.999999 1.38e-07 3.53969e-14 1
0.6555 0.999999 0.999999 1.38e-07 1.77371e-14 1
0.6565 0.999999 0.999999 1.38e-07 8.85104e-15 1
0.6575 0.999999 0.999999 1.38e-07 4.31707e-15 1
0.6585 0.999999 0.999999 1.38e-07 2.11645e-15 1
0.6595 0.999999 0.999999 1.38e-07 1.01615e-15 1
0.6605 0.999999 0.999999 1.38e-07 3.92559e-16 1
0.6615 0.999999 0.999999 1.38e-07 1.33297e-16 1
0.6625 0.999999 0.999999 1.38e-07 0 1
0.6635 0.999999 0.999999 1.38e-07 0 1
0.6645 0.999999 0.999999 1.38e-07 0 1
0.6655 0.999999 0.999999 1.38e-07 0 1
0.6665 0.999999 0.999999 1.38e-07 0 1
0.6675 0.999999 0.999999 1.38e-07 0 1
0.6685 0.999999 0.999999 1.38e-07 0 1
0.6695 0.999999 0.999999 1.38e-07 0 1
0.6705 0.999999 0.999999 1.38e-07 0 1
0.6715 0.999999 0.999999 1.38e-07 0 1
0.6725 0.999999 0.999999 1.38e-07 0 1
0.6735 0.999999 0.999999 1.38e-07 0 1
0.6745 0.999999 0.999999 1.38e-07 0 1
0.6755 0.999999 0.999999 1.38e-07 0 1
0.6765 0.999999 0.999999 1.38e-07 0 1
0.6775 0.999999 0.999999 1.38e-07 0 1
0.6785 0.999999 0.999999 1.38e-07 0 1
0.6795 0.999999 0.999999 1.38e-07 0 1
0.6805 0.999999 0.999999 1.38e-07 0 1
0.6815 0.999999 0.999999 1.38e-07 0 1
0.6825 0.999999 0.999999 1.38e-07 0 1
0.6835 0.999999 0.999999 1.38e-07 0 1
0.6845 0.999999 0.999999 1.38e-07 0 1
0.6855 0.999999 0.999999 1.38e-07 0 1
0.6865 0.999999 0.999999 1.38e-07 0 1
0.6875 0.999999 0.999999 1.38e-07 0 1
0.6885 0.999999 0.999999 1.38e-07 0 1
0.6895 0.999999 0.999999 1.38e-07 0 1
0.6905 0.999999 0.999999 1.38e-07 0 1
0.6915 0.999999 0.999999 1.38e-07 0 1
0.6925 0.999999 0.999999 1.38e-07 0 1
0.6935 0.999999 0.999999 1.38e-07 0 1
0.6945 0.999999 0.999999 1.38e-07 0 1
0.6955 0.999999 0.999999 1.38e-07 0 1
0.6965 0.999999 0.999999 1.38e-07 0 1
0.6975 0.999999 0.999999 1.38e-07 0 1
0.6985 0.999999 0.999999 1.38e-07 0 1
0.6995 0.999999 0.999999 1.38e-07 0 1
0.7005 0.999999 0.999999 1.38e-07 0 1
0.7015 0.999999 0.999999 1.38e-07 0 1
0.7025 0.999999 0.999999 1.38e-07 0 1
0.7035 0.999999 0.999999 1.38e-07 0 1
0.7045 0.999999 0.999999 1.38e-07 0 1
0.7055 0.999999 0.999999 1.38e-07 0 1
0.7065 0.999999 0.999999 1.38e-07 0 1
0.7075 0.999999 0.999999 1.38e-07 0 1
0.7085 0.999999 0.999999 1.38e-07 0 1
0.7095 0.999999 0.999999 1.38e-07 0 1
0.7105 0.999999 0.999999 1.38e-07 0 1
0.7115 0.999999 0.999999 1.38e-07 0 1
0.7125 0.999999 0.999999 1.38e-07 0 1
0.7135 0.999999 0.999999 1.38e-07 0 1
0.7145 0.999999 0.999999 1.38e-07 0 1
0.7155 0.999999 0.999999 1.38e-07 0 1
0.7165 0.999999 0.999999 1.38e-07 0 1
0.7175 0.999999 0.999999 1.38e-07 0 1
0.7185 0.999999 0.999999 1.38e-07 0 1
0.7195 0.999999 0.999999 1.38e-07 0 1
0.7205 0.999999 0.999999 1.38e-07 0 1
0.7215 0.999999 0.999999 1.38e-07 0 1
0.7225 0.999999 0.999999 1.38e-07 0 1
0.7235 0.999999 0.999999 1.38e-07 0 1
0.7245 0.999999 0.999999 1.38e-07 0 1
0.7255 0.999999 0.999999 1.38e-07 0 1
0.7265 0.999999 0.999999 1.38e-07 0 1
0.7275 0.999999 0.999999 1.38e-07 0 1
0.7285 0.999999 0.999999 1.38e-07 0 1
0.7295 0.999999 0.999999 1.38e-07 0 1
0.7305 0.999999 0.999999 1.38e-07 0 1
0.7315 0.999999 0.999999 1.38e-07 0 1
0.7325 0.999999 0.999999 1.38e-07 0 1
0.7335 0.999999 0.999999 1.38e-07 0 1
0.7345 0.999999 0.999999 1.38e-07 0 1
0.7355 0.999999 0.999999 1.38e-07 0 1
0.7365 0.999999 0.999999 1.38e-07 0 1
0.7375 0.999999 0.999999 1.38e-07 0 1
0.7385 0.999999 0.999999 1.38e-07 0 1
0.7395 0.999999 0.999999 1.38e-07 0 1
0.7405 0.999999 0.999999 1.38e-07 0 1
0.7415 0.999999 0.999999 1.38e-07 0 1
0.7425 0.999999 0.999999 1.38e-07 0 1
0.7435 0.999999 0.999999 1.38e-07 0 1
0.7445 0.999999 0.999999 1.38e-07 0 1
0.7455 0.999999 0.999999 1.38e-07 0 1
0.7465 0.999999 0.999999 1.38e-07 0 1
0.7475 0.999999 0.999999 1.38e-07 0 1
0.7485 0.999999 0.999999 1.38e-07 0 1
0.7495 0.999999 0.999999 1.38e-07 0 1
0.7505 0.999999 0.999999 1.38e-07 0 1
0.7515 0.999999 0.999999 1.38e-07 0 1
0.7525 0.999999 0.999999 1.38e-07 0 1
0.7535 0.999999 0.999999 1.38e-07 0 1
0.7545 0.999999 0.999999 1.38e-07 0 1
0.7555 0.999999 0.999999 1.38e-07 0 1
0.7565 0.999999 0.999999 1.38e-07 0 1
0.7575 0.999999 0.999999 1.38e-07 0 1
0.7585 0.999999 0.999999 1.38e-07 0 1
0.7595 0.999999 0.999999 1.38e-07 0 1
0.7605 0.999999 0.999999 1.38e-07 0 1
0.7615 0.999999 0.999999 1.38e-07 0 1
0.7625 0.999999 0.999999 1.38e-07 0 1
0.7635 0.999999 0.999999 1.38e-07 0 1
0.7645 0.999999 0.999999 1.38e-07 0 1
0.7655 0.999999 0.999999 1.38e-07 0 1
0.7665 0.999999 0.999999 1.38e-07 0 1
0.7675 0.999999 0.999999 1.38e-07 0 1
0.7685 0.999999 0.999999 1.38e-07 0 1
0.7695 0.999999 0.999999 1.38e-07 0 1
0.7705 0.999999 0.999999 1.38e-07 0 1
0.7715 0.999999 0.999999 1.38e-07 0 1
0.7725 0.999999 0.999999 1.38e-07 0 1
0.7735 0.999999 0.999999 1.38e-07 0 1
0.7745 0.999999 0.999999 1.38e-07 0 1
0.7755 0.999999 0.999999 1.38e-07 0 1
0.7765 0.999999 0.999999 1.38e-07 0 1
0.7775 0.999999 0.999999 1.38e-07 0 1
0.7785 0.999999 0.999999 1.38e-07 0 1
0.7795 0.999999 0.999999 1.38e-07 0 1
0.7805 0.999999 0.999999 1.38e-07 0 1
0.7815 0.999999 0.999999 1.38e-07 0 1
0.7825 0.999999 0.999999 1.38e-07 0 1
0.7835 0.999999 0.999999 1.38e-07 0 1
0.7845 0.999999 0.999999 1.38e-07 0 1
0.7855 0.999999 0.999999 1.38e-07 0 1
0.7865 0.999999 0.999999 1.38e-07 0 1
0.7875 0.999999 0.999999 1.38e-07 0 1
0.7885 0.999999 0.999999 1.38e-07 0 1
0.7895 0.999999 0.999999 1.38e-07 0 1
0.7905 0.999999 0.999999 1.38e-07 0 1
0.7915 0.999999 0.999999 1.38e-07 0 1
0.7925 0.999999 0.999999 1.38e-07 0 1
0.7935 0.999999 0.999999 1.38e-07 0 1
0.7945 0.999999 0.999999 1.38e-07 0 1
0.7955 0.999999 0.999999 1.38e-07 0 1
0.7965 0.999999 0.999999 1.38e-07 0 1
0.7975 0.999999 0.999999 1.38e-07 0 1
0.7985 0.999999 0.999999 1.38e-07 0 1
0.7995 0.999999 0.999999 1.38e-07 0 1
0.8005 0.999999 0.999999 1.38e-07 0 1
0.8015 0.999999 0.999999 1.38e-07 0 1
0.8025 0.999999 0.999999 1.38e-07 0 1
0.8035 0.999999 0.999999 1.38e-07 0 1
0.8045 0.999999 0.999999 1.38e-07 0 1
0.8055 0.999999 0.999999 1.38e-07 0 1
0.8065 0.999999 0.999999 1.38e-07 0 1
0.8075 0.999999 0.999999 1.38e-07 0 1
0.8085 0.999999 0.999999 1.38e-07 0 1
0.8095 0.999999 0.999999 1.38e-07 0 1
0.8105 0.999999 0.999999 1.38e-07 0 1
0.8115 0.999999 0.999999 1.38e-07 0 1
0.8125 0.999999 0.999999 1.38e-07 0 1
0.8135 0.999999 0.999999 1.38e-07 0 1
0.8145 0.999999 0.999999 1.38e-07 0 1
0.8155 0.999999 0.999999 1.38e-07 0 1
0.8165 0.999999 0.999999 1.38e-07 0 1
0.8175 0.999999 0.999999 1.38e-07 0 1
0.8185 0.999999 0.999999 1.38e-07 0 1
0.8195 0.999999 0.999999 1.38e-07 0 1
0.8205 0.999999 0.999999 1.38e-07 0 1
0.8215 0.999999 0.999999 1.38e-07 0 1
0.8225 0.999999 0.999999 1.38e-07 0 1
0.8235 0.999999 0.999999 1.38e-07 0 1
0.8245 0.999999 0.999999 1.38e-07 0 1
0.8255 0.999999 0.999999 1.38e-07 0 1
0.8265 0.999999 0.999999 1.38e-07 0 1
0.8275 0.999999 0.999999 1.38e-07 0 1
0.8285 0.999999 0.999999 1.38e-07 0 1
0.8295 0.999999 0.999999 1.38e-07 0 1
0.8305 0.999999 0.999999 1.38e-07 0 1
0.8315 0.999999 0.999999 1.38e-07 0 1
0.8325 0.999999 0.999999 1.38e-07 0 1
0.8335 0.999999 0.999999 1.38e-07 0 1
0.8345 0.999999 0.999999 1.38e-07 0 1
0.8355 0.999999 0.999999 1.38e-07 0 1
0.8365 0.999999 0.999999 1.38e-07 0 1
0.8375 0.999999 0.999999 1.38e-07 0 1
0.8385 0.999999 0.999999 1.38e-07 0 1
0.8395 0.999999 0.999999 1.38e-07 0 1
0.8405 0.999999 0.999999 1.38e-07 0 1
0.8415 0.999999 0.999999 1.38e-07 0 1
0.8425 0.999999 0.999999 1.38e-07 0 1
0.8435 0.999999 0.999999 1.38e-07 0 1
0.8445 0.999999 0.999999 1.38e-07 0 1
0.8455 0.999999 0.999999 1.38e-07 0 1
0.8465 0.999999 0.999999 1.38e-07 0 1
0.8475 0.999999 0.999999 1.38e-07 0 1
0.8485 0.999999 0.999999 1.38e-07 0 1
0.8495 0.999999 0.999999 1.38e-07 0 1
0.8505 0.999999 0.999999 1.38e-07 0 1
0.8515 0.999999 0.999999 1.38e-07 0 1
0.8525 0.999999 0.999999 1.38e-07 0 1
0.8535 0.999999 0.999999 1.38e-07 0 1
0.8545 0.999999 0.999999 1.38e-07 0 1
0.8555 0.999999 0.999999 1.38e-07 0 1
0.8565 0.999999 0.999999 1.38e-07 0 1
0.8575 0.999999 0.999999 1.38e-07 0 1
0.8585 0.999999 0.999999 1.38e-07 0 1
0.8595 0.999999 0.999999 1.38e-07 0 1
0.8605 0.999999 0.999999 1.38e-07 0 1
0.8615 0.999999 0.999999 1.38e-07 0 1
0.8625 0.999999 0.999999 1.38e-07 0 1
0.8635 0.999999 0.999999 1.38e-07 0 1
0.8645 0.999999 0.999999 1.38e-07 0 1
0.8655 0.999999 0.999999 1.38e-07 0 1
0.8665 0.999999 0.999999 1.38e-07 0 1
0.8675 0.999999 0.999999 1.38e-07 0 1
0.8685 0.999999 0.999999 1.38e-07 0 1
0.8695 0.999999 0.999999 1.38e-07 0 1
0.8705 0.999999 0.999999 1.38e-07 0 1
0.8715 0.999999 0.999999 1.38e-07 0 1
0.8725 0.999999 0.999999 1.38e-07 0 1
0.8735 0.999999 0.999999 1.38e-07 0 1
0.8745 0.999999 0.999999 1.38e-07 0 1
0.8755 0.999999 0.999999 1.38e-07 0 1
0.8765 0.999999 0.999999 1.38e-07 0 1
0.8775 0.999999 0.999999 1.38e-07 0 1
0.8785 0.999999 0.999999 1.38e-07 0 1
0.8795 0.999999 0.999999 1.38e-07 0 1
0.8805 0.999999 0.999999 1.38e-07 0 1
0.8815 0.999999 0.999999 1.38e-07 0 1
0.8825 0.999999 0.999999 1.38e-07 0 1
0.8835 0.999999 0.999999 1.38e-07 0 1
0.8845 0.999999 0.999999 1.38e-07 0 1
0.8855 0.999999 0.999999 1.38e-07 0 1
0.8865 0.999999 0.999999 1.38e-07 0 1
0.8875 0.999999 0.999999 1.38e-07 0 1
0.8885 0.999999 0.999999 1.38e-07 0 1
0.8895 0.999999 0.999999 1.38e-07 0 1
0.8905 0.999999 0.999999 1.38e-07 0 1
0.8915 0.999999 0.999999 1.38e-07 0 1
0.8925 0.999999 0.999999 1.38e-07 0 1
0.8935 0.999999 0.999999 1.38e-07 0 1
0.8945 0.999999 0.999999 1.38e-07 0 1
0.8955 0.999999 0.999999 1.38e-07 0 1
0.8965 0.999999 0.999999 1.38e-07 0 1
0.8975 0.999999 0.999999 1.38e-07 0 1
0.8985 0.999999 0.999999 1.38e-07 0 1
0.8995 0.999999 0.999999 1.38e-07 0 1
0.9005 0.999999 0.999999 1.38e-07 0 1
0.9015 0.999999 0.999999 1.38e-07 0 1
0.9025 0.999999 0.999999 1.38e-07 0 1
0.9035 0.999999 0.999999 1.38e-07 0 1
0.9045 0.999999 0.999999 1.38e-07 0 1
0.9055 0.999999 0.999999 1.38e-07 0 1
0.9065 0.999999 0.999999 1.38e-07 0 1
0.9075 0.999999 0.999999 1.38e-07 0 1
0.9085 0.999999 0.999999 1.38e-07 0 1
0.9095 0.999999 0.999999 1.38e-07 0 1
0.9105 0.999999 0.999999 1.38e-07 0 1
0.9115 0.999999 0.999999 1.38e-07 0 1
0.9125 0.999999 0.999999 1.38e-07 0 1
0.9135 0.999999 0.999999 1.38e-07 0 1
0.9145 0.999999 0.999999 1.38e-07 0 1
0.9155 0.999999 0.999999 1.38e-07 0 1
0.9165 0.999999 0.999999 1.38e-07 0 1
0.9175 0.999999 0.999999 1.38e-07 0 1
0.9185 0.999999 0.999999 1.38e-07 0 1
0.9195 0.999999 0.999999 1.38e-07 0 1
0.9205 0.999999 0.999999 1.38e-07 0 1
0.9215 0.999999 0.999999 1.38e-07 0 1
0.9225 0.999999 0.999999 1.38e-07 0 1
0.9235 0.999999 0.999999 1.38e-07 0 1
0.9245 0.999999 0.999999 1.38e-07 0 1
0.9255 0.999999 0.999999 1.38e-07 0 1
0.9265 0.999999 0.999999 1.38e-07 0 1
0.9275 0.999999 0.999999 1.38e-07 0 1
0.9285 0.999999 0.999999 1.38e-07 0 1
0.9295 0.999999 0.999999 1.38e-07 0 1
0.9305 0.999999 0.999999 1.38e-07 0 1
0.9315 0.999999 0.999999 1.38e-07 0 1
0.9325 0.999999 0.999999 1.38e-07 0 1
0.9335 0.999999 0.999999 1.38e-07 0 1
0.9345 0.999999 0.999999 1.38e-07 0 1
0.9355 0.999999 0.999999 1.38e-07 0 1
0.9365 0.999999 0.999999 1.38e-07 0 1
0.9375 0.999999 0.999999 1.38e-07 0 1
0.9385 0.999999 0.999999 1.38e-07 0 1
0.9395 0.999999 0.999999 1.38e-07 0 1
0.9405 0.999999 0.999999 1.38e-07 0 1
0.9415 0.999999 0.999999 1.38e-07 0 1
0.9425 0.999999 0.999999 1.38e-07 0 1
0.9435 0.999999 0.999999 1.38e-07 0 1
0.9445 0.999999 0.999999 1.38e-07 0 1
0.9455 0.999999 0.999999 1.38e-07 0 1
0.9465 0.999999 0.999999 1.38e-07 0 1
0.9475 0.999999 0.999999 1.38e-07 0 1
0.9485 0.999999 0.999999 1.38e-07 0 1
0.9495 0.999999 0.999999 1.38e-07 0 1
0.9505 0.999999 0.999999 1.38e-07 0 1
0.9515 0.999999 0.999999 1.38e-07 0 1
0.9525 0.999999 0.999999 1.38e-07 0 1
0.9535 0.999999 0.999999 1.38e-07 0 1
0.9545 0.999999 0.999999 1.38e-07 0 1
0.9555 0.999999 0.999999 1.38e-07 0 1
0.9565 0.999999 0.999999 1.38e-07 0 1
0.9575 0.999999 0.999999 1.38e-07 0 1
0.9585 0.999999 0.999999 1.38e-07 0 1
0.9595 0.999999 0.999999 1.38e-07 0 1
0.9605 0.999999 0.999999 1.38e-07 0 1
0.9615 0.999999 0.999999 1.38e-07 0 1
0.9625 0.999999 0.999999 1.38e-07 0 1
0.9635 0.999999 0.999999 1.38e-07 0 1
0.9645 0.999999 0.999999 1.38e-07 0 1
0.9655 0.999999 0.999999 1.38e-07 0 1
0.9665 0.999999 0.999999 1.38e-07 0 1
0.9675 0.999999 0.999999 1.38e-07 0 1
0.9685 0.999999 0.999999 1.38e-07 0 1
0.9695 0.999999 0.999999 1.38e-07 0 1
0.9705 0.999999 0.999999 1.38e-07 0 1
0.9715 0.999999 0.999999 1.38e-07 0 1
0.9725 0.999999 0.999999 1.38e-07 0 1
0.9735 0.999999 0.999999 1.38e-07 0 1
0.9745 0.999999 0.999999 1.38e-07 0 1
0.9755 0.999999 0.999999 1.38e-07 0 1
0.9765 0.999999 0.999999 1.38e-07 0 1
0.9775 0.999999 0.999999 1.38e-07 0 1
0.9785 0.999999 0.999999 1.38e-07 0 1
0.9795 0.999999 0.999999 1.38e-07 0 1
0.9805 0.999999 0.999999 1.38e-07 0 1
0.9815 0.999999 0.999999 1.38e-07 0 1
0.9825 0.999999 0.999999 1.38e-07 0 1
0.9835 0.999999 0.999999 1.38e-07 0 1
0.9845 0.999999 0.999999 1.38e-07 0 1
0.9855 0.999999 0.999999 1.38e-07 0 1
0.9865 0.999999 0.999999 1.38e-07 0 1
0.9875 0.999999 0.999999 1.38e-07 0 1
0.9885 0.999999 0.999999 1.38e-07 0 1
0.9895 0.999999 0.999999 1.38e-07 0 1
0.9905 0.999999 0.999999 1.38e-07 0 1
0.9915 0.999999 0.999999 1.38e-07 0 1
0.9925 0.999999 0.999999 1.38e-07 0 1
0.9935 0.999999 0.999999 1.38e-07 0 1
0.9945 0.999999 0.999999 1.38e-07 0 1
0.9955 0.999999 0.999999 1.38e-07 0 1
0.9965 0.999999 0.999999 1.38e-07 0 1
0.9975 0.999999 0.999999 1.38e-07 0 1
0.9985 0.999999 0.999999 1.38e-07 0 1
0.9995 0.999999 0.999999 1.38e-07 0 1
