x alpha rho1 rho2 v p
0.0005 0.999999 1.3765 1.38e-07 0.3948 1.57
0.0015 0.999999 1.3765 1.38e-07 0.3948 1.57
0.0025 0.999999 1.3765 1.38e-07 0.3948 1.57
0.0035 0.999999 1.3765 1.38e-07 0.3948 1.57
0.0045 0.999999 1.3765 1.38e-07 0.3948 1.57
0.0055 0.999999 1.3765 1.38e-07 0.3948 1.57
0.0065 0.999999 1.3765 1.38e-07 0.3948 1.57
0.0075 0.999999 1.3765 1.38e-07 0.3948 1.57
0.0085 0.999999 1.3765 1.38e-07 0.3948 1.57
0.0095 0.999999 1.3765 1.38e-07 0.3948 1.57
0.0105 0.999999 1.3765 1.38e-07 0.3948 1.57
0.0115 0.999999 1.3765 1.38e-07 0.3948 1.57
0.0125 0.999999 1.3765 1.38e-07 0.3948 1.57
0.0135 0.999999 1.3765 1.38e-07 0.3948 1.57
0.0145 0.999999 1.3765 1.38e-07 0.3948 1.57
0.0155 0.999999 1.3765 1.38e-07 0.3948 1.57
0.0165 0.999999 1.3765 1.38e-07 0.3948 1.57
0.0175 0.999999 1.3765 1.38e-07 0.3948 1.57
0.0185 0.999999 1.3765 1.38e-07 0.3948 1.57
0.0195 0.999999 1.3765 1.38e-07 0.3948 1.57
0.0205 0.999999 1.3765 1.38e-07 0.3948 1.57
0.0215 0.999999 1.3765 1.38e-07 0.3948 1.57
0.0225 0.999999 1.3765 1.38e-07 0.3948 1.57
0.0235 0.999999 1.3765 1.38e-07 0.3948 1.57
0.0245 0.999999 1.3765 1.38e-07 0.3948 1.57
0.0255 0.999999 1.3765 1.38e-07 0.3948 1.57
0.0265 0.999999 1.3765 1.38e-07 0.3948 1.57
0.0275 0.999999 1.3765 1.38e-07 0.3948 1.57
0.0285 0.999999 1.3765 1.38e-07 0.3948 1.57
0.0295 0.999999 1.3765 1.38e-07 0.3948 1.57
0.0305 0.999999 1.3765 1.38e-07 0.3948 1.57
0.0315 0.999999 1.3765 1.38e-07 0.3948 1.57
0.0325 0.999999 1.3765 1.38e-07 0.3948 1.57
0.0335 0.999999 1.3765 1.38e-07 0.3948 1.57
0.0345 0.999999 1.3765 1.38e-07 0.3948 1.57
0.0355 0.999999 1.3765 1.38e-07 0.3948 1.57
0.0365 0.999999 1.3765 1.38e-07 0.3948 1.57
0.0375 0.999999 1.3765 1.38e-07 0.3948 1.57
0.0385 0.999999 1.3765 1.38e-07 0.3948 1.57
0.0395 0.999999 1.3765 1.38e-07 0.3948 1.57
0.0405 0.999999 1.3765 1.38e-07 0.3948 1.57
0.0415 0.999999 1.3765 1.38e-07 0.3948 1.57
0.0425 0.999999 1.3765 1.38e-07 0.3948 1.57
0.0435 0.999999 1.3765 1.38e-07 0.3948 1.57
0.0445 0.999999 1.3765 1.38e-07 0.3948 1.57
0.0455 0.999999 1.3765 1.38e-07 0.3948 1.57
0.0465 0.999999 1.3765 1.38e-07 0.3948 1.57
0.0475 0.999999 1.3765 1.38e-07 0.3948 1.57
0.0485 0.999999 1.3765 1.38e-07 0.3948 1.57
0.0495 0.999999 1.3765 1.38e-07 0.3948 1.57
0.0505 0.999999 1.3765 1.38e-07 0.3948 1.57
0.0515 0.999999 1.3765 1.38e-07 0.3948 1.57
0.0525 0.999999 1.3765 1.38e-07 0.3948 1.57
0.0535 0.999999 1.3765 1.38e-07 0.3948 1.57
0.0545 0.999999 1.3765 1.38e-07 0.3948 1.57
0.0555 0.999999 1.3765 1.38e-07 0.3948 1.57
0.0565 0.999999 1.3765 1.38e-07 0.3948 1.57
0.0575 0.999999 1.3765 1.38e-07 0.3948 1.57
0.0585 0.999999 1.3765 1.38e-07 0.3948 1.57
0.0595 0.999999 1.3765 1.38e-07 0.394801 1.57
0.0605 0.999999 1.3765 1.38e-07 0.394801 1.57
0.0615 0.999999 1.3765 1.38e-07 0.394801 1.57
0.0625 0.999999 1.3765 1.38e-07 0.394801 1.57
0.0635 0.999999 1.3765 1.38e-07 0.394802 1.57
0.0645 0.999999 1.3765 1.38e-07 0.394802 1.57
0.0655 0.999999 1.3765 1.38e-07 0.394803 1.57
0.0665 1 1.37649 1.38e-07 0.394803 1.56999
0.0675 1 1.37649 1.38e-07 0.394804 1.56999
0.0685 1 1.37649 1.37999e-07 0.394805 1.56999
0.0695 1 1.37649 1.37999e-07 0.394807 1.56999
0.0705 1 1.37649 1.37999e-07 0.394808 1.56999
0.0715 1 1.37649 1.37999e-07 0.39481 1.56998
0.0725 1 1.37649 1.37999e-07 0.394812 1.56998
0.0735 1 1.37648 1.37998e-07 0.394815 1.56997
0.0745 1 1.37648 1.37998e-07 0.394818 1.56997
0.0755 1 1.37648 1.37998e-07 0.394821 1.56996
0.0765 1 1.37647 1.37997e-07 0.394826 1.56995
0.0775 1 1.37647 1.37997e-07 0.39483 1.56995
0.0785 1 1.37646 1.37996e-07 0.394836 1.56994
0.0795 1 1.37645 1.37996e-07 0.394842 1.56993
0.0805 1 1.37645 1.37995e-07 0.394849 1.56991
0.0815 1.00001 1.37644 1.37994e-07 0.394857 1.5699
0.0825 1.00001 1.37643 1.37993e-07 0.394866 1.56988
0.0835 1.00001 1.37642 1.37992e-07 0.394876 1.56987
0.0845 1.00001 1.37641 1.37991e-07 0.394886 1.56985
0.0855 1.00001 1.37639 1.37989e-07 0.394898 1.56983
0.0865 1.00001 1.37638 1.37988e-07 0.394911 1.5698
0.0875 1.00001 1.37636 1.37987e-07 0.394925 1.56978
0.0885 1.00001 1.37635 1.37985e-07 0.394941 1.56975
0.0895 1.00001 1.37633 1.37983e-07 0.394957 1.56972
0.0905 1.00001 1.37631 1.37981e-07 0.394974 1.56969
0.0915 1.00001 1.37629 1.37979e-07 0.394992 1.56966
0.0925 1.00001 1.37627 1.37977e-07 0.395011 1.56963
0.0935 1.00001 1.37625 1.37975e-07 0.395031 1.56959
0.0945 1.00002 1.37623 1.37973e-07 0.395051 1.56956
0.0955 1.00002 1.37621 1.37971e-07 0.395072 1.56952
0.0965 1.00002 1.37618 1.37968e-07 0.395093 1.56948
0.0975 1.00002 1.37616 1.37966e-07 0.395115 1.56945
0.0985 1.00002 1.37614 1.37964e-07 0.395136 1.56941
0.0995 1.00002 1.37611 1.37961e-07 0.395157 1.56937
0.1005 1.00002 1.37609 1.37959e-07 0.395178 1.56934
0.1015 1.00001 1.37607 1.37957e-07 0.395198 1.5693
0.1025 1.00001 1.37605 1.37955e-07 0.395217 1.56927
0.1035 1.00001 1.37603 1.37953e-07 0.395235 1.56924
0.1045 1.00001 1.37601 1.37951e-07 0.395252 1.56921
0.1055 1.00001 1.37599 1.37949e-07 0.395268 1.56918
0.1065 1.00001 1.37598 1.37948e-07 0.395282 1.56916
0.1075 1.00001 1.37596 1.37946e-07 0.395295 1.56914
0.1085 1.00001 1.37595 1.37945e-07 0.395306 1.56912
0.1095 1.00001 1.37594 1.37944e-07 0.395315 1.5691
0.1105 1 1.37593 1.37943e-07 0.395322 1.56909
0.1115 1 1.37593 1.37943e-07 0.395327 1.56908
0.1125 1 1.37592 1.37942e-07 0.39533 1.56908
0.1135 1 1.37592 1.37942e-07 0.395331 1.56908
0.1145 0.999998 1.37592 1.37942e-07 0.395331 1.56908
0.1155 0.999997 1.37592 1.37942e-07 0.395329 1.56908
0.1165 0.999996 1.37593 1.37943e-07 0.395325 1.56909
0.1175 0.999994 1.37593 1.37943e-07 0.395319 1.5691
0.1185 0.999993 1.37594 1.37944e-07 0.395312 1.56911
0.1195 0.999992 1.37595 1.37945e-07 0.395304 1.56913
0.1205 0.999991 1.37596 1.37946e-07 0.395294 1.56914
0.1215 0.99999 1.37597 1.37947e-07 0.395284 1.56916
0.1225 0.99999 1.37598 1.37948e-07 0.395272 1.56918
0.1235 0.999989 1.376 1.3795e-07 0.39526 1.5692
0.1245 0.999989 1.37601 1.37951e-07 0.395247 1.56923
0.1255 0.999989 1.37602 1.37952e-07 0.395234 1.56925
0.1265 0.999988 1.37604 1.37954e-07 0.395221 1.56927
0.1275 0.999988 1.37605 1.37955e-07 0.395207 1.56929
0.1285 0.999988 1.37607 1.37957e-07 0.395194 1.56932
0.1295 0.999988 1.37608 1.37958e-07 0.395181 1.56934
0.1305 0.999989 1.3761 1.3796e-07 0.395167 1.56936
0.1315 0.999989 1.37611 1.37961e-07 0.395154 1.56939
0.1325 0.999989 1.37612 1.37962e-07 0.395142 1.56941
0.1335 0.999989 1.37614 1.37964e-07 0.395129 1.56943
0.1345 0.99999 1.37615 1.37965e-07 0.395118 1.56945
0.1355 0.99999 1.37616 1.37966e-07 0.395106 1.56947
0.1365 0.99999 1.37618 1.37968e-07 0.395095 1.56949
0.1375 0.999991 1.37619 1.37969e-07 0.395085 1.56951
0.1385 0.999991 1.3762 1.3797e-07 0.395075 1.56952
0.1395 0.999992 1.37621 1.37971e-07 0.395065 1.56954
0.1405 0.999992 1.37622 1.37972e-07 0.395056 1.56956
0.1415 0.999992 1.37623 1.37973e-07 0.395048 1.56957
0.1425 0.999993 1.37624 1.37974e-07 0.395039 1.56959
0.1435 0.999993 1.37625 1.37975e-07 0.395032 1.5696
0.1445 0.999993 1.37625 1.37975e-07 0.395024 1.56961
0.1455 0.999994 1.37626 1.37976e-07 0.395018 1.56962
0.1465 0.999994 1.37627 1.37977e-07 0.395011 1.56963
0.1475 0.999994 1.37627 1.37978e-07 0.395005 1.56965
0.1485 0.999994 1.37628 1.37978e-07 0.394999 1.56966
0.1495 0.999995 1.37629 1.37979e-07 0.394993 1.56966
0.1505 0.999995 1.37629 1.37979e-07 0.394988 1.56967
0.1515 0.999995 1.3763 1.3798e-07 0.394983 1.56968
0.1525 0.999995 1.3763 1.3798e-07 0.394978 1.56969
0.1535 0.999995 1.37631 1.37981e-07 0.394974 1.5697
0.1545 0.999996 1.37631 1.37981e-07 0.39497 1.56971
0.1555 0.999996 1.37632 1.37982e-07 0.394965 1.56971
0.1565 0.999996 1.37632 1.37982e-07 0.394961 1.56972
0.1575 0.999996 1.37633 1.37983e-07 0.394958 1.56973
0.1585 0.999996 1.37633 1.37983e-07 0.394954 1.56973
0.1595 0.999996 1.37633 1.37984e-07 0.394951 1.56974
0.1605 0.999996 1.37634 1.37984e-07 0.394947 1.56974
0.1615 0.999997 1.37634 1.37984e-07 0.394944 1.56975
0.1625 0.999997 1.37634 1.37985e-07 0.394941 1.56976
0.1635 0.999997 1.37635 1.37985e-07 0.394938 1.56976
0.1645 0.999997 1.37635 1.37985e-07 0.394935 1.56977
0.1655 0.999997 1.37635 1.37985e-07 0.394932 1.56977
0.1665 0.999997 1.37636 1.37986e-07 0.39493 1.56978
0.1675 0.999997 1.37636 1.37986e-07 0.394927 1.56978
0.1685 0.999997 1.37636 1.37986e-07 0.394925 1.56978
0.1695 0.999997 1.37637 1.37987e-07 0.394922 1.56979
0.1705 0.999997 1.37637 1.37987e-07 0.39492 1.56979
0.1715 0.999997 1.37637 1.37987e-07 0.394918 1.5698
0.1725 0.999997 1.37637 1.37987e-07 0.394916 1.5698
0.1735 0.999997 1.37637 1.37988e-07 0.394913 1.5698
0.1745 0.999997 1.37638 1.37988e-07 0.394911 1.56981
0.1755 0.999997 1.37638 1.37988e-07 0.394909 1.56981
0.1765 0.999997 1.37638 1.37988e-07 0.394907 1.56981
0.1775 0.999998 1.37638 1.37988e-07 0.394906 1.56982
0.1785 0.999998 1.37639 1.37989e-07 0.394904 1.56982
0.1795 0.999998 1.37639 1.37989e-07 0.394902 1.56982
0.1805 0.999998 1.37639 1.37989e-07 0.3949 1.56983
0.1815 0.999998 1.37639 1.37989e-07 0.394899 1.56983
0.1825 0.999998 1.37639 1.37989e-07 0.394897 1.56983
0.1835 0.999998 1.37639 1.3799e-07 0.394895 1.56983
0.1845 0.999998 1.3764 1.3799e-07 0.394894 1.56984
0.1855 0.999998 1.3764 1.3799e-07 0.394892 1.56984
0.1865 0.999998 1.3764 1.3799e-07 0.394891 1.56984
0.1875 0.999998 1.3764 1.3799e-07 0.394889 1.56984
0.1885 0.999998 1.3764 1.3799e-07 0.394888 1.56985
0.1895 0.999998 1.3764 1.37991e-07 0.394887 1.56985
0.1905 0.999998 1.37641 1.37991e-07 0.394885 1.56985
0.1915 0.999998 1.37641 1.37991e-07 0.394884 1.56985
0.1925 0.999998 1.37641 1.37991e-07 0.394883 1.56986
0.1935 0.999998 1.37641 1.37991e-07 0.394882 1.56986
0.1945 0.999998 1.37641 1.37991e-07 0.39488 1.56986
0.1955 0.999998 1.37641 1.37991e-07 0.394879 1.56986
0.1965 0.999998 1.37641 1.37991e-07 0.394878 1.56986
0.1975 0.999998 1.37641 1.37992e-07 0.394877 1.56987
0.1985 0.999998 1.37642 1.37992e-07 0.394876 1.56987
0.1995 0.999998 1.37642 1.37992e-07 0.394875 1.56987
0.2005 0.999998 1.37642 1.37992e-07 0.394874 1.56987
0.2015 0.999998 1.37642 1.37992e-07 0.394873 1.56987
0.2025 0.999998 1.37642 1.37992e-07 0.394872 1.56988
0.2035 0.999998 1.37642 1.37992e-07 0.394871 1.56988
0.2045 0.999998 1.37642 1.37992e-07 0.39487 1.56988
0.2055 0.999998 1.37642 1.37992e-07 0.394869 1.56988
0.2065 0.999998 1.37642 1.37993e-07 0.394868 1.56988
0.2075 0.999998 1.37643 1.37993e-07 0.394867 1.56988
0.2085 0.999998 1.37643 1.37993e-07 0.394866 1.56988
0.2095 0.999998 1.37643 1.37993e-07 0.394865 1.56989
0.2105 0.999998 1.37643 1.37993e-07 0.394865 1.56989
0.2115 0.999998 1.37643 1.37993e-07 0.394864 1.56989
0.2125 0.999998 1.37643 1.37993e-07 0.394863 1.56989
0.2135 0.999998 1.37643 1.37993e-07 0.394862 1.56989
0.2145 0.999998 1.37643 1.37993e-07 0.394861 1.56989
0.2155 0.999998 1.37643 1.37993e-07 0.394861 1.56989
0.2165 0.999998 1.37643 1.37993e-07 0.39486 1.5699
0.2175 0.999998 1.37643 1.37994e-07 0.394859 1.5699
0.2185 0.999998 1.37643 1.37994e-07 0.394858 1.5699
0.2195 0.999998 1.37644 1.37994e-07 0.394858 1.5699
0.2205 0.999998 1.37644 1.37994e-07 0.394857 1.5699
0.2215 0.999998 1.37644 1.37994e-07 0.394856 1.5699
0.2225 0.999999 1.37644 1.37994e-07 0.394856 1.5699
0.2235 0.999999 1.37644 1.37994e-07 0.394855 1.5699
0.2245 0.999999 1.37644 1.37994e-07 0.394855 1.56991
0.2255 0.999999 1.37644 1.37994e-07 0.394854 1.56991
0.2265 0.999999 1.37644 1.37994e-07 0.394853 1.56991
0.2275 0.999999 1.37644 1.37994e-07 0.394853 1.56991
0.2285 0.999999 1.37644 1.37994e-07 0.394852 1.56991
0.2295 0.999999 1.37644 1.37994e-07 0.394852 1.56991
0.2305 0.999999 1.37644 1.37994e-07 0.394851 1.56991
0.2315 0.999999 1.37644 1.37994e-07 0.39485 1.56991
0.2325 0.999999 1.37644 1.37995e-07 0.39485 1.56991
0.2335 0.999999 1.37644 1.37995e-07 0.394849 1.56991
0.2345 0.999999 1.37645 1.37995e-07 0.394849 1.56992
0.2355 0.999999 1.37645 1.37995e-07 0.394848 1.56992
0.2365 0.999999 1.37645 1.37995e-07 0.394848 1.56992
0.2375 0.999999 1.37645 1.37995e-07 0.394847 1.56992
0.2385 0.999999 1.37645 1.37995e-07 0.394847 1.56992
0.2395 0.999999 1.37645 1.37995e-07 0.394846 1.56992
0.2405 0.999999 1.37645 1.37995e-07 0.394846 1.56992
0.2415 0.999999 1.37645 1.37995e-07 0.394846 1.56992
0.2425 0.999999 1.37645 1.37995e-07 0.394845 1.56992
0.2435 0.999999 1.37645 1.37995e-07 0.394845 1.56992
0.2445 0.999999 1.37645 1.37995e-07 0.394844 1.56992
0.2455 0.999999 1.37645 1.37995e-07 0.394844 1.56992
0.2465 0.999999 1.37645 1.37995e-07 0.394843 1.56992
0.2475 0.999999 1.37645 1.37995e-07 0.394843 1.56993
0.2485 0.999999 1.37645 1.37995e-07 0.394843 1.56993
0.2495 0.999999 1.37645 1.37995e-07 0.394842 1.56993
0.2505 0.999999 1.37645 1.37995e-07 0.394842 1.56993
0.2515 0.999999 1.37645 1.37995e-07 0.394841 1.56993
0.2525 0.999999 1.37645 1.37996e-07 0.394841 1.56993
0.2535 0.999999 1.37645 1.37996e-07 0.394841 1.56993
0.2545 0.999999 1.37645 1.37996e-07 0.39484 1.56993
0.2555 0.999999 1.37646 1.37996e-07 0.39484 1.56993
0.2565 0.999999 1.37646 1.37996e-07 0.39484 1.56993
0.2575 0.999999 1.37646 1.37996e-07 0.394839 1.56993
0.2585 0.999999 1.37646 1.37996e-07 0.394839 1.56993
0.2595 0.999999 1.37646 1.37996e-07 0.394839 1.56993
0.2605 0.999999 1.37646 1.37996e-07 0.394838 1.56993
0.2615 0.999999 1.37646 1.37996e-07 0.394838 1.56993
0.2625 0.999999 1.37646 1.37996e-07 0.394838 1.56993
0.2635 0.999999 1.37646 1.37996e-07 0.394837 1.56994
0.2645 0.999999 1.37646 1.37996e-07 0.394837 1.56994
0.2655 0.999999 1.37646 1.37996e-07 0.394837 1.56994
0.2665 0.999999 1.37646 1.37996e-07 0.394836 1.56994
0.2675 0.999999 1.37646 1.37996e-07 0.394836 1.56994
0.2685 0.999999 1.37646 1.37996e-07 0.394836 1.56994
0.2695 0.999999 1.37646 1.37996e-07 0.394836 1.56994
0.2705 0.999999 1.37646 1.37996e-07 0.394835 1.56994
0.2715 0.999999 1.37646 1.37996e-07 0.394835 1.56994
0.2725 0.999999 1.37646 1.37996e-07 0.394835 1.56994
0.2735 0.999999 1.37646 1.37996e-07 0.394834 1.56994
0.2745 0.999999 1.37646 1.37996e-07 0.394834 1.56994
0.2755 0.999999 1.37646 1.37996e-07 0.394834 1.56994
0.2765 0.999999 1.37646 1.37996e-07 0.394834 1.56994
0.2775 0.999999 1.37646 1.37996e-07 0.394833 1.56994
0.2785 0.999999 1.37646 1.37996e-07 0.394833 1.56994
0.2795 0.999999 1.37646 1.37996e-07 0.394833 1.56994
0.2805 0.999999 1.37646 1.37996e-07 0.394833 1.56994
0.2815 0.999999 1.37646 1.37996e-07 0.394832 1.56994
0.2825 0.999999 1.37646 1.37997e-07 0.394832 1.56994
0.2835 0.999999 1.37646 1.37997e-07 0.394832 1.56994
0.2845 0.999999 1.37646 1.37997e-07 0.394832 1.56994
0.2855 0.999999 1.37646 1.37997e-07 0.394832 1.56995
0.2865 0.999999 1.37646 1.37997e-07 0.394831 1.56995
0.2875 0.999999 1.37646 1.37998e-07 0.394831 1.56995
0.2885 0.999999 1.37646 1.37999e-07 0.394831 1.56995
0.2895 0.999998 1.37646 1.38001e-07 0.394831 1.56995
0.2905 0.999998 1.37646 1.38004e-07 0.394831 1.56995
0.2915 0.999998 1.37646 1.3801e-07 0.39483 1.56995
0.2925 0.999997 1.37646 1.3802e-07 0.39483 1.56995
0.2935 0.999995 1.37645 1.38035e-07 0.39483 1.56995
0.2945 0.999994 1.37645 1.38059e-07 0.39483 1.56995
0.2955 0.999991 1.37644 1.38096e-07 0.39483 1.56995
0.2965 0.999987 1.37642 1.38151e-07 0.39483 1.56995
0.2975 0.999982 1.3764 1.38232e-07 0.394829 1.56995
0.2985 0.999975 1.37637 1.38347e-07 0.394829 1.56995
0.2995 0.999965 1.37633 1.3851e-07 0.394829 1.56995
0.3005 0.999953 1.37628 1.38732e-07 0.39483 1.56995
0.3015 0.999938 1.37621 1.39031e-07 0.39483 1.56995
0.3025 0.99992 1.37612 1.39425e-07 0.394831 1.56995
0.3035 0.999899 1.37601 1.39934e-07 0.394832 1.56994
0.3045 0.999875 1.37588 1.40577e-07 0.394833 1.56994
0.3055 0.999848 1.37573 1.41375e-07 0.394835 1.56994
0.3065 0.999819 1.37555 1.42347e-07 0.394839 1.56993
0.3075 0.999788 1.37534 1.43508e-07 0.394844 1.56992
0.3085 0.999757 1.37511 1.44869e-07 0.394851 1.56991
0.3095 0.999726 1.37487 1.46436e-07 0.394862 1.56989
0.3105 0.999698 1.3746 1.48208e-07 0.394877 1.56986
0.3115 0.999674 1.37433 1.50178e-07 0.394897 1.56982
0.3125 0.999656 1.37405 1.52328e-07 0.394926 1.56977
0.3135 0.999645 1.37376 1.54636e-07 0.394965 1.5697
0.3145 0.999642 1.37348 1.57071e-07 0.395017 1.56961
0.3155 0.999648 1.3732 1.59598e-07 0.395087 1.56948
0.3165 0.999666 1.37292 1.62176e-07 0.39518 1.56931
0.3175 0.999694 1.37265 1.64764e-07 0.395301 1.56909
0.3185 0.999735 1.37238 1.67319e-07 0.395458 1.56881
0.3195 0.999788 1.3721 1.69801e-07 0.395659 1.56845
0.3205 0.999853 1.3718 1.72172e-07 0.395914 1.56799
0.3215 0.999931 1.37148 1.744e-07 0.396235 1.56742
0.3225 1.00002 1.3711 1.76459e-07 0.396632 1.56671
0.3235 1.00012 1.37067 1.78328e-07 0.397121 1.56583
0.3245 1.00024 1.37014 1.79995e-07 0.397715 1.56477
0.3255 1.00036 1.36951 1.81452e-07 0.398431 1.5635
0.3265 1.0005 1.36876 1.82699e-07 0.399283 1.56199
0.3275 1.00065 1.36785 1.83739e-07 0.400289 1.56021
0.3285 1.00081 1.36676 1.84581e-07 0.401464 1.55814
0.3295 1.00098 1.36548 1.85236e-07 0.402823 1.55574
0.3305 1.00116 1.36399 1.85719e-07 0.404381 1.553
0.3315 1.00134 1.36227 1.86044e-07 0.40615 1.5499
0.3325 1.00153 1.3603 1.86225e-07 0.408142 1.54642
0.3335 1.00173 1.35808 1.86279e-07 0.410366 1.54255
0.3345 1.00193 1.3556 1.86219e-07 0.412827 1.53828
0.3355 1.00214 1.35286 1.8606e-07 0.415531 1.53361
0.3365 1.00234 1.34984 1.85811e-07 0.418477 1.52853
0.3375 1.00255 1.34656 1.85486e-07 0.421666 1.52306
0.3385 1.00275 1.34303 1.85093e-07 0.425092 1.5172
0.3395 1.00294 1.33924 1.84641e-07 0.42875 1.51098
0.3405 1.00313 1.33522 1.84137e-07 0.43263 1.5044
0.3415 1.00331 1.33098 1.83588e-07 0.43672 1.4975
0.3425 1.00348 1.32652 1.83e-07 0.441008 1.49031
0.3435 1.00364 1.32188 1.82379e-07 0.445478 1.48284
0.3445 1.00379 1.31708 1.81729e-07 0.450112 1.47514
0.3455 1.00392 1.31212 1.81054e-07 0.454891 1.46724
0.3465 1.00404 1.30704 1.8036e-07 0.459796 1.45918
0.3475 1.00414 1.30187 1.79649e-07 0.464805 1.45099
0.3485 1.00422 1.29662 1.78928e-07 0.469896 1.44271
0.3495 1.00428 1.29131 1.78198e-07 0.475044 1.43439
0.3505 1.00433 1.28599 1.77464e-07 0.480226 1.42605
0.3515 1.00435 1.28067 1.76731e-07 0.485418 1.41775
0.3525 1.00435 1.27537 1.76001e-07 0.490592 1.40953
0.3535 1.00433 1.27013 1.75278e-07 0.495724 1.40142
0.3545 1.00429 1.26498 1.74567e-07 0.500787 1.39346
0.3555 1.00423 1.25993 1.7387e-07 0.505756 1.38569
0.3565 1.00415 1.25501 1.73192e-07 0.510604 1.37816
0.3575 1.00404 1.25025 1.72535e-07 0.515307 1.37089
0.3585 1.00392 1.24568 1.71903e-07 0.519841 1.36392
0.3595 1.00377 1.2413 1.71299e-07 0.524183 1.35728
0.3605 1.00361 1.23715 1.70726e-07 0.528311 1.351
0.3615 1.00343 1.23323 1.70186e-07 0.532208 1.3451
0.3625 1.00323 1.22957 1.69681e-07 0.535857 1.3396
0.3635 1.00303 1.22617 1.69212e-07 0.539245 1.33452
0.3645 1.00282 1.22305 1.68781e-07 0.542363 1.32987
0.3655 1.0026 1.2202 1.68388e-07 0.545206 1.32564
0.3665 1.00238 1.21764 1.68034e-07 0.547773 1.32184
0.3675 1.00217 1.21534 1.67718e-07 0.550067 1.31846
0.3685 1.00196 1.21332 1.67438e-07 0.552095 1.31548
0.3695 1.00176 1.21154 1.67193e-07 0.553868 1.31288
0.3705 1.00158 1.21001 1.66981e-07 0.5554 1.31064
0.3715 1.00141 1.2087 1.66801e-07 0.556709 1.30874
0.3725 1.00125 1.20759 1.66648e-07 0.557815 1.30713
0.3735 1.00111 1.20667 1.66521e-07 0.558737 1.3058
0.3745 1.00099 1.20591 1.66416e-07 0.559497 1.3047
0.3755 1.00089 1.20529 1.6633e-07 0.560115 1.3038
0.3765 1.0008 1.20479 1.66261e-07 0.560613 1.30309
0.3775 1.00073 1.2044 1.66207e-07 0.561009 1.30252
0.3785 1.00067 1.20409 1.66164e-07 0.561319 1.30207
0.3795 1.00062 1.20384 1.66131e-07 0.561561 1.30173
0.3805 1.00058 1.20366 1.66105e-07 0.561746 1.30146
0.3815 1.00056 1.20352 1.66086e-07 0.561887 1.30126
0.3825 1.00053 1.20342 1.66072e-07 0.561993 1.30111
0.3835 1.00052 1.20334 1.66061e-07 0.562072 1.30099
0.3845 1.00051 1.20329 1.66054e-07 0.56213 1.30091
0.3855 1.0005 1.20325 1.66048e-07 0.562173 1.30085
0.3865 1.0005 1.20322 1.66044e-07 0.562203 1.3008
0.3875 1.0005 1.2032 1.66042e-07 0.562225 1.30077
0.3885 1.0005 1.20319 1.6604e-07 0.562241 1.30075
0.3895 1.0005 1.20318 1.66039e-07 0.562252 1.30073
0.3905 1.00051 1.20317 1.66038e-07 0.56226 1.30072
0.3915 1.00051 1.20317 1.66038e-07 0.562265 1.30071
0.3925 1.00052 1.20317 1.66038e-07 0.562269 1.3007
0.3935 1.00052 1.20317 1.66038e-07 0.562271 1.3007
0.3945 1.00053 1.20317 1.66038e-07 0.562273 1.30069
0.3955 1.00054 1.20317 1.66038e-07 0.562274 1.30069
0.3965 1.00054 1.20317 1.66038e-07 0.562275 1.30069
0.3975 1.00055 1.20318 1.66038e-07 0.562276 1.30069
0.3985 1.00056 1.20318 1.66039e-07 0.562276 1.30068
0.3995 1.00056 1.20318 1.66039e-07 0.562276 1.30068
0.4005 1.00057 1.20318 1.66039e-07 0.562276 1.30068
0.4015 1.00058 1.20318 1.66039e-07 0.562276 1.30068
0.4025 1.00059 1.20318 1.6604e-07 0.562276 1.30068
0.4035 1.0006 1.20319 1.6604e-07 0.562276 1.30068
0.4045 1.00061 1.20319 1.6604e-07 0.562276 1.30068
0.4055 1.00062 1.20319 1.66042e-07 0.562276 1.30068
0.4065 1.00063 1.20319 1.66054e-07 0.562276 1.30067
0.4075 1.00064 1.20319 1.66122e-07 0.562276 1.30067
0.4085 1.00065 1.20319 1.66461e-07 0.562276 1.30067
0.4095 1.00066 1.20319 1.67965e-07 0.562276 1.30067
0.4105 1.00067 1.20319 1.73961e-07 0.562276 1.30067
0.4115 1.00068 1.20319 1.95643e-07 0.562276 1.30067
0.4125 1.00069 1.20319 2.67386e-07 0.562276 1.30067
0.4135 1.0007 1.20319 4.86065e-07 0.562276 1.30066
0.4145 1.00071 1.20319 1.10374e-06 0.562276 1.30066
0.4155 1.00071 1.20317 2.72871e-06 0.562276 1.30066
0.4165 1.00069 1.20314 6.72784e-06 0.562276 1.30066
0.4175 1.00064 1.20307 1.59708e-05 0.562276 1.30066
0.4185 1.0005 1.20291 3.61022e-05 0.562276 1.30066
0.4195 1.00022 1.20259 7.75473e-05 0.562276 1.30066
0.4205 0.999654 1.20196 0.00015842 0.562276 1.30066
0.4215 0.998613 1.2008 0.000308367 0.562275 1.30065
0.4225 0.996786 1.19875 0.000573122 0.562275 1.30065
0.4235 0.993736 1.19533 0.0010192 0.562275 1.30065
0.4245 0.988866 1.18983 0.00173773 0.562275 1.30065
0.4255 0.981423 1.18136 0.00284613 0.562275 1.30065
0.4265 0.970506 1.16888 0.0044861 0.562275 1.30065
0.4275 0.955123 1.15119 0.00681691 0.562274 1.30065
0.4285 0.934262 1.12706 0.0100032 0.562274 1.30065
0.4295 0.90701 1.09537 0.0141981 0.562274 1.30065
0.4305 0.872669 1.05524 0.0195232 0.562274 1.30064
0.4315 0.830886 1.00616 0.026048 0.562274 1.30064
0.4325 0.781748 0.948168 0.0337727 0.562274 1.30064
0.4335 0.725841 0.881893 0.0426176 0.562273 1.30064
0.4345 0.66425 0.808564 0.0524214 0.562273 1.30064
0.4355 0.598493 0.72995 0.0629493 0.562273 1.30064
0.4365 0.530403 0.648226 0.0739115 0.562273 1.30064
0.4375 0.461972 0.56578 0.0849874 0.562273 1.30064
0.4385 0.395175 0.48501 0.0958541 0.562272 1.30064
0.4395 0.331804 0.408116 0.106214 0.562272 1.30064
0.4405 0.273336 0.336933 0.115817 0.562272 1.30064
0.4415 0.220843 0.272817 0.124478 0.562272 1.30064
0.4425 0.174954 0.216596 0.132081 0.562272 1.30064
0.4435 0.135876 0.168576 0.138583 0.562272 1.30064
0.4445 0.103438 0.128602 0.144002 0.562271 1.30063
0.4455 0.0771809 0.0961569 0.148404 0.562271 1.30063
0.4465 0.0564449 0.0704658 0.151894 0.562271 1.30063
0.4475 0.0404605 0.0506116 0.154593 0.562271 1.30063
0.4485 0.0284284 0.0356301 0.156632 0.562271 1.30063
0.4495 0.0195804 0.0245873 0.158136 0.562271 1.30063
0.4505 0.0132216 0.0166333 0.15922 0.56227 1.30063
0.4515 0.00875376 0.0110323 0.159984 0.56227 1.30063
0.4525 0.00568344 0.00717535 0.160511 0.56227 1.30063
0.4535 0.00361912 0.00457689 0.160866 0.56227 1.30063
0.4545 0.00226072 0.00286369 0.1611 0.56227 1.30063
0.4555 0.00138559 0.00175792 0.161251 0.562269 1.30063
0.4565 0.000833432 0.001059 0.161346 0.562269 1.30063
0.4575 0.000492149 0.000626248 0.161405 0.562269 1.30063
0.4585 0.000285438 0.000363699 0.161441 0.562269 1.30063
0.4595 0.000162713 0.000207572 0.161462 0.562268 1.30063
0.4605 9.12738e-05 0.000116549 0.161474 0.562268 1.30063
0.4615 5.04891e-05 6.45059e-05 0.161481 0.562268 1.30063
0.4625 2.7648e-05 3.53178e-05 0.161485 0.562268 1.30063
0.4635 1.50961e-05 1.92558e-05 0.161487 0.562267 1.30063
0.4645 8.32629e-06 1.05813e-05 0.161488 0.562267 1.30063
0.4655 4.74192e-06 5.98256e-06 0.161488 0.562267 1.30063
0.4665 2.87846e-06 3.58875e-06 0.161488 0.562267 1.30063
0.4675 1.92698e-06 2.36501e-06 0.161488 0.562266 1.30063
0.4685 1.44976e-06 1.75052e-06 0.161488 0.562266 1.30063
0.4695 1.21458e-06 1.44735e-06 0.161488 0.562266 1.30063
0.4705 1.10068e-06 1.30038e-06 0.161488 0.562266 1.30063
0.4715 1.04647e-06 1.23034e-06 0.161487 0.562265 1.30063
0.4725 1.0211e-06 1.19753e-06 0.161487 0.562265 1.30063
0.4735 1.00942e-06 1.18242e-06 0.161487 0.562265 1.30063
0.4745 1.00414e-06 1.17557e-06 0.161487 0.562265 1.30063
0.4755 1.00179e-06 1.17252e-06 0.161487 0.562264 1.30063
0.4765 1.00076e-06 1.17118e-06 0.161486 0.562264 1.30063
0.4775 1.00032e-06 1.17061e-06 0.161486 0.562264 1.30063
0.4785 1.00013e-06 1.17036e-06 0.161486 0.562264 1.30063
0.4795 1.00005e-06 1.17026e-06 0.161486 0.562263 1.30063
0.4805 1.00002e-06 1.17021e-06 0.161485 0.562263 1.30063
0.4815 1.00001e-06 1.17019e-06 0.161485 0.562263 1.30063
0.4825 1e-06 1.17019e-06 0.161485 0.562263 1.30063
0.4835 9.99998e-07 1.17018e-06 0.161485 0.562262 1.30063
0.4845 9.99997e-07 1.17018e-06 0.161485 0.562262 1.30063
0.4855 9.99997e-07 1.17018e-06 0.161484 0.562262 1.30063
0.4865 9.99997e-07 1.17018e-06 0.161484 0.562262 1.30063
0.4875 9.99997e-07 1.17017e-06 0.161484 0.562261 1.30063
0.4885 9.99997e-07 1.17017e-06 0.161484 0.562261 1.30063
0.4895 9.99997e-07 1.17017e-06 0.161483 0.562261 1.30063
0.4905 9.99997e-07 1.17017e-06 0.161483 0.562261 1.30063
0.4915 9.99997e-07 1.17017e-06 0.161483 0.56226 1.30063
0.4925 9.99997e-07 1.17017e-06 0.161483 0.56226 1.30063
0.4935 9.99997e-07 1.17016e-06 0.161483 0.56226 1.30063
0.4945 9.99997e-07 1.17016e-06 0.161482 0.56226 1.30063
0.4955 9.99997e-07 1.17016e-06 0.161482 0.562259 1.30062
0.4965 9.99997e-07 1.17016e-06 0.161482 0.562259 1.30062
0.4975 9.99997e-07 1.17016e-06 0.161482 0.562259 1.30062
0.4985 9.99997e-07 1.17016e-06 0.161481 0.562258 1.30062
0.4995 9.99997e-07 1.17016e-06 0.161481 0.562258 1.30062
0.5005 9.99997e-07 1.17015e-06 0.161481 0.562258 1.30062
0.5015 9.99996e-07 1.17015e-06 0.161481 0.562257 1.30062
0.5025 9.99996e-07 1.17015e-06 0.161481 0.562257 1.30062
0.5035 9.99996e-07 1.17015e-06 0.16148 0.562256 1.30062
0.5045 9.99996e-07 1.17015e-06 0.16148 0.562256 1.30062
0.5055 9.99996e-07 1.17015e-06 0.16148 0.562255 1.30062
0.5065 9.99996e-07 1.17014e-06 0.16148 0.562255 1.30062
0.5075 9.99996e-07 1.17014e-06 0.16148 0.562254 1.30062
0.5085 9.99996e-07 1.17014e-06 0.161479 0.562253 1.30062
0.5095 9.99996e-07 1.17014e-06 0.161479 0.562253 1.30062
0.5105 9.99996e-07 1.17014e-06 0.161479 0.562252 1.30062
0.5115 9.99996e-07 1.17014e-06 0.161479 0.56225 1.30062
0.5125 9.99996e-07 1.17014e-06 0.161479 0.562249 1.30062
0.5135 9.99996e-07 1.17013e-06 0.161478 0.562247 1.30063
0.5145 9.99996e-07 1.17013e-06 0.161478 0.562245 1.30063
0.5155 9.99995e-07 1.17013e-06 0.161478 0.562242 1.30063
0.5165 9.99995e-07 1.17013e-06 0.161478 0.562239 1.30063
0.5175 9.99995e-07 1.17013e-06 0.161478 0.562234 1.30063
0.5185 9.99995e-07 1.17013e-06 0.161478 0.562229 1.30063
0.5195 9.99994e-07 1.17013e-06 0.161478 0.562223 1.30064
0.5205 9.99994e-07 1.17013e-06 0.161478 0.562214 1.30064
0.5215 9.99993e-07 1.17013e-06 0.161478 0.562204 1.30065
0.5225 9.99992e-07 1.17013e-06 0.161478 0.562191 1.30065
0.5235 9.99991e-07 1.17014e-06 0.161479 0.562174 1.30066
0.5245 9.9999e-07 1.17014e-06 0.161479 0.562153 1.30068
0.5255 9.99988e-07 1.17015e-06 0.16148 0.562126 1.30069
0.5265 9.99986e-07 1.17016e-06 0.161482 0.562092 1.30071
0.5275 9.99983e-07 1.17017e-06 0.161483 0.562048 1.30074
0.5285 9.9998e-07 1.17019e-06 0.161486 0.561991 1.30077
0.5295 9.99975e-07 1.17021e-06 0.161489 0.561917 1.30081
0.5305 9.99968e-07 1.17024e-06 0.161493 0.561819 1.30087
0.5315 9.99959e-07 1.17028e-06 0.161498 0.561691 1.30095
0.5325 9.99947e-07 1.17033e-06 0.161506 0.561519 1.30105
0.5335 9.9993e-07 1.1704e-06 0.161515 0.561289 1.30118
0.5345 9.99907e-07 1.1705e-06 0.161529 0.560978 1.30137
0.5355 9.99875e-07 1.17063e-06 0.161547 0.560553 1.30162
0.5365 9.9983e-07 1.17082e-06 0.161573 0.559971 1.30196
0.5375 9.99768e-07 1.17107e-06 0.161608 0.559171 1.30244
0.5385 9.99683e-07 1.17142e-06 0.161656 0.55807 1.30309
0.5395 9.99566e-07 1.1719e-06 0.161722 0.556558 1.30399
0.5405 9.99411e-07 1.17256e-06 0.161813 0.554494 1.30521
0.5415 9.99205e-07 1.17345e-06 0.161936 0.5517 1.30687
0.5425 9.98943e-07 1.17464e-06 0.162101 0.547964 1.30909
0.5435 9.98616e-07 1.17621e-06 0.162317 0.543051 1.31202
0.5445 9.98225e-07 1.17824e-06 0.162597 0.536715 1.3158
0.5455 9.97779e-07 1.18079e-06 0.162949 0.528737 1.32057
0.5465 9.973e-07 1.18393e-06 0.163382 0.518966 1.32644
0.5475 9.96822e-07 1.18765e-06 0.163896 0.507368 1.33343
0.5485 9.96389e-07 1.19193e-06 0.164486 0.494071 1.34148
0.5495 9.96051e-07 1.19667e-06 0.165141 0.479386 1.35041
0.5505 9.95848e-07 1.20172e-06 0.165837 0.46379 1.35996
0.5515 9.95806e-07 1.20689e-06 0.16655 0.447869 1.36976
0.5525 9.95925e-07 1.21198e-06 0.167253 0.432234 1.37943
0.5535 9.96183e-07 1.21681e-06 0.16792 0.417429 1.38865
0.5545 9.96542e-07 1.22125e-06 0.168533 0.403862 1.39714
0.5555 9.96955e-07 1.22522e-06 0.16908 0.391772 1.40474
0.5565 9.97382e-07 1.22868e-06 0.169558 0.381241 1.41138
0.5575 9.97791e-07 1.23166e-06 0.169968 0.372219 1.4171
0.5585 9.9816e-07 1.23418e-06 0.170316 0.364578 1.42195
0.5595 9.98482e-07 1.2363e-06 0.17061 0.358147 1.42604
0.5605 9.98756e-07 1.23809e-06 0.170856 0.352749 1.42949
0.5615 9.98986e-07 1.23959e-06 0.171063 0.348221 1.43238
0.5625 9.99178e-07 1.24085e-06 0.171236 0.344418 1.43482
0.5635 9.99338e-07 1.2419e-06 0.171383 0.341222 1.43686
0.5645 9.99472e-07 1.24279e-06 0.171506 0.338534 1.43859
0.5655 9.99585e-07 1.24354e-06 0.171609 0.33627 1.44004
0.5665 9.99679e-07 1.24418e-06 0.171696 0.334363 1.44127
0.5675 9.99758e-07 1.24471e-06 0.17177 0.332754 1.4423
0.5685 9.99824e-07 1.24516e-06 0.171832 0.331395 1.44317
0.5695 9.99879e-07 1.24554e-06 0.171884 0.330244 1.44391
0.5705 9.99925e-07 1.24586e-06 0.171929 0.329266 1.44454
0.5715 9.99964e-07 1.24614e-06 0.171967 0.328433 1.44508
0.5725 9.99996e-07 1.24637e-06 0.171999 0.32772 1.44554
0.5735 1.00002e-06 1.24657e-06 0.172027 0.327108 1.44593
0.5745 1.00005e-06 1.24675e-06 0.172051 0.32658 1.44627
0.5755 1.00006e-06 1.2469e-06 0.172071 0.326123 1.44657
0.5765 1.00008e-06 1.24702e-06 0.172089 0.325727 1.44682
0.5775 1.0001e-06 1.24714e-06 0.172105 0.325382 1.44704
0.5785 1.00011e-06 1.24723e-06 0.172118 0.32508 1.44724
0.5795 1.00012e-06 1.24732e-06 0.17213 0.324816 1.44741
0.5805 1.00013e-06 1.24739e-06 0.17214 0.324584 1.44755
0.5815 1.00014e-06 1.24746e-06 0.172149 0.32438 1.44769
0.5825 1.00014e-06 1.24751e-06 0.172157 0.3242 1.4478
0.5835 1.00015e-06 1.24756e-06 0.172164 0.324041 1.4479
0.5845 1.00016e-06 1.24761e-06 0.172169 0.3239 1.44799
0.5855 1.00016e-06 1.24764e-06 0.172175 0.323775 1.44807
0.5865 1.00017e-06 1.24768e-06 0.172179 0.323663 1.44814
0.5875 1.00017e-06 1.24771e-06 0.172183 0.323564 1.4482
0.5885 1.00017e-06 1.24773e-06 0.172187 0.323475 1.44826
0.5895 1.00018e-06 1.24776e-06 0.17219 0.323395 1.44831
0.5905 1.00018e-06 1.24778e-06 0.172193 0.323324 1.44835
0.5915 1.00019e-06 1.2478e-06 0.172196 0.323259 1.44839
0.5925 1.00019e-06 1.24781e-06 0.172198 0.323201 1.44843
0.5935 1.0002e-06 1.24783e-06 0.1722 0.323148 1.44846
0.5945 1.0002e-06 1.24784e-06 0.172202 0.3231 1.44848
0.5955 1.00021e-06 1.24785e-06 0.172204 0.323057 1.44851
0.5965 1.00023e-06 1.24786e-06 0.172205 0.323016 1.44853
0.5975 1.00025e-06 1.24787e-06 0.172206 0.322979 1.44855
0.5985 1.00027e-06 1.24787e-06 0.172206 0.322945 1.44856
0.5995 1.0003e-06 1.24788e-06 0.172207 0.322912 1.44858
0.6005 0.00681571 0.00927736 0.170953 0.322882 1.44859
0.6015 0.0431034 0.0574008 0.164515 0.322853 1.4486
0.6025 0.137176 0.179858 0.14826 0.322825 1.44861
0.6035 0.295462 0.383528 0.121359 0.322796 1.44861
0.6045 0.489848 0.632439 0.088554 0.322764 1.44862
0.6055 0.675576 0.870665 0.0571381 0.322724 1.44861
0.6065 0.819251 1.05647 0.0325549 0.32267 1.44858
0.6075 0.911683 1.17778 0.0164089 0.32259 1.44849
0.6085 0.962075 1.24533 0.00733807 0.322458 1.44832
0.6095 0.985663 1.27779 0.00291939 0.322227 1.44797
0.6105 0.995228 1.29118 0.00103496 0.321795 1.4473
0.6115 0.998602 1.29553 0.000326952 0.32097 1.44598
0.6125 0.999638 1.29569 9.18636e-05 0.319409 1.44347
0.6135 0.999913 1.29329 2.28974e-05 0.316538 1.43885
0.6145 0.999978 1.28828 5.09787e-06 0.311479 1.43071
0.6155 1 1.27968 1.09281e-06 0.303012 1.41716
0.6165 1.00003 1.26609 3.18013e-07 0.289623 1.39594
0.6175 1.00008 1.24611 1.90179e-07 0.269749 1.36492
0.6185 1.00017 1.21895 1.70017e-07 0.24229 1.32303
0.6195 1.00027 1.18518 1.63687e-07 0.207392 1.27142
0.6205 1.00034 1.14729 1.58333e-07 0.167172 1.21416
0.6215 1.00035 1.10935 1.53091e-07 0.125728 1.15762
0.6225 1.00028 1.07563 1.48437e-07 0.0879004 1.1081
0.6235 1.00018 1.04893 1.44753e-07 0.0573131 1.06945
0.6245 1.00009 1.02987 1.42123e-07 0.0351624 1.04218
0.6255 1.00004 1.01739 1.40401e-07 0.0205284 1.02447
0.6265 1.00001 1.00975 1.39346e-07 0.0115277 1.01369
0.6275 1 1.00531 1.38733e-07 0.0062825 1.00745
0.6285 1 1.00283 1.3839e-07 0.00334702 1.00396
0.6295 0.999999 1.00148 1.38205e-07 0.00175382 1.00208
0.6305 0.999999 1.00077 1.38106e-07 0.000909012 1.00108
0.6315 0.999999 1.0004 1.38055e-07 0.000468616 1.00055
0.6325 0.999999 1.0002 1.38028e-07 0.000241604 1.00029
0.6335 0.999999 1.0001 1.38015e-07 0.000125219 1.00015
0.6345 0.999999 1.00005 1.38008e-07 6.55288e-05 1.00008
0.6355 0.999999 1.00003 1.38004e-07 3.47343e-05 1.00004
0.6365 0.999999 1.00001 1.38002e-07 1.86781e-05 1.00002
0.6375 0.999999 1.00001 1.38001e-07 1.01892e-05 1.00001
0.6385 0.999999 1 1.38001e-07 5.6311e-06 1.00001
0.6395 0.999999 1 1.38e-07 3.14588e-06 1
0.6405 0.999999 1 1.38e-07 1.7721e-06 1
0.6415 0.999999 1 1.38e-07 1.00405e-06 1
0.6425 0.999999 0.999999 1.38e-07 5.70948e-07 1
0.6435 0.999999 0.999999 1.38e-07 3.25256e-07 1
0.6445 0.999999 0.999999 1.38e-07 1.85363e-07 1
0.6455 0.999999 0.999999 1.38e-07 1.05563e-07 1
0.6465 0.999999 0.999999 1.38e-07 6.00262e-08 1
0.6475 0.999999 0.999999 1.38e-07 3.40593e-08 1
0.6485 0.999999 0.999999 1.38e-07 1.92749e-08 1
0.6495 0.999999 0.999999 1.38e-07 1.08757e-08 1
0.6505 0.999999 0.999999 1.38e-07 6.11651e-09 1
0.6515 0.999999 0.999999 1.38e-07 3.42798e-09 1
0.6525 0.999999 0.999999 1.38e-07 1.91417e-09 1
0.6535 0.999999 0.999999 1.38e-07 1.06478e-09 1
0.6545 0.999999 0.999999 1.38e-07 5.89956e-10 1
0.6555 0.999999 0.999999 1.38e-07 3.25543e-10 1
0.6565 0.999999 0.999999 1.38e-07 1.78888e-10 1
0.6575 0.999999 0.999999 1.38e-07 9.78811e-11 1
0.6585 0.999999 0.999999 1.38e-07 5.33238e-11 1
0.6595 0.999999 0.999999 1.38e-07 2.8921e-11 1
0.6605 0.999999 0.999999 1.38e-07 1.56151e-11 1
0.6615 0.999999 0.999999 1.38e-07 8.39246e-12 1
0.6625 0.999999 0.999999 1.38e-07 4.48973e-12 1
0.6635 0.999999 0.999999 1.38e-07 2.3905e-12 1
0.6645 0.999999 0.999999 1.38e-07 1.26664e-12 1
0.6655 0.999999 0.999999 1.38e-07 6.67919e-13 1
0.6665 0.999999 0.999999 1.38e-07 3.50433e-13 1
0.6675 0.999999 0.999999 1.38e-07 1.82923e-13 1
0.6685 0.999999 0.999999 1.38e-07 9.49801e-14 1
0.6695 0.999999 0.999999 1.38e-07 4.92177e-14 1
0.6705 0.999999 0.999999 1.38e-07 2.53553e-14 1
0.6715 0.999999 0.999999 1.38e-07 1.28881e-14 1
0.6725 0.999999 0.999999 1.38e-07 6.49658e-15 1
0.6735 0.999999 0.999999 1.38e-07 3.28699e-15 1
0.6745 0.999999 0.999999 1.38e-07 1.68896e-15 1
0.6755 0.999999 0.999999 1.38e-07 7.9195e-16 1
0.6765 0.999999 0.999999 1.38e-07 3.08422e-16 1
0.6775 0.999999 0.999999 1.38e-07 6.3274e-17 1
0.6785 0.999999 0.999999 1.38e-07 0 1
0.6795 0.999999 0.999999 1.38e-07 0 1
0.6805 0.999999 0.999999 1.38e-07 0 1
0.6815 0.999999 0.999999 1.38e-07 0 1
0.6825 0.999999 0.999999 1.38e-07 0 1
0.6835 0.999999 0.999999 1.38e-07 0 1
0.6845 0.999999 0.999999 1.38e-07 0 1
0.6855 0.999999 0.999999 1.38e-07 0 1
0.6865 0.999999 0.999999 1.38e-07 0 1
0.6875 0.999999 0.999999 1.38e-07 0 1
0.6885 0.999999 0.999999 1.38e-07 0 1
0.6895 0.999999 0.999999 1.38e-07 0 1
0.6905 0.999999 0.999999 1.38e-07 0 1
0.6915 0.999999 0.999999 1.38e-07 0 1
0.6925 0.999999 0.999999 1.38e-07 0 1
0.6935 0.999999 0.999999 1.38e-07 0 1
0.6945 0.999999 0.999999 1.38e-07 0 1
0.6955 0.999999 0.999999 1.38e-07 0 1
0.6965 0.999999 0.999999 1.38e-07 0 1
0.6975 0.999999 0.999999 1.38e-07 0 1
0.6985 0.999999 0.999999 1.38e-07 0 1
0.6995 0.999999 0.999999 1.38e-07 0 1
0.7005 0.999999 0.999999 1.38e-07 0 1
0.7015 0.999999 0.999999 1.38e-07 0 1
0.7025 0.999999 0.999999 1.38e-07 0 1
0.7035 0.999999 0.999999 1.38e-07 0 1
0.7045 0.999999 0.999999 1.38e-07 0 1
0.7055 0.999999 0.999999 1.38e-07 0 1
0.7065 0.999999 0.999999 1.38e-07 0 1
0.7075 0.999999 0.999999 1.38e-07 0 1
0.7085 0.999999 0.999999 1.38e-07 0 1
0.7095 0.999999 0.999999 1.38e-07 0 1
0.7105 0.999999 0.999999 1.38e-07 0 1
0.7115 0.999999 0.999999 1.38e-07 0 1
0.7125 0.999999 0.999999 1.38e-07 0 1
0.7135 0.999999 0.999999 1.38e-07 0 1
0.7145 0.999999 0.999999 1.38e-07 0 1
0.7155 0.999999 0.999999 1.38e-07 0 1
0.7165 0.999999 0.999999 1.38e-07 0 1
0.7175 0.999999 0.999999 1.38e-07 0 1
0.7185 0.999999 0.999999 1.38e-07 0 1
0.7195 0.999999 0.999999 1.38e-07 0 1
0.7205 0.999999 0.999999 1.38e-07 0 1
0.7215 0.999999 0.999999 1.38e-07 0 1
0.7225 0.999999 0.999999 1.38e-07 0 1
0.7235 0.999999 0.999999 1.38e-07 0 1
0.7245 0.999999 0.999999 1.38e-07 0 1
0.7255 0.999999 0.999999 1.38e-07 0 1
0.7265 0.999999 0.999999 1.38e-07 0 1
0.7275 0.999999 0.999999 1.38e-07 0 1
0.7285 0.999999 0.999999 1.38e-07 0 1
0.7295 0.999999 0.999999 1.38e-07 0 1
0.7305 0.999999 0.999999 1.38e-07 0 1
0.7315 0.999999 0.999999 1.38e-07 0 1
0.7325 0.999999 0.999999 1.38e-07 0 1
0.7335 0.999999 0.999999 1.38e-07 0 1
0.7345 0.999999 0.999999 1.38e-07 0 1
0.7355 0.999999 0.999999 1.38e-07 0 1
0.7365 0.999999 0.999999 1.38e-07 0 1
0.7375 0.999999 0.999999 1.38e-07 0 1
0.7385 0.999999 0.999999 1.38e-07 0 1
0.7395 0.999999 0.999999 1.38e-07 0 1
0.7405 0.999999 0.999999 1.38e-07 0 1
0.7415 0.999999 0.999999 1.38e-07 0 1
0.7425 0.999999 0.999999 1.38e-07 0 1
0.7435 0.999999 0.999999 1.38e-07 0 1
0.7445 0.999999 0.999999 1.38e-07 0 1
0.7455 0.999999 0.999999 1.38e-07 0 1
0.7465 0.999999 0.999999 1.38e-07 0 1
0.7475 0.999999 0.999999 1.38e-07 0 1
0.7485 0.999999 0.999999 1.38e-07 0 1
0.7495 0.999999 0.999999 1.38e-07 0 1
0.7505 0.999999 0.999999 1.38e-07 0 1
0.7515 0.999999 0.999999 1.38e-07 0 1
0.7525 0.999999 0.999999 1.38e-07 0 1
0.7535 0.999999 0.999999 1.38e-07 0 1
0.7545 0.999999 0.999999 1.38e-07 0 1
0.7555 0.999999 0.999999 1.38e-07 0 1
0.7565 0.999999 0.999999 1.38e-07 0 1
0.7575 0.999999 0.999999 1.38e-07 0 1
0.7585 0.999999 0.999999 1.38e-07 0 1
0.7595 0.999999 0.999999 1.38e-07 0 1
0.7605 0.999999 0.999999 1.38e-07 0 1
0.7615 0.999999 0.999999 1.38e-07 0 1
0.7625 0.999999 0.999999 1.38e-07 0 1
0.7635 0.999999 0.999999 1.38e-07 0 1
0.7645 0.999999 0.999999 1.38e-07 0 1
0.7655 0.999999 0.999999 1.38e-07 0 1
0.7665 0.999999 0.999999 1.38e-07 0 1
0.7675 0.999999 0.999999 1.38e-07 0 1
0.7685 0.999999 0.999999 1.38e-07 0 1
0.7695 0.999999 0.999999 1.38e-07 0 1
0.7705 0.999999 0.999999 1.38e-07 0 1
0.7715 0.999999 0.999999 1.38e-07 0 1
0.7725 0.999999 0.999999 1.38e-07 0 1
0.7735 0.999999 0.999999 1.38e-07 0 1
0.7745 0.999999 0.999999 1.38e-07 0 1
0.7755 0.999999 0.999999 1.38e-07 0 1
0.7765 0.999999 0.999999 1.38e-07 0 1
0.7775 0.999999 0.999999 1.38e-07 0 1
0.7785 0.999999 0.999999 1.38e-07 0 1
0.7795 0.999999 0.999999 1.38e-07 0 1
0.7805 0.999999 0.999999 1.38e-07 0 1
0.7815 0.999999 0.999999 1.38e-07 0 1
0.7825 0.999999 0.999999 1.38e-07 0 1
0.7835 0.999999 0.999999 1.38e-07 0 1
0.7845 0.999999 0.999999 1.38e-07 0 1
0.7855 0.999999 0.999999 1.38e-07 0 1
0.7865 0.999999 0.999999 1.38e-07 0 1
0.7875 0.999999 0.999999 1.38e-07 0 1
0.7885 0.999999 0.999999 1.38e-07 0 1
0.7895 0.999999 0.999999 1.38e-07 0 1
0.7905 0.999999 0.999999 1.38e-07 0 1
0.7915 0.999999 0.999999 1.38e-07 0 1
0.7925 0.999999 0.999999 1.38e-07 0 1
0.7935 0.999999 0.999999 1.38e-07 0 1
0.7945 0.999999 0.999999 1.38e-07 0 1
0.7955 0.999999 0.999999 1.38e-07 0 1
0.7965 0.999999 0.999999 1.38e-07 0 1
0.7975 0.999999 0.999999 1.38e-07 0 1
0.7985 0.999999 0.999999 1.38e-07 0 1
0.7995 0.999999 0.999999 1.38e-07 0 1
0.8005 0.999999 0.999999 1.38e-07 0 1
0.8015 0.999999 0.999999 1.38e-07 0 1
0.8025 0.999999 0.999999 1.38e-07 0 1
0.8035 0.999999 0.999999 1.38e-07 0 1
0.8045 0.999999 0.999999 1.38e-07 0 1
0.8055 0.999999 0.999999 1.38e-07 0 1
0.8065 0.999999 0.999999 1.38e-07 0 1
0.8075 0.999999 0.999999 1.38e-07 0 1
0.8085 0.999999 0.999999 1.38e-07 0 1
0.8095 0.999999 0.999999 1.38e-07 0 1
0.8105 0.999999 0.999999 1.38e-07 0 1
0.8115 0.999999 0.999999 1.38e-07 0 1
0.8125 0.999999 0.999999 1.38e-07 0 1
0.8135 0.999999 0.999999 1.38e-07 0 1
0.8145 0.999999 0.999999 1.38e-07 0 1
0.8155 0.999999 0.999999 1.38e-07 0 1
0.8165 0.999999 0.999999 1.38e-07 0 1
0.8175 0.999999 0.999999 1.38e-07 0 1
0.8185 0.999999 0.999999 1.38e-07 0 1
0.8195 0.999999 0.999999 1.38e-07 0 1
0.8205 0.999999 0.999999 1.38e-07 0 1
0.8215 0.999999 0.999999 1.38e-07 0 1
0.8225 0.999999 0.999999 1.38e-07 0 1
0.8235 0.999999 0.999999 1.38e-07 0 1
0.8245 0.999999 0.999999 1.38e-07 0 1
0.8255 0.999999 0.999999 1.38e-07 0 1
0.8265 0.999999 0.999999 1.38e-07 0 1
0.8275 0.999999 0.999999 1.38e-07 0 1
0.8285 0.999999 0.999999 1.38e-07 0 1
0.8295 0.999999 0.999999 1.38e-07 0 1
0.8305 0.999999 0.999999 1.38e-07 0 1
0.8315 0.999999 0.999999 1.38e-07 0 1
0.8325 0.999999 0.999999 1.38e-07 0 1
0.8335 0.999999 0.999999 1.38e-07 0 1
0.8345 0.999999 0.999999 1.38e-07 0 1
0.8355 0.999999 0.999999 1.38e-07 0 1
0.8365 0.999999 0.999999 1.38e-07 0 1
0.8375 0.999999 0.999999 1.38e-07 0 1
0.8385 0.999999 0.999999 1.38e-07 0 1
0.8395 0.999999 0.999999 1.38e-07 0 1
0.8405 0.999999 0.999999 1.38e-07 0 1
0.8415 0.999999 0.999999 1.38e-07 0 1
0.8425 0.999999 0.999999 1.38e-07 0 1
0.8435 0.999999 0.999999 1.38e-07 0 1
0.8445 0.999999 0.999999 1.38e-07 0 1
0.8455 0.999999 0.999999 1.38e-07 0 1
0.8465 0.999999 0.999999 1.38e-07 0 1
0.8475 0.999999 0.999999 1.38e-07 0 1
0.8485 0.999999 0.999999 1.38e-07 0 1
0.8495 0.999999 0.999999 1.38e-07 0 1
0.8505 0.999999 0.999999 1.38e-07 0 1
0.8515 0.999999 0.999999 1.38e-07 0 1
0.8525 0.999999 0.999999 1.38e-07 0 1
0.8535 0.999999 0.999999 1.38e-07 0 1
0.8545 0.999999 0.999999 1.38e-07 0 1
0.8555 0.999999 0.999999 1.38e-07 0 1
0.8565 0.999999 0.999999 1.38e-07 0 1
0.8575 0.999999 0.999999 1.38e-07 0 1
0.8585 0.999999 0.999999 1.38e-07 0 1
0.8595 0.999999 0.999999 1.38e-07 0 1
0.8605 0.999999 0.999999 1.38e-07 0 1
0.8615 0.999999 0.999999 1.38e-07 0 1
0.8625 0.999999 0.999999 1.38e-07 0 1
0.8635 0.999999 0.999999 1.38e-07 0 1
0.8645 0.999999 0.999999 1.38e-07 0 1
0.8655 0.999999 0.999999 1.38e-07 0 1
0.8665 0.999999 0.999999 1.38e-07 0 1
0.8675 0.999999 0.999999 1.38e-07 0 1
0.8685 0.999999 0.999999 1.38e-07 0 1
0.8695 0.999999 0.999999 1.38e-07 0 1
0.8705 0.999999 0.999999 1.38e-07 0 1
0.8715 0.999999 0.999999 1.38e-07 0 1
0.8725 0.999999 0.999999 1.38e-07 0 1
0.8735 0.999999 0.999999 1.38e-07 0 1
0.8745 0.999999 0.999999 1.38e-07 0 1
0.8755 0.999999 0.999999 1.38e-07 0 1
0.8765 0.999999 0.999999 1.38e-07 0 1
0.8775 0.999999 0.999999 1.38e-07 0 1
0.8785 0.999999 0.999999 1.38e-07 0 1
0.8795 0.999999 0.999999 1.38e-07 0 1
0.8805 0.999999 0.999999 1.38e-07 0 1
0.8815 0.999999 0.999999 1.38e-07 0 1
0.8825 0.999999 0.999999 1.38e-07 0 1
0.8835 0.999999 0.999999 1.38e-07 0 1
0.8845 0.999999 0.999999 1.38e-07 0 1
0.8855 0.999999 0.999999 1.38e-07 0 1
0.8865 0.999999 0.999999 1.38e-07 0 1
0.8875 0.999999 0.999999 1.38e-07 0 1
0.8885 0.999999 0.999999 1.38e-07 0 1
0.8895 0.999999 0.999999 1.38e-07 0 1
0.8905 0.999999 0.999999 1.38e-07 0 1
0.8915 0.999999 0.999999 1.38e-07 0 1
0.8925 0.999999 0.999999 1.38e-07 0 1
0.8935 0.999999 0.999999 1.38e-07 0 1
0.8945 0.999999 0.999999 1.38e-07 0 1
0.8955 0.999999 0.999999 1.38e-07 0 1
0.8965 0.999999 0.999999 1.38e-07 0 1
0.8975 0.999999 0.999999 1.38e-07 0 1
0.8985 0.999999 0.999999 1.38e-07 0 1
0.8995 0.999999 0.999999 1.38e-07 0 1
0.9005 0.999999 0.999999 1.38e-07 0 1
0.9015 0.999999 0.999999 1.38e-07 0 1
0.9025 0.999999 0.999999 1.38e-07 0 1
0.9035 0.999999 0.999999 1.38e-07 0 1
0.9045 0.999999 0.999999 1.38e-07 0 1
0.9055 0.999999 0.999999 1.38e-07 0 1
0.9065 0.999999 0.999999 1.38e-07 0 1
0.9075 0.999999 0.999999 1.38e-07 0 1
0.9085 0.999999 0.999999 1.38e-07 0 1
0.9095 0.999999 0.999999 1.38e-07 0 1
0.9105 0.999999 0.999999 1.38e-07 0 1
0.9115 0.999999 0.999999 1.38e-07 0 1
0.9125 0.999999 0.999999 1.38e-07 0 1
0.9135 0.999999 0.999999 1.38e-07 0 1
0.9145 0.999999 0.999999 1.38e-07 0 1
0.9155 0.999999 0.999999 1.38e-07 0 1
0.9165 0.999999 0.999999 1.38e-07 0 1
0.9175 0.999999 0.999999 1.38e-07 0 1
0.9185 0.999999 0.999999 1.38e-07 0 1
0.9195 0.999999 0.999999 1.38e-07 0 1
0.9205 0.999999 0.999999 1.38e-07 0 1
0.9215 0.999999 0.999999 1.38e-07 0 1
0.9225 0.999999 0.999999 1.38e-07 0 1
0.9235 0.999999 0.999999 1.38e-07 0 1
0.9245 0.999999 0.999999 1.38e-07 0 1
0.9255 0.999999 0.999999 1.38e-07 0 1
0.9265 0.999999 0.999999 1.38e-07 0 1
0.9275 0.999999 0.999999 1.38e-07 0 1
0.9285 0.999999 0.999999 1.38e-07 0 1
0.9295 0.999999 0.999999 1.38e-07 0 1
0.9305 0.999999 0.999999 1.38e-07 0 1
0.9315 0.999999 0.999999 1.38e-07 0 1
0.9325 0.999999 0.999999 1.38e-07 0 1
0.9335 0.999999 0.999999 1.38e-07 0 1
0.9345 0.999999 0.999999 1.38e-07 0 1
0.9355 0.999999 0.999999 1.38e-07 0 1
0.9365 0.999999 0.999999 1.38e-07 0 1
0.9375 0.999999 0.999999 1.38e-07 0 1
0.9385 0.999999 0.999999 1.38e-07 0 1
0.9395 0.999999 0.999999 1.38e-07 0 1
0.9405 0.999999 0.999999 1.38e-07 0 1
0.9415 0.999999 0.999999 1.38e-07 0 1
0.9425 0.999999 0.999999 1.38e-07 0 1
0.9435 0.999999 0.999999 1.38e-07 0 1
0.9445 0.999999 0.999999 1.38e-07 0 1
0.9455 0.999999 0.999999 1.38e-07 0 1
0.9465 0.999999 0.999999 1.38e-07 0 1
0.9475 0.999999 0.999999 1.38e-07 0 1
0.9485 0.999999 0.999999 1.38e-07 0 1
0.9495 0.999999 0.999999 1.38e-07 0 1
0.9505 0.999999 0.999999 1.38e-07 0 1
0.9515 0.999999 0.999999 1.38e-07 0 1
0.9525 0.999999 0.999999 1.38e-07 0 1
0.9535 0.999999 0.999999 1.38e-07 0 1
0.9545 0.999999 0.999999 1.38e-07 0 1
0.9555 0.999999 0.999999 1.38e-07 0 1
0.9565 0.999999 0.999999 1.38e-07 0 1
0.9575 0.999999 0.999999 1.38e-07 0 1
0.9585 0.999999 0.999999 1.38e-07 0 1
0.9595 0.999999 0.999999 1.38e-07 0 1
0.9605 0.999999 0.999999 1.38e-07 0 1
0.9615 0.999999 0.999999 1.38e-07 0 1
0.9625 0.999999 0.999999 1.38e-07 0 1
0.9635 0.999999 0.999999 1.38e-07 0 1
0.9645 0.999999 0.999999 1.38e-07 0 1
0.9655 0.999999 0.999999 1.38e-07 0 1
0.9665 0.999999 0.999999 1.38e-07 0 1
0.9675 0.999999 0.999999 1.38e-07 0 1
0.9685 0.999999 0.999999 1.38e-07 0 1
0.9695 0.999999 0.999999 1.38e-07 0 1
0.9705 0.999999 0.999999 1.38e-07 0 1
0.9715 0.999999 0.999999 1.38e-07 0 1
0.9725 0.999999 0.999999 1.38e-07 0 1
0.9735 0.999999 0.999999 1.38e-07 0 1
0.9745 0.999999 0.999999 1.38e-07 0 1
0.9755 0.999999 0.999999 1.38e-07 0 1
0.9765 0.999999 0.999999 1.38e-07 0 1
0.9775 0.999999 0.999999 1.38e-07 0 1
0.9785 0.999999 0.999999 1.38e-07 0 1
0.9795 0.999999 0.999999 1.38e-07 0 1
0.9805 0.999999 0.999999 1.38e-07 0 1
0.9815 0.999999 0.999999 1.38e-07 0 1
0.9825 0.999999 0.999999 1.38e-07 0 1
0.9835 0.999999 0.999999 1.38e-07 0 1
0.9845 0.999999 0.999999 1.38e-07 0 1
0.9855 0.999999 0.999999 1.38e-07 0 1
0.9865 0.999999 0.999999 1.38e-07 0 1
0.9875 0.999999 0.999999 1.38e-07 0 1
0.9885 0.999999 0.999999 1.38e-07 0 1
0.9895 0.999999 0.999999 1.38e-07 0 1
0.9905 0.999999 0.999999 1.38e-07 0 1
0.9915 0.999999 0.999999 1.38e-07 0 1
0.9925 0.999999 0.999999 1.38e-07 0 1
0.9935 0.999999 0.999999 1.38e-07 0 1
0.9945 0.999999 0.999999 1.38e-07 0 1
0.9955 0.999999 0.999999 1.38e-07 0 1
0.9965 0.999999 0.999999 1.38e-07 0 1
0.9975 0.999999 0.999999 1.38e-07 0 1
0.9985 0.999999 0.999999 1.38e-07 0 1
0.9995 0.999999 0.999999 1.38e-07 0 1
