x alpha rho1 rho2 v p
0.0005 0.999999 1.3765 1.38e-07 0.3948 1.57
0.0015 0.999999 1.3765 1.38e-07 0.3948 1.57
0.0025 0.999999 1.3765 1.38e-07 0.3948 1.57
0.0035 0.999999 1.3765 1.38e-07 0.3948 1.57
0.0045 0.999999 1.3765 1.38e-07 0.3948 1.57
0.0055 0.999999 1.3765 1.38e-07 0.3948 1.57
0.0065 0.999999 1.3765 1.38e-07 0.3948 1.57
0.0075 0.999999 1.3765 1.38e-07 0.3948 1.57
0.0085 0.999999 1.3765 1.38e-07 0.3948 1.57
0.0095 0.999999 1.3765 1.38e-07 0.3948 1.57
0.0105 0.999999 1.3765 1.38e-07 0.3948 1.57
0.0115 0.999999 1.3765 1.38e-07 0.3948 1.57
0.0125 0.999999 1.3765 1.38e-07 0.3948 1.57
0.0135 0.999999 1.3765 1.38e-07 0.3948 1.57
0.0145 0.999999 1.3765 1.38e-07 0.3948 1.57
0.0155 0.999999 1.3765 1.38e-07 0.3948 1.57
0.0165 0.999999 1.3765 1.38e-07 0.3948 1.57
0.0175 0.999999 1.3765 1.38e-07 0.3948 1.57
0.0185 0.999999 1.3765 1.38e-07 0.3948 1.57
0.0195 0.999999 1.3765 1.38e-07 0.3948 1.57
0.0205 0.999999 1.3765 1.38e-07 0.3948 1.57
0.0215 0.999999 1.3765 1.38e-07 0.3948 1.57
0.0225 0.999999 1.3765 1.38e-07 0.3948 1.57
0.0235 0.999999 1.3765 1.38e-07 0.3948 1.57
0.0245 0.999999 1.3765 1.38e-07 0.3948 1.57
0.0255 0.999999 1.3765 1.38e-07 0.3948 1.57
0.0265 0.999999 1.3765 1.38e-07 0.3948 1.57
0.0275 0.999999 1.3765 1.38e-07 0.3948 1.57
0.0285 0.999999 1.3765 1.38e-07 0.3948 1.57
0.0295 0.999999 1.3765 1.38e-07 0.3948 1.57
0.0305 0.999999 1.3765 1.38e-07 0.3948 1.57
0.0315 0.999999 1.3765 1.38e-07 0.3948 1.57
0.0325 0.999999 1.3765 1.38e-07 0.3948 1.57
0.0335 0.999999 1.3765 1.38e-07 0.3948 1.57
0.0345 0.999999 1.3765 1.38e-07 0.3948 1.57
0.0355 0.999999 1.3765 1.38e-07 0.3948 1.57
0.0365 0.999999 1.3765 1.38e-07 0.3948 1.57
0.0375 0.999999 1.3765 1.38e-07 0.3948 1.57
0.0385 0.999999 1.3765 1.38e-07 0.3948 1.57
0.0395 0.999999 1.3765 1.38e-07 0.3948 1.57
0.0405 0.999999 1.3765 1.38e-07 0.3948 1.57
0.0415 0.999999 1.3765 1.38e-07 0.3948 1.57
0.0425 0.999999 1.3765 1.38e-07 0.3948 1.57
0.0435 0.999999 1.3765 1.38e-07 0.3948 1.57
0.0445 0.999999 1.3765 1.38e-07 0.3948 1.57
0.0455 0.999999 1.3765 1.38e-07 0.3948 1.57
0.0465 0.999999 1.3765 1.38e-07 0.3948 1.57
0.0475 0.999999 1.3765 1.38e-07 0.3948 1.57
0.0485 0.999999 1.3765 1.38e-07 0.3948 1.57
0.0495 0.999999 1.3765 1.38e-07 0.394801 1.57
0.0505 0.999999 1.3765 1.38e-07 0.394801 1.57
0.0515 0.999999 1.3765 1.38e-07 0.394801 1.57
0.0525 0.999999 1.3765 1.38e-07 0.394801 1.57
0.0535 0.999999 1.3765 1.38e-07 0.394802 1.57
0.0545 0.999999 1.3765 1.38e-07 0.394802 1.57
0.0555 0.999999 1.3765 1.38e-07 0.394803 1.57
0.0565 1 1.3765 1.38e-07 0.394803 1.56999
0.0575 1 1.37649 1.38e-07 0.394804 1.56999
0.0585 1 1.37649 1.37999e-07 0.394805 1.56999
0.0595 1 1.37649 1.37999e-07 0.394806 1.56999
0.0605 1 1.37649 1.37999e-07 0.394808 1.56999
0.0615 1 1.37649 1.37999e-07 0.394809 1.56998
0.0625 1 1.37649 1.37999e-07 0.394811 1.56998
0.0635 1 1.37648 1.37999e-07 0.394814 1.56998
0.0645 1 1.37648 1.37998e-07 0.394816 1.56997
0.0655 1 1.37648 1.37998e-07 0.39482 1.56996
0.0665 1 1.37647 1.37998e-07 0.394823 1.56996
0.0675 1 1.37647 1.37997e-07 0.394828 1.56995
0.0685 1 1.37646 1.37997e-07 0.394833 1.56994
0.0695 1 1.37646 1.37996e-07 0.394838 1.56993
0.0705 1 1.37645 1.37995e-07 0.394844 1.56992
0.0715 1 1.37644 1.37994e-07 0.394851 1.56991
0.0725 1.00001 1.37644 1.37994e-07 0.394859 1.56989
0.0735 1.00001 1.37643 1.37993e-07 0.394868 1.56988
0.0745 1.00001 1.37642 1.37992e-07 0.394878 1.56986
0.0755 1.00001 1.3764 1.3799e-07 0.394889 1.56984
0.0765 1.00001 1.37639 1.37989e-07 0.3949 1.56982
0.0775 1.00001 1.37638 1.37988e-07 0.394913 1.5698
0.0785 1.00001 1.37636 1.37986e-07 0.394927 1.56978
0.0795 1.00001 1.37635 1.37985e-07 0.394941 1.56975
0.0805 1.00001 1.37633 1.37983e-07 0.394957 1.56972
0.0815 1.00001 1.37631 1.37981e-07 0.394973 1.56969
0.0825 1.00001 1.37629 1.37979e-07 0.394991 1.56966
0.0835 1.00001 1.37627 1.37977e-07 0.395009 1.56963
0.0845 1.00001 1.37625 1.37975e-07 0.395028 1.5696
0.0855 1.00001 1.37623 1.37973e-07 0.395047 1.56956
0.0865 1.00001 1.37621 1.37971e-07 0.395067 1.56953
0.0875 1.00002 1.37619 1.37969e-07 0.395087 1.56949
0.0885 1.00002 1.37617 1.37967e-07 0.395108 1.56946
0.0895 1.00002 1.37614 1.37964e-07 0.395128 1.56942
0.0905 1.00001 1.37612 1.37962e-07 0.395148 1.56939
0.0915 1.00001 1.3761 1.3796e-07 0.395168 1.56936
0.0925 1.00001 1.37608 1.37958e-07 0.395187 1.56932
0.0935 1.00001 1.37606 1.37956e-07 0.395206 1.56929
0.0945 1.00001 1.37604 1.37954e-07 0.395223 1.56926
0.0955 1.00001 1.37602 1.37952e-07 0.39524 1.56923
0.0965 1.00001 1.37601 1.37951e-07 0.395255 1.5692
0.0975 1.00001 1.37599 1.37949e-07 0.395269 1.56918
0.0985 1.00001 1.37598 1.37948e-07 0.395282 1.56916
0.0995 1.00001 1.37596 1.37946e-07 0.395293 1.56914
0.1005 1.00001 1.37595 1.37945e-07 0.395302 1.56913
0.1015 1 1.37595 1.37945e-07 0.395309 1.56911
0.1025 1 1.37594 1.37944e-07 0.395315 1.5691
0.1035 1 1.37593 1.37943e-07 0.395319 1.5691
0.1045 1 1.37593 1.37943e-07 0.395321 1.56909
0.1055 0.999999 1.37593 1.37943e-07 0.395322 1.56909
0.1065 0.999998 1.37593 1.37943e-07 0.39532 1.5691
0.1075 0.999996 1.37593 1.37943e-07 0.395317 1.5691
0.1085 0.999995 1.37594 1.37944e-07 0.395313 1.56911
0.1095 0.999994 1.37595 1.37945e-07 0.395307 1.56912
0.1105 0.999993 1.37595 1.37945e-07 0.3953 1.56913
0.1115 0.999992 1.37596 1.37946e-07 0.395291 1.56915
0.1125 0.999991 1.37597 1.37947e-07 0.395282 1.56916
0.1135 0.999991 1.37598 1.37948e-07 0.395272 1.56918
0.1145 0.99999 1.376 1.3795e-07 0.395261 1.5692
0.1155 0.99999 1.37601 1.37951e-07 0.395249 1.56922
0.1165 0.999989 1.37602 1.37952e-07 0.395237 1.56924
0.1175 0.999989 1.37603 1.37953e-07 0.395224 1.56927
0.1185 0.999989 1.37605 1.37955e-07 0.395211 1.56929
0.1195 0.999989 1.37606 1.37956e-07 0.395198 1.56931
0.1205 0.999989 1.37608 1.37958e-07 0.395185 1.56933
0.1215 0.999989 1.37609 1.37959e-07 0.395173 1.56936
0.1225 0.999989 1.3761 1.3796e-07 0.39516 1.56938
0.1235 0.999989 1.37612 1.37962e-07 0.395147 1.5694
0.1245 0.999989 1.37613 1.37963e-07 0.395135 1.56942
0.1255 0.99999 1.37614 1.37964e-07 0.395124 1.56944
0.1265 0.99999 1.37616 1.37966e-07 0.395112 1.56946
0.1275 0.99999 1.37617 1.37967e-07 0.395101 1.56948
0.1285 0.999991 1.37618 1.37968e-07 0.39509 1.5695
0.1295 0.999991 1.37619 1.37969e-07 0.39508 1.56951
0.1305 0.999991 1.3762 1.3797e-07 0.395071 1.56953
0.1315 0.999992 1.37621 1.37971e-07 0.395061 1.56955
0.1325 0.999992 1.37622 1.37972e-07 0.395053 1.56956
0.1335 0.999992 1.37623 1.37973e-07 0.395044 1.56958
0.1345 0.999993 1.37624 1.37974e-07 0.395036 1.56959
0.1355 0.999993 1.37625 1.37975e-07 0.395029 1.5696
0.1365 0.999993 1.37626 1.37976e-07 0.395022 1.56962
0.1375 0.999994 1.37626 1.37976e-07 0.395015 1.56963
0.1385 0.999994 1.37627 1.37977e-07 0.395009 1.56964
0.1395 0.999994 1.37628 1.37978e-07 0.395002 1.56965
0.1405 0.999995 1.37628 1.37978e-07 0.394997 1.56966
0.1415 0.999995 1.37629 1.37979e-07 0.394991 1.56967
0.1425 0.999995 1.3763 1.3798e-07 0.394986 1.56968
0.1435 0.999995 1.3763 1.3798e-07 0.394981 1.56969
0.1445 0.999995 1.37631 1.37981e-07 0.394976 1.56969
0.1455 0.999996 1.37631 1.37981e-07 0.394972 1.5697
0.1465 0.999996 1.37632 1.37982e-07 0.394968 1.56971
0.1475 0.999996 1.37632 1.37982e-07 0.394964 1.56972
0.1485 0.999996 1.37632 1.37982e-07 0.39496 1.56972
0.1495 0.999996 1.37633 1.37983e-07 0.394956 1.56973
0.1505 0.999996 1.37633 1.37983e-07 0.394952 1.56974
0.1515 0.999996 1.37634 1.37984e-07 0.394949 1.56974
0.1525 0.999996 1.37634 1.37984e-07 0.394946 1.56975
0.1535 0.999997 1.37634 1.37984e-07 0.394943 1.56975
0.1545 0.999997 1.37635 1.37985e-07 0.39494 1.56976
0.1555 0.999997 1.37635 1.37985e-07 0.394937 1.56976
0.1565 0.999997 1.37635 1.37985e-07 0.394934 1.56977
0.1575 0.999997 1.37636 1.37986e-07 0.394931 1.56977
0.1585 0.999997 1.37636 1.37986e-07 0.394928 1.56978
0.1595 0.999997 1.37636 1.37986e-07 0.394926 1.56978
0.1605 0.999997 1.37636 1.37986e-07 0.394923 1.56979
0.1615 0.999997 1.37637 1.37987e-07 0.394921 1.56979
0.1625 0.999997 1.37637 1.37987e-07 0.394919 1.56979
0.1635 0.999997 1.37637 1.37987e-07 0.394917 1.5698
0.1645 0.999997 1.37637 1.37987e-07 0.394914 1.5698
0.1655 0.999997 1.37638 1.37988e-07 0.394912 1.56981
0.1665 0.999997 1.37638 1.37988e-07 0.39491 1.56981
0.1675 0.999997 1.37638 1.37988e-07 0.394908 1.56981
0.1685 0.999998 1.37638 1.37988e-07 0.394906 1.56982
0.1695 0.999998 1.37638 1.37989e-07 0.394905 1.56982
0.1705 0.999998 1.37639 1.37989e-07 0.394903 1.56982
0.1715 0.999998 1.37639 1.37989e-07 0.394901 1.56982
0.1725 0.999998 1.37639 1.37989e-07 0.394899 1.56983
0.1735 0.999998 1.37639 1.37989e-07 0.394898 1.56983
0.1745 0.999998 1.37639 1.37989e-07 0.394896 1.56983
0.1755 0.999998 1.3764 1.3799e-07 0.394895 1.56984
0.1765 0.999998 1.3764 1.3799e-07 0.394893 1.56984
0.1775 0.999998 1.3764 1.3799e-07 0.394892 1.56984
0.1785 0.999998 1.3764 1.3799e-07 0.39489 1.56984
0.1795 0.999998 1.3764 1.3799e-07 0.394889 1.56985
0.1805 0.999998 1.3764 1.3799e-07 0.394887 1.56985
0.1815 0.999998 1.3764 1.37991e-07 0.394886 1.56985
0.1825 0.999998 1.37641 1.37991e-07 0.394885 1.56985
0.1835 0.999998 1.37641 1.37991e-07 0.394883 1.56986
0.1845 0.999998 1.37641 1.37991e-07 0.394882 1.56986
0.1855 0.999998 1.37641 1.37991e-07 0.394881 1.56986
0.1865 0.999998 1.37641 1.37991e-07 0.39488 1.56986
0.1875 0.999998 1.37641 1.37991e-07 0.394879 1.56986
0.1885 0.999998 1.37641 1.37992e-07 0.394877 1.56987
0.1895 0.999998 1.37642 1.37992e-07 0.394876 1.56987
0.1905 0.999998 1.37642 1.37992e-07 0.394875 1.56987
0.1915 0.999998 1.37642 1.37992e-07 0.394874 1.56987
0.1925 0.999998 1.37642 1.37992e-07 0.394873 1.56987
0.1935 0.999998 1.37642 1.37992e-07 0.394872 1.56987
0.1945 0.999998 1.37642 1.37992e-07 0.394871 1.56988
0.1955 0.999998 1.37642 1.37992e-07 0.39487 1.56988
0.1965 0.999998 1.37642 1.37992e-07 0.394869 1.56988
0.1975 0.999998 1.37642 1.37993e-07 0.394868 1.56988
0.1985 0.999998 1.37642 1.37993e-07 0.394868 1.56988
0.1995 0.999998 1.37643 1.37993e-07 0.394867 1.56988
0.2005 0.999998 1.37643 1.37993e-07 0.394866 1.56989
0.2015 0.999998 1.37643 1.37993e-07 0.394865 1.56989
0.2025 0.999998 1.37643 1.37993e-07 0.394864 1.56989
0.2035 0.999998 1.37643 1.37993e-07 0.394863 1.56989
0.2045 0.999998 1.37643 1.37993e-07 0.394862 1.56989
0.2055 0.999998 1.37643 1.37993e-07 0.394862 1.56989
0.2065 0.999998 1.37643 1.37993e-07 0.394861 1.56989
0.2075 0.999998 1.37643 1.37993e-07 0.39486 1.5699
0.2085 0.999998 1.37643 1.37993e-07 0.394859 1.5699
0.2095 0.999998 1.37643 1.37994e-07 0.394859 1.5699
0.2105 0.999998 1.37644 1.37994e-07 0.394858 1.5699
0.2115 0.999998 1.37644 1.37994e-07 0.394857 1.5699
0.2125 0.999998 1.37644 1.37994e-07 0.394857 1.5699
0.2135 0.999998 1.37644 1.37994e-07 0.394856 1.5699
0.2145 0.999999 1.37644 1.37994e-07 0.394855 1.5699
0.2155 0.999999 1.37644 1.37994e-07 0.394855 1.5699
0.2165 0.999999 1.37644 1.37994e-07 0.394854 1.56991
0.2175 0.999999 1.37644 1.37994e-07 0.394854 1.56991
0.2185 0.999999 1.37644 1.37994e-07 0.394853 1.56991
0.2195 0.999999 1.37644 1.37994e-07 0.394852 1.56991
0.2205 0.999999 1.37644 1.37994e-07 0.394852 1.56991
0.2215 0.999999 1.37644 1.37994e-07 0.394851 1.56991
0.2225 0.999999 1.37644 1.37994e-07 0.394851 1.56991
0.2235 0.999999 1.37644 1.37995e-07 0.39485 1.56991
0.2245 0.999999 1.37644 1.37995e-07 0.39485 1.56991
0.2255 0.999999 1.37645 1.37995e-07 0.394849 1.56991
0.2265 0.999999 1.37645 1.37995e-07 0.394849 1.56992
0.2275 0.999999 1.37645 1.37995e-07 0.394848 1.56992
0.2285 0.999999 1.37645 1.37995e-07 0.394848 1.56992
0.2295 0.999999 1.37645 1.37995e-07 0.394847 1.56992
0.2305 0.999999 1.37645 1.37995e-07 0.394847 1.56992
0.2315 0.999999 1.37645 1.37995e-07 0.394846 1.56992
0.2325 0.999999 1.37645 1.37995e-07 0.394846 1.56992
0.2335 0.999999 1.37645 1.37995e-07 0.394845 1.56992
0.2345 0.999999 1.37645 1.37995e-07 0.394845 1.56992
0.2355 0.999999 1.37645 1.37995e-07 0.394844 1.56992
0.2365 0.999999 1.37645 1.37995e-07 0.394844 1.56992
0.2375 0.999999 1.37645 1.37995e-07 0.394844 1.56992
0.2385 0.999999 1.37645 1.37995e-07 0.394843 1.56993
0.2395 0.999999 1.37645 1.37995e-07 0.394843 1.56993
0.2405 0.999999 1.37645 1.37995e-07 0.394842 1.56993
0.2415 0.999999 1.37645 1.37995e-07 0.394842 1.56993
0.2425 0.999999 1.37645 1.37995e-07 0.394842 1.56993
0.2435 0.999999 1.37645 1.37995e-07 0.394841 1.56993
0.2445 0.999999 1.37645 1.37996e-07 0.394841 1.56993
0.2455 0.999999 1.37645 1.37996e-07 0.39484 1.56993
0.2465 0.999999 1.37645 1.37996e-07 0.39484 1.56993
0.2475 0.999999 1.37646 1.37996e-07 0.39484 1.56993
0.2485 0.999999 1.37646 1.37996e-07 0.394839 1.56993
0.2495 0.999999 1.37646 1.37996e-07 0.394839 1.56993
0.2505 0.999999 1.37646 1.37996e-07 0.394839 1.56993
0.2515 0.999999 1.37646 1.37996e-07 0.394838 1.56993
0.2525 0.999999 1.37646 1.37996e-07 0.394838 1.56993
0.2535 0.999999 1.37646 1.37996e-07 0.394838 1.56993
0.2545 0.999999 1.37646 1.37996e-07 0.394837 1.56993
0.2555 0.999999 1.37646 1.37996e-07 0.394837 1.56994
0.2565 0.999999 1.37646 1.37996e-07 0.394837 1.56994
0.2575 0.999999 1.37646 1.37996e-07 0.394837 1.56994
0.2585 0.999999 1.37646 1.37996e-07 0.394836 1.56994
0.2595 0.999999 1.37646 1.37996e-07 0.394836 1.56994
0.2605 0.999999 1.37646 1.37996e-07 0.394836 1.56994
0.2615 0.999999 1.37646 1.37996e-07 0.394835 1.56994
0.2625 0.999999 1.37646 1.37996e-07 0.394835 1.56994
0.2635 0.999999 1.37646 1.37996e-07 0.394835 1.56994
0.2645 0.999999 1.37646 1.37996e-07 0.394835 1.56994
0.2655 0.999999 1.37646 1.37996e-07 0.394834 1.56994
0.2665 0.999999 1.37646 1.37996e-07 0.394834 1.56994
0.2675 0.999999 1.37646 1.37996e-07 0.394834 1.56994
0.2685 0.999999 1.37646 1.37996e-07 0.394834 1.56994
0.2695 0.999999 1.37646 1.37996e-07 0.394833 1.56994
0.2705 0.999999 1.37646 1.37996e-07 0.394833 1.56994
0.2715 0.999999 1.37646 1.37996e-07 0.394833 1.56994
0.2725 0.999999 1.37646 1.37996e-07 0.394833 1.56994
0.2735 0.999999 1.37646 1.37996e-07 0.394832 1.56994
0.2745 0.999999 1.37646 1.37996e-07 0.394832 1.56994
0.2755 0.999999 1.37646 1.37997e-07 0.394832 1.56994
0.2765 0.999999 1.37646 1.37997e-07 0.394832 1.56994
0.2775 0.999999 1.37646 1.37997e-07 0.394831 1.56995
0.2785 0.999999 1.37646 1.37997e-07 0.394831 1.56995
0.2795 0.999999 1.37646 1.37997e-07 0.394831 1.56995
0.2805 0.999999 1.37646 1.37997e-07 0.394831 1.56995
0.2815 0.999999 1.37647 1.37997e-07 0.394831 1.56995
0.2825 0.999999 1.37647 1.37997e-07 0.394831 1.56995
0.2835 0.999999 1.37647 1.37997e-07 0.39483 1.56995
0.2845 0.999999 1.37647 1.37997e-07 0.39483 1.56995
0.2855 0.999999 1.37647 1.37997e-07 0.39483 1.56995
0.2865 0.999999 1.37647 1.37997e-07 0.39483 1.56995
0.2875 0.999999 1.37647 1.37997e-07 0.39483 1.56995
0.2885 0.999999 1.37647 1.37997e-07 0.39483 1.56995
0.2895 0.999999 1.37647 1.37997e-07 0.39483 1.56995
0.2905 0.999999 1.37647 1.37998e-07 0.39483 1.56995
0.2915 0.999999 1.37646 1.37999e-07 0.394831 1.56995
0.2925 0.999999 1.37646 1.38001e-07 0.394832 1.56994
0.2935 1 1.37646 1.38004e-07 0.394833 1.56994
0.2945 1 1.37646 1.38009e-07 0.394835 1.56994
0.2955 1 1.37645 1.38017e-07 0.394838 1.56993
0.2965 1 1.37644 1.3803e-07 0.394843 1.56992
0.2975 1 1.37643 1.3805e-07 0.394849 1.56991
0.2985 1 1.37641 1.38081e-07 0.394858 1.5699
0.2995 0.999999 1.37639 1.38128e-07 0.39487 1.56987
0.3005 0.999998 1.37635 1.38195e-07 0.394887 1.56984
0.3015 0.999997 1.3763 1.38292e-07 0.394909 1.5698
0.3025 0.999996 1.37623 1.38427e-07 0.39494 1.56975
0.3035 0.999995 1.37615 1.38612e-07 0.394981 1.56967
0.3045 0.999993 1.37603 1.38861e-07 0.395035 1.56957
0.3055 0.999991 1.37588 1.39189e-07 0.395106 1.56945
0.3065 0.99999 1.37569 1.39614e-07 0.395198 1.56928
0.3075 0.999991 1.37546 1.40152e-07 0.395317 1.56907
0.3085 0.999993 1.37516 1.40822e-07 0.395468 1.5688
0.3095 0.999999 1.37481 1.4164e-07 0.395658 1.56845
0.3105 1.00001 1.37438 1.42622e-07 0.395896 1.56803
0.3115 1.00002 1.37387 1.43779e-07 0.396191 1.5675
0.3125 1.00005 1.37328 1.45119e-07 0.396552 1.56685
0.3135 1.00008 1.37258 1.46644e-07 0.396991 1.56607
0.3145 1.00013 1.37179 1.48348e-07 0.39752 1.56513
0.3155 1.00018 1.37088 1.50221e-07 0.39815 1.56401
0.3165 1.00025 1.36985 1.52244e-07 0.398894 1.56269
0.3175 1.00034 1.36869 1.54393e-07 0.399766 1.56115
0.3185 1.00044 1.36741 1.56636e-07 0.400779 1.55936
0.3195 1.00056 1.36598 1.58939e-07 0.401944 1.55731
0.3205 1.00069 1.3644 1.61262e-07 0.403273 1.55497
0.3215 1.00084 1.36267 1.63567e-07 0.404777 1.55234
0.3225 1.001 1.36078 1.65815e-07 0.406467 1.54939
0.3235 1.00117 1.35871 1.67967e-07 0.408349 1.54611
0.3245 1.00135 1.35648 1.69991e-07 0.41043 1.54249
0.3255 1.00154 1.35406 1.71858e-07 0.412715 1.53853
0.3265 1.00174 1.35146 1.73545e-07 0.415207 1.53423
0.3275 1.00193 1.34867 1.75038e-07 0.417906 1.52959
0.3285 1.00213 1.34568 1.76325e-07 0.420811 1.52461
0.3295 1.00232 1.34251 1.77403e-07 0.423918 1.5193
0.3305 1.00251 1.33914 1.78274e-07 0.427224 1.51367
0.3315 1.0027 1.33559 1.78946e-07 0.43072 1.50774
0.3325 1.00287 1.33186 1.79429e-07 0.434399 1.50153
0.3335 1.00304 1.32795 1.79736e-07 0.438251 1.49506
0.3345 1.00319 1.32389 1.79884e-07 0.442263 1.48834
0.3355 1.00334 1.31966 1.79888e-07 0.446424 1.48141
0.3365 1.00347 1.31531 1.79768e-07 0.45072 1.47428
0.3375 1.00359 1.31082 1.79539e-07 0.455135 1.46699
0.3385 1.00369 1.30623 1.79217e-07 0.459654 1.45956
0.3395 1.00378 1.30155 1.78819e-07 0.464261 1.45203
0.3405 1.00386 1.2968 1.78357e-07 0.468937 1.44442
0.3415 1.00392 1.292 1.77845e-07 0.473666 1.43677
0.3425 1.00396 1.28717 1.77293e-07 0.478429 1.4291
0.3435 1.00399 1.28232 1.76713e-07 0.483206 1.42144
0.3445 1.004 1.27749 1.76112e-07 0.487979 1.41383
0.3455 1.00399 1.27268 1.75498e-07 0.492728 1.4063
0.3465 1.00397 1.26792 1.74879e-07 0.497433 1.39888
0.3475 1.00393 1.26324 1.74259e-07 0.502074 1.39159
0.3485 1.00388 1.25864 1.73645e-07 0.506631 1.38448
0.3495 1.00381 1.25416 1.7304e-07 0.511084 1.37756
0.3505 1.00372 1.24981 1.7245e-07 0.515414 1.37086
0.3515 1.00361 1.2456 1.71877e-07 0.519602 1.36442
0.3525 1.00349 1.24156 1.71325e-07 0.523631 1.35825
0.3535 1.00336 1.23771 1.70796e-07 0.527483 1.35238
0.3545 1.00321 1.23405 1.70294e-07 0.531142 1.34683
0.3555 1.00305 1.2306 1.69819e-07 0.534597 1.34161
0.3565 1.00288 1.22737 1.69375e-07 0.537835 1.33674
0.3575 1.0027 1.22437 1.68961e-07 0.540846 1.33223
0.3585 1.00252 1.2216 1.6858e-07 0.543626 1.32808
0.3595 1.00233 1.21907 1.68231e-07 0.54617 1.3243
0.3605 1.00215 1.21677 1.67914e-07 0.548478 1.32088
0.3615 1.00196 1.21471 1.67629e-07 0.550553 1.31782
0.3625 1.00179 1.21287 1.67376e-07 0.552401 1.3151
0.3635 1.00162 1.21125 1.67152e-07 0.55403 1.31271
0.3645 1.00146 1.20984 1.66957e-07 0.555452 1.31063
0.3655 1.00131 1.20862 1.66789e-07 0.556681 1.30883
0.3665 1.00117 1.20757 1.66645e-07 0.557731 1.30731
0.3675 1.00105 1.20669 1.66523e-07 0.558619 1.30602
0.3685 1.00094 1.20595 1.66422e-07 0.559361 1.30494
0.3695 1.00084 1.20535 1.66338e-07 0.559975 1.30405
0.3705 1.00076 1.20485 1.66269e-07 0.560477 1.30333
0.3715 1.00069 1.20445 1.66214e-07 0.560883 1.30274
0.3725 1.00063 1.20413 1.6617e-07 0.561208 1.30227
0.3735 1.00059 1.20387 1.66135e-07 0.561466 1.3019
0.3745 1.00055 1.20368 1.66108e-07 0.561667 1.30161
0.3755 1.00052 1.20353 1.66087e-07 0.561824 1.30139
0.3765 1.00049 1.20341 1.66071e-07 0.561944 1.30121
0.3775 1.00048 1.20333 1.66059e-07 0.562035 1.30108
0.3785 1.00046 1.20326 1.6605e-07 0.562103 1.30098
0.3795 1.00046 1.20322 1.66044e-07 0.562154 1.30091
0.3805 1.00045 1.20318 1.6604e-07 0.562192 1.30085
0.3815 1.00045 1.20316 1.66036e-07 0.56222 1.30081
0.3825 1.00045 1.20315 1.66034e-07 0.56224 1.30078
0.3835 1.00045 1.20314 1.66033e-07 0.562254 1.30076
0.3845 1.00045 1.20313 1.66032e-07 0.562264 1.30074
0.3855 1.00045 1.20313 1.66032e-07 0.562272 1.30073
0.3865 1.00045 1.20313 1.66032e-07 0.562277 1.30072
0.3875 1.00046 1.20313 1.66032e-07 0.56228 1.30072
0.3885 1.00046 1.20313 1.66032e-07 0.562283 1.30071
0.3895 1.00047 1.20314 1.66033e-07 0.562284 1.30071
0.3905 1.00047 1.20314 1.66033e-07 0.562285 1.30071
0.3915 1.00048 1.20314 1.66034e-07 0.562286 1.3007
0.3925 1.00048 1.20314 1.66034e-07 0.562287 1.3007
0.3935 1.00049 1.20315 1.66035e-07 0.562287 1.3007
0.3945 1.00049 1.20315 1.66035e-07 0.562287 1.3007
0.3955 1.0005 1.20315 1.66035e-07 0.562287 1.3007
0.3965 1.00051 1.20316 1.66036e-07 0.562287 1.30069
0.3975 1.00051 1.20316 1.66036e-07 0.562287 1.30069
0.3985 1.00052 1.20316 1.66037e-07 0.562287 1.30069
0.3995 1.00052 1.20317 1.66037e-07 0.562287 1.30069
0.4005 1.00053 1.20317 1.66037e-07 0.562287 1.30069
0.4015 1.00054 1.20317 1.66038e-07 0.562287 1.30069
0.4025 1.00055 1.20317 1.66038e-07 0.562287 1.30069
0.4035 1.00055 1.20318 1.66038e-07 0.562287 1.30069
0.4045 1.00056 1.20318 1.66039e-07 0.562287 1.30068
0.4055 1.00057 1.20318 1.66039e-07 0.562287 1.30068
0.4065 1.00058 1.20318 1.66039e-07 0.562287 1.30068
0.4075 1.00058 1.20318 1.6604e-07 0.562287 1.30068
0.4085 1.00059 1.20318 1.66043e-07 0.562287 1.30068
0.4095 1.0006 1.20319 1.66058e-07 0.562287 1.30068
0.4105 1.00061 1.20319 1.66128e-07 0.562287 1.30068
0.4115 1.00062 1.20319 1.66417e-07 0.562287 1.30068
0.4125 1.00063 1.20319 1.6752e-07 0.562287 1.30067
0.4135 1.00064 1.20319 1.71404e-07 0.562287 1.30067
0.4145 1.00065 1.20319 1.84076e-07 0.562286 1.30067
0.4155 1.00066 1.20319 2.226e-07 0.562286 1.30067
0.4165 1.00067 1.20319 3.32194e-07 0.562286 1.30067
0.4175 1.00068 1.20319 6.25086e-07 0.562286 1.30067
0.4185 1.00069 1.20319 1.36296e-06 0.562286 1.30067
0.4195 1.00069 1.20317 3.12065e-06 0.562286 1.30067
0.4205 1.00067 1.20314 7.09057e-06 0.562286 1.30066
0.4215 1.00062 1.20307 1.56133e-05 0.562286 1.30066
0.4225 1.00051 1.20294 3.30437e-05 0.562286 1.30066
0.4235 1.00028 1.20267 6.70733e-05 0.562285 1.30066
0.4245 0.999844 1.20218 0.000130612 0.562285 1.30066
0.4255 0.999064 1.2013 0.000244268 0.562285 1.30066
0.4265 0.997729 1.1998 0.000439349 0.562285 1.30066
0.4275 0.995541 1.19733 0.000761112 0.562285 1.30066
0.4285 0.992091 1.19342 0.00127178 0.562285 1.30066
0.4295 0.986855 1.18746 0.00205265 0.562285 1.30065
0.4305 0.979189 1.1787 0.0032044 0.562285 1.30065
0.4315 0.96835 1.16624 0.0048448 0.562284 1.30065
0.4325 0.95353 1.14912 0.00710324 0.562284 1.30065
0.4335 0.933923 1.12638 0.0101117 0.562284 1.30065
0.4345 0.908793 1.09709 0.0139927 0.562284 1.30065
0.4355 0.877567 1.06053 0.0188455 0.562284 1.30065
0.4365 0.839919 1.01627 0.0247316 0.562284 1.30065
0.4375 0.795844 0.964246 0.0316624 0.562284 1.30065
0.4385 0.745706 0.904832 0.0395903 0.562284 1.30065
0.4395 0.690249 0.838866 0.0484062 0.562283 1.30064
0.4405 0.630566 0.767617 0.0579423 0.562283 1.30064
0.4415 0.568036 0.692707 0.0679827 0.562283 1.30064
0.4425 0.504218 0.615998 0.0782784 0.562283 1.30064
0.4435 0.44074 0.539447 0.0885661 0.562283 1.30064
0.4445 0.379168 0.464964 0.0985888 0.562282 1.30064
0.4455 0.320901 0.394265 0.108114 0.562282 1.30064
0.4465 0.26708 0.328771 0.116948 0.562282 1.30064
0.4475 0.218532 0.269527 0.124947 0.562282 1.30064
0.4485 0.175749 0.217176 0.132024 0.562282 1.30064
0.4495 0.138901 0.171969 0.138141 0.562281 1.30064
0.4505 0.107869 0.133801 0.143311 0.562281 1.30064
0.4515 0.082307 0.102284 0.147584 0.562281 1.30064
0.4525 0.0617033 0.0768199 0.151039 0.562281 1.30064
0.4535 0.0454474 0.0566834 0.153774 0.562281 1.30064
0.4545 0.0328888 0.0410925 0.155894 0.562281 1.30064
0.4555 0.0233854 0.0292692 0.157502 0.56228 1.30064
0.4565 0.016339 0.0204846 0.158698 0.56228 1.30064
0.4575 0.0112183 0.014088 0.159569 0.56228 1.30064
0.4585 0.0075699 0.00952169 0.160192 0.56228 1.30064
0.4595 0.00502068 0.00632516 0.160628 0.56228 1.30064
0.4605 0.0032734 0.00413023 0.160927 0.562279 1.30064
0.4615 0.00209827 0.00265146 0.161129 0.562279 1.30064
0.4625 0.00132258 0.00167368 0.161262 0.562279 1.30064
0.4635 0.000819912 0.00103901 0.161349 0.562279 1.30064
0.4645 0.00050005 0.000634516 0.161404 0.562279 1.30064
0.4655 0.000300137 0.000381319 0.161438 0.562278 1.30064
0.4665 0.00017739 0.000225625 0.161459 0.562278 1.30064
0.4675 0.000103333 0.000131554 0.161472 0.562278 1.30064
0.4685 5.94185e-05 7.56949e-05 0.161479 0.562278 1.30064
0.4695 3.38201e-05 4.30896e-05 0.161484 0.562277 1.30064
0.4705 1.91486e-05 2.43777e-05 0.161486 0.562277 1.30064
0.4715 1.08791e-05 1.38175e-05 0.161487 0.562277 1.30064
0.4725 6.29446e-06 7.95576e-06 0.161488 0.562276 1.30064
0.4735 3.79391e-06 4.75484e-06 0.161488 0.562276 1.30064
0.4745 2.45193e-06 3.03501e-06 0.161488 0.562275 1.30064
0.4755 1.74316e-06 2.12566e-06 0.161488 0.562275 1.30064
0.4765 1.37469e-06 1.65241e-06 0.161488 0.562274 1.30064
0.4775 1.18611e-06 1.40995e-06 0.161488 0.562273 1.30064
0.4785 1.09108e-06 1.28764e-06 0.161488 0.562272 1.30064
0.4795 1.04392e-06 1.22689e-06 0.161487 0.56227 1.30064
0.4805 1.02087e-06 1.19717e-06 0.161487 0.562269 1.30064
0.4815 1.00978e-06 1.18284e-06 0.161487 0.562267 1.30064
0.4825 1.00451e-06 1.17604e-06 0.161487 0.562264 1.30064
0.4835 1.00205e-06 1.17286e-06 0.161487 0.562261 1.30064
0.4845 1.00092e-06 1.17139e-06 0.161487 0.562257 1.30064
0.4855 1.0004e-06 1.17073e-06 0.161487 0.562252 1.30065
0.4865 1.00017e-06 1.17043e-06 0.161487 0.562245 1.30065
0.4875 1.00007e-06 1.1703e-06 0.161487 0.562237 1.30065
0.4885 1.00003e-06 1.17024e-06 0.161487 0.562227 1.30066
0.4895 1.00001e-06 1.17022e-06 0.161488 0.562213 1.30067
0.4905 9.99998e-07 1.17021e-06 0.161488 0.562196 1.30068
0.4915 9.99993e-07 1.17021e-06 0.161489 0.562174 1.30069
0.4925 9.9999e-07 1.17022e-06 0.16149 0.562146 1.30071
0.4935 9.99987e-07 1.17023e-06 0.161491 0.562109 1.30073
0.4945 9.99983e-07 1.17024e-06 0.161493 0.562061 1.30076
0.4955 9.99979e-07 1.17026e-06 0.161496 0.561997 1.30079
0.4965 9.99973e-07 1.17029e-06 0.161499 0.561913 1.30084
0.4975 9.99965e-07 1.17032e-06 0.161504 0.5618 1.30091
0.4985 9.99954e-07 1.17037e-06 0.161511 0.561648 1.301
0.4995 9.99938e-07 1.17043e-06 0.161519 0.561442 1.30112
0.5005 9.99918e-07 1.17052e-06 0.161531 0.561164 1.30129
0.5015 9.99889e-07 1.17064e-06 0.161548 0.560785 1.30151
0.5025 9.99851e-07 1.1708e-06 0.16157 0.560271 1.30182
0.5035 9.99798e-07 1.17102e-06 0.161601 0.559572 1.30223
0.5045 9.99728e-07 1.17132e-06 0.161642 0.558626 1.30279
0.5055 9.99636e-07 1.17173e-06 0.161698 0.557352 1.30355
0.5065 9.99515e-07 1.17227e-06 0.161773 0.555648 1.30456
0.5075 9.99359e-07 1.17299e-06 0.161872 0.553391 1.3059
0.5085 9.99164e-07 1.17393e-06 0.162003 0.550433 1.30765
0.5095 9.98923e-07 1.17515e-06 0.162171 0.546607 1.30993
0.5105 9.98634e-07 1.17671e-06 0.162386 0.541734 1.31283
0.5115 9.98299e-07 1.17866e-06 0.162655 0.535635 1.31648
0.5125 9.97925e-07 1.18106e-06 0.162986 0.528153 1.32096
0.5135 9.97526e-07 1.18394e-06 0.163383 0.51918 1.32634
0.5145 9.97127e-07 1.18731e-06 0.163849 0.508683 1.33267
0.5155 9.96754e-07 1.19116e-06 0.164379 0.496734 1.3399
0.5165 9.96441e-07 1.19542e-06 0.164968 0.483527 1.34792
0.5175 9.96219e-07 1.2e-06 0.165599 0.469372 1.35657
0.5185 9.96109e-07 1.20476e-06 0.166257 0.454676 1.3656
0.5195 9.96123e-07 1.20957e-06 0.166921 0.439896 1.37472
0.5205 9.96255e-07 1.21427e-06 0.167569 0.425485 1.38367
0.5215 9.96489e-07 1.21873e-06 0.168185 0.41184 1.39218
0.5225 9.96797e-07 1.22285e-06 0.168753 0.399265 1.40006
0.5235 9.9715e-07 1.22657e-06 0.169266 0.387954 1.40718
0.5245 9.9752e-07 1.22985e-06 0.169719 0.377988 1.41348
0.5255 9.97883e-07 1.23269e-06 0.170111 0.369359 1.41895
0.5265 9.98221e-07 1.23512e-06 0.170447 0.36199 1.42363
0.5275 9.98526e-07 1.23718e-06 0.170731 0.355763 1.4276
0.5285 9.98793e-07 1.23891e-06 0.170969 0.35054 1.43094
0.5295 9.99021e-07 1.24035e-06 0.171168 0.34618 1.43373
0.5305 9.99214e-07 1.24155e-06 0.171334 0.342549 1.43605
0.5315 9.99374e-07 1.24255e-06 0.171472 0.339528 1.43799
0.5325 9.99508e-07 1.24339e-06 0.171587 0.337013 1.4396
0.5335 9.99618e-07 1.24408e-06 0.171683 0.334915 1.44095
0.5345 9.99708e-07 1.24466e-06 0.171763 0.333162 1.44208
0.5355 9.99783e-07 1.24515e-06 0.171831 0.331693 1.44302
0.5365 9.99845e-07 1.24556e-06 0.171887 0.330458 1.44382
0.5375 9.99896e-07 1.2459e-06 0.171935 0.329416 1.44449
0.5385 9.99938e-07 1.2462e-06 0.171975 0.328534 1.44506
0.5395 9.99973e-07 1.24644e-06 0.172009 0.327785 1.44554
0.5405 1e-06 1.24665e-06 0.172038 0.327147 1.44595
0.5415 1.00003e-06 1.24683e-06 0.172063 0.3266 1.4463
0.5425 1.00005e-06 1.24699e-06 0.172084 0.326131 1.4466
0.5435 1.00006e-06 1.24712e-06 0.172102 0.325726 1.44686
0.5445 1.00008e-06 1.24723e-06 0.172118 0.325376 1.44709
0.5455 1.00009e-06 1.24733e-06 0.172132 0.325072 1.44728
0.5465 1.0001e-06 1.24742e-06 0.172144 0.324807 1.44745
0.5475 1.00011e-06 1.24749e-06 0.172154 0.324576 1.4476
0.5485 1.00012e-06 1.24756e-06 0.172163 0.324373 1.44773
0.5495 1.00013e-06 1.24762e-06 0.172171 0.324195 1.44785
0.5505 1.00013e-06 1.24767e-06 0.172178 0.324038 1.44795
0.5515 1.00014e-06 1.24771e-06 0.172184 0.3239 1.44804
0.5525 1.00014e-06 1.24775e-06 0.172189 0.323777 1.44812
0.5535 1.00015e-06 1.24778e-06 0.172193 0.323669 1.44819
0.5545 1.00015e-06 1.24781e-06 0.172198 0.323572 1.44825
0.5555 1.00015e-06 1.24783e-06 0.172201 0.323487 1.4483
0.5565 1.00015e-06 1.24786e-06 0.172204 0.32341 1.44835
0.5575 1.00016e-06 1.24788e-06 0.172207 0.323342 1.44839
0.5585 1.00016e-06 1.24789e-06 0.172209 0.323281 1.44843
0.5595 1.00016e-06 1.24791e-06 0.172211 0.323226 1.44847
0.5605 1.00016e-06 1.24792e-06 0.172213 0.323177 1.4485
0.5615 1.00017e-06 1.24794e-06 0.172215 0.323133 1.44853
0.5625 1.00017e-06 1.24795e-06 0.172217 0.323094 1.44855
0.5635 1.00017e-06 1.24796e-06 0.172218 0.323058 1.44857
0.5645 1.00017e-06 1.24797e-06 0.172219 0.323026 1.44859
0.5655 1.00017e-06 1.24798e-06 0.17222 0.322997 1.44861
0.5665 1.00017e-06 1.24798e-06 0.172221 0.322971 1.44863
0.5675 1.00017e-06 1.24799e-06 0.172222 0.322947 1.44864
0.5685 1.00017e-06 1.24799e-06 0.172223 0.322925 1.44866
0.5695 1.00018e-06 1.248e-06 0.172224 0.322906 1.44867
0.5705 1.00018e-06 1.248e-06 0.172224 0.322888 1.44868
0.5715 1.00018e-06 1.24801e-06 0.172225 0.322871 1.44869
0.5725 1.00018e-06 1.24801e-06 0.172225 0.322856 1.4487
0.5735 1.00018e-06 1.24801e-06 0.172225 0.322843 1.44871
0.5745 1.00018e-06 1.24801e-06 0.172226 0.32283 1.44872
0.5755 1.00018e-06 1.24802e-06 0.172226 0.322818 1.44872
0.5765 1.00018e-06 1.24802e-06 0.172226 0.322808 1.44873
0.5775 1.00018e-06 1.24802e-06 0.172226 0.322798 1.44874
0.5785 1.00018e-06 1.24802e-06 0.172226 0.322789 1.44874
0.5795 1.00018e-06 1.24802e-06 0.172226 0.32278 1.44875
0.5805 1.00018e-06 1.24802e-06 0.172226 0.322772 1.44875
0.5815 1.00019e-06 1.24802e-06 0.172226 0.322765 1.44875
0.5825 1.00019e-06 1.24802e-06 0.172226 0.322758 1.44876
0.5835 1.00019e-06 1.24802e-06 0.172226 0.322751 1.44876
0.5845 1.00019e-06 1.24802e-06 0.172226 0.322745 1.44876
0.5855 1.00019e-06 1.24801e-06 0.172226 0.322739 1.44877
0.5865 1.00019e-06 1.24801e-06 0.172225 0.322734 1.44877
0.5875 1.00019e-06 1.24801e-06 0.172225 0.322729 1.44877
0.5885 1.00019e-06 1.24801e-06 0.172225 0.322724 1.44878
0.5895 1.00019e-06 1.24801e-06 0.172225 0.322719 1.44878
0.5905 1.00019e-06 1.248e-06 0.172224 0.322714 1.44878
0.5915 1.0002e-06 1.248e-06 0.172224 0.32271 1.44878
0.5925 1.0002e-06 1.248e-06 0.172224 0.322706 1.44879
0.5935 1.0002e-06 1.248e-06 0.172224 0.322702 1.44879
0.5945 1.0002e-06 1.248e-06 0.172224 0.322698 1.44879
0.5955 1.00021e-06 1.248e-06 0.172224 0.322695 1.44879
0.5965 1.00021e-06 1.248e-06 0.172224 0.322691 1.44879
0.5975 1.00022e-06 1.248e-06 0.172224 0.322688 1.44879
0.5985 1.00023e-06 1.248e-06 0.172224 0.322684 1.4488
0.5995 1.00024e-06 1.248e-06 0.172224 0.322681 1.4488
0.6005 0.000249275 0.000339255 0.172178 0.322678 1.4488
0.6015 0.00241562 0.0032422 0.171788 0.322675 1.4488
0.6025 0.0117515 0.0155906 0.170137 0.322672 1.4488
0.6035 0.0382472 0.0502747 0.165522 0.322669 1.4488
0.6045 0.0939563 0.122633 0.155927 0.322667 1.4488
0.6055 0.186517 0.242213 0.140106 0.322664 1.44881
0.6065 0.313096 0.405253 0.118565 0.322661 1.44881
0.6075 0.459628 0.593859 0.0936558 0.322659 1.44881
0.6085 0.606188 0.782797 0.068691 0.322657 1.44882
0.6095 0.734829 0.949268 0.0466654 0.322655 1.44882
0.6105 0.835133 1.07986 0.0293506 0.322653 1.44883
0.6115 0.90529 1.17198 0.0171036 0.322651 1.44884
0.6125 0.949661 1.23088 0.00924761 0.322648 1.44884
0.6135 0.975203 1.26526 0.0046473 0.322646 1.44885
0.6145 0.988657 1.28369 0.00217471 0.322642 1.44885
0.6155 0.995171 1.29282 0.000949323 0.322636 1.44886
0.6165 0.998081 1.29703 0.000387233 0.322626 1.44885
0.6175 0.999282 1.29885 0.000147839 0.32261 1.44883
0.6185 0.999741 1.29959 5.29321e-05 0.322581 1.44879
0.6195 0.999904 1.29986 1.78391e-05 0.322528 1.44872
0.6205 0.999956 1.29992 5.71967e-06 0.322431 1.44857
0.6215 0.999971 1.29983 1.80747e-06 0.322255 1.44829
0.6225 0.999975 1.29957 6.26927e-07 0.321937 1.44778
0.6235 0.999975 1.29904 2.94122e-07 0.321375 1.44688
0.6245 0.999975 1.29807 2.06547e-07 0.320397 1.4453
0.6255 0.999975 1.2964 1.84957e-07 0.318741 1.44262
0.6265 0.999975 1.29362 1.79747e-07 0.316014 1.43822
0.6275 0.999978 1.28915 1.78129e-07 0.311655 1.4312
0.6285 0.999985 1.28223 1.76985e-07 0.304908 1.42039
0.6295 0.999999 1.27193 1.75533e-07 0.294823 1.40435
0.6305 1.00003 1.25725 1.73502e-07 0.280332 1.38157
0.6315 1.00007 1.23733 1.70751e-07 0.260431 1.35079
0.6325 1.00014 1.21182 1.67231e-07 0.234536 1.31163
0.6335 1.00021 1.18133 1.63024e-07 0.202957 1.26521
0.6345 1.00027 1.14773 1.58387e-07 0.16731 1.21457
0.6355 1.00028 1.1139 1.53718e-07 0.130501 1.16419
0.6365 1.00024 1.08295 1.49447e-07 0.0960142 1.11869
0.6375 1.00017 1.0572 1.45893e-07 0.0667404 1.08132
0.6385 1.0001 1.03757 1.43184e-07 0.0440813 1.05314
0.6395 1.00005 1.02368 1.41268e-07 0.027884 1.03337
0.6405 1.00002 1.01443 1.39991e-07 0.0170271 1.02028
0.6415 1.00001 1.00855 1.3918e-07 0.0101047 1.012
0.6425 1 1.00495 1.38684e-07 0.00585749 1.00695
0.6435 1 1.00281 1.38388e-07 0.00332909 1.00394
0.6445 0.999999 1.00157 1.38217e-07 0.00186023 1.0022
0.6455 0.999999 1.00086 1.38119e-07 0.00102425 1.00121
0.6465 0.999999 1.00047 1.38065e-07 0.000556836 1.00066
0.6475 0.999999 1.00025 1.38035e-07 0.000299513 1.00035
0.6485 0.999999 1.00013 1.38019e-07 0.000159747 1.00019
0.6495 0.999999 1.00007 1.3801e-07 8.46914e-05 1.0001
0.6505 0.999999 1.00004 1.38005e-07 4.47495e-05 1.00005
0.6515 0.999999 1.00002 1.38003e-07 2.36317e-05 1.00003
0.6525 0.999999 1.00001 1.38001e-07 1.25074e-05 1.00001
0.6535 0.999999 1 1.38001e-07 6.65142e-06 1.00001
0.6545 0.999999 1 1.38e-07 3.56166e-06 1
0.6555 0.999999 1 1.38e-07 1.92315e-06 1
0.6565 0.999999 1 1.38e-07 1.04784e-06 1
0.6575 0.999999 0.999999 1.38e-07 5.76057e-07 1
0.6585 0.999999 0.999999 1.38e-07 3.19303e-07 1
0.6595 0.999999 0.999999 1.38e-07 1.78232e-07 1
0.6605 0.999999 0.999999 1.38e-07 1.00041e-07 1
0.6615 0.999999 0.999999 1.38e-07 5.63791e-08 1
0.6625 0.999999 0.999999 1.38e-07 3.18546e-08 1
0.6635 0.999999 0.999999 1.38e-07 1.80208e-08 1
0.6645 0.999999 0.999999 1.38e-07 1.01964e-08 1
0.6655 0.999999 0.999999 1.38e-07 5.76489e-09 1
0.6665 0.999999 0.999999 1.38e-07 3.25456e-09 1
0.6675 0.999999 0.999999 1.38e-07 1.83358e-09 1
0.6685 0.999999 0.999999 1.38e-07 1.03043e-09 1
0.6695 0.999999 0.999999 1.38e-07 5.77421e-10 1
0.6705 0.999999 0.999999 1.38e-07 3.22554e-10 1
0.6715 0.999999 0.999999 1.38e-07 1.79577e-10 1
0.6725 0.999999 0.999999 1.38e-07 9.96231e-11 1
0.6735 0.999999 0.999999 1.38e-07 5.50639e-11 1
0.6745 0.999999 0.999999 1.38e-07 3.03191e-11 1
0.6755 0.999999 0.999999 1.38e-07 1.66288e-11 1
0.6765 0.999999 0.999999 1.38e-07 9.08363e-12 1
0.6775 0.999999 0.999999 1.38e-07 4.94176e-12 1
0.6785 0.999999 0.999999 1.38e-07 2.67727e-12 1
0.6795 0.999999 0.999999 1.38e-07 1.44428e-12 1
0.6805 0.999999 0.999999 1.38e-07 7.75824e-13 1
0.6815 0.999999 0.999999 1.38e-07 4.14873e-13 1
0.6825 0.999999 0.999999 1.38e-07 2.20852e-13 1
0.6835 0.999999 0.999999 1.38e-07 1.17107e-13 1
0.6845 0.999999 0.999999 1.38e-07 6.18506e-14 1
0.6855 0.999999 0.999999 1.38e-07 3.25406e-14 1
0.6865 0.999999 0.999999 1.38e-07 1.702e-14 1
0.6875 0.999999 0.999999 1.38e-07 8.84294e-15 1
0.6885 0.999999 0.999999 1.38e-07 4.5827e-15 1
0.6895 0.999999 0.999999 1.38e-07 2.29135e-15 1
0.6905 0.999999 0.999999 1.38e-07 1.19116e-15 1
0.6915 0.999999 0.999999 1.38e-07 5.11655e-16 1
0.6925 0.999999 0.999999 1.38e-07 1.68273e-16 1
0.6935 0.999999 0.999999 1.38e-07 0 1
0.6945 0.999999 0.999999 1.38e-07 0 1
0.6955 0.999999 0.999999 1.38e-07 0 1
0.6965 0.999999 0.999999 1.38e-07 0 1
0.6975 0.999999 0.999999 1.38e-07 0 1
0.6985 0.999999 0.999999 1.38e-07 0 1
0.6995 0.999999 0.999999 1.38e-07 0 1
0.7005 0.999999 0.999999 1.38e-07 0 1
0.7015 0.999999 0.999999 1.38e-07 0 1
0.7025 0.999999 0.999999 1.38e-07 0 1
0.7035 0.999999 0.999999 1.38e-07 0 1
0.7045 0.999999 0.999999 1.38e-07 0 1
0.7055 0.999999 0.999999 1.38e-07 0 1
0.7065 0.999999 0.999999 1.38e-07 0 1
0.7075 0.999999 0.999999 1.38e-07 0 1
0.7085 0.999999 0.999999 1.38e-07 0 1
0.7095 0.999999 0.999999 1.38e-07 0 1
0.7105 0.999999 0.999999 1.38e-07 0 1
0.7115 0.999999 0.999999 1.38e-07 0 1
0.7125 0.999999 0.999999 1.38e-07 0 1
0.7135 0.999999 0.999999 1.38e-07 0 1
0.7145 0.999999 0.999999 1.38e-07 0 1
0.7155 0.999999 0.999999 1.38e-07 0 1
0.7165 0.999999 0.999999 1.38e-07 0 1
0.7175 0.999999 0.999999 1.38e-07 0 1
0.7185 0.999999 0.999999 1.38e-07 0 1
0.7195 0.999999 0.999999 1.38e-07 0 1
0.7205 0.999999 0.999999 1.38e-07 0 1
0.7215 0.999999 0.999999 1.38e-07 0 1
0.7225 0.999999 0.999999 1.38e-07 0 1
0.7235 0.999999 0.999999 1.38e-07 0 1
0.7245 0.999999 0.999999 1.38e-07 0 1
0.7255 0.999999 0.999999 1.38e-07 0 1
0.7265 0.999999 0.999999 1.38e-07 0 1
0.7275 0.999999 0.999999 1.38e-07 0 1
0.7285 0.999999 0.999999 1.38e-07 0 1
0.7295 0.999999 0.999999 1.38e-07 0 1
0.7305 0.999999 0.999999 1.38e-07 0 1
0.7315 0.999999 0.999999 1.38e-07 0 1
0.7325 0.999999 0.999999 1.38e-07 0 1
0.7335 0.999999 0.999999 1.38e-07 0 1
0.7345 0.999999 0.999999 1.38e-07 0 1
0.7355 0.999999 0.999999 1.38e-07 0 1
0.7365 0.999999 0.999999 1.38e-07 0 1
0.7375 0.999999 0.999999 1.38e-07 0 1
0.7385 0.999999 0.999999 1.38e-07 0 1
0.7395 0.999999 0.999999 1.38e-07 0 1
0.7405 0.999999 0.999999 1.38e-07 0 1
0.7415 0.999999 0.999999 1.38e-07 0 1
0.7425 0.999999 0.999999 1.38e-07 0 1
0.7435 0.999999 0.999999 1.38e-07 0 1
0.7445 0.999999 0.999999 1.38e-07 0 1
0.7455 0.999999 0.999999 1.38e-07 0 1
0.7465 0.999999 0.999999 1.38e-07 0 1
0.7475 0.999999 0.999999 1.38e-07 0 1
0.7485 0.999999 0.999999 1.38e-07 0 1
0.7495 0.999999 0.999999 1.38e-07 0 1
0.7505 0.999999 0.999999 1.38e-07 0 1
0.7515 0.999999 0.999999 1.38e-07 0 1
0.7525 0.999999 0.999999 1.38e-07 0 1
0.7535 0.999999 0.999999 1.38e-07 0 1
0.7545 0.999999 0.999999 1.38e-07 0 1
0.7555 0.999999 0.999999 1.38e-07 0 1
0.7565 0.999999 0.999999 1.38e-07 0 1
0.7575 0.999999 0.999999 1.38e-07 0 1
0.7585 0.999999 0.999999 1.38e-07 0 1
0.7595 0.999999 0.999999 1.38e-07 0 1
0.7605 0.999999 0.999999 1.38e-07 0 1
0.7615 0.999999 0.999999 1.38e-07 0 1
0.7625 0.999999 0.999999 1.38e-07 0 1
0.7635 0.999999 0.999999 1.38e-07 0 1
0.7645 0.999999 0.999999 1.38e-07 0 1
0.7655 0.999999 0.999999 1.38e-07 0 1
0.7665 0.999999 0.999999 1.38e-07 0 1
0.7675 0.999999 0.999999 1.38e-07 0 1
0.7685 0.999999 0.999999 1.38e-07 0 1
0.7695 0.999999 0.999999 1.38e-07 0 1
0.7705 0.999999 0.999999 1.38e-07 0 1
0.7715 0.999999 0.999999 1.38e-07 0 1
0.7725 0.999999 0.999999 1.38e-07 0 1
0.7735 0.999999 0.999999 1.38e-07 0 1
0.7745 0.999999 0.999999 1.38e-07 0 1
0.7755 0.999999 0.999999 1.38e-07 0 1
0.7765 0.999999 0.999999 1.38e-07 0 1
0.7775 0.999999 0.999999 1.38e-07 0 1
0.7785 0.999999 0.999999 1.38e-07 0 1
0.7795 0.999999 0.999999 1.38e-07 0 1
0.7805 0.999999 0.999999 1.38e-07 0 1
0.7815 0.999999 0.999999 1.38e-07 0 1
0.7825 0.999999 0.999999 1.38e-07 0 1
0.7835 0.999999 0.999999 1.38e-07 0 1
0.7845 0.999999 0.999999 1.38e-07 0 1
0.7855 0.999999 0.999999 1.38e-07 0 1
0.7865 0.999999 0.999999 1.38e-07 0 1
0.7875 0.999999 0.999999 1.38e-07 0 1
0.7885 0.999999 0.999999 1.38e-07 0 1
0.7895 0.999999 0.999999 1.38e-07 0 1
0.7905 0.999999 0.999999 1.38e-07 0 1
0.7915 0.999999 0.999999 1.38e-07 0 1
0.7925 0.999999 0.999999 1.38e-07 0 1
0.7935 0.999999 0.999999 1.38e-07 0 1
0.7945 0.999999 0.999999 1.38e-07 0 1
0.7955 0.999999 0.999999 1.38e-07 0 1
0.7965 0.999999 0.999999 1.38e-07 0 1
0.7975 0.999999 0.999999 1.38e-07 0 1
0.7985 0.999999 0.999999 1.38e-07 0 1
0.7995 0.999999 0.999999 1.38e-07 0 1
0.8005 0.999999 0.999999 1.38e-07 0 1
0.8015 0.999999 0.999999 1.38e-07 0 1
0.8025 0.999999 0.999999 1.38e-07 0 1
0.8035 0.999999 0.999999 1.38e-07 0 1
0.8045 0.999999 0.999999 1.38e-07 0 1
0.8055 0.999999 0.999999 1.38e-07 0 1
0.8065 0.999999 0.999999 1.38e-07 0 1
0.8075 0.999999 0.999999 1.38e-07 0 1
0.8085 0.999999 0.999999 1.38e-07 0 1
0.8095 0.999999 0.999999 1.38e-07 0 1
0.8105 0.999999 0.999999 1.38e-07 0 1
0.8115 0.999999 0.999999 1.38e-07 0 1
0.8125 0.999999 0.999999 1.38e-07 0 1
0.8135 0.999999 0.999999 1.38e-07 0 1
0.8145 0.999999 0.999999 1.38e-07 0 1
0.8155 0.999999 0.999999 1.38e-07 0 1
0.8165 0.999999 0.999999 1.38e-07 0 1
0.8175 0.999999 0.999999 1.38e-07 0 1
0.8185 0.999999 0.999999 1.38e-07 0 1
0.8195 0.999999 0.999999 1.38e-07 0 1
0.8205 0.999999 0.999999 1.38e-07 0 1
0.8215 0.999999 0.999999 1.38e-07 0 1
0.8225 0.999999 0.999999 1.38e-07 0 1
0.8235 0.999999 0.999999 1.38e-07 0 1
0.8245 0.999999 0.999999 1.38e-07 0 1
0.8255 0.999999 0.999999 1.38e-07 0 1
0.8265 0.999999 0.999999 1.38e-07 0 1
0.8275 0.999999 0.999999 1.38e-07 0 1
0.8285 0.999999 0.999999 1.38e-07 0 1
0.8295 0.999999 0.999999 1.38e-07 0 1
0.8305 0.999999 0.999999 1.38e-07 0 1
0.8315 0.999999 0.999999 1.38e-07 0 1
0.8325 0.999999 0.999999 1.38e-07 0 1
0.8335 0.999999 0.999999 1.38e-07 0 1
0.8345 0.999999 0.999999 1.38e-07 0 1
0.8355 0.999999 0.999999 1.38e-07 0 1
0.8365 0.999999 0.999999 1.38e-07 0 1
0.8375 0.999999 0.999999 1.38e-07 0 1
0.8385 0.999999 0.999999 1.38e-07 0 1
0.8395 0.999999 0.999999 1.38e-07 0 1
0.8405 0.999999 0.999999 1.38e-07 0 1
0.8415 0.999999 0.999999 1.38e-07 0 1
0.8425 0.999999 0.999999 1.38e-07 0 1
0.8435 0.999999 0.999999 1.38e-07 0 1
0.8445 0.999999 0.999999 1.38e-07 0 1
0.8455 0.999999 0.999999 1.38e-07 0 1
0.8465 0.999999 0.999999 1.38e-07 0 1
0.8475 0.999999 0.999999 1.38e-07 0 1
0.8485 0.999999 0.999999 1.38e-07 0 1
0.8495 0.999999 0.999999 1.38e-07 0 1
0.8505 0.999999 0.999999 1.38e-07 0 1
0.8515 0.999999 0.999999 1.38e-07 0 1
0.8525 0.999999 0.999999 1.38e-07 0 1
0.8535 0.999999 0.999999 1.38e-07 0 1
0.8545 0.999999 0.999999 1.38e-07 0 1
0.8555 0.999999 0.999999 1.38e-07 0 1
0.8565 0.999999 0.999999 1.38e-07 0 1
0.8575 0.999999 0.999999 1.38e-07 0 1
0.8585 0.999999 0.999999 1.38e-07 0 1
0.8595 0.999999 0.999999 1.38e-07 0 1
0.8605 0.999999 0.999999 1.38e-07 0 1
0.8615 0.999999 0.999999 1.38e-07 0 1
0.8625 0.999999 0.999999 1.38e-07 0 1
0.8635 0.999999 0.999999 1.38e-07 0 1
0.8645 0.999999 0.999999 1.38e-07 0 1
0.8655 0.999999 0.999999 1.38e-07 0 1
0.8665 0.999999 0.999999 1.38e-07 0 1
0.8675 0.999999 0.999999 1.38e-07 0 1
0.8685 0.999999 0.999999 1.38e-07 0 1
0.8695 0.999999 0.999999 1.38e-07 0 1
0.8705 0.999999 0.999999 1.38e-07 0 1
0.8715 0.999999 0.999999 1.38e-07 0 1
0.8725 0.999999 0.999999 1.38e-07 0 1
0.8735 0.999999 0.999999 1.38e-07 0 1
0.8745 0.999999 0.999999 1.38e-07 0 1
0.8755 0.999999 0.999999 1.38e-07 0 1
0.8765 0.999999 0.999999 1.38e-07 0 1
0.8775 0.999999 0.999999 1.38e-07 0 1
0.8785 0.999999 0.999999 1.38e-07 0 1
0.8795 0.999999 0.999999 1.38e-07 0 1
0.8805 0.999999 0.999999 1.38e-07 0 1
0.8815 0.999999 0.999999 1.38e-07 0 1
0.8825 0.999999 0.999999 1.38e-07 0 1
0.8835 0.999999 0.999999 1.38e-07 0 1
0.8845 0.999999 0.999999 1.38e-07 0 1
0.8855 0.999999 0.999999 1.38e-07 0 1
0.8865 0.999999 0.999999 1.38e-07 0 1
0.8875 0.999999 0.999999 1.38e-07 0 1
0.8885 0.999999 0.999999 1.38e-07 0 1
0.8895 0.999999 0.999999 1.38e-07 0 1
0.8905 0.999999 0.999999 1.38e-07 0 1
0.8915 0.999999 0.999999 1.38e-07 0 1
0.8925 0.999999 0.999999 1.38e-07 0 1
0.8935 0.999999 0.999999 1.38e-07 0 1
0.8945 0.999999 0.999999 1.38e-07 0 1
0.8955 0.999999 0.999999 1.38e-07 0 1
0.8965 0.999999 0.999999 1.38e-07 0 1
0.8975 0.999999 0.999999 1.38e-07 0 1
0.8985 0.999999 0.999999 1.38e-07 0 1
0.8995 0.999999 0.999999 1.38e-07 0 1
0.9005 0.999999 0.999999 1.38e-07 0 1
0.9015 0.999999 0.999999 1.38e-07 0 1
0.9025 0.999999 0.999999 1.38e-07 0 1
0.9035 0.999999 0.999999 1.38e-07 0 1
0.9045 0.999999 0.999999 1.38e-07 0 1
0.9055 0.999999 0.999999 1.38e-07 0 1
0.9065 0.999999 0.999999 1.38e-07 0 1
0.9075 0.999999 0.999999 1.38e-07 0 1
0.9085 0.999999 0.999999 1.38e-07 0 1
0.9095 0.999999 0.999999 1.38e-07 0 1
0.9105 0.999999 0.999999 1.38e-07 0 1
0.9115 0.999999 0.999999 1.38e-07 0 1
0.9125 0.999999 0.999999 1.38e-07 0 1
0.9135 0.999999 0.999999 1.38e-07 0 1
0.9145 0.999999 0.999999 1.38e-07 0 1
0.9155 0.999999 0.999999 1.38e-07 0 1
0.9165 0.999999 0.999999 1.38e-07 0 1
0.9175 0.999999 0.999999 1.38e-07 0 1
0.9185 0.999999 0.999999 1.38e-07 0 1
0.9195 0.999999 0.999999 1.38e-07 0 1
0.9205 0.999999 0.999999 1.38e-07 0 1
0.9215 0.999999 0.999999 1.38e-07 0 1
0.9225 0.999999 0.999999 1.38e-07 0 1
0.9235 0.999999 0.999999 1.38e-07 0 1
0.9245 0.999999 0.999999 1.38e-07 0 1
0.9255 0.999999 0.999999 1.38e-07 0 1
0.9265 0.999999 0.999999 1.38e-07 0 1
0.9275 0.999999 0.999999 1.38e-07 0 1
0.9285 0.999999 0.999999 1.38e-07 0 1
0.9295 0.999999 0.999999 1.38e-07 0 1
0.9305 0.999999 0.999999 1.38e-07 0 1
0.9315 0.999999 0.999999 1.38e-07 0 1
0.9325 0.999999 0.999999 1.38e-07 0 1
0.9335 0.999999 0.999999 1.38e-07 0 1
0.9345 0.999999 0.999999 1.38e-07 0 1
0.9355 0.999999 0.999999 1.38e-07 0 1
0.9365 0.999999 0.999999 1.38e-07 0 1
0.9375 0.999999 0.999999 1.38e-07 0 1
0.9385 0.999999 0.999999 1.38e-07 0 1
0.9395 0.999999 0.999999 1.38e-07 0 1
0.9405 0.999999 0.999999 1.38e-07 0 1
0.9415 0.999999 0.999999 1.38e-07 0 1
0.9425 0.999999 0.999999 1.38e-07 0 1
0.9435 0.999999 0.999999 1.38e-07 0 1
0.9445 0.999999 0.999999 1.38e-07 0 1
0.9455 0.999999 0.999999 1.38e-07 0 1
0.9465 0.999999 0.999999 1.38e-07 0 1
0.9475 0.999999 0.999999 1.38e-07 0 1
0.9485 0.999999 0.999999 1.38e-07 0 1
0.9495 0.999999 0.999999 1.38e-07 0 1
0.9505 0.999999 0.999999 1.38e-07 0 1
0.9515 0.999999 0.999999 1.38e-07 0 1
0.9525 0.999999 0.999999 1.38e-07 0 1
0.9535 0.999999 0.999999 1.38e-07 0 1
0.9545 0.999999 0.999999 1.38e-07 0 1
0.9555 0.999999 0.999999 1.38e-07 0 1
0.9565 0.999999 0.999999 1.38e-07 0 1
0.9575 0.999999 0.999999 1.38e-07 0 1
0.9585 0.999999 0.999999 1.38e-07 0 1
0.9595 0.999999 0.999999 1.38e-07 0 1
0.9605 0.999999 0.999999 1.38e-07 0 1
0.9615 0.999999 0.999999 1.38e-07 0 1
0.9625 0.999999 0.999999 1.38e-07 0 1
0.9635 0.999999 0.999999 1.38e-07 0 1
0.9645 0.999999 0.999999 1.38e-07 0 1
0.9655 0.999999 0.999999 1.38e-07 0 1
0.9665 0.999999 0.999999 1.38e-07 0 1
0.9675 0.999999 0.999999 1.38e-07 0 1
0.9685 0.999999 0.999999 1.38e-07 0 1
0.9695 0.999999 0.999999 1.38e-07 0 1
0.9705 0.999999 0.999999 1.38e-07 0 1
0.9715 0.999999 0.999999 1.38e-07 0 1
0.9725 0.999999 0.999999 1.38e-07 0 1
0.9735 0.999999 0.999999 1.38e-07 0 1
0.9745 0.999999 0.999999 1.38e-07 0 1
0.9755 0.999999 0.999999 1.38e-07 0 1
0.9765 0.999999 0.999999 1.38e-07 0 1
0.9775 0.999999 0.999999 1.38e-07 0 1
0.9785 0.999999 0.999999 1.38e-07 0 1
0.9795 0.999999 0.999999 1.38e-07 0 1
0.9805 0.999999 0.999999 1.38e-07 0 1
0.9815 0.999999 0.999999 1.38e-07 0 1
0.9825 0.999999 0.999999 1.38e-07 0 1
0.9835 0.999999 0.999999 1.38e-07 0 1
0.9845 0.999999 0.999999 1.38e-07 0 1
0.9855 0.999999 0.999999 1.38e-07 0 1
0.9865 0.999999 0.999999 1.38e-07 0 1
0.9875 0.999999 0.999999 1.38e-07 0 1
0.9885 0.999999 0.999999 1.38e-07 0 1
0.9895 0.999999 0.999999 1.38e-07 0 1
0.9905 0.999999 0.999999 1.38e-07 0 1
0.9915 0.999999 0.999999 1.38e-07 0 1
0.9925 0.999999 0.999999 1.38e-07 0 1
0.9935 0.999999 0.999999 1.38e-07 0 1
0.9945 0.999999 0.999999 1.38e-07 0 1
0.9955 0.999999 0.999999 1.38e-07 0 1
0.9965 0.999999 0.999999 1.38e-07 0 1
0.9975 0.999999 0.999999 1.38e-07 0 1
0.9985 0.999999 0.999999 1.38e-07 0 1
0.9995 0.999999 0.999999 1.38e-07 0 1
