x alpha rho1 rho2 v p
0.0005 0.999999 1.3765 1.38e-07 0.3948 1.57
0.0015 0.999999 1.3765 1.38e-07 0.3948 1.57
0.0025 0.999999 1.3765 1.38e-07 0.3948 1.57
0.0035 0.999999 1.3765 1.38e-07 0.3948 1.57
0.0045 0.999999 1.3765 1.38e-07 0.3948 1.57
0.0055 0.999999 1.3765 1.38e-07 0.3948 1.57
0.0065 0.999999 1.3765 1.38e-07 0.3948 1.57
0.0075 0.999999 1.3765 1.38e-07 0.3948 1.57
0.0085 0.999999 1.3765 1.38e-07 0.3948 1.57
0.0095 0.999999 1.3765 1.38e-07 0.3948 1.57
0.0105 0.999999 1.3765 1.38e-07 0.3948 1.57
0.0115 0.999999 1.3765 1.38e-07 0.3948 1.57
0.0125 0.999999 1.3765 1.38e-07 0.3948 1.57
0.0135 0.999999 1.3765 1.38e-07 0.3948 1.57
0.0145 0.999999 1.3765 1.38e-07 0.3948 1.57
0.0155 0.999999 1.3765 1.38e-07 0.3948 1.57
0.0165 0.999999 1.3765 1.38e-07 0.3948 1.57
0.0175 0.999999 1.3765 1.38e-07 0.3948 1.57
0.0185 0.999999 1.3765 1.38e-07 0.3948 1.57
0.0195 0.999999 1.3765 1.38e-07 0.3948 1.57
0.0205 0.999999 1.3765 1.38e-07 0.3948 1.57
0.0215 0.999999 1.3765 1.38e-07 0.3948 1.57
0.0225 0.999999 1.3765 1.38e-07 0.3948 1.57
0.0235 0.999999 1.3765 1.38e-07 0.3948 1.57
0.0245 0.999999 1.3765 1.38e-07 0.3948 1.57
0.0255 0.999999 1.3765 1.38e-07 0.3948 1.57
0.0265 0.999999 1.3765 1.38e-07 0.3948 1.57
0.0275 0.999999 1.3765 1.38e-07 0.3948 1.57
0.0285 0.999999 1.3765 1.38e-07 0.3948 1.57
0.0295 0.999999 1.3765 1.38e-07 0.3948 1.57
0.0305 0.999999 1.3765 1.38e-07 0.3948 1.57
0.0315 0.999999 1.3765 1.38e-07 0.3948 1.57
0.0325 0.999999 1.3765 1.38e-07 0.3948 1.57
0.0335 0.999999 1.3765 1.38e-07 0.3948 1.57
0.0345 0.999999 1.3765 1.38e-07 0.3948 1.57
0.0355 0.999999 1.3765 1.38e-07 0.3948 1.57
0.0365 0.999999 1.3765 1.38e-07 0.3948 1.57
0.0375 0.999999 1.3765 1.38e-07 0.3948 1.57
0.0385 0.999999 1.3765 1.38e-07 0.3948 1.57
0.0395 0.999999 1.3765 1.38e-07 0.394801 1.57
0.0405 0.999999 1.3765 1.38e-07 0.394801 1.57
0.0415 0.999999 1.3765 1.38e-07 0.394801 1.57
0.0425 0.999999 1.3765 1.38e-07 0.394801 1.57
0.0435 0.999999 1.3765 1.38e-07 0.394802 1.57
0.0445 0.999999 1.3765 1.38e-07 0.394802 1.57
0.0455 0.999999 1.3765 1.38e-07 0.394803 1.57
0.0465 1 1.3765 1.38e-07 0.394803 1.56999
0.0475 1 1.37649 1.38e-07 0.394804 1.56999
0.0485 1 1.37649 1.37999e-07 0.394805 1.56999
0.0495 1 1.37649 1.37999e-07 0.394806 1.56999
0.0505 1 1.37649 1.37999e-07 0.394807 1.56999
0.0515 1 1.37649 1.37999e-07 0.394809 1.56998
0.0525 1 1.37649 1.37999e-07 0.394811 1.56998
0.0535 1 1.37649 1.37999e-07 0.394813 1.56998
0.0545 1 1.37648 1.37998e-07 0.394815 1.56997
0.0555 1 1.37648 1.37998e-07 0.394818 1.56997
0.0565 1 1.37648 1.37998e-07 0.394821 1.56996
0.0575 1 1.37647 1.37997e-07 0.394825 1.56996
0.0585 1 1.37647 1.37997e-07 0.39483 1.56995
0.0595 1 1.37646 1.37996e-07 0.394835 1.56994
0.0605 1 1.37646 1.37996e-07 0.39484 1.56993
0.0615 1 1.37645 1.37995e-07 0.394847 1.56992
0.0625 1 1.37644 1.37994e-07 0.394854 1.5699
0.0635 1.00001 1.37643 1.37993e-07 0.394862 1.56989
0.0645 1.00001 1.37642 1.37992e-07 0.39487 1.56988
0.0655 1.00001 1.37641 1.37991e-07 0.39488 1.56986
0.0665 1.00001 1.3764 1.3799e-07 0.39489 1.56984
0.0675 1.00001 1.37639 1.37989e-07 0.394902 1.56982
0.0685 1.00001 1.37638 1.37988e-07 0.394914 1.5698
0.0695 1.00001 1.37636 1.37986e-07 0.394928 1.56977
0.0705 1.00001 1.37635 1.37985e-07 0.394942 1.56975
0.0715 1.00001 1.37633 1.37983e-07 0.394957 1.56972
0.0725 1.00001 1.37631 1.37981e-07 0.394973 1.5697
0.0735 1.00001 1.37629 1.3798e-07 0.39499 1.56967
0.0745 1.00001 1.37628 1.37978e-07 0.395007 1.56964
0.0755 1.00001 1.37626 1.37976e-07 0.395025 1.5696
0.0765 1.00001 1.37624 1.37974e-07 0.395044 1.56957
0.0775 1.00001 1.37622 1.37972e-07 0.395063 1.56954
0.0785 1.00001 1.37619 1.3797e-07 0.395082 1.5695
0.0795 1.00001 1.37617 1.37967e-07 0.395101 1.56947
0.0805 1.00001 1.37615 1.37965e-07 0.395121 1.56944
0.0815 1.00001 1.37613 1.37963e-07 0.39514 1.5694
0.0825 1.00001 1.37611 1.37961e-07 0.395159 1.56937
0.0835 1.00001 1.37609 1.37959e-07 0.395177 1.56934
0.0845 1.00001 1.37607 1.37957e-07 0.395195 1.56931
0.0855 1.00001 1.37605 1.37955e-07 0.395212 1.56928
0.0865 1.00001 1.37603 1.37953e-07 0.395228 1.56925
0.0875 1.00001 1.37602 1.37952e-07 0.395243 1.56923
0.0885 1.00001 1.376 1.3795e-07 0.395257 1.5692
0.0895 1.00001 1.37599 1.37949e-07 0.39527 1.56918
0.0905 1.00001 1.37598 1.37948e-07 0.39528 1.56916
0.0915 1.00001 1.37597 1.37947e-07 0.39529 1.56915
0.0925 1 1.37596 1.37946e-07 0.395298 1.56913
0.0935 1 1.37595 1.37945e-07 0.395304 1.56912
0.0945 1 1.37595 1.37945e-07 0.395308 1.56912
0.0955 1 1.37594 1.37944e-07 0.395311 1.56911
0.0965 1 1.37594 1.37944e-07 0.395312 1.56911
0.0975 0.999998 1.37594 1.37944e-07 0.395312 1.56911
0.0985 0.999997 1.37594 1.37944e-07 0.39531 1.56911
0.0995 0.999996 1.37595 1.37945e-07 0.395307 1.56912
0.1005 0.999995 1.37595 1.37945e-07 0.395302 1.56913
0.1015 0.999994 1.37596 1.37946e-07 0.395296 1.56914
0.1025 0.999993 1.37597 1.37947e-07 0.395288 1.56915
0.1035 0.999992 1.37597 1.37947e-07 0.39528 1.56917
0.1045 0.999991 1.37598 1.37948e-07 0.395271 1.56918
0.1055 0.999991 1.376 1.3795e-07 0.395261 1.5692
0.1065 0.99999 1.37601 1.37951e-07 0.39525 1.56922
0.1075 0.99999 1.37602 1.37952e-07 0.395238 1.56924
0.1085 0.99999 1.37603 1.37953e-07 0.395227 1.56926
0.1095 0.999989 1.37605 1.37955e-07 0.395214 1.56928
0.1105 0.999989 1.37606 1.37956e-07 0.395202 1.5693
0.1115 0.999989 1.37607 1.37957e-07 0.39519 1.56933
0.1125 0.999989 1.37609 1.37959e-07 0.395177 1.56935
0.1135 0.999989 1.3761 1.3796e-07 0.395165 1.56937
0.1145 0.999989 1.37611 1.37961e-07 0.395153 1.56939
0.1155 0.99999 1.37613 1.37963e-07 0.395141 1.56941
0.1165 0.99999 1.37614 1.37964e-07 0.395129 1.56943
0.1175 0.99999 1.37615 1.37965e-07 0.395118 1.56945
0.1185 0.99999 1.37616 1.37966e-07 0.395107 1.56947
0.1195 0.999991 1.37617 1.37967e-07 0.395096 1.56949
0.1205 0.999991 1.37619 1.37969e-07 0.395086 1.56951
0.1215 0.999991 1.3762 1.3797e-07 0.395076 1.56952
0.1225 0.999992 1.37621 1.37971e-07 0.395067 1.56954
0.1235 0.999992 1.37622 1.37972e-07 0.395058 1.56955
0.1245 0.999992 1.37623 1.37973e-07 0.395049 1.56957
0.1255 0.999993 1.37623 1.37974e-07 0.395041 1.56958
0.1265 0.999993 1.37624 1.37974e-07 0.395033 1.5696
0.1275 0.999993 1.37625 1.37975e-07 0.395026 1.56961
0.1285 0.999994 1.37626 1.37976e-07 0.395019 1.56962
0.1295 0.999994 1.37627 1.37977e-07 0.395012 1.56963
0.1305 0.999994 1.37627 1.37977e-07 0.395006 1.56964
0.1315 0.999994 1.37628 1.37978e-07 0.395 1.56965
0.1325 0.999995 1.37629 1.37979e-07 0.394995 1.56966
0.1335 0.999995 1.37629 1.37979e-07 0.394989 1.56967
0.1345 0.999995 1.3763 1.3798e-07 0.394984 1.56968
0.1355 0.999995 1.3763 1.3798e-07 0.394979 1.56969
0.1365 0.999995 1.37631 1.37981e-07 0.394975 1.5697
0.1375 0.999996 1.37631 1.37981e-07 0.39497 1.56971
0.1385 0.999996 1.37632 1.37982e-07 0.394966 1.56971
0.1395 0.999996 1.37632 1.37982e-07 0.394962 1.56972
0.1405 0.999996 1.37633 1.37983e-07 0.394958 1.56973
0.1415 0.999996 1.37633 1.37983e-07 0.394954 1.56973
0.1425 0.999996 1.37633 1.37983e-07 0.394951 1.56974
0.1435 0.999996 1.37634 1.37984e-07 0.394947 1.56974
0.1445 0.999996 1.37634 1.37984e-07 0.394944 1.56975
0.1455 0.999997 1.37634 1.37985e-07 0.394941 1.56976
0.1465 0.999997 1.37635 1.37985e-07 0.394938 1.56976
0.1475 0.999997 1.37635 1.37985e-07 0.394935 1.56977
0.1485 0.999997 1.37635 1.37985e-07 0.394932 1.56977
0.1495 0.999997 1.37636 1.37986e-07 0.39493 1.56977
0.1505 0.999997 1.37636 1.37986e-07 0.394927 1.56978
0.1515 0.999997 1.37636 1.37986e-07 0.394925 1.56978
0.1525 0.999997 1.37637 1.37987e-07 0.394922 1.56979
0.1535 0.999997 1.37637 1.37987e-07 0.39492 1.56979
0.1545 0.999997 1.37637 1.37987e-07 0.394918 1.5698
0.1555 0.999997 1.37637 1.37987e-07 0.394915 1.5698
0.1565 0.999997 1.37637 1.37988e-07 0.394913 1.5698
0.1575 0.999997 1.37638 1.37988e-07 0.394911 1.56981
0.1585 0.999997 1.37638 1.37988e-07 0.394909 1.56981
0.1595 0.999997 1.37638 1.37988e-07 0.394907 1.56981
0.1605 0.999998 1.37638 1.37988e-07 0.394905 1.56982
0.1615 0.999998 1.37639 1.37989e-07 0.394904 1.56982
0.1625 0.999998 1.37639 1.37989e-07 0.394902 1.56982
0.1635 0.999998 1.37639 1.37989e-07 0.3949 1.56983
0.1645 0.999998 1.37639 1.37989e-07 0.394898 1.56983
0.1655 0.999998 1.37639 1.37989e-07 0.394897 1.56983
0.1665 0.999998 1.37639 1.3799e-07 0.394895 1.56983
0.1675 0.999998 1.3764 1.3799e-07 0.394894 1.56984
0.1685 0.999998 1.3764 1.3799e-07 0.394892 1.56984
0.1695 0.999998 1.3764 1.3799e-07 0.394891 1.56984
0.1705 0.999998 1.3764 1.3799e-07 0.394889 1.56984
0.1715 0.999998 1.3764 1.3799e-07 0.394888 1.56985
0.1725 0.999998 1.3764 1.37991e-07 0.394887 1.56985
0.1735 0.999998 1.37641 1.37991e-07 0.394885 1.56985
0.1745 0.999998 1.37641 1.37991e-07 0.394884 1.56985
0.1755 0.999998 1.37641 1.37991e-07 0.394883 1.56986
0.1765 0.999998 1.37641 1.37991e-07 0.394881 1.56986
0.1775 0.999998 1.37641 1.37991e-07 0.39488 1.56986
0.1785 0.999998 1.37641 1.37991e-07 0.394879 1.56986
0.1795 0.999998 1.37641 1.37991e-07 0.394878 1.56986
0.1805 0.999998 1.37641 1.37992e-07 0.394877 1.56987
0.1815 0.999998 1.37642 1.37992e-07 0.394876 1.56987
0.1825 0.999998 1.37642 1.37992e-07 0.394875 1.56987
0.1835 0.999998 1.37642 1.37992e-07 0.394874 1.56987
0.1845 0.999998 1.37642 1.37992e-07 0.394873 1.56987
0.1855 0.999998 1.37642 1.37992e-07 0.394872 1.56988
0.1865 0.999998 1.37642 1.37992e-07 0.394871 1.56988
0.1875 0.999998 1.37642 1.37992e-07 0.39487 1.56988
0.1885 0.999998 1.37642 1.37992e-07 0.394869 1.56988
0.1895 0.999998 1.37642 1.37993e-07 0.394868 1.56988
0.1905 0.999998 1.37643 1.37993e-07 0.394867 1.56988
0.1915 0.999998 1.37643 1.37993e-07 0.394866 1.56989
0.1925 0.999998 1.37643 1.37993e-07 0.394865 1.56989
0.1935 0.999998 1.37643 1.37993e-07 0.394864 1.56989
0.1945 0.999998 1.37643 1.37993e-07 0.394864 1.56989
0.1955 0.999998 1.37643 1.37993e-07 0.394863 1.56989
0.1965 0.999998 1.37643 1.37993e-07 0.394862 1.56989
0.1975 0.999998 1.37643 1.37993e-07 0.394861 1.56989
0.1985 0.999998 1.37643 1.37993e-07 0.394861 1.56989
0.1995 0.999998 1.37643 1.37993e-07 0.39486 1.5699
0.2005 0.999998 1.37643 1.37994e-07 0.394859 1.5699
0.2015 0.999998 1.37643 1.37994e-07 0.394858 1.5699
0.2025 0.999998 1.37644 1.37994e-07 0.394858 1.5699
0.2035 0.999998 1.37644 1.37994e-07 0.394857 1.5699
0.2045 0.999998 1.37644 1.37994e-07 0.394856 1.5699
0.2055 0.999999 1.37644 1.37994e-07 0.394856 1.5699
0.2065 0.999999 1.37644 1.37994e-07 0.394855 1.5699
0.2075 0.999999 1.37644 1.37994e-07 0.394854 1.56991
0.2085 0.999999 1.37644 1.37994e-07 0.394854 1.56991
0.2095 0.999999 1.37644 1.37994e-07 0.394853 1.56991
0.2105 0.999999 1.37644 1.37994e-07 0.394853 1.56991
0.2115 0.999999 1.37644 1.37994e-07 0.394852 1.56991
0.2125 0.999999 1.37644 1.37994e-07 0.394851 1.56991
0.2135 0.999999 1.37644 1.37994e-07 0.394851 1.56991
0.2145 0.999999 1.37644 1.37994e-07 0.39485 1.56991
0.2155 0.999999 1.37644 1.37995e-07 0.39485 1.56991
0.2165 0.999999 1.37644 1.37995e-07 0.394849 1.56991
0.2175 0.999999 1.37645 1.37995e-07 0.394849 1.56992
0.2185 0.999999 1.37645 1.37995e-07 0.394848 1.56992
0.2195 0.999999 1.37645 1.37995e-07 0.394848 1.56992
0.2205 0.999999 1.37645 1.37995e-07 0.394847 1.56992
0.2215 0.999999 1.37645 1.37995e-07 0.394847 1.56992
0.2225 0.999999 1.37645 1.37995e-07 0.394846 1.56992
0.2235 0.999999 1.37645 1.37995e-07 0.394846 1.56992
0.2245 0.999999 1.37645 1.37995e-07 0.394845 1.56992
0.2255 0.999999 1.37645 1.37995e-07 0.394845 1.56992
0.2265 0.999999 1.37645 1.37995e-07 0.394845 1.56992
0.2275 0.999999 1.37645 1.37995e-07 0.394844 1.56992
0.2285 0.999999 1.37645 1.37995e-07 0.394844 1.56992
0.2295 0.999999 1.37645 1.37995e-07 0.394843 1.56992
0.2305 0.999999 1.37645 1.37995e-07 0.394843 1.56993
0.2315 0.999999 1.37645 1.37995e-07 0.394842 1.56993
0.2325 0.999999 1.37645 1.37995e-07 0.394842 1.56993
0.2335 0.999999 1.37645 1.37995e-07 0.394842 1.56993
0.2345 0.999999 1.37645 1.37995e-07 0.394841 1.56993
0.2355 0.999999 1.37645 1.37996e-07 0.394841 1.56993
0.2365 0.999999 1.37645 1.37996e-07 0.394841 1.56993
0.2375 0.999999 1.37645 1.37996e-07 0.39484 1.56993
0.2385 0.999999 1.37646 1.37996e-07 0.39484 1.56993
0.2395 0.999999 1.37646 1.37996e-07 0.39484 1.56993
0.2405 0.999999 1.37646 1.37996e-07 0.394839 1.56993
0.2415 0.999999 1.37646 1.37996e-07 0.394839 1.56993
0.2425 0.999999 1.37646 1.37996e-07 0.394838 1.56993
0.2435 0.999999 1.37646 1.37996e-07 0.394838 1.56993
0.2445 0.999999 1.37646 1.37996e-07 0.394838 1.56993
0.2455 0.999999 1.37646 1.37996e-07 0.394838 1.56993
0.2465 0.999999 1.37646 1.37996e-07 0.394837 1.56994
0.2475 0.999999 1.37646 1.37996e-07 0.394837 1.56994
0.2485 0.999999 1.37646 1.37996e-07 0.394837 1.56994
0.2495 0.999999 1.37646 1.37996e-07 0.394836 1.56994
0.2505 0.999999 1.37646 1.37996e-07 0.394836 1.56994
0.2515 0.999999 1.37646 1.37996e-07 0.394836 1.56994
0.2525 0.999999 1.37646 1.37996e-07 0.394835 1.56994
0.2535 0.999999 1.37646 1.37996e-07 0.394835 1.56994
0.2545 0.999999 1.37646 1.37996e-07 0.394835 1.56994
0.2555 0.999999 1.37646 1.37996e-07 0.394835 1.56994
0.2565 0.999999 1.37646 1.37996e-07 0.394834 1.56994
0.2575 0.999999 1.37646 1.37996e-07 0.394834 1.56994
0.2585 0.999999 1.37646 1.37996e-07 0.394834 1.56994
0.2595 0.999999 1.37646 1.37996e-07 0.394834 1.56994
0.2605 0.999999 1.37646 1.37996e-07 0.394833 1.56994
0.2615 0.999999 1.37646 1.37996e-07 0.394833 1.56994
0.2625 0.999999 1.37646 1.37996e-07 0.394833 1.56994
0.2635 0.999999 1.37646 1.37996e-07 0.394833 1.56994
0.2645 0.999999 1.37646 1.37996e-07 0.394832 1.56994
0.2655 0.999999 1.37646 1.37996e-07 0.394832 1.56994
0.2665 0.999999 1.37646 1.37997e-07 0.394832 1.56994
0.2675 0.999999 1.37646 1.37997e-07 0.394832 1.56994
0.2685 0.999999 1.37646 1.37997e-07 0.394832 1.56995
0.2695 0.999999 1.37646 1.37997e-07 0.394831 1.56995
0.2705 0.999999 1.37646 1.37997e-07 0.394831 1.56995
0.2715 0.999999 1.37646 1.37997e-07 0.394831 1.56995
0.2725 0.999999 1.37647 1.37997e-07 0.394831 1.56995
0.2735 0.999999 1.37647 1.37997e-07 0.394831 1.56995
0.2745 0.999999 1.37647 1.37997e-07 0.394831 1.56995
0.2755 0.999999 1.37647 1.37997e-07 0.39483 1.56995
0.2765 0.999999 1.37647 1.37997e-07 0.39483 1.56995
0.2775 0.999999 1.37647 1.37997e-07 0.39483 1.56995
0.2785 0.999999 1.37647 1.37997e-07 0.394831 1.56995
0.2795 0.999999 1.37647 1.37997e-07 0.394831 1.56995
0.2805 0.999999 1.37646 1.37997e-07 0.394831 1.56995
0.2815 1 1.37646 1.37997e-07 0.394832 1.56994
0.2825 1 1.37646 1.37996e-07 0.394833 1.56994
0.2835 1 1.37646 1.37996e-07 0.394835 1.56994
0.2845 1 1.37646 1.37996e-07 0.394838 1.56993
0.2855 1 1.37645 1.37996e-07 0.394841 1.56993
0.2865 1 1.37645 1.37995e-07 0.394846 1.56992
0.2875 1.00001 1.37644 1.37994e-07 0.394854 1.5699
0.2885 1.00001 1.37643 1.37993e-07 0.394863 1.56989
0.2895 1.00001 1.37642 1.37992e-07 0.394877 1.56986
0.2905 1.00001 1.3764 1.3799e-07 0.394895 1.56983
0.2915 1.00002 1.37637 1.37988e-07 0.394919 1.56979
0.2925 1.00003 1.37634 1.37985e-07 0.394951 1.56973
0.2935 1.00003 1.37629 1.37981e-07 0.394992 1.56965
0.2945 1.00004 1.37624 1.37976e-07 0.395047 1.56955
0.2955 1.00006 1.37616 1.3797e-07 0.395117 1.56943
0.2965 1.00007 1.37607 1.37964e-07 0.395206 1.56927
0.2975 1.00009 1.37595 1.37956e-07 0.39532 1.56906
0.2985 1.00012 1.37579 1.37949e-07 0.395462 1.56881
0.2995 1.00014 1.3756 1.37942e-07 0.39564 1.56849
0.3005 1.00018 1.37536 1.37937e-07 0.395859 1.5681
0.3015 1.00022 1.37507 1.37936e-07 0.396128 1.56761
0.3025 1.00026 1.37471 1.37942e-07 0.396455 1.56703
0.3035 1.00031 1.37428 1.3796e-07 0.396847 1.56633
0.3045 1.00037 1.37376 1.37994e-07 0.397317 1.5655
0.3055 1.00043 1.37314 1.38052e-07 0.397872 1.56451
0.3065 1.0005 1.37241 1.38143e-07 0.398524 1.56335
0.3075 1.00058 1.37155 1.38277e-07 0.399283 1.56201
0.3085 1.00066 1.37055 1.38466e-07 0.400161 1.56046
0.3095 1.00075 1.3694 1.38724e-07 0.401166 1.55869
0.3105 1.00085 1.36809 1.39065e-07 0.40231 1.55667
0.3115 1.00094 1.3666 1.39505e-07 0.403602 1.55441
0.3125 1.00105 1.36493 1.40058e-07 0.405049 1.55187
0.3135 1.00115 1.36306 1.40737e-07 0.40666 1.54906
0.3145 1.00126 1.36099 1.41555e-07 0.40844 1.54596
0.3155 1.00138 1.35872 1.42519e-07 0.410394 1.54257
0.3165 1.00149 1.35625 1.43633e-07 0.412526 1.53887
0.3175 1.00161 1.35358 1.44897e-07 0.414837 1.53488
0.3185 1.00173 1.35071 1.46304e-07 0.417329 1.5306
0.3195 1.00186 1.34766 1.47845e-07 0.419999 1.52602
0.3205 1.00198 1.34442 1.49501e-07 0.422845 1.52115
0.3215 1.00211 1.34102 1.51252e-07 0.425863 1.51601
0.3225 1.00224 1.33746 1.53072e-07 0.429048 1.51061
0.3235 1.00237 1.33375 1.54932e-07 0.432394 1.50495
0.3245 1.00249 1.32992 1.56801e-07 0.435892 1.49907
0.3255 1.00262 1.32596 1.58649e-07 0.439533 1.49296
0.3265 1.00275 1.3219 1.60446e-07 0.443309 1.48666
0.3275 1.00287 1.31775 1.62163e-07 0.447208 1.48017
0.3285 1.00298 1.31353 1.63776e-07 0.451219 1.47353
0.3295 1.0031 1.30923 1.65263e-07 0.455331 1.46676
0.3305 1.0032 1.30488 1.66609e-07 0.45953 1.45987
0.3315 1.00329 1.30049 1.67801e-07 0.463804 1.45289
0.3325 1.00338 1.29607 1.68833e-07 0.468138 1.44584
0.3335 1.00345 1.29163 1.69702e-07 0.472519 1.43875
0.3345 1.00351 1.28717 1.70412e-07 0.476933 1.43164
0.3355 1.00356 1.28273 1.70966e-07 0.481365 1.42453
0.3365 1.0036 1.27829 1.71375e-07 0.485799 1.41745
0.3375 1.00362 1.27389 1.7165e-07 0.49022 1.41043
0.3385 1.00362 1.26952 1.71802e-07 0.494614 1.40348
0.3395 1.00361 1.26521 1.71847e-07 0.498963 1.39663
0.3405 1.00359 1.26096 1.71798e-07 0.503253 1.38991
0.3415 1.00355 1.2568 1.71669e-07 0.507468 1.38334
0.3425 1.00349 1.25273 1.71474e-07 0.511591 1.37693
0.3435 1.00342 1.24877 1.71227e-07 0.515609 1.37072
0.3445 1.00334 1.24493 1.70939e-07 0.519505 1.36473
0.3455 1.00324 1.24123 1.70622e-07 0.523266 1.35897
0.3465 1.00313 1.23768 1.70286e-07 0.526877 1.35346
0.3475 1.00301 1.23429 1.6994e-07 0.530326 1.34822
0.3485 1.00288 1.23107 1.6959e-07 0.533601 1.34326
0.3495 1.00274 1.22803 1.69245e-07 0.536693 1.3386
0.3505 1.00259 1.22518 1.68908e-07 0.539593 1.33424
0.3515 1.00243 1.22253 1.68585e-07 0.542295 1.3302
0.3525 1.00227 1.22008 1.6828e-07 0.544793 1.32647
0.3535 1.00211 1.21783 1.67993e-07 0.547088 1.32306
0.3545 1.00195 1.21578 1.67729e-07 0.549177 1.31997
0.3555 1.00179 1.21392 1.67487e-07 0.551065 1.31718
0.3565 1.00164 1.21227 1.67268e-07 0.552755 1.31469
0.3575 1.00149 1.2108 1.67072e-07 0.554256 1.31248
0.3585 1.00135 1.2095 1.66899e-07 0.555576 1.31055
0.3595 1.00122 1.20838 1.66747e-07 0.556726 1.30886
0.3605 1.0011 1.2074 1.66616e-07 0.557719 1.30741
0.3615 1.00099 1.20658 1.66503e-07 0.558567 1.30618
0.3625 1.00089 1.20588 1.66408e-07 0.559285 1.30513
0.3635 1.0008 1.20529 1.66328e-07 0.559886 1.30426
0.3645 1.00072 1.20481 1.66262e-07 0.560384 1.30354
0.3655 1.00066 1.20441 1.66208e-07 0.560793 1.30294
0.3665 1.0006 1.20409 1.66164e-07 0.561126 1.30246
0.3675 1.00056 1.20384 1.66129e-07 0.561393 1.30207
0.3685 1.00052 1.20363 1.66101e-07 0.561606 1.30176
0.3695 1.00049 1.20348 1.6608e-07 0.561773 1.30152
0.3705 1.00046 1.20336 1.66063e-07 0.561904 1.30133
0.3715 1.00044 1.20327 1.66051e-07 0.562006 1.30118
0.3725 1.00043 1.2032 1.66042e-07 0.562083 1.30107
0.3735 1.00042 1.20315 1.66035e-07 0.562142 1.30098
0.3745 1.00041 1.20312 1.6603e-07 0.562186 1.30092
0.3755 1.00041 1.20309 1.66027e-07 0.562219 1.30087
0.3765 1.0004 1.20308 1.66025e-07 0.562243 1.30083
0.3775 1.0004 1.20307 1.66023e-07 0.56226 1.3008
0.3785 1.0004 1.20306 1.66023e-07 0.562273 1.30078
0.3795 1.0004 1.20306 1.66023e-07 0.562282 1.30077
0.3805 1.00041 1.20306 1.66023e-07 0.562288 1.30075
0.3815 1.00041 1.20307 1.66023e-07 0.562293 1.30074
0.3825 1.00041 1.20307 1.66024e-07 0.562296 1.30074
0.3835 1.00041 1.20307 1.66024e-07 0.562298 1.30073
0.3845 1.00042 1.20308 1.66025e-07 0.562299 1.30073
0.3855 1.00042 1.20308 1.66026e-07 0.5623 1.30073
0.3865 1.00043 1.20309 1.66027e-07 0.5623 1.30072
0.3875 1.00043 1.2031 1.66027e-07 0.562301 1.30072
0.3885 1.00043 1.2031 1.66028e-07 0.562301 1.30072
0.3895 1.00044 1.20311 1.66029e-07 0.562301 1.30072
0.3905 1.00044 1.20311 1.6603e-07 0.562301 1.30071
0.3915 1.00045 1.20312 1.6603e-07 0.5623 1.30071
0.3925 1.00045 1.20312 1.66031e-07 0.5623 1.30071
0.3935 1.00046 1.20313 1.66032e-07 0.5623 1.30071
0.3945 1.00046 1.20313 1.66032e-07 0.5623 1.30071
0.3955 1.00047 1.20313 1.66033e-07 0.5623 1.30071
0.3965 1.00047 1.20314 1.66033e-07 0.5623 1.3007
0.3975 1.00048 1.20314 1.66034e-07 0.562299 1.3007
0.3985 1.00048 1.20315 1.66034e-07 0.562299 1.3007
0.3995 1.00049 1.20315 1.66035e-07 0.562299 1.3007
0.4005 1.0005 1.20315 1.66035e-07 0.562299 1.3007
0.4015 1.0005 1.20316 1.66036e-07 0.562299 1.3007
0.4025 1.00051 1.20316 1.66036e-07 0.562299 1.3007
0.4035 1.00051 1.20316 1.66037e-07 0.562298 1.30069
0.4045 1.00052 1.20316 1.66037e-07 0.562298 1.30069
0.4055 1.00053 1.20317 1.66037e-07 0.562298 1.30069
0.4065 1.00053 1.20317 1.66038e-07 0.562298 1.30069
0.4075 1.00054 1.20317 1.66038e-07 0.562298 1.30069
0.4085 1.00055 1.20317 1.66038e-07 0.562298 1.30069
0.4095 1.00056 1.20318 1.66039e-07 0.562298 1.30069
0.4105 1.00056 1.20318 1.6604e-07 0.562297 1.30069
0.4115 1.00057 1.20318 1.66043e-07 0.562297 1.30068
0.4125 1.00058 1.20318 1.66057e-07 0.562297 1.30068
0.4135 1.00059 1.20318 1.66112e-07 0.562297 1.30068
0.4145 1.0006 1.20319 1.66315e-07 0.562297 1.30068
0.4155 1.00061 1.20319 1.67014e-07 0.562297 1.30068
0.4165 1.00062 1.20319 1.6927e-07 0.562296 1.30068
0.4175 1.00063 1.20319 1.76115e-07 0.562296 1.30068
0.4185 1.00063 1.20319 1.95695e-07 0.562296 1.30068
0.4195 1.00065 1.20319 2.48669e-07 0.562296 1.30067
0.4205 1.00065 1.20319 3.84594e-07 0.562296 1.30067
0.4215 1.00066 1.20319 7.16185e-07 0.562296 1.30067
0.4225 1.00067 1.20318 1.48701e-06 0.562296 1.30067
0.4235 1.00067 1.20317 3.19797e-06 0.562296 1.30067
0.4245 1.00065 1.20314 6.83105e-06 0.562295 1.30067
0.4255 1.00061 1.20309 1.42238e-05 0.562295 1.30067
0.4265 1.00052 1.20297 2.86625e-05 0.562295 1.30067
0.4275 1.00034 1.20276 5.57686e-05 0.562295 1.30067
0.4285 1.00001 1.20239 0.000104749 0.562295 1.30066
0.4295 0.999435 1.20173 0.000190045 0.562295 1.30066
0.4305 0.998462 1.20063 0.000333366 0.562295 1.30066
0.4315 0.996888 1.19884 0.00056598 0.562294 1.30066
0.4325 0.99443 1.19605 0.000931033 0.562294 1.30066
0.4335 0.990718 1.19182 0.00148551 0.562294 1.30066
0.4345 0.98529 1.18561 0.00230139 0.562294 1.30066
0.4355 0.977593 1.17676 0.00346534 0.562294 1.30066
0.4365 0.967003 1.16455 0.00507661 0.562294 1.30066
0.4375 0.952852 1.14816 0.00724263 0.562293 1.30065
0.4385 0.934473 1.12678 0.0100722 0.562293 1.30065
0.4395 0.911256 1.09967 0.0136667 0.562293 1.30065
0.4405 0.882713 1.06622 0.0181101 0.562293 1.30065
0.4415 0.848538 1.02601 0.0234581 0.562293 1.30065
0.4425 0.808668 0.978945 0.029729 0.562293 1.30065
0.4435 0.763318 0.92522 0.0368968 0.562292 1.30065
0.4445 0.713001 0.865412 0.0448874 0.562292 1.30065
0.4455 0.658516 0.800439 0.0535796 0.562292 1.30065
0.4465 0.600907 0.731527 0.0628106 0.562292 1.30065
0.4475 0.541405 0.660134 0.0723855 0.562291 1.30065
0.4485 0.481343 0.587859 0.0820905 0.56229 1.30065
0.4495 0.422069 0.516328 0.0917065 0.562289 1.30065
0.4505 0.364851 0.44709 0.101025 0.562288 1.30065
0.4515 0.310809 0.38152 0.109858 0.562286 1.30065
0.4525 0.260846 0.320742 0.118055 0.562283 1.30065
0.4535 0.215615 0.265583 0.125502 0.562278 1.30066
0.4545 0.175506 0.216553 0.132127 0.562272 1.30066
0.4555 0.140656 0.173851 0.137903 0.562264 1.30067
0.4565 0.110976 0.1374 0.142838 0.562252 1.30067
0.4575 0.0861927 0.106896 0.146972 0.562236 1.30069
0.4585 0.0658966 0.0818619 0.150367 0.562214 1.3007
0.4595 0.0495904 0.0617067 0.153104 0.562184 1.30072
0.4605 0.0367345 0.0457841 0.155268 0.562143 1.30074
0.4615 0.0267856 0.0334379 0.156949 0.562089 1.30078
0.4625 0.0192263 0.0240391 0.15823 0.562016 1.30082
0.4635 0.0135856 0.0170128 0.159191 0.561917 1.30088
0.4645 0.00945102 0.0118534 0.159899 0.561785 1.30096
0.4655 0.00647332 0.00813103 0.160414 0.561606 1.30106
0.4665 0.00436576 0.00549193 0.160784 0.561365 1.30121
0.4675 0.00289946 0.00365277 0.161049 0.561041 1.3014
0.4685 0.00189647 0.00239268 0.16124 0.560606 1.30165
0.4695 0.0012218 0.00154371 0.161381 0.560022 1.302
0.4705 0.000775426 0.000981138 0.161492 0.559244 1.30246
0.4715 0.000484902 0.000614418 0.161587 0.558212 1.30307
0.4725 0.000298854 0.000379211 0.161679 0.556851 1.30387
0.4735 0.000181609 0.000230758 0.161777 0.555071 1.30493
0.4745 0.00010889 0.000138539 0.161891 0.552762 1.3063
0.4755 6.44931e-05 8.2148e-05 0.162029 0.5498 1.30806
0.4765 3.78106e-05 4.82019e-05 0.162199 0.546044 1.31029
0.4775 2.20229e-05 2.8083e-05 0.162409 0.541345 1.31309
0.4785 1.2826e-05 1.63433e-05 0.162667 0.535554 1.31655
0.4795 7.55139e-06 9.59919e-06 0.162978 0.528539 1.32075
0.4805 4.57321e-06 5.78546e-06 0.163347 0.5202 1.32575
0.4815 2.9179e-06 3.66329e-06 0.163778 0.510497 1.3316
0.4825 2.01235e-06 2.50197e-06 0.164268 0.499465 1.33827
0.4835 1.52487e-06 1.8777e-06 0.164812 0.487233 1.34569
0.4845 1.26671e-06 1.54873e-06 0.165402 0.474027 1.35375
0.4855 1.13228e-06 1.37943e-06 0.166022 0.46016 1.36225
0.4865 1.06351e-06 1.29495e-06 0.166656 0.446006 1.37097
0.4875 1.02901e-06 1.25467e-06 0.167288 0.43196 1.37967
0.4885 1.01209e-06 1.23693e-06 0.167899 0.418397 1.38811
0.4895 1.00405e-06 1.23034e-06 0.168476 0.405636 1.39609
0.4905 1.0004e-06 1.22906e-06 0.169007 0.393915 1.40345
0.4915 9.9888e-07 1.23013e-06 0.169485 0.383379 1.4101
0.4925 9.98373e-07 1.23209e-06 0.169907 0.374086 1.41598
0.4935 9.98323e-07 1.23426e-06 0.170274 0.366022 1.4211
0.4945 9.98466e-07 1.23632e-06 0.170589 0.359118 1.42549
0.4955 9.98674e-07 1.23816e-06 0.170856 0.353271 1.42922
0.4965 9.98891e-07 1.23974e-06 0.17108 0.34836 1.43236
0.4975 9.99093e-07 1.24108e-06 0.171267 0.34426 1.43498
0.4985 9.9927e-07 1.2422e-06 0.171423 0.340851 1.43717
0.4995 9.9942e-07 1.24314e-06 0.171553 0.338021 1.43899
0.5005 9.99547e-07 1.24391e-06 0.17166 0.335675 1.44049
0.5015 9.99651e-07 1.24456e-06 0.171749 0.333727 1.44174
0.5025 9.99738e-07 1.2451e-06 0.171823 0.332109 1.44279
0.5035 9.99808e-07 1.24554e-06 0.171885 0.330759 1.44365
0.5045 9.99867e-07 1.24592e-06 0.171936 0.329631 1.44438
0.5055 9.99914e-07 1.24623e-06 0.171979 0.328685 1.44499
0.5065 9.99954e-07 1.24649e-06 0.172016 0.327887 1.4455
0.5075 9.99986e-07 1.24671e-06 0.172046 0.327213 1.44594
0.5085 1.00001e-06 1.2469e-06 0.172072 0.326641 1.4463
0.5095 1.00004e-06 1.24706e-06 0.172095 0.326153 1.44662
0.5105 1.00005e-06 1.2472e-06 0.172114 0.325735 1.44689
0.5115 1.00007e-06 1.24732e-06 0.17213 0.325376 1.44712
0.5125 1.00008e-06 1.24742e-06 0.172144 0.325066 1.44732
0.5135 1.00009e-06 1.24751e-06 0.172156 0.324798 1.44749
0.5145 1.0001e-06 1.24758e-06 0.172166 0.324565 1.44764
0.5155 1.00011e-06 1.24765e-06 0.172175 0.324362 1.44777
0.5165 1.00012e-06 1.2477e-06 0.172183 0.324185 1.44789
0.5175 1.00012e-06 1.24775e-06 0.17219 0.324029 1.44799
0.5185 1.00013e-06 1.2478e-06 0.172196 0.323892 1.44807
0.5195 1.00013e-06 1.24784e-06 0.172201 0.323771 1.44815
0.5205 1.00014e-06 1.24787e-06 0.172206 0.323665 1.44822
0.5215 1.00014e-06 1.2479e-06 0.17221 0.32357 1.44828
0.5225 1.00014e-06 1.24792e-06 0.172213 0.323486 1.44833
0.5235 1.00015e-06 1.24795e-06 0.172216 0.323412 1.44838
0.5245 1.00015e-06 1.24797e-06 0.172219 0.323345 1.44842
0.5255 1.00015e-06 1.24798e-06 0.172222 0.323286 1.44846
0.5265 1.00015e-06 1.248e-06 0.172224 0.323233 1.4485
0.5275 1.00015e-06 1.24801e-06 0.172226 0.323185 1.44853
0.5285 1.00016e-06 1.24802e-06 0.172227 0.323143 1.44855
0.5295 1.00016e-06 1.24804e-06 0.172229 0.323105 1.44858
0.5305 1.00016e-06 1.24804e-06 0.17223 0.32307 1.4486
0.5315 1.00016e-06 1.24805e-06 0.172231 0.323039 1.44862
0.5325 1.00016e-06 1.24806e-06 0.172232 0.323011 1.44864
0.5335 1.00016e-06 1.24807e-06 0.172233 0.322986 1.44865
0.5345 1.00016e-06 1.24807e-06 0.172234 0.322963 1.44867
0.5355 1.00016e-06 1.24808e-06 0.172234 0.322942 1.44868
0.5365 1.00016e-06 1.24808e-06 0.172235 0.322923 1.44869
0.5375 1.00016e-06 1.24809e-06 0.172236 0.322906 1.4487
0.5385 1.00016e-06 1.24809e-06 0.172236 0.32289 1.44871
0.5395 1.00017e-06 1.24809e-06 0.172236 0.322876 1.44872
0.5405 1.00017e-06 1.24809e-06 0.172237 0.322863 1.44873
0.5415 1.00017e-06 1.2481e-06 0.172237 0.322851 1.44874
0.5425 1.00017e-06 1.2481e-06 0.172237 0.322839 1.44874
0.5435 1.00017e-06 1.2481e-06 0.172238 0.322829 1.44875
0.5445 1.00017e-06 1.2481e-06 0.172238 0.32282 1.44876
0.5455 1.00017e-06 1.2481e-06 0.172238 0.322811 1.44876
0.5465 1.00017e-06 1.2481e-06 0.172238 0.322803 1.44877
0.5475 1.00017e-06 1.2481e-06 0.172238 0.322795 1.44877
0.5485 1.00017e-06 1.2481e-06 0.172238 0.322788 1.44878
0.5495 1.00017e-06 1.2481e-06 0.172238 0.322782 1.44878
0.5505 1.00017e-06 1.2481e-06 0.172238 0.322775 1.44878
0.5515 1.00017e-06 1.2481e-06 0.172238 0.32277 1.44879
0.5525 1.00017e-06 1.2481e-06 0.172238 0.322764 1.44879
0.5535 1.00017e-06 1.2481e-06 0.172238 0.322759 1.44879
0.5545 1.00017e-06 1.2481e-06 0.172238 0.322754 1.44879
0.5555 1.00017e-06 1.2481e-06 0.172237 0.322749 1.4488
0.5565 1.00017e-06 1.2481e-06 0.172237 0.322745 1.4488
0.5575 1.00017e-06 1.2481e-06 0.172237 0.322741 1.4488
0.5585 1.00017e-06 1.24809e-06 0.172237 0.322736 1.4488
0.5595 1.00017e-06 1.24809e-06 0.172237 0.322733 1.44881
0.5605 1.00017e-06 1.24809e-06 0.172236 0.322729 1.44881
0.5615 1.00017e-06 1.24809e-06 0.172236 0.322725 1.44881
0.5625 1.00018e-06 1.24809e-06 0.172236 0.322722 1.44881
0.5635 1.00018e-06 1.24809e-06 0.172236 0.322718 1.44881
0.5645 1.00018e-06 1.24809e-06 0.172236 0.322715 1.44882
0.5655 1.00018e-06 1.24809e-06 0.172236 0.322712 1.44882
0.5665 1.00018e-06 1.24808e-06 0.172236 0.322709 1.44882
0.5675 1.00018e-06 1.24808e-06 0.172235 0.322706 1.44882
0.5685 1.00018e-06 1.24808e-06 0.172235 0.322703 1.44882
0.5695 1.00018e-06 1.24808e-06 0.172235 0.3227 1.44882
0.5705 1.00018e-06 1.24808e-06 0.172235 0.322698 1.44882
0.5715 1.00018e-06 1.24808e-06 0.172235 0.322695 1.44883
0.5725 1.00018e-06 1.24808e-06 0.172235 0.322692 1.44883
0.5735 1.00018e-06 1.24808e-06 0.172235 0.32269 1.44883
0.5745 1.00018e-06 1.24808e-06 0.172235 0.322687 1.44883
0.5755 1.00018e-06 1.24808e-06 0.172234 0.322685 1.44883
0.5765 1.00018e-06 1.24808e-06 0.172234 0.322682 1.44883
0.5775 1.00018e-06 1.24807e-06 0.172234 0.32268 1.44883
0.5785 1.00018e-06 1.24807e-06 0.172234 0.322678 1.44883
0.5795 1.00018e-06 1.24807e-06 0.172234 0.322675 1.44883
0.5805 1.00018e-06 1.24807e-06 0.172233 0.322673 1.44884
0.5815 1.00018e-06 1.24807e-06 0.172233 0.322671 1.44884
0.5825 1.00018e-06 1.24807e-06 0.172233 0.322668 1.44884
0.5835 1.00019e-06 1.24806e-06 0.172233 0.322666 1.44884
0.5845 1.00019e-06 1.24806e-06 0.172232 0.322664 1.44884
0.5855 1.00019e-06 1.24806e-06 0.172232 0.322662 1.44884
0.5865 1.00019e-06 1.24806e-06 0.172232 0.322659 1.44884
0.5875 1.00019e-06 1.24806e-06 0.172231 0.322657 1.44884
0.5885 1.00019e-06 1.24805e-06 0.172231 0.322655 1.44884
0.5895 1.00019e-06 1.24805e-06 0.172231 0.322653 1.44884
0.5905 1.00019e-06 1.24805e-06 0.17223 0.322651 1.44884
0.5915 1.00019e-06 1.24804e-06 0.17223 0.322649 1.44885
0.5925 1.00019e-06 1.24804e-06 0.17223 0.322647 1.44885
0.5935 1.00019e-06 1.24804e-06 0.172229 0.322644 1.44885
0.5945 1.0002e-06 1.24804e-06 0.172229 0.322642 1.44885
0.5955 1.0002e-06 1.24804e-06 0.172229 0.32264 1.44885
0.5965 1.0002e-06 1.24804e-06 0.172229 0.322638 1.44885
0.5975 1.0002e-06 1.24803e-06 0.172229 0.322636 1.44885
0.5985 1.00021e-06 1.24803e-06 0.172228 0.322634 1.44885
0.5995 1.00021e-06 1.24803e-06 0.172228 0.322632 1.44885
0.6005 1.00551e-05 1.35761e-05 0.172227 0.32263 1.44885
0.6015 0.000119843 0.000161359 0.172207 0.322628 1.44885
0.6025 0.000780386 0.00104173 0.172088 0.322626 1.44885
0.6035 0.00340985 0.00451661 0.171624 0.322625 1.44885
0.6045 0.0112011 0.0147395 0.170262 0.322623 1.44886
0.6055 0.0295306 0.0386492 0.167085 0.322621 1.44886
0.6065 0.0651936 0.0849562 0.160945 0.322619 1.44886
0.6075 0.124219 0.16134 0.150833 0.322617 1.44886
0.6085 0.209048 0.270877 0.136345 0.322615 1.44886
0.6095 0.316589 0.4096 0.118006 0.322614 1.44886
0.6105 0.438344 0.566677 0.0972431 0.322612 1.44886
0.6115 0.562689 0.727298 0.0760034 0.32261 1.44887
0.6125 0.678188 0.876847 0.0562125 0.322608 1.44887
0.6135 0.776436 1.00451 0.039299 0.322607 1.44887
0.6145 0.85342 1.10501 0.0259644 0.322605 1.44888
0.6155 0.909266 1.17835 0.0162176 0.322603 1.44888
0.6165 0.946934 1.22817 0.00958361 0.322602 1.44888
0.6175 0.970646 1.25982 0.00536342 0.322601 1.44889
0.6185 0.984624 1.27868 0.00284584 0.322599 1.44889
0.6195 0.992362 1.28926 0.00143335 0.322598 1.4489
0.6205 0.996395 1.29488 0.000686111 0.322597 1.4489
0.6215 0.998378 1.29772 0.000312516 0.322596 1.4489
0.6225 0.999299 1.2991 0.000135633 0.322596 1.44891
0.6235 0.999704 1.29975 5.61833e-05 0.322595 1.44891
0.6245 0.999872 1.30006 2.22745e-05 0.322594 1.44892
0.6255 0.999938 1.30022 8.50415e-06 0.322593 1.44892
0.6265 0.999963 1.30031 3.17676e-06 0.322591 1.44892
0.6275 0.999971 1.30037 1.21131e-06 0.322588 1.44892
0.6285 0.999973 1.30042 5.19246e-07 0.322582 1.44892
0.6295 0.999973 1.30045 2.86513e-07 0.32257 1.4489
0.6305 0.999973 1.30048 2.11733e-07 0.32255 1.44888
0.6315 0.999973 1.30048 1.88769e-07 0.322514 1.44882
0.6325 0.999972 1.30044 1.82026e-07 0.322449 1.44872
0.6335 0.999972 1.30036 1.80125e-07 0.322335 1.44854
0.6345 0.999971 1.30018 1.79595e-07 0.322139 1.44823
0.6355 0.999971 1.29987 1.79422e-07 0.321805 1.44769
0.6365 0.999971 1.29931 1.79315e-07 0.32125 1.44679
0.6375 0.999971 1.2984 1.79181e-07 0.320342 1.44532
0.6385 0.999971 1.29691 1.78974e-07 0.318891 1.44297
0.6395 0.999972 1.29457 1.78652e-07 0.316616 1.4393
0.6405 0.999974 1.29099 1.78156e-07 0.313129 1.43368
0.6415 0.999978 1.28561 1.77415e-07 0.307905 1.42529
0.6425 0.999986 1.27779 1.76335e-07 0.300269 1.4131
0.6435 1 1.26672 1.74808e-07 0.289416 1.39592
0.6445 1.00003 1.25163 1.72725e-07 0.274476 1.37256
0.6455 1.00007 1.23188 1.69999e-07 0.254689 1.34213
0.6465 1.00012 1.20731 1.66608e-07 0.22968 1.3045
0.6475 1.00018 1.17853 1.62638e-07 0.19982 1.26079
0.6485 1.00023 1.14715 1.58307e-07 0.16652 1.21357
0.6495 1.00024 1.11555 1.53946e-07 0.132191 1.16655
0.6505 1.00021 1.08632 1.49912e-07 0.0997139 1.12357
0.6515 1.00016 1.06146 1.46482e-07 0.071562 1.08745
0.6525 1.0001 1.04192 1.43785e-07 0.0490923 1.05935
0.6535 1.00005 1.02756 1.41803e-07 0.0324064 1.03887
0.6545 1.00003 1.01758 1.40427e-07 0.0207271 1.02473
0.6555 1.00001 1.01094 1.3951e-07 0.0129223 1.01537
0.6565 1 1.00668 1.38921e-07 0.00788947 1.00936
0.6575 1 1.004 1.38552e-07 0.00473252 1.00561
0.6585 1 1.00236 1.38326e-07 0.00279547 1.00331
0.6595 0.999999 1.00138 1.3819e-07 0.00162856 1.00193
0.6605 0.999999 1.00079 1.38109e-07 0.000936745 1.00111
0.6615 0.999999 1.00045 1.38062e-07 0.000532455 1.00063
0.6625 0.999999 1.00025 1.38035e-07 0.00029932 1.00035
0.6635 0.999999 1.00014 1.38019e-07 0.000166546 1.0002
0.6645 0.999999 1.00008 1.38011e-07 9.1807e-05 1.00011
0.6655 0.999999 1.00004 1.38006e-07 5.01901e-05 1.00006
0.6665 0.999999 1.00002 1.38003e-07 2.72453e-05 1.00003
0.6675 0.999999 1.00001 1.38002e-07 1.47064e-05 1.00002
0.6685 0.999999 1.00001 1.38001e-07 7.90574e-06 1.00001
0.6695 0.999999 1 1.38e-07 4.23972e-06 1.00001
0.6705 0.999999 1 1.38e-07 2.27227e-06 1
0.6715 0.999999 1 1.38e-07 1.21919e-06 1
0.6725 0.999999 1 1.38e-07 6.55961e-07 1
0.6735 0.999999 0.999999 1.38e-07 3.54395e-07 1
0.6745 0.999999 0.999999 1.38e-07 1.92465e-07 1
0.6755 0.999999 0.999999 1.38e-07 1.05136e-07 1
0.6765 0.999999 0.999999 1.38e-07 5.77782e-08 1
0.6775 0.999999 0.999999 1.38e-07 3.19372e-08 1
0.6785 0.999999 0.999999 1.38e-07 1.77461e-08 1
0.6795 0.999999 0.999999 1.38e-07 9.90428e-09 1
0.6805 0.999999 0.999999 1.38e-07 5.54676e-09 1
0.6815 0.999999 0.999999 1.38e-07 3.11394e-09 1
0.6825 0.999999 0.999999 1.38e-07 1.75067e-09 1
0.6835 0.999999 0.999999 1.38e-07 9.84741e-10 1
0.6845 0.999999 0.999999 1.38e-07 5.53749e-10 1
0.6855 0.999999 0.999999 1.38e-07 3.1108e-10 1
0.6865 0.999999 0.999999 1.38e-07 1.7448e-10 1
0.6875 0.999999 0.999999 1.38e-07 9.76622e-11 1
0.6885 0.999999 0.999999 1.38e-07 5.45307e-11 1
0.6895 0.999999 0.999999 1.38e-07 3.03636e-11 1
0.6905 0.999999 0.999999 1.38e-07 1.68559e-11 1
0.6915 0.999999 0.999999 1.38e-07 9.32708e-12 1
0.6925 0.999999 0.999999 1.38e-07 5.1435e-12 1
0.6935 0.999999 0.999999 1.38e-07 2.82637e-12 1
0.6945 0.999999 0.999999 1.38e-07 1.54749e-12 1
0.6955 0.999999 0.999999 1.38e-07 8.44104e-13 1
0.6965 0.999999 0.999999 1.38e-07 4.58704e-13 1
0.6975 0.999999 0.999999 1.38e-07 2.48311e-13 1
0.6985 0.999999 0.999999 1.38e-07 1.33933e-13 1
0.6995 0.999999 0.999999 1.38e-07 7.19883e-14 1
0.7005 0.999999 0.999999 1.38e-07 3.84677e-14 1
0.7015 0.999999 0.999999 1.38e-07 2.04863e-14 1
0.7025 0.999999 0.999999 1.38e-07 1.08207e-14 1
0.7035 0.999999 0.999999 1.38e-07 5.68307e-15 1
0.7045 0.999999 0.999999 1.38e-07 2.92541e-15 1
0.7055 0.999999 0.999999 1.38e-07 1.42773e-15 1
0.7065 0.999999 0.999999 1.38e-07 6.15574e-16 1
0.7075 0.999999 0.999999 1.38e-07 2.7275e-16 1
0.7085 0.999999 0.999999 1.38e-07 4.87424e-17 1
0.7095 0.999999 0.999999 1.38e-07 0 1
0.7105 0.999999 0.999999 1.38e-07 0 1
0.7115 0.999999 0.999999 1.38e-07 0 1
0.7125 0.999999 0.999999 1.38e-07 0 1
0.7135 0.999999 0.999999 1.38e-07 0 1
0.7145 0.999999 0.999999 1.38e-07 0 1
0.7155 0.999999 0.999999 1.38e-07 0 1
0.7165 0.999999 0.999999 1.38e-07 0 1
0.7175 0.999999 0.999999 1.38e-07 0 1
0.7185 0.999999 0.999999 1.38e-07 0 1
0.7195 0.999999 0.999999 1.38e-07 0 1
0.7205 0.999999 0.999999 1.38e-07 0 1
0.7215 0.999999 0.999999 1.38e-07 0 1
0.7225 0.999999 0.999999 1.38e-07 0 1
0.7235 0.999999 0.999999 1.38e-07 0 1
0.7245 0.999999 0.999999 1.38e-07 0 1
0.7255 0.999999 0.999999 1.38e-07 0 1
0.7265 0.999999 0.999999 1.38e-07 0 1
0.7275 0.999999 0.999999 1.38e-07 0 1
0.7285 0.999999 0.999999 1.38e-07 0 1
0.7295 0.999999 0.999999 1.38e-07 0 1
0.7305 0.999999 0.999999 1.38e-07 0 1
0.7315 0.999999 0.999999 1.38e-07 0 1
0.7325 0.999999 0.999999 1.38e-07 0 1
0.7335 0.999999 0.999999 1.38e-07 0 1
0.7345 0.999999 0.999999 1.38e-07 0 1
0.7355 0.999999 0.999999 1.38e-07 0 1
0.7365 0.999999 0.999999 1.38e-07 0 1
0.7375 0.999999 0.999999 1.38e-07 0 1
0.7385 0.999999 0.999999 1.38e-07 0 1
0.7395 0.999999 0.999999 1.38e-07 0 1
0.7405 0.999999 0.999999 1.38e-07 0 1
0.7415 0.999999 0.999999 1.38e-07 0 1
0.7425 0.999999 0.999999 1.38e-07 0 1
0.7435 0.999999 0.999999 1.38e-07 0 1
0.7445 0.999999 0.999999 1.38e-07 0 1
0.7455 0.999999 0.999999 1.38e-07 0 1
0.7465 0.999999 0.999999 1.38e-07 0 1
0.7475 0.999999 0.999999 1.38e-07 0 1
0.7485 0.999999 0.999999 1.38e-07 0 1
0.7495 0.999999 0.999999 1.38e-07 0 1
0.7505 0.999999 0.999999 1.38e-07 0 1
0.7515 0.999999 0.999999 1.38e-07 0 1
0.7525 0.999999 0.999999 1.38e-07 0 1
0.7535 0.999999 0.999999 1.38e-07 0 1
0.7545 0.999999 0.999999 1.38e-07 0 1
0.7555 0.999999 0.999999 1.38e-07 0 1
0.7565 0.999999 0.999999 1.38e-07 0 1
0.7575 0.999999 0.999999 1.38e-07 0 1
0.7585 0.999999 0.999999 1.38e-07 0 1
0.7595 0.999999 0.999999 1.38e-07 0 1
0.7605 0.999999 0.999999 1.38e-07 0 1
0.7615 0.999999 0.999999 1.38e-07 0 1
0.7625 0.999999 0.999999 1.38e-07 0 1
0.7635 0.999999 0.999999 1.38e-07 0 1
0.7645 0.999999 0.999999 1.38e-07 0 1
0.7655 0.999999 0.999999 1.38e-07 0 1
0.7665 0.999999 0.999999 1.38e-07 0 1
0.7675 0.999999 0.999999 1.38e-07 0 1
0.7685 0.999999 0.999999 1.38e-07 0 1
0.7695 0.999999 0.999999 1.38e-07 0 1
0.7705 0.999999 0.999999 1.38e-07 0 1
0.7715 0.999999 0.999999 1.38e-07 0 1
0.7725 0.999999 0.999999 1.38e-07 0 1
0.7735 0.999999 0.999999 1.38e-07 0 1
0.7745 0.999999 0.999999 1.38e-07 0 1
0.7755 0.999999 0.999999 1.38e-07 0 1
0.7765 0.999999 0.999999 1.38e-07 0 1
0.7775 0.999999 0.999999 1.38e-07 0 1
0.7785 0.999999 0.999999 1.38e-07 0 1
0.7795 0.999999 0.999999 1.38e-07 0 1
0.7805 0.999999 0.999999 1.38e-07 0 1
0.7815 0.999999 0.999999 1.38e-07 0 1
0.7825 0.999999 0.999999 1.38e-07 0 1
0.7835 0.999999 0.999999 1.38e-07 0 1
0.7845 0.999999 0.999999 1.38e-07 0 1
0.7855 0.999999 0.999999 1.38e-07 0 1
0.7865 0.999999 0.999999 1.38e-07 0 1
0.7875 0.999999 0.999999 1.38e-07 0 1
0.7885 0.999999 0.999999 1.38e-07 0 1
0.7895 0.999999 0.999999 1.38e-07 0 1
0.7905 0.999999 0.999999 1.38e-07 0 1
0.7915 0.999999 0.999999 1.38e-07 0 1
0.7925 0.999999 0.999999 1.38e-07 0 1
0.7935 0.999999 0.999999 1.38e-07 0 1
0.7945 0.999999 0.999999 1.38e-07 0 1
0.7955 0.999999 0.999999 1.38e-07 0 1
0.7965 0.999999 0.999999 1.38e-07 0 1
0.7975 0.999999 0.999999 1.38e-07 0 1
0.7985 0.999999 0.999999 1.38e-07 0 1
0.7995 0.999999 0.999999 1.38e-07 0 1
0.8005 0.999999 0.999999 1.38e-07 0 1
0.8015 0.999999 0.999999 1.38e-07 0 1
0.8025 0.999999 0.999999 1.38e-07 0 1
0.8035 0.999999 0.999999 1.38e-07 0 1
0.8045 0.999999 0.999999 1.38e-07 0 1
0.8055 0.999999 0.999999 1.38e-07 0 1
0.8065 0.999999 0.999999 1.38e-07 0 1
0.8075 0.999999 0.999999 1.38e-07 0 1
0.8085 0.999999 0.999999 1.38e-07 0 1
0.8095 0.999999 0.999999 1.38e-07 0 1
0.8105 0.999999 0.999999 1.38e-07 0 1
0.8115 0.999999 0.999999 1.38e-07 0 1
0.8125 0.999999 0.999999 1.38e-07 0 1
0.8135 0.999999 0.999999 1.38e-07 0 1
0.8145 0.999999 0.999999 1.38e-07 0 1
0.8155 0.999999 0.999999 1.38e-07 0 1
0.8165 0.999999 0.999999 1.38e-07 0 1
0.8175 0.999999 0.999999 1.38e-07 0 1
0.8185 0.999999 0.999999 1.38e-07 0 1
0.8195 0.999999 0.999999 1.38e-07 0 1
0.8205 0.999999 0.999999 1.38e-07 0 1
0.8215 0.999999 0.999999 1.38e-07 0 1
0.8225 0.999999 0.999999 1.38e-07 0 1
0.8235 0.999999 0.999999 1.38e-07 0 1
0.8245 0.999999 0.999999 1.38e-07 0 1
0.8255 0.999999 0.999999 1.38e-07 0 1
0.8265 0.999999 0.999999 1.38e-07 0 1
0.8275 0.999999 0.999999 1.38e-07 0 1
0.8285 0.999999 0.999999 1.38e-07 0 1
0.8295 0.999999 0.999999 1.38e-07 0 1
0.8305 0.999999 0.999999 1.38e-07 0 1
0.8315 0.999999 0.999999 1.38e-07 0 1
0.8325 0.999999 0.999999 1.38e-07 0 1
0.8335 0.999999 0.999999 1.38e-07 0 1
0.8345 0.999999 0.999999 1.38e-07 0 1
0.8355 0.999999 0.999999 1.38e-07 0 1
0.8365 0.999999 0.999999 1.38e-07 0 1
0.8375 0.999999 0.999999 1.38e-07 0 1
0.8385 0.999999 0.999999 1.38e-07 0 1
0.8395 0.999999 0.999999 1.38e-07 0 1
0.8405 0.999999 0.999999 1.38e-07 0 1
0.8415 0.999999 0.999999 1.38e-07 0 1
0.8425 0.999999 0.999999 1.38e-07 0 1
0.8435 0.999999 0.999999 1.38e-07 0 1
0.8445 0.999999 0.999999 1.38e-07 0 1
0.8455 0.999999 0.999999 1.38e-07 0 1
0.8465 0.999999 0.999999 1.38e-07 0 1
0.8475 0.999999 0.999999 1.38e-07 0 1
0.8485 0.999999 0.999999 1.38e-07 0 1
0.8495 0.999999 0.999999 1.38e-07 0 1
0.8505 0.999999 0.999999 1.38e-07 0 1
0.8515 0.999999 0.999999 1.38e-07 0 1
0.8525 0.999999 0.999999 1.38e-07 0 1
0.8535 0.999999 0.999999 1.38e-07 0 1
0.8545 0.999999 0.999999 1.38e-07 0 1
0.8555 0.999999 0.999999 1.38e-07 0 1
0.8565 0.999999 0.999999 1.38e-07 0 1
0.8575 0.999999 0.999999 1.38e-07 0 1
0.8585 0.999999 0.999999 1.38e-07 0 1
0.8595 0.999999 0.999999 1.38e-07 0 1
0.8605 0.999999 0.999999 1.38e-07 0 1
0.8615 0.999999 0.999999 1.38e-07 0 1
0.8625 0.999999 0.999999 1.38e-07 0 1
0.8635 0.999999 0.999999 1.38e-07 0 1
0.8645 0.999999 0.999999 1.38e-07 0 1
0.8655 0.999999 0.999999 1.38e-07 0 1
0.8665 0.999999 0.999999 1.38e-07 0 1
0.8675 0.999999 0.999999 1.38e-07 0 1
0.8685 0.999999 0.999999 1.38e-07 0 1
0.8695 0.999999 0.999999 1.38e-07 0 1
0.8705 0.999999 0.999999 1.38e-07 0 1
0.8715 0.999999 0.999999 1.38e-07 0 1
0.8725 0.999999 0.999999 1.38e-07 0 1
0.8735 0.999999 0.999999 1.38e-07 0 1
0.8745 0.999999 0.999999 1.38e-07 0 1
0.8755 0.999999 0.999999 1.38e-07 0 1
0.8765 0.999999 0.999999 1.38e-07 0 1
0.8775 0.999999 0.999999 1.38e-07 0 1
0.8785 0.999999 0.999999 1.38e-07 0 1
0.8795 0.999999 0.999999 1.38e-07 0 1
0.8805 0.999999 0.999999 1.38e-07 0 1
0.8815 0.999999 0.999999 1.38e-07 0 1
0.8825 0.999999 0.999999 1.38e-07 0 1
0.8835 0.999999 0.999999 1.38e-07 0 1
0.8845 0.999999 0.999999 1.38e-07 0 1
0.8855 0.999999 0.999999 1.38e-07 0 1
0.8865 0.999999 0.999999 1.38e-07 0 1
0.8875 0.999999 0.999999 1.38e-07 0 1
0.8885 0.999999 0.999999 1.38e-07 0 1
0.8895 0.999999 0.999999 1.38e-07 0 1
0.8905 0.999999 0.999999 1.38e-07 0 1
0.8915 0.999999 0.999999 1.38e-07 0 1
0.8925 0.999999 0.999999 1.38e-07 0 1
0.8935 0.999999 0.999999 1.38e-07 0 1
0.8945 0.999999 0.999999 1.38e-07 0 1
0.8955 0.999999 0.999999 1.38e-07 0 1
0.8965 0.999999 0.999999 1.38e-07 0 1
0.8975 0.999999 0.999999 1.38e-07 0 1
0.8985 0.999999 0.999999 1.38e-07 0 1
0.8995 0.999999 0.999999 1.38e-07 0 1
0.9005 0.999999 0.999999 1.38e-07 0 1
0.9015 0.999999 0.999999 1.38e-07 0 1
0.9025 0.999999 0.999999 1.38e-07 0 1
0.9035 0.999999 0.999999 1.38e-07 0 1
0.9045 0.999999 0.999999 1.38e-07 0 1
0.9055 0.999999 0.999999 1.38e-07 0 1
0.9065 0.999999 0.999999 1.38e-07 0 1
0.9075 0.999999 0.999999 1.38e-07 0 1
0.9085 0.999999 0.999999 1.38e-07 0 1
0.9095 0.999999 0.999999 1.38e-07 0 1
0.9105 0.999999 0.999999 1.38e-07 0 1
0.9115 0.999999 0.999999 1.38e-07 0 1
0.9125 0.999999 0.999999 1.38e-07 0 1
0.9135 0.999999 0.999999 1.38e-07 0 1
0.9145 0.999999 0.999999 1.38e-07 0 1
0.9155 0.999999 0.999999 1.38e-07 0 1
0.9165 0.999999 0.999999 1.38e-07 0 1
0.9175 0.999999 0.999999 1.38e-07 0 1
0.9185 0.999999 0.999999 1.38e-07 0 1
0.9195 0.999999 0.999999 1.38e-07 0 1
0.9205 0.999999 0.999999 1.38e-07 0 1
0.9215 0.999999 0.999999 1.38e-07 0 1
0.9225 0.999999 0.999999 1.38e-07 0 1
0.9235 0.999999 0.999999 1.38e-07 0 1
0.9245 0.999999 0.999999 1.38e-07 0 1
0.9255 0.999999 0.999999 1.38e-07 0 1
0.9265 0.999999 0.999999 1.38e-07 0 1
0.9275 0.999999 0.999999 1.38e-07 0 1
0.9285 0.999999 0.999999 1.38e-07 0 1
0.9295 0.999999 0.999999 1.38e-07 0 1
0.9305 0.999999 0.999999 1.38e-07 0 1
0.9315 0.999999 0.999999 1.38e-07 0 1
0.9325 0.999999 0.999999 1.38e-07 0 1
0.9335 0.999999 0.999999 1.38e-07 0 1
0.9345 0.999999 0.999999 1.38e-07 0 1
0.9355 0.999999 0.999999 1.38e-07 0 1
0.9365 0.999999 0.999999 1.38e-07 0 1
0.9375 0.999999 0.999999 1.38e-07 0 1
0.9385 0.999999 0.999999 1.38e-07 0 1
0.9395 0.999999 0.999999 1.38e-07 0 1
0.9405 0.999999 0.999999 1.38e-07 0 1
0.9415 0.999999 0.999999 1.38e-07 0 1
0.9425 0.999999 0.999999 1.38e-07 0 1
0.9435 0.999999 0.999999 1.38e-07 0 1
0.9445 0.999999 0.999999 1.38e-07 0 1
0.9455 0.999999 0.999999 1.38e-07 0 1
0.9465 0.999999 0.999999 1.38e-07 0 1
0.9475 0.999999 0.999999 1.38e-07 0 1
0.9485 0.999999 0.999999 1.38e-07 0 1
0.9495 0.999999 0.999999 1.38e-07 0 1
0.9505 0.999999 0.999999 1.38e-07 0 1
0.9515 0.999999 0.999999 1.38e-07 0 1
0.9525 0.999999 0.999999 1.38e-07 0 1
0.9535 0.999999 0.999999 1.38e-07 0 1
0.9545 0.999999 0.999999 1.38e-07 0 1
0.9555 0.999999 0.999999 1.38e-07 0 1
0.9565 0.999999 0.999999 1.38e-07 0 1
0.9575 0.999999 0.999999 1.38e-07 0 1
0.9585 0.999999 0.999999 1.38e-07 0 1
0.9595 0.999999 0.999999 1.38e-07 0 1
0.9605 0.999999 0.999999 1.38e-07 0 1
0.9615 0.999999 0.999999 1.38e-07 0 1
0.9625 0.999999 0.999999 1.38e-07 0 1
0.9635 0.999999 0.999999 1.38e-07 0 1
0.9645 0.999999 0.999999 1.38e-07 0 1
0.9655 0.999999 0.999999 1.38e-07 0 1
0.9665 0.999999 0.999999 1.38e-07 0 1
0.9675 0.999999 0.999999 1.38e-07 0 1
0.9685 0.999999 0.999999 1.38e-07 0 1
0.9695 0.999999 0.999999 1.38e-07 0 1
0.9705 0.999999 0.999999 1.38e-07 0 1
0.9715 0.999999 0.999999 1.38e-07 0 1
0.9725 0.999999 0.999999 1.38e-07 0 1
0.9735 0.999999 0.999999 1.38e-07 0 1
0.9745 0.999999 0.999999 1.38e-07 0 1
0.9755 0.999999 0.999999 1.38e-07 0 1
0.9765 0.999999 0.999999 1.38e-07 0 1
0.9775 0.999999 0.999999 1.38e-07 0 1
0.9785 0.999999 0.999999 1.38e-07 0 1
0.9795 0.999999 0.999999 1.38e-07 0 1
0.9805 0.999999 0.999999 1.38e-07 0 1
0.9815 0.999999 0.999999 1.38e-07 0 1
0.9825 0.999999 0.999999 1.38e-07 0 1
0.9835 0.999999 0.999999 1.38e-07 0 1
0.9845 0.999999 0.999999 1.38e-07 0 1
0.9855 0.999999 0.999999 1.38e-07 0 1
0.9865 0.999999 0.999999 1.38e-07 0 1
0.9875 0.999999 0.999999 1.38e-07 0 1
0.9885 0.999999 0.999999 1.38e-07 0 1
0.9895 0.999999 0.999999 1.38e-07 0 1
0.9905 0.999999 0.999999 1.38e-07 0 1
0.9915 0.999999 0.999999 1.38e-07 0 1
0.9925 0.999999 0.999999 1.38e-07 0 1
0.9935 0.999999 0.999999 1.38e-07 0 1
0.9945 0.999999 0.999999 1.38e-07 0 1
0.9955 0.999999 0.999999 1.38e-07 0 1
0.9965 0.999999 0.999999 1.38e-07 0 1
0.9975 0.999999 0.999999 1.38e-07 0 1
0.9985 0.999999 0.999999 1.38e-07 0 1
0.9995 0.999999 0.999999 1.38e-07 0 1
