x alpha rho1 rho2 v p
0.0005 0.999999 1.3765 1.38e-07 0.3948 1.57
0.0015 0.999999 1.3765 1.38e-07 0.3948 1.57
0.0025 0.999999 1.3765 1.38e-07 0.3948 1.57
0.0035 0.999999 1.3765 1.38e-07 0.3948 1.57
0.0045 0.999999 1.3765 1.38e-07 0.3948 1.57
0.0055 0.999999 1.3765 1.38e-07 0.3948 1.57
0.0065 0.999999 1.3765 1.38e-07 0.3948 1.57
0.0075 0.999999 1.3765 1.38e-07 0.3948 1.57
0.0085 0.999999 1.3765 1.38e-07 0.3948 1.57
0.0095 0.999999 1.3765 1.38e-07 0.3948 1.57
0.0105 0.999999 1.3765 1.38e-07 0.3948 1.57
0.0115 0.999999 1.3765 1.38e-07 0.3948 1.57
0.0125 0.999999 1.3765 1.38e-07 0.3948 1.57
0.0135 0.999999 1.3765 1.38e-07 0.3948 1.57
0.0145 0.999999 1.3765 1.38e-07 0.3948 1.57
0.0155 0.999999 1.3765 1.38e-07 0.3948 1.57
0.0165 0.999999 1.3765 1.38e-07 0.3948 1.57
0.0175 0.999999 1.3765 1.38e-07 0.3948 1.57
0.0185 0.999999 1.3765 1.38e-07 0.3948 1.57
0.0195 0.999999 1.3765 1.38e-07 0.3948 1.57
0.0205 0.999999 1.3765 1.38e-07 0.3948 1.57
0.0215 0.999999 1.3765 1.38e-07 0.3948 1.57
0.0225 0.999999 1.3765 1.38e-07 0.3948 1.57
0.0235 0.999999 1.3765 1.38e-07 0.3948 1.57
0.0245 0.999999 1.3765 1.38e-07 0.3948 1.57
0.0255 0.999999 1.3765 1.38e-07 0.3948 1.57
0.0265 0.999999 1.3765 1.38e-07 0.3948 1.57
0.0275 0.999999 1.3765 1.38e-07 0.3948 1.57
0.0285 0.999999 1.3765 1.38e-07 0.3948 1.57
0.0295 0.999999 1.3765 1.38e-07 0.394801 1.57
0.0305 0.999999 1.3765 1.38e-07 0.394801 1.57
0.0315 0.999999 1.3765 1.38e-07 0.394801 1.57
0.0325 0.999999 1.3765 1.38e-07 0.394801 1.57
0.0335 0.999999 1.3765 1.38e-07 0.394802 1.57
0.0345 0.999999 1.3765 1.38e-07 0.394802 1.57
0.0355 0.999999 1.3765 1.38e-07 0.394802 1.57
0.0365 0.999999 1.3765 1.38e-07 0.394803 1.56999
0.0375 1 1.37649 1.38e-07 0.394804 1.56999
0.0385 1 1.37649 1.38e-07 0.394805 1.56999
0.0395 1 1.37649 1.37999e-07 0.394806 1.56999
0.0405 1 1.37649 1.37999e-07 0.394807 1.56999
0.0415 1 1.37649 1.37999e-07 0.394808 1.56999
0.0425 1 1.37649 1.37999e-07 0.39481 1.56998
0.0435 1 1.37649 1.37999e-07 0.394812 1.56998
0.0445 1 1.37648 1.37999e-07 0.394814 1.56998
0.0455 1 1.37648 1.37998e-07 0.394817 1.56997
0.0465 1 1.37648 1.37998e-07 0.39482 1.56997
0.0475 1 1.37647 1.37998e-07 0.394823 1.56996
0.0485 1 1.37647 1.37997e-07 0.394827 1.56995
0.0495 1 1.37646 1.37997e-07 0.394832 1.56994
0.0505 1 1.37646 1.37996e-07 0.394837 1.56994
0.0515 1 1.37645 1.37995e-07 0.394842 1.56992
0.0525 1 1.37645 1.37995e-07 0.394849 1.56991
0.0535 1 1.37644 1.37994e-07 0.394856 1.5699
0.0545 1.00001 1.37643 1.37993e-07 0.394864 1.56989
0.0555 1.00001 1.37642 1.37992e-07 0.394872 1.56987
0.0565 1.00001 1.37641 1.37991e-07 0.394882 1.56986
0.0575 1.00001 1.3764 1.3799e-07 0.394892 1.56984
0.0585 1.00001 1.37639 1.37989e-07 0.394903 1.56982
0.0595 1.00001 1.37637 1.37988e-07 0.394915 1.5698
0.0605 1.00001 1.37636 1.37986e-07 0.394928 1.56977
0.0615 1.00001 1.37635 1.37985e-07 0.394942 1.56975
0.0625 1.00001 1.37633 1.37983e-07 0.394957 1.56972
0.0635 1.00001 1.37631 1.37981e-07 0.394972 1.5697
0.0645 1.00001 1.3763 1.3798e-07 0.394988 1.56967
0.0655 1.00001 1.37628 1.37978e-07 0.395005 1.56964
0.0665 1.00001 1.37626 1.37976e-07 0.395022 1.56961
0.0675 1.00001 1.37624 1.37974e-07 0.39504 1.56958
0.0685 1.00001 1.37622 1.37972e-07 0.395058 1.56955
0.0695 1.00001 1.3762 1.3797e-07 0.395077 1.56951
0.0705 1.00001 1.37618 1.37968e-07 0.395095 1.56948
0.0715 1.00001 1.37616 1.37966e-07 0.395114 1.56945
0.0725 1.00001 1.37614 1.37964e-07 0.395132 1.56942
0.0735 1.00001 1.37612 1.37962e-07 0.395151 1.56939
0.0745 1.00001 1.3761 1.3796e-07 0.395168 1.56936
0.0755 1.00001 1.37608 1.37958e-07 0.395186 1.56933
0.0765 1.00001 1.37606 1.37956e-07 0.395202 1.5693
0.0775 1.00001 1.37605 1.37955e-07 0.395218 1.56927
0.0785 1.00001 1.37603 1.37953e-07 0.395232 1.56924
0.0795 1.00001 1.37602 1.37952e-07 0.395246 1.56922
0.0805 1.00001 1.376 1.3795e-07 0.395258 1.5692
0.0815 1.00001 1.37599 1.37949e-07 0.395269 1.56918
0.0825 1.00001 1.37598 1.37948e-07 0.395279 1.56917
0.0835 1.00001 1.37597 1.37947e-07 0.395287 1.56915
0.0845 1 1.37596 1.37946e-07 0.395293 1.56914
0.0855 1 1.37596 1.37946e-07 0.395298 1.56913
0.0865 1 1.37595 1.37945e-07 0.395302 1.56913
0.0875 1 1.37595 1.37945e-07 0.395303 1.56912
0.0885 0.999999 1.37595 1.37945e-07 0.395304 1.56912
0.0895 0.999998 1.37595 1.37945e-07 0.395303 1.56913
0.0905 0.999997 1.37595 1.37945e-07 0.3953 1.56913
0.0915 0.999996 1.37596 1.37946e-07 0.395296 1.56914
0.0925 0.999995 1.37596 1.37946e-07 0.395291 1.56915
0.0935 0.999994 1.37597 1.37947e-07 0.395285 1.56916
0.0945 0.999993 1.37598 1.37948e-07 0.395277 1.56917
0.0955 0.999992 1.37599 1.37949e-07 0.395269 1.56919
0.0965 0.999992 1.376 1.3795e-07 0.39526 1.5692
0.0975 0.999991 1.37601 1.37951e-07 0.39525 1.56922
0.0985 0.999991 1.37602 1.37952e-07 0.395239 1.56924
0.0995 0.99999 1.37603 1.37953e-07 0.395228 1.56926
0.1005 0.99999 1.37604 1.37954e-07 0.395217 1.56928
0.1015 0.99999 1.37606 1.37956e-07 0.395205 1.5693
0.1025 0.99999 1.37607 1.37957e-07 0.395193 1.56932
0.1035 0.99999 1.37608 1.37958e-07 0.395181 1.56934
0.1045 0.99999 1.37609 1.37959e-07 0.39517 1.56936
0.1055 0.99999 1.37611 1.37961e-07 0.395158 1.56938
0.1065 0.99999 1.37612 1.37962e-07 0.395146 1.5694
0.1075 0.99999 1.37613 1.37963e-07 0.395134 1.56942
0.1085 0.99999 1.37614 1.37965e-07 0.395123 1.56944
0.1095 0.99999 1.37616 1.37966e-07 0.395112 1.56946
0.1105 0.999991 1.37617 1.37967e-07 0.395102 1.56948
0.1115 0.999991 1.37618 1.37968e-07 0.395091 1.5695
0.1125 0.999991 1.37619 1.37969e-07 0.395081 1.56951
0.1135 0.999992 1.3762 1.3797e-07 0.395072 1.56953
0.1145 0.999992 1.37621 1.37971e-07 0.395063 1.56955
0.1155 0.999992 1.37622 1.37972e-07 0.395054 1.56956
0.1165 0.999993 1.37623 1.37973e-07 0.395046 1.56957
0.1175 0.999993 1.37624 1.37974e-07 0.395038 1.56959
0.1185 0.999993 1.37625 1.37975e-07 0.39503 1.5696
0.1195 0.999993 1.37625 1.37976e-07 0.395023 1.56961
0.1205 0.999994 1.37626 1.37976e-07 0.395016 1.56963
0.1215 0.999994 1.37627 1.37977e-07 0.39501 1.56964
0.1225 0.999994 1.37628 1.37978e-07 0.395004 1.56965
0.1235 0.999994 1.37628 1.37978e-07 0.394998 1.56966
0.1245 0.999995 1.37629 1.37979e-07 0.394992 1.56967
0.1255 0.999995 1.37629 1.37979e-07 0.394987 1.56968
0.1265 0.999995 1.3763 1.3798e-07 0.394982 1.56968
0.1275 0.999995 1.3763 1.37981e-07 0.394977 1.56969
0.1285 0.999995 1.37631 1.37981e-07 0.394973 1.5697
0.1295 0.999996 1.37631 1.37982e-07 0.394968 1.56971
0.1305 0.999996 1.37632 1.37982e-07 0.394964 1.56972
0.1315 0.999996 1.37632 1.37982e-07 0.39496 1.56972
0.1325 0.999996 1.37633 1.37983e-07 0.394956 1.56973
0.1335 0.999996 1.37633 1.37983e-07 0.394953 1.56974
0.1345 0.999996 1.37634 1.37984e-07 0.394949 1.56974
0.1355 0.999996 1.37634 1.37984e-07 0.394946 1.56975
0.1365 0.999997 1.37634 1.37984e-07 0.394943 1.56975
0.1375 0.999997 1.37635 1.37985e-07 0.39494 1.56976
0.1385 0.999997 1.37635 1.37985e-07 0.394937 1.56976
0.1395 0.999997 1.37635 1.37985e-07 0.394934 1.56977
0.1405 0.999997 1.37636 1.37986e-07 0.394931 1.56977
0.1415 0.999997 1.37636 1.37986e-07 0.394928 1.56978
0.1425 0.999997 1.37636 1.37986e-07 0.394926 1.56978
0.1435 0.999997 1.37636 1.37986e-07 0.394923 1.56979
0.1445 0.999997 1.37637 1.37987e-07 0.394921 1.56979
0.1455 0.999997 1.37637 1.37987e-07 0.394919 1.56979
0.1465 0.999997 1.37637 1.37987e-07 0.394917 1.5698
0.1475 0.999997 1.37637 1.37987e-07 0.394914 1.5698
0.1485 0.999997 1.37638 1.37988e-07 0.394912 1.56981
0.1495 0.999997 1.37638 1.37988e-07 0.39491 1.56981
0.1505 0.999997 1.37638 1.37988e-07 0.394908 1.56981
0.1515 0.999998 1.37638 1.37988e-07 0.394906 1.56982
0.1525 0.999998 1.37638 1.37989e-07 0.394905 1.56982
0.1535 0.999998 1.37639 1.37989e-07 0.394903 1.56982
0.1545 0.999998 1.37639 1.37989e-07 0.394901 1.56982
0.1555 0.999998 1.37639 1.37989e-07 0.394899 1.56983
0.1565 0.999998 1.37639 1.37989e-07 0.394898 1.56983
0.1575 0.999998 1.37639 1.37989e-07 0.394896 1.56983
0.1585 0.999998 1.3764 1.3799e-07 0.394894 1.56984
0.1595 0.999998 1.3764 1.3799e-07 0.394893 1.56984
0.1605 0.999998 1.3764 1.3799e-07 0.394891 1.56984
0.1615 0.999998 1.3764 1.3799e-07 0.39489 1.56984
0.1625 0.999998 1.3764 1.3799e-07 0.394889 1.56985
0.1635 0.999998 1.3764 1.3799e-07 0.394887 1.56985
0.1645 0.999998 1.3764 1.37991e-07 0.394886 1.56985
0.1655 0.999998 1.37641 1.37991e-07 0.394885 1.56985
0.1665 0.999998 1.37641 1.37991e-07 0.394883 1.56986
0.1675 0.999998 1.37641 1.37991e-07 0.394882 1.56986
0.1685 0.999998 1.37641 1.37991e-07 0.394881 1.56986
0.1695 0.999998 1.37641 1.37991e-07 0.39488 1.56986
0.1705 0.999998 1.37641 1.37991e-07 0.394878 1.56986
0.1715 0.999998 1.37641 1.37992e-07 0.394877 1.56987
0.1725 0.999998 1.37642 1.37992e-07 0.394876 1.56987
0.1735 0.999998 1.37642 1.37992e-07 0.394875 1.56987
0.1745 0.999998 1.37642 1.37992e-07 0.394874 1.56987
0.1755 0.999998 1.37642 1.37992e-07 0.394873 1.56987
0.1765 0.999998 1.37642 1.37992e-07 0.394872 1.56987
0.1775 0.999998 1.37642 1.37992e-07 0.394871 1.56988
0.1785 0.999998 1.37642 1.37992e-07 0.39487 1.56988
0.1795 0.999998 1.37642 1.37992e-07 0.394869 1.56988
0.1805 0.999998 1.37642 1.37993e-07 0.394868 1.56988
0.1815 0.999998 1.37643 1.37993e-07 0.394867 1.56988
0.1825 0.999998 1.37643 1.37993e-07 0.394867 1.56988
0.1835 0.999998 1.37643 1.37993e-07 0.394866 1.56989
0.1845 0.999998 1.37643 1.37993e-07 0.394865 1.56989
0.1855 0.999998 1.37643 1.37993e-07 0.394864 1.56989
0.1865 0.999998 1.37643 1.37993e-07 0.394863 1.56989
0.1875 0.999998 1.37643 1.37993e-07 0.394862 1.56989
0.1885 0.999998 1.37643 1.37993e-07 0.394862 1.56989
0.1895 0.999998 1.37643 1.37993e-07 0.394861 1.56989
0.1905 0.999998 1.37643 1.37993e-07 0.39486 1.5699
0.1915 0.999998 1.37643 1.37994e-07 0.394859 1.5699
0.1925 0.999998 1.37643 1.37994e-07 0.394859 1.5699
0.1935 0.999998 1.37644 1.37994e-07 0.394858 1.5699
0.1945 0.999998 1.37644 1.37994e-07 0.394857 1.5699
0.1955 0.999998 1.37644 1.37994e-07 0.394857 1.5699
0.1965 0.999998 1.37644 1.37994e-07 0.394856 1.5699
0.1975 0.999999 1.37644 1.37994e-07 0.394855 1.5699
0.1985 0.999999 1.37644 1.37994e-07 0.394855 1.56991
0.1995 0.999999 1.37644 1.37994e-07 0.394854 1.56991
0.2005 0.999999 1.37644 1.37994e-07 0.394853 1.56991
0.2015 0.999999 1.37644 1.37994e-07 0.394853 1.56991
0.2025 0.999999 1.37644 1.37994e-07 0.394852 1.56991
0.2035 0.999999 1.37644 1.37994e-07 0.394852 1.56991
0.2045 0.999999 1.37644 1.37994e-07 0.394851 1.56991
0.2055 0.999999 1.37644 1.37994e-07 0.394851 1.56991
0.2065 0.999999 1.37644 1.37995e-07 0.39485 1.56991
0.2075 0.999999 1.37644 1.37995e-07 0.39485 1.56991
0.2085 0.999999 1.37645 1.37995e-07 0.394849 1.56991
0.2095 0.999999 1.37645 1.37995e-07 0.394848 1.56992
0.2105 0.999999 1.37645 1.37995e-07 0.394848 1.56992
0.2115 0.999999 1.37645 1.37995e-07 0.394847 1.56992
0.2125 0.999999 1.37645 1.37995e-07 0.394847 1.56992
0.2135 0.999999 1.37645 1.37995e-07 0.394847 1.56992
0.2145 0.999999 1.37645 1.37995e-07 0.394846 1.56992
0.2155 0.999999 1.37645 1.37995e-07 0.394846 1.56992
0.2165 0.999999 1.37645 1.37995e-07 0.394845 1.56992
0.2175 0.999999 1.37645 1.37995e-07 0.394845 1.56992
0.2185 0.999999 1.37645 1.37995e-07 0.394844 1.56992
0.2195 0.999999 1.37645 1.37995e-07 0.394844 1.56992
0.2205 0.999999 1.37645 1.37995e-07 0.394843 1.56992
0.2215 0.999999 1.37645 1.37995e-07 0.394843 1.56993
0.2225 0.999999 1.37645 1.37995e-07 0.394843 1.56993
0.2235 0.999999 1.37645 1.37995e-07 0.394842 1.56993
0.2245 0.999999 1.37645 1.37995e-07 0.394842 1.56993
0.2255 0.999999 1.37645 1.37995e-07 0.394841 1.56993
0.2265 0.999999 1.37645 1.37996e-07 0.394841 1.56993
0.2275 0.999999 1.37645 1.37996e-07 0.394841 1.56993
0.2285 0.999999 1.37645 1.37996e-07 0.39484 1.56993
0.2295 0.999999 1.37645 1.37996e-07 0.39484 1.56993
0.2305 0.999999 1.37646 1.37996e-07 0.39484 1.56993
0.2315 0.999999 1.37646 1.37996e-07 0.394839 1.56993
0.2325 0.999999 1.37646 1.37996e-07 0.394839 1.56993
0.2335 0.999999 1.37646 1.37996e-07 0.394839 1.56993
0.2345 0.999999 1.37646 1.37996e-07 0.394838 1.56993
0.2355 0.999999 1.37646 1.37996e-07 0.394838 1.56993
0.2365 0.999999 1.37646 1.37996e-07 0.394838 1.56993
0.2375 0.999999 1.37646 1.37996e-07 0.394837 1.56994
0.2385 0.999999 1.37646 1.37996e-07 0.394837 1.56994
0.2395 0.999999 1.37646 1.37996e-07 0.394837 1.56994
0.2405 0.999999 1.37646 1.37996e-07 0.394836 1.56994
0.2415 0.999999 1.37646 1.37996e-07 0.394836 1.56994
0.2425 0.999999 1.37646 1.37996e-07 0.394836 1.56994
0.2435 0.999999 1.37646 1.37996e-07 0.394836 1.56994
0.2445 0.999999 1.37646 1.37996e-07 0.394835 1.56994
0.2455 0.999999 1.37646 1.37996e-07 0.394835 1.56994
0.2465 0.999999 1.37646 1.37996e-07 0.394835 1.56994
0.2475 0.999999 1.37646 1.37996e-07 0.394835 1.56994
0.2485 0.999999 1.37646 1.37996e-07 0.394834 1.56994
0.2495 0.999999 1.37646 1.37996e-07 0.394834 1.56994
0.2505 0.999999 1.37646 1.37996e-07 0.394834 1.56994
0.2515 0.999999 1.37646 1.37996e-07 0.394833 1.56994
0.2525 0.999999 1.37646 1.37996e-07 0.394833 1.56994
0.2535 0.999999 1.37646 1.37996e-07 0.394833 1.56994
0.2545 0.999999 1.37646 1.37996e-07 0.394833 1.56994
0.2555 0.999999 1.37646 1.37996e-07 0.394833 1.56994
0.2565 0.999999 1.37646 1.37996e-07 0.394832 1.56994
0.2575 0.999999 1.37646 1.37996e-07 0.394832 1.56994
0.2585 0.999999 1.37646 1.37997e-07 0.394832 1.56994
0.2595 0.999999 1.37646 1.37997e-07 0.394832 1.56994
0.2605 0.999999 1.37646 1.37997e-07 0.394831 1.56995
0.2615 0.999999 1.37646 1.37997e-07 0.394831 1.56995
0.2625 0.999999 1.37646 1.37997e-07 0.394831 1.56995
0.2635 0.999999 1.37646 1.37997e-07 0.394831 1.56995
0.2645 0.999999 1.37646 1.37997e-07 0.394831 1.56995
0.2655 0.999999 1.37647 1.37997e-07 0.394831 1.56995
0.2665 0.999999 1.37647 1.37997e-07 0.394831 1.56995
0.2675 0.999999 1.37646 1.37997e-07 0.394831 1.56995
0.2685 0.999999 1.37646 1.37997e-07 0.394831 1.56995
0.2695 0.999999 1.37646 1.37997e-07 0.394832 1.56994
0.2705 1 1.37646 1.37996e-07 0.394832 1.56994
0.2715 1 1.37646 1.37996e-07 0.394833 1.56994
0.2725 1 1.37646 1.37996e-07 0.394835 1.56994
0.2735 1 1.37646 1.37996e-07 0.394837 1.56994
0.2745 1 1.37646 1.37996e-07 0.39484 1.56993
0.2755 1 1.37645 1.37995e-07 0.394844 1.56992
0.2765 1 1.37645 1.37995e-07 0.39485 1.56991
0.2775 1.00001 1.37644 1.37994e-07 0.394858 1.5699
0.2785 1.00001 1.37643 1.37993e-07 0.394868 1.56988
0.2795 1.00001 1.37641 1.37991e-07 0.394882 1.56985
0.2805 1.00001 1.37639 1.37989e-07 0.394901 1.56982
0.2815 1.00002 1.37637 1.37987e-07 0.394926 1.56977
0.2825 1.00003 1.37633 1.37983e-07 0.394958 1.56972
0.2835 1.00003 1.37629 1.37979e-07 0.394999 1.56964
0.2845 1.00004 1.37623 1.37973e-07 0.395053 1.56955
0.2855 1.00006 1.37616 1.37966e-07 0.39512 1.56942
0.2865 1.00007 1.37607 1.37957e-07 0.395206 1.56927
0.2875 1.00009 1.37596 1.37946e-07 0.395313 1.56908
0.2885 1.00011 1.37581 1.37931e-07 0.395447 1.56884
0.2895 1.00014 1.37564 1.37914e-07 0.395611 1.56854
0.2905 1.00017 1.37543 1.37893e-07 0.395812 1.56818
0.2915 1.0002 1.37517 1.37867e-07 0.396056 1.56775
0.2925 1.00024 1.37486 1.37835e-07 0.39635 1.56722
0.2935 1.00029 1.37448 1.37798e-07 0.396701 1.5666
0.2945 1.00034 1.37404 1.37754e-07 0.397118 1.56586
0.2955 1.0004 1.37352 1.37702e-07 0.397609 1.56499
0.2965 1.00047 1.37291 1.37641e-07 0.398181 1.56397
0.2975 1.00054 1.3722 1.37571e-07 0.398845 1.56279
0.2985 1.00063 1.37138 1.37491e-07 0.39961 1.56144
0.2995 1.00071 1.37045 1.374e-07 0.400483 1.5599
0.3005 1.00081 1.36939 1.37298e-07 0.401474 1.55816
0.3015 1.00091 1.3682 1.37185e-07 0.40259 1.5562
0.3025 1.00102 1.36686 1.37062e-07 0.403839 1.55401
0.3035 1.00113 1.36538 1.36929e-07 0.405227 1.55158
0.3045 1.00125 1.36373 1.36788e-07 0.406762 1.5489
0.3055 1.00137 1.36193 1.36642e-07 0.408446 1.54597
0.3065 1.00149 1.35995 1.36494e-07 0.410284 1.54278
0.3075 1.00162 1.35781 1.36349e-07 0.412279 1.53932
0.3085 1.00174 1.35549 1.36214e-07 0.414432 1.53561
0.3095 1.00186 1.353 1.36097e-07 0.416743 1.53163
0.3105 1.00198 1.35033 1.36006e-07 0.419211 1.52739
0.3115 1.0021 1.34749 1.35952e-07 0.421834 1.5229
0.3125 1.00222 1.34448 1.35946e-07 0.42461 1.51816
0.3135 1.00232 1.3413 1.36003e-07 0.427533 1.51319
0.3145 1.00243 1.33797 1.36134e-07 0.430599 1.508
0.3155 1.00252 1.33447 1.36354e-07 0.433801 1.50259
0.3165 1.00261 1.33083 1.36675e-07 0.437133 1.49699
0.3175 1.00269 1.32705 1.37109e-07 0.440587 1.4912
0.3185 1.00277 1.32314 1.37665e-07 0.444154 1.48525
0.3195 1.00283 1.31912 1.38349e-07 0.447827 1.47914
0.3205 1.00289 1.31499 1.39167e-07 0.451595 1.47291
0.3215 1.00294 1.31077 1.40117e-07 0.455448 1.46655
0.3225 1.00299 1.30648 1.41196e-07 0.459377 1.46011
0.3235 1.00303 1.30212 1.42396e-07 0.46337 1.45358
0.3245 1.00306 1.29773 1.43705e-07 0.467417 1.447
0.3255 1.00309 1.2933 1.45106e-07 0.471506 1.44037
0.3265 1.00311 1.28887 1.46583e-07 0.475626 1.43373
0.3275 1.00313 1.28444 1.48114e-07 0.479764 1.42709
0.3285 1.00314 1.28003 1.49676e-07 0.48391 1.42046
0.3295 1.00315 1.27566 1.51247e-07 0.488051 1.41387
0.3305 1.00315 1.27134 1.52804e-07 0.492173 1.40734
0.3315 1.00314 1.26709 1.54324e-07 0.496266 1.40089
0.3325 1.00313 1.26291 1.55789e-07 0.500316 1.39453
0.3335 1.00311 1.25883 1.57181e-07 0.504311 1.38829
0.3345 1.00308 1.25484 1.58484e-07 0.508237 1.38218
0.3355 1.00305 1.25097 1.59688e-07 0.512083 1.37622
0.3365 1.003 1.24722 1.60786e-07 0.515835 1.37043
0.3375 1.00295 1.24361 1.61771e-07 0.519482 1.36483
0.3385 1.00288 1.24013 1.62642e-07 0.523012 1.35942
0.3395 1.0028 1.2368 1.63401e-07 0.526414 1.35424
0.3405 1.00272 1.23362 1.64051e-07 0.529676 1.34928
0.3415 1.00262 1.23061 1.64599e-07 0.532789 1.34457
0.3425 1.00252 1.22776 1.65051e-07 0.535745 1.34012
0.3435 1.0024 1.22508 1.65416e-07 0.538536 1.33592
0.3445 1.00228 1.22257 1.65703e-07 0.541155 1.332
0.3455 1.00215 1.22025 1.65923e-07 0.543598 1.32836
0.3465 1.00202 1.2181 1.66084e-07 0.545862 1.32499
0.3475 1.00189 1.21612 1.66197e-07 0.547946 1.3219
0.3485 1.00176 1.21432 1.66269e-07 0.54985 1.31908
0.3495 1.00162 1.2127 1.6631e-07 0.551577 1.31653
0.3505 1.00149 1.21124 1.66325e-07 0.553131 1.31425
0.3515 1.00137 1.20994 1.66323e-07 0.554518 1.31221
0.3525 1.00125 1.20879 1.66307e-07 0.555746 1.31041
0.3535 1.00113 1.20778 1.66282e-07 0.556823 1.30883
0.3545 1.00103 1.20691 1.66252e-07 0.557761 1.30747
0.3555 1.00093 1.20616 1.6622e-07 0.558569 1.30629
0.3565 1.00084 1.20553 1.66188e-07 0.559259 1.30528
0.3575 1.00076 1.20499 1.66158e-07 0.559844 1.30443
0.3585 1.00069 1.20455 1.6613e-07 0.560334 1.30372
0.3595 1.00063 1.20418 1.66104e-07 0.560741 1.30313
0.3605 1.00058 1.20389 1.66083e-07 0.561075 1.30264
0.3615 1.00053 1.20365 1.66064e-07 0.561348 1.30225
0.3625 1.00049 1.20346 1.66049e-07 0.561569 1.30193
0.3635 1.00046 1.20331 1.66036e-07 0.561745 1.30167
0.3645 1.00044 1.2032 1.66027e-07 0.561884 1.30146
0.3655 1.00042 1.20311 1.66019e-07 0.561994 1.3013
0.3665 1.0004 1.20305 1.66014e-07 0.562079 1.30118
0.3675 1.00039 1.20301 1.6601e-07 0.562144 1.30108
0.3685 1.00038 1.20298 1.66007e-07 0.562194 1.301
0.3695 1.00037 1.20296 1.66006e-07 0.562231 1.30094
0.3705 1.00037 1.20295 1.66005e-07 0.562259 1.3009
0.3715 1.00037 1.20294 1.66005e-07 0.56228 1.30087
0.3725 1.00037 1.20294 1.66005e-07 0.562295 1.30084
0.3735 1.00037 1.20295 1.66006e-07 0.562306 1.30082
0.3745 1.00037 1.20295 1.66007e-07 0.562313 1.30081
0.3755 1.00037 1.20296 1.66008e-07 0.562318 1.30079
0.3765 1.00037 1.20297 1.6601e-07 0.562322 1.30078
0.3775 1.00037 1.20298 1.66011e-07 0.562324 1.30078
0.3785 1.00038 1.20299 1.66012e-07 0.562325 1.30077
0.3795 1.00038 1.203 1.66014e-07 0.562325 1.30077
0.3805 1.00038 1.20301 1.66015e-07 0.562326 1.30076
0.3815 1.00038 1.20301 1.66016e-07 0.562325 1.30076
0.3825 1.00039 1.20302 1.66017e-07 0.562325 1.30075
0.3835 1.00039 1.20303 1.66019e-07 0.562324 1.30075
0.3845 1.0004 1.20304 1.6602e-07 0.562324 1.30075
0.3855 1.0004 1.20305 1.66021e-07 0.562323 1.30074
0.3865 1.0004 1.20306 1.66022e-07 0.562322 1.30074
0.3875 1.00041 1.20306 1.66023e-07 0.562321 1.30074
0.3885 1.00041 1.20307 1.66024e-07 0.562321 1.30074
0.3895 1.00041 1.20308 1.66025e-07 0.56232 1.30073
0.3905 1.00042 1.20308 1.66026e-07 0.562319 1.30073
0.3915 1.00042 1.20309 1.66027e-07 0.562319 1.30073
0.3925 1.00043 1.2031 1.66027e-07 0.562318 1.30073
0.3935 1.00043 1.2031 1.66028e-07 0.562317 1.30073
0.3945 1.00044 1.20311 1.66029e-07 0.562317 1.30072
0.3955 1.00044 1.20311 1.6603e-07 0.562316 1.30072
0.3965 1.00045 1.20312 1.6603e-07 0.562316 1.30072
0.3975 1.00045 1.20312 1.66031e-07 0.562315 1.30072
0.3985 1.00045 1.20313 1.66032e-07 0.562314 1.30072
0.3995 1.00046 1.20313 1.66032e-07 0.562314 1.30071
0.4005 1.00046 1.20314 1.66033e-07 0.562313 1.30071
0.4015 1.00047 1.20314 1.66033e-07 0.562313 1.30071
0.4025 1.00048 1.20314 1.66034e-07 0.562313 1.30071
0.4035 1.00048 1.20315 1.66034e-07 0.562312 1.30071
0.4045 1.00049 1.20315 1.66035e-07 0.562312 1.30071
0.4055 1.00049 1.20315 1.66035e-07 0.562311 1.3007
0.4065 1.0005 1.20316 1.66036e-07 0.562311 1.3007
0.4075 1.0005 1.20316 1.66036e-07 0.562311 1.3007
0.4085 1.00051 1.20316 1.66037e-07 0.56231 1.3007
0.4095 1.00052 1.20317 1.66037e-07 0.56231 1.3007
0.4105 1.00052 1.20317 1.66037e-07 0.56231 1.3007
0.4115 1.00053 1.20317 1.66038e-07 0.562309 1.3007
0.4125 1.00054 1.20317 1.66038e-07 0.562309 1.30069
0.4135 1.00054 1.20318 1.66039e-07 0.562309 1.30069
0.4145 1.00055 1.20318 1.66042e-07 0.562308 1.30069
0.4155 1.00056 1.20318 1.66053e-07 0.562308 1.30069
0.4165 1.00057 1.20318 1.6609e-07 0.562308 1.30069
0.4175 1.00058 1.20318 1.66216e-07 0.562308 1.30069
0.4185 1.00058 1.20319 1.6662e-07 0.562307 1.30069
0.4195 1.00059 1.20319 1.67841e-07 0.562307 1.30068
0.4205 1.0006 1.20319 1.71351e-07 0.562307 1.30068
0.4215 1.00061 1.20319 1.80942e-07 0.562307 1.30068
0.4225 1.00062 1.20319 2.05919e-07 0.562306 1.30068
0.4235 1.00063 1.20319 2.68045e-07 0.562306 1.30068
0.4245 1.00064 1.20319 4.15902e-07 0.562306 1.30068
0.4255 1.00065 1.20319 7.53185e-07 0.562306 1.30068
0.4265 1.00065 1.20319 1.49181e-06 0.562306 1.30068
0.4275 1.00065 1.20317 3.04693e-06 0.562305 1.30067
0.4285 1.00064 1.20315 6.1991e-06 0.562305 1.30067
0.4295 1.00061 1.2031 1.23581e-05 0.562305 1.30067
0.4305 1.00054 1.20301 2.39719e-05 0.562305 1.30067
0.4315 1.0004 1.20285 4.51302e-05 0.562304 1.30067
0.4325 1.00016 1.20256 8.24104e-05 0.562304 1.30067
0.4335 0.999728 1.20207 0.000146 0.562304 1.30067
0.4345 0.99902 1.20127 0.000251099 0.562304 1.30067
0.4355 0.997887 1.19998 0.000419555 0.562303 1.30067
0.4365 0.996128 1.19797 0.000681615 0.562303 1.30067
0.4375 0.993482 1.19495 0.0010776 0.562302 1.30067
0.4385 0.989614 1.19052 0.00165919 0.562301 1.30067
0.4395 0.984118 1.18421 0.00249005 0.562299 1.30067
0.4405 0.976515 1.17545 0.00364534 0.562296 1.30067
0.4415 0.966273 1.16361 0.00520983 0.562289 1.30068
0.4425 0.952825 1.14801 0.00727443 0.562277 1.3007
0.4435 0.935607 1.12798 0.00993102 0.562252 1.30074
0.4445 0.914095 1.10288 0.0132659 0.562205 1.30081
0.4455 0.887856 1.07221 0.0173525 0.562113 1.30095
0.4465 0.856589 1.0356 0.0222437 0.561935 1.30122
0.4475 0.820177 0.992934 0.0279656 0.561597 1.30171
0.4485 0.77871 0.944371 0.0345132 0.56097 1.3026
0.4495 0.732511 0.890355 0.0418496 0.559839 1.30417
0.4505 0.682141 0.831622 0.049909 0.557875 1.30679
0.4515 0.628384 0.769149 0.0586035 0.55461 1.31098
0.4525 0.572218 0.704064 0.0678301 0.54945 1.31733
0.4535 0.514769 0.637535 0.077475 0.541764 1.32638
0.4545 0.457231 0.570673 0.0874103 0.531053 1.33843
0.4555 0.400779 0.504474 0.0974819 0.517188 1.35328
0.4565 0.346478 0.439851 0.107496 0.500595 1.37016
0.4575 0.295225 0.377709 0.117221 0.482267 1.38776
0.4585 0.247736 0.319 0.126405 0.463527 1.40462
0.4595 0.204564 0.264697 0.134821 0.445653 1.41952
0.4605 0.166096 0.215659 0.142304 0.429565 1.43176
0.4615 0.132547 0.172491 0.14877 0.415694 1.4412
0.4625 0.103933 0.135455 0.154214 0.404055 1.44812
0.4635 0.0800735 0.104461 0.158691 0.394404 1.45297
0.4645 0.0606185 0.0791324 0.162293 0.386398 1.45625
0.4655 0.0450976 0.0588973 0.165132 0.379696 1.45838
0.4665 0.0329749 0.043078 0.167324 0.374006 1.45968
0.4675 0.0236999 0.0309668 0.16898 0.369099 1.4604
0.4685 0.016745 0.0218811 0.170206 0.364801 1.46069
0.4695 0.0116317 0.0151991 0.17109 0.360985 1.46068
0.4705 0.00794428 0.0103798 0.171713 0.357555 1.46045
0.4715 0.00533536 0.00696983 0.172137 0.354442 1.46006
0.4725 0.00352383 0.00460225 0.172415 0.351597 1.45956
0.4735 0.00228907 0.00298871 0.172588 0.348981 1.45899
0.4745 0.00146269 0.00190909 0.172686 0.346567 1.45835
0.4755 0.00091953 0.00119968 0.172733 0.344335 1.45769
0.4765 0.000568845 0.000741827 0.172745 0.342267 1.45702
0.4775 0.00034639 0.000451505 0.172735 0.340353 1.45634
0.4785 0.000207719 0.000270606 0.172711 0.338582 1.45567
0.4795 0.000122755 0.000159821 0.17268 0.336947 1.45503
0.4805 7.15796e-05 9.31255e-05 0.172644 0.335442 1.4544
0.4815 4.12719e-05 5.36462e-05 0.172607 0.334059 1.45381
0.4825 2.36205e-05 3.06653e-05 0.172571 0.332793 1.45326
0.4835 1.35091e-05 1.75078e-05 0.172535 0.331639 1.45274
0.4845 7.81109e-06 1.00973e-05 0.172502 0.330591 1.45227
0.4855 4.65195e-06 5.99082e-06 0.172471 0.329644 1.45183
0.4865 2.92839e-06 3.75159e-06 0.172443 0.32879 1.45143
0.4875 2.00294e-06 2.54987e-06 0.172417 0.328025 1.45107
0.4885 1.51384e-06 1.91504e-06 0.172394 0.327342 1.45075
0.4895 1.25937e-06 1.58488e-06 0.172374 0.326735 1.45046
0.4905 1.12902e-06 1.4158e-06 0.172356 0.326198 1.45021
0.4915 1.06328e-06 1.33052e-06 0.17234 0.325725 1.44999
0.4925 1.03062e-06 1.28814e-06 0.172326 0.325311 1.4498
0.4935 1.01464e-06 1.26738e-06 0.172313 0.324949 1.44963
0.4945 1.00694e-06 1.25735e-06 0.172303 0.324633 1.44948
0.4955 1.00329e-06 1.25256e-06 0.172294 0.32436 1.44936
0.4965 1.00158e-06 1.2503e-06 0.172286 0.324125 1.44926
0.4975 1.00079e-06 1.24923e-06 0.17228 0.323922 1.44917
0.4985 1.00044e-06 1.24873e-06 0.172274 0.323748 1.44909
0.4995 1.00028e-06 1.24849e-06 0.17227 0.323599 1.44903
0.5005 1.00021e-06 1.24837e-06 0.172266 0.323472 1.44898
0.5015 1.00018e-06 1.24831e-06 0.172263 0.323365 1.44894
0.5025 1.00017e-06 1.24827e-06 0.17226 0.323273 1.44891
0.5035 1.00016e-06 1.24825e-06 0.172258 0.323195 1.44888
0.5045 1.00016e-06 1.24824e-06 0.172256 0.32313 1.44886
0.5055 1.00016e-06 1.24822e-06 0.172255 0.323074 1.44884
0.5065 1.00016e-06 1.24821e-06 0.172253 0.323027 1.44883
0.5075 1.00016e-06 1.24821e-06 0.172253 0.322987 1.44882
0.5085 1.00016e-06 1.2482e-06 0.172252 0.322953 1.44881
0.5095 1.00016e-06 1.2482e-06 0.172251 0.322925 1.44881
0.5105 1.00016e-06 1.24819e-06 0.172251 0.3229 1.4488
0.5115 1.00016e-06 1.24819e-06 0.17225 0.32288 1.4488
0.5125 1.00016e-06 1.24819e-06 0.17225 0.322862 1.4488
0.5135 1.00016e-06 1.24819e-06 0.17225 0.322846 1.4488
0.5145 1.00016e-06 1.24819e-06 0.17225 0.322833 1.4488
0.5155 1.00016e-06 1.24819e-06 0.172249 0.322822 1.4488
0.5165 1.00016e-06 1.24818e-06 0.172249 0.322812 1.4488
0.5175 1.00016e-06 1.24818e-06 0.172249 0.322803 1.44881
0.5185 1.00016e-06 1.24818e-06 0.172249 0.322795 1.44881
0.5195 1.00016e-06 1.24818e-06 0.172249 0.322788 1.44881
0.5205 1.00016e-06 1.24818e-06 0.172249 0.322781 1.44881
0.5215 1.00016e-06 1.24818e-06 0.172249 0.322775 1.44881
0.5225 1.00016e-06 1.24818e-06 0.172248 0.32277 1.44882
0.5235 1.00016e-06 1.24818e-06 0.172248 0.322765 1.44882
0.5245 1.00016e-06 1.24818e-06 0.172248 0.32276 1.44882
0.5255 1.00016e-06 1.24818e-06 0.172248 0.322756 1.44882
0.5265 1.00016e-06 1.24817e-06 0.172248 0.322752 1.44882
0.5275 1.00017e-06 1.24817e-06 0.172248 0.322748 1.44882
0.5285 1.00017e-06 1.24817e-06 0.172248 0.322745 1.44883
0.5295 1.00017e-06 1.24817e-06 0.172247 0.322741 1.44883
0.5305 1.00017e-06 1.24817e-06 0.172247 0.322738 1.44883
0.5315 1.00017e-06 1.24817e-06 0.172247 0.322735 1.44883
0.5325 1.00017e-06 1.24817e-06 0.172247 0.322732 1.44883
0.5335 1.00017e-06 1.24817e-06 0.172247 0.322729 1.44883
0.5345 1.00017e-06 1.24816e-06 0.172247 0.322726 1.44884
0.5355 1.00017e-06 1.24816e-06 0.172246 0.322723 1.44884
0.5365 1.00017e-06 1.24816e-06 0.172246 0.32272 1.44884
0.5375 1.00017e-06 1.24816e-06 0.172246 0.322718 1.44884
0.5385 1.00017e-06 1.24816e-06 0.172246 0.322715 1.44884
0.5395 1.00017e-06 1.24816e-06 0.172246 0.322713 1.44884
0.5405 1.00017e-06 1.24816e-06 0.172246 0.32271 1.44884
0.5415 1.00017e-06 1.24816e-06 0.172245 0.322708 1.44885
0.5425 1.00017e-06 1.24816e-06 0.172245 0.322705 1.44885
0.5435 1.00017e-06 1.24816e-06 0.172245 0.322703 1.44885
0.5445 1.00017e-06 1.24815e-06 0.172245 0.322701 1.44885
0.5455 1.00017e-06 1.24815e-06 0.172245 0.322698 1.44885
0.5465 1.00017e-06 1.24815e-06 0.172245 0.322696 1.44885
0.5475 1.00017e-06 1.24815e-06 0.172245 0.322694 1.44885
0.5485 1.00017e-06 1.24815e-06 0.172244 0.322692 1.44885
0.5495 1.00017e-06 1.24815e-06 0.172244 0.32269 1.44885
0.5505 1.00017e-06 1.24815e-06 0.172244 0.322687 1.44885
0.5515 1.00017e-06 1.24815e-06 0.172244 0.322685 1.44886
0.5525 1.00017e-06 1.24814e-06 0.172244 0.322683 1.44886
0.5535 1.00017e-06 1.24814e-06 0.172243 0.322681 1.44886
0.5545 1.00017e-06 1.24814e-06 0.172243 0.322679 1.44886
0.5555 1.00017e-06 1.24814e-06 0.172243 0.322677 1.44886
0.5565 1.00017e-06 1.24814e-06 0.172243 0.322675 1.44886
0.5575 1.00017e-06 1.24813e-06 0.172242 0.322673 1.44886
0.5585 1.00017e-06 1.24813e-06 0.172242 0.322671 1.44886
0.5595 1.00017e-06 1.24813e-06 0.172242 0.322669 1.44886
0.5605 1.00017e-06 1.24813e-06 0.172242 0.322667 1.44886
0.5615 1.00017e-06 1.24813e-06 0.172241 0.322665 1.44887
0.5625 1.00017e-06 1.24812e-06 0.172241 0.322663 1.44887
0.5635 1.00017e-06 1.24812e-06 0.172241 0.322661 1.44887
0.5645 1.00018e-06 1.24812e-06 0.17224 0.322659 1.44887
0.5655 1.00018e-06 1.24812e-06 0.17224 0.322658 1.44887
0.5665 1.00018e-06 1.24812e-06 0.17224 0.322656 1.44887
0.5675 1.00018e-06 1.24812e-06 0.17224 0.322654 1.44887
0.5685 1.00018e-06 1.24811e-06 0.17224 0.322652 1.44887
0.5695 1.00018e-06 1.24811e-06 0.172239 0.32265 1.44887
0.5705 1.00018e-06 1.24811e-06 0.172239 0.322648 1.44887
0.5715 1.00018e-06 1.24811e-06 0.172239 0.322647 1.44887
0.5725 1.00018e-06 1.24811e-06 0.172239 0.322645 1.44887
0.5735 1.00018e-06 1.24811e-06 0.172239 0.322643 1.44887
0.5745 1.00018e-06 1.24811e-06 0.172239 0.322642 1.44888
0.5755 1.00018e-06 1.24811e-06 0.172239 0.32264 1.44888
0.5765 1.00018e-06 1.24811e-06 0.172238 0.322638 1.44888
0.5775 1.00018e-06 1.2481e-06 0.172238 0.322637 1.44888
0.5785 1.00018e-06 1.2481e-06 0.172238 0.322635 1.44888
0.5795 1.00018e-06 1.2481e-06 0.172238 0.322633 1.44888
0.5805 1.00018e-06 1.2481e-06 0.172237 0.322632 1.44888
0.5815 1.00018e-06 1.2481e-06 0.172237 0.32263 1.44888
0.5825 1.00018e-06 1.2481e-06 0.172237 0.322628 1.44888
0.5835 1.00018e-06 1.24809e-06 0.172237 0.322627 1.44888
0.5845 1.00018e-06 1.24809e-06 0.172237 0.322625 1.44888
0.5855 1.00019e-06 1.24809e-06 0.172236 0.322624 1.44888
0.5865 1.00019e-06 1.24809e-06 0.172236 0.322622 1.44888
0.5875 1.00019e-06 1.24809e-06 0.172236 0.322621 1.44888
0.5885 1.00019e-06 1.24808e-06 0.172235 0.322619 1.44888
0.5895 1.00019e-06 1.24808e-06 0.172235 0.322618 1.44889
0.5905 1.00019e-06 1.24808e-06 0.172235 0.322616 1.44889
0.5915 1.00019e-06 1.24808e-06 0.172234 0.322615 1.44889
0.5925 1.00019e-06 1.24807e-06 0.172234 0.322613 1.44889
0.5935 1.00019e-06 1.24807e-06 0.172233 0.322612 1.44889
0.5945 1.00019e-06 1.24807e-06 0.172233 0.32261 1.44889
0.5955 1.00019e-06 1.24806e-06 0.172233 0.322609 1.44889
0.5965 1.0002e-06 1.24806e-06 0.172232 0.322608 1.44889
0.5975 1.0002e-06 1.24806e-06 0.172232 0.322606 1.44889
0.5985 1.0002e-06 1.24806e-06 0.172232 0.322605 1.44889
0.5995 1.0002e-06 1.24806e-06 0.172232 0.322603 1.44889
0.6005 1.33e-06 1.69708e-06 0.172231 0.322602 1.44889
0.6015 6.45073e-06 8.60745e-06 0.17223 0.322601 1.44889
0.6025 4.59919e-05 6.15438e-05 0.172223 0.322599 1.44889
0.6035 0.00024845 0.000330667 0.172187 0.322598 1.44889
0.6045 0.00102174 0.00135216 0.17205 0.322597 1.44889
0.6055 0.00337192 0.00443977 0.171639 0.322595 1.44889
0.6065 0.00929216 0.0121814 0.170609 0.322594 1.44889
0.6075 0.0220063 0.0287422 0.16841 0.322593 1.44889
0.6085 0.0457689 0.0595967 0.164319 0.322591 1.44889
0.6095 0.0850333 0.110456 0.157583 0.32259 1.44889
0.6105 0.143108 0.18555 0.147645 0.322589 1.4489
0.6115 0.22077 0.28587 0.134375 0.322587 1.4489
0.6125 0.315451 0.408136 0.118206 0.322586 1.4489
0.6135 0.421419 0.545025 0.100102 0.322585 1.4489
0.6145 0.530939 0.686648 0.081367 0.322584 1.4489
0.6155 0.635997 0.822735 0.0633549 0.322582 1.4489
0.6165 0.72995 0.944728 0.0471964 0.322581 1.4489
0.6175 0.808583 1.04715 0.0336183 0.32258 1.44891
0.6185 0.870385 1.12795 0.0228943 0.322578 1.44891
0.6195 0.916139 1.18805 0.0149092 0.322577 1.44891
0.6205 0.948132 1.23031 0.00928869 0.322576 1.44891
0.6215 0.969313 1.25847 0.00553986 0.322574 1.44892
0.6225 0.982619 1.2763 0.00316519 0.322573 1.44892
0.6235 0.990566 1.28706 0.00173381 0.322572 1.44892
0.6245 0.995086 1.29326 0.000911309 0.322571 1.44892
0.6255 0.997539 1.29668 0.00046001 0.32257 1.44893
0.6265 0.998811 1.2985 0.000223207 0.322569 1.44893
0.6275 0.999441 1.29945 0.00010422 0.322568 1.44893
0.6285 0.99974 1.29993 4.68947e-05 0.322567 1.44893
0.6295 0.999876 1.30018 2.03832e-05 0.322567 1.44894
0.6305 0.999935 1.30031 8.60151e-06 0.322566 1.44894
0.6315 0.999959 1.3004 3.56547e-06 0.322565 1.44894
0.6325 0.999968 1.30046 1.49316e-06 0.322565 1.44894
0.6335 0.999972 1.3005 6.71587e-07 0.322565 1.44895
0.6345 0.999973 1.30055 3.57555e-07 0.322564 1.44895
0.6355 0.999973 1.30058 2.41755e-07 0.322564 1.44895
0.6365 0.999972 1.30061 2.00538e-07 0.322564 1.44895
0.6375 0.999972 1.30064 1.86372e-07 0.322563 1.44896
0.6385 0.999972 1.30067 1.81669e-07 0.322562 1.44896
0.6395 0.999971 1.3007 1.80162e-07 0.32256 1.44896
0.6405 0.999971 1.30072 1.79696e-07 0.322556 1.44895
0.6415 0.999971 1.30074 1.79558e-07 0.322548 1.44895
0.6425 0.999971 1.30075 1.79519e-07 0.322535 1.44893
0.6435 0.999971 1.30075 1.79507e-07 0.322513 1.44889
0.6445 0.999971 1.30073 1.79501e-07 0.322473 1.44883
0.6455 0.999971 1.30068 1.79494e-07 0.322405 1.44873
0.6465 0.999971 1.30058 1.7948e-07 0.322292 1.44855
0.6475 0.99997 1.3004 1.79456e-07 0.322105 1.44825
0.6485 0.99997 1.3001 1.79414e-07 0.3218 1.44775
0.6495 0.99997 1.29961 1.79347e-07 0.321313 1.44697
0.6505 0.999971 1.29883 1.79239e-07 0.320547 1.44573
0.6515 0.999971 1.29761 1.79071e-07 0.31936 1.44381
0.6525 0.999971 1.29575 1.78814e-07 0.317551 1.44088
0.6535 0.999973 1.29295 1.78428e-07 0.31484 1.43651
0.6545 0.999975 1.28884 1.7786e-07 0.310847 1.43008
0.6555 0.99998 1.2829 1.77041e-07 0.305072 1.42083
0.6565 0.999989 1.27453 1.75885e-07 0.296895 1.40781
0.6575 1 1.26302 1.74297e-07 0.285587 1.38997
0.6585 1.00003 1.2477 1.72183e-07 0.270391 1.36629
0.6595 1.00007 1.22806 1.69473e-07 0.250672 1.33609
0.6605 1.00012 1.20403 1.66157e-07 0.226163 1.29936
0.6615 1.00017 1.17624 1.62321e-07 0.197274 1.25719
0.6625 1.00021 1.14614 1.58167e-07 0.165317 1.21196
0.6635 1.00022 1.11588 1.53991e-07 0.13246 1.16696
0.6645 1.0002 1.08776 1.50111e-07 0.101267 1.12563
0.6655 1.00015 1.0636 1.46777e-07 0.0739643 1.09052
0.6665 1.0001 1.04431 1.44115e-07 0.0518346 1.06276
0.6675 1.00005 1.02985 1.4212e-07 0.0350677 1.04213
0.6685 1.00003 1.01957 1.40701e-07 0.0230503 1.02754
0.6695 1.00001 1.01255 1.39731e-07 0.0148046 1.01762
0.6705 1 1.0079 1.3909e-07 0.0093324 1.01108
0.6715 1 1.0049 1.38676e-07 0.00579238 1.00687
0.6725 1 1.003 1.38414e-07 0.00354753 1.0042
0.6735 0.999999 1.00181 1.3825e-07 0.0021469 1.00254
0.6745 0.999999 1.00109 1.3815e-07 0.001285 1.00152
0.6755 0.999999 1.00064 1.38089e-07 0.000761121 1.0009
0.6765 0.999999 1.00038 1.38052e-07 0.000446313 1.00053
0.6775 0.999999 1.00022 1.3803e-07 0.00025918 1.00031
0.6785 0.999999 1.00013 1.38017e-07 0.000149098 1.00018
0.6795 0.999999 1.00007 1.3801e-07 8.49965e-05 1.0001
0.6805 0.999999 1.00004 1.38006e-07 4.80352e-05 1.00006
0.6815 0.999999 1.00002 1.38003e-07 2.69252e-05 1.00003
0.6825 0.999999 1.00001 1.38002e-07 1.4978e-05 1.00002
0.6835 0.999999 1.00001 1.38001e-07 8.2746e-06 1.00001
0.6845 0.999999 1 1.38001e-07 4.54352e-06 1.00001
0.6855 0.999999 1 1.38e-07 2.48197e-06 1
0.6865 0.999999 1 1.38e-07 1.35025e-06 1
0.6875 0.999999 1 1.38e-07 7.32387e-07 1
0.6885 0.999999 0.999999 1.38e-07 3.96551e-07 1
0.6895 0.999999 0.999999 1.38e-07 2.14596e-07 1
0.6905 0.999999 0.999999 1.38e-07 1.16207e-07 1
0.6915 0.999999 0.999999 1.38e-07 6.30384e-08 1
0.6925 0.999999 0.999999 1.38e-07 3.42889e-08 1
0.6935 0.999999 0.999999 1.38e-07 1.87153e-08 1
0.6945 0.999999 0.999999 1.38e-07 1.02551e-08 1
0.6955 0.999999 0.999999 1.38e-07 5.64251e-09 1
0.6965 0.999999 0.999999 1.38e-07 3.11719e-09 1
0.6975 0.999999 0.999999 1.38e-07 1.72856e-09 1
0.6985 0.999999 0.999999 1.38e-07 9.61649e-10 1
0.6995 0.999999 0.999999 1.38e-07 5.36402e-10 1
0.7005 0.999999 0.999999 1.38e-07 2.99779e-10 1
0.7015 0.999999 0.999999 1.38e-07 1.67738e-10 1
0.7025 0.999999 0.999999 1.38e-07 9.39023e-11 1
0.7035 0.999999 0.999999 1.38e-07 5.2559e-11 1
0.7045 0.999999 0.999999 1.38e-07 2.93958e-11 1
0.7055 0.999999 0.999999 1.38e-07 1.64196e-11 1
0.7065 0.999999 0.999999 1.38e-07 9.15557e-12 1
0.7075 0.999999 0.999999 1.38e-07 5.09412e-12 1
0.7085 0.999999 0.999999 1.38e-07 2.82743e-12 1
0.7095 0.999999 0.999999 1.38e-07 1.5652e-12 1
0.7105 0.999999 0.999999 1.38e-07 8.6382e-13 1
0.7115 0.999999 0.999999 1.38e-07 4.75245e-13 1
0.7125 0.999999 0.999999 1.38e-07 2.6057e-13 1
0.7135 0.999999 0.999999 1.38e-07 1.42261e-13 1
0.7145 0.999999 0.999999 1.38e-07 7.74631e-14 1
0.7155 0.999999 0.999999 1.38e-07 4.20262e-14 1
0.7165 0.999999 0.999999 1.38e-07 2.26305e-14 1
0.7175 0.999999 0.999999 1.38e-07 1.20318e-14 1
0.7185 0.999999 0.999999 1.38e-07 6.32002e-15 1
0.7195 0.999999 0.999999 1.38e-07 3.29782e-15 1
0.7205 0.999999 0.999999 1.38e-07 1.61281e-15 1
0.7215 0.999999 0.999999 1.38e-07 8.32092e-16 1
0.7225 0.999999 0.999999 1.38e-07 3.11667e-16 1
0.7235 0.999999 0.999999 1.38e-07 1.15885e-16 1
0.7245 0.999999 0.999999 1.38e-07 0 1
0.7255 0.999999 0.999999 1.38e-07 0 1
0.7265 0.999999 0.999999 1.38e-07 0 1
0.7275 0.999999 0.999999 1.38e-07 0 1
0.7285 0.999999 0.999999 1.38e-07 0 1
0.7295 0.999999 0.999999 1.38e-07 0 1
0.7305 0.999999 0.999999 1.38e-07 0 1
0.7315 0.999999 0.999999 1.38e-07 0 1
0.7325 0.999999 0.999999 1.38e-07 0 1
0.7335 0.999999 0.999999 1.38e-07 0 1
0.7345 0.999999 0.999999 1.38e-07 0 1
0.7355 0.999999 0.999999 1.38e-07 0 1
0.7365 0.999999 0.999999 1.38e-07 0 1
0.7375 0.999999 0.999999 1.38e-07 0 1
0.7385 0.999999 0.999999 1.38e-07 0 1
0.7395 0.999999 0.999999 1.38e-07 0 1
0.7405 0.999999 0.999999 1.38e-07 0 1
0.7415 0.999999 0.999999 1.38e-07 0 1
0.7425 0.999999 0.999999 1.38e-07 0 1
0.7435 0.999999 0.999999 1.38e-07 0 1
0.7445 0.999999 0.999999 1.38e-07 0 1
0.7455 0.999999 0.999999 1.38e-07 0 1
0.7465 0.999999 0.999999 1.38e-07 0 1
0.7475 0.999999 0.999999 1.38e-07 0 1
0.7485 0.999999 0.999999 1.38e-07 0 1
0.7495 0.999999 0.999999 1.38e-07 0 1
0.7505 0.999999 0.999999 1.38e-07 0 1
0.7515 0.999999 0.999999 1.38e-07 0 1
0.7525 0.999999 0.999999 1.38e-07 0 1
0.7535 0.999999 0.999999 1.38e-07 0 1
0.7545 0.999999 0.999999 1.38e-07 0 1
0.7555 0.999999 0.999999 1.38e-07 0 1
0.7565 0.999999 0.999999 1.38e-07 0 1
0.7575 0.999999 0.999999 1.38e-07 0 1
0.7585 0.999999 0.999999 1.38e-07 0 1
0.7595 0.999999 0.999999 1.38e-07 0 1
0.7605 0.999999 0.999999 1.38e-07 0 1
0.7615 0.999999 0.999999 1.38e-07 0 1
0.7625 0.999999 0.999999 1.38e-07 0 1
0.7635 0.999999 0.999999 1.38e-07 0 1
0.7645 0.999999 0.999999 1.38e-07 0 1
0.7655 0.999999 0.999999 1.38e-07 0 1
0.7665 0.999999 0.999999 1.38e-07 0 1
0.7675 0.999999 0.999999 1.38e-07 0 1
0.7685 0.999999 0.999999 1.38e-07 0 1
0.7695 0.999999 0.999999 1.38e-07 0 1
0.7705 0.999999 0.999999 1.38e-07 0 1
0.7715 0.999999 0.999999 1.38e-07 0 1
0.7725 0.999999 0.999999 1.38e-07 0 1
0.7735 0.999999 0.999999 1.38e-07 0 1
0.7745 0.999999 0.999999 1.38e-07 0 1
0.7755 0.999999 0.999999 1.38e-07 0 1
0.7765 0.999999 0.999999 1.38e-07 0 1
0.7775 0.999999 0.999999 1.38e-07 0 1
0.7785 0.999999 0.999999 1.38e-07 0 1
0.7795 0.999999 0.999999 1.38e-07 0 1
0.7805 0.999999 0.999999 1.38e-07 0 1
0.7815 0.999999 0.999999 1.38e-07 0 1
0.7825 0.999999 0.999999 1.38e-07 0 1
0.7835 0.999999 0.999999 1.38e-07 0 1
0.7845 0.999999 0.999999 1.38e-07 0 1
0.7855 0.999999 0.999999 1.38e-07 0 1
0.7865 0.999999 0.999999 1.38e-07 0 1
0.7875 0.999999 0.999999 1.38e-07 0 1
0.7885 0.999999 0.999999 1.38e-07 0 1
0.7895 0.999999 0.999999 1.38e-07 0 1
0.7905 0.999999 0.999999 1.38e-07 0 1
0.7915 0.999999 0.999999 1.38e-07 0 1
0.7925 0.999999 0.999999 1.38e-07 0 1
0.7935 0.999999 0.999999 1.38e-07 0 1
0.7945 0.999999 0.999999 1.38e-07 0 1
0.7955 0.999999 0.999999 1.38e-07 0 1
0.7965 0.999999 0.999999 1.38e-07 0 1
0.7975 0.999999 0.999999 1.38e-07 0 1
0.7985 0.999999 0.999999 1.38e-07 0 1
0.7995 0.999999 0.999999 1.38e-07 0 1
0.8005 0.999999 0.999999 1.38e-07 0 1
0.8015 0.999999 0.999999 1.38e-07 0 1
0.8025 0.999999 0.999999 1.38e-07 0 1
0.8035 0.999999 0.999999 1.38e-07 0 1
0.8045 0.999999 0.999999 1.38e-07 0 1
0.8055 0.999999 0.999999 1.38e-07 0 1
0.8065 0.999999 0.999999 1.38e-07 0 1
0.8075 0.999999 0.999999 1.38e-07 0 1
0.8085 0.999999 0.999999 1.38e-07 0 1
0.8095 0.999999 0.999999 1.38e-07 0 1
0.8105 0.999999 0.999999 1.38e-07 0 1
0.8115 0.999999 0.999999 1.38e-07 0 1
0.8125 0.999999 0.999999 1.38e-07 0 1
0.8135 0.999999 0.999999 1.38e-07 0 1
0.8145 0.999999 0.999999 1.38e-07 0 1
0.8155 0.999999 0.999999 1.38e-07 0 1
0.8165 0.999999 0.999999 1.38e-07 0 1
0.8175 0.999999 0.999999 1.38e-07 0 1
0.8185 0.999999 0.999999 1.38e-07 0 1
0.8195 0.999999 0.999999 1.38e-07 0 1
0.8205 0.999999 0.999999 1.38e-07 0 1
0.8215 0.999999 0.999999 1.38e-07 0 1
0.8225 0.999999 0.999999 1.38e-07 0 1
0.8235 0.999999 0.999999 1.38e-07 0 1
0.8245 0.999999 0.999999 1.38e-07 0 1
0.8255 0.999999 0.999999 1.38e-07 0 1
0.8265 0.999999 0.999999 1.38e-07 0 1
0.8275 0.999999 0.999999 1.38e-07 0 1
0.8285 0.999999 0.999999 1.38e-07 0 1
0.8295 0.999999 0.999999 1.38e-07 0 1
0.8305 0.999999 0.999999 1.38e-07 0 1
0.8315 0.999999 0.999999 1.38e-07 0 1
0.8325 0.999999 0.999999 1.38e-07 0 1
0.8335 0.999999 0.999999 1.38e-07 0 1
0.8345 0.999999 0.999999 1.38e-07 0 1
0.8355 0.999999 0.999999 1.38e-07 0 1
0.8365 0.999999 0.999999 1.38e-07 0 1
0.8375 0.999999 0.999999 1.38e-07 0 1
0.8385 0.999999 0.999999 1.38e-07 0 1
0.8395 0.999999 0.999999 1.38e-07 0 1
0.8405 0.999999 0.999999 1.38e-07 0 1
0.8415 0.999999 0.999999 1.38e-07 0 1
0.8425 0.999999 0.999999 1.38e-07 0 1
0.8435 0.999999 0.999999 1.38e-07 0 1
0.8445 0.999999 0.999999 1.38e-07 0 1
0.8455 0.999999 0.999999 1.38e-07 0 1
0.8465 0.999999 0.999999 1.38e-07 0 1
0.8475 0.999999 0.999999 1.38e-07 0 1
0.8485 0.999999 0.999999 1.38e-07 0 1
0.8495 0.999999 0.999999 1.38e-07 0 1
0.8505 0.999999 0.999999 1.38e-07 0 1
0.8515 0.999999 0.999999 1.38e-07 0 1
0.8525 0.999999 0.999999 1.38e-07 0 1
0.8535 0.999999 0.999999 1.38e-07 0 1
0.8545 0.999999 0.999999 1.38e-07 0 1
0.8555 0.999999 0.999999 1.38e-07 0 1
0.8565 0.999999 0.999999 1.38e-07 0 1
0.8575 0.999999 0.999999 1.38e-07 0 1
0.8585 0.999999 0.999999 1.38e-07 0 1
0.8595 0.999999 0.999999 1.38e-07 0 1
0.8605 0.999999 0.999999 1.38e-07 0 1
0.8615 0.999999 0.999999 1.38e-07 0 1
0.8625 0.999999 0.999999 1.38e-07 0 1
0.8635 0.999999 0.999999 1.38e-07 0 1
0.8645 0.999999 0.999999 1.38e-07 0 1
0.8655 0.999999 0.999999 1.38e-07 0 1
0.8665 0.999999 0.999999 1.38e-07 0 1
0.8675 0.999999 0.999999 1.38e-07 0 1
0.8685 0.999999 0.999999 1.38e-07 0 1
0.8695 0.999999 0.999999 1.38e-07 0 1
0.8705 0.999999 0.999999 1.38e-07 0 1
0.8715 0.999999 0.999999 1.38e-07 0 1
0.8725 0.999999 0.999999 1.38e-07 0 1
0.8735 0.999999 0.999999 1.38e-07 0 1
0.8745 0.999999 0.999999 1.38e-07 0 1
0.8755 0.999999 0.999999 1.38e-07 0 1
0.8765 0.999999 0.999999 1.38e-07 0 1
0.8775 0.999999 0.999999 1.38e-07 0 1
0.8785 0.999999 0.999999 1.38e-07 0 1
0.8795 0.999999 0.999999 1.38e-07 0 1
0.8805 0.999999 0.999999 1.38e-07 0 1
0.8815 0.999999 0.999999 1.38e-07 0 1
0.8825 0.999999 0.999999 1.38e-07 0 1
0.8835 0.999999 0.999999 1.38e-07 0 1
0.8845 0.999999 0.999999 1.38e-07 0 1
0.8855 0.999999 0.999999 1.38e-07 0 1
0.8865 0.999999 0.999999 1.38e-07 0 1
0.8875 0.999999 0.999999 1.38e-07 0 1
0.8885 0.999999 0.999999 1.38e-07 0 1
0.8895 0.999999 0.999999 1.38e-07 0 1
0.8905 0.999999 0.999999 1.38e-07 0 1
0.8915 0.999999 0.999999 1.38e-07 0 1
0.8925 0.999999 0.999999 1.38e-07 0 1
0.8935 0.999999 0.999999 1.38e-07 0 1
0.8945 0.999999 0.999999 1.38e-07 0 1
0.8955 0.999999 0.999999 1.38e-07 0 1
0.8965 0.999999 0.999999 1.38e-07 0 1
0.8975 0.999999 0.999999 1.38e-07 0 1
0.8985 0.999999 0.999999 1.38e-07 0 1
0.8995 0.999999 0.999999 1.38e-07 0 1
0.9005 0.999999 0.999999 1.38e-07 0 1
0.9015 0.999999 0.999999 1.38e-07 0 1
0.9025 0.999999 0.999999 1.38e-07 0 1
0.9035 0.999999 0.999999 1.38e-07 0 1
0.9045 0.999999 0.999999 1.38e-07 0 1
0.9055 0.999999 0.999999 1.38e-07 0 1
0.9065 0.999999 0.999999 1.38e-07 0 1
0.9075 0.999999 0.999999 1.38e-07 0 1
0.9085 0.999999 0.999999 1.38e-07 0 1
0.9095 0.999999 0.999999 1.38e-07 0 1
0.9105 0.999999 0.999999 1.38e-07 0 1
0.9115 0.999999 0.999999 1.38e-07 0 1
0.9125 0.999999 0.999999 1.38e-07 0 1
0.9135 0.999999 0.999999 1.38e-07 0 1
0.9145 0.999999 0.999999 1.38e-07 0 1
0.9155 0.999999 0.999999 1.38e-07 0 1
0.9165 0.999999 0.999999 1.38e-07 0 1
0.9175 0.999999 0.999999 1.38e-07 0 1
0.9185 0.999999 0.999999 1.38e-07 0 1
0.9195 0.999999 0.999999 1.38e-07 0 1
0.9205 0.999999 0.999999 1.38e-07 0 1
0.9215 0.999999 0.999999 1.38e-07 0 1
0.9225 0.999999 0.999999 1.38e-07 0 1
0.9235 0.999999 0.999999 1.38e-07 0 1
0.9245 0.999999 0.999999 1.38e-07 0 1
0.9255 0.999999 0.999999 1.38e-07 0 1
0.9265 0.999999 0.999999 1.38e-07 0 1
0.9275 0.999999 0.999999 1.38e-07 0 1
0.9285 0.999999 0.999999 1.38e-07 0 1
0.9295 0.999999 0.999999 1.38e-07 0 1
0.9305 0.999999 0.999999 1.38e-07 0 1
0.9315 0.999999 0.999999 1.38e-07 0 1
0.9325 0.999999 0.999999 1.38e-07 0 1
0.9335 0.999999 0.999999 1.38e-07 0 1
0.9345 0.999999 0.999999 1.38e-07 0 1
0.9355 0.999999 0.999999 1.38e-07 0 1
0.9365 0.999999 0.999999 1.38e-07 0 1
0.9375 0.999999 0.999999 1.38e-07 0 1
0.9385 0.999999 0.999999 1.38e-07 0 1
0.9395 0.999999 0.999999 1.38e-07 0 1
0.9405 0.999999 0.999999 1.38e-07 0 1
0.9415 0.999999 0.999999 1.38e-07 0 1
0.9425 0.999999 0.999999 1.38e-07 0 1
0.9435 0.999999 0.999999 1.38e-07 0 1
0.9445 0.999999 0.999999 1.38e-07 0 1
0.9455 0.999999 0.999999 1.38e-07 0 1
0.9465 0.999999 0.999999 1.38e-07 0 1
0.9475 0.999999 0.999999 1.38e-07 0 1
0.9485 0.999999 0.999999 1.38e-07 0 1
0.9495 0.999999 0.999999 1.38e-07 0 1
0.9505 0.999999 0.999999 1.38e-07 0 1
0.9515 0.999999 0.999999 1.38e-07 0 1
0.9525 0.999999 0.999999 1.38e-07 0 1
0.9535 0.999999 0.999999 1.38e-07 0 1
0.9545 0.999999 0.999999 1.38e-07 0 1
0.9555 0.999999 0.999999 1.38e-07 0 1
0.9565 0.999999 0.999999 1.38e-07 0 1
0.9575 0.999999 0.999999 1.38e-07 0 1
0.9585 0.999999 0.999999 1.38e-07 0 1
0.9595 0.999999 0.999999 1.38e-07 0 1
0.9605 0.999999 0.999999 1.38e-07 0 1
0.9615 0.999999 0.999999 1.38e-07 0 1
0.9625 0.999999 0.999999 1.38e-07 0 1
0.9635 0.999999 0.999999 1.38e-07 0 1
0.9645 0.999999 0.999999 1.38e-07 0 1
0.9655 0.999999 0.999999 1.38e-07 0 1
0.9665 0.999999 0.999999 1.38e-07 0 1
0.9675 0.999999 0.999999 1.38e-07 0 1
0.9685 0.999999 0.999999 1.38e-07 0 1
0.9695 0.999999 0.999999 1.38e-07 0 1
0.9705 0.999999 0.999999 1.38e-07 0 1
0.9715 0.999999 0.999999 1.38e-07 0 1
0.9725 0.999999 0.999999 1.38e-07 0 1
0.9735 0.999999 0.999999 1.38e-07 0 1
0.9745 0.999999 0.999999 1.38e-07 0 1
0.9755 0.999999 0.999999 1.38e-07 0 1
0.9765 0.999999 0.999999 1.38e-07 0 1
0.9775 0.999999 0.999999 1.38e-07 0 1
0.9785 0.999999 0.999999 1.38e-07 0 1
0.9795 0.999999 0.999999 1.38e-07 0 1
0.9805 0.999999 0.999999 1.38e-07 0 1
0.9815 0.999999 0.999999 1.38e-07 0 1
0.9825 0.999999 0.999999 1.38e-07 0 1
0.9835 0.999999 0.999999 1.38e-07 0 1
0.9845 0.999999 0.999999 1.38e-07 0 1
0.9855 0.999999 0.999999 1.38e-07 0 1
0.9865 0.999999 0.999999 1.38e-07 0 1
0.9875 0.999999 0.999999 1.38e-07 0 1
0.9885 0.999999 0.999999 1.38e-07 0 1
0.9895 0.999999 0.999999 1.38e-07 0 1
0.9905 0.999999 0.999999 1.38e-07 0 1
0.9915 0.999999 0.999999 1.38e-07 0 1
0.9925 0.999999 0.999999 1.38e-07 0 1
0.9935 0.999999 0.999999 1.38e-07 0 1
0.9945 0.999999 0.999999 1.38e-07 0 1
0.9955 0.999999 0.999999 1.38e-07 0 1
0.9965 0.999999 0.999999 1.38e-07 0 1
0.9975 0.999999 0.999999 1.38e-07 0 1
0.9985 0.999999 0.999999 1.38e-07 0 1
0.9995 0.999999 0.999999 1.38e-07 0 1
