x alpha rho1 rho2 v p
0.0005 0.999999 1.3765 1.38e-07 0.3948 1.57
0.0015 0.999999 1.3765 1.38e-07 0.3948 1.57
0.0025 0.999999 1.3765 1.38e-07 0.3948 1.57
0.0035 0.999999 1.3765 1.38e-07 0.3948 1.57
0.0045 0.999999 1.3765 1.38e-07 0.3948 1.57
0.0055 0.999999 1.3765 1.38e-07 0.3948 1.57
0.0065 0.999999 1.3765 1.38e-07 0.3948 1.57
0.0075 0.999999 1.3765 1.38e-07 0.3948 1.57
0.0085 0.999999 1.3765 1.38e-07 0.3948 1.57
0.0095 0.999999 1.3765 1.38e-07 0.3948 1.57
0.0105 0.999999 1.3765 1.38e-07 0.3948 1.57
0.0115 0.999999 1.3765 1.38e-07 0.3948 1.57
0.0125 0.999999 1.3765 1.38e-07 0.3948 1.57
0.0135 0.999999 1.3765 1.38e-07 0.3948 1.57
0.0145 0.999999 1.3765 1.38e-07 0.3948 1.57
0.0155 0.999999 1.3765 1.38e-07 0.3948 1.57
0.0165 0.999999 1.3765 1.38e-07 0.3948 1.57
0.0175 0.999999 1.3765 1.38e-07 0.3948 1.57
0.0185 0.999999 1.3765 1.38e-07 0.3948 1.57
0.0195 0.999999 1.3765 1.38e-07 0.394801 1.57
0.0205 0.999999 1.3765 1.38e-07 0.394801 1.57
0.0215 0.999999 1.3765 1.38e-07 0.394801 1.57
0.0225 0.999999 1.3765 1.38e-07 0.394801 1.57
0.0235 0.999999 1.3765 1.38e-07 0.394802 1.57
0.0245 0.999999 1.3765 1.38e-07 0.394802 1.57
0.0255 0.999999 1.3765 1.38e-07 0.394802 1.57
0.0265 0.999999 1.3765 1.38e-07 0.394803 1.56999
0.0275 1 1.37649 1.38e-07 0.394804 1.56999
0.0285 1 1.37649 1.38e-07 0.394804 1.56999
0.0295 1 1.37649 1.37999e-07 0.394805 1.56999
0.0305 1 1.37649 1.37999e-07 0.394806 1.56999
0.0315 1 1.37649 1.37999e-07 0.394808 1.56999
0.0325 1 1.37649 1.37999e-07 0.394809 1.56998
0.0335 1 1.37649 1.37999e-07 0.394811 1.56998
0.0345 1 1.37648 1.37999e-07 0.394813 1.56998
0.0355 1 1.37648 1.37998e-07 0.394815 1.56997
0.0365 1 1.37648 1.37998e-07 0.394818 1.56997
0.0375 1 1.37648 1.37998e-07 0.394821 1.56996
0.0385 1 1.37647 1.37997e-07 0.394825 1.56996
0.0395 1 1.37647 1.37997e-07 0.394829 1.56995
0.0405 1 1.37646 1.37996e-07 0.394833 1.56994
0.0415 1 1.37646 1.37996e-07 0.394838 1.56993
0.0425 1 1.37645 1.37995e-07 0.394844 1.56992
0.0435 1 1.37644 1.37995e-07 0.39485 1.56991
0.0445 1 1.37644 1.37994e-07 0.394858 1.5699
0.0455 1.00001 1.37643 1.37993e-07 0.394865 1.56988
0.0465 1.00001 1.37642 1.37992e-07 0.394874 1.56987
0.0475 1.00001 1.37641 1.37991e-07 0.394883 1.56985
0.0485 1.00001 1.3764 1.3799e-07 0.394893 1.56983
0.0495 1.00001 1.37639 1.37989e-07 0.394904 1.56982
0.0505 1.00001 1.37637 1.37988e-07 0.394916 1.5698
0.0515 1.00001 1.37636 1.37986e-07 0.394929 1.56977
0.0525 1.00001 1.37635 1.37985e-07 0.394942 1.56975
0.0535 1.00001 1.37633 1.37983e-07 0.394956 1.56972
0.0545 1.00001 1.37631 1.37982e-07 0.394971 1.5697
0.0555 1.00001 1.3763 1.3798e-07 0.394986 1.56967
0.0565 1.00001 1.37628 1.37978e-07 0.395003 1.56964
0.0575 1.00001 1.37626 1.37976e-07 0.395019 1.56961
0.0585 1.00001 1.37624 1.37974e-07 0.395036 1.56958
0.0595 1.00001 1.37622 1.37973e-07 0.395054 1.56955
0.0605 1.00001 1.37621 1.37971e-07 0.395072 1.56952
0.0615 1.00001 1.37619 1.37969e-07 0.395089 1.56949
0.0625 1.00001 1.37617 1.37967e-07 0.395107 1.56946
0.0635 1.00001 1.37615 1.37965e-07 0.395125 1.56943
0.0645 1.00001 1.37613 1.37963e-07 0.395143 1.5694
0.0655 1.00001 1.37611 1.37961e-07 0.39516 1.56937
0.0665 1.00001 1.37609 1.37959e-07 0.395176 1.56934
0.0675 1.00001 1.37607 1.37957e-07 0.395192 1.56931
0.0685 1.00001 1.37606 1.37956e-07 0.395208 1.56929
0.0695 1.00001 1.37604 1.37954e-07 0.395222 1.56926
0.0705 1.00001 1.37603 1.37953e-07 0.395235 1.56924
0.0715 1.00001 1.37601 1.37951e-07 0.395247 1.56922
0.0725 1.00001 1.376 1.3795e-07 0.395258 1.5692
0.0735 1.00001 1.37599 1.37949e-07 0.395268 1.56918
0.0745 1.00001 1.37598 1.37948e-07 0.395276 1.56917
0.0755 1 1.37597 1.37947e-07 0.395283 1.56916
0.0765 1 1.37597 1.37947e-07 0.395288 1.56915
0.0775 1 1.37596 1.37946e-07 0.395292 1.56914
0.0785 1 1.37596 1.37946e-07 0.395295 1.56914
0.0795 1 1.37596 1.37946e-07 0.395296 1.56914
0.0805 0.999998 1.37596 1.37946e-07 0.395295 1.56914
0.0815 0.999997 1.37596 1.37946e-07 0.395294 1.56914
0.0825 0.999996 1.37596 1.37946e-07 0.395291 1.56915
0.0835 0.999995 1.37597 1.37947e-07 0.395286 1.56916
0.0845 0.999994 1.37597 1.37947e-07 0.395281 1.56917
0.0855 0.999994 1.37598 1.37948e-07 0.395274 1.56918
0.0865 0.999993 1.37599 1.37949e-07 0.395267 1.56919
0.0875 0.999992 1.376 1.3795e-07 0.395259 1.5692
0.0885 0.999992 1.37601 1.37951e-07 0.39525 1.56922
0.0895 0.999991 1.37602 1.37952e-07 0.39524 1.56924
0.0905 0.999991 1.37603 1.37953e-07 0.39523 1.56926
0.0915 0.99999 1.37604 1.37954e-07 0.395219 1.56927
0.0925 0.99999 1.37605 1.37955e-07 0.395208 1.56929
0.0935 0.99999 1.37607 1.37957e-07 0.395196 1.56931
0.0945 0.99999 1.37608 1.37958e-07 0.395185 1.56933
0.0955 0.99999 1.37609 1.37959e-07 0.395174 1.56935
0.0965 0.99999 1.3761 1.3796e-07 0.395162 1.56937
0.0975 0.99999 1.37611 1.37962e-07 0.395151 1.56939
0.0985 0.99999 1.37613 1.37963e-07 0.395139 1.56941
0.0995 0.99999 1.37614 1.37964e-07 0.395128 1.56943
0.1005 0.99999 1.37615 1.37965e-07 0.395117 1.56945
0.1015 0.999991 1.37616 1.37966e-07 0.395107 1.56947
0.1025 0.999991 1.37617 1.37967e-07 0.395096 1.56949
0.1035 0.999991 1.37618 1.37969e-07 0.395087 1.5695
0.1045 0.999992 1.3762 1.3797e-07 0.395077 1.56952
0.1055 0.999992 1.37621 1.37971e-07 0.395068 1.56954
0.1065 0.999992 1.37622 1.37972e-07 0.395059 1.56955
0.1075 0.999992 1.37622 1.37973e-07 0.39505 1.56957
0.1085 0.999993 1.37623 1.37973e-07 0.395042 1.56958
0.1095 0.999993 1.37624 1.37974e-07 0.395035 1.56959
0.1105 0.999993 1.37625 1.37975e-07 0.395027 1.56961
0.1115 0.999994 1.37626 1.37976e-07 0.39502 1.56962
0.1125 0.999994 1.37626 1.37977e-07 0.395014 1.56963
0.1135 0.999994 1.37627 1.37977e-07 0.395007 1.56964
0.1145 0.999994 1.37628 1.37978e-07 0.395001 1.56965
0.1155 0.999995 1.37628 1.37979e-07 0.394996 1.56966
0.1165 0.999995 1.37629 1.37979e-07 0.39499 1.56967
0.1175 0.999995 1.3763 1.3798e-07 0.394985 1.56968
0.1185 0.999995 1.3763 1.3798e-07 0.39498 1.56969
0.1195 0.999995 1.37631 1.37981e-07 0.394975 1.5697
0.1205 0.999995 1.37631 1.37981e-07 0.394971 1.5697
0.1215 0.999996 1.37632 1.37982e-07 0.394966 1.56971
0.1225 0.999996 1.37632 1.37982e-07 0.394962 1.56972
0.1235 0.999996 1.37633 1.37983e-07 0.394958 1.56973
0.1245 0.999996 1.37633 1.37983e-07 0.394955 1.56973
0.1255 0.999996 1.37633 1.37983e-07 0.394951 1.56974
0.1265 0.999996 1.37634 1.37984e-07 0.394948 1.56974
0.1275 0.999996 1.37634 1.37984e-07 0.394944 1.56975
0.1285 0.999997 1.37634 1.37985e-07 0.394941 1.56976
0.1295 0.999997 1.37635 1.37985e-07 0.394938 1.56976
0.1305 0.999997 1.37635 1.37985e-07 0.394935 1.56977
0.1315 0.999997 1.37635 1.37985e-07 0.394933 1.56977
0.1325 0.999997 1.37636 1.37986e-07 0.39493 1.56977
0.1335 0.999997 1.37636 1.37986e-07 0.394927 1.56978
0.1345 0.999997 1.37636 1.37986e-07 0.394925 1.56978
0.1355 0.999997 1.37637 1.37987e-07 0.394922 1.56979
0.1365 0.999997 1.37637 1.37987e-07 0.39492 1.56979
0.1375 0.999997 1.37637 1.37987e-07 0.394918 1.5698
0.1385 0.999997 1.37637 1.37987e-07 0.394915 1.5698
0.1395 0.999997 1.37637 1.37988e-07 0.394913 1.5698
0.1405 0.999997 1.37638 1.37988e-07 0.394911 1.56981
0.1415 0.999997 1.37638 1.37988e-07 0.394909 1.56981
0.1425 0.999997 1.37638 1.37988e-07 0.394907 1.56981
0.1435 0.999998 1.37638 1.37988e-07 0.394905 1.56982
0.1445 0.999998 1.37639 1.37989e-07 0.394904 1.56982
0.1455 0.999998 1.37639 1.37989e-07 0.394902 1.56982
0.1465 0.999998 1.37639 1.37989e-07 0.3949 1.56983
0.1475 0.999998 1.37639 1.37989e-07 0.394898 1.56983
0.1485 0.999998 1.37639 1.37989e-07 0.394897 1.56983
0.1495 0.999998 1.37639 1.3799e-07 0.394895 1.56983
0.1505 0.999998 1.3764 1.3799e-07 0.394894 1.56984
0.1515 0.999998 1.3764 1.3799e-07 0.394892 1.56984
0.1525 0.999998 1.3764 1.3799e-07 0.394891 1.56984
0.1535 0.999998 1.3764 1.3799e-07 0.394889 1.56985
0.1545 0.999998 1.3764 1.3799e-07 0.394888 1.56985
0.1555 0.999998 1.3764 1.37991e-07 0.394886 1.56985
0.1565 0.999998 1.37641 1.37991e-07 0.394885 1.56985
0.1575 0.999998 1.37641 1.37991e-07 0.394884 1.56985
0.1585 0.999998 1.37641 1.37991e-07 0.394883 1.56986
0.1595 0.999998 1.37641 1.37991e-07 0.394881 1.56986
0.1605 0.999998 1.37641 1.37991e-07 0.39488 1.56986
0.1615 0.999998 1.37641 1.37991e-07 0.394879 1.56986
0.1625 0.999998 1.37641 1.37991e-07 0.394878 1.56986
0.1635 0.999998 1.37641 1.37992e-07 0.394877 1.56987
0.1645 0.999998 1.37642 1.37992e-07 0.394876 1.56987
0.1655 0.999998 1.37642 1.37992e-07 0.394875 1.56987
0.1665 0.999998 1.37642 1.37992e-07 0.394874 1.56987
0.1675 0.999998 1.37642 1.37992e-07 0.394873 1.56987
0.1685 0.999998 1.37642 1.37992e-07 0.394872 1.56988
0.1695 0.999998 1.37642 1.37992e-07 0.394871 1.56988
0.1705 0.999998 1.37642 1.37992e-07 0.39487 1.56988
0.1715 0.999998 1.37642 1.37992e-07 0.394869 1.56988
0.1725 0.999998 1.37642 1.37993e-07 0.394868 1.56988
0.1735 0.999998 1.37643 1.37993e-07 0.394867 1.56988
0.1745 0.999998 1.37643 1.37993e-07 0.394866 1.56989
0.1755 0.999998 1.37643 1.37993e-07 0.394865 1.56989
0.1765 0.999998 1.37643 1.37993e-07 0.394864 1.56989
0.1775 0.999998 1.37643 1.37993e-07 0.394864 1.56989
0.1785 0.999998 1.37643 1.37993e-07 0.394863 1.56989
0.1795 0.999998 1.37643 1.37993e-07 0.394862 1.56989
0.1805 0.999998 1.37643 1.37993e-07 0.394861 1.56989
0.1815 0.999998 1.37643 1.37993e-07 0.39486 1.5699
0.1825 0.999998 1.37643 1.37993e-07 0.39486 1.5699
0.1835 0.999998 1.37643 1.37994e-07 0.394859 1.5699
0.1845 0.999998 1.37644 1.37994e-07 0.394858 1.5699
0.1855 0.999998 1.37644 1.37994e-07 0.394858 1.5699
0.1865 0.999998 1.37644 1.37994e-07 0.394857 1.5699
0.1875 0.999998 1.37644 1.37994e-07 0.394856 1.5699
0.1885 0.999998 1.37644 1.37994e-07 0.394856 1.5699
0.1895 0.999999 1.37644 1.37994e-07 0.394855 1.5699
0.1905 0.999999 1.37644 1.37994e-07 0.394854 1.56991
0.1915 0.999999 1.37644 1.37994e-07 0.394854 1.56991
0.1925 0.999999 1.37644 1.37994e-07 0.394853 1.56991
0.1935 0.999999 1.37644 1.37994e-07 0.394853 1.56991
0.1945 0.999999 1.37644 1.37994e-07 0.394852 1.56991
0.1955 0.999999 1.37644 1.37994e-07 0.394851 1.56991
0.1965 0.999999 1.37644 1.37994e-07 0.394851 1.56991
0.1975 0.999999 1.37644 1.37995e-07 0.39485 1.56991
0.1985 0.999999 1.37644 1.37995e-07 0.39485 1.56991
0.1995 0.999999 1.37644 1.37995e-07 0.394849 1.56991
0.2005 0.999999 1.37645 1.37995e-07 0.394849 1.56992
0.2015 0.999999 1.37645 1.37995e-07 0.394848 1.56992
0.2025 0.999999 1.37645 1.37995e-07 0.394848 1.56992
0.2035 0.999999 1.37645 1.37995e-07 0.394847 1.56992
0.2045 0.999999 1.37645 1.37995e-07 0.394847 1.56992
0.2055 0.999999 1.37645 1.37995e-07 0.394846 1.56992
0.2065 0.999999 1.37645 1.37995e-07 0.394846 1.56992
0.2075 0.999999 1.37645 1.37995e-07 0.394845 1.56992
0.2085 0.999999 1.37645 1.37995e-07 0.394845 1.56992
0.2095 0.999999 1.37645 1.37995e-07 0.394844 1.56992
0.2105 0.999999 1.37645 1.37995e-07 0.394844 1.56992
0.2115 0.999999 1.37645 1.37995e-07 0.394844 1.56992
0.2125 0.999999 1.37645 1.37995e-07 0.394843 1.56992
0.2135 0.999999 1.37645 1.37995e-07 0.394843 1.56993
0.2145 0.999999 1.37645 1.37995e-07 0.394842 1.56993
0.2155 0.999999 1.37645 1.37995e-07 0.394842 1.56993
0.2165 0.999999 1.37645 1.37995e-07 0.394842 1.56993
0.2175 0.999999 1.37645 1.37995e-07 0.394841 1.56993
0.2185 0.999999 1.37645 1.37996e-07 0.394841 1.56993
0.2195 0.999999 1.37645 1.37996e-07 0.394841 1.56993
0.2205 0.999999 1.37645 1.37996e-07 0.39484 1.56993
0.2215 0.999999 1.37646 1.37996e-07 0.39484 1.56993
0.2225 0.999999 1.37646 1.37996e-07 0.394839 1.56993
0.2235 0.999999 1.37646 1.37996e-07 0.394839 1.56993
0.2245 0.999999 1.37646 1.37996e-07 0.394839 1.56993
0.2255 0.999999 1.37646 1.37996e-07 0.394838 1.56993
0.2265 0.999999 1.37646 1.37996e-07 0.394838 1.56993
0.2275 0.999999 1.37646 1.37996e-07 0.394838 1.56993
0.2285 0.999999 1.37646 1.37996e-07 0.394837 1.56993
0.2295 0.999999 1.37646 1.37996e-07 0.394837 1.56994
0.2305 0.999999 1.37646 1.37996e-07 0.394837 1.56994
0.2315 0.999999 1.37646 1.37996e-07 0.394837 1.56994
0.2325 0.999999 1.37646 1.37996e-07 0.394836 1.56994
0.2335 0.999999 1.37646 1.37996e-07 0.394836 1.56994
0.2345 0.999999 1.37646 1.37996e-07 0.394836 1.56994
0.2355 0.999999 1.37646 1.37996e-07 0.394835 1.56994
0.2365 0.999999 1.37646 1.37996e-07 0.394835 1.56994
0.2375 0.999999 1.37646 1.37996e-07 0.394835 1.56994
0.2385 0.999999 1.37646 1.37996e-07 0.394835 1.56994
0.2395 0.999999 1.37646 1.37996e-07 0.394834 1.56994
0.2405 0.999999 1.37646 1.37996e-07 0.394834 1.56994
0.2415 0.999999 1.37646 1.37996e-07 0.394834 1.56994
0.2425 0.999999 1.37646 1.37996e-07 0.394834 1.56994
0.2435 0.999999 1.37646 1.37996e-07 0.394833 1.56994
0.2445 0.999999 1.37646 1.37996e-07 0.394833 1.56994
0.2455 0.999999 1.37646 1.37996e-07 0.394833 1.56994
0.2465 0.999999 1.37646 1.37996e-07 0.394833 1.56994
0.2475 0.999999 1.37646 1.37996e-07 0.394832 1.56994
0.2485 0.999999 1.37646 1.37996e-07 0.394832 1.56994
0.2495 0.999999 1.37646 1.37997e-07 0.394832 1.56994
0.2505 0.999999 1.37646 1.37997e-07 0.394832 1.56994
0.2515 0.999999 1.37646 1.37997e-07 0.394832 1.56994
0.2525 0.999999 1.37646 1.37997e-07 0.394831 1.56995
0.2535 0.999999 1.37646 1.37997e-07 0.394831 1.56995
0.2545 0.999999 1.37646 1.37997e-07 0.394831 1.56995
0.2555 0.999999 1.37646 1.37997e-07 0.394831 1.56995
0.2565 0.999999 1.37646 1.37997e-07 0.394831 1.56995
0.2575 0.999999 1.37646 1.37997e-07 0.394831 1.56995
0.2585 0.999999 1.37646 1.37997e-07 0.394832 1.56994
0.2595 0.999999 1.37646 1.37996e-07 0.394832 1.56994
0.2605 1 1.37646 1.37996e-07 0.394833 1.56994
0.2615 1 1.37646 1.37996e-07 0.394834 1.56994
0.2625 1 1.37646 1.37996e-07 0.394836 1.56994
0.2635 1 1.37646 1.37996e-07 0.394838 1.56993
0.2645 1 1.37645 1.37995e-07 0.394842 1.56993
0.2655 1 1.37645 1.37995e-07 0.394846 1.56992
0.2665 1 1.37644 1.37994e-07 0.394853 1.56991
0.2675 1.00001 1.37643 1.37993e-07 0.394861 1.56989
0.2685 1.00001 1.37642 1.37992e-07 0.394872 1.56987
0.2695 1.00001 1.37641 1.37991e-07 0.394887 1.56985
0.2705 1.00002 1.37639 1.37989e-07 0.394906 1.56981
0.2715 1.00002 1.37636 1.37986e-07 0.39493 1.56977
0.2725 1.00003 1.37633 1.37983e-07 0.394962 1.56971
0.2735 1.00003 1.37628 1.37978e-07 0.395003 1.56964
0.2745 1.00004 1.37623 1.37973e-07 0.395054 1.56954
0.2755 1.00005 1.37616 1.37966e-07 0.395119 1.56943
0.2765 1.00007 1.37608 1.37958e-07 0.3952 1.56928
0.2775 1.00008 1.37597 1.37947e-07 0.3953 1.5691
0.2785 1.0001 1.37584 1.37934e-07 0.395424 1.56888
0.2795 1.00012 1.37568 1.37918e-07 0.395575 1.56861
0.2805 1.00015 1.37548 1.37898e-07 0.395759 1.56828
0.2815 1.00018 1.37525 1.37874e-07 0.39598 1.56789
0.2825 1.00022 1.37497 1.37846e-07 0.396245 1.56741
0.2835 1.00026 1.37463 1.37813e-07 0.396559 1.56685
0.2845 1.0003 1.37424 1.37773e-07 0.39693 1.5662
0.2855 1.00036 1.37377 1.37727e-07 0.397365 1.56542
0.2865 1.00041 1.37323 1.37673e-07 0.39787 1.56453
0.2875 1.00048 1.37261 1.3761e-07 0.398453 1.5635
0.2885 1.00055 1.3719 1.37539e-07 0.399122 1.56231
0.2895 1.00062 1.37108 1.37457e-07 0.399885 1.56097
0.2905 1.00071 1.37016 1.37365e-07 0.400748 1.55945
0.2915 1.00079 1.36913 1.37261e-07 0.40172 1.55774
0.2925 1.00089 1.36797 1.37145e-07 0.402805 1.55584
0.2935 1.00098 1.36668 1.37015e-07 0.404011 1.55373
0.2945 1.00109 1.36526 1.36873e-07 0.405343 1.5514
0.2955 1.00119 1.36369 1.36716e-07 0.406805 1.54885
0.2965 1.0013 1.36199 1.36545e-07 0.408401 1.54607
0.2975 1.00141 1.36014 1.3636e-07 0.410135 1.54306
0.2985 1.00153 1.35814 1.3616e-07 0.412008 1.53982
0.2995 1.00164 1.35599 1.35945e-07 0.414021 1.53634
0.3005 1.00176 1.35369 1.35716e-07 0.416175 1.53263
0.3015 1.00188 1.35125 1.35472e-07 0.418469 1.52869
0.3025 1.00199 1.34866 1.35215e-07 0.420901 1.52453
0.3035 1.0021 1.34593 1.34944e-07 0.423468 1.52015
0.3045 1.00221 1.34306 1.34662e-07 0.426168 1.51555
0.3055 1.00232 1.34006 1.3437e-07 0.428995 1.51075
0.3065 1.00242 1.33693 1.34068e-07 0.431945 1.50576
0.3075 1.00252 1.33368 1.33761e-07 0.435013 1.50059
0.3085 1.00262 1.33032 1.3345e-07 0.438192 1.49525
0.3095 1.00271 1.32684 1.33139e-07 0.441476 1.48976
0.3105 1.00279 1.32327 1.32833e-07 0.444857 1.48412
0.3115 1.00287 1.3196 1.32537e-07 0.448329 1.47835
0.3125 1.00293 1.31585 1.32258e-07 0.451883 1.47246
0.3135 1.003 1.31202 1.32002e-07 0.455511 1.46648
0.3145 1.00305 1.30813 1.31779e-07 0.459205 1.46042
0.3155 1.00309 1.30417 1.31597e-07 0.462955 1.45428
0.3165 1.00313 1.30016 1.31467e-07 0.466753 1.44809
0.3175 1.00316 1.29611 1.31399e-07 0.470589 1.44187
0.3185 1.00317 1.29202 1.31403e-07 0.474455 1.43562
0.3195 1.00318 1.28791 1.31492e-07 0.47834 1.42937
0.3205 1.00318 1.28379 1.31676e-07 0.482235 1.42312
0.3215 1.00316 1.27966 1.31964e-07 0.48613 1.41691
0.3225 1.00314 1.27554 1.32364e-07 0.490014 1.41073
0.3235 1.00311 1.27143 1.32882e-07 0.493878 1.40462
0.3245 1.00307 1.26736 1.33524e-07 0.497711 1.39858
0.3255 1.00302 1.26333 1.34291e-07 0.501503 1.39263
0.3265 1.00296 1.25935 1.35181e-07 0.505244 1.38678
0.3275 1.0029 1.25544 1.36191e-07 0.508922 1.38106
0.3285 1.00283 1.25161 1.37314e-07 0.512528 1.37547
0.3295 1.00275 1.24788 1.38541e-07 0.516051 1.37003
0.3305 1.00267 1.24425 1.39859e-07 0.519482 1.36476
0.3315 1.00258 1.24074 1.41254e-07 0.52281 1.35966
0.3325 1.00249 1.23736 1.4271e-07 0.526026 1.35476
0.3335 1.00239 1.23413 1.4421e-07 0.529121 1.35006
0.3345 1.00229 1.23104 1.45737e-07 0.532087 1.34557
0.3355 1.00219 1.22812 1.47272e-07 0.534915 1.3413
0.3365 1.00209 1.22537 1.48798e-07 0.5376 1.33727
0.3375 1.00198 1.22278 1.50298e-07 0.540135 1.33347
0.3385 1.00187 1.22038 1.51758e-07 0.542516 1.32992
0.3395 1.00176 1.21815 1.53165e-07 0.544739 1.32661
0.3405 1.00165 1.21611 1.54506e-07 0.546803 1.32355
0.3415 1.00155 1.21424 1.55772e-07 0.548706 1.32073
0.3425 1.00144 1.21256 1.56957e-07 0.55045 1.31816
0.3435 1.00134 1.21104 1.58056e-07 0.552037 1.31582
0.3445 1.00124 1.20969 1.59065e-07 0.553471 1.31372
0.3455 1.00114 1.20849 1.59985e-07 0.554758 1.31184
0.3465 1.00105 1.20744 1.60815e-07 0.555902 1.31017
0.3475 1.00096 1.20654 1.61559e-07 0.556913 1.30869
0.3485 1.00088 1.20576 1.62219e-07 0.557799 1.30741
0.3495 1.0008 1.2051 1.62801e-07 0.558568 1.30629
0.3505 1.00074 1.20455 1.63309e-07 0.559231 1.30533
0.3515 1.00067 1.20409 1.63749e-07 0.559798 1.30451
0.3525 1.00062 1.20371 1.64129e-07 0.560278 1.30382
0.3535 1.00057 1.20341 1.64452e-07 0.560681 1.30324
0.3545 1.00053 1.20317 1.64727e-07 0.561016 1.30276
0.3555 1.00049 1.20299 1.64958e-07 0.561293 1.30236
0.3565 1.00046 1.20285 1.65151e-07 0.56152 1.30204
0.3575 1.00043 1.20275 1.65311e-07 0.561704 1.30178
0.3585 1.00041 1.20268 1.65443e-07 0.561852 1.30156
0.3595 1.00039 1.20263 1.65552e-07 0.56197 1.3014
0.3605 1.00038 1.20261 1.6564e-07 0.562063 1.30126
0.3615 1.00036 1.20259 1.65712e-07 0.562136 1.30116
0.3625 1.00036 1.2026 1.6577e-07 0.562193 1.30108
0.3635 1.00035 1.2026 1.65816e-07 0.562237 1.30101
0.3645 1.00034 1.20262 1.65853e-07 0.562271 1.30097
0.3655 1.00034 1.20264 1.65883e-07 0.562296 1.30093
0.3665 1.00034 1.20266 1.65907e-07 0.562315 1.3009
0.3675 1.00034 1.20268 1.65926e-07 0.562329 1.30088
0.3685 1.00034 1.20271 1.65941e-07 0.562339 1.30086
0.3695 1.00034 1.20273 1.65953e-07 0.562347 1.30085
0.3705 1.00034 1.20276 1.65963e-07 0.562352 1.30084
0.3715 1.00034 1.20278 1.65971e-07 0.562356 1.30083
0.3725 1.00034 1.2028 1.65978e-07 0.562358 1.30082
0.3735 1.00034 1.20282 1.65984e-07 0.56236 1.30082
0.3745 1.00035 1.20285 1.65988e-07 0.562361 1.30082
0.3755 1.00035 1.20286 1.65992e-07 0.562361 1.30081
0.3765 1.00035 1.20288 1.65996e-07 0.562361 1.30081
0.3775 1.00035 1.2029 1.65999e-07 0.56236 1.3008
0.3785 1.00036 1.20292 1.66002e-07 0.56236 1.3008
0.3795 1.00036 1.20293 1.66004e-07 0.562359 1.3008
0.3805 1.00036 1.20295 1.66006e-07 0.562358 1.3008
0.3815 1.00037 1.20296 1.66008e-07 0.562357 1.30079
0.3825 1.00037 1.20297 1.6601e-07 0.562356 1.30079
0.3835 1.00037 1.20299 1.66012e-07 0.562355 1.30079
0.3845 1.00038 1.203 1.66014e-07 0.562354 1.30078
0.3855 1.00038 1.20301 1.66015e-07 0.562353 1.30078
0.3865 1.00038 1.20302 1.66017e-07 0.562352 1.30078
0.3875 1.00039 1.20303 1.66018e-07 0.562351 1.30077
0.3885 1.00039 1.20304 1.66019e-07 0.562349 1.30077
0.3895 1.00039 1.20305 1.66021e-07 0.562348 1.30077
0.3905 1.0004 1.20306 1.66022e-07 0.562347 1.30077
0.3915 1.0004 1.20306 1.66023e-07 0.562346 1.30076
0.3925 1.0004 1.20307 1.66024e-07 0.562345 1.30076
0.3935 1.00041 1.20308 1.66025e-07 0.562343 1.30076
0.3945 1.00041 1.20308 1.66026e-07 0.562342 1.30075
0.3955 1.00042 1.20309 1.66027e-07 0.562341 1.30075
0.3965 1.00042 1.2031 1.66028e-07 0.56234 1.30075
0.3975 1.00042 1.2031 1.66028e-07 0.562339 1.30075
0.3985 1.00043 1.20311 1.66029e-07 0.562338 1.30074
0.3995 1.00043 1.20311 1.6603e-07 0.562337 1.30074
0.4005 1.00044 1.20312 1.66031e-07 0.562336 1.30074
0.4015 1.00044 1.20312 1.66031e-07 0.562334 1.30074
0.4025 1.00045 1.20313 1.66032e-07 0.562333 1.30073
0.4035 1.00045 1.20313 1.66032e-07 0.562333 1.30073
0.4045 1.00046 1.20314 1.66033e-07 0.562332 1.30073
0.4055 1.00046 1.20314 1.66034e-07 0.562331 1.30073
0.4065 1.00047 1.20314 1.66034e-07 0.56233 1.30072
0.4075 1.00047 1.20315 1.66035e-07 0.562329 1.30072
0.4085 1.00048 1.20315 1.66035e-07 0.562328 1.30072
0.4095 1.00048 1.20315 1.66036e-07 0.562327 1.30072
0.4105 1.00049 1.20316 1.66036e-07 0.562327 1.30072
0.4115 1.00049 1.20316 1.66036e-07 0.562326 1.30071
0.4125 1.0005 1.20316 1.66037e-07 0.562325 1.30071
0.4135 1.00051 1.20317 1.66037e-07 0.562325 1.30071
0.4145 1.00051 1.20317 1.66038e-07 0.562324 1.30071
0.4155 1.00052 1.20317 1.66038e-07 0.562323 1.30071
0.4165 1.00053 1.20317 1.66039e-07 0.562323 1.3007
0.4175 1.00053 1.20318 1.66041e-07 0.562322 1.3007
0.4185 1.00054 1.20318 1.66048e-07 0.562322 1.3007
0.4195 1.00055 1.20318 1.66071e-07 0.562321 1.3007
0.4205 1.00055 1.20318 1.66144e-07 0.56232 1.3007
0.4215 1.00056 1.20318 1.66363e-07 0.56232 1.3007
0.4225 1.00057 1.20319 1.66995e-07 0.562319 1.30069
0.4235 1.00058 1.20319 1.68736e-07 0.562319 1.30069
0.4245 1.00059 1.20319 1.73326e-07 0.562318 1.30069
0.4255 1.0006 1.20319 1.84927e-07 0.562318 1.30069
0.4265 1.0006 1.20319 2.13078e-07 0.562317 1.30069
0.4275 1.00061 1.20319 2.78772e-07 0.562316 1.30069
0.4285 1.00062 1.2032 4.26385e-07 0.562315 1.30069
0.4295 1.00063 1.2032 7.46164e-07 0.562312 1.30069
0.4305 1.00063 1.20319 1.41484e-06 0.562308 1.3007
0.4315 1.00063 1.20319 2.766e-06 0.5623 1.30071
0.4325 1.00061 1.20319 5.407e-06 0.562286 1.30073
0.4335 1.00058 1.20317 1.04054e-05 0.562258 1.30077
0.4345 1.0005 1.20315 1.95738e-05 0.562204 1.30086
0.4355 1.00035 1.20312 3.58878e-05 0.562105 1.30102
0.4365 1.00008 1.20307 6.40722e-05 0.56192 1.30132
0.4375 0.999623 1.20301 0.000111391 0.561584 1.30186
0.4385 0.998857 1.20297 0.000188672 0.560989 1.30282
0.4395 0.997625 1.20297 0.00031158 0.559958 1.30447
0.4405 0.995709 1.20311 0.000502176 0.558225 1.30724
0.4415 0.992839 1.20351 0.000790802 0.555415 1.3117
0.4425 0.988708 1.20432 0.00121837 0.551039 1.31861
0.4435 0.983017 1.20567 0.00183917 0.544548 1.32879
0.4445 0.975526 1.20751 0.00272406 0.535458 1.34297
0.4455 0.966084 1.20944 0.00396357 0.523551 1.36145
0.4465 0.954567 1.21044 0.00566926 0.509094 1.38377
0.4475 0.940746 1.20878 0.00797098 0.49293 1.40861
0.4485 0.924134 1.20216 0.0110079 0.476358 1.4339
0.4495 0.903934 1.18814 0.0149132 0.460784 1.4574
0.4505 0.879169 1.16465 0.019795 0.447344 1.4773
0.4515 0.84892 1.13043 0.025719 0.436655 1.49264
0.4525 0.812588 1.08522 0.0326971 0.428781 1.50337
0.4535 0.770051 1.02969 0.0406831 0.423379 1.51012
0.4545 0.721708 0.965167 0.0495752 0.419894 1.51382
0.4555 0.668408 0.893425 0.0592223 0.417747 1.51544
0.4565 0.611333 0.816453 0.069433 0.416446 1.51576
0.4575 0.551865 0.736325 0.0799861 0.41563 1.51536
0.4585 0.491467 0.655105 0.0906436 0.415064 1.5146
0.4595 0.431591 0.574764 0.101166 0.41461 1.51367
0.4605 0.373588 0.497106 0.111327 0.414192 1.5127
0.4615 0.318644 0.423686 0.120927 0.41377 1.51174
0.4625 0.267718 0.355755 0.129806 0.413327 1.51083
0.4635 0.221512 0.29421 0.137846 0.412854 1.50997
0.4645 0.180457 0.239592 0.144978 0.412347 1.50916
0.4655 0.144721 0.192094 0.151177 0.411807 1.50841
0.4665 0.114236 0.151605 0.156457 0.411233 1.50771
0.4675 0.0887457 0.117766 0.160865 0.410626 1.50706
0.4685 0.0678453 0.0900285 0.164473 0.409987 1.50643
0.4695 0.0510379 0.0677266 0.167367 0.409317 1.50583
0.4705 0.0377784 0.0501334 0.169643 0.408616 1.50525
0.4715 0.0275143 0.0365142 0.171397 0.407884 1.50468
0.4725 0.0197164 0.0261667 0.17272 0.407121 1.50412
0.4735 0.0139011 0.0184494 0.173697 0.406328 1.50355
0.4745 0.00964339 0.0127985 0.174401 0.405503 1.50298
0.4755 0.0065823 0.00873558 0.174896 0.404646 1.50239
0.4765 0.0044209 0.00586667 0.175232 0.403757 1.5018
0.4775 0.00292182 0.00387689 0.175451 0.402835 1.50118
0.4785 0.00190037 0.00252114 0.175585 0.401878 1.50055
0.4795 0.0012165 0.00161354 0.175658 0.400887 1.49989
0.4805 0.000766543 0.00101646 0.175689 0.399859 1.49922
0.4815 0.000475555 0.000630398 0.175691 0.398794 1.49852
0.4825 0.000290561 0.000385022 0.175672 0.397692 1.49779
0.4835 0.000174929 0.00023169 0.175639 0.39655 1.49704
0.4845 0.000103854 0.000137474 0.175597 0.395368 1.49627
0.4855 6.08862e-05 8.05383e-05 0.175548 0.394145 1.49546
0.4865 3.53351e-05 4.66952e-05 0.175493 0.392881 1.49463
0.4875 2.03865e-05 2.69047e-05 0.175435 0.391573 1.49377
0.4885 1.1781e-05 1.55174e-05 0.175374 0.390222 1.49289
0.4895 6.90563e-06 9.06945e-06 0.17531 0.388828 1.49197
0.4905 4.18693e-06 5.47575e-06 0.175244 0.387388 1.49102
0.4915 2.69447e-06 3.50397e-06 0.175175 0.385904 1.49005
0.4925 1.88779e-06 2.4387e-06 0.175104 0.384375 1.48904
0.4935 1.45843e-06 1.87185e-06 0.175032 0.382802 1.48801
0.4945 1.23335e-06 1.57465e-06 0.174957 0.381185 1.48695
0.4955 1.11713e-06 1.42103e-06 0.174879 0.379524 1.48586
0.4965 1.058e-06 1.34265e-06 0.174801 0.377822 1.48474
0.4975 1.02836e-06 1.3031e-06 0.17472 0.376078 1.4836
0.4985 1.01372e-06 1.28327e-06 0.174637 0.374297 1.48243
0.4995 1.00659e-06 1.2733e-06 0.174553 0.372479 1.48124
0.5005 1.00317e-06 1.26819e-06 0.174467 0.370628 1.48003
0.5015 1.00155e-06 1.26544e-06 0.17438 0.368748 1.47879
0.5025 1.00079e-06 1.26381e-06 0.174291 0.366841 1.47755
0.5035 1.00044e-06 1.26271e-06 0.174202 0.364914 1.47629
0.5045 1.00029e-06 1.26185e-06 0.174112 0.36297 1.47502
0.5055 1.00022e-06 1.2611e-06 0.174022 0.361016 1.47374
0.5065 1.00019e-06 1.2604e-06 0.173931 0.359057 1.47246
0.5075 1.00017e-06 1.25973e-06 0.17384 0.3571 1.47118
0.5085 1.00017e-06 1.25907e-06 0.17375 0.355152 1.46991
0.5095 1.00016e-06 1.25842e-06 0.173661 0.353219 1.46866
0.5105 1.00016e-06 1.25778e-06 0.173573 0.35131 1.46741
0.5115 1.00016e-06 1.25715e-06 0.173486 0.349432 1.46619
0.5125 1.00016e-06 1.25653e-06 0.173401 0.347592 1.46499
0.5135 1.00016e-06 1.25593e-06 0.173318 0.345797 1.46383
0.5145 1.00016e-06 1.25535e-06 0.173238 0.344054 1.4627
0.5155 1.00016e-06 1.25478e-06 0.17316 0.342369 1.4616
0.5165 1.00016e-06 1.25424e-06 0.173085 0.340749 1.46055
0.5175 1.00016e-06 1.25372e-06 0.173014 0.339198 1.45955
0.5185 1.00016e-06 1.25323e-06 0.172945 0.337721 1.45859
0.5195 1.00016e-06 1.25276e-06 0.172881 0.336322 1.45769
0.5205 1.00016e-06 1.25232e-06 0.17282 0.335004 1.45683
0.5215 1.00016e-06 1.25191e-06 0.172763 0.333767 1.45603
0.5225 1.00016e-06 1.25152e-06 0.17271 0.332614 1.45529
0.5235 1.00016e-06 1.25116e-06 0.17266 0.331544 1.4546
0.5245 1.00016e-06 1.25083e-06 0.172615 0.330557 1.45396
0.5255 1.00016e-06 1.25053e-06 0.172573 0.32965 1.45338
0.5265 1.00016e-06 1.25025e-06 0.172535 0.328822 1.45284
0.5275 1.00017e-06 1.25e-06 0.1725 0.32807 1.45236
0.5285 1.00017e-06 1.24977e-06 0.172469 0.32739 1.45192
0.5295 1.00017e-06 1.24957e-06 0.17244 0.326778 1.45153
0.5305 1.00017e-06 1.24939e-06 0.172415 0.326231 1.45118
0.5315 1.00017e-06 1.24922e-06 0.172393 0.325744 1.45086
0.5325 1.00017e-06 1.24908e-06 0.172373 0.325313 1.45059
0.5335 1.00017e-06 1.24895e-06 0.172355 0.324933 1.45034
0.5345 1.00017e-06 1.24884e-06 0.172339 0.324599 1.45013
0.5355 1.00017e-06 1.24874e-06 0.172326 0.324308 1.44994
0.5365 1.00017e-06 1.24865e-06 0.172314 0.324055 1.44978
0.5375 1.00017e-06 1.24858e-06 0.172304 0.323835 1.44964
0.5385 1.00017e-06 1.24852e-06 0.172295 0.323647 1.44952
0.5395 1.00017e-06 1.24846e-06 0.172288 0.323485 1.44942
0.5405 1.00017e-06 1.24841e-06 0.172281 0.323347 1.44933
0.5415 1.00017e-06 1.24837e-06 0.172276 0.323229 1.44926
0.5425 1.00017e-06 1.24834e-06 0.172271 0.323129 1.44919
0.5435 1.00017e-06 1.24831e-06 0.172267 0.323045 1.44914
0.5445 1.00017e-06 1.24829e-06 0.172264 0.322974 1.4491
0.5455 1.00017e-06 1.24827e-06 0.172261 0.322915 1.44906
0.5465 1.00017e-06 1.24825e-06 0.172258 0.322865 1.44903
0.5475 1.00017e-06 1.24824e-06 0.172256 0.322824 1.44901
0.5485 1.00017e-06 1.24822e-06 0.172255 0.32279 1.44899
0.5495 1.00017e-06 1.24821e-06 0.172253 0.322761 1.44897
0.5505 1.00017e-06 1.2482e-06 0.172252 0.322737 1.44895
0.5515 1.00017e-06 1.2482e-06 0.172251 0.322718 1.44894
0.5525 1.00017e-06 1.24819e-06 0.17225 0.322702 1.44894
0.5535 1.00017e-06 1.24818e-06 0.172249 0.322688 1.44893
0.5545 1.00017e-06 1.24818e-06 0.172249 0.322677 1.44892
0.5555 1.00017e-06 1.24818e-06 0.172248 0.322668 1.44892
0.5565 1.00017e-06 1.24817e-06 0.172248 0.322661 1.44891
0.5575 1.00017e-06 1.24817e-06 0.172247 0.322654 1.44891
0.5585 1.00017e-06 1.24816e-06 0.172247 0.322649 1.44891
0.5595 1.00017e-06 1.24816e-06 0.172246 0.322644 1.44891
0.5605 1.00017e-06 1.24816e-06 0.172246 0.32264 1.44891
0.5615 1.00017e-06 1.24816e-06 0.172245 0.322637 1.44891
0.5625 1.00017e-06 1.24815e-06 0.172245 0.322634 1.44891
0.5635 1.00017e-06 1.24815e-06 0.172245 0.322632 1.44891
0.5645 1.00017e-06 1.24815e-06 0.172244 0.322629 1.44891
0.5655 1.00017e-06 1.24815e-06 0.172244 0.322627 1.44891
0.5665 1.00017e-06 1.24814e-06 0.172244 0.322626 1.44891
0.5675 1.00018e-06 1.24814e-06 0.172243 0.322624 1.44891
0.5685 1.00018e-06 1.24814e-06 0.172243 0.322622 1.44891
0.5695 1.00018e-06 1.24814e-06 0.172243 0.322621 1.44891
0.5705 1.00018e-06 1.24814e-06 0.172242 0.322619 1.44891
0.5715 1.00018e-06 1.24813e-06 0.172242 0.322618 1.44891
0.5725 1.00018e-06 1.24813e-06 0.172242 0.322616 1.44891
0.5735 1.00018e-06 1.24813e-06 0.172242 0.322615 1.44891
0.5745 1.00018e-06 1.24813e-06 0.172242 0.322614 1.44891
0.5755 1.00018e-06 1.24813e-06 0.172242 0.322612 1.44891
0.5765 1.00018e-06 1.24813e-06 0.172241 0.322611 1.44891
0.5775 1.00018e-06 1.24813e-06 0.172241 0.32261 1.44891
0.5785 1.00018e-06 1.24812e-06 0.172241 0.322609 1.44891
0.5795 1.00018e-06 1.24812e-06 0.172241 0.322608 1.44891
0.5805 1.00018e-06 1.24812e-06 0.172241 0.322606 1.44891
0.5815 1.00018e-06 1.24812e-06 0.17224 0.322605 1.44891
0.5825 1.00018e-06 1.24812e-06 0.17224 0.322604 1.44891
0.5835 1.00018e-06 1.24812e-06 0.17224 0.322603 1.44891
0.5845 1.00018e-06 1.24811e-06 0.17224 0.322602 1.44891
0.5855 1.00018e-06 1.24811e-06 0.172239 0.3226 1.44891
0.5865 1.00018e-06 1.24811e-06 0.172239 0.322599 1.44891
0.5875 1.00018e-06 1.24811e-06 0.172239 0.322598 1.44891
0.5885 1.00019e-06 1.24811e-06 0.172239 0.322597 1.44891
0.5895 1.00019e-06 1.2481e-06 0.172238 0.322596 1.44891
0.5905 1.00019e-06 1.2481e-06 0.172238 0.322595 1.44892
0.5915 1.00019e-06 1.2481e-06 0.172238 0.322593 1.44892
0.5925 1.00019e-06 1.2481e-06 0.172237 0.322592 1.44892
0.5935 1.00019e-06 1.24809e-06 0.172237 0.322591 1.44892
0.5945 1.00019e-06 1.24809e-06 0.172237 0.32259 1.44892
0.5955 1.00019e-06 1.24809e-06 0.172236 0.322589 1.44892
0.5965 1.00019e-06 1.24809e-06 0.172236 0.322588 1.44892
0.5975 1.00019e-06 1.24808e-06 0.172235 0.322586 1.44892
0.5985 1.00019e-06 1.24808e-06 0.172235 0.322585 1.44892
0.5995 1.0002e-06 1.24808e-06 0.172235 0.322584 1.44892
0.6005 1.01221e-06 1.26443e-06 0.172234 0.322583 1.44892
0.6015 1.23962e-06 1.57182e-06 0.172234 0.322582 1.44892
0.6025 3.38309e-06 4.44983e-06 0.172233 0.322581 1.44892
0.6035 1.67962e-05 2.23503e-05 0.172231 0.32258 1.44892
0.6045 7.94867e-05 0.000105554 0.17222 0.322579 1.44892
0.6055 0.000312922 0.000413842 0.172178 0.322578 1.44892
0.6065 0.00103428 0.00136231 0.172052 0.322577 1.44892
0.6075 0.00293703 0.00385442 0.17172 0.322575 1.44892
0.6085 0.00731044 0.00956319 0.170961 0.322574 1.44892
0.6095 0.0162086 0.021145 0.169423 0.322573 1.44892
0.6105 0.0324347 0.0422148 0.16663 0.322572 1.44892
0.6115 0.0592217 0.0769322 0.16203 0.322571 1.44892
0.6125 0.0995885 0.129176 0.155114 0.32257 1.44892
0.6135 0.155505 0.201476 0.145546 0.322569 1.44892
0.6145 0.227128 0.294039 0.133301 0.322568 1.44892
0.6155 0.312389 0.404226 0.118725 0.322567 1.44892
0.6165 0.407142 0.52673 0.102519 0.322566 1.44893
0.6175 0.505827 0.654429 0.0856218 0.322565 1.44893
0.6185 0.602482 0.77967 0.0690436 0.322564 1.44893
0.6195 0.691783 0.895588 0.0536915 0.322563 1.44893
0.6205 0.769826 0.997121 0.040236 0.322562 1.44893
0.6215 0.834499 1.08149 0.0290467 0.322561 1.44893
0.6225 0.885434 1.14816 0.0201984 0.32256 1.44893
0.6235 0.923637 1.19835 0.0135314 0.322559 1.44894
0.6245 0.950974 1.23443 0.00873578 0.322558 1.44894
0.6255 0.969669 1.25924 0.00543721 0.322557 1.44894
0.6265 0.981907 1.27558 0.00326425 0.322556 1.44894
0.6275 0.989586 1.28592 0.00189132 0.322555 1.44894
0.6285 0.994211 1.29221 0.00105822 0.322554 1.44894
0.6295 0.996888 1.29589 0.000572127 0.322554 1.44895
0.6305 0.998378 1.29799 0.000299092 0.322553 1.44895
0.6315 0.999177 1.29914 0.0001513 0.322552 1.44895
0.6325 0.999589 1.29977 7.41315e-05 0.322551 1.44895
0.6335 0.999794 1.30011 3.52279e-05 0.32255 1.44895
0.6345 0.999893 1.3003 1.62756e-05 0.322549 1.44895
0.6355 0.999939 1.30041 7.34644e-06 0.322548 1.44896
0.6365 0.999959 1.30048 3.27499e-06 0.322548 1.44896
0.6375 0.999967 1.30053 1.47703e-06 0.322547 1.44896
0.6385 0.99997 1.30057 7.07571e-07 0.322546 1.44896
0.6395 0.999972 1.30061 3.88256e-07 0.322545 1.44896
0.6405 0.999972 1.30064 2.59692e-07 0.322545 1.44897
0.6415 0.999972 1.30067 2.09445e-07 0.322544 1.44897
0.6425 0.999972 1.3007 1.90374e-07 0.322544 1.44897
0.6435 0.999971 1.30072 1.83343e-07 0.322543 1.44897
0.6445 0.999971 1.30075 1.80824e-07 0.322543 1.44897
0.6455 0.999971 1.30077 1.79949e-07 0.322543 1.44898
0.6465 0.999971 1.30079 1.79654e-07 0.322542 1.44898
0.6475 0.999971 1.30081 1.79558e-07 0.322542 1.44898
0.6485 0.999971 1.30083 1.79529e-07 0.322542 1.44898
0.6495 0.999971 1.30085 1.79522e-07 0.322541 1.44898
0.6505 0.999971 1.30087 1.79521e-07 0.322541 1.44898
0.6515 0.999971 1.30089 1.79523e-07 0.32254 1.44898
0.6525 0.999971 1.3009 1.79524e-07 0.322537 1.44898
0.6535 0.999971 1.30091 1.79526e-07 0.322533 1.44898
0.6545 0.999971 1.30092 1.79527e-07 0.322525 1.44897
0.6555 0.999971 1.30092 1.79527e-07 0.322512 1.44895
0.6565 0.999971 1.30091 1.79526e-07 0.322489 1.44891
0.6575 0.999971 1.30089 1.79523e-07 0.322451 1.44885
0.6585 0.999971 1.30084 1.79516e-07 0.322387 1.44875
0.6595 0.999971 1.30074 1.79503e-07 0.322285 1.44858
0.6605 0.999971 1.30059 1.79481e-07 0.32212 1.44832
0.6615 0.999971 1.30033 1.79446e-07 0.321861 1.4479
0.6625 0.999971 1.29992 1.79389e-07 0.321457 1.44724
0.6635 0.999971 1.29928 1.79301e-07 0.320836 1.44624
0.6645 0.999971 1.29831 1.79167e-07 0.319893 1.44471
0.6655 0.999971 1.29685 1.78966e-07 0.318483 1.44243
0.6665 0.999972 1.2947 1.78669e-07 0.316398 1.43906
0.6675 0.999973 1.29156 1.78235e-07 0.313359 1.43416
0.6685 0.999976 1.28705 1.77614e-07 0.308993 1.42714
0.6695 0.999981 1.2807 1.76737e-07 0.302818 1.41726
0.6705 0.99999 1.27193 1.75526e-07 0.294245 1.40364
0.6715 1.00001 1.26009 1.73893e-07 0.282598 1.38532
0.6725 1.00003 1.24459 1.71753e-07 0.26719 1.36139
0.6735 1.00007 1.22498 1.69048e-07 0.247471 1.33128
0.6745 1.00011 1.20128 1.65777e-07 0.22325 1.29509
0.6755 1.00016 1.17411 1.62027e-07 0.19497 1.25392
0.6765 1.0002 1.14487 1.57992e-07 0.163893 1.21001
0.6775 1.00021 1.11554 1.53945e-07 0.132042 1.16643
0.6785 1.00018 1.08824 1.50178e-07 0.101779 1.12632
0.6795 1.00014 1.06467 1.46924e-07 0.075159 1.09205
0.6805 1.00009 1.04567 1.44303e-07 0.0533893 1.0647
0.6815 1.00005 1.03126 1.42314e-07 0.0366935 1.04412
0.6825 1.00003 1.02085 1.40878e-07 0.0245498 1.02936
0.6835 1.00001 1.01363 1.39881e-07 0.0160774 1.01915
0.6845 1.00001 1.00876 1.3921e-07 0.0103511 1.0123
0.6855 1 1.00556 1.38767e-07 0.00657258 1.0078
0.6865 1 1.00349 1.38481e-07 0.0041249 1.00489
0.6875 0.999999 1.00217 1.38299e-07 0.0025623 1.00303
0.6885 0.999999 1.00133 1.38184e-07 0.00157677 1.00187
0.6895 0.999999 1.00081 1.38112e-07 0.000961727 1.00114
0.6905 0.999999 1.00049 1.38068e-07 0.000581585 1.00069
0.6915 0.999999 1.00029 1.38041e-07 0.000348761 1.00041
0.6925 0.999999 1.00017 1.38024e-07 0.000207416 1.00025
0.6935 0.999999 1.0001 1.38014e-07 0.000122348 1.00014
0.6945 0.999999 1.00006 1.38008e-07 7.15875e-05 1.00008
0.6955 0.999999 1.00003 1.38005e-07 4.15542e-05 1.00005
0.6965 0.999999 1.00002 1.38003e-07 2.39335e-05 1.00003
0.6975 0.999999 1.00001 1.38002e-07 1.36808e-05 1.00002
0.6985 0.999999 1.00001 1.38001e-07 7.76341e-06 1.00001
0.6995 0.999999 1 1.38001e-07 4.37509e-06 1.00001
0.7005 0.999999 1 1.38e-07 2.44965e-06 1
0.7015 0.999999 1 1.38e-07 1.3634e-06 1
0.7025 0.999999 1 1.38e-07 7.54756e-07 1
0.7035 0.999999 0.999999 1.38e-07 4.15857e-07 1
0.7045 0.999999 0.999999 1.38e-07 2.28224e-07 1
0.7055 0.999999 0.999999 1.38e-07 1.24857e-07 1
0.7065 0.999999 0.999999 1.38e-07 6.81517e-08 1
0.7075 0.999999 0.999999 1.38e-07 3.71482e-08 1
0.7085 0.999999 0.999999 1.38e-07 2.02388e-08 1
0.7095 0.999999 0.999999 1.38e-07 1.10304e-08 1
0.7105 0.999999 0.999999 1.38e-07 6.01849e-09 1
0.7115 0.999999 0.999999 1.38e-07 3.28979e-09 1
0.7125 0.999999 0.999999 1.38e-07 1.80242e-09 1
0.7135 0.999999 0.999999 1.38e-07 9.90157e-10 1
0.7145 0.999999 0.999999 1.38e-07 5.45483e-10 1
0.7155 0.999999 0.999999 1.38e-07 3.01357e-10 1
0.7165 0.999999 0.999999 1.38e-07 1.66927e-10 1
0.7175 0.999999 0.999999 1.38e-07 9.26779e-11 1
0.7185 0.999999 0.999999 1.38e-07 5.15522e-11 1
0.7195 0.999999 0.999999 1.38e-07 2.87158e-11 1
0.7205 0.999999 0.999999 1.38e-07 1.60092e-11 1
0.7215 0.999999 0.999999 1.38e-07 8.92799e-12 1
0.7225 0.999999 0.999999 1.38e-07 4.97792e-12 1
0.7235 0.999999 0.999999 1.38e-07 2.77355e-12 1
0.7245 0.999999 0.999999 1.38e-07 1.5437e-12 1
0.7255 0.999999 0.999999 1.38e-07 8.57733e-13 1
0.7265 0.999999 0.999999 1.38e-07 4.75556e-13 1
0.7275 0.999999 0.999999 1.38e-07 2.63061e-13 1
0.7285 0.999999 0.999999 1.38e-07 1.45094e-13 1
0.7295 0.999999 0.999999 1.38e-07 7.98029e-14 1
0.7305 0.999999 0.999999 1.38e-07 4.36736e-14 1
0.7315 0.999999 0.999999 1.38e-07 2.37922e-14 1
0.7325 0.999999 0.999999 1.38e-07 1.30241e-14 1
0.7335 0.999999 0.999999 1.38e-07 6.93894e-15 1
0.7345 0.999999 0.999999 1.38e-07 3.58519e-15 1
0.7355 0.999999 0.999999 1.38e-07 1.83094e-15 1
0.7365 0.999999 0.999999 1.38e-07 9.12031e-16 1
0.7375 0.999999 0.999999 1.38e-07 3.38407e-16 1
0.7385 0.999999 0.999999 1.38e-07 4.8451e-17 1
0.7395 0.999999 0.999999 1.38e-07 0 1
0.7405 0.999999 0.999999 1.38e-07 0 1
0.7415 0.999999 0.999999 1.38e-07 0 1
0.7425 0.999999 0.999999 1.38e-07 0 1
0.7435 0.999999 0.999999 1.38e-07 0 1
0.7445 0.999999 0.999999 1.38e-07 0 1
0.7455 0.999999 0.999999 1.38e-07 0 1
0.7465 0.999999 0.999999 1.38e-07 0 1
0.7475 0.999999 0.999999 1.38e-07 0 1
0.7485 0.999999 0.999999 1.38e-07 0 1
0.7495 0.999999 0.999999 1.38e-07 0 1
0.7505 0.999999 0.999999 1.38e-07 0 1
0.7515 0.999999 0.999999 1.38e-07 0 1
0.7525 0.999999 0.999999 1.38e-07 0 1
0.7535 0.999999 0.999999 1.38e-07 0 1
0.7545 0.999999 0.999999 1.38e-07 0 1
0.7555 0.999999 0.999999 1.38e-07 0 1
0.7565 0.999999 0.999999 1.38e-07 0 1
0.7575 0.999999 0.999999 1.38e-07 0 1
0.7585 0.999999 0.999999 1.38e-07 0 1
0.7595 0.999999 0.999999 1.38e-07 0 1
0.7605 0.999999 0.999999 1.38e-07 0 1
0.7615 0.999999 0.999999 1.38e-07 0 1
0.7625 0.999999 0.999999 1.38e-07 0 1
0.7635 0.999999 0.999999 1.38e-07 0 1
0.7645 0.999999 0.999999 1.38e-07 0 1
0.7655 0.999999 0.999999 1.38e-07 0 1
0.7665 0.999999 0.999999 1.38e-07 0 1
0.7675 0.999999 0.999999 1.38e-07 0 1
0.7685 0.999999 0.999999 1.38e-07 0 1
0.7695 0.999999 0.999999 1.38e-07 0 1
0.7705 0.999999 0.999999 1.38e-07 0 1
0.7715 0.999999 0.999999 1.38e-07 0 1
0.7725 0.999999 0.999999 1.38e-07 0 1
0.7735 0.999999 0.999999 1.38e-07 0 1
0.7745 0.999999 0.999999 1.38e-07 0 1
0.7755 0.999999 0.999999 1.38e-07 0 1
0.7765 0.999999 0.999999 1.38e-07 0 1
0.7775 0.999999 0.999999 1.38e-07 0 1
0.7785 0.999999 0.999999 1.38e-07 0 1
0.7795 0.999999 0.999999 1.38e-07 0 1
0.7805 0.999999 0.999999 1.38e-07 0 1
0.7815 0.999999 0.999999 1.38e-07 0 1
0.7825 0.999999 0.999999 1.38e-07 0 1
0.7835 0.999999 0.999999 1.38e-07 0 1
0.7845 0.999999 0.999999 1.38e-07 0 1
0.7855 0.999999 0.999999 1.38e-07 0 1
0.7865 0.999999 0.999999 1.38e-07 0 1
0.7875 0.999999 0.999999 1.38e-07 0 1
0.7885 0.999999 0.999999 1.38e-07 0 1
0.7895 0.999999 0.999999 1.38e-07 0 1
0.7905 0.999999 0.999999 1.38e-07 0 1
0.7915 0.999999 0.999999 1.38e-07 0 1
0.7925 0.999999 0.999999 1.38e-07 0 1
0.7935 0.999999 0.999999 1.38e-07 0 1
0.7945 0.999999 0.999999 1.38e-07 0 1
0.7955 0.999999 0.999999 1.38e-07 0 1
0.7965 0.999999 0.999999 1.38e-07 0 1
0.7975 0.999999 0.999999 1.38e-07 0 1
0.7985 0.999999 0.999999 1.38e-07 0 1
0.7995 0.999999 0.999999 1.38e-07 0 1
0.8005 0.999999 0.999999 1.38e-07 0 1
0.8015 0.999999 0.999999 1.38e-07 0 1
0.8025 0.999999 0.999999 1.38e-07 0 1
0.8035 0.999999 0.999999 1.38e-07 0 1
0.8045 0.999999 0.999999 1.38e-07 0 1
0.8055 0.999999 0.999999 1.38e-07 0 1
0.8065 0.999999 0.999999 1.38e-07 0 1
0.8075 0.999999 0.999999 1.38e-07 0 1
0.8085 0.999999 0.999999 1.38e-07 0 1
0.8095 0.999999 0.999999 1.38e-07 0 1
0.8105 0.999999 0.999999 1.38e-07 0 1
0.8115 0.999999 0.999999 1.38e-07 0 1
0.8125 0.999999 0.999999 1.38e-07 0 1
0.8135 0.999999 0.999999 1.38e-07 0 1
0.8145 0.999999 0.999999 1.38e-07 0 1
0.8155 0.999999 0.999999 1.38e-07 0 1
0.8165 0.999999 0.999999 1.38e-07 0 1
0.8175 0.999999 0.999999 1.38e-07 0 1
0.8185 0.999999 0.999999 1.38e-07 0 1
0.8195 0.999999 0.999999 1.38e-07 0 1
0.8205 0.999999 0.999999 1.38e-07 0 1
0.8215 0.999999 0.999999 1.38e-07 0 1
0.8225 0.999999 0.999999 1.38e-07 0 1
0.8235 0.999999 0.999999 1.38e-07 0 1
0.8245 0.999999 0.999999 1.38e-07 0 1
0.8255 0.999999 0.999999 1.38e-07 0 1
0.8265 0.999999 0.999999 1.38e-07 0 1
0.8275 0.999999 0.999999 1.38e-07 0 1
0.8285 0.999999 0.999999 1.38e-07 0 1
0.8295 0.999999 0.999999 1.38e-07 0 1
0.8305 0.999999 0.999999 1.38e-07 0 1
0.8315 0.999999 0.999999 1.38e-07 0 1
0.8325 0.999999 0.999999 1.38e-07 0 1
0.8335 0.999999 0.999999 1.38e-07 0 1
0.8345 0.999999 0.999999 1.38e-07 0 1
0.8355 0.999999 0.999999 1.38e-07 0 1
0.8365 0.999999 0.999999 1.38e-07 0 1
0.8375 0.999999 0.999999 1.38e-07 0 1
0.8385 0.999999 0.999999 1.38e-07 0 1
0.8395 0.999999 0.999999 1.38e-07 0 1
0.8405 0.999999 0.999999 1.38e-07 0 1
0.8415 0.999999 0.999999 1.38e-07 0 1
0.8425 0.999999 0.999999 1.38e-07 0 1
0.8435 0.999999 0.999999 1.38e-07 0 1
0.8445 0.999999 0.999999 1.38e-07 0 1
0.8455 0.999999 0.999999 1.38e-07 0 1
0.8465 0.999999 0.999999 1.38e-07 0 1
0.8475 0.999999 0.999999 1.38e-07 0 1
0.8485 0.999999 0.999999 1.38e-07 0 1
0.8495 0.999999 0.999999 1.38e-07 0 1
0.8505 0.999999 0.999999 1.38e-07 0 1
0.8515 0.999999 0.999999 1.38e-07 0 1
0.8525 0.999999 0.999999 1.38e-07 0 1
0.8535 0.999999 0.999999 1.38e-07 0 1
0.8545 0.999999 0.999999 1.38e-07 0 1
0.8555 0.999999 0.999999 1.38e-07 0 1
0.8565 0.999999 0.999999 1.38e-07 0 1
0.8575 0.999999 0.999999 1.38e-07 0 1
0.8585 0.999999 0.999999 1.38e-07 0 1
0.8595 0.999999 0.999999 1.38e-07 0 1
0.8605 0.999999 0.999999 1.38e-07 0 1
0.8615 0.999999 0.999999 1.38e-07 0 1
0.8625 0.999999 0.999999 1.38e-07 0 1
0.8635 0.999999 0.999999 1.38e-07 0 1
0.8645 0.999999 0.999999 1.38e-07 0 1
0.8655 0.999999 0.999999 1.38e-07 0 1
0.8665 0.999999 0.999999 1.38e-07 0 1
0.8675 0.999999 0.999999 1.38e-07 0 1
0.8685 0.999999 0.999999 1.38e-07 0 1
0.8695 0.999999 0.999999 1.38e-07 0 1
0.8705 0.999999 0.999999 1.38e-07 0 1
0.8715 0.999999 0.999999 1.38e-07 0 1
0.8725 0.999999 0.999999 1.38e-07 0 1
0.8735 0.999999 0.999999 1.38e-07 0 1
0.8745 0.999999 0.999999 1.38e-07 0 1
0.8755 0.999999 0.999999 1.38e-07 0 1
0.8765 0.999999 0.999999 1.38e-07 0 1
0.8775 0.999999 0.999999 1.38e-07 0 1
0.8785 0.999999 0.999999 1.38e-07 0 1
0.8795 0.999999 0.999999 1.38e-07 0 1
0.8805 0.999999 0.999999 1.38e-07 0 1
0.8815 0.999999 0.999999 1.38e-07 0 1
0.8825 0.999999 0.999999 1.38e-07 0 1
0.8835 0.999999 0.999999 1.38e-07 0 1
0.8845 0.999999 0.999999 1.38e-07 0 1
0.8855 0.999999 0.999999 1.38e-07 0 1
0.8865 0.999999 0.999999 1.38e-07 0 1
0.8875 0.999999 0.999999 1.38e-07 0 1
0.8885 0.999999 0.999999 1.38e-07 0 1
0.8895 0.999999 0.999999 1.38e-07 0 1
0.8905 0.999999 0.999999 1.38e-07 0 1
0.8915 0.999999 0.999999 1.38e-07 0 1
0.8925 0.999999 0.999999 1.38e-07 0 1
0.8935 0.999999 0.999999 1.38e-07 0 1
0.8945 0.999999 0.999999 1.38e-07 0 1
0.8955 0.999999 0.999999 1.38e-07 0 1
0.8965 0.999999 0.999999 1.38e-07 0 1
0.8975 0.999999 0.999999 1.38e-07 0 1
0.8985 0.999999 0.999999 1.38e-07 0 1
0.8995 0.999999 0.999999 1.38e-07 0 1
0.9005 0.999999 0.999999 1.38e-07 0 1
0.9015 0.999999 0.999999 1.38e-07 0 1
0.9025 0.999999 0.999999 1.38e-07 0 1
0.9035 0.999999 0.999999 1.38e-07 0 1
0.9045 0.999999 0.999999 1.38e-07 0 1
0.9055 0.999999 0.999999 1.38e-07 0 1
0.9065 0.999999 0.999999 1.38e-07 0 1
0.9075 0.999999 0.999999 1.38e-07 0 1
0.9085 0.999999 0.999999 1.38e-07 0 1
0.9095 0.999999 0.999999 1.38e-07 0 1
0.9105 0.999999 0.999999 1.38e-07 0 1
0.9115 0.999999 0.999999 1.38e-07 0 1
0.9125 0.999999 0.999999 1.38e-07 0 1
0.9135 0.999999 0.999999 1.38e-07 0 1
0.9145 0.999999 0.999999 1.38e-07 0 1
0.9155 0.999999 0.999999 1.38e-07 0 1
0.9165 0.999999 0.999999 1.38e-07 0 1
0.9175 0.999999 0.999999 1.38e-07 0 1
0.9185 0.999999 0.999999 1.38e-07 0 1
0.9195 0.999999 0.999999 1.38e-07 0 1
0.9205 0.999999 0.999999 1.38e-07 0 1
0.9215 0.999999 0.999999 1.38e-07 0 1
0.9225 0.999999 0.999999 1.38e-07 0 1
0.9235 0.999999 0.999999 1.38e-07 0 1
0.9245 0.999999 0.999999 1.38e-07 0 1
0.9255 0.999999 0.999999 1.38e-07 0 1
0.9265 0.999999 0.999999 1.38e-07 0 1
0.9275 0.999999 0.999999 1.38e-07 0 1
0.9285 0.999999 0.999999 1.38e-07 0 1
0.9295 0.999999 0.999999 1.38e-07 0 1
0.9305 0.999999 0.999999 1.38e-07 0 1
0.9315 0.999999 0.999999 1.38e-07 0 1
0.9325 0.999999 0.999999 1.38e-07 0 1
0.9335 0.999999 0.999999 1.38e-07 0 1
0.9345 0.999999 0.999999 1.38e-07 0 1
0.9355 0.999999 0.999999 1.38e-07 0 1
0.9365 0.999999 0.999999 1.38e-07 0 1
0.9375 0.999999 0.999999 1.38e-07 0 1
0.9385 0.999999 0.999999 1.38e-07 0 1
0.9395 0.999999 0.999999 1.38e-07 0 1
0.9405 0.999999 0.999999 1.38e-07 0 1
0.9415 0.999999 0.999999 1.38e-07 0 1
0.9425 0.999999 0.999999 1.38e-07 0 1
0.9435 0.999999 0.999999 1.38e-07 0 1
0.9445 0.999999 0.999999 1.38e-07 0 1
0.9455 0.999999 0.999999 1.38e-07 0 1
0.9465 0.999999 0.999999 1.38e-07 0 1
0.9475 0.999999 0.999999 1.38e-07 0 1
0.9485 0.999999 0.999999 1.38e-07 0 1
0.9495 0.999999 0.999999 1.38e-07 0 1
0.9505 0.999999 0.999999 1.38e-07 0 1
0.9515 0.999999 0.999999 1.38e-07 0 1
0.9525 0.999999 0.999999 1.38e-07 0 1
0.9535 0.999999 0.999999 1.38e-07 0 1
0.9545 0.999999 0.999999 1.38e-07 0 1
0.9555 0.999999 0.999999 1.38e-07 0 1
0.9565 0.999999 0.999999 1.38e-07 0 1
0.9575 0.999999 0.999999 1.38e-07 0 1
0.9585 0.999999 0.999999 1.38e-07 0 1
0.9595 0.999999 0.999999 1.38e-07 0 1
0.9605 0.999999 0.999999 1.38e-07 0 1
0.9615 0.999999 0.999999 1.38e-07 0 1
0.9625 0.999999 0.999999 1.38e-07 0 1
0.9635 0.999999 0.999999 1.38e-07 0 1
0.9645 0.999999 0.999999 1.38e-07 0 1
0.9655 0.999999 0.999999 1.38e-07 0 1
0.9665 0.999999 0.999999 1.38e-07 0 1
0.9675 0.999999 0.999999 1.38e-07 0 1
0.9685 0.999999 0.999999 1.38e-07 0 1
0.9695 0.999999 0.999999 1.38e-07 0 1
0.9705 0.999999 0.999999 1.38e-07 0 1
0.9715 0.999999 0.999999 1.38e-07 0 1
0.9725 0.999999 0.999999 1.38e-07 0 1
0.9735 0.999999 0.999999 1.38e-07 0 1
0.9745 0.999999 0.999999 1.38e-07 0 1
0.9755 0.999999 0.999999 1.38e-07 0 1
0.9765 0.999999 0.999999 1.38e-07 0 1
0.9775 0.999999 0.999999 1.38e-07 0 1
0.9785 0.999999 0.999999 1.38e-07 0 1
0.9795 0.999999 0.999999 1.38e-07 0 1
0.9805 0.999999 0.999999 1.38e-07 0 1
0.9815 0.999999 0.999999 1.38e-07 0 1
0.9825 0.999999 0.999999 1.38e-07 0 1
0.9835 0.999999 0.999999 1.38e-07 0 1
0.9845 0.999999 0.999999 1.38e-07 0 1
0.9855 0.999999 0.999999 1.38e-07 0 1
0.9865 0.999999 0.999999 1.38e-07 0 1
0.9875 0.999999 0.999999 1.38e-07 0 1
0.9885 0.999999 0.999999 1.38e-07 0 1
0.9895 0.999999 0.999999 1.38e-07 0 1
0.9905 0.999999 0.999999 1.38e-07 0 1
0.9915 0.999999 0.999999 1.38e-07 0 1
0.9925 0.999999 0.999999 1.38e-07 0 1
0.9935 0.999999 0.999999 1.38e-07 0 1
0.9945 0.999999 0.999999 1.38e-07 0 1
0.9955 0.999999 0.999999 1.38e-07 0 1
0.9965 0.999999 0.999999 1.38e-07 0 1
0.9975 0.999999 0.999999 1.38e-07 0 1
0.9985 0.999999 0.999999 1.38e-07 0 1
0.9995 0.999999 0.999999 1.38e-07 0 1
