x alpha rho1 rho2 v p
0.0005 0.999999 1.3765 1.38e-07 0.3948 1.57
0.0015 0.999999 1.3765 1.38e-07 0.3948 1.57
0.0025 0.999999 1.3765 1.38e-07 0.3948 1.57
0.0035 0.999999 1.3765 1.38e-07 0.3948 1.57
0.0045 0.999999 1.3765 1.38e-07 0.3948 1.57
0.0055 0.999999 1.3765 1.38e-07 0.3948 1.57
0.0065 0.999999 1.3765 1.38e-07 0.3948 1.57
0.0075 0.999999 1.3765 1.38e-07 0.3948 1.57
0.0085 0.999999 1.3765 1.38e-07 0.3948 1.57
0.0095 0.999999 1.3765 1.38e-07 0.394801 1.57
0.0105 0.999999 1.3765 1.38e-07 0.394801 1.57
0.0115 0.999999 1.3765 1.38e-07 0.394801 1.57
0.0125 0.999999 1.3765 1.38e-07 0.394801 1.57
0.0135 0.999999 1.3765 1.38e-07 0.394801 1.57
0.0145 0.999999 1.3765 1.38e-07 0.394802 1.57
0.0155 0.999999 1.3765 1.38e-07 0.394802 1.57
0.0165 0.999999 1.3765 1.38e-07 0.394803 1.57
0.0175 0.999999 1.3765 1.38e-07 0.394803 1.56999
0.0185 1 1.37649 1.38e-07 0.394804 1.56999
0.0195 1 1.37649 1.37999e-07 0.394805 1.56999
0.0205 1 1.37649 1.37999e-07 0.394806 1.56999
0.0215 1 1.37649 1.37999e-07 0.394807 1.56999
0.0225 1 1.37649 1.37999e-07 0.394808 1.56999
0.0235 1 1.37649 1.37999e-07 0.39481 1.56998
0.0245 1 1.37649 1.37999e-07 0.394812 1.56998
0.0255 1 1.37648 1.37999e-07 0.394814 1.56998
0.0265 1 1.37648 1.37998e-07 0.394816 1.56997
0.0275 1 1.37648 1.37998e-07 0.394819 1.56997
0.0285 1 1.37647 1.37998e-07 0.394822 1.56996
0.0295 1 1.37647 1.37997e-07 0.394826 1.56995
0.0305 1 1.37647 1.37997e-07 0.39483 1.56995
0.0315 1 1.37646 1.37996e-07 0.394835 1.56994
0.0325 1 1.37646 1.37996e-07 0.39484 1.56993
0.0335 1 1.37645 1.37995e-07 0.394846 1.56992
0.0345 1 1.37644 1.37994e-07 0.394852 1.56991
0.0355 1 1.37644 1.37994e-07 0.394859 1.5699
0.0365 1.00001 1.37643 1.37993e-07 0.394867 1.56988
0.0375 1.00001 1.37642 1.37992e-07 0.394875 1.56987
0.0385 1.00001 1.37641 1.37991e-07 0.394885 1.56985
0.0395 1.00001 1.3764 1.3799e-07 0.394894 1.56983
0.0405 1.00001 1.37639 1.37989e-07 0.394905 1.56981
0.0415 1.00001 1.37637 1.37987e-07 0.394917 1.56979
0.0425 1.00001 1.37636 1.37986e-07 0.394929 1.56977
0.0435 1.00001 1.37635 1.37985e-07 0.394942 1.56975
0.0445 1.00001 1.37633 1.37983e-07 0.394956 1.56973
0.0455 1.00001 1.37632 1.37982e-07 0.39497 1.5697
0.0465 1.00001 1.3763 1.3798e-07 0.394985 1.56967
0.0475 1.00001 1.37628 1.37978e-07 0.395 1.56965
0.0485 1.00001 1.37627 1.37977e-07 0.395016 1.56962
0.0495 1.00001 1.37625 1.37975e-07 0.395033 1.56959
0.0505 1.00001 1.37623 1.37973e-07 0.39505 1.56956
0.0515 1.00001 1.37621 1.37971e-07 0.395067 1.56953
0.0525 1.00001 1.37619 1.37969e-07 0.395084 1.5695
0.0535 1.00001 1.37617 1.37967e-07 0.395101 1.56947
0.0545 1.00001 1.37615 1.37966e-07 0.395118 1.56944
0.0555 1.00001 1.37614 1.37964e-07 0.395135 1.56941
0.0565 1.00001 1.37612 1.37962e-07 0.395152 1.56938
0.0575 1.00001 1.3761 1.3796e-07 0.395168 1.56936
0.0585 1.00001 1.37608 1.37958e-07 0.395183 1.56933
0.0595 1.00001 1.37607 1.37957e-07 0.395198 1.5693
0.0605 1.00001 1.37605 1.37955e-07 0.395212 1.56928
0.0615 1.00001 1.37604 1.37954e-07 0.395225 1.56926
0.0625 1.00001 1.37602 1.37952e-07 0.395237 1.56924
0.0635 1.00001 1.37601 1.37951e-07 0.395248 1.56922
0.0645 1.00001 1.376 1.3795e-07 0.395258 1.5692
0.0655 1.00001 1.37599 1.37949e-07 0.395266 1.56919
0.0665 1 1.37598 1.37948e-07 0.395273 1.56918
0.0675 1 1.37598 1.37948e-07 0.395279 1.56917
0.0685 1 1.37597 1.37947e-07 0.395283 1.56916
0.0695 1 1.37597 1.37947e-07 0.395286 1.56915
0.0705 1 1.37597 1.37947e-07 0.395288 1.56915
0.0715 0.999999 1.37597 1.37947e-07 0.395288 1.56915
0.0725 0.999998 1.37597 1.37947e-07 0.395287 1.56915
0.0735 0.999997 1.37597 1.37947e-07 0.395285 1.56916
0.0745 0.999996 1.37597 1.37947e-07 0.395281 1.56916
0.0755 0.999995 1.37598 1.37948e-07 0.395277 1.56917
0.0765 0.999994 1.37598 1.37948e-07 0.395271 1.56918
0.0775 0.999994 1.37599 1.37949e-07 0.395265 1.56919
0.0785 0.999993 1.376 1.3795e-07 0.395257 1.56921
0.0795 0.999992 1.37601 1.37951e-07 0.395249 1.56922
0.0805 0.999992 1.37602 1.37952e-07 0.39524 1.56924
0.0815 0.999991 1.37603 1.37953e-07 0.39523 1.56925
0.0825 0.999991 1.37604 1.37954e-07 0.39522 1.56927
0.0835 0.999991 1.37605 1.37955e-07 0.39521 1.56929
0.0845 0.99999 1.37606 1.37956e-07 0.395199 1.56931
0.0855 0.99999 1.37607 1.37957e-07 0.395188 1.56933
0.0865 0.99999 1.37609 1.37959e-07 0.395177 1.56935
0.0875 0.99999 1.3761 1.3796e-07 0.395166 1.56937
0.0885 0.99999 1.37611 1.37961e-07 0.395155 1.56939
0.0895 0.99999 1.37612 1.37962e-07 0.395144 1.5694
0.0905 0.99999 1.37613 1.37963e-07 0.395133 1.56942
0.0915 0.999991 1.37615 1.37965e-07 0.395122 1.56944
0.0925 0.999991 1.37616 1.37966e-07 0.395112 1.56946
0.0935 0.999991 1.37617 1.37967e-07 0.395101 1.56948
0.0945 0.999991 1.37618 1.37968e-07 0.395092 1.5695
0.0955 0.999991 1.37619 1.37969e-07 0.395082 1.56951
0.0965 0.999992 1.3762 1.3797e-07 0.395073 1.56953
0.0975 0.999992 1.37621 1.37971e-07 0.395064 1.56954
0.0985 0.999992 1.37622 1.37972e-07 0.395055 1.56956
0.0995 0.999993 1.37623 1.37973e-07 0.395047 1.56957
0.1005 0.999993 1.37624 1.37974e-07 0.395039 1.56959
0.1015 0.999993 1.37625 1.37975e-07 0.395032 1.5696
0.1025 0.999993 1.37625 1.37975e-07 0.395024 1.56961
0.1035 0.999994 1.37626 1.37976e-07 0.395018 1.56962
0.1045 0.999994 1.37627 1.37977e-07 0.395011 1.56963
0.1055 0.999994 1.37627 1.37978e-07 0.395005 1.56965
0.1065 0.999994 1.37628 1.37978e-07 0.394999 1.56966
0.1075 0.999995 1.37629 1.37979e-07 0.394993 1.56967
0.1085 0.999995 1.37629 1.37979e-07 0.394988 1.56967
0.1095 0.999995 1.3763 1.3798e-07 0.394983 1.56968
0.1105 0.999995 1.3763 1.3798e-07 0.394978 1.56969
0.1115 0.999995 1.37631 1.37981e-07 0.394973 1.5697
0.1125 0.999996 1.37631 1.37981e-07 0.394969 1.56971
0.1135 0.999996 1.37632 1.37982e-07 0.394965 1.56971
0.1145 0.999996 1.37632 1.37982e-07 0.394961 1.56972
0.1155 0.999996 1.37633 1.37983e-07 0.394957 1.56973
0.1165 0.999996 1.37633 1.37983e-07 0.394953 1.56973
0.1175 0.999996 1.37634 1.37984e-07 0.39495 1.56974
0.1185 0.999996 1.37634 1.37984e-07 0.394946 1.56975
0.1195 0.999996 1.37634 1.37984e-07 0.394943 1.56975
0.1205 0.999997 1.37635 1.37985e-07 0.39494 1.56976
0.1215 0.999997 1.37635 1.37985e-07 0.394937 1.56976
0.1225 0.999997 1.37635 1.37985e-07 0.394934 1.56977
0.1235 0.999997 1.37636 1.37986e-07 0.394931 1.56977
0.1245 0.999997 1.37636 1.37986e-07 0.394929 1.56978
0.1255 0.999997 1.37636 1.37986e-07 0.394926 1.56978
0.1265 0.999997 1.37636 1.37986e-07 0.394923 1.56979
0.1275 0.999997 1.37637 1.37987e-07 0.394921 1.56979
0.1285 0.999997 1.37637 1.37987e-07 0.394919 1.56979
0.1295 0.999997 1.37637 1.37987e-07 0.394917 1.5698
0.1305 0.999997 1.37637 1.37987e-07 0.394914 1.5698
0.1315 0.999997 1.37638 1.37988e-07 0.394912 1.56981
0.1325 0.999997 1.37638 1.37988e-07 0.39491 1.56981
0.1335 0.999997 1.37638 1.37988e-07 0.394908 1.56981
0.1345 0.999998 1.37638 1.37988e-07 0.394906 1.56982
0.1355 0.999998 1.37638 1.37989e-07 0.394904 1.56982
0.1365 0.999998 1.37639 1.37989e-07 0.394903 1.56982
0.1375 0.999998 1.37639 1.37989e-07 0.394901 1.56983
0.1385 0.999998 1.37639 1.37989e-07 0.394899 1.56983
0.1395 0.999998 1.37639 1.37989e-07 0.394897 1.56983
0.1405 0.999998 1.37639 1.3799e-07 0.394896 1.56983
0.1415 0.999998 1.3764 1.3799e-07 0.394894 1.56984
0.1425 0.999998 1.3764 1.3799e-07 0.394893 1.56984
0.1435 0.999998 1.3764 1.3799e-07 0.394891 1.56984
0.1445 0.999998 1.3764 1.3799e-07 0.39489 1.56984
0.1455 0.999998 1.3764 1.3799e-07 0.394888 1.56985
0.1465 0.999998 1.3764 1.3799e-07 0.394887 1.56985
0.1475 0.999998 1.37641 1.37991e-07 0.394886 1.56985
0.1485 0.999998 1.37641 1.37991e-07 0.394884 1.56985
0.1495 0.999998 1.37641 1.37991e-07 0.394883 1.56986
0.1505 0.999998 1.37641 1.37991e-07 0.394882 1.56986
0.1515 0.999998 1.37641 1.37991e-07 0.394881 1.56986
0.1525 0.999998 1.37641 1.37991e-07 0.394879 1.56986
0.1535 0.999998 1.37641 1.37991e-07 0.394878 1.56986
0.1545 0.999998 1.37641 1.37992e-07 0.394877 1.56987
0.1555 0.999998 1.37642 1.37992e-07 0.394876 1.56987
0.1565 0.999998 1.37642 1.37992e-07 0.394875 1.56987
0.1575 0.999998 1.37642 1.37992e-07 0.394874 1.56987
0.1585 0.999998 1.37642 1.37992e-07 0.394873 1.56987
0.1595 0.999998 1.37642 1.37992e-07 0.394872 1.56988
0.1605 0.999998 1.37642 1.37992e-07 0.394871 1.56988
0.1615 0.999998 1.37642 1.37992e-07 0.39487 1.56988
0.1625 0.999998 1.37642 1.37992e-07 0.394869 1.56988
0.1635 0.999998 1.37642 1.37993e-07 0.394868 1.56988
0.1645 0.999998 1.37643 1.37993e-07 0.394867 1.56988
0.1655 0.999998 1.37643 1.37993e-07 0.394866 1.56988
0.1665 0.999998 1.37643 1.37993e-07 0.394866 1.56989
0.1675 0.999998 1.37643 1.37993e-07 0.394865 1.56989
0.1685 0.999998 1.37643 1.37993e-07 0.394864 1.56989
0.1695 0.999998 1.37643 1.37993e-07 0.394863 1.56989
0.1705 0.999998 1.37643 1.37993e-07 0.394862 1.56989
0.1715 0.999998 1.37643 1.37993e-07 0.394862 1.56989
0.1725 0.999998 1.37643 1.37993e-07 0.394861 1.56989
0.1735 0.999998 1.37643 1.37993e-07 0.39486 1.5699
0.1745 0.999998 1.37643 1.37994e-07 0.394859 1.5699
0.1755 0.999998 1.37643 1.37994e-07 0.394859 1.5699
0.1765 0.999998 1.37644 1.37994e-07 0.394858 1.5699
0.1775 0.999998 1.37644 1.37994e-07 0.394857 1.5699
0.1785 0.999998 1.37644 1.37994e-07 0.394857 1.5699
0.1795 0.999998 1.37644 1.37994e-07 0.394856 1.5699
0.1805 0.999999 1.37644 1.37994e-07 0.394855 1.5699
0.1815 0.999999 1.37644 1.37994e-07 0.394855 1.56991
0.1825 0.999999 1.37644 1.37994e-07 0.394854 1.56991
0.1835 0.999999 1.37644 1.37994e-07 0.394853 1.56991
0.1845 0.999999 1.37644 1.37994e-07 0.394853 1.56991
0.1855 0.999999 1.37644 1.37994e-07 0.394852 1.56991
0.1865 0.999999 1.37644 1.37994e-07 0.394852 1.56991
0.1875 0.999999 1.37644 1.37994e-07 0.394851 1.56991
0.1885 0.999999 1.37644 1.37994e-07 0.394851 1.56991
0.1895 0.999999 1.37644 1.37995e-07 0.39485 1.56991
0.1905 0.999999 1.37644 1.37995e-07 0.394849 1.56991
0.1915 0.999999 1.37645 1.37995e-07 0.394849 1.56992
0.1925 0.999999 1.37645 1.37995e-07 0.394848 1.56992
0.1935 0.999999 1.37645 1.37995e-07 0.394848 1.56992
0.1945 0.999999 1.37645 1.37995e-07 0.394847 1.56992
0.1955 0.999999 1.37645 1.37995e-07 0.394847 1.56992
0.1965 0.999999 1.37645 1.37995e-07 0.394846 1.56992
0.1975 0.999999 1.37645 1.37995e-07 0.394846 1.56992
0.1985 0.999999 1.37645 1.37995e-07 0.394846 1.56992
0.1995 0.999999 1.37645 1.37995e-07 0.394845 1.56992
0.2005 0.999999 1.37645 1.37995e-07 0.394845 1.56992
0.2015 0.999999 1.37645 1.37995e-07 0.394844 1.56992
0.2025 0.999999 1.37645 1.37995e-07 0.394844 1.56992
0.2035 0.999999 1.37645 1.37995e-07 0.394843 1.56992
0.2045 0.999999 1.37645 1.37995e-07 0.394843 1.56993
0.2055 0.999999 1.37645 1.37995e-07 0.394843 1.56993
0.2065 0.999999 1.37645 1.37995e-07 0.394842 1.56993
0.2075 0.999999 1.37645 1.37995e-07 0.394842 1.56993
0.2085 0.999999 1.37645 1.37995e-07 0.394841 1.56993
0.2095 0.999999 1.37645 1.37996e-07 0.394841 1.56993
0.2105 0.999999 1.37645 1.37996e-07 0.394841 1.56993
0.2115 0.999999 1.37645 1.37996e-07 0.39484 1.56993
0.2125 0.999999 1.37646 1.37996e-07 0.39484 1.56993
0.2135 0.999999 1.37646 1.37996e-07 0.39484 1.56993
0.2145 0.999999 1.37646 1.37996e-07 0.394839 1.56993
0.2155 0.999999 1.37646 1.37996e-07 0.394839 1.56993
0.2165 0.999999 1.37646 1.37996e-07 0.394839 1.56993
0.2175 0.999999 1.37646 1.37996e-07 0.394838 1.56993
0.2185 0.999999 1.37646 1.37996e-07 0.394838 1.56993
0.2195 0.999999 1.37646 1.37996e-07 0.394838 1.56993
0.2205 0.999999 1.37646 1.37996e-07 0.394837 1.56994
0.2215 0.999999 1.37646 1.37996e-07 0.394837 1.56994
0.2225 0.999999 1.37646 1.37996e-07 0.394837 1.56994
0.2235 0.999999 1.37646 1.37996e-07 0.394836 1.56994
0.2245 0.999999 1.37646 1.37996e-07 0.394836 1.56994
0.2255 0.999999 1.37646 1.37996e-07 0.394836 1.56994
0.2265 0.999999 1.37646 1.37996e-07 0.394836 1.56994
0.2275 0.999999 1.37646 1.37996e-07 0.394835 1.56994
0.2285 0.999999 1.37646 1.37996e-07 0.394835 1.56994
0.2295 0.999999 1.37646 1.37996e-07 0.394835 1.56994
0.2305 0.999999 1.37646 1.37996e-07 0.394834 1.56994
0.2315 0.999999 1.37646 1.37996e-07 0.394834 1.56994
0.2325 0.999999 1.37646 1.37996e-07 0.394834 1.56994
0.2335 0.999999 1.37646 1.37996e-07 0.394834 1.56994
0.2345 0.999999 1.37646 1.37996e-07 0.394833 1.56994
0.2355 0.999999 1.37646 1.37996e-07 0.394833 1.56994
0.2365 0.999999 1.37646 1.37996e-07 0.394833 1.56994
0.2375 0.999999 1.37646 1.37996e-07 0.394833 1.56994
0.2385 0.999999 1.37646 1.37996e-07 0.394833 1.56994
0.2395 0.999999 1.37646 1.37996e-07 0.394832 1.56994
0.2405 0.999999 1.37646 1.37996e-07 0.394832 1.56994
0.2415 0.999999 1.37646 1.37997e-07 0.394832 1.56994
0.2425 0.999999 1.37646 1.37997e-07 0.394832 1.56994
0.2435 0.999999 1.37646 1.37997e-07 0.394832 1.56994
0.2445 0.999999 1.37646 1.37997e-07 0.394832 1.56994
0.2455 0.999999 1.37646 1.37997e-07 0.394832 1.56994
0.2465 0.999999 1.37646 1.37997e-07 0.394832 1.56994
0.2475 0.999999 1.37646 1.37997e-07 0.394832 1.56994
0.2485 0.999999 1.37646 1.37996e-07 0.394832 1.56994
0.2495 1 1.37646 1.37996e-07 0.394833 1.56994
0.2505 1 1.37646 1.37996e-07 0.394834 1.56994
0.2515 1 1.37646 1.37996e-07 0.394835 1.56994
0.2525 1 1.37646 1.37996e-07 0.394837 1.56993
0.2535 1 1.37646 1.37996e-07 0.39484 1.56993
0.2545 1 1.37645 1.37995e-07 0.394844 1.56992
0.2555 1 1.37645 1.37995e-07 0.394849 1.56991
0.2565 1 1.37644 1.37994e-07 0.394855 1.5699
0.2575 1.00001 1.37643 1.37993e-07 0.394864 1.56989
0.2585 1.00001 1.37642 1.37992e-07 0.394875 1.56987
0.2595 1.00001 1.3764 1.3799e-07 0.39489 1.56984
0.2605 1.00001 1.37638 1.37988e-07 0.394909 1.56981
0.2615 1.00002 1.37636 1.37986e-07 0.394933 1.56976
0.2625 1.00002 1.37632 1.37983e-07 0.394964 1.56971
0.2635 1.00003 1.37628 1.37978e-07 0.395003 1.56964
0.2645 1.00004 1.37623 1.37973e-07 0.395052 1.56955
0.2655 1.00005 1.37617 1.37967e-07 0.395114 1.56944
0.2665 1.00006 1.37609 1.37959e-07 0.39519 1.5693
0.2675 1.00008 1.37599 1.37949e-07 0.395283 1.56913
0.2685 1.00009 1.37586 1.37936e-07 0.395398 1.56893
0.2695 1.00011 1.37572 1.37922e-07 0.395537 1.56868
0.2705 1.00014 1.37554 1.37904e-07 0.395704 1.56838
0.2715 1.00016 1.37533 1.37882e-07 0.395904 1.56802
0.2725 1.0002 1.37507 1.37857e-07 0.396143 1.5676
0.2735 1.00023 1.37477 1.37827e-07 0.396424 1.5671
0.2745 1.00027 1.37442 1.37792e-07 0.396755 1.56651
0.2755 1.00032 1.37401 1.3775e-07 0.397141 1.56583
0.2765 1.00037 1.37353 1.37703e-07 0.397588 1.56503
0.2775 1.00042 1.37298 1.37648e-07 0.398103 1.56412
0.2785 1.00048 1.37235 1.37585e-07 0.398691 1.56308
0.2795 1.00055 1.37164 1.37513e-07 0.399361 1.5619
0.2805 1.00062 1.37083 1.37432e-07 0.400117 1.56057
0.2815 1.00069 1.36992 1.37341e-07 0.400967 1.55908
0.2825 1.00077 1.36891 1.37239e-07 0.401916 1.55741
0.2835 1.00086 1.36778 1.37126e-07 0.402969 1.55556
0.2845 1.00095 1.36654 1.37002e-07 0.404133 1.55353
0.2855 1.00104 1.36517 1.36865e-07 0.40541 1.5513
0.2865 1.00114 1.36368 1.36715e-07 0.406805 1.54887
0.2875 1.00124 1.36206 1.36553e-07 0.408321 1.54623
0.2885 1.00134 1.36031 1.36377e-07 0.409961 1.54339
0.2895 1.00144 1.35843 1.36188e-07 0.411726 1.54033
0.2905 1.00154 1.35641 1.35986e-07 0.413616 1.53707
0.2915 1.00165 1.35426 1.3577e-07 0.415633 1.5336
0.2925 1.00175 1.35197 1.35541e-07 0.417775 1.52992
0.2935 1.00185 1.34956 1.35299e-07 0.420041 1.52603
0.2945 1.00195 1.34702 1.35045e-07 0.422428 1.52195
0.2955 1.00205 1.34436 1.34778e-07 0.424935 1.51768
0.2965 1.00215 1.34157 1.34499e-07 0.427557 1.51323
0.2975 1.00224 1.33867 1.34208e-07 0.430291 1.5086
0.2985 1.00234 1.33566 1.33906e-07 0.433131 1.5038
0.2995 1.00242 1.33255 1.33594e-07 0.436074 1.49885
0.3005 1.00251 1.32934 1.33273e-07 0.439114 1.49375
0.3015 1.00259 1.32604 1.32942e-07 0.442245 1.48852
0.3025 1.00266 1.32265 1.32603e-07 0.44546 1.48316
0.3035 1.00273 1.31919 1.32256e-07 0.448754 1.47769
0.3045 1.0028 1.31566 1.31903e-07 0.452119 1.47212
0.3055 1.00286 1.31207 1.31545e-07 0.455549 1.46647
0.3065 1.00291 1.30842 1.31181e-07 0.459037 1.46074
0.3075 1.00296 1.30473 1.30815e-07 0.462575 1.45495
0.3085 1.003 1.301 1.30447e-07 0.466156 1.44911
0.3095 1.00304 1.29724 1.30078e-07 0.469772 1.44324
0.3105 1.00307 1.29345 1.29711e-07 0.473416 1.43734
0.3115 1.00309 1.28966 1.29348e-07 0.477078 1.43144
0.3125 1.00311 1.28585 1.28992e-07 0.480753 1.42554
0.3135 1.00312 1.28205 1.28646e-07 0.48443 1.41966
0.3145 1.00312 1.27826 1.28313e-07 0.488102 1.41381
0.3155 1.00312 1.27449 1.27998e-07 0.491761 1.408
0.3165 1.0031 1.27075 1.27707e-07 0.495398 1.40225
0.3175 1.00308 1.26703 1.27445e-07 0.499004 1.39657
0.3185 1.00305 1.26336 1.27219e-07 0.502571 1.39098
0.3195 1.00301 1.25974 1.27037e-07 0.50609 1.38548
0.3205 1.00296 1.25617 1.26905e-07 0.509552 1.38009
0.3215 1.0029 1.25267 1.26833e-07 0.51295 1.37482
0.3225 1.00283 1.24924 1.2683e-07 0.516273 1.36969
0.3235 1.00276 1.24588 1.26905e-07 0.519513 1.3647
0.3245 1.00267 1.24262 1.27066e-07 0.522663 1.35987
0.3255 1.00258 1.23944 1.27323e-07 0.525714 1.3552
0.3265 1.00248 1.23637 1.27682e-07 0.528659 1.35072
0.3275 1.00237 1.2334 1.28151e-07 0.53149 1.34642
0.3285 1.00225 1.23055 1.28734e-07 0.5342 1.34233
0.3295 1.00213 1.22782 1.29436e-07 0.536784 1.33843
0.3305 1.002 1.22522 1.30259e-07 0.539235 1.33475
0.3315 1.00188 1.22275 1.312e-07 0.541551 1.33128
0.3325 1.00174 1.22042 1.32259e-07 0.543726 1.32803
0.3335 1.00161 1.21824 1.33429e-07 0.545759 1.32501
0.3345 1.00148 1.2162 1.34704e-07 0.547649 1.3222
0.3355 1.00136 1.2143 1.36073e-07 0.549394 1.31962
0.3365 1.00123 1.21256 1.37524e-07 0.550997 1.31725
0.3375 1.00111 1.21097 1.39045e-07 0.55246 1.3151
0.3385 1.001 1.20953 1.40621e-07 0.553786 1.31316
0.3395 1.0009 1.20823 1.42235e-07 0.55498 1.31141
0.3405 1.0008 1.20707 1.43871e-07 0.556047 1.30985
0.3415 1.00071 1.20605 1.45513e-07 0.556994 1.30847
0.3425 1.00063 1.20516 1.47144e-07 0.557829 1.30726
0.3435 1.00056 1.2044 1.48748e-07 0.558558 1.3062
0.3445 1.0005 1.20375 1.50311e-07 0.559192 1.30528
0.3455 1.00045 1.2032 1.51819e-07 0.559737 1.3045
0.3465 1.00041 1.20276 1.53262e-07 0.560202 1.30383
0.3475 1.00037 1.2024 1.54629e-07 0.560597 1.30326
0.3485 1.00034 1.20211 1.55913e-07 0.560929 1.30279
0.3495 1.00032 1.2019 1.57108e-07 0.561206 1.30239
0.3505 1.0003 1.20174 1.58211e-07 0.561436 1.30207
0.3515 1.00029 1.20164 1.59221e-07 0.561624 1.3018
0.3525 1.00028 1.20158 1.60136e-07 0.561778 1.30159
0.3535 1.00028 1.20155 1.6096e-07 0.561902 1.30141
0.3545 1.00028 1.20155 1.61695e-07 0.562002 1.30127
0.3555 1.00028 1.20158 1.62345e-07 0.562082 1.30116
0.3565 1.00028 1.20162 1.62916e-07 0.562145 1.30108
0.3575 1.00028 1.20168 1.63413e-07 0.562195 1.30101
0.3585 1.00028 1.20174 1.63843e-07 0.562234 1.30096
0.3595 1.00029 1.20181 1.64211e-07 0.562265 1.30092
0.3605 1.00029 1.20188 1.64525e-07 0.562289 1.30089
0.3615 1.00029 1.20196 1.6479e-07 0.562307 1.30087
0.3625 1.0003 1.20203 1.65012e-07 0.562322 1.30085
0.3635 1.0003 1.20211 1.65197e-07 0.562333 1.30084
0.3645 1.0003 1.20218 1.65351e-07 0.562341 1.30083
0.3655 1.00031 1.20224 1.65477e-07 0.562348 1.30083
0.3665 1.00031 1.20231 1.6558e-07 0.562354 1.30082
0.3675 1.00031 1.20236 1.65663e-07 0.562358 1.30082
0.3685 1.00032 1.20242 1.65731e-07 0.562361 1.30082
0.3695 1.00032 1.20247 1.65786e-07 0.562364 1.30082
0.3705 1.00032 1.20252 1.65829e-07 0.562366 1.30082
0.3715 1.00032 1.20257 1.65865e-07 0.562368 1.30082
0.3725 1.00033 1.20261 1.65893e-07 0.56237 1.30082
0.3735 1.00033 1.20265 1.65915e-07 0.562371 1.30082
0.3745 1.00033 1.20268 1.65933e-07 0.562373 1.30082
0.3755 1.00033 1.20271 1.65947e-07 0.562374 1.30082
0.3765 1.00034 1.20275 1.65959e-07 0.562374 1.30082
0.3775 1.00034 1.20277 1.65968e-07 0.562375 1.30082
0.3785 1.00034 1.2028 1.65976e-07 0.562376 1.30081
0.3795 1.00034 1.20283 1.65983e-07 0.562376 1.30081
0.3805 1.00035 1.20285 1.65988e-07 0.562377 1.30081
0.3815 1.00035 1.20287 1.65992e-07 0.562377 1.30081
0.3825 1.00035 1.20289 1.65996e-07 0.562377 1.30081
0.3835 1.00035 1.20291 1.66e-07 0.562377 1.30081
0.3845 1.00036 1.20293 1.66003e-07 0.562377 1.30081
0.3855 1.00036 1.20294 1.66005e-07 0.562377 1.30081
0.3865 1.00036 1.20296 1.66008e-07 0.562376 1.30081
0.3875 1.00037 1.20297 1.6601e-07 0.562376 1.30081
0.3885 1.00037 1.20299 1.66012e-07 0.562376 1.3008
0.3895 1.00037 1.203 1.66014e-07 0.562375 1.3008
0.3905 1.00038 1.20301 1.66016e-07 0.562375 1.3008
0.3915 1.00038 1.20302 1.66017e-07 0.562374 1.3008
0.3925 1.00038 1.20303 1.66019e-07 0.562373 1.3008
0.3935 1.00039 1.20304 1.6602e-07 0.562372 1.30079
0.3945 1.00039 1.20305 1.66022e-07 0.562371 1.30079
0.3955 1.00039 1.20306 1.66023e-07 0.56237 1.30079
0.3965 1.0004 1.20307 1.66024e-07 0.562369 1.30079
0.3975 1.0004 1.20308 1.66025e-07 0.562368 1.30078
0.3985 1.00041 1.20309 1.66026e-07 0.562367 1.30078
0.3995 1.00041 1.20309 1.66027e-07 0.562366 1.30078
0.4005 1.00041 1.2031 1.66028e-07 0.562365 1.30078
0.4015 1.00042 1.20311 1.66029e-07 0.562364 1.30077
0.4025 1.00042 1.20311 1.6603e-07 0.562363 1.30077
0.4035 1.00043 1.20312 1.66031e-07 0.562361 1.30077
0.4045 1.00043 1.20312 1.66031e-07 0.56236 1.30076
0.4055 1.00044 1.20313 1.66032e-07 0.562359 1.30076
0.4065 1.00044 1.20313 1.66033e-07 0.562358 1.30076
0.4075 1.00044 1.20314 1.66033e-07 0.562356 1.30076
0.4085 1.00045 1.20314 1.66034e-07 0.562355 1.30075
0.4095 1.00045 1.20315 1.66034e-07 0.562354 1.30075
0.4105 1.00046 1.20315 1.66035e-07 0.562353 1.30075
0.4115 1.00046 1.20315 1.66035e-07 0.562351 1.30075
0.4125 1.00047 1.20316 1.66036e-07 0.56235 1.30074
0.4135 1.00047 1.20316 1.66036e-07 0.562349 1.30074
0.4145 1.00048 1.20316 1.66037e-07 0.562348 1.30074
0.4155 1.00049 1.20317 1.66037e-07 0.562346 1.30074
0.4165 1.00049 1.20317 1.66038e-07 0.562345 1.30073
0.4175 1.0005 1.20317 1.66038e-07 0.562343 1.30073
0.4185 1.0005 1.20318 1.66039e-07 0.562341 1.30073
0.4195 1.00051 1.20318 1.6604e-07 0.562338 1.30073
0.4205 1.00051 1.20319 1.66042e-07 0.562333 1.30074
0.4215 1.00052 1.2032 1.66047e-07 0.562325 1.30075
0.4225 1.00052 1.20321 1.66062e-07 0.56231 1.30076
0.4235 1.00051 1.20323 1.66105e-07 0.562285 1.3008
0.4245 1.0005 1.20328 1.66225e-07 0.562241 1.30087
0.4255 1.00048 1.20335 1.66552e-07 0.562163 1.30099
0.4265 1.00043 1.20347 1.67415e-07 0.562029 1.3012
0.4275 1.00034 1.20369 1.6961e-07 0.5618 1.30157
0.4285 1.00021 1.20404 1.75007e-07 0.561417 1.30218
0.4295 0.999985 1.20462 1.87827e-07 0.560792 1.30317
0.4305 0.999646 1.20554 2.17278e-07 0.559793 1.30475
0.4315 0.999144 1.20699 2.82797e-07 0.55824 1.30721
0.4325 0.998437 1.20918 4.24144e-07 0.555891 1.31091
0.4335 0.997488 1.2124 7.20352e-07 0.552452 1.31632
0.4345 0.99629 1.21697 1.32439e-06 0.547597 1.32393
0.4355 0.994888 1.22321 2.52523e-06 0.54102 1.33423
0.4365 0.993396 1.23135 4.8564e-06 0.532515 1.34754
0.4375 0.99199 1.24144 9.28108e-06 0.522076 1.36389
0.4385 0.990883 1.25329 1.74975e-05 0.509971 1.38289
0.4395 0.990253 1.26638 3.24229e-05 0.496754 1.40371
0.4405 0.990184 1.27995 5.89231e-05 0.483195 1.42516
0.4415 0.990623 1.29312 0.000104853 0.470123 1.44594
0.4425 0.99138 1.30501 0.000182445 0.458263 1.46485
0.4435 0.992165 1.31489 0.000310049 0.448119 1.48106
0.4445 0.992628 1.32225 0.000514125 0.439923 1.49416
0.4455 0.992393 1.32674 0.000831341 0.433662 1.50414
0.4465 0.991071 1.32814 0.0013105 0.429147 1.51129
0.4475 0.988251 1.32626 0.00201394 0.426086 1.51608
0.4485 0.983493 1.32084 0.00301803 0.424157 1.51903
0.4495 0.976314 1.31153 0.00441226 0.423053 1.52065
0.4505 0.966192 1.29786 0.00629664 0.422515 1.52136
0.4515 0.952576 1.27926 0.00877702 0.422337 1.52148
0.4525 0.934916 1.25509 0.0119585 0.422371 1.52127
0.4535 0.912706 1.22475 0.0159371 0.422516 1.52086
0.4545 0.88553 1.18772 0.0207902 0.422708 1.52038
0.4555 0.85312 1.14367 0.0265672 0.422909 1.51988
0.4565 0.815404 1.09252 0.033281 0.423097 1.51938
0.4575 0.772542 1.03452 0.0409017 0.423262 1.5189
0.4585 0.724945 0.970226 0.0493539 0.423399 1.51846
0.4595 0.673276 0.900548 0.0585177 0.423506 1.51805
0.4605 0.618419 0.826688 0.0682337 0.423586 1.51767
0.4615 0.561436 0.75008 0.078312 0.423638 1.51733
0.4625 0.503502 0.672304 0.0885437 0.423664 1.51701
0.4635 0.44583 0.594983 0.0987143 0.423667 1.51671
0.4645 0.3896 0.519689 0.108617 0.423649 1.51644
0.4655 0.335882 0.447841 0.118064 0.423612 1.5162
0.4665 0.285586 0.380639 0.126898 0.423557 1.51597
0.4675 0.239415 0.319004 0.134999 0.423487 1.51576
0.4685 0.197849 0.263559 0.142284 0.423403 1.51557
0.4695 0.16114 0.214624 0.148713 0.423305 1.51539
0.4705 0.129328 0.172237 0.154279 0.423196 1.51523
0.4715 0.102271 0.136198 0.159011 0.423077 1.51507
0.4725 0.0796766 0.106111 0.16296 0.422947 1.51492
0.4735 0.0611504 0.0814434 0.166196 0.422808 1.51478
0.4745 0.0462307 0.0615786 0.168801 0.42266 1.51465
0.4755 0.0344274 0.0458624 0.17086 0.422503 1.51452
0.4765 0.0252525 0.0336449 0.172459 0.422337 1.51439
0.4775 0.0182442 0.024311 0.173678 0.422163 1.51425
0.4785 0.0129826 0.0173022 0.174591 0.421979 1.51412
0.4795 0.00909945 0.0121286 0.175263 0.421787 1.51399
0.4805 0.0062819 0.00837411 0.175747 0.421587 1.51385
0.4815 0.0042717 0.00569496 0.17609 0.421377 1.51371
0.4825 0.00286129 0.0038149 0.176327 0.421157 1.51356
0.4835 0.00188798 0.00251732 0.176487 0.420929 1.5134
0.4845 0.00122727 0.00163639 0.176591 0.42069 1.51325
0.4855 0.000786028 0.00104804 0.176657 0.420441 1.51308
0.4865 0.000496093 0.000661416 0.176696 0.420181 1.51291
0.4875 0.000308619 0.00041142 0.176716 0.419911 1.51273
0.4885 0.000189316 0.000252334 0.176723 0.419629 1.51254
0.4895 0.000114589 0.000152693 0.176723 0.419335 1.51235
0.4905 6.8513e-05 9.12607e-05 0.176716 0.419029 1.51215
0.4915 4.05429e-05 5.3973e-05 0.176706 0.418711 1.51194
0.4925 2.38249e-05 3.16891e-05 0.176693 0.418379 1.51172
0.4935 1.39849e-05 1.85754e-05 0.176679 0.418034 1.51149
0.4945 8.28102e-06 1.09753e-05 0.176663 0.417675 1.51125
0.4955 5.02438e-06 6.63712e-06 0.176646 0.417301 1.511
0.4965 3.19277e-06 4.19782e-06 0.176628 0.416912 1.51075
0.4975 2.17792e-06 2.84659e-06 0.176609 0.416508 1.51048
0.4985 1.62389e-06 2.1091e-06 0.176589 0.416087 1.5102
0.4995 1.32586e-06 1.71245e-06 0.176569 0.415649 1.50991
0.5005 1.16787e-06 1.50217e-06 0.176548 0.415193 1.50961
0.5015 1.08532e-06 1.39228e-06 0.176525 0.41472 1.50929
0.5025 1.04281e-06 1.33562e-06 0.176502 0.414227 1.50897
0.5035 1.02123e-06 1.30678e-06 0.176478 0.413715 1.50863
0.5045 1.01042e-06 1.29226e-06 0.176453 0.413183 1.50828
0.5055 1.00509e-06 1.285e-06 0.176427 0.41263 1.50791
0.5065 1.0025e-06 1.28136e-06 0.1764 0.412054 1.50753
0.5075 1.00126e-06 1.27951e-06 0.176372 0.411457 1.50713
0.5085 1.00067e-06 1.27852e-06 0.176343 0.410835 1.50672
0.5095 1.00039e-06 1.27794e-06 0.176313 0.410189 1.50629
0.5105 1.00027e-06 1.27754e-06 0.176281 0.409518 1.50584
0.5115 1.00021e-06 1.27723e-06 0.176249 0.408821 1.50538
0.5125 1.00018e-06 1.27695e-06 0.176215 0.408097 1.5049
0.5135 1.00017e-06 1.27668e-06 0.17618 0.407345 1.5044
0.5145 1.00017e-06 1.27641e-06 0.176143 0.406563 1.50388
0.5155 1.00016e-06 1.27613e-06 0.176105 0.405751 1.50335
0.5165 1.00016e-06 1.27584e-06 0.176066 0.404908 1.50279
0.5175 1.00016e-06 1.27554e-06 0.176025 0.404033 1.50221
0.5185 1.00016e-06 1.27523e-06 0.175982 0.403124 1.50161
0.5195 1.00016e-06 1.27491e-06 0.175938 0.40218 1.50098
0.5205 1.00016e-06 1.27458e-06 0.175892 0.401201 1.50033
0.5215 1.00016e-06 1.27424e-06 0.175845 0.400185 1.49966
0.5225 1.00016e-06 1.27388e-06 0.175796 0.399132 1.49896
0.5235 1.00016e-06 1.27351e-06 0.175744 0.398039 1.49824
0.5245 1.00016e-06 1.27313e-06 0.175692 0.396906 1.49749
0.5255 1.00016e-06 1.27273e-06 0.175637 0.395731 1.49671
0.5265 1.00016e-06 1.27232e-06 0.17558 0.394515 1.49591
0.5275 1.00016e-06 1.27189e-06 0.175521 0.393255 1.49507
0.5285 1.00016e-06 1.27145e-06 0.17546 0.391952 1.49421
0.5295 1.00016e-06 1.271e-06 0.175397 0.390604 1.49332
0.5305 1.00017e-06 1.27053e-06 0.175332 0.38921 1.4924
0.5315 1.00017e-06 1.27004e-06 0.175265 0.387771 1.49145
0.5325 1.00017e-06 1.26954e-06 0.175196 0.386286 1.49047
0.5335 1.00017e-06 1.26902e-06 0.175125 0.384756 1.48946
0.5345 1.00017e-06 1.26849e-06 0.175051 0.383179 1.48843
0.5355 1.00017e-06 1.26794e-06 0.174976 0.381558 1.48736
0.5365 1.00017e-06 1.26738e-06 0.174898 0.379892 1.48626
0.5375 1.00017e-06 1.2668e-06 0.174819 0.378184 1.48514
0.5385 1.00017e-06 1.26621e-06 0.174737 0.376434 1.48399
0.5395 1.00017e-06 1.26561e-06 0.174654 0.374646 1.48281
0.5405 1.00017e-06 1.265e-06 0.174569 0.372821 1.48161
0.5415 1.00017e-06 1.26437e-06 0.174483 0.370963 1.48039
0.5425 1.00017e-06 1.26374e-06 0.174395 0.369076 1.47916
0.5435 1.00017e-06 1.26309e-06 0.174307 0.367163 1.4779
0.5445 1.00017e-06 1.26244e-06 0.174217 0.36523 1.47664
0.5455 1.00017e-06 1.26179e-06 0.174127 0.363281 1.47536
0.5465 1.00017e-06 1.26113e-06 0.174036 0.361323 1.47408
0.5475 1.00017e-06 1.26047e-06 0.173945 0.359361 1.4728
0.5485 1.00017e-06 1.25981e-06 0.173854 0.357402 1.47152
0.5495 1.00017e-06 1.25916e-06 0.173764 0.355454 1.47025
0.5505 1.00017e-06 1.25851e-06 0.173675 0.353523 1.46899
0.5515 1.00017e-06 1.25787e-06 0.173586 0.351616 1.46774
0.5525 1.00017e-06 1.25725e-06 0.1735 0.349741 1.46652
0.5535 1.00017e-06 1.25663e-06 0.173415 0.347904 1.46533
0.5545 1.00017e-06 1.25603e-06 0.173332 0.346114 1.46416
0.5555 1.00017e-06 1.25545e-06 0.173252 0.344375 1.46303
0.5565 1.00017e-06 1.25488e-06 0.173174 0.342695 1.46194
0.5575 1.00017e-06 1.25434e-06 0.173099 0.341079 1.46089
0.5585 1.00017e-06 1.25382e-06 0.173028 0.339532 1.45989
0.5595 1.00017e-06 1.25333e-06 0.172959 0.338057 1.45893
0.5605 1.00017e-06 1.25286e-06 0.172895 0.336659 1.45802
0.5615 1.00017e-06 1.25242e-06 0.172834 0.335339 1.45717
0.5625 1.00017e-06 1.252e-06 0.172776 0.3341 1.45637
0.5635 1.00017e-06 1.25162e-06 0.172723 0.332942 1.45562
0.5645 1.00017e-06 1.25126e-06 0.172673 0.331865 1.45492
0.5655 1.00017e-06 1.25092e-06 0.172627 0.330868 1.45427
0.5665 1.00017e-06 1.25061e-06 0.172584 0.329949 1.45368
0.5675 1.00017e-06 1.25033e-06 0.172545 0.329108 1.45314
0.5685 1.00017e-06 1.25007e-06 0.17251 0.328341 1.45264
0.5695 1.00017e-06 1.24984e-06 0.172478 0.327644 1.45219
0.5705 1.00018e-06 1.24963e-06 0.172448 0.327015 1.45179
0.5715 1.00018e-06 1.24944e-06 0.172422 0.326449 1.45142
0.5725 1.00018e-06 1.24927e-06 0.172399 0.325943 1.4511
0.5735 1.00018e-06 1.24911e-06 0.172378 0.325492 1.4508
0.5745 1.00018e-06 1.24898e-06 0.172359 0.325092 1.45055
0.5755 1.00018e-06 1.24886e-06 0.172343 0.324738 1.45032
0.5765 1.00018e-06 1.24876e-06 0.172328 0.324428 1.45012
0.5775 1.00018e-06 1.24867e-06 0.172316 0.324157 1.44995
0.5785 1.00018e-06 1.24859e-06 0.172305 0.32392 1.44979
0.5795 1.00018e-06 1.24852e-06 0.172295 0.323715 1.44966
0.5805 1.00018e-06 1.24846e-06 0.172287 0.323538 1.44955
0.5815 1.00018e-06 1.2484e-06 0.17228 0.323385 1.44945
0.5825 1.00018e-06 1.24836e-06 0.172273 0.323254 1.44937
0.5835 1.00018e-06 1.24832e-06 0.172268 0.323143 1.4493
0.5845 1.00018e-06 1.24829e-06 0.172264 0.323048 1.44924
0.5855 1.00018e-06 1.24826e-06 0.17226 0.322968 1.44919
0.5865 1.00018e-06 1.24824e-06 0.172256 0.3229 1.44914
0.5875 1.00018e-06 1.24822e-06 0.172254 0.322843 1.44911
0.5885 1.00018e-06 1.2482e-06 0.172251 0.322795 1.44908
0.5895 1.00018e-06 1.24818e-06 0.172249 0.322755 1.44905
0.5905 1.00018e-06 1.24817e-06 0.172247 0.322722 1.44903
0.5915 1.00018e-06 1.24816e-06 0.172246 0.322694 1.44901
0.5925 1.00019e-06 1.24815e-06 0.172244 0.322671 1.449
0.5935 1.00019e-06 1.24814e-06 0.172243 0.322652 1.44899
0.5945 1.00019e-06 1.24813e-06 0.172242 0.322636 1.44898
0.5955 1.00019e-06 1.24813e-06 0.172241 0.322623 1.44897
0.5965 1.00019e-06 1.24812e-06 0.172241 0.322612 1.44897
0.5975 1.00019e-06 1.24812e-06 0.17224 0.322604 1.44896
0.5985 1.00019e-06 1.24811e-06 0.172239 0.322596 1.44896
0.5995 1.00019e-06 1.24811e-06 0.172238 0.32259 1.44895
0.6005 1.00063e-06 1.2487e-06 0.172238 0.322585 1.44895
0.6015 1.01041e-06 1.26193e-06 0.172237 0.322581 1.44895
0.6025 1.11928e-06 1.4084e-06 0.172237 0.322578 1.44895
0.6035 1.92413e-06 2.48558e-06 0.172236 0.322575 1.44895
0.6045 6.37221e-06 8.40967e-06 0.172235 0.322572 1.44895
0.6055 2.59725e-05 3.43972e-05 0.172231 0.32257 1.44895
0.6065 9.77054e-05 0.000129118 0.172218 0.322568 1.44895
0.6075 0.000321975 0.000424162 0.172179 0.322566 1.44895
0.6085 0.000933447 0.00122593 0.172072 0.322565 1.44895
0.6095 0.00241041 0.00315683 0.171815 0.322563 1.44894
0.6105 0.0056104 0.00732946 0.17126 0.322562 1.44894
0.6115 0.011892 0.0155021 0.170176 0.322561 1.44894
0.6125 0.0231573 0.0301311 0.168236 0.32256 1.44894
0.6135 0.0417433 0.0542294 0.165043 0.322559 1.44895
0.6145 0.0701208 0.090979 0.160176 0.322558 1.44895
0.6155 0.110423 0.143126 0.153273 0.322557 1.44895
0.6165 0.163901 0.212283 0.144121 0.322556 1.44895
0.6175 0.23046 0.29834 0.132735 0.322555 1.44895
0.6185 0.308432 0.399164 0.119396 0.322554 1.44895
0.6195 0.39467 0.510725 0.104634 0.322553 1.44895
0.6205 0.484969 0.627629 0.089163 0.322552 1.44895
0.6215 0.574707 0.743933 0.0737666 0.322551 1.44895
0.6225 0.65954 0.854036 0.0591854 0.32255 1.44895
0.6235 0.735982 0.953423 0.0460172 0.32255 1.44895
0.6245 0.801763 1.03913 0.0346557 0.322549 1.44895
0.6255 0.855914 1.10986 0.0252742 0.322548 1.44895
0.6265 0.898625 1.1658 0.017849 0.322547 1.44895
0.6275 0.930951 1.20829 0.0122075 0.322546 1.44896
0.6285 0.954459 1.23931 0.00808745 0.322545 1.44896
0.6295 0.970905 1.2611 0.00519159 0.322544 1.44896
0.6305 0.981986 1.27587 0.00323035 0.322543 1.44896
0.6315 0.989186 1.28553 0.00194911 0.322542 1.44896
0.6325 0.993701 1.29163 0.00114091 0.322541 1.44896
0.6335 0.996436 1.29537 0.000648194 0.32254 1.44897
0.6345 0.998038 1.2976 0.000357613 0.322539 1.44897
0.6355 0.998946 1.29889 0.000191701 0.322539 1.44897
0.6365 0.999444 1.29962 9.99143e-05 0.322538 1.44897
0.6375 0.999708 1.30004 5.06784e-05 0.322537 1.44897
0.6385 0.999845 1.30027 2.50518e-05 0.322537 1.44897
0.6395 0.999913 1.30041 1.21012e-05 0.322536 1.44897
0.6405 0.999945 1.3005 5.74272e-06 0.322535 1.44897
0.6415 0.999961 1.30055 2.70799e-06 0.322535 1.44897
0.6425 0.999967 1.3006 1.29923e-06 0.322534 1.44898
0.6435 0.99997 1.30063 6.62833e-07 0.322534 1.44898
0.6445 0.999971 1.30067 3.82931e-07 0.322534 1.44898
0.6455 0.999972 1.30069 2.63018e-07 0.322533 1.44898
0.6465 0.999972 1.30072 2.12958e-07 0.322533 1.44898
0.6475 0.999972 1.30074 1.92585e-07 0.322532 1.44898
0.6485 0.999971 1.30077 1.845e-07 0.322532 1.44898
0.6495 0.999971 1.30079 1.81371e-07 0.322532 1.44898
0.6505 0.999971 1.30081 1.8019e-07 0.322531 1.44898
0.6515 0.999971 1.30083 1.79756e-07 0.322531 1.44899
0.6525 0.999971 1.30085 1.79601e-07 0.322531 1.44899
0.6535 0.999971 1.30087 1.79548e-07 0.32253 1.44899
0.6545 0.999971 1.30088 1.79532e-07 0.32253 1.44899
0.6555 0.999971 1.3009 1.79528e-07 0.32253 1.44899
0.6565 0.999971 1.30092 1.79528e-07 0.32253 1.44899
0.6575 0.999971 1.30093 1.79529e-07 0.32253 1.44899
0.6585 0.999971 1.30095 1.79531e-07 0.32253 1.44899
0.6595 0.999971 1.30096 1.79533e-07 0.32253 1.44899
0.6605 0.999971 1.30098 1.79535e-07 0.32253 1.449
0.6615 0.999971 1.30099 1.79537e-07 0.32253 1.449
0.6625 0.999971 1.30101 1.79539e-07 0.322529 1.449
0.6635 0.999971 1.30102 1.79541e-07 0.322529 1.449
0.6645 0.999971 1.30103 1.79542e-07 0.322527 1.449
0.6655 0.999971 1.30104 1.79543e-07 0.322525 1.44899
0.6665 0.999971 1.30104 1.79544e-07 0.322521 1.44899
0.6675 0.999971 1.30104 1.79544e-07 0.322513 1.44898
0.6685 0.999971 1.30104 1.79544e-07 0.3225 1.44896
0.6695 0.999971 1.30103 1.79542e-07 0.322479 1.44892
0.6705 0.999971 1.301 1.79538e-07 0.322444 1.44887
0.6715 0.999971 1.30095 1.79531e-07 0.322388 1.44878
0.6725 0.999971 1.30086 1.79519e-07 0.322299 1.44863
0.6735 0.999971 1.30073 1.79501e-07 0.322161 1.44841
0.6745 0.999971 1.30051 1.79471e-07 0.321947 1.44806
0.6755 0.999971 1.30018 1.79425e-07 0.32162 1.44754
0.6765 0.999971 1.29967 1.79355e-07 0.321127 1.44674
0.6775 0.999971 1.29891 1.79249e-07 0.320389 1.44554
0.6785 0.999971 1.29778 1.79094e-07 0.319298 1.44377
0.6795 0.999972 1.29613 1.78866e-07 0.317703 1.44119
0.6805 0.999973 1.29374 1.78536e-07 0.315393 1.43746
0.6815 0.999974 1.29032 1.78065e-07 0.31209 1.43214
0.6825 0.999977 1.28551 1.77401e-07 0.307424 1.42465
0.6835 0.999982 1.27883 1.76479e-07 0.300927 1.41427
0.6845 0.999992 1.26974 1.75225e-07 0.292032 1.40017
0.6855 1.00001 1.25763 1.73554e-07 0.280099 1.38144
0.6865 1.00003 1.24195 1.7139e-07 0.264494 1.35727
0.6875 1.00007 1.22234 1.68683e-07 0.244728 1.32717
0.6885 1.00011 1.19883 1.65439e-07 0.22067 1.29131
0.6895 1.00016 1.17209 1.61749e-07 0.192794 1.25083
0.6905 1.00019 1.14346 1.57798e-07 0.162338 1.20788
0.6915 1.0002 1.11483 1.53847e-07 0.131229 1.16536
0.6925 1.00018 1.08819 1.5017e-07 0.10169 1.12623
0.6935 1.00014 1.06511 1.46986e-07 0.0756439 1.09268
0.6945 1.00009 1.04641 1.44405e-07 0.0542313 1.06576
0.6955 1.00005 1.03211 1.42432e-07 0.0376811 1.04533
0.6965 1.00003 1.02169 1.40993e-07 0.0255248 1.03054
0.6975 1.00001 1.01437 1.39983e-07 0.0169467 1.0202
0.6985 1.00001 1.00938 1.39295e-07 0.0110751 1.01317
0.6995 1 1.00605 1.38835e-07 0.00714709 1.00848
0.7005 1 1.00386 1.38533e-07 0.00456436 1.00541
0.7015 1 1.00244 1.38337e-07 0.00288886 1.00342
0.7025 0.999999 1.00153 1.38212e-07 0.00181368 1.00215
0.7035 0.999999 1.00095 1.38132e-07 0.0011301 1.00134
0.7045 0.999999 1.00059 1.38082e-07 0.000699065 1.00083
0.7055 0.999999 1.00036 1.3805e-07 0.000429364 1.00051
0.7065 0.999999 1.00022 1.38031e-07 0.000261857 1.00031
0.7075 0.999999 1.00013 1.38018e-07 0.000158575 1.00019
0.7085 0.999999 1.00008 1.38011e-07 9.53535e-05 1.00011
0.7095 0.999999 1.00005 1.38007e-07 5.69329e-05 1.00007
0.7105 0.999999 1.00003 1.38004e-07 3.37536e-05 1.00004
0.7115 0.999999 1.00002 1.38002e-07 1.9871e-05 1.00002
0.7125 0.999999 1.00001 1.38001e-07 1.16169e-05 1.00001
0.7135 0.999999 1 1.38001e-07 6.74488e-06 1.00001
0.7145 0.999999 1 1.38e-07 3.88986e-06 1
0.7155 0.999999 1 1.38e-07 2.2287e-06 1
0.7165 0.999999 1 1.38e-07 1.26889e-06 1
0.7175 0.999999 1 1.38e-07 7.18092e-07 1
0.7185 0.999999 0.999999 1.38e-07 4.04077e-07 1
0.7195 0.999999 0.999999 1.38e-07 2.26177e-07 1
0.7205 0.999999 0.999999 1.38e-07 1.25988e-07 1
0.7215 0.999999 0.999999 1.38e-07 6.98759e-08 1
0.7225 0.999999 0.999999 1.38e-07 3.86088e-08 1
0.7235 0.999999 0.999999 1.38e-07 2.12653e-08 1
0.7245 0.999999 0.999999 1.38e-07 1.16832e-08 1
0.7255 0.999999 0.999999 1.38e-07 6.4069e-09 1
0.7265 0.999999 0.999999 1.38e-07 3.50935e-09 1
0.7275 0.999999 0.999999 1.38e-07 1.92126e-09 1
0.7285 0.999999 0.999999 1.38e-07 1.05195e-09 1
0.7295 0.999999 0.999999 1.38e-07 5.76376e-10 1
0.7305 0.999999 0.999999 1.38e-07 3.16171e-10 1
0.7315 0.999999 0.999999 1.38e-07 1.73703e-10 1
0.7325 0.999999 0.999999 1.38e-07 9.56031e-11 1
0.7335 0.999999 0.999999 1.38e-07 5.27195e-11 1
0.7345 0.999999 0.999999 1.38e-07 2.91276e-11 1
0.7355 0.999999 0.999999 1.38e-07 1.61222e-11 1
0.7365 0.999999 0.999999 1.38e-07 8.93783e-12 1
0.7375 0.999999 0.999999 1.38e-07 4.9614e-12 1
0.7385 0.999999 0.999999 1.38e-07 2.75656e-12 1
0.7395 0.999999 0.999999 1.38e-07 1.53232e-12 1
0.7405 0.999999 0.999999 1.38e-07 8.51777e-13 1
0.7415 0.999999 0.999999 1.38e-07 4.73288e-13 1
0.7425 0.999999 0.999999 1.38e-07 2.6278e-13 1
0.7435 0.999999 0.999999 1.38e-07 1.45639e-13 1
0.7445 0.999999 0.999999 1.38e-07 8.04602e-14 1
0.7455 0.999999 0.999999 1.38e-07 4.4313e-14 1
0.7465 0.999999 0.999999 1.38e-07 2.42227e-14 1
0.7475 0.999999 0.999999 1.38e-07 1.31804e-14 1
0.7485 0.999999 0.999999 1.38e-07 7.11546e-15 1
0.7495 0.999999 0.999999 1.38e-07 3.81966e-15 1
0.7505 0.999999 0.999999 1.38e-07 1.99767e-15 1
0.7515 0.999999 0.999999 1.38e-07 1.05063e-15 1
0.7525 0.999999 0.999999 1.38e-07 3.85055e-16 1
0.7535 0.999999 0.999999 1.38e-07 1.03698e-16 1
0.7545 0.999999 0.999999 1.38e-07 0 1
0.7555 0.999999 0.999999 1.38e-07 0 1
0.7565 0.999999 0.999999 1.38e-07 0 1
0.7575 0.999999 0.999999 1.38e-07 0 1
0.7585 0.999999 0.999999 1.38e-07 0 1
0.7595 0.999999 0.999999 1.38e-07 0 1
0.7605 0.999999 0.999999 1.38e-07 0 1
0.7615 0.999999 0.999999 1.38e-07 0 1
0.7625 0.999999 0.999999 1.38e-07 0 1
0.7635 0.999999 0.999999 1.38e-07 0 1
0.7645 0.999999 0.999999 1.38e-07 0 1
0.7655 0.999999 0.999999 1.38e-07 0 1
0.7665 0.999999 0.999999 1.38e-07 0 1
0.7675 0.999999 0.999999 1.38e-07 0 1
0.7685 0.999999 0.999999 1.38e-07 0 1
0.7695 0.999999 0.999999 1.38e-07 0 1
0.7705 0.999999 0.999999 1.38e-07 0 1
0.7715 0.999999 0.999999 1.38e-07 0 1
0.7725 0.999999 0.999999 1.38e-07 0 1
0.7735 0.999999 0.999999 1.38e-07 0 1
0.7745 0.999999 0.999999 1.38e-07 0 1
0.7755 0.999999 0.999999 1.38e-07 0 1
0.7765 0.999999 0.999999 1.38e-07 0 1
0.7775 0.999999 0.999999 1.38e-07 0 1
0.7785 0.999999 0.999999 1.38e-07 0 1
0.7795 0.999999 0.999999 1.38e-07 0 1
0.7805 0.999999 0.999999 1.38e-07 0 1
0.7815 0.999999 0.999999 1.38e-07 0 1
0.7825 0.999999 0.999999 1.38e-07 0 1
0.7835 0.999999 0.999999 1.38e-07 0 1
0.7845 0.999999 0.999999 1.38e-07 0 1
0.7855 0.999999 0.999999 1.38e-07 0 1
0.7865 0.999999 0.999999 1.38e-07 0 1
0.7875 0.999999 0.999999 1.38e-07 0 1
0.7885 0.999999 0.999999 1.38e-07 0 1
0.7895 0.999999 0.999999 1.38e-07 0 1
0.7905 0.999999 0.999999 1.38e-07 0 1
0.7915 0.999999 0.999999 1.38e-07 0 1
0.7925 0.999999 0.999999 1.38e-07 0 1
0.7935 0.999999 0.999999 1.38e-07 0 1
0.7945 0.999999 0.999999 1.38e-07 0 1
0.7955 0.999999 0.999999 1.38e-07 0 1
0.7965 0.999999 0.999999 1.38e-07 0 1
0.7975 0.999999 0.999999 1.38e-07 0 1
0.7985 0.999999 0.999999 1.38e-07 0 1
0.7995 0.999999 0.999999 1.38e-07 0 1
0.8005 0.999999 0.999999 1.38e-07 0 1
0.8015 0.999999 0.999999 1.38e-07 0 1
0.8025 0.999999 0.999999 1.38e-07 0 1
0.8035 0.999999 0.999999 1.38e-07 0 1
0.8045 0.999999 0.999999 1.38e-07 0 1
0.8055 0.999999 0.999999 1.38e-07 0 1
0.8065 0.999999 0.999999 1.38e-07 0 1
0.8075 0.999999 0.999999 1.38e-07 0 1
0.8085 0.999999 0.999999 1.38e-07 0 1
0.8095 0.999999 0.999999 1.38e-07 0 1
0.8105 0.999999 0.999999 1.38e-07 0 1
0.8115 0.999999 0.999999 1.38e-07 0 1
0.8125 0.999999 0.999999 1.38e-07 0 1
0.8135 0.999999 0.999999 1.38e-07 0 1
0.8145 0.999999 0.999999 1.38e-07 0 1
0.8155 0.999999 0.999999 1.38e-07 0 1
0.8165 0.999999 0.999999 1.38e-07 0 1
0.8175 0.999999 0.999999 1.38e-07 0 1
0.8185 0.999999 0.999999 1.38e-07 0 1
0.8195 0.999999 0.999999 1.38e-07 0 1
0.8205 0.999999 0.999999 1.38e-07 0 1
0.8215 0.999999 0.999999 1.38e-07 0 1
0.8225 0.999999 0.999999 1.38e-07 0 1
0.8235 0.999999 0.999999 1.38e-07 0 1
0.8245 0.999999 0.999999 1.38e-07 0 1
0.8255 0.999999 0.999999 1.38e-07 0 1
0.8265 0.999999 0.999999 1.38e-07 0 1
0.8275 0.999999 0.999999 1.38e-07 0 1
0.8285 0.999999 0.999999 1.38e-07 0 1
0.8295 0.999999 0.999999 1.38e-07 0 1
0.8305 0.999999 0.999999 1.38e-07 0 1
0.8315 0.999999 0.999999 1.38e-07 0 1
0.8325 0.999999 0.999999 1.38e-07 0 1
0.8335 0.999999 0.999999 1.38e-07 0 1
0.8345 0.999999 0.999999 1.38e-07 0 1
0.8355 0.999999 0.999999 1.38e-07 0 1
0.8365 0.999999 0.999999 1.38e-07 0 1
0.8375 0.999999 0.999999 1.38e-07 0 1
0.8385 0.999999 0.999999 1.38e-07 0 1
0.8395 0.999999 0.999999 1.38e-07 0 1
0.8405 0.999999 0.999999 1.38e-07 0 1
0.8415 0.999999 0.999999 1.38e-07 0 1
0.8425 0.999999 0.999999 1.38e-07 0 1
0.8435 0.999999 0.999999 1.38e-07 0 1
0.8445 0.999999 0.999999 1.38e-07 0 1
0.8455 0.999999 0.999999 1.38e-07 0 1
0.8465 0.999999 0.999999 1.38e-07 0 1
0.8475 0.999999 0.999999 1.38e-07 0 1
0.8485 0.999999 0.999999 1.38e-07 0 1
0.8495 0.999999 0.999999 1.38e-07 0 1
0.8505 0.999999 0.999999 1.38e-07 0 1
0.8515 0.999999 0.999999 1.38e-07 0 1
0.8525 0.999999 0.999999 1.38e-07 0 1
0.8535 0.999999 0.999999 1.38e-07 0 1
0.8545 0.999999 0.999999 1.38e-07 0 1
0.8555 0.999999 0.999999 1.38e-07 0 1
0.8565 0.999999 0.999999 1.38e-07 0 1
0.8575 0.999999 0.999999 1.38e-07 0 1
0.8585 0.999999 0.999999 1.38e-07 0 1
0.8595 0.999999 0.999999 1.38e-07 0 1
0.8605 0.999999 0.999999 1.38e-07 0 1
0.8615 0.999999 0.999999 1.38e-07 0 1
0.8625 0.999999 0.999999 1.38e-07 0 1
0.8635 0.999999 0.999999 1.38e-07 0 1
0.8645 0.999999 0.999999 1.38e-07 0 1
0.8655 0.999999 0.999999 1.38e-07 0 1
0.8665 0.999999 0.999999 1.38e-07 0 1
0.8675 0.999999 0.999999 1.38e-07 0 1
0.8685 0.999999 0.999999 1.38e-07 0 1
0.8695 0.999999 0.999999 1.38e-07 0 1
0.8705 0.999999 0.999999 1.38e-07 0 1
0.8715 0.999999 0.999999 1.38e-07 0 1
0.8725 0.999999 0.999999 1.38e-07 0 1
0.8735 0.999999 0.999999 1.38e-07 0 1
0.8745 0.999999 0.999999 1.38e-07 0 1
0.8755 0.999999 0.999999 1.38e-07 0 1
0.8765 0.999999 0.999999 1.38e-07 0 1
0.8775 0.999999 0.999999 1.38e-07 0 1
0.8785 0.999999 0.999999 1.38e-07 0 1
0.8795 0.999999 0.999999 1.38e-07 0 1
0.8805 0.999999 0.999999 1.38e-07 0 1
0.8815 0.999999 0.999999 1.38e-07 0 1
0.8825 0.999999 0.999999 1.38e-07 0 1
0.8835 0.999999 0.999999 1.38e-07 0 1
0.8845 0.999999 0.999999 1.38e-07 0 1
0.8855 0.999999 0.999999 1.38e-07 0 1
0.8865 0.999999 0.999999 1.38e-07 0 1
0.8875 0.999999 0.999999 1.38e-07 0 1
0.8885 0.999999 0.999999 1.38e-07 0 1
0.8895 0.999999 0.999999 1.38e-07 0 1
0.8905 0.999999 0.999999 1.38e-07 0 1
0.8915 0.999999 0.999999 1.38e-07 0 1
0.8925 0.999999 0.999999 1.38e-07 0 1
0.8935 0.999999 0.999999 1.38e-07 0 1
0.8945 0.999999 0.999999 1.38e-07 0 1
0.8955 0.999999 0.999999 1.38e-07 0 1
0.8965 0.999999 0.999999 1.38e-07 0 1
0.8975 0.999999 0.999999 1.38e-07 0 1
0.8985 0.999999 0.999999 1.38e-07 0 1
0.8995 0.999999 0.999999 1.38e-07 0 1
0.9005 0.999999 0.999999 1.38e-07 0 1
0.9015 0.999999 0.999999 1.38e-07 0 1
0.9025 0.999999 0.999999 1.38e-07 0 1
0.9035 0.999999 0.999999 1.38e-07 0 1
0.9045 0.999999 0.999999 1.38e-07 0 1
0.9055 0.999999 0.999999 1.38e-07 0 1
0.9065 0.999999 0.999999 1.38e-07 0 1
0.9075 0.999999 0.999999 1.38e-07 0 1
0.9085 0.999999 0.999999 1.38e-07 0 1
0.9095 0.999999 0.999999 1.38e-07 0 1
0.9105 0.999999 0.999999 1.38e-07 0 1
0.9115 0.999999 0.999999 1.38e-07 0 1
0.9125 0.999999 0.999999 1.38e-07 0 1
0.9135 0.999999 0.999999 1.38e-07 0 1
0.9145 0.999999 0.999999 1.38e-07 0 1
0.9155 0.999999 0.999999 1.38e-07 0 1
0.9165 0.999999 0.999999 1.38e-07 0 1
0.9175 0.999999 0.999999 1.38e-07 0 1
0.9185 0.999999 0.999999 1.38e-07 0 1
0.9195 0.999999 0.999999 1.38e-07 0 1
0.9205 0.999999 0.999999 1.38e-07 0 1
0.9215 0.999999 0.999999 1.38e-07 0 1
0.9225 0.999999 0.999999 1.38e-07 0 1
0.9235 0.999999 0.999999 1.38e-07 0 1
0.9245 0.999999 0.999999 1.38e-07 0 1
0.9255 0.999999 0.999999 1.38e-07 0 1
0.9265 0.999999 0.999999 1.38e-07 0 1
0.9275 0.999999 0.999999 1.38e-07 0 1
0.9285 0.999999 0.999999 1.38e-07 0 1
0.9295 0.999999 0.999999 1.38e-07 0 1
0.9305 0.999999 0.999999 1.38e-07 0 1
0.9315 0.999999 0.999999 1.38e-07 0 1
0.9325 0.999999 0.999999 1.38e-07 0 1
0.9335 0.999999 0.999999 1.38e-07 0 1
0.9345 0.999999 0.999999 1.38e-07 0 1
0.9355 0.999999 0.999999 1.38e-07 0 1
0.9365 0.999999 0.999999 1.38e-07 0 1
0.9375 0.999999 0.999999 1.38e-07 0 1
0.9385 0.999999 0.999999 1.38e-07 0 1
0.9395 0.999999 0.999999 1.38e-07 0 1
0.9405 0.999999 0.999999 1.38e-07 0 1
0.9415 0.999999 0.999999 1.38e-07 0 1
0.9425 0.999999 0.999999 1.38e-07 0 1
0.9435 0.999999 0.999999 1.38e-07 0 1
0.9445 0.999999 0.999999 1.38e-07 0 1
0.9455 0.999999 0.999999 1.38e-07 0 1
0.9465 0.999999 0.999999 1.38e-07 0 1
0.9475 0.999999 0.999999 1.38e-07 0 1
0.9485 0.999999 0.999999 1.38e-07 0 1
0.9495 0.999999 0.999999 1.38e-07 0 1
0.9505 0.999999 0.999999 1.38e-07 0 1
0.9515 0.999999 0.999999 1.38e-07 0 1
0.9525 0.999999 0.999999 1.38e-07 0 1
0.9535 0.999999 0.999999 1.38e-07 0 1
0.9545 0.999999 0.999999 1.38e-07 0 1
0.9555 0.999999 0.999999 1.38e-07 0 1
0.9565 0.999999 0.999999 1.38e-07 0 1
0.9575 0.999999 0.999999 1.38e-07 0 1
0.9585 0.999999 0.999999 1.38e-07 0 1
0.9595 0.999999 0.999999 1.38e-07 0 1
0.9605 0.999999 0.999999 1.38e-07 0 1
0.9615 0.999999 0.999999 1.38e-07 0 1
0.9625 0.999999 0.999999 1.38e-07 0 1
0.9635 0.999999 0.999999 1.38e-07 0 1
0.9645 0.999999 0.999999 1.38e-07 0 1
0.9655 0.999999 0.999999 1.38e-07 0 1
0.9665 0.999999 0.999999 1.38e-07 0 1
0.9675 0.999999 0.999999 1.38e-07 0 1
0.9685 0.999999 0.999999 1.38e-07 0 1
0.9695 0.999999 0.999999 1.38e-07 0 1
0.9705 0.999999 0.999999 1.38e-07 0 1
0.9715 0.999999 0.999999 1.38e-07 0 1
0.9725 0.999999 0.999999 1.38e-07 0 1
0.9735 0.999999 0.999999 1.38e-07 0 1
0.9745 0.999999 0.999999 1.38e-07 0 1
0.9755 0.999999 0.999999 1.38e-07 0 1
0.9765 0.999999 0.999999 1.38e-07 0 1
0.9775 0.999999 0.999999 1.38e-07 0 1
0.9785 0.999999 0.999999 1.38e-07 0 1
0.9795 0.999999 0.999999 1.38e-07 0 1
0.9805 0.999999 0.999999 1.38e-07 0 1
0.9815 0.999999 0.999999 1.38e-07 0 1
0.9825 0.999999 0.999999 1.38e-07 0 1
0.9835 0.999999 0.999999 1.38e-07 0 1
0.9845 0.999999 0.999999 1.38e-07 0 1
0.9855 0.999999 0.999999 1.38e-07 0 1
0.9865 0.999999 0.999999 1.38e-07 0 1
0.9875 0.999999 0.999999 1.38e-07 0 1
0.9885 0.999999 0.999999 1.38e-07 0 1
0.9895 0.999999 0.999999 1.38e-07 0 1
0.9905 0.999999 0.999999 1.38e-07 0 1
0.9915 0.999999 0.999999 1.38e-07 0 1
0.9925 0.999999 0.999999 1.38e-07 0 1
0.9935 0.999999 0.999999 1.38e-07 0 1
0.9945 0.999999 0.999999 1.38e-07 0 1
0.9955 0.999999 0.999999 1.38e-07 0 1
0.9965 0.999999 0.999999 1.38e-07 0 1
0.9975 0.999999 0.999999 1.38e-07 0 1
0.9985 0.999999 0.999999 1.38e-07 0 1
0.9995 0.999999 0.999999 1.38e-07 0 1
