x alpha rho1 rho2 v p
0.0005 1 1.3765 1.38e-07 0.394801 1.57
0.0015 1 1.3765 1.38e-07 0.394801 1.57
0.0025 0.999999 1.3765 1.38e-07 0.394801 1.57
0.0035 0.999999 1.3765 1.38e-07 0.394801 1.57
0.0045 0.999999 1.3765 1.38e-07 0.394802 1.57
0.0055 0.999999 1.3765 1.38e-07 0.394802 1.57
0.0065 0.999999 1.3765 1.38e-07 0.394802 1.57
0.0075 0.999999 1.3765 1.38e-07 0.394803 1.56999
0.0085 1 1.37649 1.38e-07 0.394804 1.56999
0.0095 1 1.37649 1.38e-07 0.394804 1.56999
0.0105 1 1.37649 1.37999e-07 0.394805 1.56999
0.0115 1 1.37649 1.37999e-07 0.394806 1.56999
0.0125 1 1.37649 1.37999e-07 0.394808 1.56999
0.0135 1 1.37649 1.37999e-07 0.394809 1.56998
0.0145 1 1.37649 1.37999e-07 0.394811 1.56998
0.0155 1 1.37648 1.37999e-07 0.394813 1.56998
0.0165 1 1.37648 1.37998e-07 0.394815 1.56997
0.0175 1 1.37648 1.37998e-07 0.394818 1.56997
0.0185 1 1.37648 1.37998e-07 0.39482 1.56996
0.0195 1 1.37647 1.37997e-07 0.394824 1.56996
0.0205 1 1.37647 1.37997e-07 0.394827 1.56995
0.0215 1 1.37646 1.37997e-07 0.394832 1.56994
0.0225 1 1.37646 1.37996e-07 0.394836 1.56994
0.0235 1 1.37645 1.37996e-07 0.394842 1.56993
0.0245 1 1.37645 1.37995e-07 0.394847 1.56992
0.0255 1 1.37644 1.37994e-07 0.394854 1.5699
0.0265 1 1.37643 1.37993e-07 0.394861 1.56989
0.0275 1.00001 1.37643 1.37993e-07 0.394868 1.56988
0.0285 1.00001 1.37642 1.37992e-07 0.394877 1.56986
0.0295 1.00001 1.37641 1.37991e-07 0.394886 1.56985
0.0305 1.00001 1.3764 1.3799e-07 0.394895 1.56983
0.0315 1.00001 1.37638 1.37989e-07 0.394906 1.56981
0.0325 1.00001 1.37637 1.37987e-07 0.394917 1.56979
0.0335 1.00001 1.37636 1.37986e-07 0.394929 1.56977
0.0345 1.00001 1.37635 1.37985e-07 0.394942 1.56975
0.0355 1.00001 1.37633 1.37983e-07 0.394955 1.56973
0.0365 1.00001 1.37632 1.37982e-07 0.394969 1.5697
0.0375 1.00001 1.3763 1.3798e-07 0.394983 1.56968
0.0385 1.00001 1.37629 1.37979e-07 0.394998 1.56965
0.0395 1.00001 1.37627 1.37977e-07 0.395014 1.56962
0.0405 1.00001 1.37625 1.37975e-07 0.39503 1.5696
0.0415 1.00001 1.37623 1.37973e-07 0.395046 1.56957
0.0425 1.00001 1.37622 1.37972e-07 0.395062 1.56954
0.0435 1.00001 1.3762 1.3797e-07 0.395079 1.56951
0.0445 1.00001 1.37618 1.37968e-07 0.395095 1.56948
0.0455 1.00001 1.37616 1.37966e-07 0.395112 1.56945
0.0465 1.00001 1.37614 1.37964e-07 0.395128 1.56943
0.0475 1.00001 1.37613 1.37963e-07 0.395144 1.5694
0.0485 1.00001 1.37611 1.37961e-07 0.39516 1.56937
0.0495 1.00001 1.37609 1.37959e-07 0.395175 1.56934
0.0505 1.00001 1.37608 1.37958e-07 0.395189 1.56932
0.0515 1.00001 1.37606 1.37956e-07 0.395203 1.5693
0.0525 1.00001 1.37605 1.37955e-07 0.395216 1.56927
0.0535 1.00001 1.37604 1.37954e-07 0.395227 1.56925
0.0545 1.00001 1.37602 1.37952e-07 0.395238 1.56924
0.0555 1.00001 1.37601 1.37951e-07 0.395248 1.56922
0.0565 1.00001 1.376 1.3795e-07 0.395256 1.5692
0.0575 1 1.37599 1.37949e-07 0.395264 1.56919
0.0585 1 1.37599 1.37949e-07 0.39527 1.56918
0.0595 1 1.37598 1.37948e-07 0.395275 1.56917
0.0605 1 1.37598 1.37948e-07 0.395278 1.56917
0.0615 1 1.37598 1.37948e-07 0.39528 1.56916
0.0625 0.999999 1.37597 1.37947e-07 0.395281 1.56916
0.0635 0.999998 1.37597 1.37947e-07 0.395281 1.56916
0.0645 0.999998 1.37598 1.37948e-07 0.395279 1.56917
0.0655 0.999997 1.37598 1.37948e-07 0.395276 1.56917
0.0665 0.999996 1.37598 1.37948e-07 0.395273 1.56918
0.0675 0.999995 1.37599 1.37949e-07 0.395268 1.56919
0.0685 0.999994 1.37599 1.37949e-07 0.395262 1.5692
0.0695 0.999994 1.376 1.3795e-07 0.395255 1.56921
0.0705 0.999993 1.37601 1.37951e-07 0.395248 1.56922
0.0715 0.999992 1.37602 1.37952e-07 0.395239 1.56924
0.0725 0.999992 1.37603 1.37953e-07 0.395231 1.56925
0.0735 0.999991 1.37604 1.37954e-07 0.395221 1.56927
0.0745 0.999991 1.37605 1.37955e-07 0.395211 1.56929
0.0755 0.999991 1.37606 1.37956e-07 0.395201 1.56931
0.0765 0.999991 1.37607 1.37957e-07 0.395191 1.56932
0.0775 0.999991 1.37608 1.37958e-07 0.39518 1.56934
0.0785 0.99999 1.37609 1.3796e-07 0.395169 1.56936
0.0795 0.99999 1.37611 1.37961e-07 0.395159 1.56938
0.0805 0.999991 1.37612 1.37962e-07 0.395148 1.5694
0.0815 0.999991 1.37613 1.37963e-07 0.395137 1.56942
0.0825 0.999991 1.37614 1.37964e-07 0.395127 1.56943
0.0835 0.999991 1.37615 1.37965e-07 0.395116 1.56945
0.0845 0.999991 1.37616 1.37966e-07 0.395106 1.56947
0.0855 0.999991 1.37617 1.37967e-07 0.395096 1.56949
0.0865 0.999991 1.37618 1.37969e-07 0.395087 1.5695
0.0875 0.999992 1.3762 1.3797e-07 0.395077 1.56952
0.0885 0.999992 1.3762 1.37971e-07 0.395068 1.56954
0.0895 0.999992 1.37621 1.37972e-07 0.39506 1.56955
0.0905 0.999992 1.37622 1.37972e-07 0.395051 1.56956
0.0915 0.999993 1.37623 1.37973e-07 0.395043 1.56958
0.0925 0.999993 1.37624 1.37974e-07 0.395036 1.56959
0.0935 0.999993 1.37625 1.37975e-07 0.395028 1.5696
0.0945 0.999994 1.37626 1.37976e-07 0.395021 1.56962
0.0955 0.999994 1.37626 1.37976e-07 0.395015 1.56963
0.0965 0.999994 1.37627 1.37977e-07 0.395008 1.56964
0.0975 0.999994 1.37628 1.37978e-07 0.395002 1.56965
0.0985 0.999994 1.37628 1.37978e-07 0.394997 1.56966
0.0995 0.999995 1.37629 1.37979e-07 0.394991 1.56967
0.1005 0.999995 1.3763 1.3798e-07 0.394986 1.56968
0.1015 0.999995 1.3763 1.3798e-07 0.394981 1.56969
0.1025 0.999995 1.37631 1.37981e-07 0.394976 1.5697
0.1035 0.999995 1.37631 1.37981e-07 0.394971 1.5697
0.1045 0.999996 1.37632 1.37982e-07 0.394967 1.56971
0.1055 0.999996 1.37632 1.37982e-07 0.394963 1.56972
0.1065 0.999996 1.37632 1.37983e-07 0.394959 1.56972
0.1075 0.999996 1.37633 1.37983e-07 0.394955 1.56973
0.1085 0.999996 1.37633 1.37983e-07 0.394952 1.56974
0.1095 0.999996 1.37634 1.37984e-07 0.394948 1.56974
0.1105 0.999996 1.37634 1.37984e-07 0.394945 1.56975
0.1115 0.999996 1.37634 1.37984e-07 0.394942 1.56975
0.1125 0.999997 1.37635 1.37985e-07 0.394938 1.56976
0.1135 0.999997 1.37635 1.37985e-07 0.394935 1.56977
0.1145 0.999997 1.37635 1.37985e-07 0.394933 1.56977
0.1155 0.999997 1.37636 1.37986e-07 0.39493 1.56977
0.1165 0.999997 1.37636 1.37986e-07 0.394927 1.56978
0.1175 0.999997 1.37636 1.37986e-07 0.394925 1.56978
0.1185 0.999997 1.37637 1.37987e-07 0.394922 1.56979
0.1195 0.999997 1.37637 1.37987e-07 0.39492 1.56979
0.1205 0.999997 1.37637 1.37987e-07 0.394918 1.5698
0.1215 0.999997 1.37637 1.37987e-07 0.394915 1.5698
0.1225 0.999997 1.37637 1.37988e-07 0.394913 1.5698
0.1235 0.999997 1.37638 1.37988e-07 0.394911 1.56981
0.1245 0.999997 1.37638 1.37988e-07 0.394909 1.56981
0.1255 0.999997 1.37638 1.37988e-07 0.394907 1.56981
0.1265 0.999998 1.37638 1.37988e-07 0.394905 1.56982
0.1275 0.999998 1.37639 1.37989e-07 0.394903 1.56982
0.1285 0.999998 1.37639 1.37989e-07 0.394902 1.56982
0.1295 0.999998 1.37639 1.37989e-07 0.3949 1.56983
0.1305 0.999998 1.37639 1.37989e-07 0.394898 1.56983
0.1315 0.999998 1.37639 1.37989e-07 0.394897 1.56983
0.1325 0.999998 1.37639 1.3799e-07 0.394895 1.56984
0.1335 0.999998 1.3764 1.3799e-07 0.394893 1.56984
0.1345 0.999998 1.3764 1.3799e-07 0.394892 1.56984
0.1355 0.999998 1.3764 1.3799e-07 0.394891 1.56984
0.1365 0.999998 1.3764 1.3799e-07 0.394889 1.56985
0.1375 0.999998 1.3764 1.3799e-07 0.394888 1.56985
0.1385 0.999998 1.3764 1.37991e-07 0.394886 1.56985
0.1395 0.999998 1.37641 1.37991e-07 0.394885 1.56985
0.1405 0.999998 1.37641 1.37991e-07 0.394884 1.56985
0.1415 0.999998 1.37641 1.37991e-07 0.394882 1.56986
0.1425 0.999998 1.37641 1.37991e-07 0.394881 1.56986
0.1435 0.999998 1.37641 1.37991e-07 0.39488 1.56986
0.1445 0.999998 1.37641 1.37991e-07 0.394879 1.56986
0.1455 0.999998 1.37641 1.37991e-07 0.394878 1.56987
0.1465 0.999998 1.37642 1.37992e-07 0.394877 1.56987
0.1475 0.999998 1.37642 1.37992e-07 0.394876 1.56987
0.1485 0.999998 1.37642 1.37992e-07 0.394874 1.56987
0.1495 0.999998 1.37642 1.37992e-07 0.394873 1.56987
0.1505 0.999998 1.37642 1.37992e-07 0.394872 1.56987
0.1515 0.999998 1.37642 1.37992e-07 0.394871 1.56988
0.1525 0.999998 1.37642 1.37992e-07 0.39487 1.56988
0.1535 0.999998 1.37642 1.37992e-07 0.394869 1.56988
0.1545 0.999998 1.37642 1.37992e-07 0.394869 1.56988
0.1555 0.999998 1.37642 1.37993e-07 0.394868 1.56988
0.1565 0.999998 1.37643 1.37993e-07 0.394867 1.56988
0.1575 0.999998 1.37643 1.37993e-07 0.394866 1.56989
0.1585 0.999998 1.37643 1.37993e-07 0.394865 1.56989
0.1595 0.999998 1.37643 1.37993e-07 0.394864 1.56989
0.1605 0.999998 1.37643 1.37993e-07 0.394863 1.56989
0.1615 0.999998 1.37643 1.37993e-07 0.394863 1.56989
0.1625 0.999998 1.37643 1.37993e-07 0.394862 1.56989
0.1635 0.999998 1.37643 1.37993e-07 0.394861 1.56989
0.1645 0.999998 1.37643 1.37993e-07 0.39486 1.5699
0.1655 0.999998 1.37643 1.37993e-07 0.39486 1.5699
0.1665 0.999998 1.37643 1.37994e-07 0.394859 1.5699
0.1675 0.999998 1.37644 1.37994e-07 0.394858 1.5699
0.1685 0.999998 1.37644 1.37994e-07 0.394857 1.5699
0.1695 0.999998 1.37644 1.37994e-07 0.394857 1.5699
0.1705 0.999998 1.37644 1.37994e-07 0.394856 1.5699
0.1715 0.999998 1.37644 1.37994e-07 0.394855 1.5699
0.1725 0.999999 1.37644 1.37994e-07 0.394855 1.5699
0.1735 0.999999 1.37644 1.37994e-07 0.394854 1.56991
0.1745 0.999999 1.37644 1.37994e-07 0.394854 1.56991
0.1755 0.999999 1.37644 1.37994e-07 0.394853 1.56991
0.1765 0.999999 1.37644 1.37994e-07 0.394852 1.56991
0.1775 0.999999 1.37644 1.37994e-07 0.394852 1.56991
0.1785 0.999999 1.37644 1.37994e-07 0.394851 1.56991
0.1795 0.999999 1.37644 1.37994e-07 0.394851 1.56991
0.1805 0.999999 1.37644 1.37995e-07 0.39485 1.56991
0.1815 0.999999 1.37644 1.37995e-07 0.39485 1.56991
0.1825 0.999999 1.37645 1.37995e-07 0.394849 1.56991
0.1835 0.999999 1.37645 1.37995e-07 0.394849 1.56992
0.1845 0.999999 1.37645 1.37995e-07 0.394848 1.56992
0.1855 0.999999 1.37645 1.37995e-07 0.394848 1.56992
0.1865 0.999999 1.37645 1.37995e-07 0.394847 1.56992
0.1875 0.999999 1.37645 1.37995e-07 0.394847 1.56992
0.1885 0.999999 1.37645 1.37995e-07 0.394846 1.56992
0.1895 0.999999 1.37645 1.37995e-07 0.394846 1.56992
0.1905 0.999999 1.37645 1.37995e-07 0.394845 1.56992
0.1915 0.999999 1.37645 1.37995e-07 0.394845 1.56992
0.1925 0.999999 1.37645 1.37995e-07 0.394844 1.56992
0.1935 0.999999 1.37645 1.37995e-07 0.394844 1.56992
0.1945 0.999999 1.37645 1.37995e-07 0.394844 1.56992
0.1955 0.999999 1.37645 1.37995e-07 0.394843 1.56993
0.1965 0.999999 1.37645 1.37995e-07 0.394843 1.56993
0.1975 0.999999 1.37645 1.37995e-07 0.394842 1.56993
0.1985 0.999999 1.37645 1.37995e-07 0.394842 1.56993
0.1995 0.999999 1.37645 1.37995e-07 0.394842 1.56993
0.2005 0.999999 1.37645 1.37995e-07 0.394841 1.56993
0.2015 0.999999 1.37645 1.37996e-07 0.394841 1.56993
0.2025 0.999999 1.37645 1.37996e-07 0.39484 1.56993
0.2035 0.999999 1.37645 1.37996e-07 0.39484 1.56993
0.2045 0.999999 1.37646 1.37996e-07 0.39484 1.56993
0.2055 0.999999 1.37646 1.37996e-07 0.394839 1.56993
0.2065 0.999999 1.37646 1.37996e-07 0.394839 1.56993
0.2075 0.999999 1.37646 1.37996e-07 0.394839 1.56993
0.2085 0.999999 1.37646 1.37996e-07 0.394838 1.56993
0.2095 0.999999 1.37646 1.37996e-07 0.394838 1.56993
0.2105 0.999999 1.37646 1.37996e-07 0.394838 1.56993
0.2115 0.999999 1.37646 1.37996e-07 0.394837 1.56993
0.2125 0.999999 1.37646 1.37996e-07 0.394837 1.56994
0.2135 0.999999 1.37646 1.37996e-07 0.394837 1.56994
0.2145 0.999999 1.37646 1.37996e-07 0.394837 1.56994
0.2155 0.999999 1.37646 1.37996e-07 0.394836 1.56994
0.2165 0.999999 1.37646 1.37996e-07 0.394836 1.56994
0.2175 0.999999 1.37646 1.37996e-07 0.394836 1.56994
0.2185 0.999999 1.37646 1.37996e-07 0.394835 1.56994
0.2195 0.999999 1.37646 1.37996e-07 0.394835 1.56994
0.2205 0.999999 1.37646 1.37996e-07 0.394835 1.56994
0.2215 0.999999 1.37646 1.37996e-07 0.394835 1.56994
0.2225 0.999999 1.37646 1.37996e-07 0.394834 1.56994
0.2235 0.999999 1.37646 1.37996e-07 0.394834 1.56994
0.2245 0.999999 1.37646 1.37996e-07 0.394834 1.56994
0.2255 0.999999 1.37646 1.37996e-07 0.394834 1.56994
0.2265 0.999999 1.37646 1.37996e-07 0.394833 1.56994
0.2275 0.999999 1.37646 1.37996e-07 0.394833 1.56994
0.2285 0.999999 1.37646 1.37996e-07 0.394833 1.56994
0.2295 0.999999 1.37646 1.37996e-07 0.394833 1.56994
0.2305 0.999999 1.37646 1.37996e-07 0.394833 1.56994
0.2315 0.999999 1.37646 1.37996e-07 0.394832 1.56994
0.2325 0.999999 1.37646 1.37996e-07 0.394832 1.56994
0.2335 0.999999 1.37646 1.37996e-07 0.394832 1.56994
0.2345 0.999999 1.37646 1.37996e-07 0.394832 1.56994
0.2355 0.999999 1.37646 1.37996e-07 0.394832 1.56994
0.2365 0.999999 1.37646 1.37996e-07 0.394832 1.56994
0.2375 0.999999 1.37646 1.37996e-07 0.394833 1.56994
0.2385 0.999999 1.37646 1.37996e-07 0.394833 1.56994
0.2395 1 1.37646 1.37996e-07 0.394834 1.56994
0.2405 1 1.37646 1.37996e-07 0.394835 1.56994
0.2415 1 1.37646 1.37996e-07 0.394836 1.56994
0.2425 1 1.37646 1.37996e-07 0.394839 1.56993
0.2435 1 1.37645 1.37996e-07 0.394841 1.56993
0.2445 1 1.37645 1.37995e-07 0.394845 1.56992
0.2455 1 1.37644 1.37995e-07 0.39485 1.56991
0.2465 1 1.37644 1.37994e-07 0.394857 1.5699
0.2475 1.00001 1.37643 1.37993e-07 0.394866 1.56988
0.2485 1.00001 1.37642 1.37992e-07 0.394877 1.56986
0.2495 1.00001 1.3764 1.3799e-07 0.394892 1.56984
0.2505 1.00001 1.37638 1.37988e-07 0.39491 1.5698
0.2515 1.00002 1.37636 1.37986e-07 0.394934 1.56976
0.2525 1.00002 1.37632 1.37983e-07 0.394964 1.56971
0.2535 1.00003 1.37628 1.37979e-07 0.395001 1.56964
0.2545 1.00004 1.37624 1.37974e-07 0.395048 1.56956
0.2555 1.00005 1.37617 1.37967e-07 0.395106 1.56945
0.2565 1.00006 1.3761 1.3796e-07 0.395177 1.56932
0.2575 1.00007 1.37601 1.37951e-07 0.395264 1.56917
0.2585 1.00009 1.37589 1.37939e-07 0.395369 1.56898
0.2595 1.0001 1.37576 1.37926e-07 0.395496 1.56875
0.2605 1.00012 1.3756 1.3791e-07 0.395648 1.56848
0.2615 1.00015 1.3754 1.3789e-07 0.39583 1.56816
0.2625 1.00018 1.37518 1.37867e-07 0.396045 1.56778
0.2635 1.00021 1.37491 1.3784e-07 0.396297 1.56733
0.2645 1.00024 1.37459 1.37809e-07 0.396593 1.5668
0.2655 1.00028 1.37423 1.37772e-07 0.396936 1.56619
0.2665 1.00032 1.3738 1.3773e-07 0.397333 1.56549
0.2675 1.00037 1.37332 1.37681e-07 0.397789 1.56468
0.2685 1.00042 1.37276 1.37625e-07 0.398309 1.56377
0.2695 1.00048 1.37213 1.37562e-07 0.398899 1.56272
0.2705 1.00054 1.37142 1.37491e-07 0.399565 1.56155
0.2715 1.00061 1.37062 1.3741e-07 0.400312 1.56024
0.2725 1.00068 1.36973 1.37321e-07 0.401146 1.55877
0.2735 1.00075 1.36874 1.37222e-07 0.402071 1.55715
0.2745 1.00083 1.36764 1.37112e-07 0.403092 1.55536
0.2755 1.00091 1.36645 1.36992e-07 0.404214 1.5534
0.2765 1.001 1.36513 1.36861e-07 0.40544 1.55126
0.2775 1.00108 1.36371 1.36718e-07 0.406773 1.54894
0.2785 1.00117 1.36217 1.36563e-07 0.408216 1.54643
0.2795 1.00127 1.3605 1.36396e-07 0.40977 1.54374
0.2805 1.00136 1.35872 1.36218e-07 0.411438 1.54085
0.2815 1.00145 1.35682 1.36027e-07 0.413219 1.53778
0.2825 1.00155 1.3548 1.35824e-07 0.415115 1.53451
0.2835 1.00164 1.35265 1.3561e-07 0.417123 1.53106
0.2845 1.00173 1.35039 1.35383e-07 0.419244 1.52743
0.2855 1.00182 1.34802 1.35145e-07 0.421475 1.52361
0.2865 1.00191 1.34553 1.34895e-07 0.423813 1.51962
0.2875 1.002 1.34293 1.34635e-07 0.426258 1.51547
0.2885 1.00209 1.34023 1.34364e-07 0.428803 1.51115
0.2895 1.00217 1.33743 1.34083e-07 0.431447 1.50668
0.2905 1.00225 1.33453 1.33792e-07 0.434185 1.50206
0.2915 1.00233 1.33154 1.33493e-07 0.437013 1.49731
0.2925 1.0024 1.32846 1.33184e-07 0.439925 1.49243
0.2935 1.00247 1.32531 1.32868e-07 0.442917 1.48744
0.2945 1.00254 1.32208 1.32544e-07 0.445983 1.48233
0.2955 1.0026 1.31879 1.32214e-07 0.449118 1.47713
0.2965 1.00266 1.31543 1.31878e-07 0.452316 1.47184
0.2975 1.00271 1.31202 1.31536e-07 0.455571 1.46648
0.2985 1.00276 1.30856 1.31189e-07 0.458878 1.46105
0.2995 1.0028 1.30507 1.30839e-07 0.462229 1.45556
0.3005 1.00284 1.30153 1.30485e-07 0.465619 1.45003
0.3015 1.00288 1.29798 1.30128e-07 0.469041 1.44447
0.3025 1.00291 1.2944 1.29769e-07 0.472488 1.43889
0.3035 1.00293 1.29081 1.29409e-07 0.475955 1.4333
0.3045 1.00295 1.28721 1.29049e-07 0.479434 1.4277
0.3055 1.00296 1.28362 1.28689e-07 0.482918 1.42212
0.3065 1.00297 1.28003 1.28329e-07 0.486401 1.41656
0.3075 1.00297 1.27646 1.27972e-07 0.489876 1.41104
0.3085 1.00296 1.27291 1.27617e-07 0.493335 1.40556
0.3095 1.00295 1.26939 1.27266e-07 0.496771 1.40013
0.3105 1.00294 1.26591 1.26919e-07 0.500177 1.39478
0.3115 1.00291 1.26247 1.26578e-07 0.503546 1.3895
0.3125 1.00289 1.25909 1.26244e-07 0.506871 1.3843
0.3135 1.00285 1.25576 1.25917e-07 0.510143 1.37921
0.3145 1.00281 1.25249 1.25601e-07 0.513357 1.37423
0.3155 1.00276 1.2493 1.25296e-07 0.516503 1.36937
0.3165 1.0027 1.24619 1.25005e-07 0.519576 1.36464
0.3175 1.00264 1.24316 1.24729e-07 0.522568 1.36004
0.3185 1.00257 1.24023 1.24473e-07 0.525471 1.3556
0.3195 1.0025 1.23739 1.2424e-07 0.528281 1.35132
0.3205 1.00242 1.23465 1.24032e-07 0.530989 1.3472
0.3215 1.00233 1.23201 1.23856e-07 0.533591 1.34326
0.3225 1.00224 1.22949 1.23715e-07 0.53608 1.3395
0.3235 1.00214 1.22709 1.23616e-07 0.538452 1.33593
0.3245 1.00203 1.2248 1.23564e-07 0.540703 1.33255
0.3255 1.00192 1.22263 1.23567e-07 0.542828 1.32937
0.3265 1.00181 1.22058 1.2363e-07 0.544826 1.32639
0.3275 1.0017 1.21865 1.23762e-07 0.546695 1.3236
0.3285 1.00158 1.21684 1.2397e-07 0.548434 1.32102
0.3295 1.00146 1.21515 1.24261e-07 0.550043 1.31864
0.3305 1.00134 1.21358 1.24642e-07 0.551523 1.31645
0.3315 1.00122 1.21213 1.25119e-07 0.552876 1.31445
0.3325 1.0011 1.21079 1.25698e-07 0.554107 1.31264
0.3335 1.00099 1.20957 1.26383e-07 0.555218 1.31101
0.3345 1.00088 1.20844 1.27178e-07 0.556214 1.30955
0.3355 1.00077 1.20742 1.28084e-07 0.557102 1.30826
0.3365 1.00067 1.20649 1.291e-07 0.557889 1.30711
0.3375 1.00058 1.20565 1.30224e-07 0.558579 1.3061
0.3385 1.00049 1.2049 1.31452e-07 0.559182 1.30523
0.3395 1.00042 1.20423 1.32778e-07 0.559704 1.30447
0.3405 1.00035 1.20364 1.34193e-07 0.560153 1.30382
0.3415 1.00028 1.20312 1.35687e-07 0.560536 1.30327
0.3425 1.00023 1.20266 1.37248e-07 0.560861 1.3028
0.3435 1.00019 1.20226 1.38862e-07 0.561134 1.30241
0.3445 1.00015 1.20192 1.40516e-07 0.561362 1.30208
0.3455 1.00012 1.20163 1.42193e-07 0.561551 1.30181
0.3465 1.0001 1.2014 1.43879e-07 0.561706 1.30159
0.3475 1.00009 1.2012 1.45557e-07 0.561833 1.30141
0.3485 1.00008 1.20105 1.47213e-07 0.561936 1.30127
0.3495 1.00008 1.20094 1.48833e-07 0.562019 1.30115
0.3505 1.00008 1.20086 1.50403e-07 0.562086 1.30106
0.3515 1.00008 1.20081 1.51912e-07 0.562139 1.30099
0.3525 1.00009 1.20079 1.53349e-07 0.562181 1.30093
0.3535 1.0001 1.20079 1.54707e-07 0.562214 1.30089
0.3545 1.00012 1.20081 1.5598e-07 0.56224 1.30085
0.3555 1.00013 1.20085 1.57162e-07 0.562261 1.30083
0.3565 1.00015 1.20091 1.58251e-07 0.562277 1.30081
0.3575 1.00016 1.20098 1.59247e-07 0.562289 1.30079
0.3585 1.00018 1.20106 1.6015e-07 0.562299 1.30078
0.3595 1.00019 1.20115 1.60962e-07 0.562307 1.30078
0.3605 1.00021 1.20124 1.61688e-07 0.562314 1.30077
0.3615 1.00022 1.20134 1.6233e-07 0.562319 1.30077
0.3625 1.00024 1.20144 1.62894e-07 0.562324 1.30077
0.3635 1.00025 1.20154 1.63387e-07 0.562327 1.30077
0.3645 1.00026 1.20163 1.63814e-07 0.562331 1.30077
0.3655 1.00027 1.20173 1.6418e-07 0.562334 1.30077
0.3665 1.00027 1.20182 1.64494e-07 0.562336 1.30077
0.3675 1.00028 1.20191 1.64759e-07 0.562339 1.30077
0.3685 1.00029 1.20199 1.64982e-07 0.562341 1.30077
0.3695 1.00029 1.20207 1.65169e-07 0.562344 1.30077
0.3705 1.0003 1.20215 1.65325e-07 0.562346 1.30077
0.3715 1.0003 1.20222 1.65453e-07 0.562348 1.30077
0.3725 1.00031 1.20229 1.65559e-07 0.56235 1.30078
0.3735 1.00031 1.20235 1.65645e-07 0.562352 1.30078
0.3745 1.00031 1.2024 1.65715e-07 0.562354 1.30078
0.3755 1.00032 1.20246 1.65772e-07 0.562356 1.30078
0.3765 1.00032 1.20251 1.65818e-07 0.562358 1.30078
0.3775 1.00032 1.20255 1.65854e-07 0.56236 1.30079
0.3785 1.00033 1.20259 1.65884e-07 0.562362 1.30079
0.3795 1.00033 1.20263 1.65908e-07 0.562364 1.30079
0.3805 1.00033 1.20267 1.65927e-07 0.562366 1.30079
0.3815 1.00033 1.2027 1.65942e-07 0.562367 1.30079
0.3825 1.00034 1.20274 1.65955e-07 0.562369 1.30079
0.3835 1.00034 1.20277 1.65965e-07 0.562371 1.30079
0.3845 1.00034 1.20279 1.65973e-07 0.562372 1.3008
0.3855 1.00034 1.20282 1.6598e-07 0.562374 1.3008
0.3865 1.00035 1.20284 1.65986e-07 0.562375 1.3008
0.3875 1.00035 1.20287 1.65991e-07 0.562376 1.3008
0.3885 1.00035 1.20289 1.65995e-07 0.562378 1.3008
0.3895 1.00036 1.20291 1.65999e-07 0.562379 1.3008
0.3905 1.00036 1.20292 1.66002e-07 0.56238 1.3008
0.3915 1.00036 1.20294 1.66005e-07 0.562381 1.3008
0.3925 1.00037 1.20296 1.66008e-07 0.562381 1.3008
0.3935 1.00037 1.20297 1.6601e-07 0.562382 1.3008
0.3945 1.00037 1.20299 1.66012e-07 0.562383 1.3008
0.3955 1.00037 1.203 1.66014e-07 0.562383 1.3008
0.3965 1.00038 1.20302 1.66016e-07 0.562384 1.3008
0.3975 1.00038 1.20303 1.66018e-07 0.562384 1.3008
0.3985 1.00039 1.20304 1.6602e-07 0.562384 1.3008
0.3995 1.00039 1.20305 1.66021e-07 0.562385 1.3008
0.4005 1.00039 1.20306 1.66023e-07 0.562385 1.3008
0.4015 1.0004 1.20307 1.66024e-07 0.562385 1.3008
0.4025 1.0004 1.20308 1.66025e-07 0.562384 1.3008
0.4035 1.0004 1.20309 1.66026e-07 0.562384 1.3008
0.4045 1.00041 1.2031 1.66028e-07 0.562384 1.30079
0.4055 1.00041 1.20311 1.66029e-07 0.562383 1.30079
0.4065 1.00042 1.20311 1.6603e-07 0.562382 1.30079
0.4075 1.00042 1.20312 1.66031e-07 0.562381 1.30079
0.4085 1.00042 1.20313 1.66032e-07 0.56238 1.30079
0.4095 1.00043 1.20314 1.66033e-07 0.562377 1.30079
0.4105 1.00043 1.20314 1.66034e-07 0.562373 1.30079
0.4115 1.00043 1.20316 1.66036e-07 0.562366 1.3008
0.4125 1.00043 1.20317 1.66038e-07 0.562355 1.30082
0.4135 1.00043 1.20319 1.66041e-07 0.562337 1.30084
0.4145 1.00042 1.20322 1.66045e-07 0.562305 1.30089
0.4155 1.00041 1.20328 1.66052e-07 0.562252 1.30097
0.4165 1.00038 1.20336 1.66064e-07 0.562165 1.3011
0.4175 1.00033 1.20349 1.66082e-07 0.562023 1.30133
0.4185 1.00026 1.20371 1.66112e-07 0.561795 1.30168
0.4195 1.00014 1.20404 1.66158e-07 0.561435 1.30225
0.4205 0.999958 1.20456 1.6623e-07 0.560877 1.30313
0.4215 0.999696 1.20536 1.66339e-07 0.560028 1.30446
0.4225 0.999325 1.20654 1.66503e-07 0.558764 1.30645
0.4235 0.998816 1.20826 1.66741e-07 0.556925 1.30933
0.4245 0.998145 1.21071 1.67082e-07 0.554315 1.3134
0.4255 0.9973 1.21412 1.67559e-07 0.550712 1.31903
0.4265 0.996292 1.2187 1.68213e-07 0.54589 1.32654
0.4275 0.995166 1.22466 1.69098e-07 0.539655 1.33626
0.4285 0.994008 1.23214 1.70301e-07 0.531896 1.34836
0.4295 0.992941 1.24116 1.72003e-07 0.522638 1.36282
0.4305 0.992105 1.25156 1.74628e-07 0.512085 1.37935
0.4315 0.991622 1.26301 1.79221e-07 0.500617 1.39738
0.4325 0.99157 1.27503 1.88299e-07 0.488753 1.41611
0.4335 0.991957 1.28704 2.07743e-07 0.477067 1.43465
0.4345 0.992726 1.29847 2.50774e-07 0.466097 1.45213
0.4355 0.993771 1.30887 3.46071e-07 0.456265 1.46787
0.4365 0.994966 1.31791 5.53647e-07 0.447833 1.4814
0.4375 0.996193 1.32544 9.94702e-07 0.4409 1.49254
0.4385 0.997354 1.33144 1.9055e-06 0.435429 1.50133
0.4395 0.998384 1.33603 3.73065e-06 0.431286 1.50798
0.4405 0.999245 1.33937 7.27792e-06 0.428281 1.51279
0.4415 0.99992 1.34168 1.39646e-05 0.426203 1.5161
0.4425 1.00041 1.34315 2.61933e-05 0.424847 1.51824
0.4435 1.0007 1.34394 4.78993e-05 0.42403 1.51951
0.4445 1.00079 1.34417 8.53142e-05 0.423599 1.52016
0.4455 1.00065 1.34391 0.000147978 0.42343 1.52039
0.4465 1.00021 1.34316 0.000250014 0.423432 1.52035
0.4475 0.999398 1.34184 0.000411633 0.423536 1.52015
0.4485 0.998057 1.33978 0.000660792 0.423695 1.51987
0.4495 0.995992 1.33675 0.00103485 0.42388 1.51955
0.4505 0.992942 1.33239 0.00158199 0.42407 1.51922
0.4515 0.988576 1.32628 0.00236211 0.424254 1.5189
0.4525 0.982495 1.31788 0.00344686 0.424425 1.51861
0.4535 0.974241 1.30656 0.00491847 0.424581 1.51834
0.4545 0.963309 1.29165 0.00686711 0.424721 1.5181
0.4555 0.949172 1.27243 0.00938667 0.424845 1.51789
0.4565 0.931314 1.24822 0.012569 0.424954 1.5177
0.4575 0.909267 1.21838 0.0164967 0.425048 1.51754
0.4585 0.882656 1.18241 0.0212358 0.42513 1.5174
0.4595 0.851241 1.14 0.0268275 0.4252 1.51727
0.4605 0.814956 1.09106 0.0332822 0.425259 1.51717
0.4615 0.773936 1.03579 0.0405737 0.425309 1.51707
0.4625 0.728534 0.974664 0.0486372 0.42535 1.51699
0.4635 0.679315 0.908464 0.05737 0.425383 1.51692
0.4645 0.62704 0.838219 0.0666353 0.425409 1.51686
0.4655 0.572628 0.76517 0.0762688 0.425429 1.51681
0.4665 0.517103 0.690695 0.0860879 0.425444 1.51676
0.4675 0.461539 0.616237 0.0959024 0.425454 1.51672
0.4685 0.406997 0.543212 0.105525 0.425459 1.51668
0.4695 0.354464 0.472935 0.114784 0.42546 1.51665
0.4705 0.304802 0.406551 0.123527 0.425458 1.51662
0.4715 0.258711 0.344984 0.131634 0.425453 1.51659
0.4725 0.216705 0.288909 0.139016 0.425444 1.51657
0.4735 0.1791 0.238736 0.145619 0.425434 1.51654
0.4745 0.146027 0.194629 0.151424 0.425421 1.51652
0.4755 0.117442 0.156521 0.156438 0.425405 1.5165
0.4765 0.0931581 0.124155 0.160696 0.425388 1.51648
0.4775 0.0728771 0.0971286 0.164251 0.425369 1.51646
0.4785 0.056222 0.074936 0.16717 0.425348 1.51644
0.4795 0.0427704 0.0570125 0.169527 0.425325 1.51642
0.4805 0.0320839 0.0427727 0.171399 0.425301 1.5164
0.4815 0.0237316 0.0316422 0.172863 0.425274 1.51638
0.4825 0.0173085 0.0230814 0.173988 0.425246 1.51636
0.4835 0.0124473 0.0166015 0.174839 0.425216 1.51634
0.4845 0.00882644 0.0117739 0.175473 0.425184 1.51632
0.4855 0.0061715 0.0082336 0.175937 0.425151 1.5163
0.4865 0.00425503 0.00567754 0.176272 0.425115 1.51628
0.4875 0.00289291 0.00386052 0.176509 0.425077 1.51625
0.4885 0.0019396 0.00258861 0.176674 0.425038 1.51623
0.4895 0.0012825 0.00171178 0.176788 0.424995 1.5162
0.4905 0.000836404 0.00111643 0.176864 0.424951 1.51617
0.4915 0.000538077 0.000718239 0.176914 0.424904 1.51614
0.4925 0.000341532 0.00045588 0.176946 0.424855 1.51611
0.4935 0.000213952 0.000285567 0.176966 0.424803 1.51608
0.4945 0.000132349 0.000176626 0.176977 0.424748 1.51604
0.4955 8.09128e-05 0.000107958 0.176983 0.42469 1.516
0.4965 4.89595e-05 6.52993e-05 0.176986 0.42463 1.51596
0.4975 2.93938e-05 3.91796e-05 0.176986 0.424566 1.51592
0.4985 1.7584e-05 2.34147e-05 0.176985 0.424499 1.51588
0.4995 1.05565e-05 1.40343e-05 0.176983 0.424428 1.51583
0.5005 6.4334e-06 8.53146e-06 0.17698 0.424354 1.51578
0.5015 4.04819e-06 5.34841e-06 0.176977 0.424276 1.51573
0.5025 2.68748e-06 3.53281e-06 0.176973 0.424195 1.51568
0.5035 1.92192e-06 2.51148e-06 0.176969 0.424109 1.51562
0.5045 1.4971e-06 1.94484e-06 0.176964 0.424019 1.51557
0.5055 1.26457e-06 1.63473e-06 0.17696 0.423924 1.5155
0.5065 1.13902e-06 1.46731e-06 0.176955 0.423825 1.51544
0.5075 1.07214e-06 1.37814e-06 0.17695 0.423721 1.51537
0.5085 1.037e-06 1.33126e-06 0.176945 0.423612 1.5153
0.5095 1.01877e-06 1.30694e-06 0.176939 0.423498 1.51522
0.5105 1.00944e-06 1.29448e-06 0.176934 0.423379 1.51514
0.5115 1.00473e-06 1.28816e-06 0.176928 0.423253 1.51506
0.5125 1.00238e-06 1.28499e-06 0.176921 0.423123 1.51498
0.5135 1.00123e-06 1.28341e-06 0.176915 0.422985 1.51489
0.5145 1.00067e-06 1.28261e-06 0.176908 0.422842 1.51479
0.5155 1.0004e-06 1.2822e-06 0.176901 0.422692 1.51469
0.5165 1.00027e-06 1.28198e-06 0.176893 0.422535 1.51459
0.5175 1.00021e-06 1.28185e-06 0.176885 0.422372 1.51448
0.5185 1.00018e-06 1.28175e-06 0.176877 0.4222 1.51437
0.5195 1.00017e-06 1.28167e-06 0.176869 0.422022 1.51425
0.5205 1.00017e-06 1.2816e-06 0.17686 0.421835 1.51412
0.5215 1.00016e-06 1.28153e-06 0.17685 0.42164 1.514
0.5225 1.00016e-06 1.28146e-06 0.176841 0.421436 1.51386
0.5235 1.00016e-06 1.28138e-06 0.176831 0.421223 1.51372
0.5245 1.00016e-06 1.28131e-06 0.17682 0.421002 1.51357
0.5255 1.00016e-06 1.28123e-06 0.176809 0.42077 1.51342
0.5265 1.00016e-06 1.28114e-06 0.176798 0.420529 1.51326
0.5275 1.00016e-06 1.28106e-06 0.176786 0.420277 1.51309
0.5285 1.00016e-06 1.28097e-06 0.176773 0.420015 1.51292
0.5295 1.00016e-06 1.28087e-06 0.17676 0.419741 1.51274
0.5305 1.00016e-06 1.28077e-06 0.176747 0.419456 1.51255
0.5315 1.00016e-06 1.28067e-06 0.176733 0.419159 1.51235
0.5325 1.00016e-06 1.28057e-06 0.176718 0.418849 1.51214
0.5335 1.00016e-06 1.28046e-06 0.176703 0.418527 1.51193
0.5345 1.00017e-06 1.28034e-06 0.176687 0.418191 1.51171
0.5355 1.00017e-06 1.28022e-06 0.17667 0.417841 1.51147
0.5365 1.00017e-06 1.28009e-06 0.176653 0.417477 1.51123
0.5375 1.00017e-06 1.27996e-06 0.176635 0.417098 1.51098
0.5385 1.00017e-06 1.27983e-06 0.176616 0.416703 1.51072
0.5395 1.00017e-06 1.27969e-06 0.176597 0.416292 1.51044
0.5405 1.00017e-06 1.27954e-06 0.176577 0.415864 1.51016
0.5415 1.00017e-06 1.27939e-06 0.176556 0.415419 1.50986
0.5425 1.00017e-06 1.27923e-06 0.176534 0.414956 1.50955
0.5435 1.00017e-06 1.27907e-06 0.176511 0.414474 1.50923
0.5445 1.00017e-06 1.27889e-06 0.176487 0.413972 1.5089
0.5455 1.00017e-06 1.27872e-06 0.176463 0.41345 1.50855
0.5465 1.00017e-06 1.27853e-06 0.176437 0.412908 1.50819
0.5475 1.00017e-06 1.27834e-06 0.176411 0.412343 1.50782
0.5485 1.00017e-06 1.27814e-06 0.176383 0.411756 1.50743
0.5495 1.00017e-06 1.27793e-06 0.176354 0.411145 1.50702
0.5505 1.00017e-06 1.27772e-06 0.176325 0.41051 1.5066
0.5515 1.00017e-06 1.27749e-06 0.176294 0.40985 1.50616
0.5525 1.00017e-06 1.27726e-06 0.176261 0.409163 1.5057
0.5535 1.00017e-06 1.27701e-06 0.176228 0.408449 1.50523
0.5545 1.00017e-06 1.27676e-06 0.176193 0.407706 1.50474
0.5555 1.00017e-06 1.2765e-06 0.176157 0.406935 1.50422
0.5565 1.00017e-06 1.27623e-06 0.176119 0.406132 1.50369
0.5575 1.00017e-06 1.27594e-06 0.17608 0.405299 1.50314
0.5585 1.00017e-06 1.27565e-06 0.17604 0.404432 1.50256
0.5595 1.00017e-06 1.27534e-06 0.175997 0.403532 1.50196
0.5605 1.00017e-06 1.27503e-06 0.175954 0.402597 1.50134
0.5615 1.00017e-06 1.2747e-06 0.175908 0.401625 1.5007
0.5625 1.00017e-06 1.27435e-06 0.175861 0.400616 1.50003
0.5635 1.00017e-06 1.274e-06 0.175812 0.399569 1.49934
0.5645 1.00017e-06 1.27363e-06 0.175761 0.398482 1.49862
0.5655 1.00017e-06 1.27325e-06 0.175708 0.397354 1.49787
0.5665 1.00017e-06 1.27285e-06 0.175653 0.396184 1.49709
0.5675 1.00017e-06 1.27244e-06 0.175597 0.394971 1.49629
0.5685 1.00017e-06 1.27201e-06 0.175538 0.393714 1.49546
0.5695 1.00017e-06 1.27157e-06 0.175477 0.392412 1.4946
0.5705 1.00017e-06 1.27112e-06 0.175414 0.391064 1.49371
0.5715 1.00017e-06 1.27064e-06 0.175349 0.389671 1.49279
0.5725 1.00017e-06 1.27016e-06 0.175282 0.38823 1.49184
0.5735 1.00018e-06 1.26965e-06 0.175212 0.386743 1.49085
0.5745 1.00018e-06 1.26914e-06 0.175141 0.385209 1.48984
0.5755 1.00018e-06 1.2686e-06 0.175067 0.383629 1.4888
0.5765 1.00018e-06 1.26805e-06 0.174991 0.382003 1.48773
0.5775 1.00018e-06 1.26749e-06 0.174913 0.380332 1.48663
0.5785 1.00018e-06 1.26691e-06 0.174834 0.378618 1.4855
0.5795 1.00018e-06 1.26632e-06 0.174752 0.376862 1.48434
0.5805 1.00018e-06 1.26572e-06 0.174669 0.375067 1.48316
0.5815 1.00018e-06 1.2651e-06 0.174583 0.373235 1.48196
0.5825 1.00018e-06 1.26447e-06 0.174497 0.37137 1.48073
0.5835 1.00018e-06 1.26383e-06 0.174409 0.369476 1.47949
0.5845 1.00018e-06 1.26319e-06 0.17432 0.367557 1.47823
0.5855 1.00018e-06 1.26254e-06 0.17423 0.365617 1.47696
0.5865 1.00018e-06 1.26188e-06 0.174139 0.363663 1.47568
0.5875 1.00018e-06 1.26122e-06 0.174048 0.361701 1.4744
0.5885 1.00018e-06 1.26056e-06 0.173957 0.359735 1.47311
0.5895 1.00018e-06 1.2599e-06 0.173866 0.357774 1.47183
0.5905 1.00018e-06 1.25925e-06 0.173776 0.355823 1.47056
0.5915 1.00018e-06 1.2586e-06 0.173687 0.353891 1.4693
0.5925 1.00018e-06 1.25796e-06 0.173598 0.351983 1.46806
0.5935 1.00018e-06 1.25733e-06 0.173512 0.350108 1.46684
0.5945 1.00018e-06 1.25672e-06 0.173427 0.348272 1.46564
0.5955 1.00019e-06 1.25612e-06 0.173344 0.346481 1.46448
0.5965 1.00019e-06 1.25554e-06 0.173264 0.344742 1.46335
0.5975 1.00019e-06 1.25497e-06 0.173186 0.343061 1.46226
0.5985 1.00019e-06 1.25443e-06 0.173112 0.341442 1.46122
0.5995 1.00019e-06 1.25392e-06 0.17304 0.33989 1.46022
0.6005 1.0002e-06 1.25344e-06 0.172972 0.33841 1.45926
0.6015 1.0006e-06 1.25352e-06 0.172907 0.337003 1.45836
0.6025 1.00574e-06 1.26002e-06 0.172847 0.335671 1.45751
0.6035 1.04974e-06 1.3188e-06 0.172789 0.334417 1.45671
0.6045 1.33139e-06 1.69558e-06 0.172736 0.333241 1.45596
0.6055 2.76918e-06 3.61218e-06 0.172686 0.332142 1.45526
0.6065 8.86567e-06 1.17074e-05 0.172639 0.331119 1.45462
0.6075 3.09523e-05 4.09271e-05 0.172593 0.33017 1.45403
0.6085 0.000100747 0.000132948 0.172542 0.329293 1.45349
0.6095 0.000296182 0.000389823 0.172472 0.328486 1.453
0.6105 0.000787197 0.00103339 0.172355 0.327744 1.45256
0.6115 0.00190527 0.00249514 0.172132 0.327064 1.45216
0.6125 0.00423199 0.00553027 0.171703 0.326443 1.45179
0.6135 0.00868812 0.0113318 0.17091 0.325875 1.45147
0.6145 0.0165894 0.0216011 0.169527 0.325359 1.45117
0.6155 0.0296266 0.0385215 0.167266 0.324891 1.45089
0.6165 0.0497345 0.0645882 0.163795 0.324469 1.45064
0.6175 0.0788379 0.102281 0.158788 0.324094 1.45039
0.6185 0.118504 0.153621 0.151976 0.323765 1.45016
0.6195 0.169573 0.219691 0.143218 0.323482 1.44994
0.6205 0.231851 0.30025 0.132543 0.323245 1.44974
0.6215 0.303972 0.393552 0.120185 0.323053 1.44957
0.6225 0.383464 0.496426 0.10656 0.322902 1.44941
0.6235 0.467028 0.604637 0.0922278 0.322789 1.44929
0.6245 0.550968 0.713432 0.0778172 0.322705 1.44919
0.6255 0.631679 0.818163 0.0639422 0.322647 1.44912
0.6265 0.706084 0.914847 0.0511296 0.322607 1.44907
0.6275 0.771942 1.00057 0.0397656 0.32258 1.44903
0.6285 0.82799 1.07367 0.0300715 0.322563 1.44901
0.6295 0.873908 1.13369 0.022108 0.322552 1.449
0.6305 0.910167 1.18122 0.015801 0.322545 1.44899
0.6315 0.937793 1.21753 0.0109797 0.322541 1.44898
0.6325 0.958122 1.24435 0.00741894 0.322538 1.44898
0.6335 0.972585 1.2635 0.0048757 0.322536 1.44898
0.6345 0.982542 1.27675 0.00311742 0.322535 1.44898
0.6355 0.989181 1.28564 0.00193978 0.322534 1.44898
0.6365 0.993471 1.29142 0.00117505 0.322533 1.44898
0.6375 0.99616 1.29508 0.000693211 0.322532 1.44898
0.6385 0.997796 1.29734 0.000398433 0.322531 1.44898
0.6395 0.998763 1.29869 0.000223212 0.322531 1.44898
0.6405 0.999317 1.2995 0.000121948 0.32253 1.44898
0.6415 0.999627 1.29997 6.50158e-05 0.32253 1.44898
0.6425 0.999795 1.30024 3.38599e-05 0.322529 1.44898
0.6435 0.999884 1.3004 1.72546e-05 0.322529 1.44898
0.6445 0.999929 1.3005 8.63095e-06 0.322528 1.44898
0.6455 0.999952 1.30057 4.26482e-06 0.322528 1.44898
0.6465 0.999963 1.30062 2.10877e-06 0.322527 1.44899
0.6475 0.999968 1.30066 1.06988e-06 0.322527 1.44899
0.6485 0.99997 1.30069 5.81201e-07 0.322527 1.44899
0.6495 0.999971 1.30072 3.56722e-07 0.322526 1.44899
0.6505 0.999971 1.30074 2.55981e-07 0.322526 1.44899
0.6515 0.999972 1.30077 2.11797e-07 0.322526 1.44899
0.6525 0.999971 1.30079 1.92853e-07 0.322525 1.44899
0.6535 0.999971 1.30081 1.8491e-07 0.322525 1.44899
0.6545 0.999971 1.30083 1.81653e-07 0.322525 1.44899
0.6555 0.999971 1.30085 1.80347e-07 0.322524 1.44899
0.6565 0.999971 1.30087 1.79835e-07 0.322524 1.44899
0.6575 0.999971 1.30088 1.79639e-07 0.322524 1.44899
0.6585 0.999971 1.3009 1.79567e-07 0.322524 1.44899
0.6595 0.999971 1.30091 1.79542e-07 0.322523 1.44899
0.6605 0.999971 1.30093 1.79534e-07 0.322523 1.44899
0.6615 0.999971 1.30095 1.79532e-07 0.322523 1.449
0.6625 0.999971 1.30096 1.79533e-07 0.322523 1.449
0.6635 0.999971 1.30097 1.79535e-07 0.322522 1.449
0.6645 0.999971 1.30099 1.79537e-07 0.322522 1.449
0.6655 0.999971 1.301 1.79539e-07 0.322522 1.449
0.6665 0.999971 1.30102 1.7954e-07 0.322522 1.449
0.6675 0.999971 1.30103 1.79542e-07 0.322522 1.449
0.6685 0.999971 1.30104 1.79544e-07 0.322522 1.449
0.6695 0.999971 1.30105 1.79545e-07 0.322522 1.449
0.6705 0.999971 1.30106 1.79546e-07 0.322521 1.449
0.6715 0.999971 1.30107 1.79548e-07 0.322521 1.449
0.6725 0.999971 1.30108 1.79549e-07 0.322521 1.44901
0.6735 0.999971 1.30109 1.7955e-07 0.322521 1.44901
0.6745 0.999971 1.30109 1.79551e-07 0.322521 1.44901
0.6755 0.999971 1.3011 1.79552e-07 0.32252 1.44901
0.6765 0.999971 1.30111 1.79553e-07 0.32252 1.44901
0.6775 0.999971 1.30111 1.79554e-07 0.322518 1.44901
0.6785 0.999971 1.30112 1.79554e-07 0.322516 1.449
0.6795 0.999971 1.30112 1.79554e-07 0.322511 1.449
0.6805 0.999971 1.30112 1.79554e-07 0.322504 1.44899
0.6815 0.999971 1.30111 1.79553e-07 0.322492 1.44897
0.6825 0.999971 1.3011 1.79551e-07 0.322473 1.44894
0.6835 0.999971 1.30107 1.79548e-07 0.322443 1.44889
0.6845 0.999971 1.30103 1.79542e-07 0.322396 1.44881
0.6855 0.999971 1.30096 1.79532e-07 0.322322 1.44869
0.6865 0.999971 1.30084 1.79517e-07 0.322208 1.44851
0.6875 0.999971 1.30067 1.79493e-07 0.322036 1.44823
0.6885 0.999971 1.3004 1.79456e-07 0.321777 1.44781
0.6895 0.999971 1.30001 1.79401e-07 0.32139 1.44718
0.6905 0.999972 1.29942 1.7932e-07 0.320818 1.44626
0.6915 0.999972 1.29855 1.792e-07 0.31998 1.4449
0.6925 0.999972 1.29729 1.79026e-07 0.318763 1.44293
0.6935 0.999972 1.29547 1.78776e-07 0.317011 1.4401
0.6945 0.999973 1.29289 1.78419e-07 0.314515 1.43607
0.6955 0.999975 1.28925 1.77916e-07 0.310991 1.43039
0.6965 0.999978 1.28418 1.77217e-07 0.306076 1.42251
0.6975 0.999984 1.27723 1.76258e-07 0.299307 1.41172
0.6985 0.999994 1.26786 1.74966e-07 0.290134 1.3972
0.6995 1.00001 1.25551 1.73261e-07 0.277945 1.3781
0.7005 1.00003 1.23966 1.71073e-07 0.262145 1.35368
0.7015 1.00007 1.21999 1.68358e-07 0.242292 1.32352
0.7025 1.00011 1.19659 1.65129e-07 0.218307 1.28786
0.7035 1.00015 1.17013 1.61478e-07 0.190694 1.24784
0.7045 1.00018 1.14195 1.5759e-07 0.160683 1.2056
0.7055 1.00019 1.11386 1.53713e-07 0.130139 1.16391
0.7065 1.00017 1.08775 1.5011e-07 0.101182 1.12558
0.7075 1.00013 1.06511 1.46985e-07 0.0756321 1.09268
0.7085 1.00009 1.04671 1.44446e-07 0.0545672 1.06618
0.7095 1.00005 1.03257 1.42494e-07 0.038206 1.04598
0.7105 1.00003 1.02219 1.41062e-07 0.0261101 1.03125
0.7115 1.00001 1.01485 1.40049e-07 0.0175075 1.02087
0.7125 1.00001 1.0098 1.39352e-07 0.0115667 1.01375
0.7135 1 1.00639 1.38882e-07 0.00755326 1.00897
0.7145 1 1.00413 1.3857e-07 0.004886 1.00579
0.7155 1 1.00265 1.38366e-07 0.00313549 1.00371
0.7165 0.999999 1.00169 1.38233e-07 0.001998 1.00237
0.7175 0.999999 1.00107 1.38148e-07 0.00126492 1.0015
0.7185 0.999999 1.00067 1.38093e-07 0.000795871 1.00094
0.7195 0.999999 1.00042 1.38058e-07 0.000497733 1.00059
0.7205 0.999999 1.00026 1.38036e-07 0.000309416 1.00037
0.7215 0.999999 1.00016 1.38022e-07 0.000191194 1.00023
0.7225 0.999999 1.0001 1.38014e-07 0.000117428 1.00014
0.7235 0.999999 1.00006 1.38008e-07 7.16816e-05 1.00008
0.7245 0.999999 1.00004 1.38005e-07 4.3487e-05 1.00005
0.7255 0.999999 1.00002 1.38003e-07 2.62183e-05 1.00003
0.7265 0.999999 1.00001 1.38002e-07 1.57084e-05 1.00002
0.7275 0.999999 1.00001 1.38001e-07 9.35256e-06 1.00001
0.7285 0.999999 1 1.38001e-07 5.53362e-06 1.00001
0.7295 0.999999 1 1.38e-07 3.25373e-06 1
0.7305 0.999999 1 1.38e-07 1.90141e-06 1
0.7315 0.999999 1 1.38e-07 1.10441e-06 1
0.7325 0.999999 1 1.38e-07 6.37681e-07 1
0.7335 0.999999 0.999999 1.38e-07 3.66068e-07 1
0.7345 0.999999 0.999999 1.38e-07 2.08974e-07 1
0.7355 0.999999 0.999999 1.38e-07 1.18657e-07 1
0.7365 0.999999 0.999999 1.38e-07 6.70325e-08 1
0.7375 0.999999 0.999999 1.38e-07 3.76882e-08 1
0.7385 0.999999 0.999999 1.38e-07 2.10963e-08 1
0.7395 0.999999 0.999999 1.38e-07 1.17615e-08 1
0.7405 0.999999 0.999999 1.38e-07 6.5337e-09 1
0.7415 0.999999 0.999999 1.38e-07 3.61828e-09 1
0.7425 0.999999 0.999999 1.38e-07 1.99851e-09 1
0.7435 0.999999 0.999999 1.38e-07 1.10153e-09 1
0.7445 0.999999 0.999999 1.38e-07 6.06179e-10 1
0.7455 0.999999 0.999999 1.38e-07 3.33234e-10 1
0.7465 0.999999 0.999999 1.38e-07 1.83088e-10 1
0.7475 0.999999 0.999999 1.38e-07 1.00586e-10 1
0.7485 0.999999 0.999999 1.38e-07 5.52792e-11 1
0.7495 0.999999 0.999999 1.38e-07 3.04013e-11 1
0.7505 0.999999 0.999999 1.38e-07 1.67357e-11 1
0.7515 0.999999 0.999999 1.38e-07 9.22363e-12 1
0.7525 0.999999 0.999999 1.38e-07 5.08975e-12 1
0.7535 0.999999 0.999999 1.38e-07 2.81205e-12 1
0.7545 0.999999 0.999999 1.38e-07 1.55548e-12 1
0.7555 0.999999 0.999999 1.38e-07 8.6125e-13 1
0.7565 0.999999 0.999999 1.38e-07 4.77179e-13 1
0.7575 0.999999 0.999999 1.38e-07 2.64389e-13 1
0.7585 0.999999 0.999999 1.38e-07 1.46415e-13 1
0.7595 0.999999 0.999999 1.38e-07 8.10037e-14 1
0.7605 0.999999 0.999999 1.38e-07 4.47156e-14 1
0.7615 0.999999 0.999999 1.38e-07 2.46321e-14 1
0.7625 0.999999 0.999999 1.38e-07 1.34952e-14 1
0.7635 0.999999 0.999999 1.38e-07 7.33604e-15 1
0.7645 0.999999 0.999999 1.38e-07 3.95649e-15 1
0.7655 0.999999 0.999999 1.38e-07 2.14769e-15 1
0.7665 0.999999 0.999999 1.38e-07 1.12648e-15 1
0.7675 0.999999 0.999999 1.38e-07 6.19714e-16 1
0.7685 0.999999 0.999999 1.38e-07 2.25932e-16 1
0.7695 0.999999 0.999999 1.38e-07 7.66457e-18 1
0.7705 0.999999 0.999999 1.38e-07 0 1
0.7715 0.999999 0.999999 1.38e-07 0 1
0.7725 0.999999 0.999999 1.38e-07 0 1
0.7735 0.999999 0.999999 1.38e-07 0 1
0.7745 0.999999 0.999999 1.38e-07 0 1
0.7755 0.999999 0.999999 1.38e-07 0 1
0.7765 0.999999 0.999999 1.38e-07 0 1
0.7775 0.999999 0.999999 1.38e-07 0 1
0.7785 0.999999 0.999999 1.38e-07 0 1
0.7795 0.999999 0.999999 1.38e-07 0 1
0.7805 0.999999 0.999999 1.38e-07 0 1
0.7815 0.999999 0.999999 1.38e-07 0 1
0.7825 0.999999 0.999999 1.38e-07 0 1
0.7835 0.999999 0.999999 1.38e-07 0 1
0.7845 0.999999 0.999999 1.38e-07 0 1
0.7855 0.999999 0.999999 1.38e-07 0 1
0.7865 0.999999 0.999999 1.38e-07 0 1
0.7875 0.999999 0.999999 1.38e-07 0 1
0.7885 0.999999 0.999999 1.38e-07 0 1
0.7895 0.999999 0.999999 1.38e-07 0 1
0.7905 0.999999 0.999999 1.38e-07 0 1
0.7915 0.999999 0.999999 1.38e-07 0 1
0.7925 0.999999 0.999999 1.38e-07 0 1
0.7935 0.999999 0.999999 1.38e-07 0 1
0.7945 0.999999 0.999999 1.38e-07 0 1
0.7955 0.999999 0.999999 1.38e-07 0 1
0.7965 0.999999 0.999999 1.38e-07 0 1
0.7975 0.999999 0.999999 1.38e-07 0 1
0.7985 0.999999 0.999999 1.38e-07 0 1
0.7995 0.999999 0.999999 1.38e-07 0 1
0.8005 0.999999 0.999999 1.38e-07 0 1
0.8015 0.999999 0.999999 1.38e-07 0 1
0.8025 0.999999 0.999999 1.38e-07 0 1
0.8035 0.999999 0.999999 1.38e-07 0 1
0.8045 0.999999 0.999999 1.38e-07 0 1
0.8055 0.999999 0.999999 1.38e-07 0 1
0.8065 0.999999 0.999999 1.38e-07 0 1
0.8075 0.999999 0.999999 1.38e-07 0 1
0.8085 0.999999 0.999999 1.38e-07 0 1
0.8095 0.999999 0.999999 1.38e-07 0 1
0.8105 0.999999 0.999999 1.38e-07 0 1
0.8115 0.999999 0.999999 1.38e-07 0 1
0.8125 0.999999 0.999999 1.38e-07 0 1
0.8135 0.999999 0.999999 1.38e-07 0 1
0.8145 0.999999 0.999999 1.38e-07 0 1
0.8155 0.999999 0.999999 1.38e-07 0 1
0.8165 0.999999 0.999999 1.38e-07 0 1
0.8175 0.999999 0.999999 1.38e-07 0 1
0.8185 0.999999 0.999999 1.38e-07 0 1
0.8195 0.999999 0.999999 1.38e-07 0 1
0.8205 0.999999 0.999999 1.38e-07 0 1
0.8215 0.999999 0.999999 1.38e-07 0 1
0.8225 0.999999 0.999999 1.38e-07 0 1
0.8235 0.999999 0.999999 1.38e-07 0 1
0.8245 0.999999 0.999999 1.38e-07 0 1
0.8255 0.999999 0.999999 1.38e-07 0 1
0.8265 0.999999 0.999999 1.38e-07 0 1
0.8275 0.999999 0.999999 1.38e-07 0 1
0.8285 0.999999 0.999999 1.38e-07 0 1
0.8295 0.999999 0.999999 1.38e-07 0 1
0.8305 0.999999 0.999999 1.38e-07 0 1
0.8315 0.999999 0.999999 1.38e-07 0 1
0.8325 0.999999 0.999999 1.38e-07 0 1
0.8335 0.999999 0.999999 1.38e-07 0 1
0.8345 0.999999 0.999999 1.38e-07 0 1
0.8355 0.999999 0.999999 1.38e-07 0 1
0.8365 0.999999 0.999999 1.38e-07 0 1
0.8375 0.999999 0.999999 1.38e-07 0 1
0.8385 0.999999 0.999999 1.38e-07 0 1
0.8395 0.999999 0.999999 1.38e-07 0 1
0.8405 0.999999 0.999999 1.38e-07 0 1
0.8415 0.999999 0.999999 1.38e-07 0 1
0.8425 0.999999 0.999999 1.38e-07 0 1
0.8435 0.999999 0.999999 1.38e-07 0 1
0.8445 0.999999 0.999999 1.38e-07 0 1
0.8455 0.999999 0.999999 1.38e-07 0 1
0.8465 0.999999 0.999999 1.38e-07 0 1
0.8475 0.999999 0.999999 1.38e-07 0 1
0.8485 0.999999 0.999999 1.38e-07 0 1
0.8495 0.999999 0.999999 1.38e-07 0 1
0.8505 0.999999 0.999999 1.38e-07 0 1
0.8515 0.999999 0.999999 1.38e-07 0 1
0.8525 0.999999 0.999999 1.38e-07 0 1
0.8535 0.999999 0.999999 1.38e-07 0 1
0.8545 0.999999 0.999999 1.38e-07 0 1
0.8555 0.999999 0.999999 1.38e-07 0 1
0.8565 0.999999 0.999999 1.38e-07 0 1
0.8575 0.999999 0.999999 1.38e-07 0 1
0.8585 0.999999 0.999999 1.38e-07 0 1
0.8595 0.999999 0.999999 1.38e-07 0 1
0.8605 0.999999 0.999999 1.38e-07 0 1
0.8615 0.999999 0.999999 1.38e-07 0 1
0.8625 0.999999 0.999999 1.38e-07 0 1
0.8635 0.999999 0.999999 1.38e-07 0 1
0.8645 0.999999 0.999999 1.38e-07 0 1
0.8655 0.999999 0.999999 1.38e-07 0 1
0.8665 0.999999 0.999999 1.38e-07 0 1
0.8675 0.999999 0.999999 1.38e-07 0 1
0.8685 0.999999 0.999999 1.38e-07 0 1
0.8695 0.999999 0.999999 1.38e-07 0 1
0.8705 0.999999 0.999999 1.38e-07 0 1
0.8715 0.999999 0.999999 1.38e-07 0 1
0.8725 0.999999 0.999999 1.38e-07 0 1
0.8735 0.999999 0.999999 1.38e-07 0 1
0.8745 0.999999 0.999999 1.38e-07 0 1
0.8755 0.999999 0.999999 1.38e-07 0 1
0.8765 0.999999 0.999999 1.38e-07 0 1
0.8775 0.999999 0.999999 1.38e-07 0 1
0.8785 0.999999 0.999999 1.38e-07 0 1
0.8795 0.999999 0.999999 1.38e-07 0 1
0.8805 0.999999 0.999999 1.38e-07 0 1
0.8815 0.999999 0.999999 1.38e-07 0 1
0.8825 0.999999 0.999999 1.38e-07 0 1
0.8835 0.999999 0.999999 1.38e-07 0 1
0.8845 0.999999 0.999999 1.38e-07 0 1
0.8855 0.999999 0.999999 1.38e-07 0 1
0.8865 0.999999 0.999999 1.38e-07 0 1
0.8875 0.999999 0.999999 1.38e-07 0 1
0.8885 0.999999 0.999999 1.38e-07 0 1
0.8895 0.999999 0.999999 1.38e-07 0 1
0.8905 0.999999 0.999999 1.38e-07 0 1
0.8915 0.999999 0.999999 1.38e-07 0 1
0.8925 0.999999 0.999999 1.38e-07 0 1
0.8935 0.999999 0.999999 1.38e-07 0 1
0.8945 0.999999 0.999999 1.38e-07 0 1
0.8955 0.999999 0.999999 1.38e-07 0 1
0.8965 0.999999 0.999999 1.38e-07 0 1
0.8975 0.999999 0.999999 1.38e-07 0 1
0.8985 0.999999 0.999999 1.38e-07 0 1
0.8995 0.999999 0.999999 1.38e-07 0 1
0.9005 0.999999 0.999999 1.38e-07 0 1
0.9015 0.999999 0.999999 1.38e-07 0 1
0.9025 0.999999 0.999999 1.38e-07 0 1
0.9035 0.999999 0.999999 1.38e-07 0 1
0.9045 0.999999 0.999999 1.38e-07 0 1
0.9055 0.999999 0.999999 1.38e-07 0 1
0.9065 0.999999 0.999999 1.38e-07 0 1
0.9075 0.999999 0.999999 1.38e-07 0 1
0.9085 0.999999 0.999999 1.38e-07 0 1
0.9095 0.999999 0.999999 1.38e-07 0 1
0.9105 0.999999 0.999999 1.38e-07 0 1
0.9115 0.999999 0.999999 1.38e-07 0 1
0.9125 0.999999 0.999999 1.38e-07 0 1
0.9135 0.999999 0.999999 1.38e-07 0 1
0.9145 0.999999 0.999999 1.38e-07 0 1
0.9155 0.999999 0.999999 1.38e-07 0 1
0.9165 0.999999 0.999999 1.38e-07 0 1
0.9175 0.999999 0.999999 1.38e-07 0 1
0.9185 0.999999 0.999999 1.38e-07 0 1
0.9195 0.999999 0.999999 1.38e-07 0 1
0.9205 0.999999 0.999999 1.38e-07 0 1
0.9215 0.999999 0.999999 1.38e-07 0 1
0.9225 0.999999 0.999999 1.38e-07 0 1
0.9235 0.999999 0.999999 1.38e-07 0 1
0.9245 0.999999 0.999999 1.38e-07 0 1
0.9255 0.999999 0.999999 1.38e-07 0 1
0.9265 0.999999 0.999999 1.38e-07 0 1
0.9275 0.999999 0.999999 1.38e-07 0 1
0.9285 0.999999 0.999999 1.38e-07 0 1
0.9295 0.999999 0.999999 1.38e-07 0 1
0.9305 0.999999 0.999999 1.38e-07 0 1
0.9315 0.999999 0.999999 1.38e-07 0 1
0.9325 0.999999 0.999999 1.38e-07 0 1
0.9335 0.999999 0.999999 1.38e-07 0 1
0.9345 0.999999 0.999999 1.38e-07 0 1
0.9355 0.999999 0.999999 1.38e-07 0 1
0.9365 0.999999 0.999999 1.38e-07 0 1
0.9375 0.999999 0.999999 1.38e-07 0 1
0.9385 0.999999 0.999999 1.38e-07 0 1
0.9395 0.999999 0.999999 1.38e-07 0 1
0.9405 0.999999 0.999999 1.38e-07 0 1
0.9415 0.999999 0.999999 1.38e-07 0 1
0.9425 0.999999 0.999999 1.38e-07 0 1
0.9435 0.999999 0.999999 1.38e-07 0 1
0.9445 0.999999 0.999999 1.38e-07 0 1
0.9455 0.999999 0.999999 1.38e-07 0 1
0.9465 0.999999 0.999999 1.38e-07 0 1
0.9475 0.999999 0.999999 1.38e-07 0 1
0.9485 0.999999 0.999999 1.38e-07 0 1
0.9495 0.999999 0.999999 1.38e-07 0 1
0.9505 0.999999 0.999999 1.38e-07 0 1
0.9515 0.999999 0.999999 1.38e-07 0 1
0.9525 0.999999 0.999999 1.38e-07 0 1
0.9535 0.999999 0.999999 1.38e-07 0 1
0.9545 0.999999 0.999999 1.38e-07 0 1
0.9555 0.999999 0.999999 1.38e-07 0 1
0.9565 0.999999 0.999999 1.38e-07 0 1
0.9575 0.999999 0.999999 1.38e-07 0 1
0.9585 0.999999 0.999999 1.38e-07 0 1
0.9595 0.999999 0.999999 1.38e-07 0 1
0.9605 0.999999 0.999999 1.38e-07 0 1
0.9615 0.999999 0.999999 1.38e-07 0 1
0.9625 0.999999 0.999999 1.38e-07 0 1
0.9635 0.999999 0.999999 1.38e-07 0 1
0.9645 0.999999 0.999999 1.38e-07 0 1
0.9655 0.999999 0.999999 1.38e-07 0 1
0.9665 0.999999 0.999999 1.38e-07 0 1
0.9675 0.999999 0.999999 1.38e-07 0 1
0.9685 0.999999 0.999999 1.38e-07 0 1
0.9695 0.999999 0.999999 1.38e-07 0 1
0.9705 0.999999 0.999999 1.38e-07 0 1
0.9715 0.999999 0.999999 1.38e-07 0 1
0.9725 0.999999 0.999999 1.38e-07 0 1
0.9735 0.999999 0.999999 1.38e-07 0 1
0.9745 0.999999 0.999999 1.38e-07 0 1
0.9755 0.999999 0.999999 1.38e-07 0 1
0.9765 0.999999 0.999999 1.38e-07 0 1
0.9775 0.999999 0.999999 1.38e-07 0 1
0.9785 0.999999 0.999999 1.38e-07 0 1
0.9795 0.999999 0.999999 1.38e-07 0 1
0.9805 0.999999 0.999999 1.38e-07 0 1
0.9815 0.999999 0.999999 1.38e-07 0 1
0.9825 0.999999 0.999999 1.38e-07 0 1
0.9835 0.999999 0.999999 1.38e-07 0 1
0.9845 0.999999 0.999999 1.38e-07 0 1
0.9855 0.999999 0.999999 1.38e-07 0 1
0.9865 0.999999 0.999999 1.38e-07 0 1
0.9875 0.999999 0.999999 1.38e-07 0 1
0.9885 0.999999 0.999999 1.38e-07 0 1
0.9895 0.999999 0.999999 1.38e-07 0 1
0.9905 0.999999 0.999999 1.38e-07 0 1
0.9915 0.999999 0.999999 1.38e-07 0 1
0.9925 0.999999 0.999999 1.38e-07 0 1
0.9935 0.999999 0.999999 1.38e-07 0 1
0.9945 0.999999 0.999999 1.38e-07 0 1
0.9955 0.999999 0.999999 1.38e-07 0 1
0.9965 0.999999 0.999999 1.38e-07 0 1
0.9975 0.999999 0.999999 1.38e-07 0 1
0.9985 0.999999 0.999999 1.38e-07 0 1
0.9995 0.999999 0.999999 1.38e-07 0 1
