x alpha rho1 rho2 v p
0.0005 1 1.37649 1.38e-07 0.394804 1.56999
0.0015 1 1.37649 1.37999e-07 0.394805 1.56999
0.0025 1 1.37649 1.37999e-07 0.394806 1.56999
0.0035 1 1.37649 1.37999e-07 0.394808 1.56998
0.0045 1 1.37649 1.37999e-07 0.394809 1.56998
0.0055 1 1.37649 1.37999e-07 0.394811 1.56998
0.0065 1 1.37648 1.37998e-07 0.394813 1.56997
0.0075 1 1.37648 1.37998e-07 0.394816 1.56997
0.0085 1 1.37648 1.37998e-07 0.394818 1.56997
0.0095 1 1.37648 1.37998e-07 0.394821 1.56996
0.0105 1 1.37647 1.37997e-07 0.394825 1.56996
0.0115 1 1.37647 1.37997e-07 0.394829 1.56995
0.0125 1 1.37646 1.37996e-07 0.394833 1.56994
0.0135 1 1.37646 1.37996e-07 0.394838 1.56993
0.0145 1 1.37645 1.37995e-07 0.394843 1.56992
0.0155 1 1.37645 1.37995e-07 0.394849 1.56991
0.0165 1 1.37644 1.37994e-07 0.394855 1.5699
0.0175 1 1.37643 1.37993e-07 0.394862 1.56989
0.0185 1.00001 1.37642 1.37993e-07 0.394869 1.56988
0.0195 1.00001 1.37642 1.37992e-07 0.394878 1.56986
0.0205 1.00001 1.37641 1.37991e-07 0.394887 1.56985
0.0215 1.00001 1.3764 1.3799e-07 0.394896 1.56983
0.0225 1.00001 1.37638 1.37989e-07 0.394906 1.56981
0.0235 1.00001 1.37637 1.37987e-07 0.394917 1.56979
0.0245 1.00001 1.37636 1.37986e-07 0.394929 1.56977
0.0255 1.00001 1.37635 1.37985e-07 0.394941 1.56975
0.0265 1.00001 1.37633 1.37983e-07 0.394954 1.56973
0.0275 1.00001 1.37632 1.37982e-07 0.394967 1.56971
0.0285 1.00001 1.3763 1.3798e-07 0.394981 1.56968
0.0295 1.00001 1.37629 1.37979e-07 0.394996 1.56966
0.0305 1.00001 1.37627 1.37977e-07 0.395011 1.56963
0.0315 1.00001 1.37625 1.37976e-07 0.395026 1.5696
0.0325 1.00001 1.37624 1.37974e-07 0.395042 1.56958
0.0335 1.00001 1.37622 1.37972e-07 0.395058 1.56955
0.0345 1.00001 1.3762 1.3797e-07 0.395074 1.56952
0.0355 1.00001 1.37619 1.37969e-07 0.39509 1.56949
0.0365 1.00001 1.37617 1.37967e-07 0.395106 1.56946
0.0375 1.00001 1.37615 1.37965e-07 0.395121 1.56944
0.0385 1.00001 1.37613 1.37963e-07 0.395137 1.56941
0.0395 1.00001 1.37612 1.37962e-07 0.395152 1.56938
0.0405 1.00001 1.3761 1.3796e-07 0.395167 1.56936
0.0415 1.00001 1.37609 1.37959e-07 0.395181 1.56933
0.0425 1.00001 1.37607 1.37957e-07 0.395194 1.56931
0.0435 1.00001 1.37606 1.37956e-07 0.395207 1.56929
0.0445 1.00001 1.37604 1.37955e-07 0.395218 1.56927
0.0455 1.00001 1.37603 1.37953e-07 0.395229 1.56925
0.0465 1.00001 1.37602 1.37952e-07 0.395239 1.56923
0.0475 1.00001 1.37601 1.37951e-07 0.395247 1.56922
0.0485 1 1.376 1.3795e-07 0.395255 1.56921
0.0495 1 1.376 1.3795e-07 0.395261 1.5692
0.0505 1 1.37599 1.37949e-07 0.395266 1.56919
0.0515 1 1.37599 1.37949e-07 0.39527 1.56918
0.0525 1 1.37598 1.37948e-07 0.395273 1.56918
0.0535 1 1.37598 1.37948e-07 0.395274 1.56918
0.0545 0.999999 1.37598 1.37948e-07 0.395274 1.56918
0.0555 0.999998 1.37598 1.37948e-07 0.395273 1.56918
0.0565 0.999997 1.37598 1.37949e-07 0.395271 1.56918
0.0575 0.999996 1.37599 1.37949e-07 0.395268 1.56919
0.0585 0.999996 1.37599 1.37949e-07 0.395264 1.56919
0.0595 0.999995 1.376 1.3795e-07 0.395259 1.5692
0.0605 0.999994 1.376 1.3795e-07 0.395253 1.56921
0.0615 0.999993 1.37601 1.37951e-07 0.395246 1.56923
0.0625 0.999993 1.37602 1.37952e-07 0.395239 1.56924
0.0635 0.999992 1.37603 1.37953e-07 0.39523 1.56925
0.0645 0.999992 1.37604 1.37954e-07 0.395222 1.56927
0.0655 0.999992 1.37605 1.37955e-07 0.395212 1.56929
0.0665 0.999991 1.37606 1.37956e-07 0.395203 1.5693
0.0675 0.999991 1.37607 1.37957e-07 0.395193 1.56932
0.0685 0.999991 1.37608 1.37958e-07 0.395183 1.56934
0.0695 0.999991 1.37609 1.37959e-07 0.395172 1.56936
0.0705 0.999991 1.3761 1.3796e-07 0.395162 1.56937
0.0715 0.999991 1.37611 1.37961e-07 0.395152 1.56939
0.0725 0.999991 1.37613 1.37963e-07 0.395141 1.56941
0.0735 0.999991 1.37614 1.37964e-07 0.395131 1.56943
0.0745 0.999991 1.37615 1.37965e-07 0.395121 1.56944
0.0755 0.999991 1.37616 1.37966e-07 0.395111 1.56946
0.0765 0.999991 1.37617 1.37967e-07 0.395101 1.56948
0.0775 0.999991 1.37618 1.37968e-07 0.395091 1.5695
0.0785 0.999992 1.37619 1.37969e-07 0.395082 1.56951
0.0795 0.999992 1.3762 1.3797e-07 0.395073 1.56953
0.0805 0.999992 1.37621 1.37971e-07 0.395064 1.56954
0.0815 0.999992 1.37622 1.37972e-07 0.395056 1.56956
0.0825 0.999993 1.37623 1.37973e-07 0.395048 1.56957
0.0835 0.999993 1.37624 1.37974e-07 0.39504 1.56958
0.0845 0.999993 1.37624 1.37974e-07 0.395032 1.5696
0.0855 0.999993 1.37625 1.37975e-07 0.395025 1.56961
0.0865 0.999994 1.37626 1.37976e-07 0.395019 1.56962
0.0875 0.999994 1.37627 1.37977e-07 0.395012 1.56963
0.0885 0.999994 1.37627 1.37977e-07 0.395006 1.56964
0.0895 0.999994 1.37628 1.37978e-07 0.395 1.56965
0.0905 0.999995 1.37629 1.37979e-07 0.394994 1.56966
0.0915 0.999995 1.37629 1.37979e-07 0.394989 1.56967
0.0925 0.999995 1.3763 1.3798e-07 0.394984 1.56968
0.0935 0.999995 1.3763 1.3798e-07 0.394979 1.56969
0.0945 0.999995 1.37631 1.37981e-07 0.394974 1.5697
0.0955 0.999996 1.37631 1.37981e-07 0.39497 1.56971
0.0965 0.999996 1.37632 1.37982e-07 0.394965 1.56971
0.0975 0.999996 1.37632 1.37982e-07 0.394961 1.56972
0.0985 0.999996 1.37633 1.37983e-07 0.394957 1.56973
0.0995 0.999996 1.37633 1.37983e-07 0.394954 1.56973
0.1005 0.999996 1.37633 1.37984e-07 0.39495 1.56974
0.1015 0.999996 1.37634 1.37984e-07 0.394947 1.56975
0.1025 0.999996 1.37634 1.37984e-07 0.394943 1.56975
0.1035 0.999997 1.37635 1.37985e-07 0.39494 1.56976
0.1045 0.999997 1.37635 1.37985e-07 0.394937 1.56976
0.1055 0.999997 1.37635 1.37985e-07 0.394934 1.56977
0.1065 0.999997 1.37636 1.37986e-07 0.394931 1.56977
0.1075 0.999997 1.37636 1.37986e-07 0.394929 1.56978
0.1085 0.999997 1.37636 1.37986e-07 0.394926 1.56978
0.1095 0.999997 1.37636 1.37986e-07 0.394924 1.56979
0.1105 0.999997 1.37637 1.37987e-07 0.394921 1.56979
0.1115 0.999997 1.37637 1.37987e-07 0.394919 1.56979
0.1125 0.999997 1.37637 1.37987e-07 0.394916 1.5698
0.1135 0.999997 1.37637 1.37987e-07 0.394914 1.5698
0.1145 0.999997 1.37638 1.37988e-07 0.394912 1.56981
0.1155 0.999997 1.37638 1.37988e-07 0.39491 1.56981
0.1165 0.999997 1.37638 1.37988e-07 0.394908 1.56981
0.1175 0.999997 1.37638 1.37988e-07 0.394906 1.56982
0.1185 0.999998 1.37638 1.37989e-07 0.394904 1.56982
0.1195 0.999998 1.37639 1.37989e-07 0.394903 1.56982
0.1205 0.999998 1.37639 1.37989e-07 0.394901 1.56983
0.1215 0.999998 1.37639 1.37989e-07 0.394899 1.56983
0.1225 0.999998 1.37639 1.37989e-07 0.394897 1.56983
0.1235 0.999998 1.37639 1.3799e-07 0.394896 1.56983
0.1245 0.999998 1.3764 1.3799e-07 0.394894 1.56984
0.1255 0.999998 1.3764 1.3799e-07 0.394893 1.56984
0.1265 0.999998 1.3764 1.3799e-07 0.394891 1.56984
0.1275 0.999998 1.3764 1.3799e-07 0.39489 1.56984
0.1285 0.999998 1.3764 1.3799e-07 0.394888 1.56985
0.1295 0.999998 1.3764 1.3799e-07 0.394887 1.56985
0.1305 0.999998 1.37641 1.37991e-07 0.394886 1.56985
0.1315 0.999998 1.37641 1.37991e-07 0.394884 1.56985
0.1325 0.999998 1.37641 1.37991e-07 0.394883 1.56986
0.1335 0.999998 1.37641 1.37991e-07 0.394882 1.56986
0.1345 0.999998 1.37641 1.37991e-07 0.394881 1.56986
0.1355 0.999998 1.37641 1.37991e-07 0.394879 1.56986
0.1365 0.999998 1.37641 1.37991e-07 0.394878 1.56986
0.1375 0.999998 1.37641 1.37992e-07 0.394877 1.56987
0.1385 0.999998 1.37642 1.37992e-07 0.394876 1.56987
0.1395 0.999998 1.37642 1.37992e-07 0.394875 1.56987
0.1405 0.999998 1.37642 1.37992e-07 0.394874 1.56987
0.1415 0.999998 1.37642 1.37992e-07 0.394873 1.56987
0.1425 0.999998 1.37642 1.37992e-07 0.394872 1.56988
0.1435 0.999998 1.37642 1.37992e-07 0.394871 1.56988
0.1445 0.999998 1.37642 1.37992e-07 0.39487 1.56988
0.1455 0.999998 1.37642 1.37992e-07 0.394869 1.56988
0.1465 0.999998 1.37642 1.37993e-07 0.394868 1.56988
0.1475 0.999998 1.37643 1.37993e-07 0.394867 1.56988
0.1485 0.999998 1.37643 1.37993e-07 0.394866 1.56988
0.1495 0.999998 1.37643 1.37993e-07 0.394865 1.56989
0.1505 0.999998 1.37643 1.37993e-07 0.394865 1.56989
0.1515 0.999998 1.37643 1.37993e-07 0.394864 1.56989
0.1525 0.999998 1.37643 1.37993e-07 0.394863 1.56989
0.1535 0.999998 1.37643 1.37993e-07 0.394862 1.56989
0.1545 0.999998 1.37643 1.37993e-07 0.394861 1.56989
0.1555 0.999998 1.37643 1.37993e-07 0.394861 1.56989
0.1565 0.999998 1.37643 1.37993e-07 0.39486 1.5699
0.1575 0.999998 1.37643 1.37994e-07 0.394859 1.5699
0.1585 0.999998 1.37643 1.37994e-07 0.394858 1.5699
0.1595 0.999998 1.37644 1.37994e-07 0.394858 1.5699
0.1605 0.999998 1.37644 1.37994e-07 0.394857 1.5699
0.1615 0.999998 1.37644 1.37994e-07 0.394856 1.5699
0.1625 0.999998 1.37644 1.37994e-07 0.394856 1.5699
0.1635 0.999999 1.37644 1.37994e-07 0.394855 1.5699
0.1645 0.999999 1.37644 1.37994e-07 0.394854 1.56991
0.1655 0.999999 1.37644 1.37994e-07 0.394854 1.56991
0.1665 0.999999 1.37644 1.37994e-07 0.394853 1.56991
0.1675 0.999999 1.37644 1.37994e-07 0.394853 1.56991
0.1685 0.999999 1.37644 1.37994e-07 0.394852 1.56991
0.1695 0.999999 1.37644 1.37994e-07 0.394852 1.56991
0.1705 0.999999 1.37644 1.37994e-07 0.394851 1.56991
0.1715 0.999999 1.37644 1.37994e-07 0.39485 1.56991
0.1725 0.999999 1.37644 1.37995e-07 0.39485 1.56991
0.1735 0.999999 1.37644 1.37995e-07 0.394849 1.56991
0.1745 0.999999 1.37645 1.37995e-07 0.394849 1.56992
0.1755 0.999999 1.37645 1.37995e-07 0.394848 1.56992
0.1765 0.999999 1.37645 1.37995e-07 0.394848 1.56992
0.1775 0.999999 1.37645 1.37995e-07 0.394847 1.56992
0.1785 0.999999 1.37645 1.37995e-07 0.394847 1.56992
0.1795 0.999999 1.37645 1.37995e-07 0.394846 1.56992
0.1805 0.999999 1.37645 1.37995e-07 0.394846 1.56992
0.1815 0.999999 1.37645 1.37995e-07 0.394845 1.56992
0.1825 0.999999 1.37645 1.37995e-07 0.394845 1.56992
0.1835 0.999999 1.37645 1.37995e-07 0.394845 1.56992
0.1845 0.999999 1.37645 1.37995e-07 0.394844 1.56992
0.1855 0.999999 1.37645 1.37995e-07 0.394844 1.56992
0.1865 0.999999 1.37645 1.37995e-07 0.394843 1.56992
0.1875 0.999999 1.37645 1.37995e-07 0.394843 1.56993
0.1885 0.999999 1.37645 1.37995e-07 0.394842 1.56993
0.1895 0.999999 1.37645 1.37995e-07 0.394842 1.56993
0.1905 0.999999 1.37645 1.37995e-07 0.394842 1.56993
0.1915 0.999999 1.37645 1.37995e-07 0.394841 1.56993
0.1925 0.999999 1.37645 1.37996e-07 0.394841 1.56993
0.1935 0.999999 1.37645 1.37996e-07 0.394841 1.56993
0.1945 0.999999 1.37645 1.37996e-07 0.39484 1.56993
0.1955 0.999999 1.37646 1.37996e-07 0.39484 1.56993
0.1965 0.999999 1.37646 1.37996e-07 0.39484 1.56993
0.1975 0.999999 1.37646 1.37996e-07 0.394839 1.56993
0.1985 0.999999 1.37646 1.37996e-07 0.394839 1.56993
0.1995 0.999999 1.37646 1.37996e-07 0.394839 1.56993
0.2005 0.999999 1.37646 1.37996e-07 0.394838 1.56993
0.2015 0.999999 1.37646 1.37996e-07 0.394838 1.56993
0.2025 0.999999 1.37646 1.37996e-07 0.394838 1.56993
0.2035 0.999999 1.37646 1.37996e-07 0.394837 1.56994
0.2045 0.999999 1.37646 1.37996e-07 0.394837 1.56994
0.2055 0.999999 1.37646 1.37996e-07 0.394837 1.56994
0.2065 0.999999 1.37646 1.37996e-07 0.394836 1.56994
0.2075 0.999999 1.37646 1.37996e-07 0.394836 1.56994
0.2085 0.999999 1.37646 1.37996e-07 0.394836 1.56994
0.2095 0.999999 1.37646 1.37996e-07 0.394835 1.56994
0.2105 0.999999 1.37646 1.37996e-07 0.394835 1.56994
0.2115 0.999999 1.37646 1.37996e-07 0.394835 1.56994
0.2125 0.999999 1.37646 1.37996e-07 0.394835 1.56994
0.2135 0.999999 1.37646 1.37996e-07 0.394834 1.56994
0.2145 0.999999 1.37646 1.37996e-07 0.394834 1.56994
0.2155 0.999999 1.37646 1.37996e-07 0.394834 1.56994
0.2165 0.999999 1.37646 1.37996e-07 0.394834 1.56994
0.2175 0.999999 1.37646 1.37996e-07 0.394833 1.56994
0.2185 0.999999 1.37646 1.37996e-07 0.394833 1.56994
0.2195 0.999999 1.37646 1.37996e-07 0.394833 1.56994
0.2205 0.999999 1.37646 1.37996e-07 0.394833 1.56994
0.2215 0.999999 1.37646 1.37996e-07 0.394833 1.56994
0.2225 0.999999 1.37646 1.37996e-07 0.394833 1.56994
0.2235 0.999999 1.37646 1.37996e-07 0.394833 1.56994
0.2245 0.999999 1.37646 1.37996e-07 0.394833 1.56994
0.2255 0.999999 1.37646 1.37996e-07 0.394833 1.56994
0.2265 0.999999 1.37646 1.37996e-07 0.394833 1.56994
0.2275 0.999999 1.37646 1.37996e-07 0.394833 1.56994
0.2285 0.999999 1.37646 1.37996e-07 0.394834 1.56994
0.2295 1 1.37646 1.37996e-07 0.394835 1.56994
0.2305 1 1.37646 1.37996e-07 0.394836 1.56994
0.2315 1 1.37646 1.37996e-07 0.394837 1.56993
0.2325 1 1.37646 1.37996e-07 0.39484 1.56993
0.2335 1 1.37645 1.37995e-07 0.394843 1.56993
0.2345 1 1.37645 1.37995e-07 0.394846 1.56992
0.2355 1 1.37644 1.37994e-07 0.394852 1.56991
0.2365 1 1.37644 1.37994e-07 0.394858 1.5699
0.2375 1.00001 1.37643 1.37993e-07 0.394867 1.56988
0.2385 1.00001 1.37641 1.37992e-07 0.394878 1.56986
0.2395 1.00001 1.3764 1.3799e-07 0.394893 1.56983
0.2405 1.00001 1.37638 1.37988e-07 0.394911 1.5698
0.2415 1.00002 1.37636 1.37986e-07 0.394934 1.56976
0.2425 1.00002 1.37633 1.37983e-07 0.394962 1.56971
0.2435 1.00003 1.37629 1.37979e-07 0.394998 1.56965
0.2445 1.00004 1.37624 1.37974e-07 0.395042 1.56957
0.2455 1.00004 1.37618 1.37968e-07 0.395096 1.56947
0.2465 1.00005 1.37611 1.37961e-07 0.395162 1.56935
0.2475 1.00007 1.37603 1.37953e-07 0.395242 1.56921
0.2485 1.00008 1.37593 1.37943e-07 0.395339 1.56904
0.2495 1.00009 1.3758 1.3793e-07 0.395455 1.56883
0.2505 1.00011 1.37566 1.37915e-07 0.395594 1.56858
0.2515 1.00013 1.37548 1.37898e-07 0.395758 1.56829
0.2525 1.00016 1.37527 1.37877e-07 0.395952 1.56794
0.2535 1.00019 1.37503 1.37853e-07 0.396179 1.56754
0.2545 1.00022 1.37475 1.37825e-07 0.396443 1.56707
0.2555 1.00025 1.37442 1.37792e-07 0.39675 1.56653
0.2565 1.00029 1.37405 1.37754e-07 0.397103 1.5659
0.2575 1.00033 1.37361 1.37711e-07 0.397507 1.56519
0.2585 1.00038 1.37312 1.37661e-07 0.397968 1.56437
0.2595 1.00043 1.37256 1.37605e-07 0.398491 1.56345
0.2605 1.00048 1.37193 1.37542e-07 0.399079 1.56241
0.2615 1.00054 1.37123 1.37472e-07 0.399739 1.56125
0.2625 1.0006 1.37044 1.37393e-07 0.400475 1.55996
0.2635 1.00066 1.36957 1.37305e-07 0.401291 1.55853
0.2645 1.00073 1.3686 1.37208e-07 0.402192 1.55695
0.2655 1.0008 1.36754 1.37102e-07 0.403181 1.55522
0.2665 1.00088 1.36639 1.36986e-07 0.404263 1.55333
0.2675 1.00096 1.36513 1.3686e-07 0.40544 1.55128
0.2685 1.00104 1.36376 1.36723e-07 0.406716 1.54906
0.2695 1.00112 1.36229 1.36576e-07 0.408091 1.54667
0.2705 1.0012 1.36071 1.36417e-07 0.409568 1.54411
0.2715 1.00129 1.35902 1.36248e-07 0.411149 1.54137
0.2725 1.00137 1.35722 1.36067e-07 0.412832 1.53846
0.2735 1.00146 1.35531 1.35876e-07 0.41462 1.53539
0.2745 1.00154 1.3533 1.35674e-07 0.41651 1.53214
0.2755 1.00162 1.35117 1.35461e-07 0.418502 1.52872
0.2765 1.00171 1.34894 1.35237e-07 0.420595 1.52514
0.2775 1.00179 1.34661 1.35003e-07 0.422787 1.5214
0.2785 1.00187 1.34417 1.34759e-07 0.425075 1.51751
0.2795 1.00195 1.34164 1.34506e-07 0.427456 1.51346
0.2805 1.00203 1.33902 1.34243e-07 0.429928 1.50928
0.2815 1.0021 1.33631 1.33971e-07 0.432486 1.50496
0.2825 1.00217 1.33351 1.33691e-07 0.435128 1.50051
0.2835 1.00224 1.33064 1.33402e-07 0.437848 1.49594
0.2845 1.00231 1.32769 1.33106e-07 0.440644 1.49127
0.2855 1.00237 1.32466 1.32803e-07 0.443509 1.48648
0.2865 1.00243 1.32158 1.32494e-07 0.446441 1.48161
0.2875 1.00248 1.31843 1.32179e-07 0.449433 1.47665
0.2885 1.00253 1.31524 1.31858e-07 0.452482 1.47161
0.2895 1.00258 1.31199 1.31533e-07 0.455581 1.4665
0.2905 1.00262 1.3087 1.31203e-07 0.458725 1.46134
0.2915 1.00266 1.30538 1.3087e-07 0.461911 1.45612
0.2925 1.0027 1.30202 1.30533e-07 0.465131 1.45087
0.2935 1.00273 1.29864 1.30194e-07 0.468381 1.44558
0.2945 1.00276 1.29524 1.29853e-07 0.471655 1.44028
0.2955 1.00278 1.29183 1.29511e-07 0.474947 1.43496
0.2965 1.0028 1.28841 1.29169e-07 0.478252 1.42964
0.2975 1.00281 1.28499 1.28826e-07 0.481564 1.42433
0.2985 1.00282 1.28158 1.28484e-07 0.484877 1.41904
0.2995 1.00282 1.27817 1.28142e-07 0.488185 1.41377
0.3005 1.00282 1.27479 1.27803e-07 0.491483 1.40853
0.3015 1.00282 1.27142 1.27466e-07 0.494763 1.40334
0.3025 1.0028 1.26809 1.27132e-07 0.498021 1.39821
0.3035 1.00279 1.26479 1.26801e-07 0.50125 1.39313
0.3045 1.00277 1.26154 1.26475e-07 0.504444 1.38813
0.3055 1.00274 1.25833 1.26153e-07 0.507595 1.38322
0.3065 1.00271 1.25518 1.25837e-07 0.510699 1.37839
0.3075 1.00267 1.25209 1.25527e-07 0.513749 1.37366
0.3085 1.00263 1.24906 1.25224e-07 0.516739 1.36904
0.3095 1.00258 1.2461 1.24928e-07 0.519661 1.36454
0.3105 1.00252 1.24323 1.2464e-07 0.522511 1.36017
0.3115 1.00247 1.24043 1.2436e-07 0.525283 1.35593
0.3125 1.0024 1.23773 1.2409e-07 0.527969 1.35183
0.3135 1.00233 1.23512 1.2383e-07 0.530566 1.34788
0.3145 1.00226 1.23261 1.2358e-07 0.533067 1.34409
0.3155 1.00218 1.2302 1.23341e-07 0.535468 1.34046
0.3165 1.0021 1.2279 1.23114e-07 0.537764 1.33699
0.3175 1.00201 1.2257 1.229e-07 0.539951 1.3337
0.3185 1.00193 1.22363 1.227e-07 0.542026 1.33059
0.3195 1.00183 1.22166 1.22515e-07 0.543986 1.32766
0.3205 1.00174 1.21982 1.22346e-07 0.54583 1.32491
0.3215 1.00165 1.21809 1.22194e-07 0.547555 1.32234
0.3225 1.00155 1.21648 1.22062e-07 0.549162 1.31996
0.3235 1.00146 1.21498 1.21951e-07 0.550651 1.31775
0.3245 1.00136 1.2136 1.21864e-07 0.552023 1.31572
0.3255 1.00127 1.21233 1.21803e-07 0.55328 1.31387
0.3265 1.00117 1.21117 1.21773e-07 0.554426 1.31218
0.3275 1.00108 1.21011 1.21775e-07 0.555463 1.31066
0.3285 1.00099 1.20915 1.21816e-07 0.556397 1.30929
0.3295 1.00091 1.20828 1.21899e-07 0.557232 1.30806
0.3305 1.00083 1.2075 1.2203e-07 0.557974 1.30698
0.3315 1.00075 1.20679 1.22214e-07 0.558629 1.30602
0.3325 1.00067 1.20616 1.22458e-07 0.559204 1.30519
0.3335 1.0006 1.2056 1.22767e-07 0.559704 1.30446
0.3345 1.00053 1.20509 1.23148e-07 0.560136 1.30383
0.3355 1.00047 1.20463 1.23606e-07 0.560508 1.30329
0.3365 1.00041 1.20422 1.24149e-07 0.560824 1.30284
0.3375 1.00036 1.20385 1.24779e-07 0.561093 1.30245
0.3385 1.00031 1.20351 1.25503e-07 0.561318 1.30212
0.3395 1.00026 1.2032 1.26323e-07 0.561506 1.30185
0.3405 1.00022 1.20291 1.27242e-07 0.561662 1.30163
0.3415 1.00018 1.20265 1.28259e-07 0.561791 1.30144
0.3425 1.00014 1.2024 1.29375e-07 0.561896 1.30129
0.3435 1.00011 1.20217 1.30585e-07 0.561981 1.30117
0.3445 1.00008 1.20196 1.31885e-07 0.56205 1.30107
0.3455 1.00006 1.20176 1.33269e-07 0.562105 1.30099
0.3465 1.00004 1.20158 1.34728e-07 0.562149 1.30093
0.3475 1.00002 1.20141 1.36252e-07 0.562184 1.30088
0.3485 1.00001 1.20126 1.37831e-07 0.562212 1.30084
0.3495 1 1.20113 1.39451e-07 0.562233 1.30081
0.3505 0.999998 1.20101 1.41099e-07 0.56225 1.30079
0.3515 0.999998 1.20091 1.42761e-07 0.562263 1.30077
0.3525 1 1.20082 1.44423e-07 0.562273 1.30076
0.3535 1.00001 1.20076 1.4607e-07 0.562281 1.30075
0.3545 1.00002 1.20071 1.47689e-07 0.562288 1.30074
0.3555 1.00003 1.20068 1.49268e-07 0.562293 1.30073
0.3565 1.00004 1.20067 1.50795e-07 0.562296 1.30073
0.3575 1.00006 1.20067 1.52259e-07 0.5623 1.30073
0.3585 1.00007 1.20069 1.53652e-07 0.562302 1.30073
0.3595 1.00009 1.20073 1.54967e-07 0.562305 1.30072
0.3605 1.00011 1.20077 1.56197e-07 0.562307 1.30072
0.3615 1.00013 1.20083 1.57341e-07 0.562308 1.30072
0.3625 1.00014 1.20091 1.58394e-07 0.56231 1.30072
0.3635 1.00016 1.20098 1.59358e-07 0.562312 1.30072
0.3645 1.00018 1.20107 1.60233e-07 0.562313 1.30072
0.3655 1.00019 1.20116 1.61021e-07 0.562315 1.30072
0.3665 1.00021 1.20126 1.61726e-07 0.562316 1.30073
0.3675 1.00022 1.20135 1.62351e-07 0.562318 1.30073
0.3685 1.00024 1.20145 1.62903e-07 0.562319 1.30073
0.3695 1.00025 1.20154 1.63385e-07 0.562321 1.30073
0.3705 1.00026 1.20164 1.63803e-07 0.562322 1.30073
0.3715 1.00027 1.20173 1.64165e-07 0.562324 1.30073
0.3725 1.00027 1.20182 1.64474e-07 0.562325 1.30073
0.3735 1.00028 1.20191 1.64737e-07 0.562327 1.30073
0.3745 1.00029 1.20199 1.6496e-07 0.562329 1.30073
0.3755 1.00029 1.20207 1.65147e-07 0.56233 1.30074
0.3765 1.0003 1.20214 1.65303e-07 0.562332 1.30074
0.3775 1.0003 1.20221 1.65433e-07 0.562334 1.30074
0.3785 1.00031 1.20227 1.6554e-07 0.562336 1.30074
0.3795 1.00031 1.20233 1.65628e-07 0.562338 1.30074
0.3805 1.00032 1.20239 1.657e-07 0.56234 1.30074
0.3815 1.00032 1.20244 1.65758e-07 0.562341 1.30075
0.3825 1.00032 1.20249 1.65806e-07 0.562343 1.30075
0.3835 1.00032 1.20254 1.65844e-07 0.562345 1.30075
0.3845 1.00033 1.20258 1.65875e-07 0.562347 1.30075
0.3855 1.00033 1.20262 1.659e-07 0.562349 1.30075
0.3865 1.00033 1.20265 1.6592e-07 0.562351 1.30076
0.3875 1.00033 1.20269 1.65936e-07 0.562353 1.30076
0.3885 1.00034 1.20272 1.6595e-07 0.562355 1.30076
0.3895 1.00034 1.20275 1.6596e-07 0.562357 1.30076
0.3905 1.00034 1.20278 1.65969e-07 0.562359 1.30076
0.3915 1.00035 1.2028 1.65977e-07 0.562361 1.30077
0.3925 1.00035 1.20283 1.65983e-07 0.562363 1.30077
0.3935 1.00035 1.20285 1.65988e-07 0.562365 1.30077
0.3945 1.00035 1.20287 1.65993e-07 0.562366 1.30077
0.3955 1.00036 1.20289 1.65997e-07 0.562368 1.30077
0.3965 1.00036 1.20291 1.66e-07 0.56237 1.30078
0.3975 1.00036 1.20293 1.66003e-07 0.562371 1.30078
0.3985 1.00037 1.20295 1.66006e-07 0.562372 1.30078
0.3995 1.00037 1.20297 1.66009e-07 0.562372 1.30078
0.4005 1.00037 1.20298 1.66011e-07 0.562371 1.30079
0.4015 1.00037 1.203 1.66014e-07 0.562368 1.3008
0.4025 1.00037 1.20302 1.66017e-07 0.562363 1.30081
0.4035 1.00037 1.20305 1.66021e-07 0.562352 1.30083
0.4045 1.00037 1.20308 1.66025e-07 0.562334 1.30086
0.4055 1.00036 1.20312 1.66031e-07 0.562303 1.30092
0.4065 1.00034 1.20318 1.66039e-07 0.562252 1.301
0.4075 1.00032 1.20327 1.66051e-07 0.562169 1.30113
0.4085 1.00028 1.2034 1.66069e-07 0.562039 1.30134
0.4095 1.00021 1.2036 1.66097e-07 0.561838 1.30166
0.4105 1.00012 1.20389 1.66138e-07 0.56153 1.30215
0.4115 0.999982 1.20433 1.66198e-07 0.561067 1.30288
0.4125 0.999785 1.20498 1.66287e-07 0.560385 1.30395
0.4135 0.999511 1.20591 1.66416e-07 0.559396 1.3055
0.4145 0.999142 1.20724 1.666e-07 0.557988 1.3077
0.4155 0.998657 1.2091 1.66856e-07 0.556026 1.31076
0.4165 0.998043 1.21163 1.67205e-07 0.553348 1.31493
0.4175 0.997295 1.21502 1.67673e-07 0.549782 1.32047
0.4185 0.996428 1.21944 1.68282e-07 0.545157 1.32766
0.4195 0.995477 1.22503 1.69054e-07 0.539333 1.33672
0.4205 0.994509 1.2319 1.70002e-07 0.532234 1.34777
0.4215 0.99361 1.24005 1.71127e-07 0.523884 1.36079
0.4225 0.99288 1.24938 1.72414e-07 0.514431 1.37557
0.4235 0.992411 1.25963 1.73829e-07 0.504151 1.3917
0.4245 0.992264 1.27046 1.75323e-07 0.493426 1.40861
0.4255 0.992458 1.28143 1.76838e-07 0.482691 1.4256
0.4265 0.992968 1.29212 1.78313e-07 0.472378 1.44201
0.4275 0.993729 1.30211 1.79694e-07 0.462851 1.45724
0.4285 0.994656 1.31111 1.80943e-07 0.454375 1.47083
0.4295 0.995661 1.31892 1.82042e-07 0.447097 1.48254
0.4305 0.996665 1.32548 1.83007e-07 0.441055 1.49227
0.4315 0.997609 1.33079 1.83911e-07 0.4362 1.50009
0.4325 0.998452 1.33497 1.84952e-07 0.432424 1.50618
0.4335 0.999176 1.33814 1.86609e-07 0.42958 1.51075
0.4345 0.999775 1.34046 1.90025e-07 0.427514 1.51406
0.4355 1.00025 1.34209 1.97834e-07 0.426073 1.51636
0.4365 1.00063 1.34319 2.15944e-07 0.425117 1.51787
0.4375 1.00091 1.34388 2.57167e-07 0.424525 1.51879
0.4385 1.00112 1.34427 3.48378e-07 0.424198 1.51929
0.4395 1.00127 1.34445 5.4406e-07 0.424056 1.51949
0.4405 1.00137 1.34448 9.51046e-07 0.424039 1.51949
0.4415 1.00144 1.34442 1.77199e-06 0.4241 1.51936
0.4425 1.00148 1.3443 3.37898e-06 0.424208 1.51917
0.4435 1.0015 1.34414 6.43361e-06 0.424339 1.51894
0.4445 1.00149 1.34394 1.20754e-05 0.424478 1.51869
0.4455 1.00145 1.34372 2.22064e-05 0.424616 1.51846
0.4465 1.00137 1.34344 3.9904e-05 0.424747 1.51823
0.4475 1.00121 1.34308 6.99956e-05 0.424868 1.51802
0.4485 1.00095 1.34258 0.000119824 0.424978 1.51783
0.4495 1.00051 1.34186 0.000200218 0.425075 1.51766
0.4505 0.999809 1.3408 0.000326664 0.425161 1.51751
0.4515 0.998732 1.33924 0.000520629 0.425237 1.51738
0.4525 0.997114 1.33697 0.000810941 0.425302 1.51727
0.4535 0.994745 1.33369 0.00123509 0.425359 1.51717
0.4545 0.991359 1.32905 0.00184025 0.425407 1.51708
0.4555 0.986635 1.32261 0.00268375 0.425449 1.51701
0.4565 0.980196 1.31386 0.00383276 0.425484 1.51695
0.4575 0.971617 1.30224 0.00536296 0.425513 1.51689
0.4585 0.96044 1.28712 0.00735601 0.425538 1.51685
0.4595 0.946193 1.26787 0.00989566 0.425559 1.51681
0.4605 0.92842 1.24387 0.0130628 0.425575 1.51678
0.4615 0.906714 1.21458 0.0169295 0.425589 1.51675
0.4625 0.88075 1.17957 0.0215526 0.4256 1.51673
0.4635 0.850324 1.13856 0.0269673 0.425609 1.51671
0.4645 0.815382 1.0915 0.0331819 0.425616 1.5167
0.4655 0.776043 1.03855 0.0401734 0.425622 1.51669
0.4665 0.732613 0.980126 0.0478858 0.425626 1.51668
0.4675 0.685583 0.916907 0.0562302 0.425629 1.51668
0.4685 0.635613 0.849786 0.0650878 0.425631 1.51667
0.4695 0.583505 0.779846 0.0743152 0.425633 1.51667
0.4705 0.530161 0.708303 0.0837517 0.425633 1.51666
0.4715 0.476538 0.63644 0.0932279 0.425634 1.51666
0.4725 0.423593 0.565538 0.102575 0.425634 1.51666
0.4735 0.372233 0.496811 0.111633 0.425633 1.51666
0.4745 0.323274 0.43134 0.120259 0.425633 1.51666
0.4755 0.2774 0.370035 0.128335 0.425632 1.51666
0.4765 0.235141 0.313594 0.135769 0.425631 1.51666
0.4775 0.19686 0.262493 0.142498 0.425629 1.51666
0.4785 0.162752 0.216982 0.148489 0.425628 1.51666
0.4795 0.132856 0.177106 0.153738 0.425626 1.51666
0.4805 0.107071 0.142725 0.158264 0.425624 1.51665
0.4815 0.085186 0.11355 0.162103 0.425622 1.51665
0.4825 0.0669014 0.0891782 0.165311 0.42562 1.51665
0.4835 0.0518623 0.0691346 0.167948 0.425618 1.51665
0.4845 0.0396827 0.0529025 0.170084 0.425615 1.51665
0.4855 0.0299689 0.0399564 0.171788 0.425613 1.51665
0.4865 0.0223384 0.0297863 0.173126 0.42561 1.51665
0.4875 0.016434 0.021916 0.174161 0.425607 1.51665
0.4885 0.0119328 0.0159155 0.174951 0.425604 1.51665
0.4895 0.00855171 0.0114075 0.175544 0.425601 1.51665
0.4905 0.00604899 0.0080701 0.175983 0.425597 1.51665
0.4915 0.00422321 0.00563502 0.176303 0.425593 1.51664
0.4925 0.00291035 0.00388376 0.176533 0.425589 1.51664
0.4935 0.00197976 0.0026422 0.176696 0.425585 1.51664
0.4945 0.00132943 0.00177445 0.17681 0.425581 1.51664
0.4955 0.000881349 0.00117646 0.176888 0.425576 1.51664
0.4965 0.000576906 0.000770118 0.176941 0.425571 1.51664
0.4975 0.000372918 0.000497824 0.176977 0.425565 1.51663
0.4985 0.000238115 0.000317865 0.177 0.425559 1.51663
0.4995 0.000150248 0.000200555 0.177015 0.425553 1.51663
0.5005 9.37498e-05 0.000125121 0.177024 0.425547 1.51662
0.5015 5.79108e-05 7.7268e-05 0.17703 0.42554 1.51662
0.5025 3.54805e-05 4.73185e-05 0.177034 0.425532 1.51662
0.5035 2.16288e-05 2.88233e-05 0.177035 0.425524 1.51661
0.5045 1.31875e-05 1.75527e-05 0.177036 0.425516 1.51661
0.5055 8.11087e-06 1.07747e-05 0.177037 0.425507 1.5166
0.5065 5.09751e-06 6.75171e-06 0.177036 0.425497 1.5166
0.5075 3.33203e-06 4.3949e-06 0.177036 0.425487 1.51659
0.5085 2.31096e-06 3.03198e-06 0.177036 0.425476 1.51658
0.5095 1.72798e-06 2.25391e-06 0.177035 0.425464 1.51658
0.5105 1.39936e-06 1.81538e-06 0.177034 0.425452 1.51657
0.5115 1.21646e-06 1.57134e-06 0.177034 0.425439 1.51656
0.5125 1.11595e-06 1.43724e-06 0.177033 0.425425 1.51655
0.5135 1.0614e-06 1.36448e-06 0.177032 0.42541 1.51655
0.5145 1.03216e-06 1.32548e-06 0.177031 0.425394 1.51654
0.5155 1.01668e-06 1.30484e-06 0.17703 0.425377 1.51653
0.5165 1.00859e-06 1.29405e-06 0.177029 0.425359 1.51651
0.5175 1.00441e-06 1.28847e-06 0.177028 0.42534 1.5165
0.5185 1.00228e-06 1.28562e-06 0.177027 0.42532 1.51649
0.5195 1.0012e-06 1.28418e-06 0.177025 0.425298 1.51648
0.5205 1.00067e-06 1.28346e-06 0.177024 0.425276 1.51646
0.5215 1.00041e-06 1.2831e-06 0.177023 0.425252 1.51645
0.5225 1.00028e-06 1.28292e-06 0.177022 0.425226 1.51643
0.5235 1.00022e-06 1.28283e-06 0.17702 0.425199 1.51641
0.5245 1.00019e-06 1.28278e-06 0.177019 0.42517 1.51639
0.5255 1.00017e-06 1.28275e-06 0.177017 0.42514 1.51638
0.5265 1.00017e-06 1.28273e-06 0.177015 0.425108 1.51635
0.5275 1.00017e-06 1.28271e-06 0.177013 0.425074 1.51633
0.5285 1.00016e-06 1.2827e-06 0.177012 0.425038 1.51631
0.5295 1.00016e-06 1.28268e-06 0.17701 0.425001 1.51629
0.5305 1.00016e-06 1.28267e-06 0.177008 0.424961 1.51626
0.5315 1.00016e-06 1.28265e-06 0.177005 0.424918 1.51623
0.5325 1.00016e-06 1.28263e-06 0.177003 0.424874 1.5162
0.5335 1.00016e-06 1.28261e-06 0.177001 0.424827 1.51617
0.5345 1.00016e-06 1.2826e-06 0.176998 0.424777 1.51614
0.5355 1.00016e-06 1.28258e-06 0.176995 0.424725 1.51611
0.5365 1.00016e-06 1.28256e-06 0.176993 0.42467 1.51607
0.5375 1.00016e-06 1.28254e-06 0.17699 0.424612 1.51603
0.5385 1.00017e-06 1.28251e-06 0.176987 0.424551 1.51599
0.5395 1.00017e-06 1.28249e-06 0.176983 0.424487 1.51595
0.5405 1.00017e-06 1.28247e-06 0.17698 0.424419 1.51591
0.5415 1.00017e-06 1.28244e-06 0.176976 0.424348 1.51586
0.5425 1.00017e-06 1.28241e-06 0.176973 0.424273 1.51581
0.5435 1.00017e-06 1.28238e-06 0.176969 0.424195 1.51576
0.5445 1.00017e-06 1.28235e-06 0.176965 0.424113 1.5157
0.5455 1.00017e-06 1.28232e-06 0.17696 0.424026 1.51565
0.5465 1.00017e-06 1.28229e-06 0.176956 0.423935 1.51559
0.5475 1.00017e-06 1.28226e-06 0.176951 0.42384 1.51552
0.5485 1.00017e-06 1.28222e-06 0.176946 0.423739 1.51546
0.5495 1.00017e-06 1.28218e-06 0.176941 0.423634 1.51539
0.5505 1.00017e-06 1.28214e-06 0.176936 0.423524 1.51532
0.5515 1.00017e-06 1.2821e-06 0.17693 0.423409 1.51524
0.5525 1.00017e-06 1.28206e-06 0.176924 0.423288 1.51516
0.5535 1.00017e-06 1.28202e-06 0.176918 0.423161 1.51508
0.5545 1.00017e-06 1.28197e-06 0.176912 0.423028 1.51499
0.5555 1.00017e-06 1.28192e-06 0.176905 0.422889 1.5149
0.5565 1.00017e-06 1.28187e-06 0.176898 0.422743 1.5148
0.5575 1.00017e-06 1.28182e-06 0.176891 0.422591 1.5147
0.5585 1.00017e-06 1.28177e-06 0.176884 0.422431 1.5146
0.5595 1.00017e-06 1.28171e-06 0.176876 0.422263 1.51449
0.5605 1.00017e-06 1.28165e-06 0.176868 0.422088 1.51438
0.5615 1.00017e-06 1.28159e-06 0.176859 0.421904 1.51426
0.5625 1.00017e-06 1.28152e-06 0.17685 0.421712 1.51413
0.5635 1.00017e-06 1.28146e-06 0.176841 0.421511 1.51401
0.5645 1.00017e-06 1.28139e-06 0.176831 0.4213 1.51387
0.5655 1.00017e-06 1.28131e-06 0.176821 0.42108 1.51373
0.5665 1.00017e-06 1.28124e-06 0.176811 0.420848 1.51359
0.5675 1.00017e-06 1.28116e-06 0.1768 0.420606 1.51344
0.5685 1.00017e-06 1.28108e-06 0.176789 0.420352 1.51328
0.5695 1.00017e-06 1.28099e-06 0.176777 0.420086 1.51312
0.5705 1.00017e-06 1.28091e-06 0.176765 0.419807 1.51295
0.5715 1.00017e-06 1.28082e-06 0.176752 0.419515 1.51278
0.5725 1.00017e-06 1.28072e-06 0.176739 0.419207 1.5126
0.5735 1.00017e-06 1.28062e-06 0.176726 0.418885 1.51241
0.5745 1.00017e-06 1.28052e-06 0.176712 0.418547 1.51222
0.5755 1.00017e-06 1.28042e-06 0.176698 0.418191 1.51202
0.5765 1.00017e-06 1.28031e-06 0.176683 0.417818 1.51181
0.5775 1.00017e-06 1.2802e-06 0.176668 0.417425 1.5116
0.5785 1.00016e-06 1.28009e-06 0.176652 0.417012 1.51138
0.5795 1.00016e-06 1.27998e-06 0.176636 0.416577 1.51116
0.5805 1.00016e-06 1.27986e-06 0.17662 0.41612 1.51093
0.5815 1.00016e-06 1.27973e-06 0.176603 0.415639 1.51069
0.5825 1.00016e-06 1.27961e-06 0.176586 0.415132 1.51045
0.5835 1.00016e-06 1.27948e-06 0.176568 0.414599 1.5102
0.5845 1.00015e-06 1.27935e-06 0.17655 0.414037 1.50995
0.5855 1.00015e-06 1.27922e-06 0.176532 0.413445 1.50969
0.5865 1.00015e-06 1.27908e-06 0.176513 0.412821 1.50942
0.5875 1.00015e-06 1.27894e-06 0.176494 0.412164 1.50915
0.5885 1.00014e-06 1.2788e-06 0.176474 0.411472 1.50887
0.5895 1.00014e-06 1.27865e-06 0.176454 0.410744 1.50859
0.5905 1.00014e-06 1.27851e-06 0.176434 0.409977 1.5083
0.5915 1.00013e-06 1.27835e-06 0.176413 0.409169 1.508
0.5925 1.00013e-06 1.2782e-06 0.176391 0.40832 1.5077
0.5935 1.00012e-06 1.27804e-06 0.17637 0.407427 1.5074
0.5945 1.00012e-06 1.27788e-06 0.176347 0.406489 1.50709
0.5955 1.00012e-06 1.27772e-06 0.176325 0.405503 1.50677
0.5965 1.00011e-06 1.27755e-06 0.176302 0.404469 1.50644
0.5975 1.00011e-06 1.27738e-06 0.176278 0.403384 1.50611
0.5985 1.0001e-06 1.2772e-06 0.176254 0.402247 1.50577
0.5995 1.0001e-06 1.27702e-06 0.176229 0.401057 1.50542
0.6005 1.00009e-06 1.27684e-06 0.176204 0.399812 1.50506
0.6015 1.0001e-06 1.27666e-06 0.176177 0.39851 1.50469
0.6025 1.00024e-06 1.27667e-06 0.17615 0.397152 1.50431
0.6035 1.00174e-06 1.27853e-06 0.176123 0.395735 1.50392
0.6045 1.01296e-06 1.29371e-06 0.176094 0.39426 1.50352
0.6055 1.08011e-06 1.38513e-06 0.176064 0.392724 1.5031
0.6065 1.4133e-06 1.83802e-06 0.176033 0.391127 1.50267
0.6075 2.82501e-06 3.75113e-06 0.176001 0.38947 1.50222
0.6085 8.03845e-06 1.07946e-05 0.175967 0.387751 1.50176
0.6095 2.5086e-05 3.37588e-05 0.17593 0.38597 1.50127
0.6105 7.50611e-05 0.000100894 0.175885 0.384127 1.50077
0.6115 0.000207728 0.000278657 0.175825 0.382224 1.50024
0.6125 0.00052931 0.000708525 0.175729 0.380259 1.49969
0.6135 0.00124606 0.0016645 0.175562 0.378233 1.49911
0.6145 0.00272369 0.00363129 0.175259 0.376146 1.49851
0.6155 0.00555583 0.00739383 0.174716 0.373998 1.49786
0.6165 0.0106251 0.0141166 0.17378 0.371787 1.49716
0.6175 0.0191321 0.0253798 0.17224 0.369509 1.49639
0.6185 0.0325628 0.0431346 0.169837 0.367159 1.49553
0.6195 0.0525736 0.0695491 0.166284 0.364727 1.49453
0.6205 0.0807877 0.10674 0.161299 0.362205 1.49336
0.6215 0.118526 0.156419 0.154651 0.35958 1.49195
0.6225 0.166519 0.219511 0.146213 0.356845 1.49026
0.6235 0.224667 0.295845 0.136002 0.353998 1.48823
0.6245 0.291911 0.383985 0.124201 0.351049 1.48583
0.6255 0.366265 0.481268 0.111157 0.348021 1.48304
0.6265 0.445001 0.584067 0.0973466 0.344957 1.4799
0.6275 0.524973 0.688227 0.0833223 0.341916 1.47649
0.6285 0.603003 0.789581 0.0696426 0.338971 1.47291
0.6295 0.676247 0.884441 0.0568071 0.336194 1.46932
0.6305 0.742482 0.969972 0.0452045 0.333655 1.46586
0.6315 0.800264 1.04438 0.0350855 0.3314 1.46266
0.6325 0.848956 1.10694 0.026559 0.32946 1.45981
0.6335 0.888638 1.15781 0.0196083 0.327837 1.45736
0.6345 0.919946 1.1979 0.0141202 0.326517 1.45533
0.6355 0.943884 1.22852 0.00991888 0.325471 1.45369
0.6365 0.961637 1.25123 0.00679767 0.324661 1.45242
0.6375 0.974416 1.26757 0.00454573 0.324048 1.45144
0.6385 0.983352 1.27902 0.0029667 0.323594 1.45071
0.6395 0.989425 1.28681 0.00188999 0.323264 1.45018
0.6405 0.993441 1.29197 0.0011756 0.323029 1.4498
0.6415 0.996024 1.29531 0.00071415 0.322863 1.44954
0.6425 0.997642 1.29742 0.000423811 0.322749 1.44935
0.6435 0.998629 1.29871 0.000245782 0.322671 1.44923
0.6445 0.999216 1.2995 0.000139346 0.322619 1.44914
0.6455 0.999557 1.29997 7.72729e-05 0.322585 1.44909
0.6465 0.999749 1.30025 4.19435e-05 0.322562 1.44905
0.6475 0.999855 1.30042 2.23112e-05 0.322547 1.44903
0.6485 0.999912 1.30053 1.16552e-05 0.322538 1.44902
0.6495 0.999942 1.30059 6.00342e-06 0.322532 1.44901
0.6505 0.999958 1.30064 3.07315e-06 0.322528 1.449
0.6515 0.999965 1.30068 1.58746e-06 0.322526 1.449
0.6525 0.999969 1.30071 8.50565e-07 0.322524 1.449
0.6535 0.99997 1.30074 4.9289e-07 0.322523 1.449
0.6545 0.999971 1.30076 3.22939e-07 0.322522 1.449
0.6555 0.999971 1.30079 2.43863e-07 0.322521 1.449
0.6565 0.999971 1.30081 2.07824e-07 0.322521 1.449
0.6575 0.999971 1.30083 1.9173e-07 0.32252 1.449
0.6585 0.999971 1.30085 1.84688e-07 0.32252 1.449
0.6595 0.999971 1.30086 1.81667e-07 0.32252 1.449
0.6605 0.999971 1.30088 1.80397e-07 0.322519 1.449
0.6615 0.999971 1.3009 1.79874e-07 0.322519 1.449
0.6625 0.999971 1.30091 1.79664e-07 0.322518 1.449
0.6635 0.999971 1.30093 1.79582e-07 0.322518 1.449
0.6645 0.999971 1.30095 1.79551e-07 0.322518 1.449
0.6655 0.999971 1.30096 1.7954e-07 0.322518 1.449
0.6665 0.999971 1.30097 1.79537e-07 0.322517 1.449
0.6675 0.999971 1.30099 1.79538e-07 0.322517 1.449
0.6685 0.999971 1.301 1.79539e-07 0.322517 1.449
0.6695 0.999971 1.30101 1.7954e-07 0.322517 1.449
0.6705 0.999971 1.30103 1.79542e-07 0.322516 1.449
0.6715 0.999971 1.30104 1.79543e-07 0.322516 1.44901
0.6725 0.999971 1.30105 1.79545e-07 0.322516 1.44901
0.6735 0.999971 1.30106 1.79546e-07 0.322516 1.44901
0.6745 0.999971 1.30107 1.79548e-07 0.322516 1.44901
0.6755 0.999971 1.30108 1.79549e-07 0.322515 1.44901
0.6765 0.999971 1.30108 1.7955e-07 0.322515 1.44901
0.6775 0.999971 1.30109 1.79551e-07 0.322515 1.44901
0.6785 0.999971 1.3011 1.79552e-07 0.322515 1.44901
0.6795 0.999971 1.30111 1.79553e-07 0.322515 1.44901
0.6805 0.999971 1.30111 1.79554e-07 0.322515 1.44901
0.6815 0.999971 1.30112 1.79555e-07 0.322515 1.44901
0.6825 0.999971 1.30113 1.79556e-07 0.322515 1.44901
0.6835 0.999971 1.30113 1.79556e-07 0.322515 1.44901
0.6845 0.999971 1.30114 1.79557e-07 0.322514 1.44901
0.6855 0.999971 1.30114 1.79558e-07 0.322514 1.44901
0.6865 0.999971 1.30115 1.79559e-07 0.322514 1.44901
0.6875 0.999971 1.30116 1.7956e-07 0.322514 1.44902
0.6885 0.999971 1.30116 1.7956e-07 0.322514 1.44902
0.6895 0.999971 1.30117 1.79561e-07 0.322513 1.44901
0.6905 0.999971 1.30117 1.79562e-07 0.322511 1.44901
0.6915 0.999971 1.30117 1.79562e-07 0.322509 1.44901
0.6925 0.999971 1.30117 1.79562e-07 0.322505 1.449
0.6935 0.999971 1.30117 1.79562e-07 0.322499 1.44899
0.6945 0.999972 1.30117 1.79561e-07 0.322489 1.44898
0.6955 0.999972 1.30115 1.79559e-07 0.322472 1.44895
0.6965 0.999972 1.30113 1.79556e-07 0.322447 1.44891
0.6975 0.999972 1.3011 1.79551e-07 0.322408 1.44885
0.6985 0.999972 1.30104 1.79543e-07 0.322347 1.44875
0.6995 0.999972 1.30095 1.79531e-07 0.322256 1.4486
0.7005 0.999972 1.30081 1.79512e-07 0.32212 1.44838
0.7015 0.999972 1.3006 1.79483e-07 0.321916 1.44805
0.7025 0.999972 1.30029 1.7944e-07 0.321616 1.44757
0.7035 0.999972 1.29984 1.79378e-07 0.321175 1.44685
0.7045 0.999972 1.29917 1.79286e-07 0.320534 1.44581
0.7055 0.999972 1.29821 1.79154e-07 0.31961 1.44432
0.7065 0.999972 1.29684 1.78964e-07 0.318284 1.44217
0.7075 0.999973 1.29489 1.78695e-07 0.316401 1.43912
0.7085 0.999974 1.29214 1.78315e-07 0.313744 1.43484
0.7095 0.999976 1.2883 1.77786e-07 0.310033 1.42887
0.7105 0.999979 1.28302 1.77057e-07 0.304903 1.42065
0.7115 0.999985 1.27583 1.76065e-07 0.297897 1.40949
0.7125 0.999995 1.26622 1.74739e-07 0.288477 1.3946
0.7135 1.00001 1.25364 1.73003e-07 0.27605 1.37517
0.7145 1.00004 1.23761 1.7079e-07 0.260051 1.35049
0.7155 1.00007 1.21785 1.68063e-07 0.24008 1.32021
0.7165 1.00011 1.19448 1.64839e-07 0.216098 1.28463
0.7175 1.00015 1.16821 1.61214e-07 0.188643 1.24493
0.7185 1.00018 1.14036 1.5737e-07 0.158946 1.20321
0.7195 1.00018 1.11269 1.53552e-07 0.128834 1.16218
0.7205 1.00016 1.08702 1.50009e-07 0.100354 1.12451
0.7215 1.00013 1.06478 1.46939e-07 0.0752414 1.09219
0.7225 1.00008 1.04667 1.4444e-07 0.0545146 1.06612
0.7235 1.00005 1.03271 1.42514e-07 0.0383726 1.04619
0.7245 1.00003 1.02243 1.41096e-07 0.0263896 1.03159
0.7255 1.00001 1.01512 1.40087e-07 0.0178226 1.02125
0.7265 1.00001 1.01006 1.39388e-07 0.0118696 1.01412
0.7275 1 1.00662 1.38913e-07 0.00781964 1.00928
0.7285 1 1.00432 1.38596e-07 0.00510713 1.00606
0.7295 1 1.0028 1.38386e-07 0.0033117 1.00392
0.7305 0.999999 1.0018 1.38249e-07 0.00213414 1.00253
0.7315 0.999999 1.00116 1.3816e-07 0.00136755 1.00162
0.7325 0.999999 1.00074 1.38102e-07 0.000871678 1.00103
0.7335 0.999999 1.00047 1.38064e-07 0.000552745 1.00065
0.7345 0.999999 1.00029 1.38041e-07 0.000348717 1.00041
0.7355 0.999999 1.00018 1.38026e-07 0.000218873 1.00026
0.7365 0.999999 1.00011 1.38016e-07 0.000136666 1.00016
0.7375 0.999999 1.00007 1.3801e-07 8.48867e-05 1.0001
0.7385 0.999999 1.00004 1.38006e-07 5.24443e-05 1.00006
0.7395 0.999999 1.00003 1.38004e-07 3.22256e-05 1.00004
0.7405 0.999999 1.00002 1.38002e-07 1.9693e-05 1.00002
0.7415 0.999999 1.00001 1.38001e-07 1.19676e-05 1.00001
0.7425 0.999999 1.00001 1.38001e-07 7.23208e-06 1.00001
0.7435 0.999999 1 1.38001e-07 4.34575e-06 1.00001
0.7445 0.999999 1 1.38e-07 2.5966e-06 1
0.7455 0.999999 1 1.38e-07 1.54271e-06 1
0.7465 0.999999 1 1.38e-07 9.11405e-07 1
0.7475 0.999999 0.999999 1.38e-07 5.35433e-07 1
0.7485 0.999999 0.999999 1.38e-07 3.12819e-07 1
0.7495 0.999999 0.999999 1.38e-07 1.81766e-07 1
0.7505 0.999999 0.999999 1.38e-07 1.05055e-07 1
0.7515 0.999999 0.999999 1.38e-07 6.04032e-08 1
0.7525 0.999999 0.999999 1.38e-07 3.45557e-08 1
0.7535 0.999999 0.999999 1.38e-07 1.96733e-08 1
0.7545 0.999999 0.999999 1.38e-07 1.11489e-08 1
0.7555 0.999999 0.999999 1.38e-07 6.29068e-09 1
0.7565 0.999999 0.999999 1.38e-07 3.53504e-09 1
0.7575 0.999999 0.999999 1.38e-07 1.97907e-09 1
0.7585 0.999999 0.999999 1.38e-07 1.1042e-09 1
0.7595 0.999999 0.999999 1.38e-07 6.14203e-10 1
0.7605 0.999999 0.999999 1.38e-07 3.40744e-10 1
0.7615 0.999999 0.999999 1.38e-07 1.88614e-10 1
0.7625 0.999999 0.999999 1.38e-07 1.04214e-10 1
0.7635 0.999999 0.999999 1.38e-07 5.75007e-11 1
0.7645 0.999999 0.999999 1.38e-07 3.16949e-11 1
0.7655 0.999999 0.999999 1.38e-07 1.746e-11 1
0.7665 0.999999 0.999999 1.38e-07 9.61601e-12 1
0.7675 0.999999 0.999999 1.38e-07 5.29634e-12 1
0.7685 0.999999 0.999999 1.38e-07 2.91809e-12 1
0.7695 0.999999 0.999999 1.38e-07 1.60854e-12 1
0.7705 0.999999 0.999999 1.38e-07 8.87213e-13 1
0.7715 0.999999 0.999999 1.38e-07 4.89714e-13 1
0.7725 0.999999 0.999999 1.38e-07 2.70445e-13 1
0.7735 0.999999 0.999999 1.38e-07 1.4957e-13 1
0.7745 0.999999 0.999999 1.38e-07 8.27527e-14 1
0.7755 0.999999 0.999999 1.38e-07 4.56858e-14 1
0.7765 0.999999 0.999999 1.38e-07 2.52154e-14 1
0.7775 0.999999 0.999999 1.38e-07 1.38937e-14 1
0.7785 0.999999 0.999999 1.38e-07 7.57233e-15 1
0.7795 0.999999 0.999999 1.38e-07 4.06864e-15 1
0.7805 0.999999 0.999999 1.38e-07 2.15713e-15 1
0.7815 0.999999 0.999999 1.38e-07 1.11059e-15 1
0.7825 0.999999 0.999999 1.38e-07 5.55295e-16 1
0.7835 0.999999 0.999999 1.38e-07 1.94757e-16 1
0.7845 0.999999 0.999999 1.38e-07 0 1
0.7855 0.999999 0.999999 1.38e-07 0 1
0.7865 0.999999 0.999999 1.38e-07 0 1
0.7875 0.999999 0.999999 1.38e-07 0 1
0.7885 0.999999 0.999999 1.38e-07 0 1
0.7895 0.999999 0.999999 1.38e-07 0 1
0.7905 0.999999 0.999999 1.38e-07 0 1
0.7915 0.999999 0.999999 1.38e-07 0 1
0.7925 0.999999 0.999999 1.38e-07 0 1
0.7935 0.999999 0.999999 1.38e-07 0 1
0.7945 0.999999 0.999999 1.38e-07 0 1
0.7955 0.999999 0.999999 1.38e-07 0 1
0.7965 0.999999 0.999999 1.38e-07 0 1
0.7975 0.999999 0.999999 1.38e-07 0 1
0.7985 0.999999 0.999999 1.38e-07 0 1
0.7995 0.999999 0.999999 1.38e-07 0 1
0.8005 0.999999 0.999999 1.38e-07 0 1
0.8015 0.999999 0.999999 1.38e-07 0 1
0.8025 0.999999 0.999999 1.38e-07 0 1
0.8035 0.999999 0.999999 1.38e-07 0 1
0.8045 0.999999 0.999999 1.38e-07 0 1
0.8055 0.999999 0.999999 1.38e-07 0 1
0.8065 0.999999 0.999999 1.38e-07 0 1
0.8075 0.999999 0.999999 1.38e-07 0 1
0.8085 0.999999 0.999999 1.38e-07 0 1
0.8095 0.999999 0.999999 1.38e-07 0 1
0.8105 0.999999 0.999999 1.38e-07 0 1
0.8115 0.999999 0.999999 1.38e-07 0 1
0.8125 0.999999 0.999999 1.38e-07 0 1
0.8135 0.999999 0.999999 1.38e-07 0 1
0.8145 0.999999 0.999999 1.38e-07 0 1
0.8155 0.999999 0.999999 1.38e-07 0 1
0.8165 0.999999 0.999999 1.38e-07 0 1
0.8175 0.999999 0.999999 1.38e-07 0 1
0.8185 0.999999 0.999999 1.38e-07 0 1
0.8195 0.999999 0.999999 1.38e-07 0 1
0.8205 0.999999 0.999999 1.38e-07 0 1
0.8215 0.999999 0.999999 1.38e-07 0 1
0.8225 0.999999 0.999999 1.38e-07 0 1
0.8235 0.999999 0.999999 1.38e-07 0 1
0.8245 0.999999 0.999999 1.38e-07 0 1
0.8255 0.999999 0.999999 1.38e-07 0 1
0.8265 0.999999 0.999999 1.38e-07 0 1
0.8275 0.999999 0.999999 1.38e-07 0 1
0.8285 0.999999 0.999999 1.38e-07 0 1
0.8295 0.999999 0.999999 1.38e-07 0 1
0.8305 0.999999 0.999999 1.38e-07 0 1
0.8315 0.999999 0.999999 1.38e-07 0 1
0.8325 0.999999 0.999999 1.38e-07 0 1
0.8335 0.999999 0.999999 1.38e-07 0 1
0.8345 0.999999 0.999999 1.38e-07 0 1
0.8355 0.999999 0.999999 1.38e-07 0 1
0.8365 0.999999 0.999999 1.38e-07 0 1
0.8375 0.999999 0.999999 1.38e-07 0 1
0.8385 0.999999 0.999999 1.38e-07 0 1
0.8395 0.999999 0.999999 1.38e-07 0 1
0.8405 0.999999 0.999999 1.38e-07 0 1
0.8415 0.999999 0.999999 1.38e-07 0 1
0.8425 0.999999 0.999999 1.38e-07 0 1
0.8435 0.999999 0.999999 1.38e-07 0 1
0.8445 0.999999 0.999999 1.38e-07 0 1
0.8455 0.999999 0.999999 1.38e-07 0 1
0.8465 0.999999 0.999999 1.38e-07 0 1
0.8475 0.999999 0.999999 1.38e-07 0 1
0.8485 0.999999 0.999999 1.38e-07 0 1
0.8495 0.999999 0.999999 1.38e-07 0 1
0.8505 0.999999 0.999999 1.38e-07 0 1
0.8515 0.999999 0.999999 1.38e-07 0 1
0.8525 0.999999 0.999999 1.38e-07 0 1
0.8535 0.999999 0.999999 1.38e-07 0 1
0.8545 0.999999 0.999999 1.38e-07 0 1
0.8555 0.999999 0.999999 1.38e-07 0 1
0.8565 0.999999 0.999999 1.38e-07 0 1
0.8575 0.999999 0.999999 1.38e-07 0 1
0.8585 0.999999 0.999999 1.38e-07 0 1
0.8595 0.999999 0.999999 1.38e-07 0 1
0.8605 0.999999 0.999999 1.38e-07 0 1
0.8615 0.999999 0.999999 1.38e-07 0 1
0.8625 0.999999 0.999999 1.38e-07 0 1
0.8635 0.999999 0.999999 1.38e-07 0 1
0.8645 0.999999 0.999999 1.38e-07 0 1
0.8655 0.999999 0.999999 1.38e-07 0 1
0.8665 0.999999 0.999999 1.38e-07 0 1
0.8675 0.999999 0.999999 1.38e-07 0 1
0.8685 0.999999 0.999999 1.38e-07 0 1
0.8695 0.999999 0.999999 1.38e-07 0 1
0.8705 0.999999 0.999999 1.38e-07 0 1
0.8715 0.999999 0.999999 1.38e-07 0 1
0.8725 0.999999 0.999999 1.38e-07 0 1
0.8735 0.999999 0.999999 1.38e-07 0 1
0.8745 0.999999 0.999999 1.38e-07 0 1
0.8755 0.999999 0.999999 1.38e-07 0 1
0.8765 0.999999 0.999999 1.38e-07 0 1
0.8775 0.999999 0.999999 1.38e-07 0 1
0.8785 0.999999 0.999999 1.38e-07 0 1
0.8795 0.999999 0.999999 1.38e-07 0 1
0.8805 0.999999 0.999999 1.38e-07 0 1
0.8815 0.999999 0.999999 1.38e-07 0 1
0.8825 0.999999 0.999999 1.38e-07 0 1
0.8835 0.999999 0.999999 1.38e-07 0 1
0.8845 0.999999 0.999999 1.38e-07 0 1
0.8855 0.999999 0.999999 1.38e-07 0 1
0.8865 0.999999 0.999999 1.38e-07 0 1
0.8875 0.999999 0.999999 1.38e-07 0 1
0.8885 0.999999 0.999999 1.38e-07 0 1
0.8895 0.999999 0.999999 1.38e-07 0 1
0.8905 0.999999 0.999999 1.38e-07 0 1
0.8915 0.999999 0.999999 1.38e-07 0 1
0.8925 0.999999 0.999999 1.38e-07 0 1
0.8935 0.999999 0.999999 1.38e-07 0 1
0.8945 0.999999 0.999999 1.38e-07 0 1
0.8955 0.999999 0.999999 1.38e-07 0 1
0.8965 0.999999 0.999999 1.38e-07 0 1
0.8975 0.999999 0.999999 1.38e-07 0 1
0.8985 0.999999 0.999999 1.38e-07 0 1
0.8995 0.999999 0.999999 1.38e-07 0 1
0.9005 0.999999 0.999999 1.38e-07 0 1
0.9015 0.999999 0.999999 1.38e-07 0 1
0.9025 0.999999 0.999999 1.38e-07 0 1
0.9035 0.999999 0.999999 1.38e-07 0 1
0.9045 0.999999 0.999999 1.38e-07 0 1
0.9055 0.999999 0.999999 1.38e-07 0 1
0.9065 0.999999 0.999999 1.38e-07 0 1
0.9075 0.999999 0.999999 1.38e-07 0 1
0.9085 0.999999 0.999999 1.38e-07 0 1
0.9095 0.999999 0.999999 1.38e-07 0 1
0.9105 0.999999 0.999999 1.38e-07 0 1
0.9115 0.999999 0.999999 1.38e-07 0 1
0.9125 0.999999 0.999999 1.38e-07 0 1
0.9135 0.999999 0.999999 1.38e-07 0 1
0.9145 0.999999 0.999999 1.38e-07 0 1
0.9155 0.999999 0.999999 1.38e-07 0 1
0.9165 0.999999 0.999999 1.38e-07 0 1
0.9175 0.999999 0.999999 1.38e-07 0 1
0.9185 0.999999 0.999999 1.38e-07 0 1
0.9195 0.999999 0.999999 1.38e-07 0 1
0.9205 0.999999 0.999999 1.38e-07 0 1
0.9215 0.999999 0.999999 1.38e-07 0 1
0.9225 0.999999 0.999999 1.38e-07 0 1
0.9235 0.999999 0.999999 1.38e-07 0 1
0.9245 0.999999 0.999999 1.38e-07 0 1
0.9255 0.999999 0.999999 1.38e-07 0 1
0.9265 0.999999 0.999999 1.38e-07 0 1
0.9275 0.999999 0.999999 1.38e-07 0 1
0.9285 0.999999 0.999999 1.38e-07 0 1
0.9295 0.999999 0.999999 1.38e-07 0 1
0.9305 0.999999 0.999999 1.38e-07 0 1
0.9315 0.999999 0.999999 1.38e-07 0 1
0.9325 0.999999 0.999999 1.38e-07 0 1
0.9335 0.999999 0.999999 1.38e-07 0 1
0.9345 0.999999 0.999999 1.38e-07 0 1
0.9355 0.999999 0.999999 1.38e-07 0 1
0.9365 0.999999 0.999999 1.38e-07 0 1
0.9375 0.999999 0.999999 1.38e-07 0 1
0.9385 0.999999 0.999999 1.38e-07 0 1
0.9395 0.999999 0.999999 1.38e-07 0 1
0.9405 0.999999 0.999999 1.38e-07 0 1
0.9415 0.999999 0.999999 1.38e-07 0 1
0.9425 0.999999 0.999999 1.38e-07 0 1
0.9435 0.999999 0.999999 1.38e-07 0 1
0.9445 0.999999 0.999999 1.38e-07 0 1
0.9455 0.999999 0.999999 1.38e-07 0 1
0.9465 0.999999 0.999999 1.38e-07 0 1
0.9475 0.999999 0.999999 1.38e-07 0 1
0.9485 0.999999 0.999999 1.38e-07 0 1
0.9495 0.999999 0.999999 1.38e-07 0 1
0.9505 0.999999 0.999999 1.38e-07 0 1
0.9515 0.999999 0.999999 1.38e-07 0 1
0.9525 0.999999 0.999999 1.38e-07 0 1
0.9535 0.999999 0.999999 1.38e-07 0 1
0.9545 0.999999 0.999999 1.38e-07 0 1
0.9555 0.999999 0.999999 1.38e-07 0 1
0.9565 0.999999 0.999999 1.38e-07 0 1
0.9575 0.999999 0.999999 1.38e-07 0 1
0.9585 0.999999 0.999999 1.38e-07 0 1
0.9595 0.999999 0.999999 1.38e-07 0 1
0.9605 0.999999 0.999999 1.38e-07 0 1
0.9615 0.999999 0.999999 1.38e-07 0 1
0.9625 0.999999 0.999999 1.38e-07 0 1
0.9635 0.999999 0.999999 1.38e-07 0 1
0.9645 0.999999 0.999999 1.38e-07 0 1
0.9655 0.999999 0.999999 1.38e-07 0 1
0.9665 0.999999 0.999999 1.38e-07 0 1
0.9675 0.999999 0.999999 1.38e-07 0 1
0.9685 0.999999 0.999999 1.38e-07 0 1
0.9695 0.999999 0.999999 1.38e-07 0 1
0.9705 0.999999 0.999999 1.38e-07 0 1
0.9715 0.999999 0.999999 1.38e-07 0 1
0.9725 0.999999 0.999999 1.38e-07 0 1
0.9735 0.999999 0.999999 1.38e-07 0 1
0.9745 0.999999 0.999999 1.38e-07 0 1
0.9755 0.999999 0.999999 1.38e-07 0 1
0.9765 0.999999 0.999999 1.38e-07 0 1
0.9775 0.999999 0.999999 1.38e-07 0 1
0.9785 0.999999 0.999999 1.38e-07 0 1
0.9795 0.999999 0.999999 1.38e-07 0 1
0.9805 0.999999 0.999999 1.38e-07 0 1
0.9815 0.999999 0.999999 1.38e-07 0 1
0.9825 0.999999 0.999999 1.38e-07 0 1
0.9835 0.999999 0.999999 1.38e-07 0 1
0.9845 0.999999 0.999999 1.38e-07 0 1
0.9855 0.999999 0.999999 1.38e-07 0 1
0.9865 0.999999 0.999999 1.38e-07 0 1
0.9875 0.999999 0.999999 1.38e-07 0 1
0.9885 0.999999 0.999999 1.38e-07 0 1
0.9895 0.999999 0.999999 1.38e-07 0 1
0.9905 0.999999 0.999999 1.38e-07 0 1
0.9915 0.999999 0.999999 1.38e-07 0 1
0.9925 0.999999 0.999999 1.38e-07 0 1
0.9935 0.999999 0.999999 1.38e-07 0 1
0.9945 0.999999 0.999999 1.38e-07 0 1
0.9955 0.999999 0.999999 1.38e-07 0 1
0.9965 0.999999 0.999999 1.38e-07 0 1
0.9975 0.999999 0.999999 1.38e-07 0 1
0.9985 0.999999 0.999999 1.38e-07 0 1
0.9995 0.999999 0.999999 1.38e-07 0 1
