x alpha rho1 rho2 v p
0.0005 1.00002 1.37648 1.37998e-07 0.39482 1.56995
0.0015 1.00002 1.37647 1.37997e-07 0.394823 1.56995
0.0025 1.00001 1.37647 1.37997e-07 0.394827 1.56994
0.0035 1.00001 1.37646 1.37996e-07 0.394831 1.56993
0.0045 1.00001 1.37646 1.37996e-07 0.394836 1.56993
0.0055 1.00001 1.37645 1.37995e-07 0.394842 1.56992
0.0065 1.00001 1.37644 1.37994e-07 0.394848 1.56991
0.0075 1.00001 1.37644 1.37994e-07 0.394854 1.5699
0.0085 1.00001 1.37643 1.37993e-07 0.394861 1.56988
0.0095 1.00001 1.37642 1.37992e-07 0.394869 1.56987
0.0105 1.00001 1.37641 1.37991e-07 0.394877 1.56986
0.0115 1.00001 1.3764 1.3799e-07 0.394886 1.56984
0.0125 1.00001 1.37639 1.37989e-07 0.394895 1.56983
0.0135 1.00001 1.37638 1.37988e-07 0.394906 1.56981
0.0145 1.00001 1.37637 1.37987e-07 0.394916 1.56979
0.0155 1.00001 1.37636 1.37986e-07 0.394928 1.56977
0.0165 1.00001 1.37635 1.37985e-07 0.39494 1.56975
0.0175 1.00001 1.37633 1.37983e-07 0.394952 1.56973
0.0185 1.00001 1.37632 1.37982e-07 0.394965 1.56971
0.0195 1.00001 1.3763 1.37981e-07 0.394979 1.56968
0.0205 1.00001 1.37629 1.37979e-07 0.394993 1.56966
0.0215 1.00001 1.37627 1.37977e-07 0.395008 1.56963
0.0225 1.00001 1.37626 1.37976e-07 0.395023 1.56961
0.0235 1.00001 1.37624 1.37974e-07 0.395038 1.56958
0.0245 1.00001 1.37622 1.37973e-07 0.395053 1.56955
0.0255 1.00001 1.37621 1.37971e-07 0.395068 1.56953
0.0265 1.00001 1.37619 1.37969e-07 0.395084 1.5695
0.0275 1.00001 1.37617 1.37967e-07 0.395099 1.56947
0.0285 1.00001 1.37616 1.37966e-07 0.395115 1.56945
0.0295 1.00001 1.37614 1.37964e-07 0.39513 1.56942
0.0305 1.00001 1.37613 1.37963e-07 0.395144 1.5694
0.0315 1.00001 1.37611 1.37961e-07 0.395159 1.56937
0.0325 1.00001 1.37609 1.3796e-07 0.395172 1.56935
0.0335 1.00001 1.37608 1.37958e-07 0.395186 1.56933
0.0345 1.00001 1.37607 1.37957e-07 0.395198 1.5693
0.0355 1.00001 1.37605 1.37955e-07 0.395209 1.56928
0.0365 1.00001 1.37604 1.37954e-07 0.39522 1.56927
0.0375 1.00001 1.37603 1.37953e-07 0.39523 1.56925
0.0385 1.00001 1.37602 1.37952e-07 0.395239 1.56924
0.0395 1 1.37601 1.37951e-07 0.395246 1.56922
0.0405 1 1.37601 1.37951e-07 0.395253 1.56921
0.0415 1 1.376 1.3795e-07 0.395258 1.5692
0.0425 1 1.376 1.3795e-07 0.395262 1.5692
0.0435 1 1.37599 1.37949e-07 0.395265 1.56919
0.0445 1 1.37599 1.37949e-07 0.395267 1.56919
0.0455 0.999999 1.37599 1.37949e-07 0.395268 1.56919
0.0465 0.999998 1.37599 1.37949e-07 0.395268 1.56919
0.0475 0.999998 1.37599 1.37949e-07 0.395266 1.56919
0.0485 0.999997 1.37599 1.37949e-07 0.395264 1.56919
0.0495 0.999996 1.376 1.3795e-07 0.39526 1.5692
0.0505 0.999995 1.376 1.3795e-07 0.395256 1.56921
0.0515 0.999995 1.37601 1.37951e-07 0.39525 1.56922
0.0525 0.999994 1.37601 1.37951e-07 0.395244 1.56923
0.0535 0.999993 1.37602 1.37952e-07 0.395237 1.56924
0.0545 0.999993 1.37603 1.37953e-07 0.39523 1.56925
0.0555 0.999992 1.37604 1.37954e-07 0.395222 1.56927
0.0565 0.999992 1.37605 1.37955e-07 0.395213 1.56928
0.0575 0.999992 1.37606 1.37956e-07 0.395204 1.5693
0.0585 0.999991 1.37607 1.37957e-07 0.395195 1.56932
0.0595 0.999991 1.37608 1.37958e-07 0.395185 1.56933
0.0605 0.999991 1.37609 1.37959e-07 0.395175 1.56935
0.0615 0.999991 1.3761 1.3796e-07 0.395165 1.56937
0.0625 0.999991 1.37611 1.37961e-07 0.395155 1.56939
0.0635 0.999991 1.37612 1.37962e-07 0.395145 1.5694
0.0645 0.999991 1.37613 1.37963e-07 0.395135 1.56942
0.0655 0.999991 1.37614 1.37964e-07 0.395125 1.56944
0.0665 0.999991 1.37615 1.37965e-07 0.395115 1.56946
0.0675 0.999991 1.37616 1.37967e-07 0.395105 1.56947
0.0685 0.999992 1.37618 1.37968e-07 0.395096 1.56949
0.0695 0.999992 1.37619 1.37969e-07 0.395086 1.5695
0.0705 0.999992 1.3762 1.3797e-07 0.395077 1.56952
0.0715 0.999992 1.3762 1.37971e-07 0.395069 1.56954
0.0725 0.999992 1.37621 1.37971e-07 0.39506 1.56955
0.0735 0.999993 1.37622 1.37972e-07 0.395052 1.56956
0.0745 0.999993 1.37623 1.37973e-07 0.395044 1.56958
0.0755 0.999993 1.37624 1.37974e-07 0.395037 1.56959
0.0765 0.999993 1.37625 1.37975e-07 0.395029 1.5696
0.0775 0.999994 1.37626 1.37976e-07 0.395022 1.56962
0.0785 0.999994 1.37626 1.37976e-07 0.395016 1.56963
0.0795 0.999994 1.37627 1.37977e-07 0.395009 1.56964
0.0805 0.999994 1.37628 1.37978e-07 0.395003 1.56965
0.0815 0.999994 1.37628 1.37978e-07 0.394997 1.56966
0.0825 0.999995 1.37629 1.37979e-07 0.394992 1.56967
0.0835 0.999995 1.37629 1.3798e-07 0.394987 1.56968
0.0845 0.999995 1.3763 1.3798e-07 0.394981 1.56969
0.0855 0.999995 1.37631 1.37981e-07 0.394977 1.56969
0.0865 0.999995 1.37631 1.37981e-07 0.394972 1.5697
0.0875 0.999996 1.37632 1.37982e-07 0.394968 1.56971
0.0885 0.999996 1.37632 1.37982e-07 0.394963 1.56972
0.0895 0.999996 1.37632 1.37983e-07 0.394959 1.56972
0.0905 0.999996 1.37633 1.37983e-07 0.394956 1.56973
0.0915 0.999996 1.37633 1.37983e-07 0.394952 1.56974
0.0925 0.999996 1.37634 1.37984e-07 0.394948 1.56974
0.0935 0.999996 1.37634 1.37984e-07 0.394945 1.56975
0.0945 0.999996 1.37634 1.37984e-07 0.394942 1.56975
0.0955 0.999997 1.37635 1.37985e-07 0.394939 1.56976
0.0965 0.999997 1.37635 1.37985e-07 0.394936 1.56976
0.0975 0.999997 1.37635 1.37985e-07 0.394933 1.56977
0.0985 0.999997 1.37636 1.37986e-07 0.39493 1.56977
0.0995 0.999997 1.37636 1.37986e-07 0.394927 1.56978
0.1005 0.999997 1.37636 1.37986e-07 0.394925 1.56978
0.1015 0.999997 1.37637 1.37987e-07 0.394922 1.56979
0.1025 0.999997 1.37637 1.37987e-07 0.39492 1.56979
0.1035 0.999997 1.37637 1.37987e-07 0.394918 1.5698
0.1045 0.999997 1.37637 1.37987e-07 0.394915 1.5698
0.1055 0.999997 1.37637 1.37988e-07 0.394913 1.5698
0.1065 0.999997 1.37638 1.37988e-07 0.394911 1.56981
0.1075 0.999997 1.37638 1.37988e-07 0.394909 1.56981
0.1085 0.999997 1.37638 1.37988e-07 0.394907 1.56981
0.1095 0.999998 1.37638 1.37988e-07 0.394905 1.56982
0.1105 0.999998 1.37639 1.37989e-07 0.394903 1.56982
0.1115 0.999998 1.37639 1.37989e-07 0.394902 1.56982
0.1125 0.999998 1.37639 1.37989e-07 0.3949 1.56983
0.1135 0.999998 1.37639 1.37989e-07 0.394898 1.56983
0.1145 0.999998 1.37639 1.37989e-07 0.394897 1.56983
0.1155 0.999998 1.37639 1.3799e-07 0.394895 1.56984
0.1165 0.999998 1.3764 1.3799e-07 0.394893 1.56984
0.1175 0.999998 1.3764 1.3799e-07 0.394892 1.56984
0.1185 0.999998 1.3764 1.3799e-07 0.39489 1.56984
0.1195 0.999998 1.3764 1.3799e-07 0.394889 1.56985
0.1205 0.999998 1.3764 1.3799e-07 0.394888 1.56985
0.1215 0.999998 1.3764 1.37991e-07 0.394886 1.56985
0.1225 0.999998 1.37641 1.37991e-07 0.394885 1.56985
0.1235 0.999998 1.37641 1.37991e-07 0.394884 1.56985
0.1245 0.999998 1.37641 1.37991e-07 0.394882 1.56986
0.1255 0.999998 1.37641 1.37991e-07 0.394881 1.56986
0.1265 0.999998 1.37641 1.37991e-07 0.39488 1.56986
0.1275 0.999998 1.37641 1.37991e-07 0.394879 1.56986
0.1285 0.999998 1.37641 1.37992e-07 0.394878 1.56987
0.1295 0.999998 1.37642 1.37992e-07 0.394876 1.56987
0.1305 0.999998 1.37642 1.37992e-07 0.394875 1.56987
0.1315 0.999998 1.37642 1.37992e-07 0.394874 1.56987
0.1325 0.999998 1.37642 1.37992e-07 0.394873 1.56987
0.1335 0.999998 1.37642 1.37992e-07 0.394872 1.56987
0.1345 0.999998 1.37642 1.37992e-07 0.394871 1.56988
0.1355 0.999998 1.37642 1.37992e-07 0.39487 1.56988
0.1365 0.999998 1.37642 1.37992e-07 0.394869 1.56988
0.1375 0.999998 1.37642 1.37993e-07 0.394868 1.56988
0.1385 0.999998 1.37642 1.37993e-07 0.394868 1.56988
0.1395 0.999998 1.37643 1.37993e-07 0.394867 1.56988
0.1405 0.999998 1.37643 1.37993e-07 0.394866 1.56989
0.1415 0.999998 1.37643 1.37993e-07 0.394865 1.56989
0.1425 0.999998 1.37643 1.37993e-07 0.394864 1.56989
0.1435 0.999998 1.37643 1.37993e-07 0.394863 1.56989
0.1445 0.999998 1.37643 1.37993e-07 0.394862 1.56989
0.1455 0.999998 1.37643 1.37993e-07 0.394862 1.56989
0.1465 0.999998 1.37643 1.37993e-07 0.394861 1.56989
0.1475 0.999998 1.37643 1.37993e-07 0.39486 1.5699
0.1485 0.999998 1.37643 1.37993e-07 0.394859 1.5699
0.1495 0.999998 1.37643 1.37994e-07 0.394859 1.5699
0.1505 0.999998 1.37644 1.37994e-07 0.394858 1.5699
0.1515 0.999998 1.37644 1.37994e-07 0.394857 1.5699
0.1525 0.999998 1.37644 1.37994e-07 0.394857 1.5699
0.1535 0.999998 1.37644 1.37994e-07 0.394856 1.5699
0.1545 0.999998 1.37644 1.37994e-07 0.394855 1.5699
0.1555 0.999999 1.37644 1.37994e-07 0.394855 1.5699
0.1565 0.999999 1.37644 1.37994e-07 0.394854 1.56991
0.1575 0.999999 1.37644 1.37994e-07 0.394854 1.56991
0.1585 0.999999 1.37644 1.37994e-07 0.394853 1.56991
0.1595 0.999999 1.37644 1.37994e-07 0.394852 1.56991
0.1605 0.999999 1.37644 1.37994e-07 0.394852 1.56991
0.1615 0.999999 1.37644 1.37994e-07 0.394851 1.56991
0.1625 0.999999 1.37644 1.37994e-07 0.394851 1.56991
0.1635 0.999999 1.37644 1.37995e-07 0.39485 1.56991
0.1645 0.999999 1.37644 1.37995e-07 0.39485 1.56991
0.1655 0.999999 1.37645 1.37995e-07 0.394849 1.56991
0.1665 0.999999 1.37645 1.37995e-07 0.394849 1.56992
0.1675 0.999999 1.37645 1.37995e-07 0.394848 1.56992
0.1685 0.999999 1.37645 1.37995e-07 0.394848 1.56992
0.1695 0.999999 1.37645 1.37995e-07 0.394847 1.56992
0.1705 0.999999 1.37645 1.37995e-07 0.394847 1.56992
0.1715 0.999999 1.37645 1.37995e-07 0.394846 1.56992
0.1725 0.999999 1.37645 1.37995e-07 0.394846 1.56992
0.1735 0.999999 1.37645 1.37995e-07 0.394845 1.56992
0.1745 0.999999 1.37645 1.37995e-07 0.394845 1.56992
0.1755 0.999999 1.37645 1.37995e-07 0.394844 1.56992
0.1765 0.999999 1.37645 1.37995e-07 0.394844 1.56992
0.1775 0.999999 1.37645 1.37995e-07 0.394843 1.56992
0.1785 0.999999 1.37645 1.37995e-07 0.394843 1.56993
0.1795 0.999999 1.37645 1.37995e-07 0.394843 1.56993
0.1805 0.999999 1.37645 1.37995e-07 0.394842 1.56993
0.1815 0.999999 1.37645 1.37995e-07 0.394842 1.56993
0.1825 0.999999 1.37645 1.37995e-07 0.394841 1.56993
0.1835 0.999999 1.37645 1.37996e-07 0.394841 1.56993
0.1845 0.999999 1.37645 1.37996e-07 0.394841 1.56993
0.1855 0.999999 1.37645 1.37996e-07 0.39484 1.56993
0.1865 0.999999 1.37645 1.37996e-07 0.39484 1.56993
0.1875 0.999999 1.37646 1.37996e-07 0.39484 1.56993
0.1885 0.999999 1.37646 1.37996e-07 0.394839 1.56993
0.1895 0.999999 1.37646 1.37996e-07 0.394839 1.56993
0.1905 0.999999 1.37646 1.37996e-07 0.394839 1.56993
0.1915 0.999999 1.37646 1.37996e-07 0.394838 1.56993
0.1925 0.999999 1.37646 1.37996e-07 0.394838 1.56993
0.1935 0.999999 1.37646 1.37996e-07 0.394838 1.56993
0.1945 0.999999 1.37646 1.37996e-07 0.394837 1.56994
0.1955 0.999999 1.37646 1.37996e-07 0.394837 1.56994
0.1965 0.999999 1.37646 1.37996e-07 0.394837 1.56994
0.1975 0.999999 1.37646 1.37996e-07 0.394836 1.56994
0.1985 0.999999 1.37646 1.37996e-07 0.394836 1.56994
0.1995 0.999999 1.37646 1.37996e-07 0.394836 1.56994
0.2005 0.999999 1.37646 1.37996e-07 0.394836 1.56994
0.2015 0.999999 1.37646 1.37996e-07 0.394835 1.56994
0.2025 0.999999 1.37646 1.37996e-07 0.394835 1.56994
0.2035 0.999999 1.37646 1.37996e-07 0.394835 1.56994
0.2045 0.999999 1.37646 1.37996e-07 0.394835 1.56994
0.2055 0.999999 1.37646 1.37996e-07 0.394834 1.56994
0.2065 0.999999 1.37646 1.37996e-07 0.394834 1.56994
0.2075 0.999999 1.37646 1.37996e-07 0.394834 1.56994
0.2085 0.999999 1.37646 1.37996e-07 0.394834 1.56994
0.2095 0.999999 1.37646 1.37996e-07 0.394833 1.56994
0.2105 0.999999 1.37646 1.37996e-07 0.394833 1.56994
0.2115 0.999999 1.37646 1.37996e-07 0.394833 1.56994
0.2125 0.999999 1.37646 1.37996e-07 0.394833 1.56994
0.2135 0.999999 1.37646 1.37996e-07 0.394833 1.56994
0.2145 0.999999 1.37646 1.37996e-07 0.394833 1.56994
0.2155 0.999999 1.37646 1.37996e-07 0.394833 1.56994
0.2165 0.999999 1.37646 1.37996e-07 0.394833 1.56994
0.2175 0.999999 1.37646 1.37996e-07 0.394834 1.56994
0.2185 1 1.37646 1.37996e-07 0.394834 1.56994
0.2195 1 1.37646 1.37996e-07 0.394835 1.56994
0.2205 1 1.37646 1.37996e-07 0.394836 1.56994
0.2215 1 1.37646 1.37996e-07 0.394838 1.56993
0.2225 1 1.37645 1.37996e-07 0.39484 1.56993
0.2235 1 1.37645 1.37995e-07 0.394844 1.56992
0.2245 1 1.37645 1.37995e-07 0.394848 1.56992
0.2255 1 1.37644 1.37994e-07 0.394853 1.56991
0.2265 1 1.37643 1.37994e-07 0.394859 1.56989
0.2275 1.00001 1.37643 1.37993e-07 0.394868 1.56988
0.2285 1.00001 1.37641 1.37992e-07 0.394879 1.56986
0.2295 1.00001 1.3764 1.3799e-07 0.394893 1.56983
0.2305 1.00001 1.37638 1.37988e-07 0.394911 1.5698
0.2315 1.00002 1.37636 1.37986e-07 0.394932 1.56976
0.2325 1.00002 1.37633 1.37983e-07 0.39496 1.56971
0.2335 1.00003 1.37629 1.37979e-07 0.394993 1.56965
0.2345 1.00003 1.37625 1.37975e-07 0.395034 1.56958
0.2355 1.00004 1.3762 1.3797e-07 0.395085 1.56949
0.2365 1.00005 1.37613 1.37963e-07 0.395146 1.56938
0.2375 1.00006 1.37605 1.37955e-07 0.39522 1.56925
0.2385 1.00007 1.37596 1.37946e-07 0.395309 1.56909
0.2395 1.00009 1.37585 1.37934e-07 0.395415 1.5689
0.2405 1.0001 1.37571 1.37921e-07 0.395541 1.56868
0.2415 1.00012 1.37555 1.37905e-07 0.395689 1.56841
0.2425 1.00014 1.37537 1.37886e-07 0.395864 1.5681
0.2435 1.00017 1.37515 1.37865e-07 0.396068 1.56774
0.2445 1.00019 1.3749 1.37839e-07 0.396305 1.56732
0.2455 1.00022 1.3746 1.3781e-07 0.39658 1.56683
0.2465 1.00026 1.37427 1.37776e-07 0.396895 1.56627
0.2475 1.00029 1.37388 1.37738e-07 0.397255 1.56564
0.2485 1.00033 1.37344 1.37694e-07 0.397665 1.56491
0.2495 1.00038 1.37295 1.37644e-07 0.398129 1.56409
0.2505 1.00042 1.37239 1.37588e-07 0.398651 1.56317
0.2515 1.00048 1.37176 1.37525e-07 0.399235 1.56214
0.2525 1.00053 1.37107 1.37455e-07 0.399887 1.561
0.2535 1.00059 1.37029 1.37378e-07 0.40061 1.55973
0.2545 1.00065 1.36944 1.37292e-07 0.401407 1.55833
0.2555 1.00071 1.3685 1.37198e-07 0.402284 1.5568
0.2565 1.00078 1.36747 1.37095e-07 0.403242 1.55512
0.2575 1.00085 1.36636 1.36983e-07 0.404286 1.5533
0.2585 1.00092 1.36514 1.36862e-07 0.405417 1.55133
0.2595 1.00099 1.36384 1.36731e-07 0.406639 1.5492
0.2605 1.00107 1.36243 1.3659e-07 0.407953 1.54692
0.2615 1.00114 1.36093 1.36439e-07 0.409359 1.54448
0.2625 1.00122 1.35932 1.36278e-07 0.410861 1.54189
0.2635 1.0013 1.35761 1.36107e-07 0.412456 1.53913
0.2645 1.00138 1.35581 1.35926e-07 0.414147 1.53622
0.2655 1.00145 1.3539 1.35735e-07 0.415932 1.53315
0.2665 1.00153 1.3519 1.35534e-07 0.41781 1.52993
0.2675 1.00161 1.3498 1.35323e-07 0.419781 1.52655
0.2685 1.00168 1.3476 1.35103e-07 0.421842 1.52303
0.2695 1.00176 1.34531 1.34873e-07 0.423992 1.51937
0.2705 1.00183 1.34293 1.34635e-07 0.426228 1.51557
0.2715 1.0019 1.34047 1.34388e-07 0.428547 1.51164
0.2725 1.00197 1.33792 1.34133e-07 0.430947 1.50758
0.2735 1.00203 1.3353 1.3387e-07 0.433424 1.50341
0.2745 1.0021 1.3326 1.33599e-07 0.435975 1.49912
0.2755 1.00216 1.32983 1.33321e-07 0.438597 1.49472
0.2765 1.00222 1.32699 1.33037e-07 0.441285 1.49023
0.2775 1.00227 1.32409 1.32746e-07 0.444036 1.48564
0.2785 1.00232 1.32114 1.3245e-07 0.446845 1.48097
0.2795 1.00237 1.31813 1.32148e-07 0.449708 1.47623
0.2805 1.00242 1.31507 1.31841e-07 0.452621 1.47141
0.2815 1.00246 1.31197 1.31531e-07 0.45558 1.46654
0.2825 1.0025 1.30883 1.31216e-07 0.45858 1.46161
0.2835 1.00254 1.30566 1.30898e-07 0.461617 1.45664
0.2845 1.00257 1.30246 1.30578e-07 0.464686 1.45163
0.2855 1.0026 1.29924 1.30255e-07 0.467781 1.4466
0.2865 1.00262 1.296 1.2993e-07 0.4709 1.44154
0.2875 1.00264 1.29275 1.29604e-07 0.474036 1.43647
0.2885 1.00266 1.28949 1.29277e-07 0.477184 1.4314
0.2895 1.00268 1.28623 1.2895e-07 0.480341 1.42633
0.2905 1.00269 1.28297 1.28624e-07 0.483501 1.42127
0.2915 1.00269 1.27972 1.28298e-07 0.486659 1.41623
0.2925 1.00269 1.27648 1.27973e-07 0.489809 1.41122
0.2935 1.00269 1.27326 1.2765e-07 0.492948 1.40625
0.2945 1.00268 1.27007 1.2733e-07 0.496068 1.40132
0.2955 1.00267 1.2669 1.27012e-07 0.499166 1.39644
0.2965 1.00265 1.26377 1.26698e-07 0.502236 1.39162
0.2975 1.00263 1.26068 1.26388e-07 0.505273 1.38687
0.2985 1.00261 1.25763 1.26083e-07 0.50827 1.3822
0.2995 1.00258 1.25463 1.25782e-07 0.511224 1.37761
0.3005 1.00254 1.25169 1.25487e-07 0.514127 1.37311
0.3015 1.0025 1.2488 1.25198e-07 0.516976 1.36871
0.3025 1.00246 1.24599 1.24915e-07 0.519764 1.36442
0.3035 1.00241 1.24324 1.2464e-07 0.522486 1.36024
0.3045 1.00236 1.24057 1.24372e-07 0.525137 1.35618
0.3055 1.0023 1.23798 1.24112e-07 0.527712 1.35225
0.3065 1.00224 1.23547 1.23861e-07 0.530205 1.34845
0.3075 1.00217 1.23305 1.23619e-07 0.532613 1.3448
0.3085 1.0021 1.23073 1.23386e-07 0.534931 1.34129
0.3095 1.00203 1.2285 1.23162e-07 0.537155 1.33794
0.3105 1.00195 1.22637 1.22949e-07 0.53928 1.33474
0.3115 1.00188 1.22435 1.22746e-07 0.541305 1.3317
0.3125 1.00179 1.22243 1.22554e-07 0.543225 1.32882
0.3135 1.00171 1.22061 1.22372e-07 0.54504 1.32611
0.3145 1.00163 1.21891 1.22202e-07 0.546747 1.32356
0.3155 1.00154 1.21731 1.22042e-07 0.548346 1.32119
0.3165 1.00145 1.21583 1.21894e-07 0.549836 1.31897
0.3175 1.00137 1.21445 1.21756e-07 0.551219 1.31693
0.3185 1.00129 1.21317 1.2163e-07 0.552495 1.31504
0.3195 1.0012 1.21201 1.21515e-07 0.553666 1.31331
0.3205 1.00112 1.21094 1.21411e-07 0.554736 1.31174
0.3215 1.00104 1.20997 1.21318e-07 0.555707 1.31031
0.3225 1.00097 1.20909 1.21237e-07 0.556583 1.30903
0.3235 1.0009 1.2083 1.21166e-07 0.55737 1.30787
0.3245 1.00083 1.2076 1.21108e-07 0.558071 1.30685
0.3255 1.00077 1.20697 1.21061e-07 0.558693 1.30594
0.3265 1.00071 1.20642 1.21028e-07 0.55924 1.30514
0.3275 1.00066 1.20594 1.21008e-07 0.559719 1.30444
0.3285 1.00061 1.20551 1.21004e-07 0.560136 1.30384
0.3295 1.00056 1.20514 1.21017e-07 0.560496 1.30332
0.3305 1.00052 1.20481 1.21049e-07 0.560804 1.30287
0.3315 1.00048 1.20453 1.21104e-07 0.561067 1.30249
0.3325 1.00044 1.20429 1.21184e-07 0.56129 1.30216
0.3335 1.00041 1.20407 1.21294e-07 0.561477 1.30189
0.3345 1.00038 1.20388 1.21437e-07 0.561633 1.30167
0.3355 1.00035 1.20371 1.21619e-07 0.561763 1.30148
0.3365 1.00032 1.20356 1.21845e-07 0.56187 1.30133
0.3375 1.0003 1.20341 1.22121e-07 0.561957 1.3012
0.3385 1.00028 1.20328 1.22453e-07 0.562029 1.3011
0.3395 1.00025 1.20315 1.22847e-07 0.562086 1.30102
0.3405 1.00023 1.20303 1.23309e-07 0.562132 1.30095
0.3415 1.00021 1.2029 1.23845e-07 0.562169 1.3009
0.3425 1.00018 1.20277 1.24461e-07 0.562198 1.30085
0.3435 1.00016 1.20264 1.25161e-07 0.562222 1.30082
0.3445 1.00014 1.20251 1.25949e-07 0.56224 1.3008
0.3455 1.00012 1.20238 1.26827e-07 0.562254 1.30077
0.3465 1.0001 1.20224 1.27798e-07 0.562265 1.30076
0.3475 1.00008 1.20209 1.28861e-07 0.562273 1.30075
0.3485 1.00006 1.20195 1.30014e-07 0.56228 1.30074
0.3495 1.00005 1.20181 1.31255e-07 0.562285 1.30073
0.3505 1.00003 1.20167 1.32577e-07 0.562289 1.30072
0.3515 1.00002 1.20153 1.33974e-07 0.562292 1.30072
0.3525 1.00001 1.2014 1.35439e-07 0.562295 1.30072
0.3535 1 1.20127 1.3696e-07 0.562297 1.30071
0.3545 0.999997 1.20115 1.38527e-07 0.562298 1.30071
0.3555 0.999994 1.20105 1.40127e-07 0.562299 1.30071
0.3565 0.999995 1.20095 1.41749e-07 0.5623 1.30071
0.3575 0.999998 1.20087 1.43379e-07 0.562301 1.30071
0.3585 1 1.2008 1.45003e-07 0.562302 1.30071
0.3595 1.00001 1.20075 1.46608e-07 0.562303 1.30071
0.3605 1.00002 1.20071 1.48183e-07 0.562304 1.30071
0.3615 1.00003 1.20069 1.49715e-07 0.562304 1.30071
0.3625 1.00005 1.20069 1.51194e-07 0.562305 1.30071
0.3635 1.00006 1.2007 1.52611e-07 0.562306 1.30071
0.3645 1.00008 1.20072 1.53958e-07 0.562306 1.30071
0.3655 1.0001 1.20076 1.55228e-07 0.562307 1.30071
0.3665 1.00011 1.20081 1.56417e-07 0.562308 1.3007
0.3675 1.00013 1.20087 1.57522e-07 0.562308 1.3007
0.3685 1.00015 1.20094 1.58541e-07 0.562309 1.3007
0.3695 1.00017 1.20102 1.59473e-07 0.56231 1.3007
0.3705 1.00018 1.2011 1.6032e-07 0.562311 1.30071
0.3715 1.0002 1.20119 1.61085e-07 0.562311 1.30071
0.3725 1.00021 1.20128 1.61769e-07 0.562312 1.30071
0.3735 1.00022 1.20138 1.62378e-07 0.562313 1.30071
0.3745 1.00024 1.20147 1.62916e-07 0.562314 1.30071
0.3755 1.00025 1.20156 1.63387e-07 0.562315 1.30071
0.3765 1.00026 1.20165 1.63798e-07 0.562316 1.30071
0.3775 1.00027 1.20174 1.64153e-07 0.562317 1.30071
0.3785 1.00028 1.20183 1.64459e-07 0.562318 1.30071
0.3795 1.00028 1.20191 1.6472e-07 0.562319 1.30071
0.3805 1.00029 1.20199 1.64941e-07 0.56232 1.30071
0.3815 1.00029 1.20207 1.65128e-07 0.562321 1.30071
0.3825 1.0003 1.20214 1.65284e-07 0.562323 1.30071
0.3835 1.0003 1.2022 1.65415e-07 0.562324 1.30071
0.3845 1.00031 1.20227 1.65523e-07 0.562325 1.30071
0.3855 1.00031 1.20233 1.65612e-07 0.562326 1.30071
0.3865 1.00032 1.20238 1.65686e-07 0.562327 1.30072
0.3875 1.00032 1.20243 1.65746e-07 0.562329 1.30072
0.3885 1.00032 1.20248 1.65795e-07 0.562329 1.30072
0.3895 1.00032 1.20253 1.65834e-07 0.56233 1.30072
0.3905 1.00033 1.20257 1.65867e-07 0.56233 1.30073
0.3915 1.00033 1.20261 1.65893e-07 0.562329 1.30073
0.3925 1.00033 1.20265 1.65915e-07 0.562326 1.30074
0.3935 1.00033 1.20269 1.65933e-07 0.56232 1.30076
0.3945 1.00033 1.20273 1.65948e-07 0.562309 1.30078
0.3955 1.00032 1.20278 1.65962e-07 0.562291 1.30081
0.3965 1.00031 1.20284 1.65975e-07 0.562262 1.30086
0.3975 1.0003 1.20291 1.65989e-07 0.562216 1.30094
0.3985 1.00028 1.203 1.66005e-07 0.562143 1.30106
0.3995 1.00025 1.20313 1.66025e-07 0.562031 1.30124
0.4005 1.0002 1.20331 1.66052e-07 0.561862 1.30151
0.4015 1.00012 1.20356 1.66089e-07 0.56161 1.30191
0.4025 1.00002 1.20393 1.6614e-07 0.561241 1.30249
0.4035 0.999871 1.20445 1.66213e-07 0.560707 1.30333
0.4045 0.999669 1.20518 1.66314e-07 0.559945 1.30453
0.4055 0.999399 1.2062 1.66455e-07 0.558879 1.30619
0.4065 0.999045 1.20761 1.66649e-07 0.557407 1.30849
0.4075 0.998593 1.2095 1.66911e-07 0.555414 1.31159
0.4085 0.998035 1.21203 1.6726e-07 0.552766 1.31571
0.4095 0.997368 1.21532 1.67714e-07 0.549321 1.32105
0.4105 0.996606 1.21952 1.68294e-07 0.544943 1.32785
0.4115 0.995778 1.22475 1.69016e-07 0.53952 1.33627
0.4125 0.994934 1.23109 1.6989e-07 0.53299 1.34642
0.4135 0.994141 1.23854 1.70919e-07 0.525367 1.35829
0.4145 0.993473 1.24703 1.72091e-07 0.516759 1.37174
0.4155 0.993005 1.25639 1.73381e-07 0.507373 1.38645
0.4165 0.99279 1.26633 1.74753e-07 0.497502 1.40198
0.4175 0.992853 1.27652 1.7616e-07 0.487495 1.4178
0.4185 0.993185 1.28661 1.77553e-07 0.477708 1.43335
0.4195 0.993748 1.29625 1.78882e-07 0.468466 1.4481
0.4205 0.994481 1.30515 1.8011e-07 0.460026 1.46162
0.4215 0.995317 1.3131 1.81208e-07 0.452558 1.47363
0.4225 0.996189 1.32 1.82161e-07 0.446145 1.48397
0.4235 0.997043 1.32582 1.82963e-07 0.440791 1.49261
0.4245 0.997839 1.33058 1.83621e-07 0.43644 1.49965
0.4255 0.998549 1.33438 1.84145e-07 0.432999 1.50521
0.4265 0.999162 1.33733 1.84552e-07 0.430348 1.5095
0.4275 0.999676 1.33955 1.84859e-07 0.428363 1.5127
0.4285 1.00009 1.34118 1.85084e-07 0.426924 1.51501
0.4295 1.00043 1.34233 1.85243e-07 0.425916 1.51662
0.4305 1.00069 1.34311 1.85354e-07 0.425245 1.51769
0.4315 1.00088 1.3436 1.85431e-07 0.424825 1.51835
0.4325 1.00103 1.34389 1.85499e-07 0.42459 1.51871
0.4335 1.00113 1.34402 1.85597e-07 0.424486 1.51886
0.4345 1.00121 1.34406 1.85815e-07 0.424471 1.51887
0.4355 1.00126 1.34402 1.86364e-07 0.424515 1.51878
0.4365 1.0013 1.34395 1.87749e-07 0.424593 1.51864
0.4375 1.00133 1.34385 1.91131e-07 0.42469 1.51847
0.4385 1.00135 1.34374 1.99117e-07 0.424795 1.51829
0.4395 1.00136 1.34363 2.17368e-07 0.4249 1.51811
0.4405 1.00137 1.34352 2.57786e-07 0.425001 1.51794
0.4415 1.00138 1.34342 3.44613e-07 0.425094 1.51778
0.4425 1.00139 1.34333 5.25692e-07 0.425179 1.51764
0.4435 1.0014 1.34324 8.92572e-07 0.425255 1.51751
0.4445 1.00141 1.34317 1.61518e-06 0.425322 1.51739
0.4455 1.00141 1.34309 2.99958e-06 0.425381 1.51729
0.4465 1.00141 1.34302 5.58097e-06 0.425431 1.5172
0.4475 1.0014 1.34293 1.02681e-05 0.425475 1.51712
0.4485 1.00137 1.34283 1.85599e-05 0.425512 1.51706
0.4495 1.0013 1.34268 3.28587e-05 0.425544 1.517
0.4505 1.00118 1.34247 5.69056e-05 0.42557 1.51695
0.4515 1.00098 1.34214 9.63633e-05 0.425592 1.51691
0.4525 1.00064 1.34164 0.000159562 0.42561 1.51687
0.4535 1.00011 1.34087 0.000258409 0.425625 1.51684
0.4545 0.999279 1.33971 0.000409447 0.425636 1.51682
0.4555 0.998031 1.33798 0.000634997 0.425646 1.51679
0.4565 0.9962 1.33548 0.000964297 0.425653 1.51678
0.4575 0.993578 1.3319 0.00143451 0.425658 1.51676
0.4585 0.989906 1.32692 0.00209141 0.425661 1.51675
0.4595 0.98488 1.32011 0.00298959 0.425664 1.51674
0.4605 0.978146 1.311 0.00419189 0.425665 1.51673
0.4615 0.969312 1.29906 0.00576805 0.425666 1.51672
0.4625 0.957962 1.28373 0.00779223 0.425665 1.51672
0.4635 0.943672 1.26444 0.0103396 0.425665 1.51671
0.4645 0.926037 1.24065 0.013482 0.425663 1.51671
0.4655 0.904697 1.21187 0.0172829 0.425662 1.51671
0.4665 0.879368 1.17773 0.0217918 0.42566 1.5167
0.4675 0.849875 1.138 0.0270393 0.425658 1.5167
0.4685 0.81617 1.09262 0.0330324 0.425655 1.5167
0.4695 0.778359 1.04173 0.0397509 0.425653 1.5167
0.4705 0.736709 0.985717 0.047146 0.425651 1.5167
0.4715 0.691648 0.925152 0.0551401 0.425648 1.5167
0.4725 0.643755 0.860822 0.0636294 0.425646 1.51669
0.4735 0.593734 0.793681 0.0724879 0.425644 1.51669
0.4745 0.542385 0.724804 0.0815731 0.425642 1.51669
0.4755 0.490563 0.655342 0.0907334 0.42564 1.51669
0.4765 0.439136 0.586455 0.0998156 0.425637 1.51669
0.4775 0.38894 0.519262 0.108672 0.425635 1.51669
0.4785 0.340741 0.454784 0.117169 0.425633 1.51669
0.4795 0.295202 0.393901 0.125191 0.425632 1.51669
0.4805 0.252858 0.33732 0.132644 0.42563 1.51669
0.4815 0.214101 0.285559 0.139461 0.425628 1.51669
0.4825 0.179175 0.238936 0.1456 0.425626 1.51669
0.4835 0.148183 0.197581 0.151044 0.425625 1.51669
0.4845 0.121098 0.16145 0.155801 0.425623 1.51669
0.4855 0.0977801 0.130354 0.159894 0.425622 1.51669
0.4865 0.0780031 0.103985 0.163364 0.42562 1.51669
0.4875 0.0614746 0.0819511 0.166264 0.425619 1.51669
0.4885 0.0478612 0.0638048 0.168652 0.425617 1.51669
0.4895 0.0368095 0.049074 0.170591 0.425616 1.51669
0.4905 0.0279652 0.0372855 0.172142 0.425615 1.51669
0.4915 0.020987 0.0279841 0.173366 0.425613 1.51669
0.4925 0.0155581 0.0207472 0.174318 0.425612 1.51669
0.4935 0.0113929 0.0151945 0.175049 0.425611 1.51669
0.4945 0.00824126 0.0109925 0.175601 0.425609 1.51669
0.4955 0.00588894 0.00785582 0.176014 0.425608 1.51669
0.4965 0.00415697 0.00554604 0.176318 0.425607 1.51669
0.4975 0.00289886 0.00386796 0.176538 0.425606 1.51669
0.4985 0.00199713 0.00266506 0.176696 0.425604 1.51669
0.4995 0.00135937 0.00181418 0.176808 0.425603 1.51669
0.5005 0.000914226 0.0012202 0.176886 0.425602 1.51669
0.5015 0.000607577 0.000810973 0.17694 0.425601 1.51669
0.5025 0.000399066 0.000532681 0.176976 0.425599 1.51669
0.5035 0.00025911 0.000345866 0.177 0.425598 1.51669
0.5045 0.000166367 0.000222062 0.177016 0.425597 1.51669
0.5055 0.000105691 0.000141058 0.177027 0.425596 1.51669
0.5065 6.64942e-05 8.87269e-05 0.177033 0.425595 1.51669
0.5075 4.14901e-05 5.53428e-05 0.177038 0.425593 1.51669
0.5085 2.57382e-05 3.43113e-05 0.17704 0.425592 1.51669
0.5095 1.59377e-05 2.12257e-05 0.177042 0.425591 1.51669
0.5105 9.91479e-06 1.31841e-05 0.177042 0.425589 1.51669
0.5115 6.25868e-06 8.3027e-06 0.177043 0.425588 1.51669
0.5125 4.06621e-06 5.37558e-06 0.177043 0.425587 1.51669
0.5135 2.76731e-06 3.64155e-06 0.177043 0.425585 1.51669
0.5145 2.00701e-06 2.62662e-06 0.177043 0.425583 1.51669
0.5155 1.56728e-06 2.03969e-06 0.177043 0.425582 1.51669
0.5165 1.31597e-06 1.70428e-06 0.177042 0.42558 1.51669
0.5175 1.17404e-06 1.51487e-06 0.177042 0.425578 1.51669
0.5185 1.09482e-06 1.40916e-06 0.177042 0.425576 1.51669
0.5195 1.05111e-06 1.35086e-06 0.177042 0.425574 1.51669
0.5205 1.02728e-06 1.31907e-06 0.177041 0.425571 1.51669
0.5215 1.01444e-06 1.30194e-06 0.177041 0.425568 1.51669
0.5225 1.00759e-06 1.29281e-06 0.177041 0.425565 1.51669
0.5235 1.00399e-06 1.288e-06 0.177041 0.425562 1.51669
0.5245 1.00211e-06 1.2855e-06 0.177041 0.425558 1.51669
0.5255 1.00114e-06 1.28421e-06 0.17704 0.425553 1.51669
0.5265 1.00065e-06 1.28355e-06 0.17704 0.425548 1.5167
0.5275 1.0004e-06 1.28322e-06 0.17704 0.425543 1.5167
0.5285 1.00028e-06 1.28305e-06 0.17704 0.425536 1.5167
0.5295 1.00022e-06 1.28297e-06 0.17704 0.425529 1.5167
0.5305 1.00019e-06 1.28293e-06 0.17704 0.425521 1.5167
0.5315 1.00017e-06 1.28291e-06 0.17704 0.425511 1.51671
0.5325 1.00017e-06 1.2829e-06 0.17704 0.4255 1.51671
0.5335 1.00016e-06 1.2829e-06 0.17704 0.425487 1.51671
0.5345 1.00016e-06 1.2829e-06 0.17704 0.425473 1.51672
0.5355 1.00016e-06 1.2829e-06 0.17704 0.425457 1.51673
0.5365 1.00016e-06 1.2829e-06 0.17704 0.425438 1.51673
0.5375 1.00016e-06 1.2829e-06 0.177041 0.425416 1.51674
0.5385 1.00016e-06 1.28291e-06 0.177041 0.425391 1.51675
0.5395 1.00016e-06 1.28291e-06 0.177042 0.425363 1.51676
0.5405 1.00016e-06 1.28292e-06 0.177042 0.425331 1.51678
0.5415 1.00016e-06 1.28292e-06 0.177043 0.425295 1.5168
0.5425 1.00016e-06 1.28293e-06 0.177044 0.425254 1.51682
0.5435 1.00015e-06 1.28294e-06 0.177046 0.425207 1.51684
0.5445 1.00015e-06 1.28295e-06 0.177047 0.425154 1.51687
0.5455 1.00015e-06 1.28296e-06 0.177049 0.425095 1.51689
0.5465 1.00015e-06 1.28298e-06 0.177051 0.425028 1.51693
0.5475 1.00015e-06 1.283e-06 0.177053 0.424954 1.51697
0.5485 1.00015e-06 1.28302e-06 0.177056 0.42487 1.51701
0.5495 1.00014e-06 1.28304e-06 0.177059 0.424777 1.51706
0.5505 1.00014e-06 1.28307e-06 0.177063 0.424674 1.51712
0.5515 1.00014e-06 1.28309e-06 0.177067 0.424559 1.51718
0.5525 1.00014e-06 1.28313e-06 0.177071 0.424432 1.51725
0.5535 1.00013e-06 1.28316e-06 0.177076 0.424293 1.51732
0.5545 1.00013e-06 1.28321e-06 0.177082 0.424139 1.51741
0.5555 1.00013e-06 1.28325e-06 0.177088 0.423971 1.5175
0.5565 1.00012e-06 1.2833e-06 0.177095 0.423788 1.5176
0.5575 1.00012e-06 1.28336e-06 0.177103 0.423587 1.51772
0.5585 1.00012e-06 1.28342e-06 0.177111 0.42337 1.51784
0.5595 1.00011e-06 1.28348e-06 0.17712 0.423135 1.51797
0.5605 1.00011e-06 1.28355e-06 0.17713 0.422881 1.51811
0.5615 1.0001e-06 1.28363e-06 0.17714 0.422608 1.51827
0.5625 1.0001e-06 1.28371e-06 0.177152 0.422314 1.51843
0.5635 1.00009e-06 1.2838e-06 0.177164 0.422 1.51861
0.5645 1.00009e-06 1.28389e-06 0.177177 0.421665 1.5188
0.5655 1.00008e-06 1.28399e-06 0.177191 0.421309 1.51901
0.5665 1.00008e-06 1.2841e-06 0.177206 0.420931 1.51922
0.5675 1.00007e-06 1.28421e-06 0.177221 0.420532 1.51945
0.5685 1.00007e-06 1.28433e-06 0.177238 0.42011 1.51969
0.5695 1.00006e-06 1.28446e-06 0.177255 0.419667 1.51994
0.5705 1.00006e-06 1.28459e-06 0.177273 0.419203 1.5202
0.5715 1.00005e-06 1.28473e-06 0.177292 0.418717 1.52048
0.5725 1.00005e-06 1.28487e-06 0.177312 0.41821 1.52077
0.5735 1.00004e-06 1.28502e-06 0.177332 0.417682 1.52106
0.5745 1.00004e-06 1.28517e-06 0.177353 0.417135 1.52137
0.5755 1.00004e-06 1.28533e-06 0.177375 0.416568 1.52169
0.5765 1.00003e-06 1.28549e-06 0.177398 0.415983 1.52201
0.5775 1.00003e-06 1.28566e-06 0.177421 0.415381 1.52235
0.5785 1.00003e-06 1.28583e-06 0.177444 0.414761 1.52269
0.5795 1.00002e-06 1.286e-06 0.177468 0.414126 1.52304
0.5805 1.00002e-06 1.28618e-06 0.177493 0.413476 1.52339
0.5815 1.00002e-06 1.28636e-06 0.177517 0.412813 1.52375
0.5825 1.00001e-06 1.28654e-06 0.177542 0.412136 1.52412
0.5835 1.00001e-06 1.28672e-06 0.177567 0.411449 1.52448
0.5845 1.00001e-06 1.28691e-06 0.177593 0.41075 1.52485
0.5855 1.00001e-06 1.28709e-06 0.177618 0.410042 1.52522
0.5865 1.00001e-06 1.28728e-06 0.177644 0.409326 1.52559
0.5875 1.00001e-06 1.28746e-06 0.177669 0.408602 1.52596
0.5885 1.00001e-06 1.28765e-06 0.177695 0.407871 1.52633
0.5895 1.00001e-06 1.28783e-06 0.17772 0.407136 1.52669
0.5905 1.00001e-06 1.28801e-06 0.177745 0.406395 1.52706
0.5915 1.00001e-06 1.28819e-06 0.17777 0.405651 1.52742
0.5925 1.00001e-06 1.28837e-06 0.177794 0.404903 1.52777
0.5935 1.00001e-06 1.28854e-06 0.177818 0.404154 1.52812
0.5945 1.00002e-06 1.28871e-06 0.177842 0.403402 1.52846
0.5955 1.00002e-06 1.28888e-06 0.177865 0.40265 1.52879
0.5965 1.00002e-06 1.28904e-06 0.177887 0.401897 1.52912
0.5975 1.00002e-06 1.2892e-06 0.177909 0.401144 1.52944
0.5985 1.00002e-06 1.28935e-06 0.177931 0.400391 1.52975
0.5995 1.00003e-06 1.2895e-06 0.177951 0.399639 1.53005
0.6005 1.00003e-06 1.28965e-06 0.177971 0.398888 1.53034
0.6015 1.00003e-06 1.28979e-06 0.17799 0.398138 1.53062
0.6025 1.00004e-06 1.28992e-06 0.178009 0.397389 1.53089
0.6035 1.00008e-06 1.2901e-06 0.178026 0.396641 1.53115
0.6045 1.00039e-06 1.29065e-06 0.178043 0.395895 1.53139
0.6055 1.00252e-06 1.29372e-06 0.178059 0.39515 1.53162
0.6065 1.01471e-06 1.31072e-06 0.178074 0.394406 1.53184
0.6075 1.07432e-06 1.39322e-06 0.178088 0.393663 1.53205
0.6085 1.32857e-06 1.74375e-06 0.178101 0.392921 1.53224
0.6095 2.2889e-06 3.06383e-06 0.178112 0.392179 1.53242
0.6105 5.54098e-06 7.5224e-06 0.178123 0.391437 1.53259
0.6115 1.55144e-05 2.11624e-05 0.178131 0.390696 1.53274
0.6125 4.34442e-05 5.92721e-05 0.178135 0.389953 1.53287
0.6135 0.000115363 0.000157192 0.17813 0.38921 1.53299
0.6145 0.000286653 0.00038994 0.178106 0.388466 1.5331
0.6155 0.000665929 0.000904328 0.178044 0.387719 1.53318
0.6165 0.00145014 0.00196606 0.177909 0.38697 1.53326
0.6175 0.00297022 0.00402072 0.177642 0.386218 1.53331
0.6185 0.00574191 0.00776163 0.177152 0.385462 1.53335
0.6195 0.0105107 0.0141893 0.176308 0.3847 1.53337
0.6205 0.0182745 0.024641 0.174933 0.383931 1.53336
0.6215 0.030264 0.0407642 0.172812 0.383152 1.53334
0.6225 0.0478672 0.0644147 0.169701 0.382361 1.53328
0.6235 0.0724892 0.0974705 0.165353 0.381551 1.53318
0.6245 0.10536 0.141576 0.159551 0.380718 1.53303
0.6255 0.147315 0.197853 0.152148 0.379854 1.53282
0.6265 0.198591 0.266624 0.143098 0.378949 1.53252
0.6275 0.258682 0.347224 0.132485 0.377993 1.53211
0.6285 0.326297 0.437937 0.12053 0.376972 1.53156
0.6295 0.399431 0.536081 0.107578 0.375871 1.53082
0.6305 0.475557 0.638257 0.0940716 0.374673 1.52985
0.6315 0.551891 0.740701 0.0804987 0.373356 1.52861
0.6325 0.625696 0.839688 0.0673443 0.371898 1.52704
0.6335 0.694566 0.931915 0.0550388 0.370275 1.5251
0.6345 0.756644 1.0148 0.043919 0.368463 1.52273
0.6355 0.810741 1.08667 0.0342051 0.366443 1.51991
0.6365 0.856354 1.14679 0.0259957 0.364201 1.51662
0.6375 0.893598 1.19526 0.0192782 0.361733 1.51285
0.6385 0.923073 1.23289 0.0139519 0.359051 1.50865
0.6395 0.945703 1.26094 0.00985624 0.356181 1.50406
0.6405 0.962571 1.28095 0.00679908 0.353163 1.49917
0.6415 0.974792 1.29448 0.00458183 0.350055 1.4941
0.6425 0.983405 1.30304 0.00301781 0.346921 1.48896
0.6435 0.989315 1.30794 0.00194373 0.343832 1.48389
0.6445 0.993266 1.31027 0.00122491 0.340857 1.47899
0.6455 0.995844 1.31091 0.000755638 0.338058 1.47439
0.6465 0.997484 1.31051 0.000456542 0.335484 1.47017
0.6475 0.998504 1.30953 0.000270274 0.33317 1.46637
0.6485 0.999124 1.30829 0.000156847 0.331136 1.46304
0.6495 0.999492 1.30701 8.92704e-05 0.329385 1.46018
0.6505 0.999706 1.3058 4.986e-05 0.327908 1.45777
0.6515 0.999828 1.30473 2.7352e-05 0.326687 1.45578
0.6525 0.999895 1.30383 1.47591e-05 0.325697 1.45417
0.6535 0.999932 1.30309 7.85494e-06 0.324908 1.45289
0.6545 0.999952 1.3025 4.14474e-06 0.32429 1.45188
0.6555 0.999962 1.30205 2.19002e-06 0.323814 1.45111
0.6565 0.999967 1.3017 1.18016e-06 0.323454 1.45052
0.6575 0.999969 1.30145 6.68459e-07 0.323185 1.45009
0.6585 0.999971 1.30127 4.14106e-07 0.322987 1.44977
0.6595 0.999971 1.30114 2.90054e-07 0.322843 1.44953
0.6605 0.999971 1.30106 2.30678e-07 0.322741 1.44937
0.6615 0.999971 1.301 2.02783e-07 0.322669 1.44925
0.6625 0.999971 1.30097 1.89916e-07 0.322618 1.44917
0.6635 0.999971 1.30095 1.84088e-07 0.322583 1.44912
0.6645 0.999971 1.30094 1.81496e-07 0.32256 1.44908
0.6655 0.999971 1.30094 1.80364e-07 0.322544 1.44905
0.6665 0.999971 1.30095 1.79879e-07 0.322533 1.44904
0.6675 0.999971 1.30096 1.79675e-07 0.322526 1.44903
0.6685 0.999971 1.30097 1.79591e-07 0.322522 1.44902
0.6695 0.999971 1.30098 1.79558e-07 0.322519 1.44902
0.6705 0.999971 1.30099 1.79546e-07 0.322516 1.44901
0.6715 0.999971 1.301 1.79542e-07 0.322515 1.44901
0.6725 0.999971 1.30102 1.79542e-07 0.322514 1.44901
0.6735 0.999971 1.30103 1.79542e-07 0.322513 1.44901
0.6745 0.999971 1.30104 1.79544e-07 0.322513 1.44901
0.6755 0.999971 1.30105 1.79545e-07 0.322513 1.44901
0.6765 0.999971 1.30106 1.79546e-07 0.322512 1.44901
0.6775 0.999971 1.30107 1.79548e-07 0.322512 1.44901
0.6785 0.999971 1.30108 1.79549e-07 0.322512 1.44901
0.6795 0.999971 1.30108 1.7955e-07 0.322512 1.44901
0.6805 0.999971 1.30109 1.79551e-07 0.322511 1.44901
0.6815 0.999971 1.3011 1.79552e-07 0.322511 1.44901
0.6825 0.999971 1.30111 1.79553e-07 0.322511 1.44901
0.6835 0.999971 1.30111 1.79554e-07 0.322511 1.44901
0.6845 0.999971 1.30112 1.79555e-07 0.322511 1.44901
0.6855 0.999971 1.30113 1.79556e-07 0.322511 1.44901
0.6865 0.999971 1.30113 1.79556e-07 0.32251 1.44901
0.6875 0.999971 1.30114 1.79557e-07 0.32251 1.44902
0.6885 0.999971 1.30114 1.79558e-07 0.32251 1.44902
0.6895 0.999971 1.30115 1.79559e-07 0.32251 1.44902
0.6905 0.999971 1.30115 1.7956e-07 0.32251 1.44902
0.6915 0.999971 1.30116 1.7956e-07 0.32251 1.44902
0.6925 0.999971 1.30117 1.79561e-07 0.32251 1.44902
0.6935 0.999971 1.30117 1.79562e-07 0.322509 1.44902
0.6945 0.999971 1.30118 1.79563e-07 0.322509 1.44902
0.6955 0.999971 1.30118 1.79563e-07 0.322509 1.44902
0.6965 0.999971 1.30119 1.79564e-07 0.322509 1.44902
0.6975 0.999971 1.30119 1.79565e-07 0.322509 1.44902
0.6985 0.999972 1.3012 1.79565e-07 0.322509 1.44902
0.6995 0.999972 1.3012 1.79566e-07 0.322509 1.44902
0.7005 0.999972 1.30121 1.79566e-07 0.322509 1.44902
0.7015 0.999972 1.30121 1.79567e-07 0.322508 1.44902
0.7025 0.999972 1.30121 1.79568e-07 0.322507 1.44902
0.7035 0.999972 1.30122 1.79568e-07 0.322506 1.44902
0.7045 0.999972 1.30122 1.79568e-07 0.322504 1.44902
0.7055 0.999972 1.30122 1.79568e-07 0.322501 1.44901
0.7065 0.999972 1.30122 1.79568e-07 0.322495 1.449
0.7075 0.999972 1.30121 1.79567e-07 0.322487 1.44899
0.7085 0.999972 1.3012 1.79566e-07 0.322473 1.44897
0.7095 0.999972 1.30118 1.79563e-07 0.322452 1.44893
0.7105 0.999972 1.30115 1.79559e-07 0.32242 1.44888
0.7115 0.999972 1.3011 1.79553e-07 0.322372 1.44881
0.7125 0.999972 1.30103 1.79543e-07 0.3223 1.44869
0.7135 0.999972 1.30093 1.79528e-07 0.322193 1.44852
0.7145 0.999972 1.30076 1.79506e-07 0.322035 1.44826
0.7155 0.999972 1.30053 1.79473e-07 0.321803 1.44788
0.7165 0.999972 1.30018 1.79425e-07 0.321466 1.44734
0.7175 0.999972 1.29967 1.79355e-07 0.320978 1.44655
0.7185 0.999972 1.29895 1.79255e-07 0.320277 1.44541
0.7195 0.999972 1.29791 1.79112e-07 0.319276 1.44379
0.7205 0.999973 1.29644 1.78908e-07 0.317857 1.44149
0.7215 0.999973 1.29436 1.78622e-07 0.315858 1.43826
0.7225 0.999974 1.29147 1.78223e-07 0.313063 1.43375
0.7235 0.999976 1.28747 1.7767e-07 0.309187 1.42752
0.7245 0.99998 1.28199 1.76914e-07 0.303865 1.41901
0.7255 0.999986 1.27458 1.75893e-07 0.296646 1.40752
0.7265 0.999996 1.26475 1.74536e-07 0.286997 1.39229
0.7275 1.00001 1.25195 1.72769e-07 0.274341 1.37252
0.7285 1.00004 1.23573 1.70531e-07 0.258137 1.34757
0.7295 1.00007 1.21585 1.67787e-07 0.238019 1.31713
0.7305 1.00011 1.19247 1.64561e-07 0.213988 1.28155
0.7315 1.00015 1.16631 1.60952e-07 0.186614 1.24205
0.7325 1.00018 1.1387 1.57141e-07 0.15714 1.20072
0.7335 1.00018 1.11137 1.5337e-07 0.127371 1.16022
0.7345 1.00016 1.08609 1.4988e-07 0.0992936 1.12313
0.7355 1.00012 1.0642 1.46859e-07 0.0745763 1.09135
0.7365 1.00008 1.04638 1.44401e-07 0.0541795 1.06571
0.7375 1.00005 1.03263 1.42503e-07 0.0382758 1.04607
0.7385 1.00003 1.02248 1.41102e-07 0.0264414 1.03165
0.7395 1.00001 1.01523 1.40102e-07 0.0179516 1.02141
0.7405 1.00001 1.01019 1.39406e-07 0.0120269 1.0143
0.7415 1 1.00675 1.38932e-07 0.00797594 1.00947
0.7425 1 1.00444 1.38613e-07 0.00524731 1.00622
0.7435 1 1.0029 1.384e-07 0.00342978 1.00406
0.7445 0.999999 1.00188 1.3826e-07 0.00222941 1.00264
0.7455 0.999999 1.00122 1.38168e-07 0.001442 1.00171
0.7465 0.999999 1.00078 1.38108e-07 0.000928418 1.0011
0.7475 0.999999 1.0005 1.38069e-07 0.000595107 1.0007
0.7485 0.999999 1.00032 1.38044e-07 0.000379793 1.00045
0.7495 0.999999 1.0002 1.38028e-07 0.000241321 1.00029
0.7505 0.999999 1.00013 1.38018e-07 0.000152657 1.00018
0.7515 0.999999 1.00008 1.38011e-07 9.61332e-05 1.00011
0.7525 0.999999 1.00005 1.38007e-07 6.02602e-05 1.00007
0.7535 0.999999 1.00003 1.38004e-07 3.75963e-05 1.00004
0.7545 0.999999 1.00002 1.38003e-07 2.3344e-05 1.00003
0.7555 0.999999 1.00001 1.38002e-07 1.44241e-05 1.00002
0.7565 0.999999 1.00001 1.38001e-07 8.86837e-06 1.00001
0.7575 0.999999 1 1.38001e-07 5.42521e-06 1.00001
0.7585 0.999999 1 1.38e-07 3.30202e-06 1
0.7595 0.999999 1 1.38e-07 1.99947e-06 1
0.7605 0.999999 1 1.38e-07 1.2045e-06 1
0.7615 0.999999 1 1.38e-07 7.21856e-07 1
0.7625 0.999999 0.999999 1.38e-07 4.30371e-07 1
0.7635 0.999999 0.999999 1.38e-07 2.55264e-07 1
0.7645 0.999999 0.999999 1.38e-07 1.50627e-07 1
0.7655 0.999999 0.999999 1.38e-07 8.8431e-08 1
0.7665 0.999999 0.999999 1.38e-07 5.16559e-08 1
0.7675 0.999999 0.999999 1.38e-07 3.00252e-08 1
0.7685 0.999999 0.999999 1.38e-07 1.73678e-08 1
0.7695 0.999999 0.999999 1.38e-07 9.99893e-09 1
0.7705 0.999999 0.999999 1.38e-07 5.73022e-09 1
0.7715 0.999999 0.999999 1.38e-07 3.26942e-09 1
0.7725 0.999999 0.999999 1.38e-07 1.85752e-09 1
0.7735 0.999999 0.999999 1.38e-07 1.05112e-09 1
0.7745 0.999999 0.999999 1.38e-07 5.92558e-10 1
0.7755 0.999999 0.999999 1.38e-07 3.32872e-10 1
0.7765 0.999999 0.999999 1.38e-07 1.86387e-10 1
0.7775 0.999999 0.999999 1.38e-07 1.04058e-10 1
0.7785 0.999999 0.999999 1.38e-07 5.79418e-11 1
0.7795 0.999999 0.999999 1.38e-07 3.21889e-11 1
0.7805 0.999999 0.999999 1.38e-07 1.78471e-11 1
0.7815 0.999999 0.999999 1.38e-07 9.87923e-12 1
0.7825 0.999999 0.999999 1.38e-07 5.46146e-12 1
0.7835 0.999999 0.999999 1.38e-07 3.01626e-12 1
0.7845 0.999999 0.999999 1.38e-07 1.66477e-12 1
0.7855 0.999999 0.999999 1.38e-07 9.18406e-13 1
0.7865 0.999999 0.999999 1.38e-07 5.06542e-13 1
0.7875 0.999999 0.999999 1.38e-07 2.79377e-13 1
0.7885 0.999999 0.999999 1.38e-07 1.54062e-13 1
0.7895 0.999999 0.999999 1.38e-07 8.50318e-14 1
0.7905 0.999999 0.999999 1.38e-07 4.70339e-14 1
0.7915 0.999999 0.999999 1.38e-07 2.60153e-14 1
0.7925 0.999999 0.999999 1.38e-07 1.43081e-14 1
0.7935 0.999999 0.999999 1.38e-07 7.83813e-15 1
0.7945 0.999999 0.999999 1.38e-07 4.22473e-15 1
0.7955 0.999999 0.999999 1.38e-07 2.31033e-15 1
0.7965 0.999999 0.999999 1.38e-07 1.24288e-15 1
0.7975 0.999999 0.999999 1.38e-07 6.0134e-16 1
0.7985 0.999999 0.999999 1.38e-07 2.20507e-16 1
0.7995 0.999999 0.999999 1.38e-07 9.99034e-18 1
0.8005 0.999999 0.999999 1.38e-07 0 1
0.8015 0.999999 0.999999 1.38e-07 0 1
0.8025 0.999999 0.999999 1.38e-07 0 1
0.8035 0.999999 0.999999 1.38e-07 0 1
0.8045 0.999999 0.999999 1.38e-07 0 1
0.8055 0.999999 0.999999 1.38e-07 0 1
0.8065 0.999999 0.999999 1.38e-07 0 1
0.8075 0.999999 0.999999 1.38e-07 0 1
0.8085 0.999999 0.999999 1.38e-07 0 1
0.8095 0.999999 0.999999 1.38e-07 0 1
0.8105 0.999999 0.999999 1.38e-07 0 1
0.8115 0.999999 0.999999 1.38e-07 0 1
0.8125 0.999999 0.999999 1.38e-07 0 1
0.8135 0.999999 0.999999 1.38e-07 0 1
0.8145 0.999999 0.999999 1.38e-07 0 1
0.8155 0.999999 0.999999 1.38e-07 0 1
0.8165 0.999999 0.999999 1.38e-07 0 1
0.8175 0.999999 0.999999 1.38e-07 0 1
0.8185 0.999999 0.999999 1.38e-07 0 1
0.8195 0.999999 0.999999 1.38e-07 0 1
0.8205 0.999999 0.999999 1.38e-07 0 1
0.8215 0.999999 0.999999 1.38e-07 0 1
0.8225 0.999999 0.999999 1.38e-07 0 1
0.8235 0.999999 0.999999 1.38e-07 0 1
0.8245 0.999999 0.999999 1.38e-07 0 1
0.8255 0.999999 0.999999 1.38e-07 0 1
0.8265 0.999999 0.999999 1.38e-07 0 1
0.8275 0.999999 0.999999 1.38e-07 0 1
0.8285 0.999999 0.999999 1.38e-07 0 1
0.8295 0.999999 0.999999 1.38e-07 0 1
0.8305 0.999999 0.999999 1.38e-07 0 1
0.8315 0.999999 0.999999 1.38e-07 0 1
0.8325 0.999999 0.999999 1.38e-07 0 1
0.8335 0.999999 0.999999 1.38e-07 0 1
0.8345 0.999999 0.999999 1.38e-07 0 1
0.8355 0.999999 0.999999 1.38e-07 0 1
0.8365 0.999999 0.999999 1.38e-07 0 1
0.8375 0.999999 0.999999 1.38e-07 0 1
0.8385 0.999999 0.999999 1.38e-07 0 1
0.8395 0.999999 0.999999 1.38e-07 0 1
0.8405 0.999999 0.999999 1.38e-07 0 1
0.8415 0.999999 0.999999 1.38e-07 0 1
0.8425 0.999999 0.999999 1.38e-07 0 1
0.8435 0.999999 0.999999 1.38e-07 0 1
0.8445 0.999999 0.999999 1.38e-07 0 1
0.8455 0.999999 0.999999 1.38e-07 0 1
0.8465 0.999999 0.999999 1.38e-07 0 1
0.8475 0.999999 0.999999 1.38e-07 0 1
0.8485 0.999999 0.999999 1.38e-07 0 1
0.8495 0.999999 0.999999 1.38e-07 0 1
0.8505 0.999999 0.999999 1.38e-07 0 1
0.8515 0.999999 0.999999 1.38e-07 0 1
0.8525 0.999999 0.999999 1.38e-07 0 1
0.8535 0.999999 0.999999 1.38e-07 0 1
0.8545 0.999999 0.999999 1.38e-07 0 1
0.8555 0.999999 0.999999 1.38e-07 0 1
0.8565 0.999999 0.999999 1.38e-07 0 1
0.8575 0.999999 0.999999 1.38e-07 0 1
0.8585 0.999999 0.999999 1.38e-07 0 1
0.8595 0.999999 0.999999 1.38e-07 0 1
0.8605 0.999999 0.999999 1.38e-07 0 1
0.8615 0.999999 0.999999 1.38e-07 0 1
0.8625 0.999999 0.999999 1.38e-07 0 1
0.8635 0.999999 0.999999 1.38e-07 0 1
0.8645 0.999999 0.999999 1.38e-07 0 1
0.8655 0.999999 0.999999 1.38e-07 0 1
0.8665 0.999999 0.999999 1.38e-07 0 1
0.8675 0.999999 0.999999 1.38e-07 0 1
0.8685 0.999999 0.999999 1.38e-07 0 1
0.8695 0.999999 0.999999 1.38e-07 0 1
0.8705 0.999999 0.999999 1.38e-07 0 1
0.8715 0.999999 0.999999 1.38e-07 0 1
0.8725 0.999999 0.999999 1.38e-07 0 1
0.8735 0.999999 0.999999 1.38e-07 0 1
0.8745 0.999999 0.999999 1.38e-07 0 1
0.8755 0.999999 0.999999 1.38e-07 0 1
0.8765 0.999999 0.999999 1.38e-07 0 1
0.8775 0.999999 0.999999 1.38e-07 0 1
0.8785 0.999999 0.999999 1.38e-07 0 1
0.8795 0.999999 0.999999 1.38e-07 0 1
0.8805 0.999999 0.999999 1.38e-07 0 1
0.8815 0.999999 0.999999 1.38e-07 0 1
0.8825 0.999999 0.999999 1.38e-07 0 1
0.8835 0.999999 0.999999 1.38e-07 0 1
0.8845 0.999999 0.999999 1.38e-07 0 1
0.8855 0.999999 0.999999 1.38e-07 0 1
0.8865 0.999999 0.999999 1.38e-07 0 1
0.8875 0.999999 0.999999 1.38e-07 0 1
0.8885 0.999999 0.999999 1.38e-07 0 1
0.8895 0.999999 0.999999 1.38e-07 0 1
0.8905 0.999999 0.999999 1.38e-07 0 1
0.8915 0.999999 0.999999 1.38e-07 0 1
0.8925 0.999999 0.999999 1.38e-07 0 1
0.8935 0.999999 0.999999 1.38e-07 0 1
0.8945 0.999999 0.999999 1.38e-07 0 1
0.8955 0.999999 0.999999 1.38e-07 0 1
0.8965 0.999999 0.999999 1.38e-07 0 1
0.8975 0.999999 0.999999 1.38e-07 0 1
0.8985 0.999999 0.999999 1.38e-07 0 1
0.8995 0.999999 0.999999 1.38e-07 0 1
0.9005 0.999999 0.999999 1.38e-07 0 1
0.9015 0.999999 0.999999 1.38e-07 0 1
0.9025 0.999999 0.999999 1.38e-07 0 1
0.9035 0.999999 0.999999 1.38e-07 0 1
0.9045 0.999999 0.999999 1.38e-07 0 1
0.9055 0.999999 0.999999 1.38e-07 0 1
0.9065 0.999999 0.999999 1.38e-07 0 1
0.9075 0.999999 0.999999 1.38e-07 0 1
0.9085 0.999999 0.999999 1.38e-07 0 1
0.9095 0.999999 0.999999 1.38e-07 0 1
0.9105 0.999999 0.999999 1.38e-07 0 1
0.9115 0.999999 0.999999 1.38e-07 0 1
0.9125 0.999999 0.999999 1.38e-07 0 1
0.9135 0.999999 0.999999 1.38e-07 0 1
0.9145 0.999999 0.999999 1.38e-07 0 1
0.9155 0.999999 0.999999 1.38e-07 0 1
0.9165 0.999999 0.999999 1.38e-07 0 1
0.9175 0.999999 0.999999 1.38e-07 0 1
0.9185 0.999999 0.999999 1.38e-07 0 1
0.9195 0.999999 0.999999 1.38e-07 0 1
0.9205 0.999999 0.999999 1.38e-07 0 1
0.9215 0.999999 0.999999 1.38e-07 0 1
0.9225 0.999999 0.999999 1.38e-07 0 1
0.9235 0.999999 0.999999 1.38e-07 0 1
0.9245 0.999999 0.999999 1.38e-07 0 1
0.9255 0.999999 0.999999 1.38e-07 0 1
0.9265 0.999999 0.999999 1.38e-07 0 1
0.9275 0.999999 0.999999 1.38e-07 0 1
0.9285 0.999999 0.999999 1.38e-07 0 1
0.9295 0.999999 0.999999 1.38e-07 0 1
0.9305 0.999999 0.999999 1.38e-07 0 1
0.9315 0.999999 0.999999 1.38e-07 0 1
0.9325 0.999999 0.999999 1.38e-07 0 1
0.9335 0.999999 0.999999 1.38e-07 0 1
0.9345 0.999999 0.999999 1.38e-07 0 1
0.9355 0.999999 0.999999 1.38e-07 0 1
0.9365 0.999999 0.999999 1.38e-07 0 1
0.9375 0.999999 0.999999 1.38e-07 0 1
0.9385 0.999999 0.999999 1.38e-07 0 1
0.9395 0.999999 0.999999 1.38e-07 0 1
0.9405 0.999999 0.999999 1.38e-07 0 1
0.9415 0.999999 0.999999 1.38e-07 0 1
0.9425 0.999999 0.999999 1.38e-07 0 1
0.9435 0.999999 0.999999 1.38e-07 0 1
0.9445 0.999999 0.999999 1.38e-07 0 1
0.9455 0.999999 0.999999 1.38e-07 0 1
0.9465 0.999999 0.999999 1.38e-07 0 1
0.9475 0.999999 0.999999 1.38e-07 0 1
0.9485 0.999999 0.999999 1.38e-07 0 1
0.9495 0.999999 0.999999 1.38e-07 0 1
0.9505 0.999999 0.999999 1.38e-07 0 1
0.9515 0.999999 0.999999 1.38e-07 0 1
0.9525 0.999999 0.999999 1.38e-07 0 1
0.9535 0.999999 0.999999 1.38e-07 0 1
0.9545 0.999999 0.999999 1.38e-07 0 1
0.9555 0.999999 0.999999 1.38e-07 0 1
0.9565 0.999999 0.999999 1.38e-07 0 1
0.9575 0.999999 0.999999 1.38e-07 0 1
0.9585 0.999999 0.999999 1.38e-07 0 1
0.9595 0.999999 0.999999 1.38e-07 0 1
0.9605 0.999999 0.999999 1.38e-07 0 1
0.9615 0.999999 0.999999 1.38e-07 0 1
0.9625 0.999999 0.999999 1.38e-07 0 1
0.9635 0.999999 0.999999 1.38e-07 0 1
0.9645 0.999999 0.999999 1.38e-07 0 1
0.9655 0.999999 0.999999 1.38e-07 0 1
0.9665 0.999999 0.999999 1.38e-07 0 1
0.9675 0.999999 0.999999 1.38e-07 0 1
0.9685 0.999999 0.999999 1.38e-07 0 1
0.9695 0.999999 0.999999 1.38e-07 0 1
0.9705 0.999999 0.999999 1.38e-07 0 1
0.9715 0.999999 0.999999 1.38e-07 0 1
0.9725 0.999999 0.999999 1.38e-07 0 1
0.9735 0.999999 0.999999 1.38e-07 0 1
0.9745 0.999999 0.999999 1.38e-07 0 1
0.9755 0.999999 0.999999 1.38e-07 0 1
0.9765 0.999999 0.999999 1.38e-07 0 1
0.9775 0.999999 0.999999 1.38e-07 0 1
0.9785 0.999999 0.999999 1.38e-07 0 1
0.9795 0.999999 0.999999 1.38e-07 0 1
0.9805 0.999999 0.999999 1.38e-07 0 1
0.9815 0.999999 0.999999 1.38e-07 0 1
0.9825 0.999999 0.999999 1.38e-07 0 1
0.9835 0.999999 0.999999 1.38e-07 0 1
0.9845 0.999999 0.999999 1.38e-07 0 1
0.9855 0.999999 0.999999 1.38e-07 0 1
0.9865 0.999999 0.999999 1.38e-07 0 1
0.9875 0.999999 0.999999 1.38e-07 0 1
0.9885 0.999999 0.999999 1.38e-07 0 1
0.9895 0.999999 0.999999 1.38e-07 0 1
0.9905 0.999999 0.999999 1.38e-07 0 1
0.9915 0.999999 0.999999 1.38e-07 0 1
0.9925 0.999999 0.999999 1.38e-07 0 1
0.9935 0.999999 0.999999 1.38e-07 0 1
0.9945 0.999999 0.999999 1.38e-07 0 1
0.9955 0.999999 0.999999 1.38e-07 0 1
0.9965 0.999999 0.999999 1.38e-07 0 1
0.9975 0.999999 0.999999 1.38e-07 0 1
0.9985 0.999999 0.999999 1.38e-07 0 1
0.9995 0.999999 0.999999 1.38e-07 0 1
