x alpha rho1 rho2 v p
0.0005 1.00016 1.37635 1.37985e-07 0.394938 1.56966
0.0015 1.00014 1.37633 1.37983e-07 0.39495 1.56964
0.0025 1.00012 1.37631 1.37981e-07 0.394964 1.56962
0.0035 1.0001 1.37629 1.37979e-07 0.394978 1.5696
0.0045 1.00008 1.37627 1.37977e-07 0.394993 1.56958
0.0055 1.00007 1.37625 1.37975e-07 0.395008 1.56956
0.0065 1.00006 1.37623 1.37973e-07 0.395024 1.56953
0.0075 1.00005 1.37621 1.37971e-07 0.395039 1.56951
0.0085 1.00004 1.37619 1.37969e-07 0.395055 1.56949
0.0095 1.00003 1.37617 1.37967e-07 0.39507 1.56946
0.0105 1.00003 1.37616 1.37966e-07 0.395085 1.56944
0.0115 1.00002 1.37614 1.37964e-07 0.3951 1.56942
0.0125 1.00002 1.37613 1.37963e-07 0.395115 1.56939
0.0135 1.00002 1.37611 1.37961e-07 0.395129 1.56937
0.0145 1.00001 1.3761 1.3796e-07 0.395143 1.56935
0.0155 1.00001 1.37608 1.37958e-07 0.395157 1.56933
0.0165 1.00001 1.37607 1.37957e-07 0.395169 1.56931
0.0175 1.00001 1.37606 1.37956e-07 0.395181 1.56929
0.0185 1.00001 1.37605 1.37955e-07 0.395192 1.56928
0.0195 1.00001 1.37604 1.37954e-07 0.395203 1.56926
0.0205 1.00001 1.37603 1.37953e-07 0.395212 1.56925
0.0215 1.00001 1.37602 1.37952e-07 0.39522 1.56923
0.0225 1 1.37601 1.37951e-07 0.395228 1.56922
0.0235 1 1.37601 1.37951e-07 0.395234 1.56921
0.0245 1 1.376 1.3795e-07 0.39524 1.56921
0.0255 1 1.376 1.3795e-07 0.395244 1.5692
0.0265 1 1.376 1.3795e-07 0.395247 1.5692
0.0275 1 1.376 1.3795e-07 0.395249 1.5692
0.0285 0.999999 1.376 1.3795e-07 0.39525 1.5692
0.0295 0.999998 1.376 1.3795e-07 0.39525 1.5692
0.0305 0.999998 1.376 1.3795e-07 0.395249 1.5692
0.0315 0.999997 1.376 1.3795e-07 0.395247 1.56921
0.0325 0.999996 1.376 1.3795e-07 0.395244 1.56921
0.0335 0.999996 1.37601 1.37951e-07 0.395241 1.56922
0.0345 0.999995 1.37601 1.37951e-07 0.395236 1.56923
0.0355 0.999994 1.37602 1.37952e-07 0.395231 1.56924
0.0365 0.999994 1.37603 1.37953e-07 0.395224 1.56925
0.0375 0.999993 1.37604 1.37954e-07 0.395218 1.56926
0.0385 0.999993 1.37604 1.37954e-07 0.39521 1.56928
0.0395 0.999993 1.37605 1.37955e-07 0.395203 1.56929
0.0405 0.999992 1.37606 1.37956e-07 0.395194 1.56931
0.0415 0.999992 1.37607 1.37957e-07 0.395186 1.56932
0.0425 0.999992 1.37608 1.37958e-07 0.395177 1.56934
0.0435 0.999992 1.37609 1.37959e-07 0.395168 1.56936
0.0445 0.999992 1.3761 1.3796e-07 0.395159 1.56937
0.0455 0.999991 1.37611 1.37961e-07 0.395149 1.56939
0.0465 0.999991 1.37612 1.37962e-07 0.39514 1.56941
0.0475 0.999991 1.37613 1.37963e-07 0.395131 1.56942
0.0485 0.999991 1.37614 1.37965e-07 0.395121 1.56944
0.0495 0.999992 1.37616 1.37966e-07 0.395112 1.56946
0.0505 0.999992 1.37617 1.37967e-07 0.395103 1.56947
0.0515 0.999992 1.37618 1.37968e-07 0.395094 1.56949
0.0525 0.999992 1.37619 1.37969e-07 0.395085 1.5695
0.0535 0.999992 1.37619 1.3797e-07 0.395076 1.56952
0.0545 0.999992 1.3762 1.3797e-07 0.395068 1.56953
0.0555 0.999993 1.37621 1.37971e-07 0.39506 1.56955
0.0565 0.999993 1.37622 1.37972e-07 0.395052 1.56956
0.0575 0.999993 1.37623 1.37973e-07 0.395044 1.56958
0.0585 0.999993 1.37624 1.37974e-07 0.395037 1.56959
0.0595 0.999993 1.37625 1.37975e-07 0.395029 1.5696
0.0605 0.999994 1.37625 1.37976e-07 0.395023 1.56961
0.0615 0.999994 1.37626 1.37976e-07 0.395016 1.56962
0.0625 0.999994 1.37627 1.37977e-07 0.39501 1.56964
0.0635 0.999994 1.37628 1.37978e-07 0.395004 1.56965
0.0645 0.999994 1.37628 1.37978e-07 0.394998 1.56966
0.0655 0.999995 1.37629 1.37979e-07 0.394992 1.56967
0.0665 0.999995 1.37629 1.37979e-07 0.394987 1.56968
0.0675 0.999995 1.3763 1.3798e-07 0.394982 1.56968
0.0685 0.999995 1.3763 1.37981e-07 0.394977 1.56969
0.0695 0.999995 1.37631 1.37981e-07 0.394973 1.5697
0.0705 0.999996 1.37631 1.37982e-07 0.394968 1.56971
0.0715 0.999996 1.37632 1.37982e-07 0.394964 1.56972
0.0725 0.999996 1.37632 1.37982e-07 0.39496 1.56972
0.0735 0.999996 1.37633 1.37983e-07 0.394956 1.56973
0.0745 0.999996 1.37633 1.37983e-07 0.394952 1.56974
0.0755 0.999996 1.37634 1.37984e-07 0.394949 1.56974
0.0765 0.999996 1.37634 1.37984e-07 0.394945 1.56975
0.0775 0.999996 1.37634 1.37984e-07 0.394942 1.56975
0.0785 0.999997 1.37635 1.37985e-07 0.394939 1.56976
0.0795 0.999997 1.37635 1.37985e-07 0.394936 1.56976
0.0805 0.999997 1.37635 1.37985e-07 0.394933 1.56977
0.0815 0.999997 1.37636 1.37986e-07 0.39493 1.56977
0.0825 0.999997 1.37636 1.37986e-07 0.394927 1.56978
0.0835 0.999997 1.37636 1.37986e-07 0.394925 1.56978
0.0845 0.999997 1.37636 1.37987e-07 0.394922 1.56979
0.0855 0.999997 1.37637 1.37987e-07 0.39492 1.56979
0.0865 0.999997 1.37637 1.37987e-07 0.394918 1.5698
0.0875 0.999997 1.37637 1.37987e-07 0.394915 1.5698
0.0885 0.999997 1.37637 1.37988e-07 0.394913 1.5698
0.0895 0.999997 1.37638 1.37988e-07 0.394911 1.56981
0.0905 0.999997 1.37638 1.37988e-07 0.394909 1.56981
0.0915 0.999997 1.37638 1.37988e-07 0.394907 1.56981
0.0925 0.999998 1.37638 1.37988e-07 0.394905 1.56982
0.0935 0.999998 1.37639 1.37989e-07 0.394903 1.56982
0.0945 0.999998 1.37639 1.37989e-07 0.394902 1.56982
0.0955 0.999998 1.37639 1.37989e-07 0.3949 1.56983
0.0965 0.999998 1.37639 1.37989e-07 0.394898 1.56983
0.0975 0.999998 1.37639 1.37989e-07 0.394896 1.56983
0.0985 0.999998 1.3764 1.3799e-07 0.394895 1.56984
0.0995 0.999998 1.3764 1.3799e-07 0.394893 1.56984
0.1005 0.999998 1.3764 1.3799e-07 0.394892 1.56984
0.1015 0.999998 1.3764 1.3799e-07 0.39489 1.56984
0.1025 0.999998 1.3764 1.3799e-07 0.394889 1.56985
0.1035 0.999998 1.3764 1.3799e-07 0.394887 1.56985
0.1045 0.999998 1.3764 1.37991e-07 0.394886 1.56985
0.1055 0.999998 1.37641 1.37991e-07 0.394885 1.56985
0.1065 0.999998 1.37641 1.37991e-07 0.394883 1.56986
0.1075 0.999998 1.37641 1.37991e-07 0.394882 1.56986
0.1085 0.999998 1.37641 1.37991e-07 0.394881 1.56986
0.1095 0.999998 1.37641 1.37991e-07 0.39488 1.56986
0.1105 0.999998 1.37641 1.37991e-07 0.394879 1.56986
0.1115 0.999998 1.37641 1.37992e-07 0.394877 1.56987
0.1125 0.999998 1.37642 1.37992e-07 0.394876 1.56987
0.1135 0.999998 1.37642 1.37992e-07 0.394875 1.56987
0.1145 0.999998 1.37642 1.37992e-07 0.394874 1.56987
0.1155 0.999998 1.37642 1.37992e-07 0.394873 1.56987
0.1165 0.999998 1.37642 1.37992e-07 0.394872 1.56987
0.1175 0.999998 1.37642 1.37992e-07 0.394871 1.56988
0.1185 0.999998 1.37642 1.37992e-07 0.39487 1.56988
0.1195 0.999998 1.37642 1.37992e-07 0.394869 1.56988
0.1205 0.999998 1.37642 1.37993e-07 0.394868 1.56988
0.1215 0.999998 1.37643 1.37993e-07 0.394867 1.56988
0.1225 0.999998 1.37643 1.37993e-07 0.394867 1.56988
0.1235 0.999998 1.37643 1.37993e-07 0.394866 1.56989
0.1245 0.999998 1.37643 1.37993e-07 0.394865 1.56989
0.1255 0.999998 1.37643 1.37993e-07 0.394864 1.56989
0.1265 0.999998 1.37643 1.37993e-07 0.394863 1.56989
0.1275 0.999998 1.37643 1.37993e-07 0.394862 1.56989
0.1285 0.999998 1.37643 1.37993e-07 0.394862 1.56989
0.1295 0.999998 1.37643 1.37993e-07 0.394861 1.56989
0.1305 0.999998 1.37643 1.37993e-07 0.39486 1.5699
0.1315 0.999998 1.37643 1.37994e-07 0.394859 1.5699
0.1325 0.999998 1.37643 1.37994e-07 0.394859 1.5699
0.1335 0.999998 1.37644 1.37994e-07 0.394858 1.5699
0.1345 0.999998 1.37644 1.37994e-07 0.394857 1.5699
0.1355 0.999998 1.37644 1.37994e-07 0.394857 1.5699
0.1365 0.999998 1.37644 1.37994e-07 0.394856 1.5699
0.1375 0.999998 1.37644 1.37994e-07 0.394855 1.5699
0.1385 0.999999 1.37644 1.37994e-07 0.394855 1.56991
0.1395 0.999999 1.37644 1.37994e-07 0.394854 1.56991
0.1405 0.999999 1.37644 1.37994e-07 0.394853 1.56991
0.1415 0.999999 1.37644 1.37994e-07 0.394853 1.56991
0.1425 0.999999 1.37644 1.37994e-07 0.394852 1.56991
0.1435 0.999999 1.37644 1.37994e-07 0.394852 1.56991
0.1445 0.999999 1.37644 1.37994e-07 0.394851 1.56991
0.1455 0.999999 1.37644 1.37994e-07 0.394851 1.56991
0.1465 0.999999 1.37644 1.37995e-07 0.39485 1.56991
0.1475 0.999999 1.37644 1.37995e-07 0.394849 1.56991
0.1485 0.999999 1.37645 1.37995e-07 0.394849 1.56991
0.1495 0.999999 1.37645 1.37995e-07 0.394848 1.56992
0.1505 0.999999 1.37645 1.37995e-07 0.394848 1.56992
0.1515 0.999999 1.37645 1.37995e-07 0.394847 1.56992
0.1525 0.999999 1.37645 1.37995e-07 0.394847 1.56992
0.1535 0.999999 1.37645 1.37995e-07 0.394846 1.56992
0.1545 0.999999 1.37645 1.37995e-07 0.394846 1.56992
0.1555 0.999999 1.37645 1.37995e-07 0.394846 1.56992
0.1565 0.999999 1.37645 1.37995e-07 0.394845 1.56992
0.1575 0.999999 1.37645 1.37995e-07 0.394845 1.56992
0.1585 0.999999 1.37645 1.37995e-07 0.394844 1.56992
0.1595 0.999999 1.37645 1.37995e-07 0.394844 1.56992
0.1605 0.999999 1.37645 1.37995e-07 0.394843 1.56992
0.1615 0.999999 1.37645 1.37995e-07 0.394843 1.56993
0.1625 0.999999 1.37645 1.37995e-07 0.394843 1.56993
0.1635 0.999999 1.37645 1.37995e-07 0.394842 1.56993
0.1645 0.999999 1.37645 1.37995e-07 0.394842 1.56993
0.1655 0.999999 1.37645 1.37995e-07 0.394841 1.56993
0.1665 0.999999 1.37645 1.37996e-07 0.394841 1.56993
0.1675 0.999999 1.37645 1.37996e-07 0.394841 1.56993
0.1685 0.999999 1.37645 1.37996e-07 0.39484 1.56993
0.1695 0.999999 1.37646 1.37996e-07 0.39484 1.56993
0.1705 0.999999 1.37646 1.37996e-07 0.39484 1.56993
0.1715 0.999999 1.37646 1.37996e-07 0.394839 1.56993
0.1725 0.999999 1.37646 1.37996e-07 0.394839 1.56993
0.1735 0.999999 1.37646 1.37996e-07 0.394839 1.56993
0.1745 0.999999 1.37646 1.37996e-07 0.394838 1.56993
0.1755 0.999999 1.37646 1.37996e-07 0.394838 1.56993
0.1765 0.999999 1.37646 1.37996e-07 0.394838 1.56993
0.1775 0.999999 1.37646 1.37996e-07 0.394837 1.56994
0.1785 0.999999 1.37646 1.37996e-07 0.394837 1.56994
0.1795 0.999999 1.37646 1.37996e-07 0.394837 1.56994
0.1805 0.999999 1.37646 1.37996e-07 0.394836 1.56994
0.1815 0.999999 1.37646 1.37996e-07 0.394836 1.56994
0.1825 0.999999 1.37646 1.37996e-07 0.394836 1.56994
0.1835 0.999999 1.37646 1.37996e-07 0.394836 1.56994
0.1845 0.999999 1.37646 1.37996e-07 0.394835 1.56994
0.1855 0.999999 1.37646 1.37996e-07 0.394835 1.56994
0.1865 0.999999 1.37646 1.37996e-07 0.394835 1.56994
0.1875 0.999999 1.37646 1.37996e-07 0.394835 1.56994
0.1885 0.999999 1.37646 1.37996e-07 0.394834 1.56994
0.1895 0.999999 1.37646 1.37996e-07 0.394834 1.56994
0.1905 0.999999 1.37646 1.37996e-07 0.394834 1.56994
0.1915 0.999999 1.37646 1.37996e-07 0.394834 1.56994
0.1925 0.999999 1.37646 1.37996e-07 0.394834 1.56994
0.1935 0.999999 1.37646 1.37996e-07 0.394834 1.56994
0.1945 0.999999 1.37646 1.37996e-07 0.394834 1.56994
0.1955 0.999999 1.37646 1.37996e-07 0.394834 1.56994
0.1965 0.999999 1.37646 1.37996e-07 0.394834 1.56994
0.1975 0.999999 1.37646 1.37996e-07 0.394835 1.56994
0.1985 1 1.37646 1.37996e-07 0.394835 1.56994
0.1995 1 1.37646 1.37996e-07 0.394836 1.56994
0.2005 1 1.37646 1.37996e-07 0.394838 1.56993
0.2015 1 1.37646 1.37996e-07 0.39484 1.56993
0.2025 1 1.37645 1.37995e-07 0.394842 1.56993
0.2035 1 1.37645 1.37995e-07 0.394845 1.56992
0.2045 1 1.37645 1.37995e-07 0.394849 1.56991
0.2055 1 1.37644 1.37994e-07 0.394854 1.5699
0.2065 1 1.37643 1.37993e-07 0.39486 1.56989
0.2075 1.00001 1.37643 1.37993e-07 0.394869 1.56988
0.2085 1.00001 1.37641 1.37992e-07 0.394879 1.56986
0.2095 1.00001 1.3764 1.3799e-07 0.394892 1.56984
0.2105 1.00001 1.37638 1.37988e-07 0.394908 1.56981
0.2115 1.00002 1.37636 1.37986e-07 0.394927 1.56977
0.2125 1.00002 1.37634 1.37984e-07 0.394951 1.56973
0.2135 1.00002 1.37631 1.37981e-07 0.394981 1.56968
0.2145 1.00003 1.37627 1.37977e-07 0.395017 1.56961
0.2155 1.00003 1.37622 1.37972e-07 0.39506 1.56954
0.2165 1.00004 1.37617 1.37967e-07 0.395112 1.56944
0.2175 1.00005 1.3761 1.3796e-07 0.395175 1.56933
0.2185 1.00006 1.37602 1.37952e-07 0.395249 1.5692
0.2195 1.00007 1.37593 1.37943e-07 0.395338 1.56904
0.2205 1.00008 1.37582 1.37932e-07 0.395442 1.56886
0.2215 1.0001 1.37569 1.37918e-07 0.395564 1.56864
0.2225 1.00012 1.37553 1.37903e-07 0.395706 1.56838
0.2235 1.00013 1.37536 1.37885e-07 0.395872 1.56809
0.2245 1.00016 1.37515 1.37865e-07 0.396064 1.56775
0.2255 1.00018 1.37492 1.37841e-07 0.396284 1.56736
0.2265 1.00021 1.37465 1.37814e-07 0.396537 1.56691
0.2275 1.00023 1.37434 1.37783e-07 0.396824 1.5664
0.2285 1.00027 1.37399 1.37748e-07 0.397151 1.56583
0.2295 1.0003 1.3736 1.37709e-07 0.397519 1.56518
0.2305 1.00034 1.37315 1.37664e-07 0.397934 1.56445
0.2315 1.00038 1.37266 1.37615e-07 0.398397 1.56363
0.2325 1.00042 1.3721 1.37559e-07 0.398913 1.56272
0.2335 1.00046 1.37149 1.37498e-07 0.399485 1.56172
0.2345 1.00051 1.37081 1.3743e-07 0.400117 1.56061
0.2355 1.00056 1.37007 1.37355e-07 0.400811 1.55939
0.2365 1.00062 1.36925 1.37274e-07 0.401571 1.55806
0.2375 1.00067 1.36837 1.37185e-07 0.402399 1.55661
0.2385 1.00073 1.3674 1.37088e-07 0.403299 1.55504
0.2395 1.00079 1.36636 1.36984e-07 0.404272 1.55334
0.2405 1.00085 1.36524 1.36871e-07 0.40532 1.55152
0.2415 1.00091 1.36403 1.3675e-07 0.406446 1.54956
0.2425 1.00098 1.36274 1.36621e-07 0.407649 1.54747
0.2435 1.00104 1.36137 1.36483e-07 0.408933 1.54525
0.2445 1.00111 1.35991 1.36337e-07 0.410296 1.54289
0.2455 1.00117 1.35836 1.36182e-07 0.41174 1.5404
0.2465 1.00124 1.35673 1.36018e-07 0.413265 1.53777
0.2475 1.0013 1.35502 1.35846e-07 0.414869 1.53501
0.2485 1.00137 1.35322 1.35666e-07 0.416554 1.53212
0.2495 1.00143 1.35134 1.35477e-07 0.418317 1.5291
0.2505 1.0015 1.34937 1.35281e-07 0.420157 1.52595
0.2515 1.00156 1.34733 1.35076e-07 0.422073 1.52268
0.2525 1.00162 1.34521 1.34863e-07 0.424064 1.51929
0.2535 1.00168 1.34302 1.34643e-07 0.426126 1.51579
0.2545 1.00174 1.34075 1.34416e-07 0.428259 1.51218
0.2555 1.0018 1.33842 1.34182e-07 0.430459 1.50846
0.2565 1.00186 1.33601 1.33941e-07 0.432724 1.50464
0.2575 1.00191 1.33355 1.33694e-07 0.435052 1.50072
0.2585 1.00196 1.33102 1.33441e-07 0.437439 1.49671
0.2595 1.00201 1.32844 1.33182e-07 0.439883 1.49262
0.2605 1.00206 1.3258 1.32918e-07 0.44238 1.48845
0.2615 1.0021 1.32312 1.32649e-07 0.444928 1.48421
0.2625 1.00215 1.32039 1.32375e-07 0.447523 1.4799
0.2635 1.00219 1.31762 1.32097e-07 0.450163 1.47553
0.2645 1.00222 1.3148 1.31815e-07 0.452842 1.47111
0.2655 1.00226 1.31196 1.31529e-07 0.455559 1.46663
0.2665 1.00229 1.30908 1.31241e-07 0.45831 1.46212
0.2675 1.00232 1.30617 1.3095e-07 0.461091 1.45756
0.2685 1.00235 1.30325 1.30656e-07 0.463899 1.45298
0.2695 1.00237 1.3003 1.30361e-07 0.46673 1.44837
0.2705 1.0024 1.29734 1.30064e-07 0.469582 1.44374
0.2715 1.00241 1.29436 1.29765e-07 0.472449 1.4391
0.2725 1.00243 1.29138 1.29466e-07 0.475329 1.43445
0.2735 1.00244 1.28839 1.29167e-07 0.478218 1.4298
0.2745 1.00245 1.2854 1.28867e-07 0.481112 1.42516
0.2755 1.00246 1.28241 1.28568e-07 0.484007 1.42053
0.2765 1.00247 1.27944 1.28269e-07 0.4869 1.41592
0.2775 1.00247 1.27647 1.27972e-07 0.489787 1.41133
0.2785 1.00246 1.27352 1.27676e-07 0.492664 1.40676
0.2795 1.00246 1.27059 1.27382e-07 0.495527 1.40224
0.2805 1.00245 1.26768 1.2709e-07 0.498372 1.39776
0.2815 1.00244 1.2648 1.26801e-07 0.501196 1.39332
0.2825 1.00242 1.26195 1.26516e-07 0.503993 1.38894
0.2835 1.0024 1.25913 1.26233e-07 0.50676 1.38461
0.2845 1.00238 1.25635 1.25955e-07 0.509494 1.38036
0.2855 1.00236 1.25362 1.25681e-07 0.512189 1.37617
0.2865 1.00233 1.25093 1.25412e-07 0.514841 1.37206
0.2875 1.00229 1.2483 1.25147e-07 0.517447 1.36804
0.2885 1.00226 1.24572 1.24889e-07 0.520002 1.36411
0.2895 1.00222 1.2432 1.24636e-07 0.522503 1.36027
0.2905 1.00217 1.24074 1.24389e-07 0.524944 1.35653
0.2915 1.00212 1.23834 1.24149e-07 0.527323 1.35289
0.2925 1.00207 1.23602 1.23916e-07 0.529634 1.34937
0.2935 1.00202 1.23377 1.23691e-07 0.531875 1.34597
0.2945 1.00196 1.2316 1.23473e-07 0.534042 1.34268
0.2955 1.0019 1.2295 1.23263e-07 0.536131 1.33952
0.2965 1.00184 1.22749 1.23062e-07 0.53814 1.33649
0.2975 1.00178 1.22557 1.22869e-07 0.540065 1.3336
0.2985 1.00171 1.22373 1.22684e-07 0.541904 1.33084
0.2995 1.00164 1.22198 1.22509e-07 0.543655 1.32821
0.3005 1.00157 1.22033 1.22343e-07 0.545316 1.32573
0.3015 1.0015 1.21876 1.22186e-07 0.546886 1.32339
0.3025 1.00142 1.21729 1.22038e-07 0.548364 1.32119
0.3035 1.00135 1.21591 1.219e-07 0.549749 1.31913
0.3045 1.00128 1.21462 1.21771e-07 0.551043 1.31722
0.3055 1.00121 1.21342 1.2165e-07 0.552245 1.31544
0.3065 1.00114 1.21231 1.21539e-07 0.553358 1.31379
0.3075 1.00107 1.21129 1.21437e-07 0.554382 1.31228
0.3085 1.001 1.21035 1.21343e-07 0.555321 1.3109
0.3095 1.00093 1.2095 1.21258e-07 0.556177 1.30964
0.3105 1.00087 1.20873 1.2118e-07 0.556953 1.3085
0.3115 1.00081 1.20803 1.2111e-07 0.557653 1.30748
0.3125 1.00076 1.2074 1.21047e-07 0.558281 1.30656
0.3135 1.0007 1.20684 1.20991e-07 0.558842 1.30574
0.3145 1.00065 1.20635 1.20941e-07 0.559339 1.30501
0.3155 1.00061 1.20591 1.20897e-07 0.559778 1.30437
0.3165 1.00057 1.20552 1.20859e-07 0.560163 1.30381
0.3175 1.00053 1.20519 1.20825e-07 0.560499 1.30332
0.3185 1.0005 1.20489 1.20796e-07 0.56079 1.3029
0.3195 1.00047 1.20464 1.20771e-07 0.56104 1.30254
0.3205 1.00044 1.20443 1.20749e-07 0.561255 1.30223
0.3215 1.00042 1.20424 1.20731e-07 0.561438 1.30196
0.3225 1.00039 1.20409 1.20716e-07 0.561592 1.30174
0.3235 1.00038 1.20396 1.20703e-07 0.561722 1.30155
0.3245 1.00036 1.20385 1.20692e-07 0.561831 1.30139
0.3255 1.00035 1.20376 1.20683e-07 0.561921 1.30126
0.3265 1.00034 1.20368 1.20677e-07 0.561996 1.30116
0.3275 1.00033 1.20362 1.20672e-07 0.562057 1.30107
0.3285 1.00032 1.20357 1.20668e-07 0.562107 1.30099
0.3295 1.00031 1.20353 1.20666e-07 0.562148 1.30094
0.3305 1.00031 1.20349 1.20666e-07 0.562181 1.30089
0.3315 1.00031 1.20346 1.20668e-07 0.562207 1.30085
0.3325 1.0003 1.20344 1.20672e-07 0.562228 1.30082
0.3335 1.0003 1.20342 1.20679e-07 0.562245 1.3008
0.3345 1.0003 1.2034 1.2069e-07 0.562258 1.30078
0.3355 1.00029 1.20339 1.20705e-07 0.562268 1.30076
0.3365 1.00029 1.20338 1.20725e-07 0.562276 1.30075
0.3375 1.00029 1.20336 1.20752e-07 0.562283 1.30074
0.3385 1.00029 1.20335 1.20788e-07 0.562288 1.30073
0.3395 1.00029 1.20333 1.20834e-07 0.562292 1.30073
0.3405 1.00028 1.20332 1.20894e-07 0.562295 1.30072
0.3415 1.00028 1.2033 1.20969e-07 0.562297 1.30072
0.3425 1.00028 1.20328 1.21064e-07 0.562299 1.30072
0.3435 1.00027 1.20325 1.21181e-07 0.5623 1.30071
0.3445 1.00027 1.20322 1.21326e-07 0.562302 1.30071
0.3455 1.00026 1.20318 1.21503e-07 0.562303 1.30071
0.3465 1.00025 1.20314 1.21716e-07 0.562303 1.30071
0.3475 1.00024 1.2031 1.21971e-07 0.562304 1.30071
0.3485 1.00023 1.20304 1.22274e-07 0.562305 1.30071
0.3495 1.00022 1.20298 1.2263e-07 0.562305 1.30071
0.3505 1.00021 1.20291 1.23045e-07 0.562306 1.30071
0.3515 1.00019 1.20283 1.23524e-07 0.562306 1.3007
0.3525 1.00018 1.20274 1.24073e-07 0.562306 1.3007
0.3535 1.00016 1.20265 1.24696e-07 0.562307 1.3007
0.3545 1.00015 1.20255 1.25398e-07 0.562307 1.3007
0.3555 1.00013 1.20244 1.26181e-07 0.562307 1.3007
0.3565 1.00011 1.20232 1.27048e-07 0.562308 1.3007
0.3575 1.0001 1.2022 1.27999e-07 0.562308 1.3007
0.3585 1.00008 1.20208 1.29035e-07 0.562308 1.3007
0.3595 1.00007 1.20195 1.30154e-07 0.562309 1.3007
0.3605 1.00005 1.20182 1.31352e-07 0.562309 1.3007
0.3615 1.00004 1.20169 1.32626e-07 0.562309 1.3007
0.3625 1.00003 1.20156 1.33968e-07 0.562309 1.3007
0.3635 1.00002 1.20144 1.35373e-07 0.56231 1.3007
0.3645 1.00001 1.20132 1.3683e-07 0.56231 1.3007
0.3655 1.00001 1.20121 1.3833e-07 0.56231 1.3007
0.3665 1.00001 1.20111 1.39864e-07 0.56231 1.3007
0.3675 1.00001 1.20102 1.41419e-07 0.56231 1.3007
0.3685 1.00001 1.20095 1.42984e-07 0.56231 1.3007
0.3695 1.00001 1.20088 1.44547e-07 0.56231 1.3007
0.3705 1.00002 1.20083 1.46096e-07 0.56231 1.3007
0.3715 1.00003 1.20079 1.47621e-07 0.562309 1.3007
0.3725 1.00004 1.20077 1.49111e-07 0.562307 1.3007
0.3735 1.00005 1.20076 1.50556e-07 0.562305 1.3007
0.3745 1.00006 1.20077 1.51947e-07 0.562301 1.30071
0.3755 1.00007 1.20079 1.53277e-07 0.562294 1.30072
0.3765 1.00009 1.20083 1.5454e-07 0.562284 1.30074
0.3775 1.0001 1.20089 1.5573e-07 0.562268 1.30076
0.3785 1.00011 1.20096 1.56846e-07 0.562245 1.3008
0.3795 1.00011 1.20105 1.57884e-07 0.562209 1.30085
0.3805 1.00011 1.20117 1.58845e-07 0.562157 1.30094
0.3815 1.0001 1.20132 1.59729e-07 0.56208 1.30106
0.3825 1.00009 1.2015 1.6054e-07 0.561969 1.30123
0.3835 1.00006 1.20173 1.61281e-07 0.561809 1.30148
0.3845 1.00001 1.20203 1.61957e-07 0.561581 1.30183
0.3855 0.999937 1.20242 1.62575e-07 0.561262 1.30233
0.3865 0.999836 1.20292 1.63144e-07 0.560818 1.30302
0.3875 0.999698 1.20358 1.63674e-07 0.560209 1.30397
0.3885 0.999513 1.20445 1.64176e-07 0.55938 1.30525
0.3895 0.999273 1.20558 1.64664e-07 0.558269 1.30697
0.3905 0.998966 1.20705 1.65153e-07 0.556797 1.30925
0.3915 0.998585 1.20895 1.65659e-07 0.554876 1.31222
0.3925 0.998124 1.21137 1.66201e-07 0.552405 1.31604
0.3935 0.997584 1.21442 1.66798e-07 0.54928 1.32087
0.3945 0.996972 1.21821 1.67467e-07 0.545402 1.32686
0.3955 0.996307 1.22281 1.68226e-07 0.540686 1.33416
0.3965 0.995621 1.2283 1.69085e-07 0.535079 1.34285
0.3975 0.994955 1.2347 1.70053e-07 0.528574 1.35294
0.3985 0.994361 1.24197 1.71126e-07 0.521224 1.36438
0.3995 0.993888 1.25002 1.72293e-07 0.513152 1.37699
0.4005 0.993584 1.25868 1.73533e-07 0.504541 1.39049
0.4015 0.993476 1.26772 1.74818e-07 0.495628 1.40452
0.4025 0.993575 1.27689 1.76113e-07 0.486676 1.41867
0.4035 0.99387 1.28592 1.77382e-07 0.477946 1.43254
0.4045 0.994331 1.29457 1.78593e-07 0.469673 1.44574
0.4055 0.994917 1.30262 1.79718e-07 0.462043 1.45797
0.4065 0.995582 1.30992 1.80737e-07 0.455184 1.469
0.4075 0.99628 1.31638 1.81637e-07 0.449166 1.4787
0.4085 0.996974 1.32197 1.82415e-07 0.444003 1.48705
0.4095 0.997633 1.3267 1.83072e-07 0.439667 1.49408
0.4105 0.998237 1.33062 1.83617e-07 0.436099 1.49986
0.4115 0.998775 1.33381 1.84059e-07 0.43322 1.50453
0.4125 0.99924 1.33634 1.84411e-07 0.430942 1.50823
0.4135 0.999635 1.33833 1.84686e-07 0.429176 1.51109
0.4145 0.999962 1.33984 1.84896e-07 0.427836 1.51326
0.4155 1.00023 1.34098 1.85053e-07 0.426843 1.51487
0.4165 1.00044 1.3418 1.85168e-07 0.426127 1.51602
0.4175 1.00061 1.34239 1.85249e-07 0.425629 1.51682
0.4185 1.00074 1.34279 1.85304e-07 0.425299 1.51735
0.4195 1.00084 1.34304 1.8534e-07 0.425094 1.51768
0.4205 1.00091 1.34319 1.85361e-07 0.424981 1.51785
0.4215 1.00097 1.34327 1.85371e-07 0.424935 1.51792
0.4225 1.00101 1.34329 1.85374e-07 0.424935 1.51792
0.4235 1.00104 1.34328 1.85373e-07 0.424964 1.51787
0.4245 1.00106 1.34325 1.85368e-07 0.425012 1.51779
0.4255 1.00107 1.3432 1.85362e-07 0.425071 1.51769
0.4265 1.00108 1.34315 1.85354e-07 0.425134 1.51759
0.4275 1.00109 1.34309 1.85347e-07 0.425197 1.51749
0.4285 1.0011 1.34304 1.8534e-07 0.425258 1.51739
0.4295 1.0011 1.34299 1.85333e-07 0.425316 1.5173
0.4305 1.00111 1.34294 1.85327e-07 0.425368 1.51722
0.4315 1.00111 1.34291 1.85321e-07 0.425415 1.51714
0.4325 1.00112 1.34287 1.85316e-07 0.425457 1.51708
0.4335 1.00113 1.34284 1.85313e-07 0.425494 1.51702
0.4345 1.00113 1.34282 1.8531e-07 0.425527 1.51698
0.4355 1.00114 1.3428 1.85309e-07 0.425555 1.51693
0.4365 1.00115 1.34278 1.85313e-07 0.425579 1.5169
0.4375 1.00116 1.34277 1.85328e-07 0.4256 1.51687
0.4385 1.00116 1.34276 1.85371e-07 0.425617 1.51685
0.4395 1.00117 1.34275 1.85483e-07 0.425632 1.51683
0.4405 1.00118 1.34274 1.85762e-07 0.425645 1.51681
0.4415 1.00119 1.34274 1.86434e-07 0.425656 1.5168
0.4425 1.00121 1.34274 1.88007e-07 0.425664 1.51679
0.4435 1.00122 1.34274 1.91584e-07 0.425672 1.51678
0.4445 1.00123 1.34274 1.99494e-07 0.425678 1.51678
0.4455 1.00124 1.34274 2.16526e-07 0.425683 1.51677
0.4465 1.00126 1.34274 2.52237e-07 0.425687 1.51677
0.4475 1.00127 1.34275 3.25206e-07 0.42569 1.51677
0.4485 1.00129 1.34275 4.70567e-07 0.425693 1.51677
0.4495 1.0013 1.34275 7.53019e-07 0.425695 1.51677
0.4505 1.00131 1.34275 1.28861e-06 0.425697 1.51677
0.4515 1.00132 1.34275 2.28015e-06 0.425698 1.51678
0.4525 1.00133 1.34274 4.07306e-06 0.425699 1.51678
0.4535 1.00133 1.34272 7.24085e-06 0.4257 1.51678
0.4545 1.00132 1.34268 1.27121e-05 0.4257 1.51678
0.4555 1.00129 1.34261 2.19527e-05 0.4257 1.51678
0.4565 1.00122 1.3425 3.72205e-05 0.425701 1.51679
0.4575 1.0011 1.34232 6.19071e-05 0.425701 1.51679
0.4585 1.00091 1.34202 0.000100983 0.4257 1.51679
0.4595 1.00059 1.34157 0.000161553 0.4257 1.51679
0.4605 1.00009 1.34087 0.000253527 0.4257 1.5168
0.4615 0.999343 1.33984 0.000390377 0.4257 1.5168
0.4625 0.998243 1.33833 0.000589969 0.425699 1.5168
0.4635 0.99666 1.33616 0.000875389 0.425699 1.5168
0.4645 0.994433 1.33313 0.00127569 0.425698 1.5168
0.4655 0.991359 1.32896 0.00182647 0.425697 1.5168
0.4665 0.987203 1.32333 0.00257012 0.425697 1.5168
0.4675 0.981687 1.31587 0.00355565 0.425696 1.5168
0.4685 0.974504 1.30616 0.00483796 0.425695 1.5168
0.4695 0.96532 1.29375 0.00647648 0.425694 1.5168
0.4705 0.953785 1.27818 0.00853306 0.425692 1.5168
0.4715 0.939553 1.25897 0.0110692 0.425691 1.5168
0.4725 0.922297 1.2357 0.0141428 0.425689 1.5168
0.4735 0.90173 1.20798 0.0178043 0.425686 1.51681
0.4745 0.877629 1.17551 0.0220927 0.425683 1.51681
0.4755 0.849855 1.13811 0.0270321 0.425678 1.51681
0.4765 0.81837 1.09573 0.0326281 0.425671 1.51682
0.4775 0.783254 1.04849 0.0388654 0.425662 1.51683
0.4785 0.744714 0.996676 0.0457066 0.425649 1.51685
0.4795 0.703081 0.940732 0.053092 0.425632 1.51687
0.4805 0.658805 0.881272 0.0609407 0.425607 1.5169
0.4815 0.612441 0.819046 0.0691538 0.425575 1.51694
0.4825 0.564627 0.754911 0.077618 0.425532 1.517
0.4835 0.516055 0.689799 0.0862105 0.425476 1.51707
0.4845 0.467446 0.624673 0.0948042 0.425406 1.51715
0.4855 0.41951 0.560484 0.103274 0.425318 1.51725
0.4865 0.372922 0.498134 0.111501 0.42521 1.51737
0.4875 0.328292 0.438432 0.119379 0.425081 1.51751
0.4885 0.286143 0.382073 0.126815 0.424929 1.51766
0.4895 0.246892 0.329613 0.133738 0.424752 1.51783
0.4905 0.210848 0.281455 0.140094 0.424551 1.51802
0.4915 0.178202 0.237851 0.145851 0.424325 1.51821
0.4925 0.149034 0.198903 0.150994 0.424074 1.51842
0.4935 0.123324 0.164581 0.155527 0.423798 1.51864
0.4945 0.100963 0.134736 0.159472 0.423499 1.51886
0.4955 0.0817722 0.109124 0.162859 0.423177 1.51909
0.4965 0.0655163 0.0874322 0.16573 0.422833 1.51933
0.4975 0.051925 0.069297 0.168134 0.422469 1.51957
0.4985 0.0407072 0.0543294 0.17012 0.422084 1.51982
0.4995 0.0315662 0.0421328 0.171743 0.42168 1.52008
0.5005 0.0242116 0.0323194 0.173052 0.421257 1.52034
0.5015 0.0183683 0.024522 0.174096 0.420817 1.52061
0.5025 0.0137834 0.0184033 0.174921 0.420359 1.52088
0.5035 0.0102303 0.0136611 0.175564 0.419885 1.52117
0.5045 0.00751044 0.0100305 0.176062 0.419394 1.52146
0.5055 0.00545372 0.00728467 0.176444 0.418888 1.52177
0.5065 0.00391722 0.00523308 0.176736 0.418367 1.52208
0.5075 0.00278311 0.00371854 0.176957 0.417832 1.52241
0.5085 0.00195599 0.00261377 0.177126 0.417283 1.52274
0.5095 0.00135988 0.00181744 0.177254 0.416721 1.52309
0.5105 0.000935323 0.00125018 0.177353 0.416147 1.52344
0.5115 0.000636476 0.000850828 0.177431 0.415562 1.5238
0.5125 0.000428562 0.000572944 0.177493 0.414967 1.52418
0.5135 0.000285582 0.000381819 0.177545 0.414362 1.52456
0.5145 0.000188386 0.000251875 0.177588 0.413749 1.52495
0.5155 0.000123067 0.000164539 0.177627 0.413128 1.52534
0.5165 7.96688e-05 0.000106506 0.177663 0.412501 1.52574
0.5175 5.1161e-05 6.83811e-05 0.177696 0.411868 1.52615
0.5185 3.26447e-05 4.36162e-05 0.177727 0.411232 1.52656
0.5195 2.07524e-05 2.77098e-05 0.177758 0.410592 1.52697
0.5205 1.31994e-05 1.76069e-05 0.177788 0.40995 1.52739
0.5215 8.45538e-06 1.12612e-05 0.177818 0.409307 1.52781
0.5225 5.50847e-06 7.31931e-06 0.177848 0.408663 1.52823
0.5235 3.69794e-06 4.89759e-06 0.177877 0.408021 1.52865
0.5245 2.59769e-06 3.42604e-06 0.177906 0.40738 1.52908
0.5255 1.93632e-06 2.5416e-06 0.177936 0.406742 1.5295
0.5265 1.54306e-06 2.0158e-06 0.177965 0.406108 1.52992
0.5275 1.31173e-06 1.70662e-06 0.177993 0.405478 1.53033
0.5285 1.1771e-06 1.52679e-06 0.178022 0.404853 1.53075
0.5295 1.09959e-06 1.42334e-06 0.17805 0.404234 1.53116
0.5305 1.05543e-06 1.36451e-06 0.178079 0.403621 1.53157
0.5315 1.03054e-06 1.33143e-06 0.178106 0.403016 1.53197
0.5325 1.01666e-06 1.31308e-06 0.178134 0.402418 1.53237
0.5335 1.009e-06 1.30303e-06 0.178161 0.401828 1.53276
0.5345 1.00482e-06 1.29763e-06 0.178188 0.401247 1.53315
0.5355 1.00256e-06 1.2948e-06 0.178214 0.400675 1.53353
0.5365 1.00135e-06 1.29337e-06 0.17824 0.400113 1.53391
0.5375 1.00071e-06 1.2927e-06 0.178266 0.39956 1.53428
0.5385 1.00038e-06 1.29243e-06 0.178291 0.399017 1.53464
0.5395 1.0002e-06 1.29238e-06 0.178315 0.398484 1.535
0.5405 1.00012e-06 1.29244e-06 0.178339 0.397962 1.53535
0.5415 1.00008e-06 1.29255e-06 0.178363 0.39745 1.53569
0.5425 1.00006e-06 1.29268e-06 0.178386 0.396949 1.53603
0.5435 1.00005e-06 1.29283e-06 0.178409 0.396459 1.53636
0.5445 1.00004e-06 1.29299e-06 0.178431 0.39598 1.53668
0.5455 1.00005e-06 1.29314e-06 0.178452 0.395511 1.537
0.5465 1.00005e-06 1.29329e-06 0.178474 0.395054 1.5373
0.5475 1.00005e-06 1.29344e-06 0.178494 0.394607 1.5376
0.5485 1.00005e-06 1.29358e-06 0.178514 0.394171 1.5379
0.5495 1.00005e-06 1.29373e-06 0.178534 0.393746 1.53818
0.5505 1.00006e-06 1.29386e-06 0.178553 0.393331 1.53846
0.5515 1.00006e-06 1.294e-06 0.178572 0.392927 1.53873
0.5525 1.00006e-06 1.29413e-06 0.17859 0.392534 1.539
0.5535 1.00007e-06 1.29426e-06 0.178607 0.392151 1.53926
0.5545 1.00007e-06 1.29438e-06 0.178624 0.391778 1.53951
0.5555 1.00007e-06 1.2945e-06 0.178641 0.391415 1.53975
0.5565 1.00008e-06 1.29462e-06 0.178657 0.391062 1.53999
0.5575 1.00008e-06 1.29473e-06 0.178673 0.390719 1.54022
0.5585 1.00008e-06 1.29485e-06 0.178688 0.390386 1.54045
0.5595 1.00008e-06 1.29495e-06 0.178703 0.390062 1.54067
0.5605 1.00009e-06 1.29506e-06 0.178718 0.389748 1.54088
0.5615 1.00009e-06 1.29516e-06 0.178732 0.389442 1.54108
0.5625 1.00009e-06 1.29526e-06 0.178745 0.389146 1.54128
0.5635 1.00009e-06 1.29535e-06 0.178759 0.388858 1.54148
0.5645 1.0001e-06 1.29545e-06 0.178771 0.388579 1.54167
0.5655 1.0001e-06 1.29554e-06 0.178784 0.388309 1.54185
0.5665 1.0001e-06 1.29562e-06 0.178796 0.388046 1.54202
0.5675 1.0001e-06 1.29571e-06 0.178807 0.387792 1.5422
0.5685 1.00011e-06 1.29579e-06 0.178819 0.387545 1.54236
0.5695 1.00011e-06 1.29587e-06 0.17883 0.387307 1.54252
0.5705 1.00011e-06 1.29594e-06 0.17884 0.387075 1.54268
0.5715 1.00011e-06 1.29602e-06 0.17885 0.386851 1.54283
0.5725 1.00011e-06 1.29609e-06 0.17886 0.386635 1.54298
0.5735 1.00012e-06 1.29616e-06 0.17887 0.386425 1.54312
0.5745 1.00012e-06 1.29623e-06 0.178879 0.386222 1.54325
0.5755 1.00012e-06 1.29629e-06 0.178888 0.386026 1.54339
0.5765 1.00012e-06 1.29635e-06 0.178897 0.385836 1.54352
0.5775 1.00012e-06 1.29641e-06 0.178905 0.385652 1.54364
0.5785 1.00013e-06 1.29647e-06 0.178913 0.385474 1.54376
0.5795 1.00013e-06 1.29653e-06 0.178921 0.385303 1.54387
0.5805 1.00013e-06 1.29658e-06 0.178928 0.385137 1.54399
0.5815 1.00013e-06 1.29663e-06 0.178935 0.384977 1.54409
0.5825 1.00013e-06 1.29668e-06 0.178942 0.384822 1.5442
0.5835 1.00014e-06 1.29673e-06 0.178949 0.384673 1.5443
0.5845 1.00014e-06 1.29678e-06 0.178955 0.384528 1.5444
0.5855 1.00014e-06 1.29682e-06 0.178961 0.384389 1.54449
0.5865 1.00014e-06 1.29687e-06 0.178967 0.384255 1.54458
0.5875 1.00014e-06 1.29691e-06 0.178973 0.384125 1.54467
0.5885 1.00014e-06 1.29695e-06 0.178978 0.384 1.54475
0.5895 1.00015e-06 1.29698e-06 0.178984 0.383879 1.54483
0.5905 1.00015e-06 1.29702e-06 0.178989 0.383763 1.54491
0.5915 1.00015e-06 1.29706e-06 0.178994 0.383651 1.54499
0.5925 1.00015e-06 1.29709e-06 0.178998 0.383543 1.54506
0.5935 1.00015e-06 1.29712e-06 0.179003 0.383439 1.54513
0.5945 1.00015e-06 1.29716e-06 0.179007 0.383338 1.5452
0.5955 1.00015e-06 1.29719e-06 0.179012 0.383241 1.54526
0.5965 1.00016e-06 1.29722e-06 0.179016 0.383148 1.54532
0.5975 1.00016e-06 1.29724e-06 0.17902 0.383058 1.54538
0.5985 1.00016e-06 1.29727e-06 0.179023 0.382972 1.54544
0.5995 1.00016e-06 1.2973e-06 0.179027 0.382889 1.5455
0.6005 1.00016e-06 1.29732e-06 0.17903 0.382808 1.54555
0.6015 1.00016e-06 1.29735e-06 0.179034 0.382731 1.5456
0.6025 1.00016e-06 1.29737e-06 0.179037 0.382657 1.54565
0.6035 1.00016e-06 1.29739e-06 0.17904 0.382585 1.5457
0.6045 1.00017e-06 1.29741e-06 0.179043 0.382516 1.54574
0.6055 1.00017e-06 1.29743e-06 0.179045 0.38245 1.54578
0.6065 1.00019e-06 1.29747e-06 0.179048 0.382386 1.54583
0.6075 1.00028e-06 1.29762e-06 0.17905 0.382324 1.54587
0.6085 1.00076e-06 1.29831e-06 0.179053 0.382265 1.5459
0.6095 1.00304e-06 1.3015e-06 0.179055 0.382208 1.54594
0.6105 1.01271e-06 1.31496e-06 0.179057 0.382153 1.54597
0.6115 1.04984e-06 1.36647e-06 0.179059 0.3821 1.54601
0.6125 1.18018e-06 1.54685e-06 0.179061 0.382049 1.54604
0.6135 1.60123e-06 2.12823e-06 0.179062 0.381999 1.54607
0.6145 2.86037e-06 3.86306e-06 0.179064 0.381952 1.5461
0.6155 6.36384e-06 8.68021e-06 0.179064 0.381906 1.54613
0.6165 1.54743e-05 2.11825e-05 0.179064 0.381861 1.54615
0.6175 3.77021e-05 5.16298e-05 0.179062 0.381818 1.54618
0.6185 8.87612e-05 0.000121449 0.179054 0.381777 1.5462
0.6195 0.000199528 0.000272665 0.179035 0.381737 1.54622
0.6205 0.000427095 0.000582858 0.178995 0.381698 1.54624
0.6215 0.000870967 0.00118703 0.178917 0.38166 1.54626
0.6225 0.0016948 0.00230688 0.17877 0.381623 1.54628
0.6235 0.00315279 0.00428631 0.178511 0.381588 1.5463
0.6245 0.00561781 0.00762919 0.178072 0.381553 1.54631
0.6255 0.00960618 0.0130325 0.177363 0.381519 1.54633
0.6265 0.0157917 0.0214049 0.176265 0.381486 1.54634
0.6275 0.0250003 0.0338599 0.17463 0.381454 1.54636
0.6285 0.0381784 0.0516728 0.172294 0.381422 1.54637
0.6295 0.0563293 0.0761963 0.169077 0.381391 1.54639
0.6305 0.0804193 0.108735 0.16481 0.38136 1.5464
0.6315 0.111262 0.150389 0.159347 0.38133 1.54641
0.6325 0.149391 0.20189 0.152593 0.381299 1.54642
0.6335 0.194952 0.263447 0.14452 0.381269 1.54643
0.6345 0.247618 0.334638 0.135181 0.381238 1.54644
0.6355 0.306559 0.414368 0.12472 0.381206 1.54645
0.6365 0.370473 0.500903 0.113363 0.381173 1.54646
0.6375 0.437675 0.591988 0.101404 0.381139 1.54646
0.6385 0.506234 0.685029 0.0891824 0.381102 1.54645
0.6395 0.574141 0.777318 0.0770534 0.381062 1.54644
0.6405 0.639484 0.866261 0.0653571 0.381018 1.54641
0.6415 0.7006 0.949593 0.0543916 0.380968 1.54638
0.6425 0.756194 1.02553 0.0443919 0.380912 1.54633
0.6435 0.8054 1.09287 0.0355174 0.380847 1.54625
0.6445 0.847799 1.151 0.0278492 0.380772 1.54616
0.6455 0.883378 1.19987 0.0213954 0.380684 1.54604
0.6465 0.91247 1.23991 0.0161023 0.380581 1.54589
0.6475 0.935657 1.27186 0.0118704 0.38046 1.5457
0.6485 0.953677 1.29671 0.00857083 0.380318 1.54548
0.6495 0.967339 1.31555 0.00606097 0.380152 1.54521
0.6505 0.977446 1.32947 0.00419781 0.379957 1.54489
0.6515 0.984744 1.33946 0.00284758 0.37973 1.5445
0.6525 0.989891 1.34643 0.00189201 0.379464 1.54406
0.6535 0.993436 1.35113 0.0012314 0.379155 1.54353
0.6545 0.995822 1.35415 0.000785126 0.378795 1.54292
0.6555 0.997391 1.35596 0.000490457 0.378377 1.54221
0.6565 0.998399 1.35691 0.000300228 0.377893 1.54138
0.6575 0.999033 1.35725 0.000180126 0.377332 1.54042
0.6585 0.999423 1.35715 0.00010595 0.376685 1.53932
0.6595 0.999658 1.35672 6.11232e-05 0.375938 1.53804
0.6605 0.999796 1.35603 3.46084e-05 0.37508 1.53658
0.6615 0.999875 1.35512 1.92539e-05 0.374098 1.5349
0.6625 0.99992 1.35401 1.05463e-05 0.372977 1.53299
0.6635 0.999945 1.35271 5.70879e-06 0.371706 1.53083
0.6645 0.999958 1.35122 3.07528e-06 0.370272 1.52839
0.6655 0.999965 1.34953 1.66984e-06 0.368668 1.52567
0.6665 0.999969 1.34765 9.34269e-07 0.366887 1.52264
0.6675 0.999971 1.34558 5.56505e-07 0.364929 1.51933
0.6685 0.999972 1.34333 3.66002e-07 0.362798 1.51573
0.6695 0.999972 1.3409 2.71569e-07 0.360507 1.51187
0.6705 0.999973 1.33833 2.25472e-07 0.358074 1.50778
0.6715 0.999973 1.33564 2.03243e-07 0.355524 1.5035
0.6725 0.999973 1.33286 1.92585e-07 0.35289 1.49909
0.6735 0.999973 1.33003 1.87442e-07 0.350208 1.49461
0.6745 0.999973 1.3272 1.84885e-07 0.347519 1.49013
0.6755 0.999973 1.32441 1.83528e-07 0.344865 1.48572
0.6765 0.999973 1.32171 1.82724e-07 0.342286 1.48145
0.6775 0.999972 1.31912 1.82179e-07 0.339819 1.47737
0.6785 0.999972 1.3167 1.81763e-07 0.337498 1.47354
0.6795 0.999972 1.31445 1.81419e-07 0.335348 1.47
0.6805 0.999972 1.3124 1.81122e-07 0.333386 1.46678
0.6815 0.999972 1.31057 1.80863e-07 0.331624 1.46389
0.6825 0.999971 1.30895 1.80637e-07 0.330065 1.46134
0.6835 0.999971 1.30754 1.80441e-07 0.328706 1.45912
0.6845 0.999971 1.30632 1.80273e-07 0.327536 1.45721
0.6855 0.999971 1.3053 1.80131e-07 0.326545 1.45559
0.6865 0.999971 1.30444 1.80013e-07 0.325715 1.45424
0.6875 0.999971 1.30373 1.79915e-07 0.325029 1.45312
0.6885 0.999971 1.30316 1.79836e-07 0.32447 1.45221
0.6895 0.999971 1.30269 1.79772e-07 0.324019 1.45148
0.6905 0.999971 1.30232 1.79721e-07 0.32366 1.4509
0.6915 0.999971 1.30204 1.79681e-07 0.323378 1.45044
0.6925 0.999971 1.30181 1.7965e-07 0.323158 1.45008
0.6935 0.999971 1.30164 1.79627e-07 0.322989 1.44981
0.6945 0.999971 1.30151 1.79609e-07 0.32286 1.4496
0.6955 0.999971 1.30142 1.79596e-07 0.322763 1.44944
0.6965 0.999971 1.30135 1.79586e-07 0.322691 1.44932
0.6975 0.999971 1.3013 1.7958e-07 0.322637 1.44924
0.6985 0.999971 1.30126 1.79575e-07 0.322598 1.44918
0.6995 0.999971 1.30124 1.79571e-07 0.32257 1.44913
0.7005 0.999971 1.30122 1.79569e-07 0.32255 1.4491
0.7015 0.999971 1.30122 1.79568e-07 0.322535 1.44908
0.7025 0.999971 1.30121 1.79567e-07 0.322525 1.44906
0.7035 0.999972 1.30121 1.79567e-07 0.322518 1.44905
0.7045 0.999972 1.30121 1.79567e-07 0.322513 1.44904
0.7055 0.999972 1.30121 1.79567e-07 0.32251 1.44904
0.7065 0.999972 1.30121 1.79567e-07 0.322507 1.44903
0.7075 0.999972 1.30121 1.79567e-07 0.322506 1.44903
0.7085 0.999972 1.30122 1.79568e-07 0.322505 1.44903
0.7095 0.999972 1.30122 1.79568e-07 0.322504 1.44903
0.7105 0.999972 1.30122 1.79569e-07 0.322503 1.44903
0.7115 0.999972 1.30123 1.79569e-07 0.322503 1.44903
0.7125 0.999972 1.30123 1.7957e-07 0.322503 1.44903
0.7135 0.999972 1.30123 1.7957e-07 0.322503 1.44903
0.7145 0.999972 1.30124 1.79571e-07 0.322503 1.44903
0.7155 0.999972 1.30124 1.79571e-07 0.322502 1.44903
0.7165 0.999972 1.30124 1.79572e-07 0.322502 1.44903
0.7175 0.999972 1.30125 1.79572e-07 0.322502 1.44903
0.7185 0.999972 1.30125 1.79573e-07 0.322502 1.44903
0.7195 0.999972 1.30125 1.79573e-07 0.322502 1.44903
0.7205 0.999972 1.30126 1.79574e-07 0.322502 1.44903
0.7215 0.999972 1.30126 1.79574e-07 0.322502 1.44903
0.7225 0.999972 1.30126 1.79574e-07 0.322502 1.44903
0.7235 0.999972 1.30127 1.79575e-07 0.322502 1.44903
0.7245 0.999972 1.30127 1.79575e-07 0.322502 1.44903
0.7255 0.999972 1.30127 1.79576e-07 0.322501 1.44903
0.7265 0.999972 1.30127 1.79576e-07 0.322501 1.44903
0.7275 0.999972 1.30128 1.79576e-07 0.322501 1.44903
0.7285 0.999972 1.30128 1.79577e-07 0.3225 1.44903
0.7295 0.999972 1.30128 1.79577e-07 0.322499 1.44903
0.7305 0.999972 1.30128 1.79577e-07 0.322498 1.44903
0.7315 0.999972 1.30128 1.79577e-07 0.322495 1.44902
0.7325 0.999972 1.30128 1.79577e-07 0.322492 1.44902
0.7335 0.999972 1.30128 1.79576e-07 0.322486 1.44901
0.7345 0.999972 1.30127 1.79575e-07 0.322477 1.44899
0.7355 0.999972 1.30126 1.79574e-07 0.322464 1.44897
0.7365 0.999972 1.30124 1.79571e-07 0.322444 1.44894
0.7375 0.999972 1.30121 1.79567e-07 0.322414 1.44889
0.7385 0.999972 1.30116 1.79561e-07 0.32237 1.44882
0.7395 0.999972 1.3011 1.79552e-07 0.322306 1.44872
0.7405 0.999973 1.301 1.79539e-07 0.322212 1.44856
0.7415 0.999973 1.30087 1.7952e-07 0.322076 1.44834
0.7425 0.999973 1.30066 1.79492e-07 0.321881 1.44803
0.7435 0.999973 1.30037 1.79452e-07 0.3216 1.44757
0.7445 0.999973 1.29996 1.79395e-07 0.3212 1.44692
0.7455 0.999973 1.29937 1.79313e-07 0.320633 1.446
0.7465 0.999973 1.29854 1.79198e-07 0.319831 1.4447
0.7475 0.999973 1.29737 1.79037e-07 0.318703 1.44288
0.7485 0.999973 1.29573 1.78811e-07 0.317126 1.44033
0.7495 0.999974 1.29345 1.78497e-07 0.314931 1.43678
0.7505 0.999975 1.29032 1.78064e-07 0.311898 1.4319
0.7515 0.999977 1.28602 1.77471e-07 0.307736 1.42521
0.7525 0.999981 1.2802 1.76667e-07 0.302078 1.41617
0.7535 0.999988 1.27241 1.75592e-07 0.294471 1.40409
0.7545 0.999999 1.26215 1.74177e-07 0.284392 1.38822
0.7555 1.00002 1.24892 1.72351e-07 0.271286 1.36781
0.7565 1.00004 1.2323 1.70058e-07 0.25465 1.34227
0.7575 1.00008 1.21212 1.67273e-07 0.234175 1.3114
0.7585 1.00012 1.1886 1.64027e-07 0.209936 1.27565
0.7595 1.00015 1.16252 1.60428e-07 0.182572 1.23633
0.7605 1.00017 1.13523 1.56662e-07 0.153368 1.19554
0.7615 1.00017 1.10843 1.52964e-07 0.124109 1.15587
0.7625 1.00015 1.08379 1.49563e-07 0.0967012 1.11977
0.7635 1.00012 1.06255 1.46633e-07 0.0726948 1.08897
0.7645 1.00008 1.04531 1.44253e-07 0.0529415 1.06417
0.7655 1.00005 1.03201 1.42418e-07 0.0375493 1.04519
0.7665 1.00003 1.02217 1.41059e-07 0.0260788 1.03122
0.7675 1.00001 1.01512 1.40087e-07 0.017823 1.02125
0.7685 1.00001 1.0102 1.39407e-07 0.012034 1.01431
0.7695 1 1.00682 1.38941e-07 0.00805163 1.00956
0.7705 1 1.00453 1.38625e-07 0.00534979 1.00634
0.7715 1 1.00299 1.38413e-07 0.00353519 1.00419
0.7725 0.999999 1.00197 1.38271e-07 0.0023256 1.00275
0.7735 0.999999 1.00129 1.38178e-07 0.00152396 1.0018
0.7745 0.999999 1.00084 1.38116e-07 0.000995141 1.00118
0.7755 0.999999 1.00055 1.38076e-07 0.000647673 1.00077
0.7765 0.999999 1.00035 1.38049e-07 0.000420168 1.0005
0.7775 0.999999 1.00023 1.38032e-07 0.0002717 1.00032
0.7785 0.999999 1.00015 1.3802e-07 0.000175121 1.00021
0.7795 0.999999 1.00009 1.38013e-07 0.000112496 1.00013
0.7805 0.999999 1.00006 1.38008e-07 7.20202e-05 1.00009
0.7815 0.999999 1.00004 1.38005e-07 4.59454e-05 1.00005
0.7825 0.999999 1.00002 1.38003e-07 2.92051e-05 1.00003
0.7835 0.999999 1.00001 1.38002e-07 1.84954e-05 1.00002
0.7845 0.999999 1.00001 1.38001e-07 1.16684e-05 1.00001
0.7855 0.999999 1.00001 1.38001e-07 7.33264e-06 1.00001
0.7865 0.999999 1 1.38001e-07 4.58962e-06 1.00001
0.7875 0.999999 1 1.38e-07 2.86104e-06 1
0.7885 0.999999 1 1.38e-07 1.77611e-06 1
0.7895 0.999999 1 1.38e-07 1.09796e-06 1
0.7905 0.999999 1 1.38e-07 6.75843e-07 1
0.7915 0.999999 0.999999 1.38e-07 4.14218e-07 1
0.7925 0.999999 0.999999 1.38e-07 2.52765e-07 1
0.7935 0.999999 0.999999 1.38e-07 1.53566e-07 1
0.7945 0.999999 0.999999 1.38e-07 9.28863e-08 1
0.7955 0.999999 0.999999 1.38e-07 5.59347e-08 1
0.7965 0.999999 0.999999 1.38e-07 3.35337e-08 1
0.7975 0.999999 0.999999 1.38e-07 2.00149e-08 1
0.7985 0.999999 0.999999 1.38e-07 1.18933e-08 1
0.7995 0.999999 0.999999 1.38e-07 7.03625e-09 1
0.8005 0.999999 0.999999 1.38e-07 4.1446e-09 1
0.8015 0.999999 0.999999 1.38e-07 2.43079e-09 1
0.8025 0.999999 0.999999 1.38e-07 1.41958e-09 1
0.8035 0.999999 0.999999 1.38e-07 8.25567e-10 1
0.8045 0.999999 0.999999 1.38e-07 4.78144e-10 1
0.8055 0.999999 0.999999 1.38e-07 2.75817e-10 1
0.8065 0.999999 0.999999 1.38e-07 1.58485e-10 1
0.8075 0.999999 0.999999 1.38e-07 9.07219e-11 1
0.8085 0.999999 0.999999 1.38e-07 5.17431e-11 1
0.8095 0.999999 0.999999 1.38e-07 2.94085e-11 1
0.8105 0.999999 0.999999 1.38e-07 1.6659e-11 1
0.8115 0.999999 0.999999 1.38e-07 9.40723e-12 1
0.8125 0.999999 0.999999 1.38e-07 5.2965e-12 1
0.8135 0.999999 0.999999 1.38e-07 2.97391e-12 1
0.8145 0.999999 0.999999 1.38e-07 1.66563e-12 1
0.8155 0.999999 0.999999 1.38e-07 9.3057e-13 1
0.8165 0.999999 0.999999 1.38e-07 5.18767e-13 1
0.8175 0.999999 0.999999 1.38e-07 2.88811e-13 1
0.8185 0.999999 0.999999 1.38e-07 1.6038e-13 1
0.8195 0.999999 0.999999 1.38e-07 8.8898e-14 1
0.8205 0.999999 0.999999 1.38e-07 4.92533e-14 1
0.8215 0.999999 0.999999 1.38e-07 2.7297e-14 1
0.8225 0.999999 0.999999 1.38e-07 1.50732e-14 1
0.8235 0.999999 0.999999 1.38e-07 8.29544e-15 1
0.8245 0.999999 0.999999 1.38e-07 4.59444e-15 1
0.8255 0.999999 0.999999 1.38e-07 2.48129e-15 1
0.8265 0.999999 0.999999 1.38e-07 1.37712e-15 1
0.8275 0.999999 0.999999 1.38e-07 7.01097e-16 1
0.8285 0.999999 0.999999 1.38e-07 2.62682e-16 1
0.8295 0.999999 0.999999 1.38e-07 1.13778e-16 1
0.8305 0.999999 0.999999 1.38e-07 0 1
0.8315 0.999999 0.999999 1.38e-07 0 1
0.8325 0.999999 0.999999 1.38e-07 0 1
0.8335 0.999999 0.999999 1.38e-07 0 1
0.8345 0.999999 0.999999 1.38e-07 0 1
0.8355 0.999999 0.999999 1.38e-07 0 1
0.8365 0.999999 0.999999 1.38e-07 0 1
0.8375 0.999999 0.999999 1.38e-07 0 1
0.8385 0.999999 0.999999 1.38e-07 0 1
0.8395 0.999999 0.999999 1.38e-07 0 1
0.8405 0.999999 0.999999 1.38e-07 0 1
0.8415 0.999999 0.999999 1.38e-07 0 1
0.8425 0.999999 0.999999 1.38e-07 0 1
0.8435 0.999999 0.999999 1.38e-07 0 1
0.8445 0.999999 0.999999 1.38e-07 0 1
0.8455 0.999999 0.999999 1.38e-07 0 1
0.8465 0.999999 0.999999 1.38e-07 0 1
0.8475 0.999999 0.999999 1.38e-07 0 1
0.8485 0.999999 0.999999 1.38e-07 0 1
0.8495 0.999999 0.999999 1.38e-07 0 1
0.8505 0.999999 0.999999 1.38e-07 0 1
0.8515 0.999999 0.999999 1.38e-07 0 1
0.8525 0.999999 0.999999 1.38e-07 0 1
0.8535 0.999999 0.999999 1.38e-07 0 1
0.8545 0.999999 0.999999 1.38e-07 0 1
0.8555 0.999999 0.999999 1.38e-07 0 1
0.8565 0.999999 0.999999 1.38e-07 0 1
0.8575 0.999999 0.999999 1.38e-07 0 1
0.8585 0.999999 0.999999 1.38e-07 0 1
0.8595 0.999999 0.999999 1.38e-07 0 1
0.8605 0.999999 0.999999 1.38e-07 0 1
0.8615 0.999999 0.999999 1.38e-07 0 1
0.8625 0.999999 0.999999 1.38e-07 0 1
0.8635 0.999999 0.999999 1.38e-07 0 1
0.8645 0.999999 0.999999 1.38e-07 0 1
0.8655 0.999999 0.999999 1.38e-07 0 1
0.8665 0.999999 0.999999 1.38e-07 0 1
0.8675 0.999999 0.999999 1.38e-07 0 1
0.8685 0.999999 0.999999 1.38e-07 0 1
0.8695 0.999999 0.999999 1.38e-07 0 1
0.8705 0.999999 0.999999 1.38e-07 0 1
0.8715 0.999999 0.999999 1.38e-07 0 1
0.8725 0.999999 0.999999 1.38e-07 0 1
0.8735 0.999999 0.999999 1.38e-07 0 1
0.8745 0.999999 0.999999 1.38e-07 0 1
0.8755 0.999999 0.999999 1.38e-07 0 1
0.8765 0.999999 0.999999 1.38e-07 0 1
0.8775 0.999999 0.999999 1.38e-07 0 1
0.8785 0.999999 0.999999 1.38e-07 0 1
0.8795 0.999999 0.999999 1.38e-07 0 1
0.8805 0.999999 0.999999 1.38e-07 0 1
0.8815 0.999999 0.999999 1.38e-07 0 1
0.8825 0.999999 0.999999 1.38e-07 0 1
0.8835 0.999999 0.999999 1.38e-07 0 1
0.8845 0.999999 0.999999 1.38e-07 0 1
0.8855 0.999999 0.999999 1.38e-07 0 1
0.8865 0.999999 0.999999 1.38e-07 0 1
0.8875 0.999999 0.999999 1.38e-07 0 1
0.8885 0.999999 0.999999 1.38e-07 0 1
0.8895 0.999999 0.999999 1.38e-07 0 1
0.8905 0.999999 0.999999 1.38e-07 0 1
0.8915 0.999999 0.999999 1.38e-07 0 1
0.8925 0.999999 0.999999 1.38e-07 0 1
0.8935 0.999999 0.999999 1.38e-07 0 1
0.8945 0.999999 0.999999 1.38e-07 0 1
0.8955 0.999999 0.999999 1.38e-07 0 1
0.8965 0.999999 0.999999 1.38e-07 0 1
0.8975 0.999999 0.999999 1.38e-07 0 1
0.8985 0.999999 0.999999 1.38e-07 0 1
0.8995 0.999999 0.999999 1.38e-07 0 1
0.9005 0.999999 0.999999 1.38e-07 0 1
0.9015 0.999999 0.999999 1.38e-07 0 1
0.9025 0.999999 0.999999 1.38e-07 0 1
0.9035 0.999999 0.999999 1.38e-07 0 1
0.9045 0.999999 0.999999 1.38e-07 0 1
0.9055 0.999999 0.999999 1.38e-07 0 1
0.9065 0.999999 0.999999 1.38e-07 0 1
0.9075 0.999999 0.999999 1.38e-07 0 1
0.9085 0.999999 0.999999 1.38e-07 0 1
0.9095 0.999999 0.999999 1.38e-07 0 1
0.9105 0.999999 0.999999 1.38e-07 0 1
0.9115 0.999999 0.999999 1.38e-07 0 1
0.9125 0.999999 0.999999 1.38e-07 0 1
0.9135 0.999999 0.999999 1.38e-07 0 1
0.9145 0.999999 0.999999 1.38e-07 0 1
0.9155 0.999999 0.999999 1.38e-07 0 1
0.9165 0.999999 0.999999 1.38e-07 0 1
0.9175 0.999999 0.999999 1.38e-07 0 1
0.9185 0.999999 0.999999 1.38e-07 0 1
0.9195 0.999999 0.999999 1.38e-07 0 1
0.9205 0.999999 0.999999 1.38e-07 0 1
0.9215 0.999999 0.999999 1.38e-07 0 1
0.9225 0.999999 0.999999 1.38e-07 0 1
0.9235 0.999999 0.999999 1.38e-07 0 1
0.9245 0.999999 0.999999 1.38e-07 0 1
0.9255 0.999999 0.999999 1.38e-07 0 1
0.9265 0.999999 0.999999 1.38e-07 0 1
0.9275 0.999999 0.999999 1.38e-07 0 1
0.9285 0.999999 0.999999 1.38e-07 0 1
0.9295 0.999999 0.999999 1.38e-07 0 1
0.9305 0.999999 0.999999 1.38e-07 0 1
0.9315 0.999999 0.999999 1.38e-07 0 1
0.9325 0.999999 0.999999 1.38e-07 0 1
0.9335 0.999999 0.999999 1.38e-07 0 1
0.9345 0.999999 0.999999 1.38e-07 0 1
0.9355 0.999999 0.999999 1.38e-07 0 1
0.9365 0.999999 0.999999 1.38e-07 0 1
0.9375 0.999999 0.999999 1.38e-07 0 1
0.9385 0.999999 0.999999 1.38e-07 0 1
0.9395 0.999999 0.999999 1.38e-07 0 1
0.9405 0.999999 0.999999 1.38e-07 0 1
0.9415 0.999999 0.999999 1.38e-07 0 1
0.9425 0.999999 0.999999 1.38e-07 0 1
0.9435 0.999999 0.999999 1.38e-07 0 1
0.9445 0.999999 0.999999 1.38e-07 0 1
0.9455 0.999999 0.999999 1.38e-07 0 1
0.9465 0.999999 0.999999 1.38e-07 0 1
0.9475 0.999999 0.999999 1.38e-07 0 1
0.9485 0.999999 0.999999 1.38e-07 0 1
0.9495 0.999999 0.999999 1.38e-07 0 1
0.9505 0.999999 0.999999 1.38e-07 0 1
0.9515 0.999999 0.999999 1.38e-07 0 1
0.9525 0.999999 0.999999 1.38e-07 0 1
0.9535 0.999999 0.999999 1.38e-07 0 1
0.9545 0.999999 0.999999 1.38e-07 0 1
0.9555 0.999999 0.999999 1.38e-07 0 1
0.9565 0.999999 0.999999 1.38e-07 0 1
0.9575 0.999999 0.999999 1.38e-07 0 1
0.9585 0.999999 0.999999 1.38e-07 0 1
0.9595 0.999999 0.999999 1.38e-07 0 1
0.9605 0.999999 0.999999 1.38e-07 0 1
0.9615 0.999999 0.999999 1.38e-07 0 1
0.9625 0.999999 0.999999 1.38e-07 0 1
0.9635 0.999999 0.999999 1.38e-07 0 1
0.9645 0.999999 0.999999 1.38e-07 0 1
0.9655 0.999999 0.999999 1.38e-07 0 1
0.9665 0.999999 0.999999 1.38e-07 0 1
0.9675 0.999999 0.999999 1.38e-07 0 1
0.9685 0.999999 0.999999 1.38e-07 0 1
0.9695 0.999999 0.999999 1.38e-07 0 1
0.9705 0.999999 0.999999 1.38e-07 0 1
0.9715 0.999999 0.999999 1.38e-07 0 1
0.9725 0.999999 0.999999 1.38e-07 0 1
0.9735 0.999999 0.999999 1.38e-07 0 1
0.9745 0.999999 0.999999 1.38e-07 0 1
0.9755 0.999999 0.999999 1.38e-07 0 1
0.9765 0.999999 0.999999 1.38e-07 0 1
0.9775 0.999999 0.999999 1.38e-07 0 1
0.9785 0.999999 0.999999 1.38e-07 0 1
0.9795 0.999999 0.999999 1.38e-07 0 1
0.9805 0.999999 0.999999 1.38e-07 0 1
0.9815 0.999999 0.999999 1.38e-07 0 1
0.9825 0.999999 0.999999 1.38e-07 0 1
0.9835 0.999999 0.999999 1.38e-07 0 1
0.9845 0.999999 0.999999 1.38e-07 0 1
0.9855 0.999999 0.999999 1.38e-07 0 1
0.9865 0.999999 0.999999 1.38e-07 0 1
0.9875 0.999999 0.999999 1.38e-07 0 1
0.9885 0.999999 0.999999 1.38e-07 0 1
0.9895 0.999999 0.999999 1.38e-07 0 1
0.9905 0.999999 0.999999 1.38e-07 0 1
0.9915 0.999999 0.999999 1.38e-07 0 1
0.9925 0.999999 0.999999 1.38e-07 0 1
0.9935 0.999999 0.999999 1.38e-07 0 1
0.9945 0.999999 0.999999 1.38e-07 0 1
0.9955 0.999999 0.999999 1.38e-07 0 1
0.9965 0.999999 0.999999 1.38e-07 0 1
0.9975 0.999999 0.999999 1.38e-07 0 1
0.9985 0.999999 0.999999 1.38e-07 0 1
0.9995 0.999999 0.999999 1.38e-07 0 1
