x alpha rho1 rho2 v p
0.0005 1.00037 1.37615 1.37965e-07 0.395124 1.5692
0.0015 1.00035 1.37613 1.37963e-07 0.395132 1.56919
0.0025 1.00033 1.37611 1.37961e-07 0.395142 1.56918
0.0035 1.0003 1.37609 1.37959e-07 0.395151 1.56916
0.0045 1.00027 1.37608 1.37958e-07 0.395159 1.56915
0.0055 1.00024 1.37606 1.37956e-07 0.395166 1.56915
0.0065 1.00021 1.37604 1.37954e-07 0.395172 1.56914
0.0075 1.00019 1.37603 1.37953e-07 0.395177 1.56913
0.0085 1.00016 1.37602 1.37952e-07 0.395182 1.56913
0.0095 1.00014 1.37601 1.37951e-07 0.395185 1.56913
0.0105 1.00011 1.376 1.3795e-07 0.395188 1.56913
0.0115 1.00009 1.37599 1.37949e-07 0.39519 1.56913
0.0125 1.00008 1.37599 1.37949e-07 0.39519 1.56913
0.0135 1.00006 1.37598 1.37948e-07 0.39519 1.56914
0.0145 1.00005 1.37598 1.37948e-07 0.395189 1.56914
0.0155 1.00004 1.37598 1.37948e-07 0.395187 1.56915
0.0165 1.00003 1.37598 1.37948e-07 0.395185 1.56916
0.0175 1.00002 1.37599 1.37949e-07 0.395182 1.56917
0.0185 1.00001 1.37599 1.37949e-07 0.395178 1.56918
0.0195 1.00001 1.376 1.3795e-07 0.395173 1.56919
0.0205 1 1.376 1.3795e-07 0.395168 1.56921
0.0215 1 1.37601 1.37951e-07 0.395162 1.56922
0.0225 0.999999 1.37602 1.37952e-07 0.395156 1.56924
0.0235 0.999997 1.37603 1.37953e-07 0.395149 1.56925
0.0245 0.999996 1.37604 1.37954e-07 0.395142 1.56927
0.0255 0.999995 1.37605 1.37955e-07 0.395135 1.56929
0.0265 0.999994 1.37606 1.37956e-07 0.395128 1.5693
0.0275 0.999993 1.37607 1.37957e-07 0.39512 1.56932
0.0285 0.999993 1.37608 1.37958e-07 0.395112 1.56934
0.0295 0.999992 1.37609 1.37959e-07 0.395105 1.56936
0.0305 0.999992 1.3761 1.3796e-07 0.395097 1.56937
0.0315 0.999992 1.37612 1.37962e-07 0.395089 1.56939
0.0325 0.999992 1.37613 1.37963e-07 0.395081 1.56941
0.0335 0.999992 1.37614 1.37964e-07 0.395073 1.56943
0.0345 0.999992 1.37615 1.37965e-07 0.395066 1.56944
0.0355 0.999992 1.37616 1.37966e-07 0.395058 1.56946
0.0365 0.999992 1.37617 1.37967e-07 0.395051 1.56948
0.0375 0.999993 1.37618 1.37968e-07 0.395044 1.56949
0.0385 0.999993 1.37619 1.37969e-07 0.395037 1.56951
0.0395 0.999993 1.3762 1.3797e-07 0.39503 1.56952
0.0405 0.999993 1.37621 1.37971e-07 0.395023 1.56954
0.0415 0.999993 1.37622 1.37972e-07 0.395017 1.56955
0.0425 0.999993 1.37623 1.37973e-07 0.395011 1.56957
0.0435 0.999994 1.37623 1.37973e-07 0.395005 1.56958
0.0445 0.999994 1.37624 1.37974e-07 0.394999 1.56959
0.0455 0.999994 1.37625 1.37975e-07 0.394994 1.56961
0.0465 0.999994 1.37626 1.37976e-07 0.394989 1.56962
0.0475 0.999994 1.37627 1.37977e-07 0.394984 1.56963
0.0485 0.999995 1.37627 1.37977e-07 0.394979 1.56964
0.0495 0.999995 1.37628 1.37978e-07 0.394974 1.56965
0.0505 0.999995 1.37628 1.37979e-07 0.39497 1.56966
0.0515 0.999995 1.37629 1.37979e-07 0.394966 1.56967
0.0525 0.999995 1.3763 1.3798e-07 0.394962 1.56968
0.0535 0.999996 1.3763 1.3798e-07 0.394958 1.56969
0.0545 0.999996 1.37631 1.37981e-07 0.394954 1.5697
0.0555 0.999996 1.37631 1.37981e-07 0.394951 1.56971
0.0565 0.999996 1.37632 1.37982e-07 0.394948 1.56971
0.0575 0.999996 1.37632 1.37982e-07 0.394944 1.56972
0.0585 0.999996 1.37633 1.37983e-07 0.394941 1.56973
0.0595 0.999996 1.37633 1.37983e-07 0.394938 1.56973
0.0605 0.999996 1.37634 1.37984e-07 0.394935 1.56974
0.0615 0.999997 1.37634 1.37984e-07 0.394933 1.56975
0.0625 0.999997 1.37634 1.37984e-07 0.39493 1.56975
0.0635 0.999997 1.37635 1.37985e-07 0.394928 1.56976
0.0645 0.999997 1.37635 1.37985e-07 0.394925 1.56977
0.0655 0.999997 1.37635 1.37986e-07 0.394923 1.56977
0.0665 0.999997 1.37636 1.37986e-07 0.39492 1.56978
0.0675 0.999997 1.37636 1.37986e-07 0.394918 1.56978
0.0685 0.999997 1.37636 1.37986e-07 0.394916 1.56979
0.0695 0.999997 1.37637 1.37987e-07 0.394914 1.56979
0.0705 0.999997 1.37637 1.37987e-07 0.394912 1.56979
0.0715 0.999997 1.37637 1.37987e-07 0.39491 1.5698
0.0725 0.999997 1.37637 1.37988e-07 0.394908 1.5698
0.0735 0.999997 1.37638 1.37988e-07 0.394906 1.56981
0.0745 0.999997 1.37638 1.37988e-07 0.394905 1.56981
0.0755 0.999997 1.37638 1.37988e-07 0.394903 1.56981
0.0765 0.999998 1.37638 1.37988e-07 0.394901 1.56982
0.0775 0.999998 1.37639 1.37989e-07 0.3949 1.56982
0.0785 0.999998 1.37639 1.37989e-07 0.394898 1.56982
0.0795 0.999998 1.37639 1.37989e-07 0.394896 1.56983
0.0805 0.999998 1.37639 1.37989e-07 0.394895 1.56983
0.0815 0.999998 1.37639 1.37989e-07 0.394893 1.56983
0.0825 0.999998 1.3764 1.3799e-07 0.394892 1.56984
0.0835 0.999998 1.3764 1.3799e-07 0.394891 1.56984
0.0845 0.999998 1.3764 1.3799e-07 0.394889 1.56984
0.0855 0.999998 1.3764 1.3799e-07 0.394888 1.56984
0.0865 0.999998 1.3764 1.3799e-07 0.394887 1.56985
0.0875 0.999998 1.3764 1.37991e-07 0.394885 1.56985
0.0885 0.999998 1.37641 1.37991e-07 0.394884 1.56985
0.0895 0.999998 1.37641 1.37991e-07 0.394883 1.56985
0.0905 0.999998 1.37641 1.37991e-07 0.394882 1.56986
0.0915 0.999998 1.37641 1.37991e-07 0.39488 1.56986
0.0925 0.999998 1.37641 1.37991e-07 0.394879 1.56986
0.0935 0.999998 1.37641 1.37991e-07 0.394878 1.56986
0.0945 0.999998 1.37641 1.37991e-07 0.394877 1.56987
0.0955 0.999998 1.37642 1.37992e-07 0.394876 1.56987
0.0965 0.999998 1.37642 1.37992e-07 0.394875 1.56987
0.0975 0.999998 1.37642 1.37992e-07 0.394874 1.56987
0.0985 0.999998 1.37642 1.37992e-07 0.394873 1.56987
0.0995 0.999998 1.37642 1.37992e-07 0.394872 1.56987
0.1005 0.999998 1.37642 1.37992e-07 0.394871 1.56988
0.1015 0.999998 1.37642 1.37992e-07 0.39487 1.56988
0.1025 0.999998 1.37642 1.37992e-07 0.394869 1.56988
0.1035 0.999998 1.37642 1.37993e-07 0.394868 1.56988
0.1045 0.999998 1.37643 1.37993e-07 0.394867 1.56988
0.1055 0.999998 1.37643 1.37993e-07 0.394866 1.56988
0.1065 0.999998 1.37643 1.37993e-07 0.394865 1.56989
0.1075 0.999998 1.37643 1.37993e-07 0.394865 1.56989
0.1085 0.999998 1.37643 1.37993e-07 0.394864 1.56989
0.1095 0.999998 1.37643 1.37993e-07 0.394863 1.56989
0.1105 0.999998 1.37643 1.37993e-07 0.394862 1.56989
0.1115 0.999998 1.37643 1.37993e-07 0.394861 1.56989
0.1125 0.999998 1.37643 1.37993e-07 0.394861 1.56989
0.1135 0.999998 1.37643 1.37993e-07 0.39486 1.5699
0.1145 0.999998 1.37643 1.37994e-07 0.394859 1.5699
0.1155 0.999998 1.37643 1.37994e-07 0.394859 1.5699
0.1165 0.999998 1.37644 1.37994e-07 0.394858 1.5699
0.1175 0.999998 1.37644 1.37994e-07 0.394857 1.5699
0.1185 0.999998 1.37644 1.37994e-07 0.394856 1.5699
0.1195 0.999998 1.37644 1.37994e-07 0.394856 1.5699
0.1205 0.999998 1.37644 1.37994e-07 0.394855 1.5699
0.1215 0.999999 1.37644 1.37994e-07 0.394855 1.56991
0.1225 0.999999 1.37644 1.37994e-07 0.394854 1.56991
0.1235 0.999999 1.37644 1.37994e-07 0.394853 1.56991
0.1245 0.999999 1.37644 1.37994e-07 0.394853 1.56991
0.1255 0.999999 1.37644 1.37994e-07 0.394852 1.56991
0.1265 0.999999 1.37644 1.37994e-07 0.394852 1.56991
0.1275 0.999999 1.37644 1.37994e-07 0.394851 1.56991
0.1285 0.999999 1.37644 1.37994e-07 0.39485 1.56991
0.1295 0.999999 1.37644 1.37995e-07 0.39485 1.56991
0.1305 0.999999 1.37644 1.37995e-07 0.394849 1.56991
0.1315 0.999999 1.37645 1.37995e-07 0.394849 1.56992
0.1325 0.999999 1.37645 1.37995e-07 0.394848 1.56992
0.1335 0.999999 1.37645 1.37995e-07 0.394848 1.56992
0.1345 0.999999 1.37645 1.37995e-07 0.394847 1.56992
0.1355 0.999999 1.37645 1.37995e-07 0.394847 1.56992
0.1365 0.999999 1.37645 1.37995e-07 0.394846 1.56992
0.1375 0.999999 1.37645 1.37995e-07 0.394846 1.56992
0.1385 0.999999 1.37645 1.37995e-07 0.394845 1.56992
0.1395 0.999999 1.37645 1.37995e-07 0.394845 1.56992
0.1405 0.999999 1.37645 1.37995e-07 0.394845 1.56992
0.1415 0.999999 1.37645 1.37995e-07 0.394844 1.56992
0.1425 0.999999 1.37645 1.37995e-07 0.394844 1.56992
0.1435 0.999999 1.37645 1.37995e-07 0.394843 1.56992
0.1445 0.999999 1.37645 1.37995e-07 0.394843 1.56993
0.1455 0.999999 1.37645 1.37995e-07 0.394843 1.56993
0.1465 0.999999 1.37645 1.37995e-07 0.394842 1.56993
0.1475 0.999999 1.37645 1.37995e-07 0.394842 1.56993
0.1485 0.999999 1.37645 1.37995e-07 0.394841 1.56993
0.1495 0.999999 1.37645 1.37996e-07 0.394841 1.56993
0.1505 0.999999 1.37645 1.37996e-07 0.394841 1.56993
0.1515 0.999999 1.37645 1.37996e-07 0.39484 1.56993
0.1525 0.999999 1.37646 1.37996e-07 0.39484 1.56993
0.1535 0.999999 1.37646 1.37996e-07 0.39484 1.56993
0.1545 0.999999 1.37646 1.37996e-07 0.394839 1.56993
0.1555 0.999999 1.37646 1.37996e-07 0.394839 1.56993
0.1565 0.999999 1.37646 1.37996e-07 0.394839 1.56993
0.1575 0.999999 1.37646 1.37996e-07 0.394838 1.56993
0.1585 0.999999 1.37646 1.37996e-07 0.394838 1.56993
0.1595 0.999999 1.37646 1.37996e-07 0.394838 1.56993
0.1605 0.999999 1.37646 1.37996e-07 0.394837 1.56994
0.1615 0.999999 1.37646 1.37996e-07 0.394837 1.56994
0.1625 0.999999 1.37646 1.37996e-07 0.394837 1.56994
0.1635 0.999999 1.37646 1.37996e-07 0.394836 1.56994
0.1645 0.999999 1.37646 1.37996e-07 0.394836 1.56994
0.1655 0.999999 1.37646 1.37996e-07 0.394836 1.56994
0.1665 0.999999 1.37646 1.37996e-07 0.394836 1.56994
0.1675 0.999999 1.37646 1.37996e-07 0.394835 1.56994
0.1685 0.999999 1.37646 1.37996e-07 0.394835 1.56994
0.1695 0.999999 1.37646 1.37996e-07 0.394835 1.56994
0.1705 0.999999 1.37646 1.37996e-07 0.394835 1.56994
0.1715 0.999999 1.37646 1.37996e-07 0.394835 1.56994
0.1725 0.999999 1.37646 1.37996e-07 0.394835 1.56994
0.1735 0.999999 1.37646 1.37996e-07 0.394835 1.56994
0.1745 0.999999 1.37646 1.37996e-07 0.394835 1.56994
0.1755 0.999999 1.37646 1.37996e-07 0.394835 1.56994
0.1765 0.999999 1.37646 1.37996e-07 0.394835 1.56994
0.1775 0.999999 1.37646 1.37996e-07 0.394836 1.56994
0.1785 1 1.37646 1.37996e-07 0.394836 1.56994
0.1795 1 1.37646 1.37996e-07 0.394837 1.56993
0.1805 1 1.37646 1.37996e-07 0.394839 1.56993
0.1815 1 1.37645 1.37996e-07 0.394841 1.56993
0.1825 1 1.37645 1.37995e-07 0.394843 1.56992
0.1835 1 1.37645 1.37995e-07 0.394846 1.56992
0.1845 1 1.37645 1.37995e-07 0.39485 1.56991
0.1855 1 1.37644 1.37994e-07 0.394854 1.5699
0.1865 1 1.37643 1.37993e-07 0.39486 1.56989
0.1875 1.00001 1.37643 1.37993e-07 0.394868 1.56988
0.1885 1.00001 1.37642 1.37992e-07 0.394877 1.56986
0.1895 1.00001 1.3764 1.3799e-07 0.394889 1.56984
0.1905 1.00001 1.37639 1.37989e-07 0.394903 1.56982
0.1915 1.00001 1.37637 1.37987e-07 0.39492 1.56979
0.1925 1.00002 1.37635 1.37985e-07 0.394941 1.56975
0.1935 1.00002 1.37632 1.37982e-07 0.394967 1.5697
0.1945 1.00002 1.37629 1.37979e-07 0.394998 1.56965
0.1955 1.00003 1.37625 1.37975e-07 0.395035 1.56958
0.1965 1.00004 1.3762 1.3797e-07 0.395079 1.5695
0.1975 1.00004 1.37615 1.37965e-07 0.395132 1.56941
0.1985 1.00005 1.37608 1.37958e-07 0.395194 1.5693
0.1995 1.00006 1.376 1.3795e-07 0.395267 1.56917
0.2005 1.00007 1.37591 1.37941e-07 0.395353 1.56901
0.2015 1.00008 1.3758 1.3793e-07 0.395454 1.56884
0.2025 1.00009 1.37568 1.37918e-07 0.395571 1.56863
0.2035 1.00011 1.37553 1.37903e-07 0.395706 1.56839
0.2045 1.00013 1.37537 1.37887e-07 0.395861 1.56811
0.2055 1.00014 1.37518 1.37867e-07 0.39604 1.5678
0.2065 1.00017 1.37496 1.37846e-07 0.396243 1.56744
0.2075 1.00019 1.37471 1.37821e-07 0.396475 1.56703
0.2085 1.00021 1.37443 1.37793e-07 0.396737 1.56656
0.2095 1.00024 1.37411 1.37761e-07 0.397033 1.56604
0.2105 1.00027 1.37376 1.37725e-07 0.397365 1.56545
0.2115 1.0003 1.37336 1.37685e-07 0.397736 1.5648
0.2125 1.00033 1.37292 1.37641e-07 0.398149 1.56407
0.2135 1.00037 1.37243 1.37592e-07 0.398606 1.56327
0.2145 1.00041 1.37189 1.37538e-07 0.399112 1.56238
0.2155 1.00045 1.37129 1.37478e-07 0.399668 1.56141
0.2165 1.00049 1.37064 1.37412e-07 0.400277 1.56034
0.2175 1.00054 1.36992 1.37341e-07 0.400941 1.55917
0.2185 1.00059 1.36915 1.37263e-07 0.401664 1.55791
0.2195 1.00063 1.36831 1.37179e-07 0.402447 1.55654
0.2205 1.00068 1.3674 1.37088e-07 0.403292 1.55507
0.2215 1.00074 1.36643 1.3699e-07 0.404201 1.55348
0.2225 1.00079 1.36538 1.36886e-07 0.405176 1.55179
0.2235 1.00084 1.36427 1.36774e-07 0.406217 1.54998
0.2245 1.0009 1.36308 1.36654e-07 0.407327 1.54805
0.2255 1.00095 1.36181 1.36528e-07 0.408505 1.54601
0.2265 1.00101 1.36048 1.36394e-07 0.409753 1.54385
0.2275 1.00107 1.35907 1.36252e-07 0.41107 1.54158
0.2285 1.00112 1.35758 1.36103e-07 0.412457 1.53919
0.2295 1.00118 1.35602 1.35947e-07 0.413913 1.53668
0.2305 1.00124 1.35439 1.35784e-07 0.415439 1.53406
0.2315 1.00129 1.35269 1.35613e-07 0.417032 1.53133
0.2325 1.00135 1.35092 1.35435e-07 0.418692 1.52849
0.2335 1.0014 1.34908 1.35251e-07 0.420419 1.52554
0.2345 1.00146 1.34717 1.35059e-07 0.42221 1.52248
0.2355 1.00151 1.34519 1.34861e-07 0.424065 1.51933
0.2365 1.00156 1.34315 1.34657e-07 0.425981 1.51607
0.2375 1.00161 1.34105 1.34446e-07 0.427956 1.51273
0.2385 1.00166 1.33889 1.3423e-07 0.42999 1.50929
0.2395 1.00171 1.33667 1.34007e-07 0.432079 1.50576
0.2405 1.00176 1.3344 1.3378e-07 0.434222 1.50216
0.2415 1.0018 1.33208 1.33547e-07 0.436416 1.49847
0.2425 1.00184 1.32971 1.33309e-07 0.438659 1.49472
0.2435 1.00188 1.32729 1.33067e-07 0.440948 1.49089
0.2445 1.00192 1.32483 1.3282e-07 0.443282 1.487
0.2455 1.00196 1.32233 1.32569e-07 0.445657 1.48305
0.2465 1.002 1.31979 1.32314e-07 0.44807 1.47904
0.2475 1.00203 1.31721 1.32056e-07 0.450521 1.47499
0.2485 1.00206 1.31461 1.31795e-07 0.453005 1.47089
0.2495 1.00209 1.31197 1.31531e-07 0.455519 1.46675
0.2505 1.00212 1.30931 1.31264e-07 0.458063 1.46257
0.2515 1.00214 1.30663 1.30995e-07 0.460632 1.45837
0.2525 1.00217 1.30392 1.30724e-07 0.463224 1.45413
0.2535 1.00219 1.3012 1.30451e-07 0.465836 1.44988
0.2545 1.00221 1.29847 1.30177e-07 0.468465 1.4456
0.2555 1.00222 1.29572 1.29901e-07 0.47111 1.44132
0.2565 1.00224 1.29296 1.29625e-07 0.473766 1.43703
0.2575 1.00225 1.29021 1.29349e-07 0.476431 1.43273
0.2585 1.00226 1.28744 1.29072e-07 0.479103 1.42844
0.2595 1.00227 1.28468 1.28795e-07 0.481778 1.42415
0.2605 1.00227 1.28193 1.28519e-07 0.484453 1.41987
0.2615 1.00228 1.27918 1.28243e-07 0.487126 1.41561
0.2625 1.00228 1.27644 1.27968e-07 0.489794 1.41137
0.2635 1.00228 1.27371 1.27695e-07 0.492453 1.40715
0.2645 1.00227 1.271 1.27423e-07 0.495101 1.40297
0.2655 1.00227 1.2683 1.27153e-07 0.497735 1.39881
0.2665 1.00226 1.26563 1.26885e-07 0.500351 1.3947
0.2675 1.00225 1.26299 1.2662e-07 0.502946 1.39063
0.2685 1.00223 1.26037 1.26357e-07 0.505518 1.38661
0.2695 1.00221 1.25778 1.26098e-07 0.508062 1.38264
0.2705 1.00219 1.25523 1.25842e-07 0.510577 1.37872
0.2715 1.00217 1.25272 1.2559e-07 0.513058 1.37487
0.2725 1.00215 1.25024 1.25342e-07 0.515502 1.37109
0.2735 1.00212 1.24781 1.25099e-07 0.517906 1.36738
0.2745 1.00209 1.24543 1.2486e-07 0.520267 1.36375
0.2755 1.00205 1.24309 1.24626e-07 0.522582 1.36019
0.2765 1.00201 1.24081 1.24397e-07 0.524846 1.35672
0.2775 1.00198 1.23859 1.24174e-07 0.527058 1.35334
0.2785 1.00193 1.23642 1.23957e-07 0.529213 1.35006
0.2795 1.00189 1.23432 1.23746e-07 0.531309 1.34687
0.2805 1.00184 1.23228 1.23542e-07 0.533343 1.34378
0.2815 1.00179 1.23031 1.23344e-07 0.535312 1.3408
0.2825 1.00174 1.22841 1.23153e-07 0.537214 1.33793
0.2835 1.00168 1.22658 1.2297e-07 0.539045 1.33517
0.2845 1.00163 1.22482 1.22793e-07 0.540803 1.33252
0.2855 1.00157 1.22314 1.22625e-07 0.542488 1.33
0.2865 1.00151 1.22153 1.22464e-07 0.544096 1.32759
0.2875 1.00145 1.22001 1.22311e-07 0.545626 1.3253
0.2885 1.00139 1.21856 1.22166e-07 0.547078 1.32313
0.2895 1.00132 1.21719 1.22029e-07 0.548451 1.32109
0.2905 1.00126 1.2159 1.219e-07 0.549744 1.31917
0.2915 1.0012 1.2147 1.21779e-07 0.550957 1.31737
0.2925 1.00113 1.21357 1.21665e-07 0.552091 1.31569
0.2935 1.00107 1.21252 1.2156e-07 0.553146 1.31413
0.2945 1.00101 1.21154 1.21462e-07 0.554125 1.31268
0.2955 1.00095 1.21064 1.21372e-07 0.555028 1.31135
0.2965 1.0009 1.20982 1.21289e-07 0.555858 1.31013
0.2975 1.00084 1.20906 1.21214e-07 0.556618 1.30901
0.2985 1.00079 1.20837 1.21145e-07 0.557309 1.308
0.2995 1.00074 1.20775 1.21082e-07 0.557936 1.30708
0.3005 1.00069 1.20718 1.21025e-07 0.5585 1.30625
0.3015 1.00064 1.20668 1.20975e-07 0.559007 1.30551
0.3025 1.0006 1.20623 1.2093e-07 0.559459 1.30485
0.3035 1.00056 1.20583 1.20889e-07 0.559861 1.30426
0.3045 1.00052 1.20547 1.20854e-07 0.560216 1.30375
0.3055 1.00049 1.20516 1.20823e-07 0.560527 1.30329
0.3065 1.00046 1.20489 1.20795e-07 0.5608 1.3029
0.3075 1.00043 1.20465 1.20772e-07 0.561036 1.30255
0.3085 1.00041 1.20445 1.20751e-07 0.561241 1.30226
0.3095 1.00039 1.20427 1.20733e-07 0.561417 1.302
0.3105 1.00037 1.20412 1.20718e-07 0.561567 1.30178
0.3115 1.00035 1.20399 1.20705e-07 0.561695 1.3016
0.3125 1.00034 1.20388 1.20694e-07 0.561803 1.30144
0.3135 1.00033 1.20379 1.20685e-07 0.561894 1.30131
0.3145 1.00032 1.20371 1.20678e-07 0.56197 1.3012
0.3155 1.00031 1.20365 1.20671e-07 0.562034 1.30111
0.3165 1.0003 1.2036 1.20666e-07 0.562086 1.30103
0.3175 1.00029 1.20355 1.20662e-07 0.562129 1.30097
0.3185 1.00029 1.20352 1.20658e-07 0.562165 1.30092
0.3195 1.00029 1.20349 1.20655e-07 0.562193 1.30088
0.3205 1.00028 1.20346 1.20653e-07 0.562217 1.30084
0.3215 1.00028 1.20345 1.20651e-07 0.562236 1.30082
0.3225 1.00028 1.20343 1.20649e-07 0.562251 1.3008
0.3235 1.00028 1.20342 1.20648e-07 0.562263 1.30078
0.3245 1.00028 1.20341 1.20647e-07 0.562273 1.30076
0.3255 1.00028 1.2034 1.20646e-07 0.56228 1.30075
0.3265 1.00027 1.20339 1.20645e-07 0.562286 1.30074
0.3275 1.00027 1.20339 1.20645e-07 0.562291 1.30074
0.3285 1.00028 1.20338 1.20645e-07 0.562295 1.30073
0.3295 1.00028 1.20338 1.20644e-07 0.562298 1.30073
0.3305 1.00028 1.20338 1.20644e-07 0.5623 1.30072
0.3315 1.00028 1.20338 1.20644e-07 0.562302 1.30072
0.3325 1.00028 1.20337 1.20644e-07 0.562304 1.30072
0.3335 1.00028 1.20337 1.20644e-07 0.562305 1.30072
0.3345 1.00028 1.20337 1.20645e-07 0.562306 1.30071
0.3355 1.00028 1.20337 1.20645e-07 0.562307 1.30071
0.3365 1.00028 1.20337 1.20646e-07 0.562308 1.30071
0.3375 1.00028 1.20337 1.20647e-07 0.562308 1.30071
0.3385 1.00028 1.20337 1.20649e-07 0.562309 1.30071
0.3395 1.00028 1.20337 1.20651e-07 0.562309 1.30071
0.3405 1.00028 1.20336 1.20655e-07 0.56231 1.30071
0.3415 1.00028 1.20336 1.20659e-07 0.56231 1.30071
0.3425 1.00029 1.20336 1.20666e-07 0.56231 1.30071
0.3435 1.00029 1.20336 1.20675e-07 0.562311 1.30071
0.3445 1.00029 1.20335 1.20687e-07 0.562311 1.30071
0.3455 1.00029 1.20335 1.20702e-07 0.562311 1.3007
0.3465 1.00029 1.20334 1.20723e-07 0.562312 1.3007
0.3475 1.00029 1.20334 1.2075e-07 0.562312 1.3007
0.3485 1.00028 1.20333 1.20784e-07 0.562312 1.3007
0.3495 1.00028 1.20332 1.20828e-07 0.562312 1.3007
0.3505 1.00028 1.20331 1.20884e-07 0.562312 1.3007
0.3515 1.00028 1.20329 1.20955e-07 0.562312 1.3007
0.3525 1.00027 1.20327 1.21042e-07 0.562312 1.3007
0.3535 1.00027 1.20325 1.2115e-07 0.562311 1.3007
0.3545 1.00027 1.20323 1.21282e-07 0.56231 1.30071
0.3555 1.00026 1.2032 1.21442e-07 0.562308 1.30071
0.3565 1.00025 1.20317 1.21635e-07 0.562304 1.30071
0.3575 1.00024 1.20313 1.21865e-07 0.5623 1.30072
0.3585 1.00023 1.20309 1.22137e-07 0.562292 1.30073
0.3595 1.00022 1.20304 1.22456e-07 0.562281 1.30075
0.3605 1.0002 1.203 1.22827e-07 0.562265 1.30078
0.3615 1.00018 1.20295 1.23256e-07 0.562242 1.30081
0.3625 1.00016 1.2029 1.23748e-07 0.562208 1.30086
0.3635 1.00013 1.20287 1.24308e-07 0.562159 1.30094
0.3645 1.0001 1.20284 1.2494e-07 0.56209 1.30105
0.3655 1.00006 1.20283 1.25648e-07 0.561993 1.3012
0.3665 1.00001 1.20286 1.26436e-07 0.561858 1.30141
0.3675 0.999949 1.20292 1.27308e-07 0.561671 1.3017
0.3685 0.999872 1.20305 1.28266e-07 0.561415 1.30209
0.3695 0.999775 1.20326 1.29313e-07 0.561068 1.30263
0.3705 0.999655 1.20358 1.30449e-07 0.560601 1.30335
0.3715 0.999504 1.20404 1.31676e-07 0.559978 1.30432
0.3725 0.999317 1.2047 1.32996e-07 0.559155 1.30559
0.3735 0.999086 1.2056 1.3441e-07 0.558079 1.30725
0.3745 0.998804 1.2068 1.35919e-07 0.556688 1.30939
0.3755 0.998465 1.20837 1.37525e-07 0.55491 1.31213
0.3765 0.998066 1.2104 1.39231e-07 0.552666 1.31559
0.3775 0.997605 1.21297 1.41039e-07 0.549872 1.31989
0.3785 0.997087 1.21616 1.42951e-07 0.546449 1.32517
0.3795 0.996525 1.22005 1.4497e-07 0.542322 1.33154
0.3805 0.995938 1.2247 1.47094e-07 0.537442 1.33907
0.3815 0.995354 1.23014 1.49321e-07 0.531785 1.34783
0.3825 0.994811 1.23637 1.51642e-07 0.525373 1.35777
0.3835 0.994345 1.24333 1.54043e-07 0.518274 1.36882
0.3845 0.993996 1.25093 1.56504e-07 0.510609 1.38078
0.3855 0.993792 1.259 1.58996e-07 0.502543 1.39343
0.3865 0.993753 1.26737 1.61488e-07 0.494275 1.40644
0.3875 0.99388 1.27581 1.63943e-07 0.486019 1.41949
0.3885 0.994164 1.28412 1.66326e-07 0.477982 1.43225
0.3895 0.994579 1.29209 1.68602e-07 0.47035 1.44442
0.3905 0.995093 1.29956 1.70743e-07 0.46327 1.45576
0.3915 0.995671 1.30642 1.72725e-07 0.456846 1.46608
0.3925 0.996279 1.31257 1.74534e-07 0.451137 1.47529
0.3935 0.996887 1.31799 1.76162e-07 0.446158 1.48333
0.3945 0.997472 1.32268 1.77608e-07 0.441895 1.49024
0.3955 0.998015 1.32667 1.78877e-07 0.438306 1.49606
0.3965 0.998507 1.33001 1.79978e-07 0.435331 1.50089
0.3975 0.998942 1.33276 1.80922e-07 0.432905 1.50483
0.3985 0.999319 1.33501 1.81725e-07 0.430956 1.508
0.3995 0.999641 1.33681 1.824e-07 0.429415 1.51051
0.4005 0.99991 1.33824 1.82963e-07 0.428216 1.51246
0.4015 1.00013 1.33935 1.83429e-07 0.427299 1.51394
0.4025 1.00031 1.34021 1.8381e-07 0.426611 1.51506
0.4035 1.00046 1.34086 1.8412e-07 0.426107 1.51587
0.4045 1.00057 1.34135 1.84369e-07 0.425748 1.51645
0.4055 1.00066 1.34171 1.84569e-07 0.425501 1.51685
0.4065 1.00073 1.34197 1.84727e-07 0.425341 1.51711
0.4075 1.00079 1.34215 1.84852e-07 0.425244 1.51726
0.4085 1.00083 1.34227 1.84949e-07 0.425194 1.51734
0.4095 1.00086 1.34235 1.85024e-07 0.425178 1.51736
0.4105 1.00088 1.3424 1.85081e-07 0.425185 1.51735
0.4115 1.0009 1.34243 1.85125e-07 0.425207 1.51731
0.4125 1.00091 1.34245 1.85159e-07 0.425238 1.51726
0.4135 1.00092 1.34245 1.85184e-07 0.425275 1.51721
0.4145 1.00092 1.34245 1.85202e-07 0.425313 1.51714
0.4155 1.00093 1.34245 1.85216e-07 0.425351 1.51708
0.4165 1.00093 1.34244 1.85226e-07 0.425387 1.51703
0.4175 1.00094 1.34244 1.85234e-07 0.425421 1.51697
0.4185 1.00094 1.34244 1.8524e-07 0.425451 1.51693
0.4195 1.00094 1.34243 1.85244e-07 0.425479 1.51688
0.4205 1.00095 1.34243 1.85247e-07 0.425504 1.51685
0.4215 1.00095 1.34244 1.8525e-07 0.425525 1.51681
0.4225 1.00096 1.34244 1.85252e-07 0.425544 1.51678
0.4235 1.00096 1.34244 1.85254e-07 0.42556 1.51676
0.4245 1.00097 1.34245 1.85256e-07 0.425574 1.51674
0.4255 1.00097 1.34245 1.85257e-07 0.425585 1.51673
0.4265 1.00098 1.34246 1.85259e-07 0.425595 1.51671
0.4275 1.00098 1.34247 1.8526e-07 0.425603 1.5167
0.4285 1.00099 1.34248 1.85262e-07 0.42561 1.51669
0.4295 1.00099 1.34249 1.85263e-07 0.425616 1.51669
0.4305 1.001 1.3425 1.85265e-07 0.42562 1.51668
0.4315 1.00101 1.34251 1.85266e-07 0.425624 1.51668
0.4325 1.00102 1.34252 1.85268e-07 0.425627 1.51668
0.4335 1.00102 1.34253 1.85269e-07 0.425629 1.51668
0.4345 1.00103 1.34254 1.85271e-07 0.425631 1.51667
0.4355 1.00104 1.34255 1.85272e-07 0.425633 1.51668
0.4365 1.00105 1.34256 1.85274e-07 0.425634 1.51668
0.4375 1.00106 1.34257 1.85275e-07 0.425635 1.51668
0.4385 1.00107 1.34258 1.85277e-07 0.425636 1.51668
0.4395 1.00107 1.34259 1.85279e-07 0.425636 1.51668
0.4405 1.00108 1.3426 1.85281e-07 0.425637 1.51668
0.4415 1.00109 1.34261 1.85286e-07 0.425637 1.51669
0.4425 1.0011 1.34262 1.85296e-07 0.425638 1.51669
0.4435 1.00111 1.34263 1.8532e-07 0.425638 1.51669
0.4445 1.00112 1.34264 1.85377e-07 0.425638 1.51669
0.4455 1.00114 1.34265 1.85512e-07 0.425639 1.5167
0.4465 1.00115 1.34265 1.85823e-07 0.425639 1.5167
0.4475 1.00116 1.34266 1.86527e-07 0.425639 1.5167
0.4485 1.00117 1.34267 1.88082e-07 0.425639 1.5167
0.4495 1.00118 1.34268 1.91437e-07 0.425639 1.51671
0.4505 1.00119 1.34268 1.98502e-07 0.425639 1.51671
0.4515 1.00121 1.34269 2.13042e-07 0.425639 1.51672
0.4525 1.00122 1.3427 2.4228e-07 0.425638 1.51672
0.4535 1.00123 1.34271 2.99757e-07 0.425636 1.51673
0.4545 1.00125 1.34272 4.10262e-07 0.425633 1.51674
0.4555 1.00126 1.34273 6.1812e-07 0.425628 1.51675
0.4565 1.00127 1.34274 1.00078e-06 0.425621 1.51677
0.4575 1.00128 1.34275 1.69049e-06 0.425611 1.51679
0.4585 1.00128 1.34276 2.90801e-06 0.425596 1.51682
0.4595 1.00128 1.34277 5.01373e-06 0.425576 1.51686
0.4605 1.00127 1.34278 8.58291e-06 0.425547 1.51692
0.4615 1.00125 1.34278 1.45138e-05 0.425507 1.51699
0.4625 1.0012 1.34277 2.41787e-05 0.425454 1.51709
0.4635 1.00112 1.34273 3.96282e-05 0.425383 1.51722
0.4645 1.00098 1.34265 6.38616e-05 0.42529 1.51739
0.4655 1.00077 1.34249 0.00010117 0.42517 1.51761
0.4665 1.00045 1.34223 0.000157564 0.425017 1.51788
0.4675 0.999967 1.3418 0.000241277 0.424824 1.51822
0.4685 0.999265 1.34113 0.000363347 0.424585 1.51864
0.4695 0.998262 1.34011 0.000538251 0.424293 1.51915
0.4705 0.996855 1.33862 0.000784551 0.42394 1.51977
0.4715 0.994914 1.33647 0.00112552 0.42352 1.5205
0.4725 0.992283 1.33347 0.00158968 0.423028 1.52135
0.4735 0.988773 1.32936 0.0022111 0.42246 1.52233
0.4745 0.984166 1.32384 0.00302956 0.421813 1.52344
0.4755 0.978215 1.31657 0.0040902 0.421088 1.52467
0.4765 0.970648 1.30716 0.00544284 0.420287 1.52603
0.4775 0.961173 1.29521 0.00714077 0.419417 1.52749
0.4785 0.949491 1.28028 0.00923895 0.418485 1.52904
0.4795 0.935306 1.26196 0.0117917 0.417501 1.53066
0.4805 0.918338 1.23983 0.0148501 0.416479 1.53232
0.4815 0.898343 1.21355 0.0184585 0.415431 1.534
0.4825 0.875128 1.18283 0.0226517 0.414371 1.53567
0.4835 0.848569 1.14749 0.0274517 0.413314 1.5373
0.4845 0.818628 1.10745 0.0328645 0.412271 1.53887
0.4855 0.785361 1.0628 0.0388785 0.411253 1.54036
0.4865 0.74893 1.01374 0.0454625 0.41027 1.54176
0.4875 0.709603 0.960661 0.0525661 0.409328 1.54304
0.4885 0.667754 0.90407 0.0601201 0.40843 1.54421
0.4895 0.623845 0.844617 0.0680386 0.407581 1.54527
0.4905 0.57842 0.783053 0.0762222 0.40678 1.54621
0.4915 0.532076 0.720209 0.0845616 0.406026 1.54704
0.4925 0.485443 0.656957 0.0929428 0.405318 1.54776
0.4935 0.439158 0.594173 0.101251 0.404653 1.54839
0.4945 0.393836 0.532705 0.109375 0.404028 1.54893
0.4955 0.350048 0.473334 0.117215 0.40344 1.54939
0.4965 0.308302 0.416752 0.124679 0.402884 1.54979
0.4975 0.269021 0.363536 0.131693 0.402358 1.55012
0.4985 0.232538 0.314135 0.1382 0.401859 1.55039
0.4995 0.199088 0.268862 0.14416 0.401383 1.55063
0.5005 0.168807 0.2279 0.149549 0.400928 1.55082
0.5015 0.141739 0.191302 0.154362 0.400492 1.55098
0.5025 0.117844 0.159008 0.158606 0.400071 1.55111
0.5035 0.0970092 0.130864 0.162304 0.399665 1.55122
0.5045 0.0790649 0.106633 0.165487 0.39927 1.55131
0.5055 0.0637969 0.086024 0.168193 0.398887 1.55138
0.5065 0.0509618 0.0687043 0.170467 0.398513 1.55144
0.5075 0.0403 0.0543216 0.172355 0.398148 1.55148
0.5085 0.0315481 0.0425182 0.173903 0.39779 1.55152
0.5095 0.0244479 0.0329446 0.175159 0.397439 1.55155
0.5105 0.0187545 0.0252695 0.176165 0.397093 1.55156
0.5115 0.0142418 0.019187 0.176963 0.396754 1.55157
0.5125 0.0107058 0.0144218 0.177587 0.396419 1.55158
0.5135 0.00796664 0.0107308 0.17807 0.396089 1.55158
0.5145 0.00586859 0.00790406 0.178439 0.395764 1.55157
0.5155 0.0042796 0.00576343 0.178718 0.395442 1.55156
0.5165 0.00308953 0.00416039 0.178927 0.395125 1.55154
0.5175 0.00220809 0.00297317 0.179081 0.394811 1.55152
0.5185 0.0015624 0.00210356 0.179192 0.394501 1.55149
0.5195 0.00109456 0.00147354 0.179272 0.394194 1.55146
0.5205 0.00075926 0.00102203 0.179329 0.393891 1.55143
0.5215 0.000521534 0.00070195 0.179368 0.393591 1.55139
0.5225 0.000354793 0.000477465 0.179394 0.393294 1.55134
0.5235 0.000239085 0.000321699 0.179411 0.393 1.5513
0.5245 0.000159638 0.00021476 0.179421 0.39271 1.55125
0.5255 0.000105663 0.000142115 0.179427 0.392422 1.5512
0.5265 6.93754e-05 9.32808e-05 0.179429 0.392138 1.55114
0.5275 4.52328e-05 6.0795e-05 0.179429 0.391856 1.55108
0.5285 2.93362e-05 3.94076e-05 0.179427 0.391578 1.55102
0.5295 1.89766e-05 2.54716e-05 0.179424 0.391302 1.55095
0.5305 1.22942e-05 1.64838e-05 0.17942 0.39103 1.55089
0.5315 8.02757e-06 1.0746e-05 0.179416 0.39076 1.55082
0.5325 5.33084e-06 7.12004e-06 0.179411 0.390493 1.55074
0.5335 3.64346e-06 4.85165e-06 0.179406 0.39023 1.55067
0.5345 2.59819e-06 3.44671e-06 0.179401 0.389969 1.55059
0.5355 1.9571e-06 2.58519e-06 0.179395 0.389712 1.55051
0.5365 1.56779e-06 2.06211e-06 0.179389 0.389457 1.55043
0.5375 1.33369e-06 1.74763e-06 0.179383 0.389206 1.55035
0.5385 1.1943e-06 1.56041e-06 0.179378 0.388958 1.55027
0.5395 1.11211e-06 1.45002e-06 0.179371 0.388713 1.55019
0.5405 1.06412e-06 1.38555e-06 0.179365 0.388471 1.5501
0.5415 1.03636e-06 1.34826e-06 0.179359 0.388233 1.55001
0.5425 1.02046e-06 1.32688e-06 0.179353 0.387998 1.54993
0.5435 1.01143e-06 1.31474e-06 0.179347 0.387767 1.54984
0.5445 1.00636e-06 1.30789e-06 0.17934 0.387539 1.54975
0.5455 1.00354e-06 1.30406e-06 0.179334 0.387314 1.54966
0.5465 1.00199e-06 1.30193e-06 0.179327 0.387094 1.54958
0.5475 1.00114e-06 1.30074e-06 0.179321 0.386877 1.54949
0.5485 1.00068e-06 1.30008e-06 0.179315 0.386664 1.5494
0.5495 1.00043e-06 1.2997e-06 0.179308 0.386454 1.54931
0.5505 1.0003e-06 1.29948e-06 0.179302 0.386249 1.54922
0.5515 1.00023e-06 1.29934e-06 0.179296 0.386047 1.54914
0.5525 1.00019e-06 1.29925e-06 0.179289 0.38585 1.54905
0.5535 1.00018e-06 1.29918e-06 0.179283 0.385657 1.54897
0.5545 1.00017e-06 1.29912e-06 0.179277 0.385468 1.54888
0.5555 1.00016e-06 1.29907e-06 0.179271 0.385283 1.5488
0.5565 1.00016e-06 1.29903e-06 0.179265 0.385103 1.54871
0.5575 1.00016e-06 1.29898e-06 0.179259 0.384927 1.54863
0.5585 1.00016e-06 1.29894e-06 0.179253 0.384756 1.54855
0.5595 1.00016e-06 1.2989e-06 0.179248 0.384589 1.54848
0.5605 1.00016e-06 1.29886e-06 0.179242 0.384426 1.5484
0.5615 1.00016e-06 1.29882e-06 0.179236 0.384269 1.54832
0.5625 1.00016e-06 1.29878e-06 0.179231 0.384115 1.54825
0.5635 1.00016e-06 1.29874e-06 0.179226 0.383967 1.54818
0.5645 1.00016e-06 1.2987e-06 0.179221 0.383823 1.54811
0.5655 1.00016e-06 1.29866e-06 0.179216 0.383683 1.54804
0.5665 1.00016e-06 1.29863e-06 0.179211 0.383549 1.54798
0.5675 1.00016e-06 1.2986e-06 0.179206 0.383419 1.54791
0.5685 1.00016e-06 1.29856e-06 0.179201 0.383293 1.54785
0.5695 1.00016e-06 1.29853e-06 0.179197 0.383172 1.54779
0.5705 1.00016e-06 1.2985e-06 0.179193 0.383056 1.54773
0.5715 1.00017e-06 1.29847e-06 0.179189 0.382945 1.54768
0.5725 1.00017e-06 1.29844e-06 0.179185 0.382837 1.54762
0.5735 1.00017e-06 1.29841e-06 0.179181 0.382735 1.54757
0.5745 1.00017e-06 1.29839e-06 0.179177 0.382636 1.54752
0.5755 1.00017e-06 1.29836e-06 0.179174 0.382542 1.54747
0.5765 1.00017e-06 1.29834e-06 0.17917 0.382452 1.54743
0.5775 1.00017e-06 1.29831e-06 0.179167 0.382367 1.54739
0.5785 1.00017e-06 1.29829e-06 0.179164 0.382285 1.54735
0.5795 1.00017e-06 1.29827e-06 0.179161 0.382208 1.54731
0.5805 1.00017e-06 1.29825e-06 0.179158 0.382134 1.54727
0.5815 1.00017e-06 1.29823e-06 0.179155 0.382064 1.54724
0.5825 1.00017e-06 1.29821e-06 0.179153 0.381998 1.5472
0.5835 1.00017e-06 1.29819e-06 0.17915 0.381935 1.54717
0.5845 1.00017e-06 1.29818e-06 0.179148 0.381876 1.54714
0.5855 1.00017e-06 1.29816e-06 0.179146 0.38182 1.54711
0.5865 1.00017e-06 1.29814e-06 0.179144 0.381767 1.54709
0.5875 1.00017e-06 1.29813e-06 0.179142 0.381718 1.54706
0.5885 1.00017e-06 1.29812e-06 0.17914 0.381671 1.54704
0.5895 1.00017e-06 1.2981e-06 0.179138 0.381628 1.54702
0.5905 1.00017e-06 1.29809e-06 0.179136 0.381587 1.547
0.5915 1.00017e-06 1.29808e-06 0.179135 0.381548 1.54698
0.5925 1.00017e-06 1.29807e-06 0.179133 0.381512 1.54697
0.5935 1.00017e-06 1.29806e-06 0.179132 0.381479 1.54695
0.5945 1.00017e-06 1.29805e-06 0.17913 0.381448 1.54693
0.5955 1.00017e-06 1.29804e-06 0.179129 0.381418 1.54692
0.5965 1.00018e-06 1.29803e-06 0.179128 0.381391 1.54691
0.5975 1.00018e-06 1.29802e-06 0.179127 0.381366 1.5469
0.5985 1.00018e-06 1.29801e-06 0.179126 0.381343 1.54689
0.5995 1.00018e-06 1.29801e-06 0.179125 0.381321 1.54688
0.6005 1.00018e-06 1.298e-06 0.179124 0.381301 1.54687
0.6015 1.00018e-06 1.29799e-06 0.179123 0.381282 1.54686
0.6025 1.00018e-06 1.29799e-06 0.179122 0.381265 1.54685
0.6035 1.00018e-06 1.29798e-06 0.179122 0.381249 1.54685
0.6045 1.00018e-06 1.29798e-06 0.179121 0.381234 1.54684
0.6055 1.00018e-06 1.29797e-06 0.17912 0.38122 1.54684
0.6065 1.00018e-06 1.29797e-06 0.17912 0.381207 1.54683
0.6075 1.00018e-06 1.29797e-06 0.179119 0.381196 1.54683
0.6085 1.00018e-06 1.29796e-06 0.179119 0.381185 1.54682
0.6095 1.00019e-06 1.29796e-06 0.179118 0.381175 1.54682
0.6105 1.00021e-06 1.29799e-06 0.179118 0.381166 1.54682
0.6115 1.00031e-06 1.29812e-06 0.179117 0.381157 1.54681
0.6125 1.00071e-06 1.29868e-06 0.179117 0.381149 1.54681
0.6135 1.00228e-06 1.30086e-06 0.179116 0.381142 1.54681
0.6145 1.0079e-06 1.30864e-06 0.179116 0.381135 1.54681
0.6155 1.02663e-06 1.33453e-06 0.179115 0.381129 1.5468
0.6165 1.08504e-06 1.41514e-06 0.179115 0.381123 1.5468
0.6175 1.25603e-06 1.65072e-06 0.179114 0.381117 1.5468
0.6185 1.72768e-06 2.29942e-06 0.179114 0.381112 1.5468
0.6195 2.95722e-06 3.98775e-06 0.179113 0.381108 1.5468
0.6205 5.99485e-06 8.15233e-06 0.179112 0.381103 1.5468
0.6215 1.31248e-05 1.79129e-05 0.17911 0.381099 1.5468
0.6225 2.90608e-05 3.96977e-05 0.179107 0.381095 1.5468
0.6235 6.3048e-05 8.60964e-05 0.179101 0.381092 1.5468
0.6245 0.000132345 0.000180579 0.179088 0.381088 1.54679
0.6255 0.000267655 0.000364845 0.179063 0.381085 1.54679
0.6265 0.000521085 0.000709581 0.179017 0.381082 1.54679
0.6275 0.000977063 0.00132918 0.178935 0.381079 1.54679
0.6285 0.00176625 0.00240053 0.178794 0.381076 1.54679
0.6295 0.00308186 0.00418489 0.178559 0.381073 1.54679
0.6305 0.00519676 0.00705104 0.178182 0.381071 1.54679
0.6315 0.00847895 0.0114959 0.177598 0.381068 1.54679
0.6325 0.0134015 0.018158 0.176724 0.381066 1.54679
0.6335 0.0205431 0.0278184 0.175455 0.381064 1.54679
0.6345 0.0305748 0.0413824 0.173675 0.381061 1.54679
0.6355 0.04423 0.0598404 0.171253 0.381059 1.54679
0.6365 0.0622569 0.0842032 0.168057 0.381057 1.54679
0.6375 0.0853544 0.115417 0.163962 0.381055 1.54679
0.6385 0.114098 0.154265 0.158866 0.381053 1.54679
0.6395 0.148864 0.201261 0.152701 0.381051 1.54679
0.6405 0.189759 0.256561 0.145445 0.38105 1.54679
0.6415 0.23657 0.319891 0.137136 0.381048 1.54679
0.6425 0.288743 0.390519 0.127867 0.381046 1.54679
0.6435 0.34539 0.467262 0.117793 0.381045 1.54679
0.6445 0.405341 0.548551 0.107119 0.381043 1.54679
0.6455 0.467212 0.632529 0.0960888 0.381042 1.54679
0.6465 0.529509 0.71718 0.0849664 0.381041 1.54679
0.6475 0.590733 0.800476 0.0740178 0.381039 1.54679
0.6485 0.649485 0.88052 0.0634924 0.381039 1.54679
0.6495 0.704562 0.955666 0.053607 0.381038 1.54679
0.6505 0.755017 1.02462 0.0445327 0.381037 1.54679
0.6515 0.800202 1.08647 0.0363889 0.381037 1.54679
0.6525 0.839775 1.14074 0.0292408 0.381036 1.54679
0.6535 0.873678 1.18732 0.0231024 0.381036 1.54679
0.6545 0.902102 1.22646 0.0179437 0.381036 1.54679
0.6555 0.925428 1.25864 0.0136995 0.381036 1.54679
0.6565 0.944172 1.28457 0.0102803 0.381036 1.5468
0.6575 0.958923 1.30503 0.00758216 0.381036 1.5468
0.6585 0.970297 1.32084 0.00549611 0.381036 1.5468
0.6595 0.97889 1.33283 0.00391555 0.381035 1.5468
0.6605 0.985254 1.34174 0.00274163 0.381035 1.5468
0.6615 0.989874 1.34824 0.00188676 0.381033 1.5468
0.6625 0.993164 1.35289 0.00127625 0.381031 1.54679
0.6635 0.995461 1.35615 0.000848567 0.381028 1.54679
0.6645 0.997034 1.3584 0.000554624 0.381023 1.54678
0.6655 0.998092 1.35993 0.000356377 0.381016 1.54677
0.6665 0.998789 1.36094 0.000225146 0.381007 1.54676
0.6675 0.999241 1.36161 0.00013987 0.380996 1.54674
0.6685 0.999527 1.36203 8.54645e-05 0.380981 1.54671
0.6695 0.999706 1.3623 5.13788e-05 0.380961 1.54668
0.6705 0.999816 1.36246 3.04054e-05 0.380937 1.54664
0.6715 0.999882 1.36255 1.77289e-05 0.380906 1.54659
0.6725 0.999921 1.3626 1.02019e-05 0.380869 1.54652
0.6735 0.999943 1.36261 5.81062e-06 0.380823 1.54645
0.6745 0.999956 1.36259 3.29315e-06 0.380767 1.54635
0.6755 0.999963 1.36255 1.8748e-06 0.3807 1.54624
0.6765 0.999967 1.36249 1.08936e-06 0.380619 1.5461
0.6775 0.999969 1.36241 6.61821e-07 0.380522 1.54593
0.6785 0.99997 1.36231 4.33029e-07 0.380407 1.54574
0.6795 0.999971 1.36218 3.12652e-07 0.38027 1.5455
0.6805 0.999971 1.36202 2.5037e-07 0.380109 1.54523
0.6815 0.999971 1.36184 2.18675e-07 0.37992 1.5449
0.6825 0.999971 1.36161 2.02802e-07 0.379698 1.54452
0.6835 0.999971 1.36135 1.94973e-07 0.379438 1.54408
0.6845 0.999971 1.36104 1.91159e-07 0.379135 1.54356
0.6855 0.999971 1.36067 1.89314e-07 0.378783 1.54296
0.6865 0.999971 1.36024 1.88414e-07 0.378375 1.54226
0.6875 0.999971 1.35975 1.87959e-07 0.377902 1.54145
0.6885 0.999971 1.35917 1.87704e-07 0.377357 1.54051
0.6895 0.999971 1.35851 1.87534e-07 0.376731 1.53944
0.6905 0.999971 1.35775 1.87395e-07 0.376013 1.53822
0.6915 0.999971 1.35687 1.8726e-07 0.375195 1.53682
0.6925 0.999971 1.35588 1.87117e-07 0.374266 1.53523
0.6935 0.999971 1.35476 1.86959e-07 0.373216 1.53344
0.6945 0.999971 1.3535 1.86785e-07 0.372038 1.53143
0.6955 0.999971 1.3521 1.8659e-07 0.370722 1.52919
0.6965 0.999972 1.35054 1.86375e-07 0.369265 1.52672
0.6975 0.999972 1.34883 1.86139e-07 0.367662 1.524
0.6985 0.999972 1.34697 1.85882e-07 0.365914 1.52103
0.6995 0.999972 1.34495 1.85604e-07 0.364025 1.51784
0.7005 0.999972 1.3428 1.85306e-07 0.362002 1.51442
0.7015 0.999972 1.34052 1.84991e-07 0.359857 1.51081
0.7025 0.999972 1.33813 1.84661e-07 0.357609 1.50703
0.7035 0.999972 1.33565 1.8432e-07 0.355276 1.50311
0.7045 0.999973 1.33311 1.8397e-07 0.352885 1.49911
0.7055 0.999973 1.33055 1.83616e-07 0.350462 1.49506
0.7065 0.999973 1.32799 1.83262e-07 0.348036 1.49102
0.7075 0.999973 1.32546 1.82913e-07 0.345638 1.48703
0.7085 0.999973 1.32299 1.82573e-07 0.343296 1.48315
0.7095 0.999973 1.32061 1.82245e-07 0.341037 1.47941
0.7105 0.999973 1.31835 1.81933e-07 0.338886 1.47586
0.7115 0.999973 1.31623 1.8164e-07 0.336863 1.47252
0.7125 0.999972 1.31426 1.81368e-07 0.334983 1.46943
0.7135 0.999972 1.31245 1.81119e-07 0.333258 1.4666
0.7145 0.999972 1.31082 1.80893e-07 0.331692 1.46403
0.7155 0.999972 1.30935 1.80691e-07 0.330288 1.46173
0.7165 0.999972 1.30805 1.80512e-07 0.329044 1.4597
0.7175 0.999972 1.30692 1.80355e-07 0.327952 1.45791
0.7185 0.999972 1.30593 1.80219e-07 0.327005 1.45637
0.7195 0.999972 1.30509 1.80102e-07 0.326193 1.45504
0.7205 0.999972 1.30437 1.80003e-07 0.325502 1.45392
0.7215 0.999972 1.30377 1.7992e-07 0.324921 1.45297
0.7225 0.999972 1.30326 1.79851e-07 0.324436 1.45218
0.7235 0.999972 1.30285 1.79794e-07 0.324037 1.45153
0.7245 0.999972 1.30251 1.79747e-07 0.32371 1.451
0.7255 0.999972 1.30224 1.79709e-07 0.323445 1.45057
0.7265 0.999972 1.30202 1.79679e-07 0.323232 1.45023
0.7275 0.999972 1.30185 1.79655e-07 0.323063 1.44995
0.7285 0.999972 1.30171 1.79636e-07 0.32293 1.44973
0.7295 0.999972 1.30161 1.79622e-07 0.322825 1.44956
0.7305 0.999972 1.30152 1.79611e-07 0.322744 1.44943
0.7315 0.999972 1.30146 1.79602e-07 0.322681 1.44933
0.7325 0.999972 1.30142 1.79596e-07 0.322634 1.44925
0.7335 0.999972 1.30138 1.79591e-07 0.322598 1.4492
0.7345 0.999972 1.30136 1.79587e-07 0.322571 1.44915
0.7355 0.999972 1.30134 1.79585e-07 0.322551 1.44912
0.7365 0.999972 1.30132 1.79583e-07 0.322536 1.4491
0.7375 0.999972 1.30132 1.79582e-07 0.322525 1.44908
0.7385 0.999972 1.30131 1.79581e-07 0.322517 1.44907
0.7395 0.999972 1.30131 1.7958e-07 0.322511 1.44906
0.7405 0.999972 1.3013 1.7958e-07 0.322507 1.44905
0.7415 0.999972 1.3013 1.7958e-07 0.322504 1.44905
0.7425 0.999972 1.3013 1.7958e-07 0.322502 1.44904
0.7435 0.999972 1.3013 1.7958e-07 0.3225 1.44904
0.7445 0.999972 1.3013 1.7958e-07 0.322499 1.44904
0.7455 0.999972 1.30131 1.7958e-07 0.322499 1.44904
0.7465 0.999972 1.30131 1.79581e-07 0.322498 1.44904
0.7475 0.999973 1.30131 1.79581e-07 0.322498 1.44904
0.7485 0.999973 1.30131 1.79581e-07 0.322497 1.44904
0.7495 0.999973 1.30131 1.79581e-07 0.322497 1.44904
0.7505 0.999973 1.30131 1.79582e-07 0.322497 1.44904
0.7515 0.999973 1.30132 1.79582e-07 0.322497 1.44904
0.7525 0.999973 1.30132 1.79582e-07 0.322497 1.44904
0.7535 0.999973 1.30132 1.79582e-07 0.322496 1.44904
0.7545 0.999973 1.30132 1.79582e-07 0.322496 1.44904
0.7555 0.999973 1.30132 1.79582e-07 0.322495 1.44904
0.7565 0.999973 1.30132 1.79583e-07 0.322494 1.44903
0.7575 0.999973 1.30132 1.79583e-07 0.322492 1.44903
0.7585 0.999973 1.30132 1.79582e-07 0.32249 1.44903
0.7595 0.999973 1.30132 1.79582e-07 0.322486 1.44902
0.7605 0.999973 1.30131 1.79582e-07 0.322481 1.44901
0.7615 0.999973 1.30131 1.79581e-07 0.322472 1.449
0.7625 0.999973 1.3013 1.79579e-07 0.32246 1.44898
0.7635 0.999973 1.30128 1.79577e-07 0.322443 1.44895
0.7645 0.999973 1.30125 1.79573e-07 0.322417 1.44891
0.7655 0.999973 1.30121 1.79568e-07 0.322379 1.44885
0.7665 0.999973 1.30116 1.7956e-07 0.322324 1.44876
0.7675 0.999973 1.30108 1.79549e-07 0.322246 1.44863
0.7685 0.999973 1.30096 1.79533e-07 0.322134 1.44845
0.7695 0.999973 1.3008 1.79511e-07 0.321975 1.44819
0.7705 0.999973 1.30057 1.79478e-07 0.321749 1.44783
0.7715 0.999973 1.30023 1.79433e-07 0.321429 1.44731
0.7725 0.999973 1.29977 1.79368e-07 0.320978 1.44658
0.7735 0.999973 1.29911 1.79277e-07 0.320346 1.44555
0.7745 0.999973 1.29819 1.7915e-07 0.319462 1.44412
0.7755 0.999973 1.29691 1.78974e-07 0.31823 1.44212
0.7765 0.999974 1.29514 1.78729e-07 0.316522 1.43936
0.7775 0.999974 1.29269 1.78392e-07 0.314164 1.43556
0.7785 0.999976 1.28935 1.7793e-07 0.310928 1.43035
0.7795 0.999978 1.28479 1.77302e-07 0.306516 1.42327
0.7805 0.999982 1.27867 1.76456e-07 0.300555 1.41376
0.7815 0.999989 1.27052 1.75331e-07 0.292589 1.40113
0.7825 1 1.25985 1.7386e-07 0.282098 1.38464
0.7835 1.00002 1.24619 1.71974e-07 0.268539 1.36357
0.7845 1.00005 1.22914 1.69622e-07 0.251439 1.3374
0.7855 1.00008 1.20859 1.66786e-07 0.230542 1.306
0.7865 1.00012 1.18483 1.63507e-07 0.205991 1.26993
0.7875 1.00015 1.15871 1.59902e-07 0.178503 1.23058
0.7885 1.00017 1.1316 1.56161e-07 0.149418 1.19012
0.7895 1.00017 1.1052 1.52517e-07 0.120527 1.1511
0.7905 1.00015 1.08111 1.49193e-07 0.093679 1.11586
0.7915 1.00011 1.06048 1.46346e-07 0.0703216 1.08597
0.7925 1.00007 1.04381 1.44045e-07 0.0512013 1.06202
0.7935 1.00004 1.03098 1.42276e-07 0.0363516 1.04372
0.7945 1.00002 1.02151 1.40968e-07 0.025302 1.03028
0.7955 1.00001 1.01472 1.40031e-07 0.0173481 1.02068
0.7965 1.00001 1.00997 1.39375e-07 0.0117624 1.01399
0.7975 1 1.0067 1.38924e-07 0.00790958 1.00939
0.7985 1 1.00447 1.38617e-07 0.00528615 1.00627
0.7995 1 1.00297 1.3841e-07 0.00351628 1.00417
0.8005 0.999999 1.00197 1.38272e-07 0.00233026 1.00276
0.8015 0.999999 1.0013 1.3818e-07 0.00153948 1.00182
0.8025 0.999999 1.00086 1.38118e-07 0.00101428 1.0012
0.8035 0.999999 1.00056 1.38078e-07 0.000666572 1.00079
0.8045 0.999999 1.00037 1.38051e-07 0.000437005 1.00052
0.8055 0.999999 1.00024 1.38033e-07 0.000285817 1.00034
0.8065 0.999999 1.00016 1.38022e-07 0.000186485 1.00022
0.8075 0.999999 1.0001 1.38014e-07 0.000121375 1.00014
0.8085 0.999999 1.00007 1.38009e-07 7.87971e-05 1.00009
0.8095 0.999999 1.00004 1.38006e-07 5.10214e-05 1.00006
0.8105 0.999999 1.00003 1.38004e-07 3.29469e-05 1.00004
0.8115 0.999999 1.00002 1.38002e-07 2.12155e-05 1.00003
0.8125 0.999999 1.00001 1.38002e-07 1.36217e-05 1.00002
0.8135 0.999999 1.00001 1.38001e-07 8.71968e-06 1.00001
0.8145 0.999999 1 1.38001e-07 5.5645e-06 1.00001
0.8155 0.999999 1 1.38e-07 3.53971e-06 1
0.8165 0.999999 1 1.38e-07 2.24434e-06 1
0.8175 0.999999 1 1.38e-07 1.41825e-06 1
0.8185 0.999999 1 1.38e-07 8.93162e-07 1
0.8195 0.999999 0.999999 1.38e-07 5.60516e-07 1
0.8205 0.999999 0.999999 1.38e-07 3.50508e-07 1
0.8215 0.999999 0.999999 1.38e-07 2.18391e-07 1
0.8225 0.999999 0.999999 1.38e-07 1.35573e-07 1
0.8235 0.999999 0.999999 1.38e-07 8.38487e-08 1
0.8245 0.999999 0.999999 1.38e-07 5.16632e-08 1
0.8255 0.999999 0.999999 1.38e-07 3.17112e-08 1
0.8265 0.999999 0.999999 1.38e-07 1.939e-08 1
0.8275 0.999999 0.999999 1.38e-07 1.18104e-08 1
0.8285 0.999999 0.999999 1.38e-07 7.16582e-09 1
0.8295 0.999999 0.999999 1.38e-07 4.33087e-09 1
0.8305 0.999999 0.999999 1.38e-07 2.60729e-09 1
0.8315 0.999999 0.999999 1.38e-07 1.56354e-09 1
0.8325 0.999999 0.999999 1.38e-07 9.33974e-10 1
0.8335 0.999999 0.999999 1.38e-07 5.55743e-10 1
0.8345 0.999999 0.999999 1.38e-07 3.29409e-10 1
0.8355 0.999999 0.999999 1.38e-07 1.94505e-10 1
0.8365 0.999999 0.999999 1.38e-07 1.14413e-10 1
0.8375 0.999999 0.999999 1.38e-07 6.70482e-11 1
0.8385 0.999999 0.999999 1.38e-07 3.91461e-11 1
0.8395 0.999999 0.999999 1.38e-07 2.2772e-11 1
0.8405 0.999999 0.999999 1.38e-07 1.31997e-11 1
0.8415 0.999999 0.999999 1.38e-07 7.6243e-12 1
0.8425 0.999999 0.999999 1.38e-07 4.38881e-12 1
0.8435 0.999999 0.999999 1.38e-07 2.51796e-12 1
0.8445 0.999999 0.999999 1.38e-07 1.43994e-12 1
0.8455 0.999999 0.999999 1.38e-07 8.20851e-13 1
0.8465 0.999999 0.999999 1.38e-07 4.66474e-13 1
0.8475 0.999999 0.999999 1.38e-07 2.64355e-13 1
0.8485 0.999999 0.999999 1.38e-07 1.49396e-13 1
0.8495 0.999999 0.999999 1.38e-07 8.40966e-14 1
0.8505 0.999999 0.999999 1.38e-07 4.71245e-14 1
0.8515 0.999999 0.999999 1.38e-07 2.64493e-14 1
0.8525 0.999999 0.999999 1.38e-07 1.47513e-14 1
0.8535 0.999999 0.999999 1.38e-07 8.22736e-15 1
0.8545 0.999999 0.999999 1.38e-07 4.50346e-15 1
0.8555 0.999999 0.999999 1.38e-07 2.41269e-15 1
0.8565 0.999999 0.999999 1.38e-07 1.24239e-15 1
0.8575 0.999999 0.999999 1.38e-07 6.73982e-16 1
0.8585 0.999999 0.999999 1.38e-07 2.49835e-16 1
0.8595 0.999999 0.999999 1.38e-07 1.7171e-18 1
0.8605 0.999999 0.999999 1.38e-07 0 1
0.8615 0.999999 0.999999 1.38e-07 0 1
0.8625 0.999999 0.999999 1.38e-07 0 1
0.8635 0.999999 0.999999 1.38e-07 0 1
0.8645 0.999999 0.999999 1.38e-07 0 1
0.8655 0.999999 0.999999 1.38e-07 0 1
0.8665 0.999999 0.999999 1.38e-07 0 1
0.8675 0.999999 0.999999 1.38e-07 0 1
0.8685 0.999999 0.999999 1.38e-07 0 1
0.8695 0.999999 0.999999 1.38e-07 0 1
0.8705 0.999999 0.999999 1.38e-07 0 1
0.8715 0.999999 0.999999 1.38e-07 0 1
0.8725 0.999999 0.999999 1.38e-07 0 1
0.8735 0.999999 0.999999 1.38e-07 0 1
0.8745 0.999999 0.999999 1.38e-07 0 1
0.8755 0.999999 0.999999 1.38e-07 0 1
0.8765 0.999999 0.999999 1.38e-07 0 1
0.8775 0.999999 0.999999 1.38e-07 0 1
0.8785 0.999999 0.999999 1.38e-07 0 1
0.8795 0.999999 0.999999 1.38e-07 0 1
0.8805 0.999999 0.999999 1.38e-07 0 1
0.8815 0.999999 0.999999 1.38e-07 0 1
0.8825 0.999999 0.999999 1.38e-07 0 1
0.8835 0.999999 0.999999 1.38e-07 0 1
0.8845 0.999999 0.999999 1.38e-07 0 1
0.8855 0.999999 0.999999 1.38e-07 0 1
0.8865 0.999999 0.999999 1.38e-07 0 1
0.8875 0.999999 0.999999 1.38e-07 0 1
0.8885 0.999999 0.999999 1.38e-07 0 1
0.8895 0.999999 0.999999 1.38e-07 0 1
0.8905 0.999999 0.999999 1.38e-07 0 1
0.8915 0.999999 0.999999 1.38e-07 0 1
0.8925 0.999999 0.999999 1.38e-07 0 1
0.8935 0.999999 0.999999 1.38e-07 0 1
0.8945 0.999999 0.999999 1.38e-07 0 1
0.8955 0.999999 0.999999 1.38e-07 0 1
0.8965 0.999999 0.999999 1.38e-07 0 1
0.8975 0.999999 0.999999 1.38e-07 0 1
0.8985 0.999999 0.999999 1.38e-07 0 1
0.8995 0.999999 0.999999 1.38e-07 0 1
0.9005 0.999999 0.999999 1.38e-07 0 1
0.9015 0.999999 0.999999 1.38e-07 0 1
0.9025 0.999999 0.999999 1.38e-07 0 1
0.9035 0.999999 0.999999 1.38e-07 0 1
0.9045 0.999999 0.999999 1.38e-07 0 1
0.9055 0.999999 0.999999 1.38e-07 0 1
0.9065 0.999999 0.999999 1.38e-07 0 1
0.9075 0.999999 0.999999 1.38e-07 0 1
0.9085 0.999999 0.999999 1.38e-07 0 1
0.9095 0.999999 0.999999 1.38e-07 0 1
0.9105 0.999999 0.999999 1.38e-07 0 1
0.9115 0.999999 0.999999 1.38e-07 0 1
0.9125 0.999999 0.999999 1.38e-07 0 1
0.9135 0.999999 0.999999 1.38e-07 0 1
0.9145 0.999999 0.999999 1.38e-07 0 1
0.9155 0.999999 0.999999 1.38e-07 0 1
0.9165 0.999999 0.999999 1.38e-07 0 1
0.9175 0.999999 0.999999 1.38e-07 0 1
0.9185 0.999999 0.999999 1.38e-07 0 1
0.9195 0.999999 0.999999 1.38e-07 0 1
0.9205 0.999999 0.999999 1.38e-07 0 1
0.9215 0.999999 0.999999 1.38e-07 0 1
0.9225 0.999999 0.999999 1.38e-07 0 1
0.9235 0.999999 0.999999 1.38e-07 0 1
0.9245 0.999999 0.999999 1.38e-07 0 1
0.9255 0.999999 0.999999 1.38e-07 0 1
0.9265 0.999999 0.999999 1.38e-07 0 1
0.9275 0.999999 0.999999 1.38e-07 0 1
0.9285 0.999999 0.999999 1.38e-07 0 1
0.9295 0.999999 0.999999 1.38e-07 0 1
0.9305 0.999999 0.999999 1.38e-07 0 1
0.9315 0.999999 0.999999 1.38e-07 0 1
0.9325 0.999999 0.999999 1.38e-07 0 1
0.9335 0.999999 0.999999 1.38e-07 0 1
0.9345 0.999999 0.999999 1.38e-07 0 1
0.9355 0.999999 0.999999 1.38e-07 0 1
0.9365 0.999999 0.999999 1.38e-07 0 1
0.9375 0.999999 0.999999 1.38e-07 0 1
0.9385 0.999999 0.999999 1.38e-07 0 1
0.9395 0.999999 0.999999 1.38e-07 0 1
0.9405 0.999999 0.999999 1.38e-07 0 1
0.9415 0.999999 0.999999 1.38e-07 0 1
0.9425 0.999999 0.999999 1.38e-07 0 1
0.9435 0.999999 0.999999 1.38e-07 0 1
0.9445 0.999999 0.999999 1.38e-07 0 1
0.9455 0.999999 0.999999 1.38e-07 0 1
0.9465 0.999999 0.999999 1.38e-07 0 1
0.9475 0.999999 0.999999 1.38e-07 0 1
0.9485 0.999999 0.999999 1.38e-07 0 1
0.9495 0.999999 0.999999 1.38e-07 0 1
0.9505 0.999999 0.999999 1.38e-07 0 1
0.9515 0.999999 0.999999 1.38e-07 0 1
0.9525 0.999999 0.999999 1.38e-07 0 1
0.9535 0.999999 0.999999 1.38e-07 0 1
0.9545 0.999999 0.999999 1.38e-07 0 1
0.9555 0.999999 0.999999 1.38e-07 0 1
0.9565 0.999999 0.999999 1.38e-07 0 1
0.9575 0.999999 0.999999 1.38e-07 0 1
0.9585 0.999999 0.999999 1.38e-07 0 1
0.9595 0.999999 0.999999 1.38e-07 0 1
0.9605 0.999999 0.999999 1.38e-07 0 1
0.9615 0.999999 0.999999 1.38e-07 0 1
0.9625 0.999999 0.999999 1.38e-07 0 1
0.9635 0.999999 0.999999 1.38e-07 0 1
0.9645 0.999999 0.999999 1.38e-07 0 1
0.9655 0.999999 0.999999 1.38e-07 0 1
0.9665 0.999999 0.999999 1.38e-07 0 1
0.9675 0.999999 0.999999 1.38e-07 0 1
0.9685 0.999999 0.999999 1.38e-07 0 1
0.9695 0.999999 0.999999 1.38e-07 0 1
0.9705 0.999999 0.999999 1.38e-07 0 1
0.9715 0.999999 0.999999 1.38e-07 0 1
0.9725 0.999999 0.999999 1.38e-07 0 1
0.9735 0.999999 0.999999 1.38e-07 0 1
0.9745 0.999999 0.999999 1.38e-07 0 1
0.9755 0.999999 0.999999 1.38e-07 0 1
0.9765 0.999999 0.999999 1.38e-07 0 1
0.9775 0.999999 0.999999 1.38e-07 0 1
0.9785 0.999999 0.999999 1.38e-07 0 1
0.9795 0.999999 0.999999 1.38e-07 0 1
0.9805 0.999999 0.999999 1.38e-07 0 1
0.9815 0.999999 0.999999 1.38e-07 0 1
0.9825 0.999999 0.999999 1.38e-07 0 1
0.9835 0.999999 0.999999 1.38e-07 0 1
0.9845 0.999999 0.999999 1.38e-07 0 1
0.9855 0.999999 0.999999 1.38e-07 0 1
0.9865 0.999999 0.999999 1.38e-07 0 1
0.9875 0.999999 0.999999 1.38e-07 0 1
0.9885 0.999999 0.999999 1.38e-07 0 1
0.9895 0.999999 0.999999 1.38e-07 0 1
0.9905 0.999999 0.999999 1.38e-07 0 1
0.9915 0.999999 0.999999 1.38e-07 0 1
0.9925 0.999999 0.999999 1.38e-07 0 1
0.9935 0.999999 0.999999 1.38e-07 0 1
0.9945 0.999999 0.999999 1.38e-07 0 1
0.9955 0.999999 0.999999 1.38e-07 0 1
0.9965 0.999999 0.999999 1.38e-07 0 1
0.9975 0.999999 0.999999 1.38e-07 0 1
0.9985 0.999999 0.999999 1.38e-07 0 1
0.9995 0.999999 0.999999 1.38e-07 0 1
