x alpha rho1 rho2 v p
0.0005 1.00042 1.3761 1.3796e-07 0.395163 1.56911
0.0015 1.00041 1.3761 1.3796e-07 0.395164 1.5691
0.0025 1.0004 1.37609 1.37959e-07 0.395165 1.5691
0.0035 1.00038 1.37609 1.37959e-07 0.395165 1.5691
0.0045 1.00036 1.37608 1.37958e-07 0.395165 1.56911
0.0055 1.00034 1.37608 1.37958e-07 0.395163 1.56911
0.0065 1.00031 1.37607 1.37957e-07 0.395161 1.56912
0.0075 1.00029 1.37606 1.37956e-07 0.395158 1.56912
0.0085 1.00026 1.37606 1.37956e-07 0.395155 1.56913
0.0095 1.00023 1.37605 1.37955e-07 0.39515 1.56914
0.0105 1.00021 1.37605 1.37955e-07 0.395146 1.56915
0.0115 1.00018 1.37605 1.37955e-07 0.39514 1.56916
0.0125 1.00015 1.37604 1.37954e-07 0.395134 1.56917
0.0135 1.00013 1.37604 1.37954e-07 0.395128 1.56919
0.0145 1.00011 1.37604 1.37954e-07 0.395121 1.5692
0.0155 1.00009 1.37604 1.37955e-07 0.395114 1.56922
0.0165 1.00007 1.37605 1.37955e-07 0.395107 1.56923
0.0175 1.00006 1.37605 1.37955e-07 0.3951 1.56925
0.0185 1.00005 1.37606 1.37956e-07 0.395092 1.56927
0.0195 1.00004 1.37606 1.37956e-07 0.395084 1.56928
0.0205 1.00003 1.37607 1.37957e-07 0.395077 1.5693
0.0215 1.00002 1.37608 1.37958e-07 0.395069 1.56932
0.0225 1.00001 1.37609 1.37959e-07 0.395061 1.56933
0.0235 1.00001 1.3761 1.3796e-07 0.395053 1.56935
0.0245 1 1.3761 1.3796e-07 0.395046 1.56937
0.0255 1 1.37611 1.37961e-07 0.395038 1.56938
0.0265 0.999999 1.37612 1.37962e-07 0.395031 1.5694
0.0275 0.999998 1.37613 1.37963e-07 0.395023 1.56942
0.0285 0.999996 1.37614 1.37964e-07 0.395016 1.56943
0.0295 0.999995 1.37615 1.37965e-07 0.39501 1.56945
0.0305 0.999995 1.37616 1.37966e-07 0.395003 1.56947
0.0315 0.999994 1.37617 1.37967e-07 0.394997 1.56948
0.0325 0.999994 1.37618 1.37968e-07 0.39499 1.5695
0.0335 0.999994 1.37619 1.37969e-07 0.394985 1.56951
0.0345 0.999994 1.3762 1.3797e-07 0.394979 1.56952
0.0355 0.999994 1.37621 1.37971e-07 0.394974 1.56954
0.0365 0.999994 1.37622 1.37972e-07 0.394968 1.56955
0.0375 0.999994 1.37622 1.37972e-07 0.394964 1.56956
0.0385 0.999994 1.37623 1.37973e-07 0.394959 1.56958
0.0395 0.999995 1.37624 1.37974e-07 0.394955 1.56959
0.0405 0.999995 1.37625 1.37975e-07 0.39495 1.5696
0.0415 0.999995 1.37625 1.37975e-07 0.394946 1.56961
0.0425 0.999995 1.37626 1.37976e-07 0.394943 1.56962
0.0435 0.999995 1.37627 1.37977e-07 0.394939 1.56963
0.0445 0.999995 1.37627 1.37977e-07 0.394936 1.56964
0.0455 0.999996 1.37628 1.37978e-07 0.394933 1.56965
0.0465 0.999996 1.37628 1.37979e-07 0.39493 1.56966
0.0475 0.999996 1.37629 1.37979e-07 0.394927 1.56967
0.0485 0.999996 1.3763 1.3798e-07 0.394924 1.56968
0.0495 0.999996 1.3763 1.3798e-07 0.394922 1.56969
0.0505 0.999996 1.37631 1.37981e-07 0.394919 1.5697
0.0515 0.999996 1.37631 1.37981e-07 0.394917 1.5697
0.0525 0.999996 1.37632 1.37982e-07 0.394915 1.56971
0.0535 0.999997 1.37632 1.37982e-07 0.394913 1.56972
0.0545 0.999997 1.37633 1.37983e-07 0.394911 1.56972
0.0555 0.999997 1.37633 1.37983e-07 0.394909 1.56973
0.0565 0.999997 1.37633 1.37983e-07 0.394907 1.56974
0.0575 0.999997 1.37634 1.37984e-07 0.394905 1.56974
0.0585 0.999997 1.37634 1.37984e-07 0.394904 1.56975
0.0595 0.999997 1.37635 1.37985e-07 0.394902 1.56976
0.0605 0.999997 1.37635 1.37985e-07 0.394901 1.56976
0.0615 0.999997 1.37635 1.37985e-07 0.394899 1.56977
0.0625 0.999997 1.37636 1.37986e-07 0.394898 1.56977
0.0635 0.999997 1.37636 1.37986e-07 0.394897 1.56978
0.0645 0.999997 1.37636 1.37986e-07 0.394895 1.56978
0.0655 0.999997 1.37637 1.37987e-07 0.394894 1.56979
0.0665 0.999997 1.37637 1.37987e-07 0.394893 1.56979
0.0675 0.999998 1.37637 1.37987e-07 0.394892 1.5698
0.0685 0.999998 1.37637 1.37988e-07 0.39489 1.5698
0.0695 0.999998 1.37638 1.37988e-07 0.394889 1.56981
0.0705 0.999998 1.37638 1.37988e-07 0.394888 1.56981
0.0715 0.999998 1.37638 1.37988e-07 0.394887 1.56981
0.0725 0.999998 1.37638 1.37989e-07 0.394886 1.56982
0.0735 0.999998 1.37639 1.37989e-07 0.394885 1.56982
0.0745 0.999998 1.37639 1.37989e-07 0.394884 1.56983
0.0755 0.999998 1.37639 1.37989e-07 0.394883 1.56983
0.0765 0.999998 1.37639 1.37989e-07 0.394882 1.56983
0.0775 0.999998 1.3764 1.3799e-07 0.394881 1.56984
0.0785 0.999998 1.3764 1.3799e-07 0.39488 1.56984
0.0795 0.999998 1.3764 1.3799e-07 0.394879 1.56984
0.0805 0.999998 1.3764 1.3799e-07 0.394878 1.56984
0.0815 0.999998 1.3764 1.3799e-07 0.394877 1.56985
0.0825 0.999998 1.3764 1.37991e-07 0.394877 1.56985
0.0835 0.999998 1.37641 1.37991e-07 0.394876 1.56985
0.0845 0.999998 1.37641 1.37991e-07 0.394875 1.56986
0.0855 0.999998 1.37641 1.37991e-07 0.394874 1.56986
0.0865 0.999998 1.37641 1.37991e-07 0.394873 1.56986
0.0875 0.999998 1.37641 1.37991e-07 0.394872 1.56986
0.0885 0.999998 1.37641 1.37992e-07 0.394871 1.56987
0.0895 0.999998 1.37642 1.37992e-07 0.394871 1.56987
0.0905 0.999998 1.37642 1.37992e-07 0.39487 1.56987
0.0915 0.999998 1.37642 1.37992e-07 0.394869 1.56987
0.0925 0.999998 1.37642 1.37992e-07 0.394868 1.56987
0.0935 0.999998 1.37642 1.37992e-07 0.394868 1.56988
0.0945 0.999998 1.37642 1.37992e-07 0.394867 1.56988
0.0955 0.999998 1.37642 1.37992e-07 0.394866 1.56988
0.0965 0.999998 1.37642 1.37993e-07 0.394865 1.56988
0.0975 0.999998 1.37643 1.37993e-07 0.394864 1.56988
0.0985 0.999998 1.37643 1.37993e-07 0.394864 1.56988
0.0995 0.999998 1.37643 1.37993e-07 0.394863 1.56989
0.1005 0.999998 1.37643 1.37993e-07 0.394862 1.56989
0.1015 0.999998 1.37643 1.37993e-07 0.394862 1.56989
0.1025 0.999998 1.37643 1.37993e-07 0.394861 1.56989
0.1035 0.999998 1.37643 1.37993e-07 0.39486 1.56989
0.1045 0.999998 1.37643 1.37993e-07 0.39486 1.56989
0.1055 0.999998 1.37643 1.37993e-07 0.394859 1.5699
0.1065 0.999998 1.37643 1.37993e-07 0.394858 1.5699
0.1075 0.999998 1.37643 1.37994e-07 0.394858 1.5699
0.1085 0.999998 1.37644 1.37994e-07 0.394857 1.5699
0.1095 0.999998 1.37644 1.37994e-07 0.394856 1.5699
0.1105 0.999998 1.37644 1.37994e-07 0.394856 1.5699
0.1115 0.999998 1.37644 1.37994e-07 0.394855 1.5699
0.1125 0.999999 1.37644 1.37994e-07 0.394854 1.5699
0.1135 0.999999 1.37644 1.37994e-07 0.394854 1.56991
0.1145 0.999999 1.37644 1.37994e-07 0.394853 1.56991
0.1155 0.999999 1.37644 1.37994e-07 0.394853 1.56991
0.1165 0.999999 1.37644 1.37994e-07 0.394852 1.56991
0.1175 0.999999 1.37644 1.37994e-07 0.394852 1.56991
0.1185 0.999999 1.37644 1.37994e-07 0.394851 1.56991
0.1195 0.999999 1.37644 1.37994e-07 0.394851 1.56991
0.1205 0.999999 1.37644 1.37994e-07 0.39485 1.56991
0.1215 0.999999 1.37644 1.37995e-07 0.394849 1.56991
0.1225 0.999999 1.37644 1.37995e-07 0.394849 1.56991
0.1235 0.999999 1.37645 1.37995e-07 0.394848 1.56992
0.1245 0.999999 1.37645 1.37995e-07 0.394848 1.56992
0.1255 0.999999 1.37645 1.37995e-07 0.394847 1.56992
0.1265 0.999999 1.37645 1.37995e-07 0.394847 1.56992
0.1275 0.999999 1.37645 1.37995e-07 0.394847 1.56992
0.1285 0.999999 1.37645 1.37995e-07 0.394846 1.56992
0.1295 0.999999 1.37645 1.37995e-07 0.394846 1.56992
0.1305 0.999999 1.37645 1.37995e-07 0.394845 1.56992
0.1315 0.999999 1.37645 1.37995e-07 0.394845 1.56992
0.1325 0.999999 1.37645 1.37995e-07 0.394844 1.56992
0.1335 0.999999 1.37645 1.37995e-07 0.394844 1.56992
0.1345 0.999999 1.37645 1.37995e-07 0.394843 1.56992
0.1355 0.999999 1.37645 1.37995e-07 0.394843 1.56993
0.1365 0.999999 1.37645 1.37995e-07 0.394843 1.56993
0.1375 0.999999 1.37645 1.37995e-07 0.394842 1.56993
0.1385 0.999999 1.37645 1.37995e-07 0.394842 1.56993
0.1395 0.999999 1.37645 1.37995e-07 0.394841 1.56993
0.1405 0.999999 1.37645 1.37996e-07 0.394841 1.56993
0.1415 0.999999 1.37645 1.37996e-07 0.394841 1.56993
0.1425 0.999999 1.37645 1.37996e-07 0.39484 1.56993
0.1435 0.999999 1.37645 1.37996e-07 0.39484 1.56993
0.1445 0.999999 1.37646 1.37996e-07 0.39484 1.56993
0.1455 0.999999 1.37646 1.37996e-07 0.394839 1.56993
0.1465 0.999999 1.37646 1.37996e-07 0.394839 1.56993
0.1475 0.999999 1.37646 1.37996e-07 0.394839 1.56993
0.1485 0.999999 1.37646 1.37996e-07 0.394838 1.56993
0.1495 0.999999 1.37646 1.37996e-07 0.394838 1.56993
0.1505 0.999999 1.37646 1.37996e-07 0.394838 1.56993
0.1515 0.999999 1.37646 1.37996e-07 0.394837 1.56994
0.1525 0.999999 1.37646 1.37996e-07 0.394837 1.56994
0.1535 0.999999 1.37646 1.37996e-07 0.394837 1.56994
0.1545 0.999999 1.37646 1.37996e-07 0.394837 1.56994
0.1555 0.999999 1.37646 1.37996e-07 0.394836 1.56994
0.1565 0.999999 1.37646 1.37996e-07 0.394836 1.56994
0.1575 0.999999 1.37646 1.37996e-07 0.394836 1.56994
0.1585 0.999999 1.37646 1.37996e-07 0.394836 1.56994
0.1595 0.999999 1.37646 1.37996e-07 0.394835 1.56994
0.1605 0.999999 1.37646 1.37996e-07 0.394835 1.56994
0.1615 0.999999 1.37646 1.37996e-07 0.394835 1.56994
0.1625 0.999999 1.37646 1.37996e-07 0.394835 1.56994
0.1635 0.999999 1.37646 1.37996e-07 0.394835 1.56994
0.1645 0.999999 1.37646 1.37996e-07 0.394835 1.56994
0.1655 0.999999 1.37646 1.37996e-07 0.394835 1.56994
0.1665 0.999999 1.37646 1.37996e-07 0.394836 1.56994
0.1675 0.999999 1.37646 1.37996e-07 0.394836 1.56994
0.1685 1 1.37646 1.37996e-07 0.394837 1.56994
0.1695 1 1.37646 1.37996e-07 0.394838 1.56993
0.1705 1 1.37646 1.37996e-07 0.394839 1.56993
0.1715 1 1.37645 1.37996e-07 0.394841 1.56993
0.1725 1 1.37645 1.37995e-07 0.394843 1.56992
0.1735 1 1.37645 1.37995e-07 0.394846 1.56992
0.1745 1 1.37645 1.37995e-07 0.39485 1.56991
0.1755 1 1.37644 1.37994e-07 0.394854 1.5699
0.1765 1 1.37643 1.37994e-07 0.39486 1.56989
0.1775 1 1.37643 1.37993e-07 0.394867 1.56988
0.1785 1.00001 1.37642 1.37992e-07 0.394876 1.56987
0.1795 1.00001 1.37641 1.37991e-07 0.394887 1.56985
0.1805 1.00001 1.37639 1.37989e-07 0.3949 1.56982
0.1815 1.00001 1.37637 1.37988e-07 0.394916 1.56979
0.1825 1.00002 1.37635 1.37985e-07 0.394936 1.56976
0.1835 1.00002 1.37633 1.37983e-07 0.39496 1.56972
0.1845 1.00002 1.3763 1.3798e-07 0.394989 1.56966
0.1855 1.00003 1.37626 1.37976e-07 0.395023 1.5696
0.1865 1.00003 1.37622 1.37972e-07 0.395063 1.56953
0.1875 1.00004 1.37617 1.37967e-07 0.395112 1.56944
0.1885 1.00005 1.37611 1.37961e-07 0.395168 1.56934
0.1895 1.00005 1.37603 1.37953e-07 0.395235 1.56922
0.1905 1.00006 1.37595 1.37945e-07 0.395314 1.56909
0.1915 1.00007 1.37585 1.37935e-07 0.395405 1.56892
0.1925 1.00009 1.37574 1.37924e-07 0.39551 1.56874
0.1935 1.0001 1.37561 1.37911e-07 0.395633 1.56852
0.1945 1.00011 1.37546 1.37896e-07 0.395773 1.56827
0.1955 1.00013 1.37529 1.37879e-07 0.395934 1.56799
0.1965 1.00015 1.37509 1.37859e-07 0.396117 1.56766
0.1975 1.00017 1.37487 1.37837e-07 0.396326 1.56729
0.1985 1.00019 1.37462 1.37811e-07 0.396561 1.56687
0.1995 1.00022 1.37433 1.37783e-07 0.396827 1.56641
0.2005 1.00024 1.37401 1.37751e-07 0.397125 1.56588
0.2015 1.00027 1.37366 1.37715e-07 0.397458 1.56529
0.2025 1.0003 1.37326 1.37675e-07 0.397828 1.56464
0.2035 1.00033 1.37282 1.37631e-07 0.398239 1.56392
0.2045 1.00037 1.37233 1.37582e-07 0.398693 1.56312
0.2055 1.0004 1.3718 1.37529e-07 0.399192 1.56224
0.2065 1.00044 1.37121 1.3747e-07 0.399738 1.56129
0.2075 1.00048 1.37057 1.37406e-07 0.400336 1.56024
0.2085 1.00053 1.36987 1.37336e-07 0.400985 1.5591
0.2095 1.00057 1.36912 1.3726e-07 0.40169 1.55787
0.2105 1.00062 1.3683 1.37178e-07 0.402451 1.55654
0.2115 1.00066 1.36742 1.3709e-07 0.403271 1.55511
0.2125 1.00071 1.36648 1.36995e-07 0.40415 1.55358
0.2135 1.00076 1.36547 1.36894e-07 0.405092 1.55194
0.2145 1.00081 1.36439 1.36786e-07 0.406096 1.5502
0.2155 1.00086 1.36325 1.36671e-07 0.407163 1.54834
0.2165 1.00092 1.36203 1.3655e-07 0.408295 1.54638
0.2175 1.00097 1.36075 1.36421e-07 0.409491 1.54431
0.2185 1.00102 1.3594 1.36286e-07 0.410753 1.54214
0.2195 1.00108 1.35798 1.36143e-07 0.412079 1.53985
0.2205 1.00113 1.35649 1.35994e-07 0.413471 1.53745
0.2215 1.00118 1.35493 1.35838e-07 0.414926 1.53495
0.2225 1.00123 1.35331 1.35675e-07 0.416446 1.53234
0.2235 1.00129 1.35162 1.35506e-07 0.418028 1.52963
0.2245 1.00134 1.34986 1.3533e-07 0.419673 1.52682
0.2255 1.00139 1.34804 1.35147e-07 0.421378 1.52391
0.2265 1.00144 1.34616 1.34959e-07 0.423142 1.52091
0.2275 1.00149 1.34422 1.34764e-07 0.424965 1.51781
0.2285 1.00153 1.34222 1.34564e-07 0.426844 1.51463
0.2295 1.00158 1.34017 1.34358e-07 0.428777 1.51135
0.2305 1.00162 1.33806 1.34146e-07 0.430763 1.508
0.2315 1.00167 1.3359 1.3393e-07 0.4328 1.50457
0.2325 1.00171 1.33369 1.33708e-07 0.434886 1.50106
0.2335 1.00175 1.33143 1.33482e-07 0.437018 1.49748
0.2345 1.00179 1.32913 1.33251e-07 0.439196 1.49384
0.2355 1.00183 1.32679 1.33016e-07 0.441415 1.49013
0.2365 1.00186 1.3244 1.32777e-07 0.443675 1.48637
0.2375 1.0019 1.32198 1.32534e-07 0.445972 1.48255
0.2385 1.00193 1.31953 1.32288e-07 0.448306 1.47868
0.2395 1.00196 1.31704 1.32039e-07 0.450672 1.47476
0.2405 1.00199 1.31453 1.31787e-07 0.453069 1.47081
0.2415 1.00202 1.31198 1.31532e-07 0.455495 1.46681
0.2425 1.00204 1.30942 1.31275e-07 0.457947 1.46279
0.2435 1.00206 1.30683 1.31015e-07 0.460423 1.45873
0.2445 1.00209 1.30423 1.30754e-07 0.46292 1.45465
0.2455 1.00211 1.3016 1.30491e-07 0.465436 1.45055
0.2465 1.00212 1.29897 1.30227e-07 0.467968 1.44643
0.2475 1.00214 1.29632 1.29962e-07 0.470514 1.44231
0.2485 1.00215 1.29367 1.29696e-07 0.473072 1.43817
0.2495 1.00217 1.29101 1.2943e-07 0.475639 1.43403
0.2505 1.00218 1.28835 1.29163e-07 0.478212 1.42989
0.2515 1.00218 1.28569 1.28896e-07 0.480789 1.42576
0.2525 1.00219 1.28303 1.28629e-07 0.483368 1.42163
0.2535 1.00219 1.28038 1.28363e-07 0.485946 1.41751
0.2545 1.0022 1.27773 1.28098e-07 0.48852 1.41342
0.2555 1.0022 1.2751 1.27834e-07 0.491087 1.40934
0.2565 1.00219 1.27247 1.27571e-07 0.493646 1.40529
0.2575 1.00219 1.26987 1.2731e-07 0.496193 1.40127
0.2585 1.00218 1.26728 1.2705e-07 0.498725 1.39728
0.2595 1.00217 1.26471 1.26793e-07 0.50124 1.39333
0.2605 1.00216 1.26217 1.26538e-07 0.503736 1.38942
0.2615 1.00215 1.25965 1.26286e-07 0.506208 1.38555
0.2625 1.00213 1.25717 1.26037e-07 0.508655 1.38174
0.2635 1.00211 1.25471 1.25791e-07 0.511074 1.37797
0.2645 1.00209 1.2523 1.25548e-07 0.513461 1.37427
0.2655 1.00207 1.24992 1.25309e-07 0.515814 1.37063
0.2665 1.00204 1.24758 1.25075e-07 0.518129 1.36706
0.2675 1.00201 1.24528 1.24845e-07 0.520405 1.36355
0.2685 1.00198 1.24303 1.24619e-07 0.522637 1.36013
0.2695 1.00195 1.24083 1.24398e-07 0.524823 1.35678
0.2705 1.00191 1.23868 1.24183e-07 0.52696 1.35351
0.2715 1.00187 1.23658 1.23973e-07 0.529045 1.35033
0.2725 1.00183 1.23455 1.23769e-07 0.531076 1.34724
0.2735 1.00178 1.23257 1.2357e-07 0.53305 1.34424
0.2745 1.00174 1.23065 1.23378e-07 0.534963 1.34135
0.2755 1.00169 1.2288 1.23192e-07 0.536814 1.33855
0.2765 1.00164 1.22701 1.23013e-07 0.538601 1.33585
0.2775 1.00159 1.22529 1.22841e-07 0.540321 1.33326
0.2785 1.00153 1.22365 1.22676e-07 0.541972 1.33078
0.2795 1.00148 1.22207 1.22518e-07 0.543552 1.32841
0.2805 1.00142 1.22056 1.22367e-07 0.545061 1.32616
0.2815 1.00137 1.21913 1.22223e-07 0.546497 1.32401
0.2825 1.00131 1.21778 1.22087e-07 0.547859 1.32198
0.2835 1.00125 1.21649 1.21959e-07 0.549147 1.32007
0.2845 1.00119 1.21529 1.21838e-07 0.55036 1.31826
0.2855 1.00113 1.21415 1.21724e-07 0.551499 1.31658
0.2865 1.00107 1.21309 1.21618e-07 0.552564 1.315
0.2875 1.00101 1.21211 1.21519e-07 0.553556 1.31353
0.2885 1.00096 1.21119 1.21427e-07 0.554477 1.31217
0.2895 1.0009 1.21034 1.21342e-07 0.555327 1.31092
0.2905 1.00085 1.20957 1.21264e-07 0.55611 1.30977
0.2915 1.0008 1.20885 1.21193e-07 0.556827 1.30871
0.2925 1.00075 1.2082 1.21127e-07 0.557481 1.30775
0.2935 1.0007 1.20761 1.21068e-07 0.558074 1.30688
0.2945 1.00066 1.20708 1.21015e-07 0.55861 1.3061
0.2955 1.00061 1.20659 1.20966e-07 0.559092 1.30539
0.2965 1.00058 1.20616 1.20923e-07 0.559524 1.30476
0.2975 1.00054 1.20578 1.20885e-07 0.559908 1.3042
0.2985 1.0005 1.20544 1.20851e-07 0.560248 1.30371
0.2995 1.00047 1.20514 1.20821e-07 0.560548 1.30327
0.3005 1.00045 1.20488 1.20794e-07 0.560811 1.30289
0.3015 1.00042 1.20465 1.20771e-07 0.561041 1.30255
0.3025 1.0004 1.20445 1.20751e-07 0.56124 1.30226
0.3035 1.00038 1.20428 1.20734e-07 0.561412 1.30201
0.3045 1.00036 1.20413 1.20719e-07 0.56156 1.3018
0.3055 1.00034 1.204 1.20707e-07 0.561686 1.30162
0.3065 1.00033 1.2039 1.20696e-07 0.561793 1.30146
0.3075 1.00032 1.2038 1.20687e-07 0.561884 1.30133
0.3085 1.00031 1.20373 1.20679e-07 0.56196 1.30122
0.3095 1.0003 1.20366 1.20672e-07 0.562024 1.30113
0.3105 1.00029 1.20361 1.20667e-07 0.562077 1.30105
0.3115 1.00029 1.20356 1.20663e-07 0.562121 1.30099
0.3125 1.00028 1.20353 1.20659e-07 0.562157 1.30093
0.3135 1.00028 1.2035 1.20656e-07 0.562187 1.30089
0.3145 1.00027 1.20347 1.20653e-07 0.562212 1.30086
0.3155 1.00027 1.20345 1.20651e-07 0.562231 1.30083
0.3165 1.00027 1.20344 1.2065e-07 0.562247 1.3008
0.3175 1.00027 1.20342 1.20648e-07 0.56226 1.30079
0.3185 1.00027 1.20341 1.20647e-07 0.562271 1.30077
0.3195 1.00026 1.2034 1.20647e-07 0.562279 1.30076
0.3205 1.00026 1.2034 1.20646e-07 0.562285 1.30075
0.3215 1.00026 1.20339 1.20645e-07 0.562291 1.30074
0.3225 1.00026 1.20339 1.20645e-07 0.562295 1.30073
0.3235 1.00026 1.20338 1.20644e-07 0.562298 1.30073
0.3245 1.00027 1.20338 1.20644e-07 0.562301 1.30073
0.3255 1.00027 1.20338 1.20644e-07 0.562303 1.30072
0.3265 1.00027 1.20338 1.20644e-07 0.562305 1.30072
0.3275 1.00027 1.20338 1.20644e-07 0.562306 1.30072
0.3285 1.00027 1.20337 1.20644e-07 0.562307 1.30072
0.3295 1.00027 1.20337 1.20643e-07 0.562308 1.30071
0.3305 1.00027 1.20337 1.20643e-07 0.562309 1.30071
0.3315 1.00027 1.20337 1.20643e-07 0.56231 1.30071
0.3325 1.00027 1.20337 1.20643e-07 0.56231 1.30071
0.3335 1.00027 1.20337 1.20643e-07 0.562311 1.30071
0.3345 1.00027 1.20337 1.20643e-07 0.562311 1.30071
0.3355 1.00027 1.20337 1.20643e-07 0.562311 1.30071
0.3365 1.00027 1.20337 1.20643e-07 0.562312 1.30071
0.3375 1.00028 1.20337 1.20643e-07 0.562312 1.30071
0.3385 1.00028 1.20337 1.20644e-07 0.562312 1.30071
0.3395 1.00028 1.20337 1.20644e-07 0.562313 1.30071
0.3405 1.00028 1.20337 1.20645e-07 0.562313 1.30071
0.3415 1.00028 1.20337 1.20646e-07 0.562313 1.30071
0.3425 1.00028 1.20336 1.20647e-07 0.562313 1.30071
0.3435 1.00028 1.20336 1.20649e-07 0.562312 1.30071
0.3445 1.00028 1.20336 1.20652e-07 0.562312 1.30071
0.3455 1.00028 1.20336 1.20655e-07 0.562311 1.30071
0.3465 1.00028 1.20336 1.2066e-07 0.562309 1.30071
0.3475 1.00028 1.20336 1.20667e-07 0.562307 1.30072
0.3485 1.00028 1.20337 1.20676e-07 0.562303 1.30072
0.3495 1.00028 1.20337 1.20689e-07 0.562297 1.30073
0.3505 1.00028 1.20337 1.20705e-07 0.562288 1.30074
0.3515 1.00027 1.20338 1.20727e-07 0.562275 1.30076
0.3525 1.00027 1.20339 1.20755e-07 0.562256 1.30079
0.3535 1.00026 1.20341 1.20791e-07 0.562229 1.30084
0.3545 1.00025 1.20344 1.20837e-07 0.562191 1.30089
0.3555 1.00023 1.20347 1.20896e-07 0.562138 1.30098
0.3565 1.00021 1.20353 1.20971e-07 0.562063 1.30109
0.3575 1.00018 1.20361 1.21065e-07 0.56196 1.30125
0.3585 1.00014 1.20372 1.21181e-07 0.561818 1.30147
0.3595 1.00009 1.20388 1.21326e-07 0.561625 1.30177
0.3605 1.00003 1.20409 1.21503e-07 0.561364 1.30218
0.3615 0.99994 1.20439 1.21719e-07 0.561014 1.30272
0.3625 0.99983 1.20479 1.21982e-07 0.560549 1.30344
0.3635 0.999691 1.20532 1.22299e-07 0.559934 1.30438
0.3645 0.999516 1.20603 1.22678e-07 0.559131 1.30562
0.3655 0.999298 1.20696 1.23131e-07 0.558091 1.30723
0.3665 0.999033 1.20816 1.23667e-07 0.556756 1.30928
0.3675 0.998713 1.2097 1.24299e-07 0.555062 1.31189
0.3685 0.998335 1.21165 1.2504e-07 0.552938 1.31517
0.3695 0.997897 1.21407 1.25903e-07 0.550307 1.31922
0.3705 0.997405 1.21706 1.26901e-07 0.547094 1.32417
0.3715 0.996866 1.22068 1.28047e-07 0.543232 1.33013
0.3725 0.996298 1.22499 1.29352e-07 0.538667 1.33717
0.3735 0.995725 1.23002 1.30824e-07 0.533373 1.34536
0.3745 0.995177 1.23578 1.32469e-07 0.527358 1.35469
0.3755 0.99469 1.24224 1.34287e-07 0.520672 1.36508
0.3765 0.994298 1.24932 1.36269e-07 0.513411 1.3764
0.3775 0.994031 1.25688 1.38404e-07 0.505713 1.38845
0.3785 0.993911 1.26478 1.40673e-07 0.497753 1.40096
0.3795 0.993946 1.27281 1.43052e-07 0.489723 1.41363
0.3805 0.994131 1.28079 1.45511e-07 0.481818 1.42616
0.3815 0.994449 1.28853 1.48022e-07 0.47422 1.43825
0.3825 0.994875 1.29586 1.50554e-07 0.467079 1.44966
0.3835 0.995377 1.30266 1.53077e-07 0.460512 1.46019
0.3845 0.995924 1.30883 1.55567e-07 0.454592 1.46972
0.3855 0.996488 1.31433 1.58e-07 0.449355 1.47817
0.3865 0.997044 1.31915 1.60356e-07 0.444801 1.48553
0.3875 0.997574 1.3233 1.62619e-07 0.440905 1.49184
0.3885 0.998065 1.32683 1.64777e-07 0.437623 1.49716
0.3895 0.998509 1.32978 1.66821e-07 0.434898 1.50159
0.3905 0.998903 1.33222 1.68742e-07 0.432666 1.50521
0.3915 0.999246 1.33422 1.70537e-07 0.430863 1.50814
0.3925 0.999542 1.33584 1.72203e-07 0.429427 1.51047
0.3935 0.999792 1.33713 1.73739e-07 0.4283 1.5123
0.3945 1 1.33816 1.75147e-07 0.427428 1.51371
0.3955 1.00018 1.33897 1.7643e-07 0.426765 1.51478
0.3965 1.00032 1.3396 1.7759e-07 0.42627 1.51557
0.3975 1.00044 1.34009 1.78632e-07 0.425909 1.51615
0.3985 1.00053 1.34048 1.79564e-07 0.425654 1.51656
0.3995 1.0006 1.34077 1.8039e-07 0.42548 1.51684
0.4005 1.00066 1.341 1.81119e-07 0.425367 1.51701
0.4015 1.00071 1.34118 1.81757e-07 0.425301 1.51712
0.4025 1.00075 1.34132 1.82312e-07 0.425268 1.51716
0.4035 1.00078 1.34143 1.82791e-07 0.425259 1.51717
0.4045 1.0008 1.34152 1.83203e-07 0.425267 1.51716
0.4055 1.00082 1.3416 1.83555e-07 0.425285 1.51713
0.4065 1.00083 1.34166 1.83852e-07 0.42531 1.51708
0.4075 1.00084 1.34172 1.84103e-07 0.425338 1.51704
0.4085 1.00085 1.34177 1.84313e-07 0.425367 1.51699
0.4095 1.00086 1.34182 1.84488e-07 0.425396 1.51694
0.4105 1.00087 1.34186 1.84632e-07 0.425424 1.5169
0.4115 1.00087 1.3419 1.84751e-07 0.425449 1.51686
0.4125 1.00088 1.34194 1.84848e-07 0.425473 1.51682
0.4135 1.00088 1.34197 1.84927e-07 0.425494 1.51679
0.4145 1.00088 1.34201 1.84991e-07 0.425512 1.51676
0.4155 1.00089 1.34204 1.85042e-07 0.425529 1.51673
0.4165 1.00089 1.34207 1.85084e-07 0.425543 1.51671
0.4175 1.0009 1.3421 1.85117e-07 0.425555 1.5167
0.4185 1.0009 1.34213 1.85144e-07 0.425565 1.51668
0.4195 1.0009 1.34216 1.85165e-07 0.425574 1.51667
0.4205 1.00091 1.34219 1.85183e-07 0.425582 1.51666
0.4215 1.00091 1.34222 1.85196e-07 0.425588 1.51665
0.4225 1.00092 1.34224 1.85208e-07 0.425593 1.51665
0.4235 1.00092 1.34227 1.85217e-07 0.425598 1.51664
0.4245 1.00093 1.34229 1.85224e-07 0.425601 1.51664
0.4255 1.00094 1.34231 1.85231e-07 0.425604 1.51664
0.4265 1.00094 1.34233 1.85236e-07 0.425607 1.51664
0.4275 1.00095 1.34235 1.85241e-07 0.425609 1.51664
0.4285 1.00095 1.34237 1.85245e-07 0.42561 1.51664
0.4295 1.00096 1.34239 1.85248e-07 0.425612 1.51664
0.4305 1.00097 1.34241 1.85251e-07 0.425613 1.51664
0.4315 1.00097 1.34243 1.85254e-07 0.425614 1.51665
0.4325 1.00098 1.34244 1.85257e-07 0.425614 1.51665
0.4335 1.00099 1.34246 1.85259e-07 0.425615 1.51665
0.4345 1.001 1.34248 1.85261e-07 0.425616 1.51665
0.4355 1.001 1.34249 1.85264e-07 0.425616 1.51665
0.4365 1.00101 1.3425 1.85266e-07 0.425616 1.51666
0.4375 1.00102 1.34252 1.85268e-07 0.425616 1.51666
0.4385 1.00103 1.34253 1.85269e-07 0.425616 1.51666
0.4395 1.00104 1.34254 1.85271e-07 0.425616 1.51667
0.4405 1.00104 1.34256 1.85273e-07 0.425616 1.51667
0.4415 1.00105 1.34257 1.85275e-07 0.425615 1.51668
0.4425 1.00106 1.34258 1.85277e-07 0.425613 1.51668
0.4435 1.00107 1.34259 1.85281e-07 0.425611 1.51669
0.4445 1.00108 1.34261 1.85287e-07 0.425607 1.5167
0.4455 1.00109 1.34262 1.85299e-07 0.425602 1.51671
0.4465 1.00109 1.34264 1.85326e-07 0.425594 1.51673
0.4475 1.0011 1.34266 1.85389e-07 0.425583 1.51675
0.4485 1.00111 1.34268 1.8553e-07 0.425568 1.51678
0.4495 1.00112 1.34271 1.85846e-07 0.425548 1.51682
0.4505 1.00112 1.34275 1.86542e-07 0.42552 1.51687
0.4515 1.00112 1.3428 1.88039e-07 0.425484 1.51694
0.4525 1.00113 1.34285 1.91196e-07 0.425435 1.51702
0.4535 1.00113 1.34293 1.97707e-07 0.425372 1.51714
0.4545 1.00112 1.34302 2.1085e-07 0.42529 1.51728
0.4555 1.00112 1.34313 2.36816e-07 0.425186 1.51747
0.4565 1.00111 1.34327 2.87047e-07 0.425055 1.5177
0.4575 1.00109 1.34345 3.82217e-07 0.424893 1.51799
0.4585 1.00108 1.34366 5.58876e-07 0.424692 1.51834
0.4595 1.00105 1.34392 8.80262e-07 0.424449 1.51876
0.4605 1.00103 1.34422 1.45347e-06 0.424157 1.51927
0.4615 1.00099 1.34458 2.45607e-06 0.42381 1.51988
0.4625 1.00095 1.345 4.17641e-06 0.423404 1.52058
0.4635 1.0009 1.34548 7.0731e-06 0.422933 1.5214
0.4645 1.00084 1.34601 1.18607e-05 0.422396 1.52233
0.4655 1.00076 1.3466 1.96302e-05 0.421789 1.52338
0.4665 1.00065 1.34722 3.20133e-05 0.421113 1.52454
0.4675 1.00051 1.34787 5.14017e-05 0.420369 1.52583
0.4685 1.00031 1.3485 8.12309e-05 0.419561 1.52722
0.4695 1.00004 1.34908 0.000126335 0.418694 1.5287
0.4705 0.999649 1.34955 0.000193381 0.417777 1.53028
0.4715 0.999096 1.34983 0.000291369 0.416819 1.53192
0.4725 0.998316 1.34983 0.000432207 0.415829 1.53361
0.4735 0.997225 1.3494 0.000631306 0.41482 1.53533
0.4745 0.995714 1.3484 0.000908193 0.413804 1.53707
0.4755 0.993652 1.34662 0.00128705 0.412792 1.53879
0.4765 0.990877 1.34382 0.00179716 0.411795 1.54048
0.4775 0.987198 1.33975 0.00247311 0.410824 1.54212
0.4785 0.982396 1.33408 0.00335476 0.409887 1.5437
0.4795 0.976224 1.32646 0.00448679 0.408992 1.5452
0.4805 0.968413 1.31652 0.00591787 0.408144 1.54661
0.4815 0.958679 1.30387 0.00769929 0.407347 1.54793
0.4825 0.946733 1.28811 0.00988317 0.406603 1.54915
0.4835 0.932293 1.26884 0.0125202 0.405913 1.55026
0.4845 0.915099 1.24572 0.0156568 0.405277 1.55127
0.4855 0.894928 1.21844 0.0193326 0.404692 1.55218
0.4865 0.87161 1.18678 0.0235773 0.404157 1.55299
0.4875 0.845044 1.15061 0.0284078 0.403669 1.55371
0.4885 0.815212 1.10991 0.0338261 0.403224 1.55434
0.4895 0.782185 1.0648 0.0398175 0.402819 1.55488
0.4905 0.746134 1.01553 0.0463494 0.402451 1.55536
0.4915 0.707329 0.962465 0.0533715 0.402115 1.55576
0.4925 0.666131 0.906133 0.0608168 0.401808 1.55611
0.4935 0.622988 0.847153 0.0686033 0.401528 1.55639
0.4945 0.578414 0.786241 0.0766371 0.401271 1.55663
0.4955 0.532974 0.724179 0.0848156 0.401033 1.55683
0.4965 0.487262 0.661783 0.0930319 0.400813 1.55699
0.4975 0.441874 0.599873 0.101179 0.400609 1.55711
0.4985 0.397389 0.539239 0.109153 0.400417 1.55721
0.4995 0.354346 0.480614 0.116858 0.400237 1.55728
0.5005 0.313223 0.424648 0.12421 0.400066 1.55734
0.5015 0.274426 0.371888 0.131138 0.399904 1.55738
0.5025 0.238277 0.322765 0.137585 0.399748 1.5574
0.5035 0.205007 0.277587 0.143512 0.399598 1.55742
0.5045 0.174759 0.23654 0.148895 0.399453 1.55742
0.5055 0.147589 0.199694 0.153725 0.399312 1.55742
0.5065 0.123475 0.167011 0.158008 0.399174 1.55741
0.5075 0.102325 0.138362 0.161762 0.399039 1.5574
0.5085 0.0839929 0.113541 0.165012 0.398907 1.55738
0.5095 0.068287 0.0922862 0.167795 0.398776 1.55736
0.5105 0.0549859 0.0742932 0.17015 0.398646 1.55734
0.5115 0.0438501 0.0592347 0.17212 0.398518 1.55732
0.5125 0.0346326 0.0467742 0.173749 0.39839 1.55729
0.5135 0.0270886 0.0365791 0.175082 0.398263 1.55726
0.5145 0.0209832 0.0283302 0.176159 0.398136 1.55723
0.5155 0.0160967 0.0217296 0.177021 0.398009 1.55719
0.5165 0.0122287 0.0165059 0.177702 0.397882 1.55716
0.5175 0.00920042 0.0124169 0.178234 0.397756 1.55712
0.5185 0.00685517 0.00925072 0.178645 0.397629 1.55708
0.5195 0.00505847 0.00682544 0.17896 0.397501 1.55704
0.5205 0.00369674 0.00498754 0.179197 0.397373 1.557
0.5215 0.00267563 0.00360954 0.179374 0.397245 1.55695
0.5225 0.00191804 0.00258725 0.179504 0.397116 1.5569
0.5235 0.00136184 0.00183681 0.179598 0.396986 1.55685
0.5245 0.00095776 0.00129167 0.179666 0.396855 1.5568
0.5255 0.000667237 0.000899762 0.179713 0.396724 1.55675
0.5265 0.000460511 0.000620919 0.179745 0.396591 1.55669
0.5275 0.000314916 0.000424553 0.179767 0.396458 1.55663
0.5285 0.00021342 0.000287677 0.17978 0.396324 1.55657
0.5295 0.000143381 0.000193233 0.179788 0.396189 1.55651
0.5305 9.55362e-05 0.000128723 0.179791 0.396052 1.55644
0.5315 6.31793e-05 8.51005e-05 0.179792 0.395914 1.55638
0.5325 4.15143e-05 5.58959e-05 0.179791 0.395776 1.55631
0.5335 2.71518e-05 3.65374e-05 0.179788 0.395635 1.55624
0.5345 1.77239e-05 2.38317e-05 0.179785 0.395494 1.55616
0.5355 1.15958e-05 1.55741e-05 0.17978 0.395351 1.55609
0.5365 7.65121e-06 1.02597e-05 0.179776 0.395207 1.55601
0.5375 5.13674e-06 6.87244e-06 0.17977 0.395061 1.55593
0.5385 3.54931e-06 4.73437e-06 0.179765 0.394914 1.55585
0.5395 2.55672e-06 3.39768e-06 0.179759 0.394766 1.55577
0.5405 1.94199e-06 2.56997e-06 0.179753 0.394616 1.55569
0.5415 1.56487e-06 2.06228e-06 0.179747 0.394464 1.5556
0.5425 1.3357e-06 1.75381e-06 0.17974 0.394311 1.55551
0.5435 1.19774e-06 1.56813e-06 0.179734 0.394157 1.55542
0.5445 1.11546e-06 1.45739e-06 0.179727 0.394001 1.55533
0.5455 1.06685e-06 1.39196e-06 0.179721 0.393843 1.55524
0.5465 1.03839e-06 1.35364e-06 0.179714 0.393684 1.55514
0.5475 1.02188e-06 1.3314e-06 0.179707 0.393523 1.55504
0.5485 1.01239e-06 1.3186e-06 0.1797 0.393361 1.55495
0.5495 1.00699e-06 1.31129e-06 0.179693 0.393197 1.55485
0.5505 1.00394e-06 1.30714e-06 0.179685 0.393031 1.55474
0.5515 1.00223e-06 1.3048e-06 0.179678 0.392864 1.55464
0.5525 1.00129e-06 1.30347e-06 0.17967 0.392696 1.55454
0.5535 1.00077e-06 1.30272e-06 0.179663 0.392526 1.55443
0.5545 1.00049e-06 1.30228e-06 0.179655 0.392354 1.55432
0.5555 1.00034e-06 1.30202e-06 0.179647 0.392182 1.55421
0.5565 1.00025e-06 1.30186e-06 0.179639 0.392007 1.5541
0.5575 1.00021e-06 1.30174e-06 0.179631 0.391832 1.55399
0.5585 1.00019e-06 1.30165e-06 0.179623 0.391655 1.55388
0.5595 1.00018e-06 1.30157e-06 0.179615 0.391477 1.55376
0.5605 1.00017e-06 1.30151e-06 0.179606 0.391297 1.55365
0.5615 1.00017e-06 1.30144e-06 0.179598 0.391117 1.55353
0.5625 1.00017e-06 1.30138e-06 0.17959 0.390935 1.55341
0.5635 1.00017e-06 1.30131e-06 0.179581 0.390752 1.55329
0.5645 1.00017e-06 1.30125e-06 0.179573 0.390569 1.55317
0.5655 1.00017e-06 1.30119e-06 0.179564 0.390384 1.55305
0.5665 1.00017e-06 1.30113e-06 0.179555 0.390199 1.55293
0.5675 1.00017e-06 1.30106e-06 0.179546 0.390013 1.55281
0.5685 1.00017e-06 1.301e-06 0.179538 0.389826 1.55269
0.5695 1.00017e-06 1.30093e-06 0.179529 0.389639 1.55256
0.5705 1.00017e-06 1.30087e-06 0.17952 0.389451 1.55244
0.5715 1.00017e-06 1.30081e-06 0.179511 0.389263 1.55231
0.5725 1.00017e-06 1.30074e-06 0.179502 0.389075 1.55219
0.5735 1.00017e-06 1.30068e-06 0.179493 0.388886 1.55206
0.5745 1.00017e-06 1.30061e-06 0.179484 0.388698 1.55194
0.5755 1.00017e-06 1.30055e-06 0.179475 0.388509 1.55181
0.5765 1.00017e-06 1.30048e-06 0.179466 0.388321 1.55169
0.5775 1.00017e-06 1.30042e-06 0.179457 0.388133 1.55156
0.5785 1.00017e-06 1.30035e-06 0.179448 0.387946 1.55144
0.5795 1.00017e-06 1.30029e-06 0.17944 0.387759 1.55131
0.5805 1.00017e-06 1.30022e-06 0.179431 0.387573 1.55119
0.5815 1.00017e-06 1.30016e-06 0.179422 0.387387 1.55107
0.5825 1.00017e-06 1.3001e-06 0.179413 0.387203 1.55094
0.5835 1.00017e-06 1.30003e-06 0.179404 0.387019 1.55082
0.5845 1.00017e-06 1.29997e-06 0.179396 0.386837 1.5507
0.5855 1.00017e-06 1.29991e-06 0.179387 0.386657 1.55058
0.5865 1.00017e-06 1.29984e-06 0.179378 0.386478 1.55046
0.5875 1.00017e-06 1.29978e-06 0.17937 0.3863 1.55034
0.5885 1.00017e-06 1.29972e-06 0.179361 0.386124 1.55022
0.5895 1.00017e-06 1.29966e-06 0.179353 0.385951 1.5501
0.5905 1.00017e-06 1.2996e-06 0.179345 0.385779 1.54999
0.5915 1.00017e-06 1.29954e-06 0.179336 0.385609 1.54987
0.5925 1.00017e-06 1.29948e-06 0.179328 0.385442 1.54976
0.5935 1.00017e-06 1.29942e-06 0.17932 0.385277 1.54965
0.5945 1.00017e-06 1.29937e-06 0.179312 0.385115 1.54954
0.5955 1.00017e-06 1.29931e-06 0.179305 0.384956 1.54944
0.5965 1.00017e-06 1.29926e-06 0.179297 0.384799 1.54933
0.5975 1.00018e-06 1.2992e-06 0.17929 0.384645 1.54923
0.5985 1.00018e-06 1.29915e-06 0.179282 0.384495 1.54913
0.5995 1.00018e-06 1.2991e-06 0.179275 0.384347 1.54903
0.6005 1.00018e-06 1.29904e-06 0.179268 0.384203 1.54893
0.6015 1.00018e-06 1.29899e-06 0.179261 0.384062 1.54883
0.6025 1.00018e-06 1.29895e-06 0.179254 0.383924 1.54874
0.6035 1.00018e-06 1.2989e-06 0.179248 0.38379 1.54865
0.6045 1.00018e-06 1.29885e-06 0.179241 0.383659 1.54856
0.6055 1.00018e-06 1.29881e-06 0.179235 0.383532 1.54848
0.6065 1.00018e-06 1.29876e-06 0.179229 0.383409 1.5484
0.6075 1.00018e-06 1.29872e-06 0.179223 0.383289 1.54832
0.6085 1.00018e-06 1.29868e-06 0.179218 0.383173 1.54824
0.6095 1.00018e-06 1.29864e-06 0.179212 0.383061 1.54816
0.6105 1.00018e-06 1.2986e-06 0.179207 0.382952 1.54809
0.6115 1.00019e-06 1.29857e-06 0.179202 0.382847 1.54802
0.6125 1.00021e-06 1.29856e-06 0.179197 0.382746 1.54795
0.6135 1.00029e-06 1.29865e-06 0.179192 0.382649 1.54789
0.6145 1.00061e-06 1.29906e-06 0.179188 0.382556 1.54783
0.6155 1.00178e-06 1.30065e-06 0.179183 0.382466 1.54777
0.6165 1.00573e-06 1.30608e-06 0.179179 0.38238 1.54771
0.6175 1.01823e-06 1.32332e-06 0.179175 0.382297 1.54766
0.6185 1.0556e-06 1.37483e-06 0.179171 0.382218 1.5476
0.6195 1.16118e-06 1.52015e-06 0.179167 0.382143 1.54755
0.6205 1.44389e-06 1.90875e-06 0.179163 0.382071 1.54751
0.6215 2.16333e-06 2.89623e-06 0.17916 0.382002 1.54746
0.6225 3.90713e-06 5.28632e-06 0.179156 0.381937 1.54742
0.6235 7.94121e-06 1.0808e-05 0.179152 0.381875 1.54738
0.6245 1.68652e-05 2.30068e-05 0.179148 0.381816 1.54734
0.6255 3.57756e-05 4.88247e-05 0.179141 0.38176 1.5473
0.6265 7.42223e-05 0.000101253 0.179132 0.381707 1.54727
0.6275 0.000149329 0.00020356 0.179116 0.381657 1.54724
0.6285 0.000290505 0.00039566 0.179088 0.381609 1.54721
0.6295 0.000546162 0.000743192 0.17904 0.381564 1.54718
0.6305 0.000992725 0.00134968 0.178958 0.381522 1.54716
0.6315 0.00174595 0.00237178 0.178822 0.381481 1.54713
0.6325 0.00297404 0.00403697 0.178601 0.381443 1.54711
0.6335 0.00491148 0.00666213 0.178255 0.381408 1.54709
0.6345 0.00787165 0.0106706 0.177727 0.381374 1.54707
0.6355 0.0122556 0.0166038 0.176946 0.381342 1.54705
0.6365 0.0185541 0.0251243 0.175826 0.381312 1.54703
0.6375 0.0273392 0.0370046 0.174266 0.381284 1.54702
0.6385 0.0392442 0.0530998 0.172153 0.381257 1.547
0.6395 0.0549287 0.0743016 0.16937 0.381232 1.54698
0.6405 0.0750313 0.101474 0.165804 0.381209 1.54697
0.6415 0.100112 0.135378 0.161355 0.381188 1.54695
0.6425 0.13059 0.176586 0.155948 0.381168 1.54694
0.6435 0.166685 0.2254 0.149542 0.38115 1.54693
0.6445 0.208363 0.28179 0.142142 0.381133 1.54691
0.6455 0.255312 0.345344 0.133801 0.381119 1.5469
0.6465 0.30693 0.415261 0.124623 0.381106 1.54689
0.6475 0.362342 0.490373 0.11476 0.381094 1.54688
0.6485 0.420452 0.56921 0.104406 0.381084 1.54687
0.6495 0.480004 0.650081 0.0937818 0.381076 1.54686
0.6505 0.539671 0.731193 0.0831224 0.381069 1.54685
0.6515 0.598139 0.810766 0.0726617 0.381063 1.54684
0.6525 0.654191 0.887148 0.062617 0.381058 1.54684
0.6535 0.706782 0.958912 0.053176 0.381053 1.54683
0.6545 0.755092 1.02493 0.0444878 0.38105 1.54683
0.6555 0.798552 1.08441 0.0366568 0.381046 1.54682
0.6565 0.836852 1.13691 0.0297417 0.381044 1.54682
0.6575 0.869926 1.18234 0.0237575 0.381041 1.54682
0.6585 0.897923 1.22085 0.018681 0.381039 1.54681
0.6595 0.921157 1.25289 0.0144584 0.381037 1.54681
0.6605 0.940068 1.27901 0.0110137 0.381036 1.54681
0.6615 0.955166 1.29992 0.0082569 0.381035 1.54681
0.6625 0.966993 1.31634 0.00609199 0.381033 1.54681
0.6635 0.976086 1.329 0.00442341 0.381032 1.54681
0.6645 0.982947 1.33858 0.00316092 0.381031 1.5468
0.6655 0.988031 1.34571 0.002223 0.381031 1.5468
0.6665 0.99173 1.35091 0.00153867 0.38103 1.5468
0.6675 0.994374 1.35466 0.00104823 0.38103 1.5468
0.6685 0.99623 1.3573 0.000702898 0.381029 1.5468
0.6695 0.99751 1.35914 0.000463964 0.381029 1.5468
0.6705 0.998378 1.3604 0.000301488 0.381029 1.54681
0.6715 0.998956 1.36125 0.000192884 0.381029 1.54681
0.6725 0.999335 1.36182 0.000121515 0.381029 1.54681
0.6735 0.999579 1.3622 7.53983e-05 0.381028 1.54681
0.6745 0.999733 1.36245 4.6093e-05 0.381028 1.54681
0.6755 0.999829 1.36262 2.77768e-05 0.381027 1.5468
0.6765 0.999888 1.36273 1.65156e-05 0.381025 1.5468
0.6775 0.999923 1.3628 9.70401e-06 0.381023 1.5468
0.6785 0.999944 1.36285 5.65007e-06 0.381019 1.54679
0.6795 0.999956 1.36289 3.27584e-06 0.381015 1.54679
0.6805 0.999963 1.36291 1.90738e-06 0.381008 1.54678
0.6815 0.999967 1.36293 1.13106e-06 0.381 1.54676
0.6825 0.999969 1.36294 6.97544e-07 0.380989 1.54674
0.6835 0.99997 1.36295 4.5923e-07 0.380975 1.54672
0.6845 0.999971 1.36295 3.30251e-07 0.380957 1.54669
0.6855 0.999971 1.36294 2.6152e-07 0.380935 1.54665
0.6865 0.999971 1.36293 2.25456e-07 0.380907 1.54661
0.6875 0.999971 1.36291 2.0682e-07 0.380872 1.54655
0.6885 0.999971 1.36288 1.97334e-07 0.38083 1.54648
0.6895 0.999971 1.36283 1.92578e-07 0.380779 1.54639
0.6905 0.999971 1.36278 1.90226e-07 0.380718 1.54628
0.6915 0.999971 1.36272 1.89076e-07 0.380644 1.54616
0.6925 0.999971 1.36263 1.88519e-07 0.380555 1.54601
0.6935 0.999971 1.36253 1.88248e-07 0.38045 1.54583
0.6945 0.999971 1.36241 1.88111e-07 0.380325 1.54561
0.6955 0.999971 1.36226 1.88036e-07 0.380178 1.54536
0.6965 0.999971 1.36208 1.87987e-07 0.380005 1.54506
0.6975 0.999971 1.36187 1.87947e-07 0.379802 1.54471
0.6985 0.999971 1.36162 1.87908e-07 0.379564 1.54431
0.6995 0.999971 1.36133 1.87865e-07 0.379287 1.54383
0.7005 0.999971 1.36099 1.87817e-07 0.378964 1.54328
0.7015 0.999971 1.36059 1.87762e-07 0.378591 1.54264
0.7025 0.999971 1.36014 1.87699e-07 0.378159 1.5419
0.7035 0.999971 1.35961 1.87626e-07 0.377661 1.54105
0.7045 0.999971 1.359 1.87542e-07 0.377089 1.54007
0.7055 0.999971 1.3583 1.87445e-07 0.376436 1.53895
0.7065 0.999971 1.3575 1.87335e-07 0.375691 1.53768
0.7075 0.999972 1.3566 1.87211e-07 0.374847 1.53624
0.7085 0.999972 1.35558 1.8707e-07 0.373894 1.53461
0.7095 0.999972 1.35443 1.86912e-07 0.372825 1.53279
0.7105 0.999972 1.35316 1.86736e-07 0.371632 1.53075
0.7115 0.999972 1.35174 1.8654e-07 0.37031 1.5285
0.7125 0.999972 1.35018 1.86326e-07 0.368854 1.52603
0.7135 0.999972 1.34848 1.86091e-07 0.367265 1.52333
0.7145 0.999972 1.34664 1.85837e-07 0.365542 1.52042
0.7155 0.999972 1.34467 1.85564e-07 0.36369 1.51728
0.7165 0.999973 1.34257 1.85274e-07 0.361719 1.51396
0.7175 0.999973 1.34035 1.84969e-07 0.359639 1.51045
0.7185 0.999973 1.33804 1.8465e-07 0.357466 1.5068
0.7195 0.999973 1.33566 1.84321e-07 0.35522 1.50303
0.7205 0.999973 1.33322 1.83985e-07 0.352922 1.49918
0.7215 0.999973 1.33076 1.83645e-07 0.350597 1.4953
0.7225 0.999973 1.3283 1.83305e-07 0.34827 1.49142
0.7235 0.999973 1.32586 1.8297e-07 0.345968 1.48759
0.7245 0.999973 1.32349 1.82642e-07 0.343715 1.48385
0.7255 0.999973 1.32119 1.82325e-07 0.341536 1.48025
0.7265 0.999973 1.319 1.82023e-07 0.339452 1.4768
0.7275 0.999973 1.31693 1.81737e-07 0.337481 1.47355
0.7285 0.999973 1.315 1.8147e-07 0.335639 1.47052
0.7295 0.999973 1.31321 1.81224e-07 0.333934 1.46772
0.7305 0.999973 1.31158 1.80999e-07 0.332375 1.46516
0.7315 0.999973 1.31011 1.80795e-07 0.330963 1.46284
0.7325 0.999972 1.30879 1.80613e-07 0.329699 1.46077
0.7335 0.999972 1.30762 1.80451e-07 0.328577 1.45894
0.7345 0.999972 1.30659 1.80309e-07 0.327591 1.45733
0.7355 0.999972 1.30569 1.80186e-07 0.326734 1.45593
0.7365 0.999972 1.30493 1.8008e-07 0.325995 1.45473
0.7375 0.999972 1.30427 1.79989e-07 0.325364 1.4537
0.7385 0.999972 1.30372 1.79913e-07 0.32483 1.45283
0.7395 0.999972 1.30325 1.79849e-07 0.324381 1.4521
0.7405 0.999972 1.30286 1.79795e-07 0.324008 1.45149
0.7415 0.999972 1.30254 1.79751e-07 0.323701 1.45099
0.7425 0.999972 1.30228 1.79715e-07 0.323449 1.45058
0.7435 0.999972 1.30207 1.79686e-07 0.323244 1.45025
0.7445 0.999972 1.3019 1.79663e-07 0.323079 1.44998
0.7455 0.999972 1.30177 1.79644e-07 0.322948 1.44977
0.7465 0.999972 1.30166 1.7963e-07 0.322843 1.4496
0.7475 0.999972 1.30158 1.79618e-07 0.322761 1.44947
0.7485 0.999973 1.30151 1.79609e-07 0.322697 1.44936
0.7495 0.999973 1.30146 1.79602e-07 0.322648 1.44928
0.7505 0.999973 1.30143 1.79597e-07 0.322609 1.44922
0.7515 0.999973 1.3014 1.79593e-07 0.32258 1.44917
0.7525 0.999973 1.30138 1.7959e-07 0.322558 1.44914
0.7535 0.999973 1.30136 1.79588e-07 0.322541 1.44911
0.7545 0.999973 1.30135 1.79587e-07 0.322529 1.44909
0.7555 0.999973 1.30134 1.79585e-07 0.32252 1.44908
0.7565 0.999973 1.30134 1.79585e-07 0.322513 1.44907
0.7575 0.999973 1.30133 1.79584e-07 0.322508 1.44906
0.7585 0.999973 1.30133 1.79584e-07 0.322504 1.44905
0.7595 0.999973 1.30133 1.79584e-07 0.322502 1.44905
0.7605 0.999973 1.30133 1.79584e-07 0.3225 1.44905
0.7615 0.999973 1.30133 1.79584e-07 0.322498 1.44904
0.7625 0.999973 1.30133 1.79584e-07 0.322497 1.44904
0.7635 0.999973 1.30133 1.79584e-07 0.322497 1.44904
0.7645 0.999973 1.30133 1.79584e-07 0.322496 1.44904
0.7655 0.999973 1.30133 1.79584e-07 0.322496 1.44904
0.7665 0.999973 1.30133 1.79584e-07 0.322495 1.44904
0.7675 0.999973 1.30134 1.79585e-07 0.322495 1.44904
0.7685 0.999973 1.30134 1.79585e-07 0.322494 1.44904
0.7695 0.999973 1.30134 1.79585e-07 0.322493 1.44904
0.7705 0.999973 1.30134 1.79585e-07 0.322492 1.44903
0.7715 0.999973 1.30134 1.79585e-07 0.32249 1.44903
0.7725 0.999973 1.30133 1.79584e-07 0.322487 1.44903
0.7735 0.999973 1.30133 1.79584e-07 0.322483 1.44902
0.7745 0.999973 1.30133 1.79583e-07 0.322476 1.44901
0.7755 0.999973 1.30132 1.79582e-07 0.322467 1.44899
0.7765 0.999973 1.3013 1.7958e-07 0.322453 1.44897
0.7775 0.999973 1.30129 1.79578e-07 0.322433 1.44894
0.7785 0.999973 1.30126 1.79574e-07 0.322404 1.44889
0.7795 0.999973 1.30121 1.79568e-07 0.322363 1.44883
0.7805 0.999973 1.30115 1.79559e-07 0.322304 1.44873
0.7815 0.999973 1.30107 1.79547e-07 0.322219 1.44859
0.7825 0.999973 1.30094 1.7953e-07 0.322099 1.4484
0.7835 0.999973 1.30077 1.79506e-07 0.321929 1.44812
0.7845 0.999973 1.30052 1.79472e-07 0.32169 1.44773
0.7855 0.999973 1.30017 1.79423e-07 0.321352 1.44719
0.7865 0.999973 1.29968 1.79355e-07 0.320879 1.44642
0.7875 0.999973 1.29899 1.7926e-07 0.320218 1.44535
0.7885 0.999973 1.29803 1.79128e-07 0.319296 1.44385
0.7895 0.999973 1.2967 1.78945e-07 0.318018 1.44178
0.7905 0.999974 1.29487 1.78692e-07 0.316249 1.43892
0.7915 0.999975 1.29234 1.78343e-07 0.313815 1.435
0.7925 0.999976 1.28889 1.77868e-07 0.310482 1.42963
0.7935 0.999978 1.28422 1.77223e-07 0.30595 1.42237
0.7945 0.999983 1.27794 1.76356e-07 0.29984 1.41262
0.7955 0.99999 1.26961 1.75207e-07 0.291695 1.39972
0.7965 1 1.25874 1.73707e-07 0.280994 1.38291
0.7975 1.00002 1.24486 1.7179e-07 0.267202 1.36151
0.7985 1.00005 1.22759 1.69407e-07 0.24986 1.335
0.7995 1.00008 1.20684 1.66544e-07 0.228737 1.30332
0.8005 1.00012 1.18294 1.63246e-07 0.204014 1.26707
0.8015 1.00015 1.15678 1.59636e-07 0.176448 1.22769
0.8025 1.00017 1.12975 1.55905e-07 0.147406 1.18737
0.8035 1.00017 1.10353 1.52288e-07 0.118685 1.14866
0.8045 1.00014 1.07971 1.49e-07 0.0921058 1.11383
0.8055 1.00011 1.05938 1.46194e-07 0.0690654 1.08438
0.8065 1.00007 1.04299 1.43933e-07 0.0502584 1.06085
0.8075 1.00004 1.03041 1.42196e-07 0.0356813 1.0429
0.8085 1.00002 1.02112 1.40914e-07 0.0248474 1.02973
0.8095 1.00001 1.01447 1.39996e-07 0.0170522 1.02033
0.8105 1 1.00981 1.39354e-07 0.0115769 1.01377
0.8115 1 1.0066 1.38911e-07 0.00779783 1.00926
0.8125 1 1.00442 1.3861e-07 0.00522179 1.00619
0.8135 1 1.00294 1.38406e-07 0.0034814 1.00413
0.8145 0.999999 1.00195 1.3827e-07 0.00231311 1.00274
0.8155 0.999999 1.00129 1.38179e-07 0.00153255 1.00181
0.8165 0.999999 1.00086 1.38118e-07 0.00101293 1.0012
0.8175 0.999999 1.00056 1.38078e-07 0.000668012 1.00079
0.8185 0.999999 1.00037 1.38051e-07 0.000439622 1.00052
0.8195 0.999999 1.00024 1.38034e-07 0.000288722 1.00034
0.8205 0.999999 1.00016 1.38022e-07 0.000189226 1.00022
0.8215 0.999999 1.0001 1.38014e-07 0.000123755 1.00015
0.8225 0.999999 1.00007 1.38009e-07 8.07598e-05 1.0001
0.8235 0.999999 1.00004 1.38006e-07 5.2583e-05 1.00006
0.8245 0.999999 1.00003 1.38004e-07 3.41566e-05 1.00004
0.8255 0.999999 1.00002 1.38003e-07 2.21331e-05 1.00003
0.8265 0.999999 1.00001 1.38002e-07 1.43057e-05 1.00002
0.8275 0.999999 1.00001 1.38001e-07 9.22223e-06 1.00001
0.8285 0.999999 1 1.38001e-07 5.92899e-06 1.00001
0.8295 0.999999 1 1.38e-07 3.80107e-06 1
0.8305 0.999999 1 1.38e-07 2.42982e-06 1
0.8315 0.999999 1 1.38e-07 1.54863e-06 1
0.8325 0.999999 1 1.38e-07 9.84005e-07 1
0.8335 0.999999 1 1.38e-07 6.23285e-07 1
0.8345 0.999999 0.999999 1.38e-07 3.93537e-07 1
0.8355 0.999999 0.999999 1.38e-07 2.47667e-07 1
0.8365 0.999999 0.999999 1.38e-07 1.55347e-07 1
0.8375 0.999999 0.999999 1.38e-07 9.71116e-08 1
0.8385 0.999999 0.999999 1.38e-07 6.04987e-08 1
0.8395 0.999999 0.999999 1.38e-07 3.75585e-08 1
0.8405 0.999999 0.999999 1.38e-07 2.32349e-08 1
0.8415 0.999999 0.999999 1.38e-07 1.43227e-08 1
0.8425 0.999999 0.999999 1.38e-07 8.79729e-09 1
0.8435 0.999999 0.999999 1.38e-07 5.38393e-09 1
0.8445 0.999999 0.999999 1.38e-07 3.28297e-09 1
0.8455 0.999999 0.999999 1.38e-07 1.99454e-09 1
0.8465 0.999999 0.999999 1.38e-07 1.20732e-09 1
0.8475 0.999999 0.999999 1.38e-07 7.28122e-10 1
0.8485 0.999999 0.999999 1.38e-07 4.37507e-10 1
0.8495 0.999999 0.999999 1.38e-07 2.6192e-10 1
0.8505 0.999999 0.999999 1.38e-07 1.56228e-10 1
0.8515 0.999999 0.999999 1.38e-07 9.2845e-11 1
0.8525 0.999999 0.999999 1.38e-07 5.4977e-11 1
0.8535 0.999999 0.999999 1.38e-07 3.24368e-11 1
0.8545 0.999999 0.999999 1.38e-07 1.90697e-11 1
0.8555 0.999999 0.999999 1.38e-07 1.11715e-11 1
0.8565 0.999999 0.999999 1.38e-07 6.52166e-12 1
0.8575 0.999999 0.999999 1.38e-07 3.79421e-12 1
0.8585 0.999999 0.999999 1.38e-07 2.19991e-12 1
0.8595 0.999999 0.999999 1.38e-07 1.27137e-12 1
0.8605 0.999999 0.999999 1.38e-07 7.32319e-13 1
0.8615 0.999999 0.999999 1.38e-07 4.20456e-13 1
0.8625 0.999999 0.999999 1.38e-07 2.40615e-13 1
0.8635 0.999999 0.999999 1.38e-07 1.37318e-13 1
0.8645 0.999999 0.999999 1.38e-07 7.81022e-14 1
0.8655 0.999999 0.999999 1.38e-07 4.42277e-14 1
0.8665 0.999999 0.999999 1.38e-07 2.47928e-14 1
0.8675 0.999999 0.999999 1.38e-07 1.39028e-14 1
0.8685 0.999999 0.999999 1.38e-07 7.74554e-15 1
0.8695 0.999999 0.999999 1.38e-07 4.3015e-15 1
0.8705 0.999999 0.999999 1.38e-07 2.29596e-15 1
0.8715 0.999999 0.999999 1.38e-07 1.25804e-15 1
0.8725 0.999999 0.999999 1.38e-07 6.11435e-16 1
0.8735 0.999999 0.999999 1.38e-07 2.55297e-16 1
0.8745 0.999999 0.999999 1.38e-07 4.62925e-18 1
0.8755 0.999999 0.999999 1.38e-07 0 1
0.8765 0.999999 0.999999 1.38e-07 0 1
0.8775 0.999999 0.999999 1.38e-07 0 1
0.8785 0.999999 0.999999 1.38e-07 0 1
0.8795 0.999999 0.999999 1.38e-07 0 1
0.8805 0.999999 0.999999 1.38e-07 0 1
0.8815 0.999999 0.999999 1.38e-07 0 1
0.8825 0.999999 0.999999 1.38e-07 0 1
0.8835 0.999999 0.999999 1.38e-07 0 1
0.8845 0.999999 0.999999 1.38e-07 0 1
0.8855 0.999999 0.999999 1.38e-07 0 1
0.8865 0.999999 0.999999 1.38e-07 0 1
0.8875 0.999999 0.999999 1.38e-07 0 1
0.8885 0.999999 0.999999 1.38e-07 0 1
0.8895 0.999999 0.999999 1.38e-07 0 1
0.8905 0.999999 0.999999 1.38e-07 0 1
0.8915 0.999999 0.999999 1.38e-07 0 1
0.8925 0.999999 0.999999 1.38e-07 0 1
0.8935 0.999999 0.999999 1.38e-07 0 1
0.8945 0.999999 0.999999 1.38e-07 0 1
0.8955 0.999999 0.999999 1.38e-07 0 1
0.8965 0.999999 0.999999 1.38e-07 0 1
0.8975 0.999999 0.999999 1.38e-07 0 1
0.8985 0.999999 0.999999 1.38e-07 0 1
0.8995 0.999999 0.999999 1.38e-07 0 1
0.9005 0.999999 0.999999 1.38e-07 0 1
0.9015 0.999999 0.999999 1.38e-07 0 1
0.9025 0.999999 0.999999 1.38e-07 0 1
0.9035 0.999999 0.999999 1.38e-07 0 1
0.9045 0.999999 0.999999 1.38e-07 0 1
0.9055 0.999999 0.999999 1.38e-07 0 1
0.9065 0.999999 0.999999 1.38e-07 0 1
0.9075 0.999999 0.999999 1.38e-07 0 1
0.9085 0.999999 0.999999 1.38e-07 0 1
0.9095 0.999999 0.999999 1.38e-07 0 1
0.9105 0.999999 0.999999 1.38e-07 0 1
0.9115 0.999999 0.999999 1.38e-07 0 1
0.9125 0.999999 0.999999 1.38e-07 0 1
0.9135 0.999999 0.999999 1.38e-07 0 1
0.9145 0.999999 0.999999 1.38e-07 0 1
0.9155 0.999999 0.999999 1.38e-07 0 1
0.9165 0.999999 0.999999 1.38e-07 0 1
0.9175 0.999999 0.999999 1.38e-07 0 1
0.9185 0.999999 0.999999 1.38e-07 0 1
0.9195 0.999999 0.999999 1.38e-07 0 1
0.9205 0.999999 0.999999 1.38e-07 0 1
0.9215 0.999999 0.999999 1.38e-07 0 1
0.9225 0.999999 0.999999 1.38e-07 0 1
0.9235 0.999999 0.999999 1.38e-07 0 1
0.9245 0.999999 0.999999 1.38e-07 0 1
0.9255 0.999999 0.999999 1.38e-07 0 1
0.9265 0.999999 0.999999 1.38e-07 0 1
0.9275 0.999999 0.999999 1.38e-07 0 1
0.9285 0.999999 0.999999 1.38e-07 0 1
0.9295 0.999999 0.999999 1.38e-07 0 1
0.9305 0.999999 0.999999 1.38e-07 0 1
0.9315 0.999999 0.999999 1.38e-07 0 1
0.9325 0.999999 0.999999 1.38e-07 0 1
0.9335 0.999999 0.999999 1.38e-07 0 1
0.9345 0.999999 0.999999 1.38e-07 0 1
0.9355 0.999999 0.999999 1.38e-07 0 1
0.9365 0.999999 0.999999 1.38e-07 0 1
0.9375 0.999999 0.999999 1.38e-07 0 1
0.9385 0.999999 0.999999 1.38e-07 0 1
0.9395 0.999999 0.999999 1.38e-07 0 1
0.9405 0.999999 0.999999 1.38e-07 0 1
0.9415 0.999999 0.999999 1.38e-07 0 1
0.9425 0.999999 0.999999 1.38e-07 0 1
0.9435 0.999999 0.999999 1.38e-07 0 1
0.9445 0.999999 0.999999 1.38e-07 0 1
0.9455 0.999999 0.999999 1.38e-07 0 1
0.9465 0.999999 0.999999 1.38e-07 0 1
0.9475 0.999999 0.999999 1.38e-07 0 1
0.9485 0.999999 0.999999 1.38e-07 0 1
0.9495 0.999999 0.999999 1.38e-07 0 1
0.9505 0.999999 0.999999 1.38e-07 0 1
0.9515 0.999999 0.999999 1.38e-07 0 1
0.9525 0.999999 0.999999 1.38e-07 0 1
0.9535 0.999999 0.999999 1.38e-07 0 1
0.9545 0.999999 0.999999 1.38e-07 0 1
0.9555 0.999999 0.999999 1.38e-07 0 1
0.9565 0.999999 0.999999 1.38e-07 0 1
0.9575 0.999999 0.999999 1.38e-07 0 1
0.9585 0.999999 0.999999 1.38e-07 0 1
0.9595 0.999999 0.999999 1.38e-07 0 1
0.9605 0.999999 0.999999 1.38e-07 0 1
0.9615 0.999999 0.999999 1.38e-07 0 1
0.9625 0.999999 0.999999 1.38e-07 0 1
0.9635 0.999999 0.999999 1.38e-07 0 1
0.9645 0.999999 0.999999 1.38e-07 0 1
0.9655 0.999999 0.999999 1.38e-07 0 1
0.9665 0.999999 0.999999 1.38e-07 0 1
0.9675 0.999999 0.999999 1.38e-07 0 1
0.9685 0.999999 0.999999 1.38e-07 0 1
0.9695 0.999999 0.999999 1.38e-07 0 1
0.9705 0.999999 0.999999 1.38e-07 0 1
0.9715 0.999999 0.999999 1.38e-07 0 1
0.9725 0.999999 0.999999 1.38e-07 0 1
0.9735 0.999999 0.999999 1.38e-07 0 1
0.9745 0.999999 0.999999 1.38e-07 0 1
0.9755 0.999999 0.999999 1.38e-07 0 1
0.9765 0.999999 0.999999 1.38e-07 0 1
0.9775 0.999999 0.999999 1.38e-07 0 1
0.9785 0.999999 0.999999 1.38e-07 0 1
0.9795 0.999999 0.999999 1.38e-07 0 1
0.9805 0.999999 0.999999 1.38e-07 0 1
0.9815 0.999999 0.999999 1.38e-07 0 1
0.9825 0.999999 0.999999 1.38e-07 0 1
0.9835 0.999999 0.999999 1.38e-07 0 1
0.9845 0.999999 0.999999 1.38e-07 0 1
0.9855 0.999999 0.999999 1.38e-07 0 1
0.9865 0.999999 0.999999 1.38e-07 0 1
0.9875 0.999999 0.999999 1.38e-07 0 1
0.9885 0.999999 0.999999 1.38e-07 0 1
0.9895 0.999999 0.999999 1.38e-07 0 1
0.9905 0.999999 0.999999 1.38e-07 0 1
0.9915 0.999999 0.999999 1.38e-07 0 1
0.9925 0.999999 0.999999 1.38e-07 0 1
0.9935 0.999999 0.999999 1.38e-07 0 1
0.9945 0.999999 0.999999 1.38e-07 0 1
0.9955 0.999999 0.999999 1.38e-07 0 1
0.9965 0.999999 0.999999 1.38e-07 0 1
0.9975 0.999999 0.999999 1.38e-07 0 1
0.9985 0.999999 0.999999 1.38e-07 0 1
0.9995 0.999999 0.999999 1.38e-07 0 1
