0.005 149945 100000 -0.495
0.015 149948 100000 -0.485615
0.025 149951 100000 -0.475615
0.035 149954 100000 -0.465615
0.045 149957 100000 -0.455614
0.055 149960 100000 -0.445614
0.065 149962 100000 -0.435614
0.075 149964 100000 -0.425614
0.085 149965 100000 -0.415614
0.095 149966 100000 -0.405614
0.105 149967 100000 -0.395614
0.115 149968 100000 -0.385614
0.125 149969 100000 -0.375614
0.135 149970 100000 -0.365614
0.145 149970 100000 -0.355614
0.155 149971 100000 -0.345614
0.165 149971 100000 -0.335614
0.175 149971 100000 -0.325614
0.185 149971 100000 -0.315614
0.195 149969 100000 -0.305614
0.205 149964 100000 -0.295614
0.215 149958 100000 -0.285614
0.225 149947 100000 -0.275614
0.235 149927 100000 -0.265614
0.245 149901 100000 -0.255613
0.255 149863 100000 -0.245613
0.265 149797 100000 -0.235612
0.275 149684 100000 -0.225611
0.285 149490 100000 -0.215609
0.295 149162 100000 -0.205605
0.305 148619 100000 -0.195599
0.315 147734 100000 -0.185589
0.325 146322 100000 -0.175572
0.335 144115 100000 -0.165546
0.345 140758 100000 -0.155506
0.355 135796 100000 -0.145446
0.365 128956 100000 -0.135358
0.375 119468 100000 -0.125232
0.385 108734 100000 -0.115094
0.395 102390 100000 -0.105023
0.405 100451 100000 -0.0950042
0.415 100070 100000 -0.0850006
0.425 100010 100000 -0.0750001
0.435 100001 100000 -0.065
0.445 100000 100000 -0.055
0.455 100000 100000 -0.045
0.465 100000 100000 -0.035
0.475 100000 100000 -0.025
0.485 100000 100000 -0.015
0.495 100000 100000 -0.005
0.505 100000 100000 0.005
0.515 100000 100000 0.015
0.525 100000 100000 0.025
0.535 100000 100000 0.035
0.545 100000 100000 0.045
0.555 100000 100000 0.055
0.565 100000 100000 0.065
0.575 100000 100000 0.075
0.585 100000 100000 0.085
0.595 100000 100000 0.095
0.605 100000 100000 0.105
0.615 100000 100000 0.115
0.625 100000 100000 0.125
0.635 100000 100000 0.135
0.645 100000 100000 0.145
0.655 100000 100000 0.155
0.665 100000 100000 0.165
0.675 100000 100000 0.175
0.685 100000 100000 0.185
0.695 100000 100000 0.195
0.705 100000 100000 0.205
0.715 100000 100000 0.215
0.725 100000 100000 0.225
0.735 100000 100000 0.235
0.745 100000 100000 0.245
0.755 100000 100000 0.255
0.765 100000 100000 0.265
0.775 100000 100000 0.275
0.785 100000 100000 0.285
0.795 100000 100000 0.295
0.805 100000 100000 0.305
0.815 100000 100000 0.315
0.825 100000 100000 0.325
0.835 100000 100000 0.335
0.845 100000 100000 0.345
0.855 100000 100000 0.355
0.865 100000 100000 0.365
0.875 100000 100000 0.375
0.885 100000 100000 0.385
0.895 100000 100000 0.395
0.905 100000 100000 0.405
0.915 100000 100000 0.415
0.925 100000 100000 0.425
0.935 100000 100000 0.435
0.945 100000 100000 0.445
0.955 100000 100000 0.455
0.965 100000 100000 0.465
0.975 100000 100000 0.475
0.985 100000 100000 0.485
0.995 100000 100000 0.495
