0.005 149965 130908 -0.495
0.015 149966 130908 -0.485616
0.025 149967 130908 -0.475616
0.035 149968 130908 -0.465616
0.045 149969 130908 -0.455616
0.055 149970 130908 -0.445616
0.065 149971 130908 -0.435616
0.075 149972 130908 -0.425616
0.085 149972 130908 -0.415616
0.095 149973 130908 -0.405616
0.105 149973 130908 -0.395616
0.115 149973 130908 -0.385616
0.125 149973 130908 -0.375616
0.135 149973 130908 -0.365616
0.145 149973 130908 -0.355616
0.155 149972 130908 -0.345616
0.165 149971 130908 -0.335616
0.175 149969 130908 -0.325616
0.185 149967 130908 -0.315616
0.195 149962 130908 -0.305616
0.205 149956 130908 -0.295616
0.215 149946 130908 -0.285616
0.225 149931 130908 -0.275616
0.235 149913 130908 -0.265616
0.245 149882 130908 -0.255616
0.255 149853 130908 -0.245617
0.265 149823 130908 -0.235617
0.275 149774 130908 -0.225617
0.285 149698 130908 -0.215618
0.295 149597 130908 -0.205619
0.305 149474 130908 -0.19562
0.315 149325 130908 -0.185622
0.325 149141 130908 -0.175624
0.335 148919 130908 -0.165626
0.345 148645 130908 -0.155628
0.355 148332 130908 -0.145631
0.365 148000 130908 -0.135634
0.375 147660 130908 -0.125637
0.385 147249 130908 -0.115641
0.395 146727 130908 -0.105645
0.405 146124 130908 -0.0956493
0.415 145461 130908 -0.0856532
0.425 144732 130908 -0.075656
0.435 143922 130908 -0.0656573
0.445 143003 130908 -0.0556564
0.455 141914 130908 -0.0456521
0.465 140534 130908 -0.0356431
0.475 138716 130908 -0.0256278
0.485 135911 130908 -0.0156015
0.495 132539 130721 -0.00928618
0.505 131009 128972 0.000488086
0.515 130908 124375 0.0143262
0.525 130908 119161 0.0245834
0.535 130908 114186 0.0346716
0.545 130908 109793 0.0447653
0.555 130908 106165 0.0548506
0.565 130908 103534 0.0649145
0.575 130908 101888 0.0749544
0.585 130908 100961 0.0849769
0.595 130908 100489 0.0949885
0.605 130908 100252 0.104994
0.615 130908 100129 0.114997
0.625 130908 100063 0.124999
0.635 130908 100029 0.134999
0.645 130908 100014 0.145
0.655 130908 100007 0.155
0.665 130908 100003 0.165
0.675 130908 100001 0.175
0.685 130908 100001 0.185
0.695 130908 100000 0.195
0.705 130908 100000 0.205
0.715 130908 100000 0.215
0.725 130908 100000 0.225
0.735 130908 100000 0.235
0.745 130908 100000 0.245
0.755 130908 100000 0.255
0.765 130908 100000 0.265
0.775 130908 100000 0.275
0.785 130908 100000 0.285
0.795 130908 100000 0.295
0.805 130908 100000 0.305
0.815 130908 100000 0.315
0.825 130908 100000 0.325
0.835 130908 100000 0.335
0.845 130908 100000 0.345
0.855 130908 100000 0.355
0.865 130908 100000 0.365
0.875 130908 100000 0.375
0.885 130908 100000 0.385
0.895 130908 100000 0.395
0.905 130908 100000 0.405
0.915 130908 100000 0.415
0.925 130908 100000 0.425
0.935 130908 100000 0.435
0.945 130908 100000 0.445
0.955 130908 100000 0.455
0.965 130908 100000 0.465
0.975 130908 100000 0.475
0.985 130908 100000 0.485
0.995 130908 100000 0.495
