0.005 149968 132132 -0.505
0.015 149969 132132 -0.495507
0.025 149969 132132 -0.485507
0.035 149970 132132 -0.475507
0.045 149971 132132 -0.465507
0.055 149972 132132 -0.455507
0.065 149972 132132 -0.445507
0.075 149973 132132 -0.435507
0.085 149973 132132 -0.425507
0.095 149973 132132 -0.415507
0.105 149973 132132 -0.405507
0.115 149972 132132 -0.395507
0.125 149971 132132 -0.385507
0.135 149970 132132 -0.375507
0.145 149967 132132 -0.365507
0.155 149962 132132 -0.355507
0.165 149958 132132 -0.345507
0.175 149952 132132 -0.335507
0.185 149942 132132 -0.325507
0.195 149927 132132 -0.315507
0.205 149906 132132 -0.305508
0.215 149878 132132 -0.295508
0.225 149842 132132 -0.285508
0.235 149795 132132 -0.275508
0.245 149748 132132 -0.265509
0.255 149692 132132 -0.255509
0.265 149607 132132 -0.24551
0.275 149488 132132 -0.235511
0.285 149334 132132 -0.225512
0.295 149145 132132 -0.215514
0.305 148923 132132 -0.205516
0.315 148665 132132 -0.195518
0.325 148369 132132 -0.18552
0.335 148025 132132 -0.175523
0.345 147645 132132 -0.165527
0.355 147212 132132 -0.15553
0.365 146773 132132 -0.145534
0.375 146375 132132 -0.135537
0.385 146012 132132 -0.12554
0.395 145618 132132 -0.115544
0.405 145127 132132 -0.105548
0.415 144560 132132 -0.0955525
0.425 143958 132132 -0.0855574
0.435 143318 132132 -0.0755624
0.445 142587 132132 -0.0655679
0.455 141679 132132 -0.0555747
0.465 140512 132132 -0.0455834
0.475 139018 132132 -0.0355949
0.485 137083 132717 -0.0256099
0.495 134849 133192 -0.0156261
0.505 133155 132239 -0.0105917
0.515 132341 129965 -0.000411825
0.525 132132 127429 0.0140751
0.535 132132 125333 0.0243738
0.545 132132 123851 0.0343806
0.555 132132 122901 0.0443892
0.565 132132 122293 0.0543961
0.575 132132 121913 0.0644014
0.585 132132 121621 0.0744078
0.595 132132 121252 0.0844196
0.605 132132 120631 0.0944414
0.615 132132 119568 0.104479
0.625 132132 117870 0.114533
0.635 132132 115540 0.124601
0.645 132132 112895 0.134675
0.655 132132 110019 0.144757
0.665 132132 106892 0.154848
0.675 132132 103999 0.164913
0.685 132132 102191 0.174953
0.695 132132 101132 0.184976
0.705 132132 100571 0.194988
0.715 132132 100286 0.204994
0.725 132132 100142 0.214997
0.735 132132 100069 0.224999
0.745 132132 100033 0.234999
0.755 132132 100015 0.245
0.765 132132 100007 0.255
0.775 132132 100003 0.265
0.785 132132 100002 0.275
0.795 132132 100001 0.285
0.805 132132 100000 0.295
0.815 132132 100000 0.305
0.825 132132 100000 0.315
0.835 132132 100000 0.325
0.845 132132 100000 0.335
0.855 132132 100000 0.345
0.865 132132 100000 0.355
0.875 132132 100000 0.365
0.885 132132 100000 0.375
0.895 132132 100000 0.385
0.905 132132 100000 0.395
0.915 132132 100000 0.405
0.925 132132 100000 0.415
0.935 132132 100000 0.425
0.945 132132 100000 0.435
0.955 132132 100000 0.445
0.965 132132 100000 0.455
0.975 132132 100000 0.465
0.985 132132 100000 0.475
0.995 132132 100000 0.485
