0.005 1
0.015 0.370673
0.025 0.350969
0.035 0.332113
0.045 0.314076
0.055 0.296831
0.065 0.280352
0.075 0.264613
0.085 0.24959
0.095 0.235256
0.105 0.221589
0.115 0.208564
0.125 0.196159
0.135 0.184352
0.145 0.17312
0.155 0.162443
0.165 0.152298
0.175 0.142668
0.185 0.13353
0.195 0.124867
0.205 0.11666
0.215 0.108889
0.225 0.101539
0.235 0.0945908
0.245 0.0880284
0.255 0.0818354
0.265 0.0759959
0.275 0.0704946
0.285 0.0653167
0.295 0.0604476
0.305 0.0558733
0.315 0.0515802
0.325 0.0475551
0.335 0.0437854
0.345 0.0402586
0.355 0.0369628
0.365 0.0338864
0.375 0.0310184
0.385 0.028348
0.395 0.0258647
0.405 0.0235586
0.415 0.02142
0.425 0.0194396
0.435 0.0176085
0.445 0.015918
0.455 0.01436
0.465 0.0129264
0.475 0.0116096
0.485 0.0104024
0.495 0.00929782
0.505 0.0082891
0.515 0.00736989
0.525 0.00653411
0.535 0.00577593
0.545 0.00508982
0.555 0.00447052
0.565 0.00391303
0.575 0.00341259
0.585 0.00296472
0.595 0.00256515
0.605 0.00220988
0.615 0.0218521
0.625 0.0218521
0.635 0.0218521
0.645 0.0218521
0.655 0.0218521
0.665 0.0218521
0.675 0.0218521
0.685 0.0218521
0.695 0.0218521
0.705 0.0218521
0.715 0.0218521
0.725 0.0218521
0.735 0.0218521
0.745 0.0218521
0.755 0.0218521
0.765 0.0218521
0.775 0.0218521
0.785 0.0218521
0.795 0.11666
0.805 0.124867
0.815 0.13353
0.825 0.142668
0.835 0.152298
0.845 0.162443
0.855 0.17312
0.865 0.184352
0.875 0.196159
0.885 0.208564
0.895 0.221589
0.905 0.235256
0.915 0.24959
0.925 0.264613
0.935 0.280352
0.945 0.296831
0.955 0.314076
0.965 0.332113
0.975 0.350969
0.985 0.370673
0.995 0.391251
