0.0005 111.795 159.269 -0.5285
0.0015 111.795 159.269 -0.527502
0.0025 111.795 159.269 -0.526502
0.0035 111.795 159.269 -0.525502
0.0045 111.795 159.269 -0.524502
0.0055 111.795 159.269 -0.523502
0.0065 111.795 159.269 -0.522502
0.0075 111.795 159.269 -0.521502
0.0085 111.795 159.269 -0.520502
0.0095 111.795 159.269 -0.519502
0.0105 111.795 159.269 -0.518502
0.0115 111.795 159.269 -0.517502
0.0125 111.795 159.269 -0.516502
0.0135 111.795 159.269 -0.515502
0.0145 111.795 159.269 -0.514502
0.0155 111.795 159.269 -0.513502
0.0165 111.795 159.269 -0.512502
0.0175 111.795 159.269 -0.511502
0.0185 111.795 159.269 -0.510502
0.0195 111.795 159.269 -0.509502
0.0205 111.795 159.269 -0.508502
0.0215 111.795 159.269 -0.507502
0.0225 111.795 159.269 -0.506502
0.0235 111.795 159.269 -0.505502
0.0245 111.795 159.269 -0.504502
0.0255 111.795 159.269 -0.503502
0.0265 111.795 159.269 -0.502502
0.0275 111.795 159.269 -0.501502
0.0285 111.795 159.269 -0.500502
0.0295 111.795 159.269 -0.499502
0.0305 111.795 159.269 -0.498502
0.0315 111.795 159.269 -0.497502
0.0325 111.795 159.269 -0.496502
0.0335 111.795 159.269 -0.495502
0.0345 111.795 159.269 -0.494502
0.0355 111.795 159.269 -0.493502
0.0365 111.795 159.269 -0.492502
0.0375 111.795 159.269 -0.491502
0.0385 111.795 159.269 -0.490502
0.0395 111.795 159.269 -0.489502
0.0405 111.795 159.269 -0.488502
0.0415 111.795 159.269 -0.487502
0.0425 111.795 159.269 -0.486502
0.0435 111.795 159.269 -0.485502
0.0445 111.795 159.269 -0.484502
0.0455 111.795 159.269 -0.483502
0.0465 111.795 159.269 -0.482502
0.0475 111.795 159.269 -0.481502
0.0485 111.795 159.269 -0.480502
0.0495 111.795 159.269 -0.479502
0.0505 111.795 159.269 -0.478502
0.0515 111.795 159.269 -0.477502
0.0525 111.795 159.269 -0.476502
0.0535 111.795 159.269 -0.475502
0.0545 111.795 159.269 -0.474502
0.0555 111.795 159.269 -0.473502
0.0565 111.795 159.269 -0.472502
0.0575 111.795 159.269 -0.471502
0.0585 111.795 159.269 -0.470502
0.0595 111.795 159.269 -0.469502
0.0605 111.795 159.269 -0.468502
0.0615 111.795 159.269 -0.467502
0.0625 111.795 159.269 -0.466502
0.0635 111.795 159.269 -0.465502
0.0645 111.795 159.269 -0.464502
0.0655 111.795 159.269 -0.463502
0.0665 111.795 159.269 -0.462502
0.0675 111.795 159.269 -0.461502
0.0685 111.795 159.269 -0.460502
0.0695 111.795 159.269 -0.459502
0.0705 111.795 159.269 -0.458502
0.0715 111.795 159.269 -0.457502
0.0725 111.795 159.269 -0.456502
0.0735 111.795 159.269 -0.455502
0.0745 111.795 159.269 -0.454502
0.0755 111.795 159.269 -0.453502
0.0765 111.795 159.269 -0.452502
0.0775 111.795 159.269 -0.451502
0.0785 111.795 159.269 -0.450502
0.0795 111.795 159.269 -0.449502
0.0805 111.795 159.269 -0.448502
0.0815 111.795 159.269 -0.447502
0.0825 111.795 159.269 -0.446502
0.0835 111.795 159.269 -0.445502
0.0845 111.795 159.269 -0.444502
0.0855 111.795 159.269 -0.443502
0.0865 111.795 159.269 -0.442502
0.0875 111.795 159.269 -0.441502
0.0885 111.795 159.269 -0.440502
0.0895 111.795 159.269 -0.439502
0.0905 111.795 159.269 -0.438502
0.0915 111.795 159.269 -0.437502
0.0925 111.795 159.269 -0.436502
0.0935 111.795 159.269 -0.435502
0.0945 111.795 159.269 -0.434502
0.0955 111.795 159.269 -0.433502
0.0965 111.795 159.269 -0.432502
0.0975 111.795 159.269 -0.431502
0.0985 111.795 159.269 -0.430502
0.0995 111.795 159.269 -0.429502
0.1005 111.795 159.269 -0.428502
0.1015 111.795 159.269 -0.427502
0.1025 111.795 159.269 -0.426502
0.1035 111.795 159.269 -0.425502
0.1045 111.795 159.269 -0.424502
0.1055 111.795 159.269 -0.423502
0.1065 111.795 159.269 -0.422502
0.1075 111.795 159.269 -0.421502
0.1085 111.795 159.269 -0.420502
0.1095 111.795 159.269 -0.419502
0.1105 111.795 159.269 -0.418502
0.1115 111.795 159.269 -0.417502
0.1125 111.795 159.269 -0.416502
0.1135 111.795 159.269 -0.415502
0.1145 111.795 159.269 -0.414502
0.1155 111.795 159.269 -0.413502
0.1165 111.795 159.269 -0.412502
0.1175 111.795 159.269 -0.411502
0.1185 111.795 159.269 -0.410502
0.1195 111.795 159.269 -0.409502
0.1205 111.795 159.269 -0.408502
0.1215 111.795 159.269 -0.407502
0.1225 111.795 159.269 -0.406502
0.1235 111.795 159.269 -0.405502
0.1245 111.795 159.269 -0.404502
0.1255 111.795 159.269 -0.403502
0.1265 111.795 159.269 -0.402502
0.1275 111.795 159.269 -0.401502
0.1285 111.795 159.269 -0.400502
0.1295 111.795 159.269 -0.399502
0.1305 111.795 159.269 -0.398502
0.1315 111.795 159.269 -0.397502
0.1325 111.795 159.269 -0.396502
0.1335 111.795 159.269 -0.395502
0.1345 111.795 159.269 -0.394502
0.1355 111.795 159.269 -0.393502
0.1365 111.795 159.269 -0.392502
0.1375 111.795 159.269 -0.391502
0.1385 111.795 159.269 -0.390502
0.1395 111.795 159.269 -0.389502
0.1405 111.795 159.269 -0.388502
0.1415 111.795 159.269 -0.387502
0.1425 111.796 159.269 -0.386502
0.1435 111.796 159.269 -0.385502
0.1445 111.796 159.269 -0.384502
0.1455 111.796 159.269 -0.383502
0.1465 111.795 159.269 -0.382502
0.1475 111.795 159.269 -0.381502
0.1485 111.795 159.269 -0.380502
0.1495 111.795 159.269 -0.379502
0.1505 111.795 159.269 -0.378502
0.1515 111.795 159.269 -0.377502
0.1525 111.795 159.269 -0.376502
0.1535 111.795 159.269 -0.375502
0.1545 111.795 159.269 -0.374502
0.1555 111.795 159.269 -0.373502
0.1565 111.795 159.269 -0.372502
0.1575 111.795 159.269 -0.371502
0.1585 111.795 159.269 -0.370502
0.1595 111.795 159.269 -0.369502
0.1605 111.795 159.269 -0.368502
0.1615 111.795 159.269 -0.367502
0.1625 111.795 159.269 -0.366502
0.1635 111.795 159.269 -0.365502
0.1645 111.795 159.269 -0.364502
0.1655 111.795 159.269 -0.363502
0.1665 111.795 159.269 -0.362502
0.1675 111.795 159.269 -0.361502
0.1685 111.794 159.269 -0.360502
0.1695 111.794 159.269 -0.359502
0.1705 111.794 159.269 -0.358502
0.1715 111.794 159.269 -0.357502
0.1725 111.794 159.269 -0.356502
0.1735 111.795 159.269 -0.355502
0.1745 111.795 159.269 -0.354502
0.1755 111.795 159.269 -0.353502
0.1765 111.795 159.269 -0.352502
0.1775 111.795 159.269 -0.351502
0.1785 111.795 159.269 -0.350502
0.1795 111.795 159.269 -0.349502
0.1805 111.795 159.269 -0.348502
0.1815 111.795 159.269 -0.347502
0.1825 111.795 159.269 -0.346502
0.1835 111.795 159.269 -0.345502
0.1845 111.795 159.269 -0.344502
0.1855 111.795 159.269 -0.343502
0.1865 111.795 159.269 -0.342502
0.1875 111.795 159.269 -0.341502
0.1885 111.795 159.269 -0.340502
0.1895 111.795 159.269 -0.339502
0.1905 111.795 159.269 -0.338502
0.1915 111.795 159.269 -0.337502
0.1925 111.795 159.269 -0.336502
0.1935 111.795 159.269 -0.335502
0.1945 111.795 159.269 -0.334502
0.1955 111.795 159.269 -0.333502
0.1965 111.795 159.269 -0.332502
0.1975 111.795 159.269 -0.331502
0.1985 111.795 159.269 -0.330502
0.1995 111.795 159.269 -0.329502
0.2005 111.795 159.269 -0.328502
0.2015 111.795 159.269 -0.327502
0.2025 111.795 159.269 -0.326502
0.2035 111.795 159.269 -0.325502
0.2045 111.795 159.269 -0.324502
0.2055 111.795 159.269 -0.323502
0.2065 111.795 159.269 -0.322502
0.2075 111.795 159.269 -0.321502
0.2085 111.795 159.269 -0.320502
0.2095 111.795 159.269 -0.319502
0.2105 111.795 159.269 -0.318502
0.2115 111.795 159.269 -0.317502
0.2125 111.795 159.269 -0.316502
0.2135 111.795 159.269 -0.315502
0.2145 111.795 159.269 -0.314502
0.2155 111.796 159.269 -0.313502
0.2165 111.796 159.269 -0.312502
0.2175 111.796 159.269 -0.311502
0.2185 111.796 159.269 -0.310502
0.2195 111.796 159.269 -0.309502
0.2205 111.796 159.269 -0.308502
0.2215 111.796 159.269 -0.307502
0.2225 111.795 159.269 -0.306502
0.2235 111.795 159.269 -0.305502
0.2245 111.795 159.269 -0.304502
0.2255 111.795 159.269 -0.303502
0.2265 111.795 159.269 -0.302502
0.2275 111.795 159.269 -0.301502
0.2285 111.795 159.269 -0.300502
0.2295 111.795 159.269 -0.299502
0.2305 111.795 159.269 -0.298502
0.2315 111.795 159.269 -0.297502
0.2325 111.795 159.269 -0.296502
0.2335 111.795 159.269 -0.295502
0.2345 111.795 159.269 -0.294502
0.2355 111.795 159.269 -0.293502
0.2365 111.795 159.269 -0.292502
0.2375 111.795 159.269 -0.291502
0.2385 111.795 159.269 -0.290502
0.2395 111.795 159.269 -0.289502
0.2405 111.795 159.269 -0.288502
0.2415 111.794 159.269 -0.287502
0.2425 111.794 159.269 -0.286502
0.2435 111.794 159.269 -0.285502
0.2445 111.795 159.269 -0.284502
0.2455 111.795 159.269 -0.283502
0.2465 111.795 159.269 -0.282502
0.2475 111.795 159.269 -0.281502
0.2485 111.795 159.269 -0.280502
0.2495 111.795 159.269 -0.279502
0.2505 111.795 159.269 -0.278502
0.2515 111.795 159.269 -0.277502
0.2525 111.795 159.269 -0.276502
0.2535 111.795 159.269 -0.275502
0.2545 111.795 159.269 -0.274502
0.2555 111.795 159.269 -0.273502
0.2565 111.795 159.269 -0.272502
0.2575 111.795 159.269 -0.271502
0.2585 111.795 159.269 -0.270502
0.2595 111.795 159.269 -0.269502
0.2605 111.795 159.269 -0.268502
0.2615 111.795 159.269 -0.267502
0.2625 111.795 159.269 -0.266502
0.2635 111.795 159.269 -0.265502
0.2645 111.795 159.269 -0.264502
0.2655 111.795 159.269 -0.263502
0.2665 111.795 159.269 -0.262502
0.2675 111.795 159.269 -0.261502
0.2685 111.795 159.269 -0.260502
0.2695 111.795 159.269 -0.259502
0.2705 111.795 159.269 -0.258502
0.2715 111.795 159.269 -0.257502
0.2725 111.795 159.269 -0.256502
0.2735 111.795 159.269 -0.255502
0.2745 111.795 159.269 -0.254502
0.2755 111.795 159.269 -0.253502
0.2765 111.795 159.269 -0.252502
0.2775 111.795 159.269 -0.251502
0.2785 111.795 159.269 -0.250502
0.2795 111.795 159.269 -0.249502
0.2805 111.795 159.269 -0.248502
0.2815 111.795 159.269 -0.247502
0.2825 111.795 159.269 -0.246502
0.2835 111.795 159.269 -0.245502
0.2845 111.796 159.269 -0.244502
0.2855 111.796 159.269 -0.243502
0.2865 111.796 159.269 -0.242502
0.2875 111.796 159.269 -0.241502
0.2885 111.796 159.269 -0.240502
0.2895 111.796 159.269 -0.239502
0.2905 111.796 159.269 -0.238502
0.2915 111.796 159.269 -0.237502
0.2925 111.796 159.269 -0.236502
0.2935 111.796 159.269 -0.235502
0.2945 111.796 159.269 -0.234502
0.2955 111.796 159.269 -0.233502
0.2965 111.796 159.269 -0.232502
0.2975 111.796 159.269 -0.231502
0.2985 111.795 159.269 -0.230502
0.2995 111.795 159.269 -0.229502
0.3005 111.795 159.269 -0.228502
0.3015 111.795 159.269 -0.227502
0.3025 111.795 159.269 -0.226502
0.3035 111.795 159.269 -0.225502
0.3045 111.795 159.269 -0.224502
0.3055 111.795 159.269 -0.223502
0.3065 111.795 159.269 -0.222502
0.3075 111.794 159.269 -0.221502
0.3085 111.794 159.269 -0.220502
0.3095 111.794 159.269 -0.219502
0.3105 111.794 159.269 -0.218502
0.3115 111.794 159.269 -0.217502
0.3125 111.794 159.269 -0.216502
0.3135 111.794 159.269 -0.215502
0.3145 111.794 159.269 -0.214502
0.3155 111.794 159.269 -0.213502
0.3165 111.794 159.269 -0.212502
0.3175 111.794 159.269 -0.211502
0.3185 111.794 159.269 -0.210502
0.3195 111.794 159.269 -0.209502
0.3205 111.795 159.269 -0.208502
0.3215 111.795 159.269 -0.207502
0.3225 111.795 159.269 -0.206502
0.3235 111.795 159.269 -0.205502
0.3245 111.795 159.269 -0.204502
0.3255 111.795 159.269 -0.203502
0.3265 111.795 159.269 -0.202502
0.3275 111.795 159.269 -0.201502
0.3285 111.795 159.269 -0.200502
0.3295 111.795 159.269 -0.199502
0.3305 111.795 159.269 -0.198502
0.3315 111.795 159.269 -0.197502
0.3325 111.795 159.269 -0.196502
0.3335 111.795 159.269 -0.195502
0.3345 111.795 159.269 -0.194502
0.3355 111.795 159.269 -0.193502
0.3365 111.795 159.269 -0.192502
0.3375 111.795 159.269 -0.191502
0.3385 111.795 159.269 -0.190502
0.3395 111.795 159.269 -0.189502
0.3405 111.795 159.269 -0.188502
0.3415 111.795 159.269 -0.187502
0.3425 111.796 159.269 -0.186502
0.3435 111.796 159.269 -0.185502
0.3445 111.796 159.269 -0.184502
0.3455 111.796 159.269 -0.183502
0.3465 111.796 159.269 -0.182502
0.3475 111.796 159.269 -0.181502
0.3485 111.797 159.269 -0.180502
0.3495 111.797 159.269 -0.179502
0.3505 111.797 159.269 -0.178502
0.3515 111.797 159.269 -0.177502
0.3525 111.798 159.269 -0.176502
0.3535 111.798 159.269 -0.175502
0.3545 111.799 159.269 -0.174502
0.3555 111.799 159.269 -0.173502
0.3565 111.8 159.269 -0.172502
0.3575 111.801 159.269 -0.171502
0.3585 111.802 159.269 -0.170502
0.3595 111.803 159.269 -0.169502
0.3605 111.804 159.269 -0.168502
0.3615 111.805 159.269 -0.167502
0.3625 111.807 159.269 -0.166502
0.3635 111.808 159.269 -0.165502
0.3645 111.81 159.269 -0.164502
0.3655 111.812 159.269 -0.163502
0.3665 111.815 159.269 -0.162502
0.3675 111.817 159.269 -0.161502
0.3685 111.82 159.269 -0.160502
0.3695 111.824 159.269 -0.159502
0.3705 111.827 159.269 -0.158502
0.3715 111.832 159.269 -0.157502
0.3725 111.836 159.269 -0.156502
0.3735 111.842 159.269 -0.155502
0.3745 111.847 159.269 -0.154502
0.3755 111.854 159.269 -0.153502
0.3765 111.861 159.269 -0.152502
0.3775 111.869 159.269 -0.151502
0.3785 111.878 159.269 -0.150502
0.3795 111.889 159.269 -0.149502
0.3805 111.9 159.269 -0.148502
0.3815 111.913 159.269 -0.147502
0.3825 111.927 159.269 -0.146502
0.3835 111.942 159.269 -0.145502
0.3845 111.96 159.269 -0.144502
0.3855 111.98 159.269 -0.143502
0.3865 112.002 159.269 -0.142502
0.3875 112.026 159.269 -0.141502
0.3885 112.053 159.269 -0.140502
0.3895 112.083 159.269 -0.139502
0.3905 112.117 159.269 -0.138502
0.3915 112.153 159.269 -0.137502
0.3925 112.194 159.269 -0.136502
0.3935 112.239 159.269 -0.135502
0.3945 112.289 159.269 -0.134502
0.3955 112.344 159.269 -0.133502
0.3965 112.404 159.269 -0.132502
0.3975 112.47 159.269 -0.131502
0.3985 112.542 159.269 -0.130502
0.3995 112.622 159.269 -0.129502
0.4005 112.709 159.269 -0.128502
0.4015 112.804 159.269 -0.127502
0.4025 112.908 159.269 -0.126502
0.4035 113.022 159.269 -0.125502
0.4045 113.147 159.269 -0.124502
0.4055 113.283 159.269 -0.123502
0.4065 113.431 159.269 -0.122502
0.4075 113.593 159.269 -0.121502
0.4085 113.769 159.269 -0.120502
0.4095 113.961 159.269 -0.119502
0.4105 114.17 159.269 -0.118502
0.4115 114.397 159.269 -0.117502
0.4125 114.643 159.269 -0.116502
0.4135 114.911 159.269 -0.115502
0.4145 115.2 159.269 -0.114502
0.4155 115.514 159.269 -0.113502
0.4165 115.853 159.269 -0.112502
0.4175 116.218 159.269 -0.111502
0.4185 116.613 159.269 -0.110502
0.4195 117.038 159.269 -0.109502
0.4205 117.496 159.269 -0.108502
0.4215 117.987 159.269 -0.107502
0.4225 118.513 159.269 -0.106502
0.4235 119.078 159.269 -0.105502
0.4245 119.681 159.269 -0.104502
0.4255 120.324 159.269 -0.103502
0.4265 121.009 159.269 -0.102502
0.4275 121.738 159.269 -0.101502
0.4285 122.511 159.269 -0.100502
0.4295 123.33 159.269 -0.0995024
0.4305 124.194 159.269 -0.0985024
0.4315 125.105 159.269 -0.0975024
0.4325 126.063 159.269 -0.0965024
0.4335 127.067 159.269 -0.0955024
0.4345 128.118 159.269 -0.0945025
0.4355 129.216 159.269 -0.0935025
0.4365 130.358 159.269 -0.0925025
0.4375 131.545 159.269 -0.0915025
0.4385 132.775 159.269 -0.0905026
0.4395 134.047 159.269 -0.0895026
0.4405 135.358 159.269 -0.0885026
0.4415 136.709 159.269 -0.0875026
0.4425 138.095 159.269 -0.0865027
0.4435 139.516 159.269 -0.0855027
0.4445 140.969 159.269 -0.0845027
0.4455 142.452 159.269 -0.0835027
0.4465 143.963 159.269 -0.0825028
0.4475 145.498 159.269 -0.0815028
0.4485 147.058 159.269 -0.0805028
0.4495 148.624 159.269 -0.0795029
0.4505 150.135 159.269 -0.0785029
0.4515 151.545 159.269 -0.0775029
0.4525 152.825 159.269 -0.0765029
0.4535 153.96 159.269 -0.075503
0.4545 154.95 159.269 -0.074503
0.4555 155.803 159.269 -0.073503
0.4565 156.531 159.269 -0.072503
0.4575 157.149 159.269 -0.071503
0.4585 157.671 159.269 -0.070503
0.4595 158.108 159.269 -0.069503
0.4605 158.471 159.269 -0.068503
0.4615 158.772 159.269 -0.0675031
0.4625 159.02 159.269 -0.0665031
0.4635 159.22 159.269 -0.0655031
0.4645 159.379 159.269 -0.0645031
0.4655 159.503 159.269 -0.0635031
0.4665 159.595 159.269 -0.0625031
0.4675 159.659 159.269 -0.0615031
0.4685 159.701 159.269 -0.0605031
0.4695 159.725 159.269 -0.0595031
0.4705 159.737 159.295 -0.0585031
0.4715 159.742 159.397 -0.0575031
0.4725 159.746 159.475 -0.0565031
0.4735 159.749 159.461 -0.0555031
0.4745 159.751 159.432 -0.0545031
0.4755 159.75 159.414 -0.0535031
0.4765 159.746 159.406 -0.0525031
0.4775 159.736 159.403 -0.0515031
0.4785 159.718 159.4 -0.0505031
0.4795 159.694 159.394 -0.0495031
0.4805 159.667 159.388 -0.0485031
0.4815 159.639 159.383 -0.0475031
0.4825 159.61 159.379 -0.0465031
0.4835 159.582 159.375 -0.0455031
0.4845 159.556 159.371 -0.0445031
0.4855 159.533 159.368 -0.0435031
0.4865 159.512 159.365 -0.0425031
0.4875 159.494 159.362 -0.0415031
0.4885 159.476 159.359 -0.0405031
0.4895 159.462 159.356 -0.0395031
0.4905 159.451 159.353 -0.0385031
0.4915 159.438 159.35 -0.0375031
0.4925 159.425 159.347 -0.0365031
0.4935 159.414 159.345 -0.0355031
0.4945 159.402 159.343 -0.0345031
0.4955 159.389 159.341 -0.0335031
0.4965 159.376 159.338 -0.0325031
0.4975 159.365 159.336 -0.0315031
0.4985 159.356 159.334 -0.0305031
0.4995 159.348 159.332 -0.0295031
0.5005 159.342 159.33 -0.0285031
0.5015 159.337 159.329 -0.0275031
0.5025 159.333 159.327 -0.0265031
0.5035 159.329 159.325 -0.0255031
0.5045 159.325 159.323 -0.0245031
0.5055 159.321 159.322 -0.0235031
0.5065 159.317 159.32 -0.0225031
0.5075 159.314 159.319 -0.0215031
0.5085 159.31 159.318 -0.0205031
0.5095 159.307 159.317 -0.0195031
0.5105 159.304 159.317 -0.0185031
0.5115 159.301 159.316 -0.0175031
0.5125 159.298 159.316 -0.0165031
0.5135 159.295 159.315 -0.0155031
0.5145 159.292 159.315 -0.0145031
0.5155 159.29 159.315 -0.0135031
0.5165 159.288 159.315 -0.0125031
0.5175 159.285 159.315 -0.0115031
0.5185 159.283 159.315 -0.0105031
0.5195 159.281 159.316 -0.00950306
0.5205 159.28 159.316 -0.00850306
0.5215 159.278 159.317 -0.00750306
0.5225 159.276 159.318 -0.00650306
0.5235 159.275 159.319 -0.00550306
0.5245 159.274 159.32 -0.00450306
0.5255 159.272 159.321 -0.00350306
0.5265 159.271 159.322 -0.00250306
0.5275 159.27 159.324 -0.00150306
0.5285 159.27 159.325 -0.00101831
0.5295 159.269 159.327 1.70844e-06
0.5305 159.269 159.329 0.00149542
0.5315 159.269 159.331 0.00249694
0.5325 159.269 159.332 0.00349694
0.5335 159.269 159.334 0.00449694
0.5345 159.269 159.336 0.00549694
0.5355 159.269 159.337 0.00649694
0.5365 159.269 159.339 0.00749694
0.5375 159.269 159.342 0.00849694
0.5385 159.269 159.344 0.00949694
0.5395 159.269 159.347 0.0104969
0.5405 159.269 159.349 0.0114969
0.5415 159.269 159.352 0.0124969
0.5425 159.269 159.355 0.0134969
0.5435 159.269 159.358 0.0144969
0.5445 159.269 159.361 0.0154969
0.5455 159.269 159.363 0.0164969
0.5465 159.269 159.366 0.0174969
0.5475 159.269 159.369 0.0184969
0.5485 159.269 159.372 0.0194969
0.5495 159.269 159.375 0.0204969
0.5505 159.269 159.379 0.0214969
0.5515 159.269 159.382 0.0224969
0.5525 159.269 159.385 0.0234969
0.5535 159.269 159.389 0.0244969
0.5545 159.269 159.392 0.0254969
0.5555 159.269 159.395 0.0264969
0.5565 159.269 159.398 0.0274969
0.5575 159.269 159.402 0.0284969
0.5585 159.269 159.405 0.0294969
0.5595 159.269 159.408 0.0304969
0.5605 159.269 159.412 0.0314969
0.5615 159.269 159.416 0.0324969
0.5625 159.269 159.42 0.0334969
0.5635 159.269 159.424 0.0344969
0.5645 159.269 159.428 0.0354969
0.5655 159.269 159.433 0.0364969
0.5665 159.269 159.437 0.0374969
0.5675 159.269 159.441 0.0384969
0.5685 159.269 159.445 0.0394969
0.5695 159.269 159.45 0.0404969
0.5705 159.269 159.455 0.0414969
0.5715 159.269 159.46 0.0424969
0.5725 159.269 159.465 0.0434969
0.5735 159.269 159.469 0.0444969
0.5745 159.269 159.474 0.0454969
0.5755 159.269 159.479 0.0464969
0.5765 159.269 159.485 0.0474969
0.5775 159.269 159.49 0.0484969
0.5785 159.269 159.495 0.0494969
0.5795 159.269 159.5 0.0504969
0.5805 159.269 159.505 0.0514969
0.5815 159.269 159.51 0.0524969
0.5825 159.269 159.515 0.0534969
0.5835 159.269 159.522 0.0544969
0.5845 159.269 159.528 0.0554969
0.5855 159.269 159.534 0.0564969
0.5865 159.269 159.54 0.0574969
0.5875 159.269 159.546 0.0584969
0.5885 159.269 159.553 0.0594969
0.5895 159.269 159.559 0.0604969
0.5905 159.269 159.565 0.0614969
0.5915 159.269 159.572 0.0624969
0.5925 159.269 159.578 0.0634969
0.5935 159.269 159.585 0.0644969
0.5945 159.269 159.592 0.0654969
0.5955 159.269 159.6 0.0664969
0.5965 159.269 159.607 0.0674969
0.5975 159.269 159.614 0.0684969
0.5985 159.269 159.622 0.0694969
0.5995 159.269 159.629 0.0704969
0.6005 159.269 159.636 0.0714969
0.6015 159.269 159.643 0.0724969
0.6025 159.269 159.65 0.0734969
0.6035 159.269 159.658 0.0744969
0.6045 159.269 159.666 0.0754969
0.6055 159.269 159.673 0.0764969
0.6065 159.269 159.681 0.0774969
0.6075 159.269 159.69 0.0784969
0.6085 159.269 159.697 0.0794969
0.6095 159.269 159.705 0.0804969
0.6105 159.269 159.712 0.0814969
0.6115 159.269 159.72 0.0824969
0.6125 159.269 159.728 0.0834969
0.6135 159.269 159.735 0.0844969
0.6145 159.269 159.742 0.0854969
0.6155 159.269 159.75 0.0864969
0.6165 159.269 159.758 0.0874969
0.6175 159.269 159.766 0.0884969
0.6185 159.269 159.774 0.0894969
0.6195 159.269 159.781 0.0904969
0.6205 159.269 159.79 0.0914969
0.6215 159.269 159.799 0.0924969
0.6225 159.269 159.807 0.0934969
0.6235 159.269 159.816 0.0944969
0.6245 159.269 159.823 0.0954969
0.6255 159.269 159.832 0.0964969
0.6265 159.269 159.841 0.0974969
0.6275 159.269 159.85 0.0984969
0.6285 159.269 159.859 0.0994969
0.6295 159.269 159.868 0.100497
0.6305 159.269 159.878 0.101497
0.6315 159.269 159.889 0.102497
0.6325 159.269 159.9 0.103497
0.6335 159.269 159.91 0.104497
0.6345 159.269 159.922 0.105497
0.6355 159.269 159.933 0.106497
0.6365 159.269 159.945 0.107497
0.6375 159.269 159.957 0.108497
0.6385 159.269 159.969 0.109497
0.6395 159.269 159.982 0.110497
0.6405 159.269 159.995 0.111497
0.6415 159.269 160.01 0.112497
0.6425 159.269 160.025 0.113497
0.6435 159.269 160.04 0.114497
0.6445 159.269 160.057 0.115497
0.6455 159.269 160.074 0.116497
0.6465 159.269 160.093 0.117497
0.6475 159.269 160.109 0.118497
0.6485 159.269 160.129 0.119497
0.6495 159.269 160.149 0.120497
0.6505 159.269 160.17 0.121497
0.6515 159.269 160.192 0.122497
0.6525 159.269 160.215 0.123497
0.6535 159.269 160.24 0.124497
0.6545 159.269 160.266 0.125497
0.6555 159.269 160.293 0.126497
0.6565 159.269 160.322 0.127497
0.6575 159.269 160.352 0.128497
0.6585 159.269 160.382 0.129497
0.6595 159.269 160.413 0.130497
0.6605 159.269 160.445 0.131497
0.6615 159.269 160.483 0.132497
0.6625 159.269 160.515 0.133497
0.6635 159.269 160.551 0.134497
0.6645 159.269 160.588 0.135497
0.6655 159.269 160.627 0.136497
0.6665 159.269 160.668 0.137497
0.6675 159.269 160.709 0.138497
0.6685 159.269 160.752 0.139497
0.6695 159.269 160.795 0.140497
0.6705 159.269 160.839 0.141497
0.6715 159.269 160.884 0.142497
0.6725 159.269 160.931 0.143497
0.6735 159.269 160.978 0.144497
0.6745 159.269 161.026 0.145497
0.6755 159.269 161.075 0.146497
0.6765 159.269 161.125 0.147497
0.6775 159.269 161.175 0.148497
0.6785 159.269 161.228 0.149497
0.6795 159.269 161.281 0.150497
0.6805 159.269 161.335 0.151497
0.6815 159.269 161.389 0.152497
0.6825 159.269 161.444 0.153497
0.6835 159.269 161.5 0.154497
0.6845 159.269 161.558 0.155497
0.6855 159.269 161.613 0.156497
0.6865 159.269 161.668 0.157497
0.6875 159.269 161.725 0.158497
0.6885 159.269 161.787 0.159497
0.6895 159.269 161.842 0.160497
0.6905 159.269 161.902 0.161497
0.6915 159.269 161.96 0.162497
0.6925 159.269 162.022 0.163497
0.6935 159.269 162.084 0.164497
0.6945 159.269 162.147 0.165497
0.6955 159.269 162.211 0.166497
0.6965 159.269 162.276 0.167497
0.6975 159.269 162.341 0.168497
0.6985 159.269 162.406 0.169497
0.6995 159.269 162.472 0.170497
0.7005 159.269 162.538 0.171497
0.7015 159.269 162.606 0.172497
0.7025 159.269 162.674 0.173497
0.7035 159.269 162.744 0.174497
0.7045 159.269 162.815 0.175497
0.7055 159.269 162.888 0.176497
0.7065 159.269 162.961 0.177497
0.7075 159.269 163.034 0.178497
0.7085 159.269 163.11 0.179497
0.7095 159.269 163.189 0.180497
0.7105 159.269 163.265 0.181497
0.7115 159.269 163.34 0.182497
0.7125 159.269 163.419 0.183497
0.7135 159.269 163.504 0.184497
0.7145 159.269 163.579 0.185497
0.7155 159.269 163.658 0.186497
0.7165 159.269 163.735 0.187497
0.7175 159.269 163.812 0.188497
0.7185 159.269 163.889 0.189497
0.7195 159.269 163.964 0.190497
0.7205 159.269 164.039 0.191497
0.7215 159.269 164.112 0.192497
0.7225 159.269 164.185 0.193497
0.7235 159.269 164.255 0.194497
0.7245 159.269 164.327 0.195497
0.7255 159.269 164.389 0.196497
0.7265 159.269 164.431 0.197497
0.7275 159.269 164.45 0.198497
0.7285 159.269 164.456 0.199497
0.7295 159.269 164.456 0.200497
0.7305 159.269 164.453 0.201497
0.7315 159.269 164.444 0.202497
0.7325 159.269 164.427 0.203497
0.7335 159.269 164.396 0.204497
0.7345 159.269 164.348 0.205497
0.7355 159.269 164.273 0.206497
0.7365 159.269 164.156 0.207497
0.7375 159.269 163.97 0.208497
0.7385 159.269 163.661 0.209497
0.7395 159.269 163.11 0.210497
0.7405 159.269 162.059 0.211497
0.7415 159.269 159.933 0.212497
0.7425 159.269 155.493 0.213497
0.7435 159.269 146.195 0.214497
0.7445 159.269 127.644 0.215498
0.7455 159.269 92.0518 0.216498
0.7465 159.269 40.7266 0.217499
0.7475 159.269 6.55909 0.2185
0.7485 159.269 0.677807 0.2195
0.7495 159.269 0.0754724 0.2205
0.7505 159.269 0.00806554 0.2215
0.7515 159.269 0.000895266 0.2225
0.7525 159.269 0.00010234 0.2235
0.7535 159.269 1.17618e-05 0.2245
0.7545 159.269 1.57965e-06 0.2255
0.7555 159.269 3.22008e-07 0.2265
0.7565 159.269 1.16033e-07 0.2275
0.7575 159.269 5.68781e-08 0.2285
0.7585 159.269 2.88619e-08 0.2295
0.7595 159.269 1.3855e-08 0.2305
0.7605 159.269 6.44606e-09 0.2315
0.7615 159.269 3.01547e-09 0.2325
0.7625 159.269 1.42441e-09 0.2335
0.7635 159.269 6.74017e-10 0.2345
0.7645 159.269 3.18354e-10 0.2355
0.7655 159.269 1.50346e-10 0.2365
0.7665 159.269 7.11457e-11 0.2375
0.7675 159.269 3.37162e-11 0.2385
0.7685 159.269 1.59456e-11 0.2395
0.7695 159.269 7.57043e-12 0.2405
0.7705 159.269 3.71363e-12 0.2415
0.7715 159.269 1.80457e-12 0.2425
0.7725 159.269 9.53987e-13 0.2435
0.7735 159.269 7.14587e-13 0.2445
0.7745 159.269 5.52087e-13 0.2455
0.7755 159.269 4.80034e-13 0.2465
0.7765 159.269 4.97343e-13 0.2475
0.7775 159.269 4.95315e-13 0.2485
0.7785 159.269 4.63814e-13 0.2495
0.7795 159.269 4.47594e-13 0.2505
0.7805 159.269 4.31373e-13 0.2515
0.7815 159.269 4.16093e-13 0.2525
0.7825 159.269 4.15153e-13 0.2535
0.7835 159.269 4.32313e-13 0.2545
0.7845 159.269 4.70985e-13 0.2555
0.7855 159.269 4.47594e-13 0.2565
0.7865 159.269 3.65404e-13 0.2575
0.7875 159.269 2.10074e-13 0.2585
0.7885 159.269 6.19145e-14 0.2595
0.7895 159.269 1.8248e-14 0.2605
0.7905 159.269 0 0.2615
0.7915 159.269 0 0.2625
0.7925 159.269 0 0.2635
0.7935 159.269 0 0.2645
0.7945 159.269 0 0.2655
0.7955 159.269 0 0.2665
0.7965 159.269 0 0.2675
0.7975 159.269 0 0.2685
0.7985 159.269 0 0.2695
0.7995 159.269 0 0.2705
0.8005 159.269 0 0.2715
0.8015 159.269 0 0.2725
0.8025 159.269 0 0.2735
0.8035 159.269 0 0.2745
0.8045 159.269 0 0.2755
0.8055 159.269 0 0.2765
0.8065 159.269 0 0.2775
0.8075 159.269 0 0.2785
0.8085 159.269 0 0.2795
0.8095 159.269 0 0.2805
0.8105 159.269 0 0.2815
0.8115 159.269 0 0.2825
0.8125 159.269 0 0.2835
0.8135 159.269 0 0.2845
0.8145 159.269 0 0.2855
0.8155 159.269 0 0.2865
0.8165 159.269 0 0.2875
0.8175 159.269 0 0.2885
0.8185 159.269 0 0.2895
0.8195 159.269 0 0.2905
0.8205 159.269 0 0.2915
0.8215 159.269 0 0.2925
0.8225 159.269 0 0.2935
0.8235 159.269 0 0.2945
0.8245 159.269 0 0.2955
0.8255 159.269 0 0.2965
0.8265 159.269 0 0.2975
0.8275 159.269 0 0.2985
0.8285 159.269 0 0.2995
0.8295 159.269 0 0.3005
0.8305 159.269 0 0.3015
0.8315 159.269 0 0.3025
0.8325 159.269 0 0.3035
0.8335 159.269 0 0.3045
0.8345 159.269 0 0.3055
0.8355 159.269 0 0.3065
0.8365 159.269 0 0.3075
0.8375 159.269 0 0.3085
0.8385 159.269 0 0.3095
0.8395 159.269 0 0.3105
0.8405 159.269 0 0.3115
0.8415 159.269 0 0.3125
0.8425 159.269 0 0.3135
0.8435 159.269 0 0.3145
0.8445 159.269 0 0.3155
0.8455 159.269 0 0.3165
0.8465 159.269 0 0.3175
0.8475 159.269 0 0.3185
0.8485 159.269 0 0.3195
0.8495 159.269 0 0.3205
0.8505 159.269 0 0.3215
0.8515 159.269 0 0.3225
0.8525 159.269 0 0.3235
0.8535 159.269 0 0.3245
0.8545 159.269 0 0.3255
0.8555 159.269 0 0.3265
0.8565 159.269 0 0.3275
0.8575 159.269 0 0.3285
0.8585 159.269 0 0.3295
0.8595 159.269 0 0.3305
0.8605 159.269 0 0.3315
0.8615 159.269 0 0.3325
0.8625 159.269 0 0.3335
0.8635 159.269 0 0.3345
0.8645 159.269 0 0.3355
0.8655 159.269 0 0.3365
0.8665 159.269 0 0.3375
0.8675 159.269 0 0.3385
0.8685 159.269 0 0.3395
0.8695 159.269 0 0.3405
0.8705 159.269 0 0.3415
0.8715 159.269 0 0.3425
0.8725 159.269 0 0.3435
0.8735 159.269 0 0.3445
0.8745 159.269 0 0.3455
0.8755 159.269 0 0.3465
0.8765 159.269 0 0.3475
0.8775 159.269 0 0.3485
0.8785 159.269 0 0.3495
0.8795 159.269 0 0.3505
0.8805 159.269 0 0.3515
0.8815 159.269 0 0.3525
0.8825 159.269 0 0.3535
0.8835 159.269 0 0.3545
0.8845 159.269 0 0.3555
0.8855 159.269 0 0.3565
0.8865 159.269 0 0.3575
0.8875 159.269 0 0.3585
0.8885 159.269 0 0.3595
0.8895 159.269 0 0.3605
0.8905 159.269 0 0.3615
0.8915 159.269 0 0.3625
0.8925 159.269 0 0.3635
0.8935 159.269 0 0.3645
0.8945 159.269 0 0.3655
0.8955 159.269 0 0.3665
0.8965 159.269 0 0.3675
0.8975 159.269 0 0.3685
0.8985 159.269 0 0.3695
0.8995 159.269 0 0.3705
0.9005 159.269 0 0.3715
0.9015 159.269 0 0.3725
0.9025 159.269 0 0.3735
0.9035 159.269 0 0.3745
0.9045 159.269 0 0.3755
0.9055 159.269 0 0.3765
0.9065 159.269 0 0.3775
0.9075 159.269 0 0.3785
0.9085 159.269 0 0.3795
0.9095 159.269 0 0.3805
0.9105 159.269 0 0.3815
0.9115 159.269 0 0.3825
0.9125 159.269 0 0.3835
0.9135 159.269 0 0.3845
0.9145 159.269 0 0.3855
0.9155 159.269 0 0.3865
0.9165 159.269 0 0.3875
0.9175 159.269 0 0.3885
0.9185 159.269 0 0.3895
0.9195 159.269 0 0.3905
0.9205 159.269 0 0.3915
0.9215 159.269 0 0.3925
0.9225 159.269 0 0.3935
0.9235 159.269 0 0.3945
0.9245 159.269 0 0.3955
0.9255 159.269 0 0.3965
0.9265 159.269 0 0.3975
0.9275 159.269 0 0.3985
0.9285 159.269 0 0.3995
0.9295 159.269 0 0.4005
0.9305 159.269 0 0.4015
0.9315 159.269 0 0.4025
0.9325 159.269 0 0.4035
0.9335 159.269 0 0.4045
0.9345 159.269 0 0.4055
0.9355 159.269 0 0.4065
0.9365 159.269 0 0.4075
0.9375 159.269 0 0.4085
0.9385 159.269 0 0.4095
0.9395 159.269 0 0.4105
0.9405 159.269 0 0.4115
0.9415 159.269 0 0.4125
0.9425 159.269 0 0.4135
0.9435 159.269 0 0.4145
0.9445 159.269 0 0.4155
0.9455 159.269 0 0.4165
0.9465 159.269 0 0.4175
0.9475 159.269 0 0.4185
0.9485 159.269 0 0.4195
0.9495 159.269 0 0.4205
0.9505 159.269 0 0.4215
0.9515 159.269 0 0.4225
0.9525 159.269 0 0.4235
0.9535 159.269 0 0.4245
0.9545 159.269 0 0.4255
0.9555 159.269 0 0.4265
0.9565 159.269 0 0.4275
0.9575 159.269 0 0.4285
0.9585 159.269 0 0.4295
0.9595 159.269 0 0.4305
0.9605 159.269 0 0.4315
0.9615 159.269 0 0.4325
0.9625 159.269 0 0.4335
0.9635 159.269 0 0.4345
0.9645 159.269 0 0.4355
0.9655 159.269 0 0.4365
0.9665 159.269 0 0.4375
0.9675 159.269 0 0.4385
0.9685 159.269 0 0.4395
0.9695 159.269 0 0.4405
0.9705 159.269 0 0.4415
0.9715 159.269 0 0.4425
0.9725 159.269 0 0.4435
0.9735 159.269 0 0.4445
0.9745 159.269 0 0.4455
0.9755 159.269 0 0.4465
0.9765 159.269 0 0.4475
0.9775 159.269 0 0.4485
0.9785 159.269 0 0.4495
0.9795 159.269 0 0.4505
0.9805 159.269 0 0.4515
0.9815 159.269 0 0.4525
0.9825 159.269 0 0.4535
0.9835 159.269 0 0.4545
0.9845 159.269 0 0.4555
0.9855 159.269 0 0.4565
0.9865 159.269 0 0.4575
0.9875 159.269 0 0.4585
0.9885 159.269 0 0.4595
0.9895 159.269 0 0.4605
0.9905 159.269 0 0.4615
0.9915 159.269 0 0.4625
0.9925 159.269 0 0.4635
0.9935 159.269 0 0.4645
0.9945 159.269 0 0.4655
0.9955 159.269 0 0.4665
0.9965 159.269 0 0.4675
0.9975 159.269 0 0.4685
0.9985 159.269 0 0.4695
0.9995 159.269 0 0.4705
