0.005 150000
0.015 150000
0.025 150000
0.035 150000
0.045 150000
0.055 150000
0.065 150000
0.075 150000
0.085 150000
0.095 150000
0.105 150000
0.115 150000
0.125 150000
0.135 150000
0.145 150000
0.155 150000
0.165 150000
0.175 150000
0.185 150000
0.195 150000
0.205 150000
0.215 150000
0.225 150000
0.235 150000
0.245 150000
0.255 150000
0.265 150000
0.275 150000
0.285 150000
0.295 150000
0.305 150000
0.315 150000
0.325 150000
0.335 150000
0.345 150000
0.355 150000
0.365 150000
0.375 150000
0.385 150000
0.395 150000
0.405 150000
0.415 150000
0.425 150000
0.435 150000
0.445 145592
0.455 126615
0.465 126615
0.475 126615
0.485 126615
0.495 126615
0.505 126615
0.515 126615
0.525 126615
0.535 126615
0.545 126615
0.555 126615
0.565 126615
0.575 126615
0.585 126615
0.595 126615
0.605 126615
0.615 126615
0.625 126615
0.635 126615
0.645 126615
0.655 126615
0.665 126615
0.675 126615
0.685 126615
0.695 126615
0.705 126615
0.715 126615
0.725 126615
0.735 126615
0.745 100000
0.755 100000
0.765 100000
0.775 100000
0.785 100000
0.795 100000
0.805 100000
0.815 100000
0.825 100000
0.835 100000
0.845 100000
0.855 100000
0.865 100000
0.875 100000
0.885 100000
0.895 100000
0.905 100000
0.915 100000
0.925 100000
0.935 100000
0.945 100000
0.955 100000
0.965 100000
0.975 100000
0.985 100000
0.995 100000
