0.005 111.787
0.015 111.787
0.025 111.787
0.035 111.787
0.045 111.787
0.055 111.787
0.065 111.787
0.075 111.787
0.085 111.787
0.095 111.787
0.105 111.787
0.115 111.787
0.125 111.787
0.135 111.787
0.145 111.787
0.155 111.787
0.165 111.787
0.175 111.787
0.185 111.787
0.195 111.787
0.205 111.787
0.215 111.787
0.225 111.787
0.235 111.787
0.245 111.787
0.255 111.787
0.265 111.787
0.275 111.787
0.285 111.787
0.295 111.787
0.305 111.787
0.315 111.787
0.325 111.787
0.335 111.787
0.345 111.787
0.355 111.787
0.365 111.787
0.375 111.787
0.385 111.787
0.395 111.787
0.405 111.787
0.415 111.787
0.425 111.787
0.435 111.787
0.445 120.225
0.455 159.259
0.465 159.259
0.475 159.259
0.485 159.259
0.495 159.259
0.505 159.259
0.515 159.259
0.525 159.259
0.535 159.259
0.545 159.259
0.555 159.259
0.565 159.259
0.575 159.259
0.585 159.259
0.595 159.259
0.605 159.259
0.615 159.259
0.625 159.259
0.635 159.259
0.645 159.259
0.655 159.259
0.665 159.259
0.675 159.259
0.685 159.259
0.695 159.259
0.705 159.259
0.715 159.259
0.725 159.259
0.735 159.259
0.745 0
0.755 0
0.765 0
0.775 0
0.785 0
0.795 0
0.805 0
0.815 0
0.825 0
0.835 0
0.845 0
0.855 0
0.865 0
0.875 0
0.885 0
0.895 0
0.905 0
0.915 0
0.925 0
0.935 0
0.945 0
0.955 0
0.965 0
0.975 0
0.985 0
0.995 0
