0.0005 111.797 0 -0.4995
0.0015 111.797 0 -0.4995
0.0025 111.797 0 -0.4995
0.0035 111.797 0 -0.4995
0.0045 111.797 0 -0.4995
0.0055 111.797 0 -0.4995
0.0065 111.797 0 -0.4995
0.0075 111.797 0 -0.4995
0.0085 111.797 0 -0.4995
0.0095 111.797 0 -0.4995
0.0105 111.797 0 -0.4995
0.0115 111.797 0 -0.4995
0.0125 111.797 0 -0.4995
0.0135 111.797 0 -0.4995
0.0145 111.797 0 -0.4995
0.0155 111.797 0 -0.4995
0.0165 111.797 0 -0.4995
0.0175 111.797 0 -0.4995
0.0185 111.797 0 -0.4995
0.0195 111.797 0 -0.4995
0.0205 111.797 0 -0.4995
0.0215 111.797 0 -0.4995
0.0225 111.797 0 -0.4995
0.0235 111.797 0 -0.4995
0.0245 111.797 0 -0.4995
0.0255 111.797 0 -0.4995
0.0265 111.797 0 -0.4995
0.0275 111.797 0 -0.4995
0.0285 111.797 0 -0.4995
0.0295 111.797 0 -0.4995
0.0305 111.796 0 -0.4995
0.0315 111.796 0 -0.4995
0.0325 111.796 0 -0.4995
0.0335 111.796 0 -0.4995
0.0345 111.796 0 -0.4995
0.0355 111.796 0 -0.4995
0.0365 111.795 0 -0.4995
0.0375 111.795 0 -0.4995
0.0385 111.795 0 -0.4995
0.0395 111.795 0 -0.4995
0.0405 111.795 0 -0.4995
0.0415 111.795 0 -0.4995
0.0425 111.795 0 -0.499499
0.0435 111.795 0 -0.499499
0.0445 111.795 0 -0.499498
0.0455 111.795 0 -0.499497
0.0465 111.795 0 -0.499495
0.0475 111.795 0 -0.499492
0.0485 111.795 0 -0.499487
0.0495 111.795 0 -0.49948
0.0505 111.795 0 -0.49947
0.0515 111.795 0 -0.499455
0.0525 111.795 0 -0.499435
0.0535 111.795 0 -0.499406
0.0545 111.795 0 -0.499367
0.0555 111.795 0 -0.499316
0.0565 111.795 0 -0.499248
0.0575 111.795 0 -0.499161
0.0585 111.795 0 -0.499051
0.0595 111.795 0 -0.498914
0.0605 111.795 0 -0.498745
0.0615 111.795 0 -0.498541
0.0625 111.795 0 -0.498299
0.0635 111.795 0 -0.498013
0.0645 111.795 0 -0.497682
0.0655 111.795 0 -0.497303
0.0665 111.795 0 -0.496875
0.0675 111.795 0 -0.496395
0.0685 111.795 0 -0.495865
0.0695 111.795 0 -0.495285
0.0705 111.795 0 -0.494656
0.0715 111.795 0 -0.49398
0.0725 111.795 0 -0.493262
0.0735 111.795 0 -0.492502
0.0745 111.795 0 -0.491706
0.0755 111.795 0 -0.490876
0.0765 111.795 0 -0.490018
0.0775 111.795 0 -0.489133
0.0785 111.795 0 -0.488226
0.0795 111.795 0 -0.487301
0.0805 111.795 0 -0.48636
0.0815 111.795 0 -0.485406
0.0825 111.795 0 -0.484442
0.0835 111.795 0 -0.483469
0.0845 111.795 0 -0.48249
0.0855 111.795 0 -0.481505
0.0865 111.795 0 -0.480517
0.0875 111.796 0 -0.479525
0.0885 111.796 0 -0.478531
0.0895 111.796 0 -0.477535
0.0905 111.796 0 -0.476538
0.0915 111.796 0 -0.47554
0.0925 111.796 0 -0.474541
0.0935 111.796 0 -0.473542
0.0945 111.796 0 -0.472542
0.0955 111.796 0 -0.471542
0.0965 111.796 0 -0.470541
0.0975 111.796 0 -0.46954
0.0985 111.796 0 -0.468538
0.0995 111.796 0 -0.467535
0.1005 111.796 0 -0.46653
0.1015 111.796 0 -0.465523
0.1025 111.796 0 -0.464514
0.1035 111.796 0 -0.463501
0.1045 111.796 0 -0.462485
0.1055 111.795 0 -0.461463
0.1065 111.795 0 -0.460435
0.1075 111.795 0 -0.459399
0.1085 111.795 0 -0.458354
0.1095 111.795 0 -0.4573
0.1105 111.795 0 -0.456234
0.1115 111.795 0 -0.455155
0.1125 111.795 0 -0.454062
0.1135 111.794 0 -0.452955
0.1145 111.794 0 -0.451831
0.1155 111.794 0 -0.450692
0.1165 111.794 0 -0.449536
0.1175 111.794 0 -0.448363
0.1185 111.794 0 -0.447174
0.1195 111.794 0 -0.445968
0.1205 111.794 0 -0.444747
0.1215 111.794 0 -0.443512
0.1225 111.794 0 -0.442263
0.1235 111.795 0 -0.441001
0.1245 111.795 0 -0.439729
0.1255 111.795 0 -0.438446
0.1265 111.795 0 -0.437155
0.1275 111.795 0 -0.435856
0.1285 111.795 0 -0.434551
0.1295 111.795 0 -0.43324
0.1305 111.795 0 -0.431924
0.1315 111.795 0 -0.430605
0.1325 111.795 0 -0.429283
0.1335 111.795 0 -0.427958
0.1345 111.795 0 -0.426632
0.1355 111.795 0 -0.425304
0.1365 111.795 0 -0.423974
0.1375 111.795 0 -0.422644
0.1385 111.795 0 -0.421313
0.1395 111.795 0 -0.419982
0.1405 111.795 0 -0.41865
0.1415 111.795 0 -0.417318
0.1425 111.795 0 -0.415986
0.1435 111.795 0 -0.414653
0.1445 111.795 0 -0.413321
0.1455 111.795 0 -0.411988
0.1465 111.795 0 -0.410655
0.1475 111.795 0 -0.409322
0.1485 111.795 0 -0.40799
0.1495 111.795 0 -0.406657
0.1505 111.795 0 -0.405324
0.1515 111.795 0 -0.403991
0.1525 111.795 0 -0.402658
0.1535 111.795 0 -0.401325
0.1545 111.795 0 -0.399992
0.1555 111.795 0 -0.398659
0.1565 111.795 0 -0.397326
0.1575 111.795 0 -0.395992
0.1585 111.795 0 -0.394659
0.1595 111.795 0 -0.393326
0.1605 111.795 0 -0.391993
0.1615 111.795 0 -0.39066
0.1625 111.795 0 -0.389327
0.1635 111.796 0 -0.387994
0.1645 111.796 0 -0.38666
0.1655 111.796 0 -0.385327
0.1665 111.796 0 -0.383994
0.1675 111.796 0 -0.382661
0.1685 111.796 0 -0.381328
0.1695 111.796 0 -0.379994
0.1705 111.796 0 -0.378661
0.1715 111.796 0 -0.377328
0.1725 111.796 0 -0.375995
0.1735 111.796 0 -0.374661
0.1745 111.796 0 -0.373328
0.1755 111.796 0 -0.371995
0.1765 111.796 0 -0.370662
0.1775 111.795 0 -0.369328
0.1785 111.795 0 -0.367995
0.1795 111.795 0 -0.366662
0.1805 111.795 0 -0.365329
0.1815 111.795 0 -0.363995
0.1825 111.795 0 -0.362662
0.1835 111.795 0 -0.361329
0.1845 111.795 0 -0.359996
0.1855 111.794 0 -0.358662
0.1865 111.794 0 -0.357329
0.1875 111.794 0 -0.355996
0.1885 111.794 0 -0.354663
0.1895 111.794 0 -0.353329
0.1905 111.794 0 -0.351996
0.1915 111.794 0 -0.350663
0.1925 111.794 0 -0.34933
0.1935 111.794 0 -0.347996
0.1945 111.794 0 -0.346663
0.1955 111.794 0 -0.34533
0.1965 111.794 0 -0.343997
0.1975 111.794 0 -0.342663
0.1985 111.795 0 -0.34133
0.1995 111.795 0 -0.339997
0.2005 111.795 0 -0.338663
0.2015 111.795 0 -0.33733
0.2025 111.795 0 -0.335997
0.2035 111.795 0 -0.334663
0.2045 111.795 0 -0.33333
0.2055 111.795 0 -0.331997
0.2065 111.795 0 -0.330663
0.2075 111.795 0 -0.32933
0.2085 111.795 0 -0.327997
0.2095 111.795 0 -0.326663
0.2105 111.795 0 -0.32533
0.2115 111.795 0 -0.323997
0.2125 111.795 0 -0.322663
0.2135 111.795 0 -0.32133
0.2145 111.795 0 -0.319997
0.2155 111.795 0 -0.318664
0.2165 111.795 0 -0.31733
0.2175 111.795 0 -0.315997
0.2185 111.795 0 -0.314664
0.2195 111.795 0 -0.313331
0.2205 111.795 0 -0.311997
0.2215 111.795 0 -0.310664
0.2225 111.795 0 -0.309331
0.2235 111.795 0 -0.307998
0.2245 111.795 0 -0.306664
0.2255 111.795 0 -0.305331
0.2265 111.795 0 -0.303998
0.2275 111.795 0 -0.302664
0.2285 111.795 0 -0.301331
0.2295 111.795 0 -0.299998
0.2305 111.795 0 -0.298664
0.2315 111.795 0 -0.297331
0.2325 111.795 0 -0.295998
0.2335 111.795 0 -0.294665
0.2345 111.795 0 -0.293331
0.2355 111.795 0 -0.291998
0.2365 111.795 0 -0.290665
0.2375 111.796 0 -0.289331
0.2385 111.796 0 -0.287998
0.2395 111.796 0 -0.286665
0.2405 111.796 0 -0.285331
0.2415 111.796 0 -0.283998
0.2425 111.796 0 -0.282665
0.2435 111.797 0 -0.281331
0.2445 111.797 0 -0.279998
0.2455 111.796 0 -0.278665
0.2465 111.796 0 -0.277331
0.2475 111.796 0 -0.275998
0.2485 111.796 0 -0.274665
0.2495 111.796 0 -0.273331
0.2505 111.795 0 -0.271998
0.2515 111.795 0 -0.270665
0.2525 111.795 0 -0.269332
0.2535 111.794 0 -0.267998
0.2545 111.794 0 -0.266665
0.2555 111.794 0 -0.265332
0.2565 111.794 0 -0.263999
0.2575 111.794 0 -0.262665
0.2585 111.794 0 -0.261332
0.2595 111.794 0 -0.259999
0.2605 111.794 0 -0.258665
0.2615 111.794 0 -0.257332
0.2625 111.794 0 -0.255999
0.2635 111.794 0 -0.254665
0.2645 111.794 0 -0.253332
0.2655 111.794 0 -0.251999
0.2665 111.794 0 -0.250666
0.2675 111.794 0 -0.249332
0.2685 111.794 0 -0.247999
0.2695 111.794 0 -0.246666
0.2705 111.794 0 -0.245332
0.2715 111.794 0 -0.243999
0.2725 111.794 0 -0.242666
0.2735 111.794 0 -0.241332
0.2745 111.794 0 -0.239999
0.2755 111.795 0 -0.238666
0.2765 111.795 0 -0.237332
0.2775 111.795 0 -0.235999
0.2785 111.795 0 -0.234665
0.2795 111.795 0 -0.233332
0.2805 111.795 0 -0.231999
0.2815 111.795 0 -0.230665
0.2825 111.795 0 -0.229332
0.2835 111.795 0 -0.227999
0.2845 111.795 0 -0.226666
0.2855 111.795 0 -0.225332
0.2865 111.795 0 -0.223999
0.2875 111.794 0 -0.222666
0.2885 111.794 0 -0.221333
0.2895 111.794 0 -0.22
0.2905 111.794 0 -0.218666
0.2915 111.794 0 -0.217333
0.2925 111.793 0 -0.216
0.2935 111.793 0 -0.214666
0.2945 111.792 0 -0.213333
0.2955 111.791 0 -0.212
0.2965 111.79 0 -0.210666
0.2975 111.788 0 -0.209333
0.2985 111.785 0 -0.208
0.2995 111.781 0 -0.206667
0.3005 111.774 0 -0.205333
0.3015 111.763 0 -0.204
0.3025 111.745 0 -0.202667
0.3035 111.719 0 -0.201334
0.3045 111.678 0 -0.200001
0.3055 111.615 0 -0.198668
0.3065 111.518 0 -0.197336
0.3075 111.369 0 -0.196004
0.3085 111.14 0 -0.194673
0.3095 110.788 0 -0.193343
0.3105 110.246 0 -0.192015
0.3115 109.413 0 -0.190689
0.3125 108.137 0 -0.189368
0.3135 106.185 0 -0.188053
0.3145 103.212 0 -0.186748
0.3155 98.7108 0 -0.185457
0.3165 91.9634 0 -0.184187
0.3175 81.9654 0 -0.182948
0.3185 67.7778 0 -0.18175
0.3195 47.3218 0 -0.180607
0.3205 22.1457 0 -0.179532
0.3215 6.37035 0 -0.178507
0.3225 1.27322 0 -0.177501
0.3235 0.220089 0 -0.1765
0.3245 0.0425899 0 -0.1755
0.3255 0.00848052 0 -0.1745
0.3265 0.00139888 0 -0.1735
0.3275 0.00021251 0 -0.1725
0.3285 3.42512e-05 0 -0.1715
0.3295 8.61203e-06 0 -0.1705
0.3305 2.81883e-06 0 -0.1695
0.3315 6.34738e-07 0 -0.1685
0.3325 1.09716e-07 0 -0.1675
0.3335 1.87659e-08 0 -0.1665
0.3345 5.30969e-09 0 -0.1655
0.3355 2.10623e-09 0 -0.1645
0.3365 5.44678e-10 0 -0.1635
0.3375 1.00477e-10 0 -0.1625
0.3385 1.75184e-11 0 -0.1615
0.3395 4.94027e-12 0 -0.1605
0.3405 2.00996e-12 0 -0.1595
0.3415 5.60673e-13 0 -0.1585
0.3425 1.6926e-13 0 -0.1575
0.3435 9.52087e-14 0 -0.1565
0.3445 6.34725e-14 0 -0.1555
0.3455 1.05787e-14 0 -0.1545
0.3465 0 0 -0.1535
0.3475 0 0 -0.1525
0.3485 0 0 -0.1515
0.3495 0 0 -0.1505
0.3505 0 0 -0.1495
0.3515 0 0 -0.1485
0.3525 0 0 -0.1475
0.3535 0 0 -0.1465
0.3545 0 0 -0.1455
0.3555 0 0 -0.1445
0.3565 0 0 -0.1435
0.3575 0 0 -0.1425
0.3585 0 0 -0.1415
0.3595 0 0 -0.1405
0.3605 0 0 -0.1395
0.3615 0 0 -0.1385
0.3625 0 0 -0.1375
0.3635 0 0 -0.1365
0.3645 0 0 -0.1355
0.3655 0 0 -0.1345
0.3665 0 0 -0.1335
0.3675 0 0 -0.1325
0.3685 0 0 -0.1315
0.3695 0 0 -0.1305
0.3705 0 0 -0.1295
0.3715 0 0 -0.1285
0.3725 0 0 -0.1275
0.3735 0 0 -0.1265
0.3745 0 0 -0.1255
0.3755 0 0 -0.1245
0.3765 0 0 -0.1235
0.3775 0 0 -0.1225
0.3785 0 0 -0.1215
0.3795 0 0 -0.1205
0.3805 0 0 -0.1195
0.3815 0 0 -0.1185
0.3825 0 0 -0.1175
0.3835 0 0 -0.1165
0.3845 0 0 -0.1155
0.3855 0 0 -0.1145
0.3865 0 0 -0.1135
0.3875 0 0 -0.1125
0.3885 0 0 -0.1115
0.3895 0 0 -0.1105
0.3905 0 0 -0.1095
0.3915 0 0 -0.1085
0.3925 0 0 -0.1075
0.3935 0 0 -0.1065
0.3945 0 0 -0.1055
0.3955 0 0 -0.1045
0.3965 0 0 -0.1035
0.3975 0 0 -0.1025
0.3985 0 0 -0.1015
0.3995 0 0 -0.1005
0.4005 0 0 -0.0995
0.4015 0 0 -0.0985
0.4025 0 0 -0.0975
0.4035 0 0 -0.0965
0.4045 0 0 -0.0955
0.4055 0 0 -0.0945
0.4065 0 0 -0.0935
0.4075 0 0 -0.0925
0.4085 0 0 -0.0915
0.4095 0 0 -0.0905
0.4105 0 0 -0.0895
0.4115 0 0 -0.0885
0.4125 0 0 -0.0875
0.4135 0 0 -0.0865
0.4145 0 0 -0.0855
0.4155 0 0 -0.0845
0.4165 0 0 -0.0835
0.4175 0 0 -0.0825
0.4185 0 0 -0.0815
0.4195 0 0 -0.0805
0.4205 0 0 -0.0795
0.4215 0 0 -0.0785
0.4225 0 0 -0.0775
0.4235 0 0 -0.0765
0.4245 0 0 -0.0755
0.4255 0 0 -0.0745
0.4265 0 0 -0.0735
0.4275 0 0 -0.0725
0.4285 0 0 -0.0715
0.4295 0 0 -0.0705
0.4305 0 0 -0.0695
0.4315 0 0 -0.0685
0.4325 0 0 -0.0675
0.4335 0 0 -0.0665
0.4345 0 0 -0.0655
0.4355 0 0 -0.0645
0.4365 0 0 -0.0635
0.4375 0 0 -0.0625
0.4385 0 0 -0.0615
0.4395 0 0 -0.0605
0.4405 0 0 -0.0595
0.4415 0 0 -0.0585
0.4425 0 0 -0.0575
0.4435 0 0 -0.0565
0.4445 0 0 -0.0555
0.4455 0 0 -0.0545
0.4465 0 0 -0.0535
0.4475 0 0 -0.0525
0.4485 0 0 -0.0515
0.4495 0 0 -0.0505
0.4505 0 0 -0.0495
0.4515 0 0 -0.0485
0.4525 0 0 -0.0475
0.4535 0 0 -0.0465
0.4545 0 0 -0.0455
0.4555 0 0 -0.0445
0.4565 0 0 -0.0435
0.4575 0 0 -0.0425
0.4585 0 0 -0.0415
0.4595 0 0 -0.0405
0.4605 0 0 -0.0395
0.4615 0 0 -0.0385
0.4625 0 0 -0.0375
0.4635 0 0 -0.0365
0.4645 0 0 -0.0355
0.4655 0 0 -0.0345
0.4665 0 0 -0.0335
0.4675 0 0 -0.0325
0.4685 0 0 -0.0315
0.4695 0 0 -0.0305
0.4705 0 0 -0.0295
0.4715 0 0 -0.0285
0.4725 0 0 -0.0275
0.4735 0 0 -0.0265
0.4745 0 0 -0.0255
0.4755 0 0 -0.0245
0.4765 0 0 -0.0235
0.4775 0 0 -0.0225
0.4785 0 0 -0.0215
0.4795 0 0 -0.0205
0.4805 0 0 -0.0195
0.4815 0 0 -0.0185
0.4825 0 0 -0.0175
0.4835 0 0 -0.0165
0.4845 0 0 -0.0155
0.4855 0 0 -0.0145
0.4865 0 0 -0.0135
0.4875 0 0 -0.0125
0.4885 0 0 -0.0115
0.4895 0 0 -0.0105
0.4905 0 0 -0.0095
0.4915 0 0 -0.0085
0.4925 0 0 -0.0075
0.4935 0 0 -0.0065
0.4945 0 0 -0.0055
0.4955 0 0 -0.0045
0.4965 0 0 -0.0035
0.4975 0 0 -0.0025
0.4985 0 0 -0.0015
0.4995 0 0 -0.0005
0.5005 0 0 0.0005
0.5015 0 0 0.0015
0.5025 0 0 0.0025
0.5035 0 0 0.0035
0.5045 0 0 0.0045
0.5055 0 0 0.0055
0.5065 0 0 0.0065
0.5075 0 0 0.0075
0.5085 0 0 0.0085
0.5095 0 0 0.0095
0.5105 0 0 0.0105
0.5115 0 0 0.0115
0.5125 0 0 0.0125
0.5135 0 0 0.0135
0.5145 0 0 0.0145
0.5155 0 0 0.0155
0.5165 0 0 0.0165
0.5175 0 0 0.0175
0.5185 0 0 0.0185
0.5195 0 0 0.0195
0.5205 0 0 0.0205
0.5215 0 0 0.0215
0.5225 0 0 0.0225
0.5235 0 0 0.0235
0.5245 0 0 0.0245
0.5255 0 0 0.0255
0.5265 0 0 0.0265
0.5275 0 0 0.0275
0.5285 0 0 0.0285
0.5295 0 0 0.0295
0.5305 0 0 0.0305
0.5315 0 0 0.0315
0.5325 0 0 0.0325
0.5335 0 0 0.0335
0.5345 0 0 0.0345
0.5355 0 0 0.0355
0.5365 0 0 0.0365
0.5375 0 0 0.0375
0.5385 0 0 0.0385
0.5395 0 0 0.0395
0.5405 0 0 0.0405
0.5415 0 0 0.0415
0.5425 0 0 0.0425
0.5435 0 0 0.0435
0.5445 0 0 0.0445
0.5455 0 0 0.0455
0.5465 0 0 0.0465
0.5475 0 0 0.0475
0.5485 0 0 0.0485
0.5495 0 0 0.0495
0.5505 0 0 0.0505
0.5515 0 0 0.0515
0.5525 0 0 0.0525
0.5535 0 0 0.0535
0.5545 0 0 0.0545
0.5555 0 0 0.0555
0.5565 0 0 0.0565
0.5575 0 0 0.0575
0.5585 0 0 0.0585
0.5595 0 0 0.0595
0.5605 0 0 0.0605
0.5615 0 0 0.0615
0.5625 0 0 0.0625
0.5635 0 0 0.0635
0.5645 0 0 0.0645
0.5655 0 0 0.0655
0.5665 0 0 0.0665
0.5675 0 0 0.0675
0.5685 0 0 0.0685
0.5695 0 0 0.0695
0.5705 0 0 0.0705
0.5715 0 0 0.0715
0.5725 0 0 0.0725
0.5735 0 0 0.0735
0.5745 0 0 0.0745
0.5755 0 0 0.0755
0.5765 0 0 0.0765
0.5775 0 0 0.0775
0.5785 0 0 0.0785
0.5795 0 0 0.0795
0.5805 0 0 0.0805
0.5815 0 0 0.0815
0.5825 0 0 0.0825
0.5835 0 0 0.0835
0.5845 0 0 0.0845
0.5855 0 0 0.0855
0.5865 0 0 0.0865
0.5875 0 0 0.0875
0.5885 0 0 0.0885
0.5895 0 0 0.0895
0.5905 0 0 0.0905
0.5915 0 0 0.0915
0.5925 0 0 0.0925
0.5935 0 0 0.0935
0.5945 0 0 0.0945
0.5955 0 0 0.0955
0.5965 0 0 0.0965
0.5975 0 0 0.0975
0.5985 0 0 0.0985
0.5995 0 0 0.0995
0.6005 0 0 0.1005
0.6015 0 0 0.1015
0.6025 0 0 0.1025
0.6035 0 0 0.1035
0.6045 0 0 0.1045
0.6055 0 0 0.1055
0.6065 0 0 0.1065
0.6075 0 0 0.1075
0.6085 0 0 0.1085
0.6095 0 0 0.1095
0.6105 0 0 0.1105
0.6115 0 0 0.1115
0.6125 0 0 0.1125
0.6135 0 0 0.1135
0.6145 0 0 0.1145
0.6155 0 0 0.1155
0.6165 0 0 0.1165
0.6175 0 0 0.1175
0.6185 0 0 0.1185
0.6195 0 0 0.1195
0.6205 0 0 0.1205
0.6215 0 0 0.1215
0.6225 0 0 0.1225
0.6235 0 0 0.1235
0.6245 0 0 0.1245
0.6255 0 0 0.1255
0.6265 0 0 0.1265
0.6275 0 0 0.1275
0.6285 0 0 0.1285
0.6295 0 0 0.1295
0.6305 0 0 0.1305
0.6315 0 0 0.1315
0.6325 0 0 0.1325
0.6335 0 0 0.1335
0.6345 0 0 0.1345
0.6355 0 0 0.1355
0.6365 0 0 0.1365
0.6375 0 0 0.1375
0.6385 0 0 0.1385
0.6395 0 0 0.1395
0.6405 0 0 0.1405
0.6415 0 0 0.1415
0.6425 0 0 0.1425
0.6435 0 0 0.1435
0.6445 0 0 0.1445
0.6455 0 0 0.1455
0.6465 0 0 0.1465
0.6475 0 0 0.1475
0.6485 0 0 0.1485
0.6495 0 0 0.1495
0.6505 0 0 0.1505
0.6515 0 0 0.1515
0.6525 0 0 0.1525
0.6535 0 0 0.1535
0.6545 0 0 0.1545
0.6555 0 0 0.1555
0.6565 0 0 0.1565
0.6575 0 0 0.1575
0.6585 0 0 0.1585
0.6595 0 0 0.1595
0.6605 0 0 0.1605
0.6615 0 0 0.1615
0.6625 0 0 0.1625
0.6635 0 0 0.1635
0.6645 0 0 0.1645
0.6655 0 0 0.1655
0.6665 0 0 0.1665
0.6675 0 0 0.1675
0.6685 0 0 0.1685
0.6695 0 0 0.1695
0.6705 0 0 0.1705
0.6715 0 0 0.1715
0.6725 0 0 0.1725
0.6735 0 0 0.1735
0.6745 0 0 0.1745
0.6755 0 0 0.1755
0.6765 0 0 0.1765
0.6775 0 0 0.1775
0.6785 0 0 0.1785
0.6795 0 0 0.1795
0.6805 0 0 0.1805
0.6815 0 0 0.1815
0.6825 0 0 0.1825
0.6835 0 0 0.1835
0.6845 0 0 0.1845
0.6855 0 0 0.1855
0.6865 0 0 0.1865
0.6875 0 0 0.1875
0.6885 0 0 0.1885
0.6895 0 0 0.1895
0.6905 0 0 0.1905
0.6915 0 0 0.1915
0.6925 0 0 0.1925
0.6935 0 0 0.1935
0.6945 0 0 0.1945
0.6955 0 0 0.1955
0.6965 0 0 0.1965
0.6975 0 0 0.1975
0.6985 0 0 0.1985
0.6995 0 0 0.1995
0.7005 0 0 0.2005
0.7015 0 0 0.2015
0.7025 0 0 0.2025
0.7035 0 0 0.2035
0.7045 0 0 0.2045
0.7055 0 0 0.2055
0.7065 0 0 0.2065
0.7075 0 0 0.2075
0.7085 0 0 0.2085
0.7095 0 0 0.2095
0.7105 0 0 0.2105
0.7115 0 0 0.2115
0.7125 0 0 0.2125
0.7135 0 0 0.2135
0.7145 0 0 0.2145
0.7155 0 0 0.2155
0.7165 0 0 0.2165
0.7175 0 0 0.2175
0.7185 0 0 0.2185
0.7195 0 0 0.2195
0.7205 0 0 0.2205
0.7215 0 0 0.2215
0.7225 0 0 0.2225
0.7235 0 0 0.2235
0.7245 0 0 0.2245
0.7255 0 0 0.2255
0.7265 0 0 0.2265
0.7275 0 0 0.2275
0.7285 0 0 0.2285
0.7295 0 0 0.2295
0.7305 0 0 0.2305
0.7315 0 0 0.2315
0.7325 0 0 0.2325
0.7335 0 0 0.2335
0.7345 0 0 0.2345
0.7355 0 0 0.2355
0.7365 0 0 0.2365
0.7375 0 0 0.2375
0.7385 0 0 0.2385
0.7395 0 0 0.2395
0.7405 0 0 0.2405
0.7415 0 0 0.2415
0.7425 0 0 0.2425
0.7435 0 0 0.2435
0.7445 0 0 0.2445
0.7455 0 0 0.2455
0.7465 0 0 0.2465
0.7475 0 0 0.2475
0.7485 0 0 0.2485
0.7495 0 0 0.2495
0.7505 0 0 0.2505
0.7515 0 0 0.2515
0.7525 0 0 0.2525
0.7535 0 0 0.2535
0.7545 0 0 0.2545
0.7555 0 0 0.2555
0.7565 0 0 0.2565
0.7575 0 0 0.2575
0.7585 0 0 0.2585
0.7595 0 0 0.2595
0.7605 0 0 0.2605
0.7615 0 0 0.2615
0.7625 0 0 0.2625
0.7635 0 0 0.2635
0.7645 0 0 0.2645
0.7655 0 0 0.2655
0.7665 0 0 0.2665
0.7675 0 0 0.2675
0.7685 0 0 0.2685
0.7695 0 0 0.2695
0.7705 0 0 0.2705
0.7715 0 0 0.2715
0.7725 0 0 0.2725
0.7735 0 0 0.2735
0.7745 0 0 0.2745
0.7755 0 0 0.2755
0.7765 0 0 0.2765
0.7775 0 0 0.2775
0.7785 0 0 0.2785
0.7795 0 0 0.2795
0.7805 0 0 0.2805
0.7815 0 0 0.2815
0.7825 0 0 0.2825
0.7835 0 0 0.2835
0.7845 0 0 0.2845
0.7855 0 0 0.2855
0.7865 0 0 0.2865
0.7875 0 0 0.2875
0.7885 0 0 0.2885
0.7895 0 0 0.2895
0.7905 0 0 0.2905
0.7915 0 0 0.2915
0.7925 0 0 0.2925
0.7935 0 0 0.2935
0.7945 0 0 0.2945
0.7955 0 0 0.2955
0.7965 0 0 0.2965
0.7975 0 0 0.2975
0.7985 0 0 0.2985
0.7995 0 0 0.2995
0.8005 0 0 0.3005
0.8015 0 0 0.3015
0.8025 0 0 0.3025
0.8035 0 0 0.3035
0.8045 0 0 0.3045
0.8055 0 0 0.3055
0.8065 0 0 0.3065
0.8075 0 0 0.3075
0.8085 0 0 0.3085
0.8095 0 0 0.3095
0.8105 0 0 0.3105
0.8115 0 0 0.3115
0.8125 0 0 0.3125
0.8135 0 0 0.3135
0.8145 0 0 0.3145
0.8155 0 0 0.3155
0.8165 0 0 0.3165
0.8175 0 0 0.3175
0.8185 0 0 0.3185
0.8195 0 0 0.3195
0.8205 0 0 0.3205
0.8215 0 0 0.3215
0.8225 0 0 0.3225
0.8235 0 0 0.3235
0.8245 0 0 0.3245
0.8255 0 0 0.3255
0.8265 0 0 0.3265
0.8275 0 0 0.3275
0.8285 0 0 0.3285
0.8295 0 0 0.3295
0.8305 0 0 0.3305
0.8315 0 0 0.3315
0.8325 0 0 0.3325
0.8335 0 0 0.3335
0.8345 0 0 0.3345
0.8355 0 0 0.3355
0.8365 0 0 0.3365
0.8375 0 0 0.3375
0.8385 0 0 0.3385
0.8395 0 0 0.3395
0.8405 0 0 0.3405
0.8415 0 0 0.3415
0.8425 0 0 0.3425
0.8435 0 0 0.3435
0.8445 0 0 0.3445
0.8455 0 0 0.3455
0.8465 0 0 0.3465
0.8475 0 0 0.3475
0.8485 0 0 0.3485
0.8495 0 0 0.3495
0.8505 0 0 0.3505
0.8515 0 0 0.3515
0.8525 0 0 0.3525
0.8535 0 0 0.3535
0.8545 0 0 0.3545
0.8555 0 0 0.3555
0.8565 0 0 0.3565
0.8575 0 0 0.3575
0.8585 0 0 0.3585
0.8595 0 0 0.3595
0.8605 0 0 0.3605
0.8615 0 0 0.3615
0.8625 0 0 0.3625
0.8635 0 0 0.3635
0.8645 0 0 0.3645
0.8655 0 0 0.3655
0.8665 0 0 0.3665
0.8675 0 0 0.3675
0.8685 0 0 0.3685
0.8695 0 0 0.3695
0.8705 0 0 0.3705
0.8715 0 0 0.3715
0.8725 0 0 0.3725
0.8735 0 0 0.3735
0.8745 0 0 0.3745
0.8755 0 0 0.3755
0.8765 0 0 0.3765
0.8775 0 0 0.3775
0.8785 0 0 0.3785
0.8795 0 0 0.3795
0.8805 0 0 0.3805
0.8815 0 0 0.3815
0.8825 0 0 0.3825
0.8835 0 0 0.3835
0.8845 0 0 0.3845
0.8855 0 0 0.3855
0.8865 0 0 0.3865
0.8875 0 0 0.3875
0.8885 0 0 0.3885
0.8895 0 0 0.3895
0.8905 0 0 0.3905
0.8915 0 0 0.3915
0.8925 0 0 0.3925
0.8935 0 0 0.3935
0.8945 0 0 0.3945
0.8955 0 0 0.3955
0.8965 0 0 0.3965
0.8975 0 0 0.3975
0.8985 0 0 0.3985
0.8995 0 0 0.3995
0.9005 0 0 0.4005
0.9015 0 0 0.4015
0.9025 0 0 0.4025
0.9035 0 0 0.4035
0.9045 0 0 0.4045
0.9055 0 0 0.4055
0.9065 0 0 0.4065
0.9075 0 0 0.4075
0.9085 0 0 0.4085
0.9095 0 0 0.4095
0.9105 0 0 0.4105
0.9115 0 0 0.4115
0.9125 0 0 0.4125
0.9135 0 0 0.4135
0.9145 0 0 0.4145
0.9155 0 0 0.4155
0.9165 0 0 0.4165
0.9175 0 0 0.4175
0.9185 0 0 0.4185
0.9195 0 0 0.4195
0.9205 0 0 0.4205
0.9215 0 0 0.4215
0.9225 0 0 0.4225
0.9235 0 0 0.4235
0.9245 0 0 0.4245
0.9255 0 0 0.4255
0.9265 0 0 0.4265
0.9275 0 0 0.4275
0.9285 0 0 0.4285
0.9295 0 0 0.4295
0.9305 0 0 0.4305
0.9315 0 0 0.4315
0.9325 0 0 0.4325
0.9335 0 0 0.4335
0.9345 0 0 0.4345
0.9355 0 0 0.4355
0.9365 0 0 0.4365
0.9375 0 0 0.4375
0.9385 0 0 0.4385
0.9395 0 0 0.4395
0.9405 0 0 0.4405
0.9415 0 0 0.4415
0.9425 0 0 0.4425
0.9435 0 0 0.4435
0.9445 0 0 0.4445
0.9455 0 0 0.4455
0.9465 0 0 0.4465
0.9475 0 0 0.4475
0.9485 0 0 0.4485
0.9495 0 0 0.4495
0.9505 0 0 0.4505
0.9515 0 0 0.4515
0.9525 0 0 0.4525
0.9535 0 0 0.4535
0.9545 0 0 0.4545
0.9555 0 0 0.4555
0.9565 0 0 0.4565
0.9575 0 0 0.4575
0.9585 0 0 0.4585
0.9595 0 0 0.4595
0.9605 0 0 0.4605
0.9615 0 0 0.4615
0.9625 0 0 0.4625
0.9635 0 0 0.4635
0.9645 0 0 0.4645
0.9655 0 0 0.4655
0.9665 0 0 0.4665
0.9675 0 0 0.4675
0.9685 0 0 0.4685
0.9695 0 0 0.4695
0.9705 0 0 0.4705
0.9715 0 0 0.4715
0.9725 0 0 0.4725
0.9735 0 0 0.4735
0.9745 0 0 0.4745
0.9755 0 0 0.4755
0.9765 0 0 0.4765
0.9775 0 0 0.4775
0.9785 0 0 0.4785
0.9795 0 0 0.4795
0.9805 0 0 0.4805
0.9815 0 0 0.4815
0.9825 0 0 0.4825
0.9835 0 0 0.4835
0.9845 0 0 0.4845
0.9855 0 0 0.4855
0.9865 0 0 0.4865
0.9875 0 0 0.4875
0.9885 0 0 0.4885
0.9895 0 0 0.4895
0.9905 0 0 0.4905
0.9915 0 0 0.4915
0.9925 0 0 0.4925
0.9935 0 0 0.4935
0.9945 0 0 0.4945
0.9955 0 0 0.4955
0.9965 0 0 0.4965
0.9975 0 0 0.4975
0.9985 0 0 0.4985
0.9995 0 0 0.4995
