0.0005 111.795 0 -0.4995
0.0015 111.795 0 -0.4995
0.0025 111.795 0 -0.4995
0.0035 111.795 0 -0.4995
0.0045 111.795 0 -0.4995
0.0055 111.795 0 -0.4995
0.0065 111.795 0 -0.4995
0.0075 111.795 0 -0.4995
0.0085 111.795 0 -0.4995
0.0095 111.795 0 -0.4995
0.0105 111.795 0 -0.4995
0.0115 111.795 0 -0.4995
0.0125 111.795 0 -0.4995
0.0135 111.795 0 -0.4995
0.0145 111.795 0 -0.4995
0.0155 111.795 0 -0.4995
0.0165 111.795 0 -0.4995
0.0175 111.795 0 -0.4995
0.0185 111.795 0 -0.4995
0.0195 111.795 0 -0.4995
0.0205 111.795 0 -0.4995
0.0215 111.795 0 -0.4995
0.0225 111.795 0 -0.4995
0.0235 111.795 0 -0.4995
0.0245 111.795 0 -0.4995
0.0255 111.795 0 -0.4995
0.0265 111.795 0 -0.4995
0.0275 111.795 0 -0.4995
0.0285 111.795 0 -0.4995
0.0295 111.796 0 -0.4995
0.0305 111.796 0 -0.4995
0.0315 111.796 0 -0.4995
0.0325 111.796 0 -0.4995
0.0335 111.796 0 -0.4995
0.0345 111.796 0 -0.4995
0.0355 111.796 0 -0.4995
0.0365 111.796 0 -0.4995
0.0375 111.796 0 -0.4995
0.0385 111.796 0 -0.4995
0.0395 111.796 0 -0.4995
0.0405 111.796 0 -0.4995
0.0415 111.796 0 -0.4995
0.0425 111.796 0 -0.4995
0.0435 111.796 0 -0.4995
0.0445 111.796 0 -0.4995
0.0455 111.796 0 -0.4995
0.0465 111.796 0 -0.4995
0.0475 111.796 0 -0.4995
0.0485 111.795 0 -0.4995
0.0495 111.795 0 -0.4995
0.0505 111.795 0 -0.4995
0.0515 111.795 0 -0.4995
0.0525 111.795 0 -0.4995
0.0535 111.795 0 -0.4995
0.0545 111.795 0 -0.4995
0.0555 111.795 0 -0.4995
0.0565 111.795 0 -0.4995
0.0575 111.795 0 -0.4995
0.0585 111.795 0 -0.4995
0.0595 111.795 0 -0.4995
0.0605 111.795 0 -0.499499
0.0615 111.795 0 -0.499499
0.0625 111.795 0 -0.499498
0.0635 111.795 0 -0.499497
0.0645 111.795 0 -0.499496
0.0655 111.795 0 -0.499494
0.0665 111.795 0 -0.499491
0.0675 111.795 0 -0.499487
0.0685 111.795 0 -0.499481
0.0695 111.795 0 -0.499472
0.0705 111.795 0 -0.49946
0.0715 111.795 0 -0.499445
0.0725 111.795 0 -0.499423
0.0735 111.795 0 -0.499395
0.0745 111.795 0 -0.499359
0.0755 111.795 0 -0.499312
0.0765 111.795 0 -0.499253
0.0775 111.795 0 -0.499179
0.0785 111.795 0 -0.499087
0.0795 111.795 0 -0.498975
0.0805 111.795 0 -0.49884
0.0815 111.795 0 -0.498678
0.0825 111.795 0 -0.498487
0.0835 111.795 0 -0.498263
0.0845 111.795 0 -0.498005
0.0855 111.795 0 -0.497708
0.0865 111.795 0 -0.497372
0.0875 111.795 0 -0.496994
0.0885 111.795 0 -0.496574
0.0895 111.795 0 -0.496109
0.0905 111.795 0 -0.495601
0.0915 111.795 0 -0.495049
0.0925 111.795 0 -0.494454
0.0935 111.795 0 -0.493817
0.0945 111.795 0 -0.49314
0.0955 111.795 0 -0.492425
0.0965 111.795 0 -0.491674
0.0975 111.795 0 -0.490891
0.0985 111.795 0 -0.490077
0.0995 111.795 0 -0.489236
0.1005 111.795 0 -0.48837
0.1015 111.795 0 -0.487483
0.1025 111.795 0 -0.486577
0.1035 111.795 0 -0.485654
0.1045 111.795 0 -0.484717
0.1055 111.795 0 -0.483768
0.1065 111.796 0 -0.482809
0.1075 111.796 0 -0.481841
0.1085 111.796 0 -0.480867
0.1095 111.796 0 -0.479887
0.1105 111.796 0 -0.478902
0.1115 111.796 0 -0.477914
0.1125 111.796 0 -0.476923
0.1135 111.796 0 -0.475929
0.1145 111.796 0 -0.474933
0.1155 111.796 0 -0.473936
0.1165 111.796 0 -0.472938
0.1175 111.796 0 -0.471938
0.1185 111.796 0 -0.470936
0.1195 111.796 0 -0.469934
0.1205 111.795 0 -0.468929
0.1215 111.795 0 -0.467923
0.1225 111.795 0 -0.466914
0.1235 111.795 0 -0.465903
0.1245 111.795 0 -0.464888
0.1255 111.795 0 -0.463869
0.1265 111.795 0 -0.462845
0.1275 111.795 0 -0.461815
0.1285 111.795 0 -0.460779
0.1295 111.795 0 -0.459735
0.1305 111.795 0 -0.458682
0.1315 111.794 0 -0.45762
0.1325 111.794 0 -0.456547
0.1335 111.794 0 -0.455463
0.1345 111.794 0 -0.454367
0.1355 111.794 0 -0.453257
0.1365 111.794 0 -0.452134
0.1375 111.794 0 -0.450997
0.1385 111.794 0 -0.449845
0.1395 111.794 0 -0.448679
0.1405 111.794 0 -0.447499
0.1415 111.795 0 -0.446304
0.1425 111.795 0 -0.445096
0.1435 111.795 0 -0.443874
0.1445 111.795 0 -0.442639
0.1455 111.795 0 -0.441393
0.1465 111.795 0 -0.440135
0.1475 111.795 0 -0.438867
0.1485 111.795 0 -0.43759
0.1495 111.795 0 -0.436305
0.1505 111.795 0 -0.435012
0.1515 111.795 0 -0.433713
0.1525 111.795 0 -0.432408
0.1535 111.795 0 -0.431098
0.1545 111.795 0 -0.429784
0.1555 111.795 0 -0.428466
0.1565 111.795 0 -0.427146
0.1575 111.795 0 -0.425823
0.1585 111.795 0 -0.424497
0.1595 111.795 0 -0.423171
0.1605 111.795 0 -0.421843
0.1615 111.795 0 -0.420513
0.1625 111.795 0 -0.419183
0.1635 111.795 0 -0.417853
0.1645 111.795 0 -0.416521
0.1655 111.795 0 -0.41519
0.1665 111.795 0 -0.413858
0.1675 111.795 0 -0.412526
0.1685 111.795 0 -0.411193
0.1695 111.795 0 -0.409861
0.1705 111.795 0 -0.408528
0.1715 111.795 0 -0.407195
0.1725 111.795 0 -0.405862
0.1735 111.795 0 -0.404529
0.1745 111.795 0 -0.403196
0.1755 111.795 0 -0.401863
0.1765 111.795 0 -0.40053
0.1775 111.795 0 -0.399197
0.1785 111.795 0 -0.397864
0.1795 111.796 0 -0.396531
0.1805 111.796 0 -0.395198
0.1815 111.796 0 -0.393865
0.1825 111.796 0 -0.392532
0.1835 111.796 0 -0.391199
0.1845 111.796 0 -0.389866
0.1855 111.796 0 -0.388533
0.1865 111.796 0 -0.387199
0.1875 111.796 0 -0.385866
0.1885 111.796 0 -0.384533
0.1895 111.796 0 -0.3832
0.1905 111.796 0 -0.381867
0.1915 111.796 0 -0.380533
0.1925 111.795 0 -0.3792
0.1935 111.795 0 -0.377867
0.1945 111.795 0 -0.376534
0.1955 111.795 0 -0.3752
0.1965 111.795 0 -0.373867
0.1975 111.795 0 -0.372534
0.1985 111.795 0 -0.371201
0.1995 111.795 0 -0.369867
0.2005 111.795 0 -0.368534
0.2015 111.795 0 -0.367201
0.2025 111.795 0 -0.365868
0.2035 111.794 0 -0.364534
0.2045 111.794 0 -0.363201
0.2055 111.794 0 -0.361868
0.2065 111.794 0 -0.360535
0.2075 111.794 0 -0.359201
0.2085 111.794 0 -0.357868
0.2095 111.794 0 -0.356535
0.2105 111.794 0 -0.355202
0.2115 111.794 0 -0.353868
0.2125 111.794 0 -0.352535
0.2135 111.794 0 -0.351202
0.2145 111.794 0 -0.349869
0.2155 111.794 0 -0.348535
0.2165 111.795 0 -0.347202
0.2175 111.795 0 -0.345869
0.2185 111.795 0 -0.344536
0.2195 111.795 0 -0.343202
0.2205 111.795 0 -0.341869
0.2215 111.795 0 -0.340536
0.2225 111.795 0 -0.339202
0.2235 111.795 0 -0.337869
0.2245 111.795 0 -0.336536
0.2255 111.795 0 -0.335202
0.2265 111.795 0 -0.333869
0.2275 111.795 0 -0.332536
0.2285 111.795 0 -0.331203
0.2295 111.795 0 -0.329869
0.2305 111.795 0 -0.328536
0.2315 111.795 0 -0.327203
0.2325 111.795 0 -0.325869
0.2335 111.795 0 -0.324536
0.2345 111.795 0 -0.323203
0.2355 111.795 0 -0.321869
0.2365 111.795 0 -0.320536
0.2375 111.795 0 -0.319203
0.2385 111.795 0 -0.317869
0.2395 111.795 0 -0.316536
0.2405 111.795 0 -0.315203
0.2415 111.795 0 -0.31387
0.2425 111.795 0 -0.312536
0.2435 111.795 0 -0.311203
0.2445 111.795 0 -0.30987
0.2455 111.795 0 -0.308537
0.2465 111.795 0 -0.307203
0.2475 111.795 0 -0.30587
0.2485 111.795 0 -0.304537
0.2495 111.795 0 -0.303203
0.2505 111.795 0 -0.30187
0.2515 111.795 0 -0.300537
0.2525 111.796 0 -0.299204
0.2535 111.796 0 -0.29787
0.2545 111.796 0 -0.296537
0.2555 111.796 0 -0.295204
0.2565 111.796 0 -0.29387
0.2575 111.796 0 -0.292537
0.2585 111.796 0 -0.291204
0.2595 111.796 0 -0.28987
0.2605 111.796 0 -0.288537
0.2615 111.796 0 -0.287204
0.2625 111.796 0 -0.28587
0.2635 111.796 0 -0.284537
0.2645 111.796 0 -0.283204
0.2655 111.796 0 -0.28187
0.2665 111.795 0 -0.280537
0.2675 111.795 0 -0.279204
0.2685 111.795 0 -0.27787
0.2695 111.795 0 -0.276537
0.2705 111.795 0 -0.275204
0.2715 111.795 0 -0.273871
0.2725 111.794 0 -0.272537
0.2735 111.794 0 -0.271204
0.2745 111.794 0 -0.269871
0.2755 111.794 0 -0.268537
0.2765 111.794 0 -0.267204
0.2775 111.794 0 -0.265871
0.2785 111.794 0 -0.264538
0.2795 111.794 0 -0.263204
0.2805 111.794 0 -0.261871
0.2815 111.794 0 -0.260538
0.2825 111.794 0 -0.259204
0.2835 111.794 0 -0.257871
0.2845 111.794 0 -0.256538
0.2855 111.794 0 -0.255205
0.2865 111.794 0 -0.253871
0.2875 111.794 0 -0.252538
0.2885 111.794 0 -0.251205
0.2895 111.795 0 -0.249871
0.2905 111.795 0 -0.248538
0.2915 111.795 0 -0.247205
0.2925 111.795 0 -0.245871
0.2935 111.795 0 -0.244538
0.2945 111.795 0 -0.243205
0.2955 111.795 0 -0.241871
0.2965 111.795 0 -0.240538
0.2975 111.795 0 -0.239205
0.2985 111.795 0 -0.237871
0.2995 111.795 0 -0.236538
0.3005 111.795 0 -0.235205
0.3015 111.795 0 -0.233871
0.3025 111.795 0 -0.232538
0.3035 111.795 0 -0.231205
0.3045 111.795 0 -0.229871
0.3055 111.795 0 -0.228538
0.3065 111.795 0 -0.227205
0.3075 111.795 0 -0.225872
0.3085 111.795 0 -0.224538
0.3095 111.795 0 -0.223205
0.3105 111.795 0 -0.221872
0.3115 111.795 0 -0.220539
0.3125 111.795 0 -0.219205
0.3135 111.795 0 -0.217872
0.3145 111.795 0 -0.216539
0.3155 111.795 0 -0.215205
0.3165 111.795 0 -0.213872
0.3175 111.795 0 -0.212539
0.3185 111.795 0 -0.211205
0.3195 111.795 0 -0.209872
0.3205 111.795 0 -0.208539
0.3215 111.795 0 -0.207206
0.3225 111.795 0 -0.205872
0.3235 111.795 0 -0.204539
0.3245 111.795 0 -0.203206
0.3255 111.795 0 -0.201872
0.3265 111.796 0 -0.200539
0.3275 111.796 0 -0.199206
0.3285 111.796 0 -0.197872
0.3295 111.796 0 -0.196539
0.3305 111.796 0 -0.195206
0.3315 111.796 0 -0.193872
0.3325 111.796 0 -0.192539
0.3335 111.797 0 -0.191206
0.3345 111.796 0 -0.189872
0.3355 111.796 0 -0.188539
0.3365 111.796 0 -0.187206
0.3375 111.796 0 -0.185872
0.3385 111.796 0 -0.184539
0.3395 111.796 0 -0.183206
0.3405 111.795 0 -0.181872
0.3415 111.795 0 -0.180539
0.3425 111.794 0 -0.179206
0.3435 111.794 0 -0.177873
0.3445 111.794 0 -0.17654
0.3455 111.794 0 -0.175206
0.3465 111.794 0 -0.173873
0.3475 111.794 0 -0.17254
0.3485 111.794 0 -0.171206
0.3495 111.794 0 -0.169873
0.3505 111.794 0 -0.16854
0.3515 111.794 0 -0.167206
0.3525 111.794 0 -0.165873
0.3535 111.794 0 -0.16454
0.3545 111.794 0 -0.163207
0.3555 111.794 0 -0.161873
0.3565 111.795 0 -0.16054
0.3575 111.795 0 -0.159207
0.3585 111.795 0 -0.157873
0.3595 111.795 0 -0.15654
0.3605 111.795 0 -0.155207
0.3615 111.795 0 -0.153873
0.3625 111.795 0 -0.15254
0.3635 111.795 0 -0.151207
0.3645 111.795 0 -0.149873
0.3655 111.795 0 -0.14854
0.3665 111.795 0 -0.147207
0.3675 111.795 0 -0.145873
0.3685 111.795 0 -0.14454
0.3695 111.795 0 -0.143206
0.3705 111.795 0 -0.141873
0.3715 111.795 0 -0.14054
0.3725 111.795 0 -0.139206
0.3735 111.795 0 -0.137873
0.3745 111.795 0 -0.13654
0.3755 111.795 0 -0.135207
0.3765 111.795 0 -0.133874
0.3775 111.795 0 -0.13254
0.3785 111.794 0 -0.131207
0.3795 111.794 0 -0.129874
0.3805 111.794 0 -0.128541
0.3815 111.794 0 -0.127207
0.3825 111.793 0 -0.125874
0.3835 111.793 0 -0.124541
0.3845 111.792 0 -0.123207
0.3855 111.791 0 -0.121874
0.3865 111.79 0 -0.120541
0.3875 111.787 0 -0.119208
0.3885 111.784 0 -0.117874
0.3895 111.778 0 -0.116541
0.3905 111.77 0 -0.115208
0.3915 111.756 0 -0.113875
0.3925 111.736 0 -0.112541
0.3935 111.704 0 -0.111208
0.3945 111.656 0 -0.109875
0.3955 111.581 0 -0.108543
0.3965 111.466 0 -0.107211
0.3975 111.289 0 -0.105879
0.3985 111.017 0 -0.104548
0.3995 110.598 0 -0.103219
0.4005 109.955 0 -0.101892
0.4015 108.968 0 -0.100568
0.4025 107.456 0 -0.0992484
0.4035 105.15 0 -0.0979367
0.4045 101.646 0 -0.0966362
0.4055 96.3751 0 -0.0953524
0.4065 88.5124 0 -0.094093
0.4075 77.0385 0 -0.092868
0.4085 60.8455 0 -0.0916896
0.4095 38.1564 0 -0.090572
0.4105 15.0649 0 -0.0895189
0.4115 3.70831 0 -0.0885037
0.4125 0.678874 0 -0.0875007
0.4135 0.117364 0 -0.0865001
0.4145 0.0239481 0 -0.0855
0.4155 0.00452852 0 -0.0845
0.4165 0.000708535 0 -0.0835
0.4175 0.000107327 0 -0.0825
0.4185 1.77745e-05 0 -0.0815
0.4195 3.7271e-06 0 -0.0805
0.4205 8.40944e-07 0 -0.0795
0.4215 1.86672e-07 0 -0.0785
0.4225 3.70165e-08 0 -0.0775
0.4235 6.52172e-09 0 -0.0765
0.4245 1.04988e-09 0 -0.0755
0.4255 1.60467e-10 0 -0.0745
0.4265 2.41001e-11 0 -0.0735
0.4275 3.66973e-12 0 -0.0725
0.4285 6.08385e-13 0 -0.0715
0.4295 1.20053e-13 0 -0.0705
0.4305 3.29651e-14 0 -0.0695
0.4315 0 0 -0.0685
0.4325 0 0 -0.0675
0.4335 0 0 -0.0665
0.4345 0 0 -0.0655
0.4355 0 0 -0.0645
0.4365 0 0 -0.0635
0.4375 0 0 -0.0625
0.4385 0 0 -0.0615
0.4395 0 0 -0.0605
0.4405 0 0 -0.0595
0.4415 0 0 -0.0585
0.4425 0 0 -0.0575
0.4435 0 0 -0.0565
0.4445 0 0 -0.0555
0.4455 0 0 -0.0545
0.4465 0 0 -0.0535
0.4475 0 0 -0.0525
0.4485 0 0 -0.0515
0.4495 0 0 -0.0505
0.4505 0 0 -0.0495
0.4515 0 0 -0.0485
0.4525 0 0 -0.0475
0.4535 0 0 -0.0465
0.4545 0 0 -0.0455
0.4555 0 0 -0.0445
0.4565 0 0 -0.0435
0.4575 0 0 -0.0425
0.4585 0 0 -0.0415
0.4595 0 0 -0.0405
0.4605 0 0 -0.0395
0.4615 0 0 -0.0385
0.4625 0 0 -0.0375
0.4635 0 0 -0.0365
0.4645 0 0 -0.0355
0.4655 0 0 -0.0345
0.4665 0 0 -0.0335
0.4675 0 0 -0.0325
0.4685 0 0 -0.0315
0.4695 0 0 -0.0305
0.4705 0 0 -0.0295
0.4715 0 0 -0.0285
0.4725 0 0 -0.0275
0.4735 0 0 -0.0265
0.4745 0 0 -0.0255
0.4755 0 0 -0.0245
0.4765 0 0 -0.0235
0.4775 0 0 -0.0225
0.4785 0 0 -0.0215
0.4795 0 0 -0.0205
0.4805 0 0 -0.0195
0.4815 0 0 -0.0185
0.4825 0 0 -0.0175
0.4835 0 0 -0.0165
0.4845 0 0 -0.0155
0.4855 0 0 -0.0145
0.4865 0 0 -0.0135
0.4875 0 0 -0.0125
0.4885 0 0 -0.0115
0.4895 0 0 -0.0105
0.4905 0 0 -0.0095
0.4915 0 0 -0.0085
0.4925 0 0 -0.0075
0.4935 0 0 -0.0065
0.4945 0 0 -0.0055
0.4955 0 0 -0.0045
0.4965 0 0 -0.0035
0.4975 0 0 -0.0025
0.4985 0 0 -0.0015
0.4995 0 0 -0.0005
0.5005 0 0 0.0005
0.5015 0 0 0.0015
0.5025 0 0 0.0025
0.5035 0 0 0.0035
0.5045 0 0 0.0045
0.5055 0 0 0.0055
0.5065 0 0 0.0065
0.5075 0 0 0.0075
0.5085 0 0 0.0085
0.5095 0 0 0.0095
0.5105 0 0 0.0105
0.5115 0 0 0.0115
0.5125 0 0 0.0125
0.5135 0 0 0.0135
0.5145 0 0 0.0145
0.5155 0 0 0.0155
0.5165 0 0 0.0165
0.5175 0 0 0.0175
0.5185 0 0 0.0185
0.5195 0 0 0.0195
0.5205 0 0 0.0205
0.5215 0 0 0.0215
0.5225 0 0 0.0225
0.5235 0 0 0.0235
0.5245 0 0 0.0245
0.5255 0 0 0.0255
0.5265 0 0 0.0265
0.5275 0 0 0.0275
0.5285 0 0 0.0285
0.5295 0 0 0.0295
0.5305 0 0 0.0305
0.5315 0 0 0.0315
0.5325 0 0 0.0325
0.5335 0 0 0.0335
0.5345 0 0 0.0345
0.5355 0 0 0.0355
0.5365 0 0 0.0365
0.5375 0 0 0.0375
0.5385 0 0 0.0385
0.5395 0 0 0.0395
0.5405 0 0 0.0405
0.5415 0 0 0.0415
0.5425 0 0 0.0425
0.5435 0 0 0.0435
0.5445 0 0 0.0445
0.5455 0 0 0.0455
0.5465 0 0 0.0465
0.5475 0 0 0.0475
0.5485 0 0 0.0485
0.5495 0 0 0.0495
0.5505 0 0 0.0505
0.5515 0 0 0.0515
0.5525 0 0 0.0525
0.5535 0 0 0.0535
0.5545 0 0 0.0545
0.5555 0 0 0.0555
0.5565 0 0 0.0565
0.5575 0 0 0.0575
0.5585 0 0 0.0585
0.5595 0 0 0.0595
0.5605 0 0 0.0605
0.5615 0 0 0.0615
0.5625 0 0 0.0625
0.5635 0 0 0.0635
0.5645 0 0 0.0645
0.5655 0 0 0.0655
0.5665 0 0 0.0665
0.5675 0 0 0.0675
0.5685 0 0 0.0685
0.5695 0 0 0.0695
0.5705 0 0 0.0705
0.5715 0 0 0.0715
0.5725 0 0 0.0725
0.5735 0 0 0.0735
0.5745 0 0 0.0745
0.5755 0 0 0.0755
0.5765 0 0 0.0765
0.5775 0 0 0.0775
0.5785 0 0 0.0785
0.5795 0 0 0.0795
0.5805 0 0 0.0805
0.5815 0 0 0.0815
0.5825 0 0 0.0825
0.5835 0 0 0.0835
0.5845 0 0 0.0845
0.5855 0 0 0.0855
0.5865 0 0 0.0865
0.5875 0 0 0.0875
0.5885 0 0 0.0885
0.5895 0 0 0.0895
0.5905 0 0 0.0905
0.5915 0 0 0.0915
0.5925 0 0 0.0925
0.5935 0 0 0.0935
0.5945 0 0 0.0945
0.5955 0 0 0.0955
0.5965 0 0 0.0965
0.5975 0 0 0.0975
0.5985 0 0 0.0985
0.5995 0 0 0.0995
0.6005 0 0 0.1005
0.6015 0 0 0.1015
0.6025 0 0 0.1025
0.6035 0 0 0.1035
0.6045 0 0 0.1045
0.6055 0 0 0.1055
0.6065 0 0 0.1065
0.6075 0 0 0.1075
0.6085 0 0 0.1085
0.6095 0 0 0.1095
0.6105 0 0 0.1105
0.6115 0 0 0.1115
0.6125 0 0 0.1125
0.6135 0 0 0.1135
0.6145 0 0 0.1145
0.6155 0 0 0.1155
0.6165 0 0 0.1165
0.6175 0 0 0.1175
0.6185 0 0 0.1185
0.6195 0 0 0.1195
0.6205 0 0 0.1205
0.6215 0 0 0.1215
0.6225 0 0 0.1225
0.6235 0 0 0.1235
0.6245 0 0 0.1245
0.6255 0 0 0.1255
0.6265 0 0 0.1265
0.6275 0 0 0.1275
0.6285 0 0 0.1285
0.6295 0 0 0.1295
0.6305 0 0 0.1305
0.6315 0 0 0.1315
0.6325 0 0 0.1325
0.6335 0 0 0.1335
0.6345 0 0 0.1345
0.6355 0 0 0.1355
0.6365 0 0 0.1365
0.6375 0 0 0.1375
0.6385 0 0 0.1385
0.6395 0 0 0.1395
0.6405 0 0 0.1405
0.6415 0 0 0.1415
0.6425 0 0 0.1425
0.6435 0 0 0.1435
0.6445 0 0 0.1445
0.6455 0 0 0.1455
0.6465 0 0 0.1465
0.6475 0 0 0.1475
0.6485 0 0 0.1485
0.6495 0 0 0.1495
0.6505 0 0 0.1505
0.6515 0 0 0.1515
0.6525 0 0 0.1525
0.6535 0 0 0.1535
0.6545 0 0 0.1545
0.6555 0 0 0.1555
0.6565 0 0 0.1565
0.6575 0 0 0.1575
0.6585 0 0 0.1585
0.6595 0 0 0.1595
0.6605 0 0 0.1605
0.6615 0 0 0.1615
0.6625 0 0 0.1625
0.6635 0 0 0.1635
0.6645 0 0 0.1645
0.6655 0 0 0.1655
0.6665 0 0 0.1665
0.6675 0 0 0.1675
0.6685 0 0 0.1685
0.6695 0 0 0.1695
0.6705 0 0 0.1705
0.6715 0 0 0.1715
0.6725 0 0 0.1725
0.6735 0 0 0.1735
0.6745 0 0 0.1745
0.6755 0 0 0.1755
0.6765 0 0 0.1765
0.6775 0 0 0.1775
0.6785 0 0 0.1785
0.6795 0 0 0.1795
0.6805 0 0 0.1805
0.6815 0 0 0.1815
0.6825 0 0 0.1825
0.6835 0 0 0.1835
0.6845 0 0 0.1845
0.6855 0 0 0.1855
0.6865 0 0 0.1865
0.6875 0 0 0.1875
0.6885 0 0 0.1885
0.6895 0 0 0.1895
0.6905 0 0 0.1905
0.6915 0 0 0.1915
0.6925 0 0 0.1925
0.6935 0 0 0.1935
0.6945 0 0 0.1945
0.6955 0 0 0.1955
0.6965 0 0 0.1965
0.6975 0 0 0.1975
0.6985 0 0 0.1985
0.6995 0 0 0.1995
0.7005 0 0 0.2005
0.7015 0 0 0.2015
0.7025 0 0 0.2025
0.7035 0 0 0.2035
0.7045 0 0 0.2045
0.7055 0 0 0.2055
0.7065 0 0 0.2065
0.7075 0 0 0.2075
0.7085 0 0 0.2085
0.7095 0 0 0.2095
0.7105 0 0 0.2105
0.7115 0 0 0.2115
0.7125 0 0 0.2125
0.7135 0 0 0.2135
0.7145 0 0 0.2145
0.7155 0 0 0.2155
0.7165 0 0 0.2165
0.7175 0 0 0.2175
0.7185 0 0 0.2185
0.7195 0 0 0.2195
0.7205 0 0 0.2205
0.7215 0 0 0.2215
0.7225 0 0 0.2225
0.7235 0 0 0.2235
0.7245 0 0 0.2245
0.7255 0 0 0.2255
0.7265 0 0 0.2265
0.7275 0 0 0.2275
0.7285 0 0 0.2285
0.7295 0 0 0.2295
0.7305 0 0 0.2305
0.7315 0 0 0.2315
0.7325 0 0 0.2325
0.7335 0 0 0.2335
0.7345 0 0 0.2345
0.7355 0 0 0.2355
0.7365 0 0 0.2365
0.7375 0 0 0.2375
0.7385 0 0 0.2385
0.7395 0 0 0.2395
0.7405 0 0 0.2405
0.7415 0 0 0.2415
0.7425 0 0 0.2425
0.7435 0 0 0.2435
0.7445 0 0 0.2445
0.7455 0 0 0.2455
0.7465 0 0 0.2465
0.7475 0 0 0.2475
0.7485 0 0 0.2485
0.7495 0 0 0.2495
0.7505 0 0 0.2505
0.7515 0 0 0.2515
0.7525 0 0 0.2525
0.7535 0 0 0.2535
0.7545 0 0 0.2545
0.7555 0 0 0.2555
0.7565 0 0 0.2565
0.7575 0 0 0.2575
0.7585 0 0 0.2585
0.7595 0 0 0.2595
0.7605 0 0 0.2605
0.7615 0 0 0.2615
0.7625 0 0 0.2625
0.7635 0 0 0.2635
0.7645 0 0 0.2645
0.7655 0 0 0.2655
0.7665 0 0 0.2665
0.7675 0 0 0.2675
0.7685 0 0 0.2685
0.7695 0 0 0.2695
0.7705 0 0 0.2705
0.7715 0 0 0.2715
0.7725 0 0 0.2725
0.7735 0 0 0.2735
0.7745 0 0 0.2745
0.7755 0 0 0.2755
0.7765 0 0 0.2765
0.7775 0 0 0.2775
0.7785 0 0 0.2785
0.7795 0 0 0.2795
0.7805 0 0 0.2805
0.7815 0 0 0.2815
0.7825 0 0 0.2825
0.7835 0 0 0.2835
0.7845 0 0 0.2845
0.7855 0 0 0.2855
0.7865 0 0 0.2865
0.7875 0 0 0.2875
0.7885 0 0 0.2885
0.7895 0 0 0.2895
0.7905 0 0 0.2905
0.7915 0 0 0.2915
0.7925 0 0 0.2925
0.7935 0 0 0.2935
0.7945 0 0 0.2945
0.7955 0 0 0.2955
0.7965 0 0 0.2965
0.7975 0 0 0.2975
0.7985 0 0 0.2985
0.7995 0 0 0.2995
0.8005 0 0 0.3005
0.8015 0 0 0.3015
0.8025 0 0 0.3025
0.8035 0 0 0.3035
0.8045 0 0 0.3045
0.8055 0 0 0.3055
0.8065 0 0 0.3065
0.8075 0 0 0.3075
0.8085 0 0 0.3085
0.8095 0 0 0.3095
0.8105 0 0 0.3105
0.8115 0 0 0.3115
0.8125 0 0 0.3125
0.8135 0 0 0.3135
0.8145 0 0 0.3145
0.8155 0 0 0.3155
0.8165 0 0 0.3165
0.8175 0 0 0.3175
0.8185 0 0 0.3185
0.8195 0 0 0.3195
0.8205 0 0 0.3205
0.8215 0 0 0.3215
0.8225 0 0 0.3225
0.8235 0 0 0.3235
0.8245 0 0 0.3245
0.8255 0 0 0.3255
0.8265 0 0 0.3265
0.8275 0 0 0.3275
0.8285 0 0 0.3285
0.8295 0 0 0.3295
0.8305 0 0 0.3305
0.8315 0 0 0.3315
0.8325 0 0 0.3325
0.8335 0 0 0.3335
0.8345 0 0 0.3345
0.8355 0 0 0.3355
0.8365 0 0 0.3365
0.8375 0 0 0.3375
0.8385 0 0 0.3385
0.8395 0 0 0.3395
0.8405 0 0 0.3405
0.8415 0 0 0.3415
0.8425 0 0 0.3425
0.8435 0 0 0.3435
0.8445 0 0 0.3445
0.8455 0 0 0.3455
0.8465 0 0 0.3465
0.8475 0 0 0.3475
0.8485 0 0 0.3485
0.8495 0 0 0.3495
0.8505 0 0 0.3505
0.8515 0 0 0.3515
0.8525 0 0 0.3525
0.8535 0 0 0.3535
0.8545 0 0 0.3545
0.8555 0 0 0.3555
0.8565 0 0 0.3565
0.8575 0 0 0.3575
0.8585 0 0 0.3585
0.8595 0 0 0.3595
0.8605 0 0 0.3605
0.8615 0 0 0.3615
0.8625 0 0 0.3625
0.8635 0 0 0.3635
0.8645 0 0 0.3645
0.8655 0 0 0.3655
0.8665 0 0 0.3665
0.8675 0 0 0.3675
0.8685 0 0 0.3685
0.8695 0 0 0.3695
0.8705 0 0 0.3705
0.8715 0 0 0.3715
0.8725 0 0 0.3725
0.8735 0 0 0.3735
0.8745 0 0 0.3745
0.8755 0 0 0.3755
0.8765 0 0 0.3765
0.8775 0 0 0.3775
0.8785 0 0 0.3785
0.8795 0 0 0.3795
0.8805 0 0 0.3805
0.8815 0 0 0.3815
0.8825 0 0 0.3825
0.8835 0 0 0.3835
0.8845 0 0 0.3845
0.8855 0 0 0.3855
0.8865 0 0 0.3865
0.8875 0 0 0.3875
0.8885 0 0 0.3885
0.8895 0 0 0.3895
0.8905 0 0 0.3905
0.8915 0 0 0.3915
0.8925 0 0 0.3925
0.8935 0 0 0.3935
0.8945 0 0 0.3945
0.8955 0 0 0.3955
0.8965 0 0 0.3965
0.8975 0 0 0.3975
0.8985 0 0 0.3985
0.8995 0 0 0.3995
0.9005 0 0 0.4005
0.9015 0 0 0.4015
0.9025 0 0 0.4025
0.9035 0 0 0.4035
0.9045 0 0 0.4045
0.9055 0 0 0.4055
0.9065 0 0 0.4065
0.9075 0 0 0.4075
0.9085 0 0 0.4085
0.9095 0 0 0.4095
0.9105 0 0 0.4105
0.9115 0 0 0.4115
0.9125 0 0 0.4125
0.9135 0 0 0.4135
0.9145 0 0 0.4145
0.9155 0 0 0.4155
0.9165 0 0 0.4165
0.9175 0 0 0.4175
0.9185 0 0 0.4185
0.9195 0 0 0.4195
0.9205 0 0 0.4205
0.9215 0 0 0.4215
0.9225 0 0 0.4225
0.9235 0 0 0.4235
0.9245 0 0 0.4245
0.9255 0 0 0.4255
0.9265 0 0 0.4265
0.9275 0 0 0.4275
0.9285 0 0 0.4285
0.9295 0 0 0.4295
0.9305 0 0 0.4305
0.9315 0 0 0.4315
0.9325 0 0 0.4325
0.9335 0 0 0.4335
0.9345 0 0 0.4345
0.9355 0 0 0.4355
0.9365 0 0 0.4365
0.9375 0 0 0.4375
0.9385 0 0 0.4385
0.9395 0 0 0.4395
0.9405 0 0 0.4405
0.9415 0 0 0.4415
0.9425 0 0 0.4425
0.9435 0 0 0.4435
0.9445 0 0 0.4445
0.9455 0 0 0.4455
0.9465 0 0 0.4465
0.9475 0 0 0.4475
0.9485 0 0 0.4485
0.9495 0 0 0.4495
0.9505 0 0 0.4505
0.9515 0 0 0.4515
0.9525 0 0 0.4525
0.9535 0 0 0.4535
0.9545 0 0 0.4545
0.9555 0 0 0.4555
0.9565 0 0 0.4565
0.9575 0 0 0.4575
0.9585 0 0 0.4585
0.9595 0 0 0.4595
0.9605 0 0 0.4605
0.9615 0 0 0.4615
0.9625 0 0 0.4625
0.9635 0 0 0.4635
0.9645 0 0 0.4645
0.9655 0 0 0.4655
0.9665 0 0 0.4665
0.9675 0 0 0.4675
0.9685 0 0 0.4685
0.9695 0 0 0.4695
0.9705 0 0 0.4705
0.9715 0 0 0.4715
0.9725 0 0 0.4725
0.9735 0 0 0.4735
0.9745 0 0 0.4745
0.9755 0 0 0.4755
0.9765 0 0 0.4765
0.9775 0 0 0.4775
0.9785 0 0 0.4785
0.9795 0 0 0.4795
0.9805 0 0 0.4805
0.9815 0 0 0.4815
0.9825 0 0 0.4825
0.9835 0 0 0.4835
0.9845 0 0 0.4845
0.9855 0 0 0.4855
0.9865 0 0 0.4865
0.9875 0 0 0.4875
0.9885 0 0 0.4885
0.9895 0 0 0.4895
0.9905 0 0 0.4905
0.9915 0 0 0.4915
0.9925 0 0 0.4925
0.9935 0 0 0.4935
0.9945 0 0 0.4945
0.9955 0 0 0.4955
0.9965 0 0 0.4965
0.9975 0 0 0.4975
0.9985 0 0 0.4985
0.9995 0 0 0.4995
