0.025 0.025 1 0.993837 -0.475
0.075 0.025 1 0.968627 -0.425
0.125 0.025 1 0.901399 -0.375
0.175 0.025 1 0.783749 -0.325
0.225 0.025 1 0.64257 -0.275
0.275 0.025 1 0.524921 -0.225
0.325 0.025 1 0.457693 -0.175
0.375 0.025 1 0.432482 -0.125
0.425 0.025 1 0.42688 -0.075
0.475 0.025 1 0.27566 -0.025
0.525 0.025 0.71316 0.125 0.025
0.575 0.025 0.426025 0.125 0.075
0.625 0.025 0.423083 0.125 0.125
0.675 0.025 0.409841 0.125 0.175
0.725 0.025 0.37453 0.125 0.225
0.775 0.025 0.312736 0.125 0.275
0.825 0.025 0.238583 0.125 0.325
0.875 0.025 0.176789 0.125 0.375
0.925 0.025 0.141478 0.125 0.425
0.975 0.025 0.128237 0.125 0.475

0.025 0.075 1 0.993837 -0.475
0.075 0.075 1 0.968627 -0.425
0.125 0.075 1 0.901399 -0.375
0.175 0.075 1 0.783749 -0.325
0.225 0.075 1 0.64257 -0.275
0.275 0.075 1 0.524921 -0.225
0.325 0.075 1 0.457693 -0.175
0.375 0.075 1 0.432482 -0.125
0.425 0.075 1 0.42688 -0.075
0.475 0.075 1 0.27566 -0.025
0.525 0.075 0.71316 0.125 0.025
0.575 0.075 0.426025 0.125 0.075
0.625 0.075 0.423083 0.125 0.125
0.675 0.075 0.409841 0.125 0.175
0.725 0.075 0.37453 0.125 0.225
0.775 0.075 0.312736 0.125 0.275
0.825 0.075 0.238583 0.125 0.325
0.875 0.075 0.176789 0.125 0.375
0.925 0.075 0.141478 0.125 0.425
0.975 0.075 0.128237 0.125 0.475

0.025 0.125 1 0.993837 -0.475
0.075 0.125 1 0.968627 -0.425
0.125 0.125 1 0.901399 -0.375
0.175 0.125 1 0.783749 -0.325
0.225 0.125 1 0.64257 -0.275
0.275 0.125 1 0.524921 -0.225
0.325 0.125 1 0.457693 -0.175
0.375 0.125 1 0.432482 -0.125
0.425 0.125 1 0.42688 -0.075
0.475 0.125 1 0.27566 -0.025
0.525 0.125 0.71316 0.125 0.025
0.575 0.125 0.426025 0.125 0.075
0.625 0.125 0.423083 0.125 0.125
0.675 0.125 0.409841 0.125 0.175
0.725 0.125 0.37453 0.125 0.225
0.775 0.125 0.312736 0.125 0.275
0.825 0.125 0.238583 0.125 0.325
0.875 0.125 0.176789 0.125 0.375
0.925 0.125 0.141478 0.125 0.425
0.975 0.125 0.128237 0.125 0.475

0.025 0.175 1 0.993837 -0.475
0.075 0.175 1 0.968627 -0.425
0.125 0.175 1 0.901399 -0.375
0.175 0.175 1 0.783749 -0.325
0.225 0.175 1 0.64257 -0.275
0.275 0.175 1 0.524921 -0.225
0.325 0.175 1 0.457693 -0.175
0.375 0.175 1 0.432482 -0.125
0.425 0.175 1 0.42688 -0.075
0.475 0.175 1 0.27566 -0.025
0.525 0.175 0.71316 0.125 0.025
0.575 0.175 0.426025 0.125 0.075
0.625 0.175 0.423083 0.125 0.125
0.675 0.175 0.409841 0.125 0.175
0.725 0.175 0.37453 0.125 0.225
0.775 0.175 0.312736 0.125 0.275
0.825 0.175 0.238583 0.125 0.325
0.875 0.175 0.176789 0.125 0.375
0.925 0.175 0.141478 0.125 0.425
0.975 0.175 0.128237 0.125 0.475

0.025 0.225 1 0.993837 -0.475
0.075 0.225 1 0.968627 -0.425
0.125 0.225 1 0.901399 -0.375
0.175 0.225 1 0.783749 -0.325
0.225 0.225 1 0.64257 -0.275
0.275 0.225 1 0.524921 -0.225
0.325 0.225 1 0.457693 -0.175
0.375 0.225 1 0.432482 -0.125
0.425 0.225 1 0.42688 -0.075
0.475 0.225 1 0.27566 -0.025
0.525 0.225 0.71316 0.125 0.025
0.575 0.225 0.426025 0.125 0.075
0.625 0.225 0.423083 0.125 0.125
0.675 0.225 0.409841 0.125 0.175
0.725 0.225 0.37453 0.125 0.225
0.775 0.225 0.312736 0.125 0.275
0.825 0.225 0.238583 0.125 0.325
0.875 0.225 0.176789 0.125 0.375
0.925 0.225 0.141478 0.125 0.425
0.975 0.225 0.128237 0.125 0.475

0.025 0.275 1 0.993837 -0.475
0.075 0.275 1 0.968627 -0.425
0.125 0.275 1 0.901399 -0.375
0.175 0.275 1 0.783749 -0.325
0.225 0.275 1 0.64257 -0.275
0.275 0.275 1 0.524921 -0.225
0.325 0.275 1 0.457693 -0.175
0.375 0.275 1 0.432482 -0.125
0.425 0.275 1 0.42688 -0.075
0.475 0.275 1 0.27566 -0.025
0.525 0.275 0.71316 0.125 0.025
0.575 0.275 0.426025 0.125 0.075
0.625 0.275 0.423083 0.125 0.125
0.675 0.275 0.409841 0.125 0.175
0.725 0.275 0.37453 0.125 0.225
0.775 0.275 0.312736 0.125 0.275
0.825 0.275 0.238583 0.125 0.325
0.875 0.275 0.176789 0.125 0.375
0.925 0.275 0.141478 0.125 0.425
0.975 0.275 0.128237 0.125 0.475

0.025 0.325 1 0.993837 -0.475
0.075 0.325 1 0.968627 -0.425
0.125 0.325 1 0.901399 -0.375
0.175 0.325 1 0.783749 -0.325
0.225 0.325 1 0.64257 -0.275
0.275 0.325 1 0.524921 -0.225
0.325 0.325 1 0.457693 -0.175
0.375 0.325 1 0.432482 -0.125
0.425 0.325 1 0.42688 -0.075
0.475 0.325 1 0.27566 -0.025
0.525 0.325 0.71316 0.125 0.025
0.575 0.325 0.426025 0.125 0.075
0.625 0.325 0.423083 0.125 0.125
0.675 0.325 0.409841 0.125 0.175
0.725 0.325 0.37453 0.125 0.225
0.775 0.325 0.312736 0.125 0.275
0.825 0.325 0.238583 0.125 0.325
0.875 0.325 0.176789 0.125 0.375
0.925 0.325 0.141478 0.125 0.425
0.975 0.325 0.128237 0.125 0.475

0.025 0.375 1 0.993837 -0.475
0.075 0.375 1 0.968627 -0.425
0.125 0.375 1 0.901399 -0.375
0.175 0.375 1 0.783749 -0.325
0.225 0.375 1 0.64257 -0.275
0.275 0.375 1 0.524921 -0.225
0.325 0.375 1 0.457693 -0.175
0.375 0.375 1 0.432482 -0.125
0.425 0.375 1 0.42688 -0.075
0.475 0.375 1 0.27566 -0.025
0.525 0.375 0.71316 0.125 0.025
0.575 0.375 0.426025 0.125 0.075
0.625 0.375 0.423083 0.125 0.125
0.675 0.375 0.409841 0.125 0.175
0.725 0.375 0.37453 0.125 0.225
0.775 0.375 0.312736 0.125 0.275
0.825 0.375 0.238583 0.125 0.325
0.875 0.375 0.176789 0.125 0.375
0.925 0.375 0.141478 0.125 0.425
0.975 0.375 0.128237 0.125 0.475

0.025 0.425 1 0.993837 -0.475
0.075 0.425 1 0.968627 -0.425
0.125 0.425 1 0.901399 -0.375
0.175 0.425 1 0.783749 -0.325
0.225 0.425 1 0.64257 -0.275
0.275 0.425 1 0.524921 -0.225
0.325 0.425 1 0.457693 -0.175
0.375 0.425 1 0.432482 -0.125
0.425 0.425 1 0.42688 -0.075
0.475 0.425 1 0.27566 -0.025
0.525 0.425 0.71316 0.125 0.025
0.575 0.425 0.426025 0.125 0.075
0.625 0.425 0.423083 0.125 0.125
0.675 0.425 0.409841 0.125 0.175
0.725 0.425 0.37453 0.125 0.225
0.775 0.425 0.312736 0.125 0.275
0.825 0.425 0.238583 0.125 0.325
0.875 0.425 0.176789 0.125 0.375
0.925 0.425 0.141478 0.125 0.425
0.975 0.425 0.128237 0.125 0.475

0.025 0.475 1 0.993837 -0.475
0.075 0.475 1 0.968627 -0.425
0.125 0.475 1 0.901399 -0.375
0.175 0.475 1 0.783749 -0.325
0.225 0.475 1 0.64257 -0.275
0.275 0.475 1 0.524921 -0.225
0.325 0.475 1 0.457693 -0.175
0.375 0.475 1 0.432482 -0.125
0.425 0.475 1 0.42688 -0.075
0.475 0.475 1 0.27566 -0.025
0.525 0.475 0.71316 0.125 0.025
0.575 0.475 0.426025 0.125 0.075
0.625 0.475 0.423083 0.125 0.125
0.675 0.475 0.409841 0.125 0.175
0.725 0.475 0.37453 0.125 0.225
0.775 0.475 0.312736 0.125 0.275
0.825 0.475 0.238583 0.125 0.325
0.875 0.475 0.176789 0.125 0.375
0.925 0.475 0.141478 0.125 0.425
0.975 0.475 0.128237 0.125 0.475

0.025 0.525 1 0.993837 -0.475
0.075 0.525 1 0.968627 -0.425
0.125 0.525 1 0.901399 -0.375
0.175 0.525 1 0.783749 -0.325
0.225 0.525 1 0.64257 -0.275
0.275 0.525 1 0.524921 -0.225
0.325 0.525 1 0.457693 -0.175
0.375 0.525 1 0.432482 -0.125
0.425 0.525 1 0.42688 -0.075
0.475 0.525 1 0.27566 -0.025
0.525 0.525 0.71316 0.125 0.025
0.575 0.525 0.426025 0.125 0.075
0.625 0.525 0.423083 0.125 0.125
0.675 0.525 0.409841 0.125 0.175
0.725 0.525 0.37453 0.125 0.225
0.775 0.525 0.312736 0.125 0.275
0.825 0.525 0.238583 0.125 0.325
0.875 0.525 0.176789 0.125 0.375
0.925 0.525 0.141478 0.125 0.425
0.975 0.525 0.128237 0.125 0.475

0.025 0.575 1 0.993837 -0.475
0.075 0.575 1 0.968627 -0.425
0.125 0.575 1 0.901399 -0.375
0.175 0.575 1 0.783749 -0.325
0.225 0.575 1 0.64257 -0.275
0.275 0.575 1 0.524921 -0.225
0.325 0.575 1 0.457693 -0.175
0.375 0.575 1 0.432482 -0.125
0.425 0.575 1 0.42688 -0.075
0.475 0.575 1 0.27566 -0.025
0.525 0.575 0.71316 0.125 0.025
0.575 0.575 0.426025 0.125 0.075
0.625 0.575 0.423083 0.125 0.125
0.675 0.575 0.409841 0.125 0.175
0.725 0.575 0.37453 0.125 0.225
0.775 0.575 0.312736 0.125 0.275
0.825 0.575 0.238583 0.125 0.325
0.875 0.575 0.176789 0.125 0.375
0.925 0.575 0.141478 0.125 0.425
0.975 0.575 0.128237 0.125 0.475

0.025 0.625 1 0.993837 -0.475
0.075 0.625 1 0.968627 -0.425
0.125 0.625 1 0.901399 -0.375
0.175 0.625 1 0.783749 -0.325
0.225 0.625 1 0.64257 -0.275
0.275 0.625 1 0.524921 -0.225
0.325 0.625 1 0.457693 -0.175
0.375 0.625 1 0.432482 -0.125
0.425 0.625 1 0.42688 -0.075
0.475 0.625 1 0.27566 -0.025
0.525 0.625 0.71316 0.125 0.025
0.575 0.625 0.426025 0.125 0.075
0.625 0.625 0.423083 0.125 0.125
0.675 0.625 0.409841 0.125 0.175
0.725 0.625 0.37453 0.125 0.225
0.775 0.625 0.312736 0.125 0.275
0.825 0.625 0.238583 0.125 0.325
0.875 0.625 0.176789 0.125 0.375
0.925 0.625 0.141478 0.125 0.425
0.975 0.625 0.128237 0.125 0.475

0.025 0.675 1 0.993837 -0.475
0.075 0.675 1 0.968627 -0.425
0.125 0.675 1 0.901399 -0.375
0.175 0.675 1 0.783749 -0.325
0.225 0.675 1 0.64257 -0.275
0.275 0.675 1 0.524921 -0.225
0.325 0.675 1 0.457693 -0.175
0.375 0.675 1 0.432482 -0.125
0.425 0.675 1 0.42688 -0.075
0.475 0.675 1 0.27566 -0.025
0.525 0.675 0.71316 0.125 0.025
0.575 0.675 0.426025 0.125 0.075
0.625 0.675 0.423083 0.125 0.125
0.675 0.675 0.409841 0.125 0.175
0.725 0.675 0.37453 0.125 0.225
0.775 0.675 0.312736 0.125 0.275
0.825 0.675 0.238583 0.125 0.325
0.875 0.675 0.176789 0.125 0.375
0.925 0.675 0.141478 0.125 0.425
0.975 0.675 0.128237 0.125 0.475

0.025 0.725 1 0.993837 -0.475
0.075 0.725 1 0.968627 -0.425
0.125 0.725 1 0.901399 -0.375
0.175 0.725 1 0.783749 -0.325
0.225 0.725 1 0.64257 -0.275
0.275 0.725 1 0.524921 -0.225
0.325 0.725 1 0.457693 -0.175
0.375 0.725 1 0.432482 -0.125
0.425 0.725 1 0.42688 -0.075
0.475 0.725 1 0.27566 -0.025
0.525 0.725 0.71316 0.125 0.025
0.575 0.725 0.426025 0.125 0.075
0.625 0.725 0.423083 0.125 0.125
0.675 0.725 0.409841 0.125 0.175
0.725 0.725 0.37453 0.125 0.225
0.775 0.725 0.312736 0.125 0.275
0.825 0.725 0.238583 0.125 0.325
0.875 0.725 0.176789 0.125 0.375
0.925 0.725 0.141478 0.125 0.425
0.975 0.725 0.128237 0.125 0.475

0.025 0.775 1 0.993837 -0.475
0.075 0.775 1 0.968627 -0.425
0.125 0.775 1 0.901399 -0.375
0.175 0.775 1 0.783749 -0.325
0.225 0.775 1 0.64257 -0.275
0.275 0.775 1 0.524921 -0.225
0.325 0.775 1 0.457693 -0.175
0.375 0.775 1 0.432482 -0.125
0.425 0.775 1 0.42688 -0.075
0.475 0.775 1 0.27566 -0.025
0.525 0.775 0.71316 0.125 0.025
0.575 0.775 0.426025 0.125 0.075
0.625 0.775 0.423083 0.125 0.125
0.675 0.775 0.409841 0.125 0.175
0.725 0.775 0.37453 0.125 0.225
0.775 0.775 0.312736 0.125 0.275
0.825 0.775 0.238583 0.125 0.325
0.875 0.775 0.176789 0.125 0.375
0.925 0.775 0.141478 0.125 0.425
0.975 0.775 0.128237 0.125 0.475

0.025 0.825 1 0.993837 -0.475
0.075 0.825 1 0.968627 -0.425
0.125 0.825 1 0.901399 -0.375
0.175 0.825 1 0.783749 -0.325
0.225 0.825 1 0.64257 -0.275
0.275 0.825 1 0.524921 -0.225
0.325 0.825 1 0.457693 -0.175
0.375 0.825 1 0.432482 -0.125
0.425 0.825 1 0.42688 -0.075
0.475 0.825 1 0.27566 -0.025
0.525 0.825 0.71316 0.125 0.025
0.575 0.825 0.426025 0.125 0.075
0.625 0.825 0.423083 0.125 0.125
0.675 0.825 0.409841 0.125 0.175
0.725 0.825 0.37453 0.125 0.225
0.775 0.825 0.312736 0.125 0.275
0.825 0.825 0.238583 0.125 0.325
0.875 0.825 0.176789 0.125 0.375
0.925 0.825 0.141478 0.125 0.425
0.975 0.825 0.128237 0.125 0.475

0.025 0.875 1 0.993837 -0.475
0.075 0.875 1 0.968627 -0.425
0.125 0.875 1 0.901399 -0.375
0.175 0.875 1 0.783749 -0.325
0.225 0.875 1 0.64257 -0.275
0.275 0.875 1 0.524921 -0.225
0.325 0.875 1 0.457693 -0.175
0.375 0.875 1 0.432482 -0.125
0.425 0.875 1 0.42688 -0.075
0.475 0.875 1 0.27566 -0.025
0.525 0.875 0.71316 0.125 0.025
0.575 0.875 0.426025 0.125 0.075
0.625 0.875 0.423083 0.125 0.125
0.675 0.875 0.409841 0.125 0.175
0.725 0.875 0.37453 0.125 0.225
0.775 0.875 0.312736 0.125 0.275
0.825 0.875 0.238583 0.125 0.325
0.875 0.875 0.176789 0.125 0.375
0.925 0.875 0.141478 0.125 0.425
0.975 0.875 0.128237 0.125 0.475

0.025 0.925 1 0.993837 -0.475
0.075 0.925 1 0.968627 -0.425
0.125 0.925 1 0.901399 -0.375
0.175 0.925 1 0.783749 -0.325
0.225 0.925 1 0.64257 -0.275
0.275 0.925 1 0.524921 -0.225
0.325 0.925 1 0.457693 -0.175
0.375 0.925 1 0.432482 -0.125
0.425 0.925 1 0.42688 -0.075
0.475 0.925 1 0.27566 -0.025
0.525 0.925 0.71316 0.125 0.025
0.575 0.925 0.426025 0.125 0.075
0.625 0.925 0.423083 0.125 0.125
0.675 0.925 0.409841 0.125 0.175
0.725 0.925 0.37453 0.125 0.225
0.775 0.925 0.312736 0.125 0.275
0.825 0.925 0.238583 0.125 0.325
0.875 0.925 0.176789 0.125 0.375
0.925 0.925 0.141478 0.125 0.425
0.975 0.925 0.128237 0.125 0.475

0.025 0.975 1 0.993837 -0.475
0.075 0.975 1 0.968627 -0.425
0.125 0.975 1 0.901399 -0.375
0.175 0.975 1 0.783749 -0.325
0.225 0.975 1 0.64257 -0.275
0.275 0.975 1 0.524921 -0.225
0.325 0.975 1 0.457693 -0.175
0.375 0.975 1 0.432482 -0.125
0.425 0.975 1 0.42688 -0.075
0.475 0.975 1 0.27566 -0.025
0.525 0.975 0.71316 0.125 0.025
0.575 0.975 0.426025 0.125 0.075
0.625 0.975 0.423083 0.125 0.125
0.675 0.975 0.409841 0.125 0.175
0.725 0.975 0.37453 0.125 0.225
0.775 0.975 0.312736 0.125 0.275
0.825 0.975 0.238583 0.125 0.325
0.875 0.975 0.176789 0.125 0.375
0.925 0.975 0.141478 0.125 0.425
0.975 0.975 0.128237 0.125 0.475

