0.025 0.025 1 0.610605 -0.475
0.075 0.025 1 0.626253 -0.441051
0.125 0.025 1 0.642915 -0.393401
0.175 0.025 1 0.650163 -0.344041
0.225 0.025 1 0.653045 -0.294318
0.275 0.025 1 0.653951 -0.24441
0.325 0.025 1 0.654168 -0.194434
0.375 0.025 1 0.654205 -0.144439
0.425 0.025 0.986203 0.654209 -0.0944395
0.475 0.025 0.858773 0.670778 -0.0444396
0.525 0.025 0.597992 0.298879 0.00556041
0.575 0.025 0.655118 0.146796 0.0555604
0.625 0.025 0.655116 0.125 0.10556
0.675 0.025 0.6551 0.125 0.155561
0.725 0.025 0.65499 0.125 0.205563
0.775 0.025 0.654473 0.125 0.255571
0.825 0.025 0.668939 0.125 0.305599
0.875 0.025 0.647314 0.125 0.355678
0.925 0.025 0.636472 0.125 0.405859
0.975 0.025 0.60006 0.125 0.456216

0.025 0.075 1 0.586964 -0.475
0.075 0.075 1 0.600487 -0.441029
0.125 0.075 1 0.615069 -0.393376
0.175 0.075 1 0.621394 -0.344016
0.225 0.075 1 0.623915 -0.294293
0.275 0.075 1 0.624712 -0.244385
0.325 0.075 1 0.624905 -0.194409
0.375 0.075 1 0.62494 -0.144414
0.425 0.075 0.986238 0.624944 -0.0944146
0.475 0.075 0.858394 0.640835 -0.0444146
0.525 0.075 0.574495 0.293155 0.00558538
0.575 0.075 0.624946 0.146796 0.0555854
0.625 0.075 0.624944 0.125 0.105585
0.675 0.075 0.624929 0.125 0.155586
0.725 0.075 0.62483 0.125 0.205588
0.775 0.075 0.624378 0.125 0.255596
0.825 0.075 0.636735 0.125 0.305624
0.875 0.075 0.620272 0.125 0.355704
0.925 0.075 0.608768 0.125 0.405885
0.975 0.075 0.575708 0.125 0.456243

0.025 0.125 1 0.561136 -0.475
0.075 0.125 1 0.572414 -0.441005
0.125 0.125 1 0.58476 -0.393348
0.175 0.125 1 0.590111 -0.343988
0.225 0.125 1 0.592249 -0.294265
0.275 0.125 1 0.592929 -0.244358
0.325 0.125 1 0.593097 -0.194382
0.375 0.125 1 0.59313 -0.144386
0.425 0.125 0.986197 0.593134 -0.0943868
0.475 0.125 0.85809 0.608266 -0.0443869
0.525 0.125 0.549017 0.286958 0.00561311
0.575 0.125 0.592223 0.146796 0.0556131
0.625 0.125 0.592222 0.125 0.105613
0.675 0.125 0.592208 0.125 0.155613
0.725 0.125 0.592121 0.125 0.205615
0.775 0.125 0.591739 0.125 0.255624
0.825 0.125 0.592607 0.125 0.305652
0.875 0.125 0.598272 0.125 0.355732
0.925 0.125 0.578736 0.125 0.405914
0.975 0.125 0.551079 0.125 0.456273

0.025 0.175 1 0.535415 -0.475
0.075 0.175 1 0.54444 -0.440977
0.125 0.175 1 0.554513 -0.393318
0.175 0.175 1 0.55887 -0.343958
0.225 0.175 1 0.56061 -0.294234
0.275 0.175 1 0.561162 -0.244327
0.325 0.175 1 0.561296 -0.194351
0.375 0.175 1 0.56132 -0.144355
0.425 0.175 0.985748 0.561323 -0.0943559
0.475 0.175 0.858167 0.575697 -0.0443559
0.525 0.175 0.525146 0.281056 0.00564408
0.575 0.175 0.561323 0.146796 0.0556441
0.625 0.175 0.561322 0.125 0.105644
0.675 0.175 0.561312 0.125 0.155644
0.725 0.175 0.561246 0.125 0.205646
0.775 0.175 0.560942 0.125 0.255655
0.825 0.175 0.559887 0.125 0.305683
0.875 0.175 0.558865 0.125 0.355763
0.925 0.175 0.550602 0.125 0.405946
0.975 0.175 0.536521 0.125 0.456305

0.025 0.225 1 0.509754 -0.475
0.075 0.225 1 0.516506 -0.440947
0.125 0.225 1 0.524247 -0.393283
0.175 0.225 1 0.52761 -0.343923
0.225 0.225 1 0.528958 -0.2942
0.275 0.225 1 0.529387 -0.244292
0.325 0.225 1 0.529492 -0.194316
0.375 0.225 1 0.52951 -0.14432
0.425 0.225 0.986294 0.529513 -0.0943211
0.475 0.225 0.857433 0.543129 -0.0443211
0.525 0.225 0.501123 0.275058 0.00567887
0.575 0.225 0.529513 0.146796 0.0556789
0.625 0.225 0.529512 0.125 0.105679
0.675 0.225 0.529504 0.125 0.155679
0.725 0.225 0.529454 0.125 0.205681
0.775 0.225 0.529226 0.125 0.255689
0.825 0.225 0.52843 0.125 0.305718
0.875 0.225 0.52625 0.125 0.355798
0.925 0.225 0.521431 0.125 0.405981
0.975 0.225 0.512107 0.125 0.456341

0.025 0.275 1 0.484702 -0.475
0.075 0.275 1 0.48922 -0.440914
0.125 0.275 1 0.494781 -0.393244
0.175 0.275 1 0.497173 -0.343884
0.225 0.275 1 0.498136 -0.29416
0.275 0.275 1 0.498444 -0.244253
0.325 0.275 1 0.498519 -0.194277
0.375 0.275 1 0.498533 -0.144281
0.425 0.275 0.986448 0.498535 -0.0942817
0.475 0.275 0.857039 0.511425 -0.0442817
0.525 0.275 0.47611 0.269031 0.00571826
0.575 0.275 0.498076 0.146796 0.0557183
0.625 0.275 0.498078 0.125 0.105718
0.675 0.275 0.498074 0.125 0.155719
0.725 0.275 0.498039 0.125 0.20572
0.775 0.275 0.497882 0.125 0.255729
0.825 0.275 0.497337 0.125 0.305758
0.875 0.275 0.495845 0.125 0.355838
0.925 0.275 0.492541 0.125 0.406021
0.975 0.275 0.486091 0.125 0.45638

0.025 0.325 1 0.459189 -0.475
0.075 0.325 1 0.461522 -0.440875
0.125 0.325 1 0.464748 -0.3932
0.175 0.325 1 0.466152 -0.34384
0.225 0.325 1 0.466725 -0.294115
0.275 0.325 1 0.466912 -0.244208
0.325 0.325 1 0.466959 -0.194232
0.375 0.325 1 0.466968 -0.144236
0.425 0.325 0.98651 0.466969 -0.0942367
0.475 0.325 0.856804 0.479045 -0.0442368
0.525 0.325 0.451283 0.263001 0.00576322
0.575 0.325 0.46697 0.146796 0.0557632
0.625 0.325 0.46697 0.125 0.105763
0.675 0.325 0.466967 0.125 0.155764
0.725 0.325 0.466949 0.125 0.205765
0.775 0.325 0.466866 0.125 0.255774
0.825 0.325 0.466575 0.125 0.305803
0.875 0.325 0.465769 0.125 0.355883
0.925 0.325 0.463968 0.125 0.406066
0.975 0.325 0.460365 0.125 0.456424

0.025 0.375 1 0.440934 -0.475
0.075 0.375 1 0.441872 -0.440645
0.125 0.375 1 0.443384 -0.392921
0.175 0.375 1 0.444018 -0.343551
0.225 0.375 1 0.444274 -0.293822
0.275 0.375 1 0.444353 -0.243913
0.325 0.375 1 0.44437 -0.193936
0.375 0.375 1 0.44439 -0.143941
0.425 0.375 0.986514 0.444426 -0.0939415
0.475 0.375 0.856784 0.454771 -0.0439416
0.525 0.375 0.43641 0.258886 0.00605844
0.575 0.375 0.444716 0.145774 0.0560584
0.625 0.375 0.444713 0.125 0.106058
0.675 0.375 0.444711 0.125 0.156059
0.725 0.375 0.444704 0.125 0.20606
0.775 0.375 0.444669 0.125 0.256068
0.825 0.375 0.444546 0.125 0.306095
0.875 0.375 0.444198 0.125 0.356169
0.925 0.375 0.44341 0.125 0.406338
0.975 0.375 0.441796 0.125 0.456671

0.025 0.425 1 0.426434 -0.475
0.075 0.425 1 0.426423 -0.440341
0.125 0.425 1 0.426438 -0.392551
0.175 0.425 1 0.426438 -0.343167
0.225 0.425 1 0.426433 -0.293433
0.275 0.425 1 0.426429 -0.243521
0.325 0.425 1 0.426425 -0.193544
0.375 0.425 1 0.426456 -0.143548
0.425 0.425 0.986483 0.426526 -0.093549
0.475 0.425 0.856841 0.427994 -0.0435491
0.525 0.425 0.424734 0.268646 0.00645095
0.575 0.425 0.426242 0.138791 0.0564509
0.625 0.425 0.426242 0.125 0.106451
0.675 0.425 0.426242 0.125 0.156451
0.725 0.425 0.426242 0.125 0.206453
0.775 0.425 0.426242 0.125 0.256459
0.825 0.425 0.426243 0.125 0.306483
0.875 0.425 0.426244 0.125 0.356547
0.925 0.425 0.426248 0.125 0.406696
0.975 0.425 0.426252 0.125 0.456993

0.025 0.475 1 0.410946 -0.475
0.075 0.475 1 0.409949 -0.440012
0.125 0.475 1 0.408425 -0.392147
0.175 0.475 1 0.407815 -0.342748
0.225 0.475 1 0.40759 -0.293007
0.275 0.475 1 0.407569 -0.243093
0.325 0.475 1 0.407564 -0.193115
0.375 0.475 1 0.407544 -0.143119
0.425 0.475 0.986448 0.407493 -0.0931193
0.475 0.475 0.856909 0.406876 -0.0431193
0.525 0.475 0.412712 0.255521 0.00688066
0.575 0.475 0.407173 0.145774 0.0568807
0.625 0.475 0.407183 0.125 0.106881
0.675 0.475 0.407195 0.125 0.156881
0.725 0.475 0.407217 0.125 0.206882
0.775 0.475 0.407273 0.125 0.256887
0.825 0.475 0.407429 0.125 0.306906
0.875 0.475 0.407827 0.125 0.35696
0.925 0.475 0.408686 0.125 0.407085
0.975 0.475 0.410404 0.125 0.45734

0.025 0.525 1 0.394677 -0.475
0.075 0.525 1 0.392565 -0.439651
0.125 0.525 1 0.389299 -0.391703
0.175 0.525 1 0.387931 -0.342286
0.225 0.525 1 0.38738 -0.292536
0.275 0.525 1 0.387209 -0.242619
0.325 0.525 1 0.387166 -0.19264
0.375 0.525 1 0.387127 -0.142644
0.425 0.525 0.986416 0.387055 -0.0926447
0.475 0.525 0.856977 0.386495 -0.0426448
0.525 0.525 0.400084 0.247474 0.00735523
0.575 0.525 0.387331 0.146796 0.0573552
0.625 0.525 0.387331 0.125 0.107355
0.675 0.525 0.387334 0.125 0.157355
0.725 0.525 0.38735 0.125 0.207356
0.775 0.525 0.387427 0.125 0.25736
0.825 0.525 0.387698 0.125 0.307374
0.875 0.525 0.38845 0.125 0.357414
0.925 0.525 0.390136 0.125 0.40751
0.975 0.525 0.393584 0.125 0.457715

0.025 0.575 1 0.378522 -0.475
0.075 0.575 1 0.375286 -0.439253
0.125 0.575 1 0.370324 -0.39121
0.175 0.575 1 0.368207 -0.34177
0.225 0.575 1 0.367322 -0.292011
0.275 0.575 1 0.367021 -0.24209
0.325 0.575 1 0.366943 -0.192111
0.375 0.575 1 0.366941 -0.142115
0.425 0.575 0.986386 0.366957 -0.092115
0.475 0.575 0.857049 0.366491 -0.0421151
0.525 0.575 0.386899 0.240181 0.00788495
0.575 0.575 0.367155 0.146796 0.0578849
0.625 0.575 0.367135 0.125 0.107885
0.675 0.575 0.367116 0.125 0.157885
0.725 0.575 0.367116 0.125 0.207885
0.775 0.575 0.367204 0.125 0.257888
0.825 0.575 0.367584 0.125 0.307895
0.875 0.575 0.368693 0.125 0.357918
0.925 0.575 0.37122 0.125 0.407979
0.975 0.575 0.376438 0.125 0.458125

0.025 0.625 1 0.36118 -0.475
0.075 0.625 1 0.35678 -0.438809
0.125 0.625 1 0.350092 -0.390654
0.175 0.625 1 0.347281 -0.341188
0.225 0.625 1 0.346104 -0.291417
0.275 0.625 1 0.345808 -0.241493
0.325 0.625 1 0.345683 -0.191512
0.375 0.625 1 0.345667 -0.141515
0.425 0.625 0.986356 0.345665 -0.0915159
0.475 0.625 0.857126 0.345046 -0.041516
0.525 0.625 0.373128 0.232962 0.00848405
0.575 0.625 0.345655 0.146796 0.058484
0.625 0.625 0.345655 0.125 0.108484
0.675 0.625 0.34566 0.125 0.158484
0.725 0.625 0.345694 0.125 0.208484
0.775 0.625 0.345852 0.125 0.258484
0.825 0.625 0.346414 0.125 0.308483
0.875 0.625 0.347977 0.125 0.358486
0.925 0.625 0.351468 0.125 0.408503
0.975 0.625 0.358657 0.125 0.458577

0.025 0.675 1 0.343302 -0.475
0.075 0.675 1 0.337625 -0.438305
0.125 0.675 1 0.32911 -0.39002
0.175 0.675 1 0.325503 -0.340521
0.225 0.675 1 0.324021 -0.290735
0.275 0.675 1 0.32354 -0.240805
0.325 0.675 1 0.323394 -0.190823
0.375 0.675 1 0.323355 -0.140826
0.425 0.675 0.986328 0.323356 -0.0908269
0.475 0.675 0.85721 0.322767 -0.0408269
0.525 0.675 0.35876 0.225627 0.00917306
0.575 0.675 0.323716 0.146725 0.0591731
0.625 0.675 0.323734 0.125 0.109173
0.675 0.675 0.323759 0.125 0.159173
0.725 0.675 0.323821 0.125 0.209172
0.775 0.675 0.324042 0.125 0.259169
0.825 0.675 0.324775 0.125 0.309159
0.875 0.675 0.326785 0.125 0.359134
0.925 0.675 0.331251 0.125 0.409097
0.975 0.675 0.340419 0.125 0.459081

0.025 0.725 1 0.3251 -0.475
0.075 0.725 1 0.318153 -0.437723
0.125 0.725 1 0.307797 -0.389279
0.175 0.725 1 0.303437 -0.339738
0.225 0.725 1 0.301672 -0.289933
0.275 0.725 1 0.301107 -0.239997
0.325 0.725 1 0.300967 -0.190013
0.375 0.725 1 0.300942 -0.140016
0.425 0.725 0.986301 0.300939 -0.0900169
0.475 0.725 0.857306 0.300127 -0.0400169
0.525 0.725 0.343853 0.219339 0.00998311
0.575 0.725 0.30094 0.145145 0.0599831
0.625 0.725 0.300941 0.125 0.109983
0.675 0.725 0.300949 0.125 0.159983
0.725 0.725 0.301001 0.125 0.209981
0.775 0.725 0.301247 0.125 0.259974
0.825 0.725 0.302122 0.125 0.30995
0.875 0.725 0.304561 0.125 0.359891
0.925 0.725 0.310008 0.125 0.409783
0.975 0.725 0.321275 0.125 0.459655

0.025 0.775 1 0.306364 -0.475
0.075 0.775 1 0.298177 -0.437031
0.125 0.775 1 0.285945 -0.388389
0.175 0.775 1 0.280859 -0.338791
0.225 0.775 1 0.278837 -0.288962
0.275 0.775 1 0.278221 -0.239018
0.325 0.775 1 0.278103 -0.189032
0.375 0.775 1 0.278123 -0.139035
0.425 0.775 0.986274 0.278199 -0.0890353
0.475 0.775 0.857428 0.276702 -0.0390353
0.525 0.775 0.328634 0.209901 0.0109647
0.575 0.775 0.277689 0.146725 0.0609647
0.625 0.775 0.277703 0.125 0.110965
0.675 0.775 0.277731 0.125 0.160964
0.725 0.775 0.277818 0.125 0.210961
0.775 0.775 0.278141 0.125 0.260949
0.825 0.775 0.279214 0.125 0.310907
0.875 0.775 0.282147 0.125 0.360801
0.925 0.775 0.288635 0.125 0.410599
0.975 0.775 0.302059 0.125 0.460325

0.025 0.825 1 0.287757 -0.475
0.075 0.825 1 0.278142 -0.436171
0.125 0.825 1 0.263839 -0.387271
0.175 0.825 1 0.257796 -0.337596
0.225 0.825 1 0.255384 -0.287734
0.275 0.825 1 0.254617 -0.237779
0.325 0.825 1 0.254431 -0.18779
0.375 0.825 1 0.254401 -0.137792
0.425 0.825 0.986177 0.254404 -0.0877919
0.475 0.825 0.857686 0.253029 -0.0377919
0.525 0.825 0.313268 0.201802 0.0122081
0.575 0.825 0.254611 0.146796 0.0622081
0.625 0.825 0.254613 0.125 0.112208
0.675 0.825 0.254624 0.125 0.162207
0.725 0.825 0.254696 0.125 0.212203
0.775 0.825 0.255033 0.125 0.262183
0.825 0.825 0.256238 0.125 0.312116
0.875 0.825 0.259605 0.125 0.361944
0.925 0.825 0.267109 0.125 0.411613
0.975 0.825 0.282541 0.125 0.461143

0.025 0.875 1 0.270385 -0.475
0.075 0.875 1 0.260031 -0.435014
0.125 0.875 1 0.243392 -0.385757
0.175 0.875 1 0.23644 -0.335973
0.225 0.875 1 0.233842 -0.286063
0.275 0.875 1 0.233114 -0.236092
0.325 0.875 1 0.233043 -0.186099
0.375 0.875 1 0.23316 -0.1361
0.425 0.875 0.98566 0.233408 -0.0861005
0.475 0.875 0.85837 0.230917 -0.0361005
0.525 0.875 0.301419 0.192437 0.0138995
0.575 0.875 0.233146 0.146796 0.0638995
0.625 0.875 0.233404 0.125 0.113899
0.675 0.875 0.233674 0.125 0.163898
0.725 0.875 0.234026 0.125 0.213891
0.775 0.875 0.234383 0.125 0.26386
0.825 0.875 0.235626 0.125 0.313757
0.875 0.875 0.239241 0.125 0.363492
0.925 0.875 0.247423 0.125 0.412977
0.975 0.875 0.264829 0.125 0.462234

0.025 0.925 1 0.175203 -0.475
0.075 0.925 1 0.1543 -0.434145
0.125 0.925 1 0.130641 -0.383962
0.175 0.925 1 0.120632 -0.333659
0.225 0.925 1 0.116741 -0.28352
0.275 0.925 1 0.115574 -0.233476
0.325 0.925 1 0.115333 -0.183466
0.375 0.925 1 0.115338 -0.133465
0.425 0.925 0.985584 0.115439 -0.0834646
0.475 0.925 0.857692 0.11387 -0.0334646
0.525 0.925 0.194715 0.181686 0.0165354
0.575 0.925 0.114976 0.146796 0.0665353
0.625 0.925 0.115044 0.125 0.116535
0.675 0.925 0.115144 0.125 0.166532
0.725 0.925 0.115385 0.125 0.21651
0.775 0.925 0.116066 0.125 0.266413
0.825 0.925 0.11846 0.125 0.316095
0.875 0.925 0.125121 0.125 0.365327
0.925 0.925 0.139683 0.125 0.414001
0.975 0.925 0.16855 0.125 0.462412

0.025 0.975 1 0.134587 -0.475
0.075 0.975 1 0.109903 -0.432269
0.125 0.975 1 0.0832289 -0.38002
0.175 0.975 1 0.0718664 -0.328293
0.225 0.975 1 0.0671985 -0.277468
0.275 0.975 1 0.0656362 -0.227201
0.325 0.975 1 0.0651066 -0.177141
0.375 0.975 1 0.0648027 -0.127131
0.425 0.975 0.985584 0.0643489 -0.07713
0.475 0.975 0.857462 0.0647726 -0.02713
0.525 0.975 0.15047 0.175022 0.02287
0.575 0.975 0.0653199 0.146796 0.07287
0.625 0.975 0.0649744 0.125 0.122869
0.675 0.975 0.0646104 0.125 0.172858
0.725 0.975 0.0642855 0.125 0.222787
0.775 0.975 0.0648777 0.125 0.272476
0.825 0.975 0.0676195 0.125 0.321491
0.875 0.975 0.0755106 0.125 0.369328
0.925 0.975 0.0925611 0.125 0.416185
0.975 0.975 0.126478 0.125 0.463183

