0.0005 1.33327 0.649712 -0.5285
0.0015 1.33327 0.649712 -0.527568
0.0025 1.33327 0.649712 -0.526568
0.0035 1.33327 0.649712 -0.525568
0.0045 1.33327 0.649712 -0.524568
0.0055 1.33327 0.649712 -0.523568
0.0065 1.33327 0.649712 -0.522568
0.0075 1.33327 0.649712 -0.521568
0.0085 1.33327 0.649712 -0.520568
0.0095 1.33327 0.649712 -0.519568
0.0105 1.33327 0.649712 -0.518568
0.0115 1.33327 0.649712 -0.517568
0.0125 1.33327 0.649712 -0.516568
0.0135 1.33327 0.649712 -0.515568
0.0145 1.33327 0.649712 -0.514568
0.0155 1.33327 0.649712 -0.513568
0.0165 1.33327 0.649712 -0.512568
0.0175 1.33327 0.649712 -0.511568
0.0185 1.33327 0.649712 -0.510568
0.0195 1.33327 0.649712 -0.509568
0.0205 1.33327 0.649712 -0.508568
0.0215 1.33327 0.649712 -0.507568
0.0225 1.33327 0.649712 -0.506568
0.0235 1.33327 0.649712 -0.505568
0.0245 1.33327 0.649712 -0.504568
0.0255 1.33327 0.649712 -0.503568
0.0265 1.33327 0.649712 -0.502568
0.0275 1.33327 0.649712 -0.501568
0.0285 1.33327 0.649712 -0.500568
0.0295 1.33327 0.649712 -0.499568
0.0305 1.33327 0.649712 -0.498568
0.0315 1.33327 0.649712 -0.497568
0.0325 1.33327 0.649712 -0.496568
0.0335 1.33327 0.649712 -0.495568
0.0345 1.33327 0.649712 -0.494568
0.0355 1.33327 0.649712 -0.493568
0.0365 1.33327 0.649712 -0.492568
0.0375 1.33327 0.649712 -0.491568
0.0385 1.33327 0.649712 -0.490568
0.0395 1.33327 0.649712 -0.489568
0.0405 1.33327 0.649712 -0.488568
0.0415 1.33327 0.649712 -0.487568
0.0425 1.33327 0.649712 -0.486568
0.0435 1.33327 0.649712 -0.485568
0.0445 1.33327 0.649712 -0.484568
0.0455 1.33327 0.649712 -0.483568
0.0465 1.33327 0.649712 -0.482568
0.0475 1.33327 0.649712 -0.481568
0.0485 1.33327 0.649712 -0.480568
0.0495 1.33327 0.649712 -0.479568
0.0505 1.33327 0.649712 -0.478568
0.0515 1.33327 0.649712 -0.477568
0.0525 1.33327 0.649712 -0.476568
0.0535 1.33327 0.649712 -0.475568
0.0545 1.33327 0.649712 -0.474568
0.0555 1.33327 0.649712 -0.473568
0.0565 1.33327 0.649712 -0.472568
0.0575 1.33327 0.649712 -0.471568
0.0585 1.33327 0.649712 -0.470568
0.0595 1.33327 0.649712 -0.469568
0.0605 1.33327 0.649712 -0.468568
0.0615 1.33327 0.649712 -0.467568
0.0625 1.33327 0.649712 -0.466568
0.0635 1.33327 0.649712 -0.465568
0.0645 1.33327 0.649712 -0.464568
0.0655 1.33327 0.649712 -0.463568
0.0665 1.33327 0.649712 -0.462568
0.0675 1.33327 0.649712 -0.461568
0.0685 1.33327 0.649712 -0.460568
0.0695 1.33327 0.649712 -0.459568
0.0705 1.33327 0.649712 -0.458568
0.0715 1.33327 0.649712 -0.457568
0.0725 1.33327 0.649712 -0.456568
0.0735 1.33327 0.649712 -0.455568
0.0745 1.33327 0.649712 -0.454568
0.0755 1.33327 0.649712 -0.453568
0.0765 1.33327 0.649712 -0.452568
0.0775 1.33327 0.649712 -0.451568
0.0785 1.33327 0.649712 -0.450568
0.0795 1.33327 0.649712 -0.449568
0.0805 1.33327 0.649712 -0.448568
0.0815 1.33327 0.649712 -0.447568
0.0825 1.33327 0.649712 -0.446568
0.0835 1.33327 0.649712 -0.445568
0.0845 1.33327 0.649712 -0.444568
0.0855 1.33327 0.649712 -0.443568
0.0865 1.33327 0.649712 -0.442568
0.0875 1.33327 0.649712 -0.441568
0.0885 1.33327 0.649712 -0.440568
0.0895 1.33327 0.649712 -0.439568
0.0905 1.33327 0.649712 -0.438568
0.0915 1.33327 0.649712 -0.437568
0.0925 1.33327 0.649712 -0.436568
0.0935 1.33327 0.649712 -0.435568
0.0945 1.33327 0.649712 -0.434568
0.0955 1.33327 0.649712 -0.433568
0.0965 1.33327 0.649712 -0.432568
0.0975 1.33327 0.649712 -0.431568
0.0985 1.33327 0.649712 -0.430568
0.0995 1.33327 0.649712 -0.429568
0.1005 1.33327 0.649712 -0.428568
0.1015 1.33327 0.649712 -0.427568
0.1025 1.33327 0.649712 -0.426568
0.1035 1.33327 0.649712 -0.425568
0.1045 1.33327 0.649712 -0.424568
0.1055 1.33327 0.649712 -0.423568
0.1065 1.33327 0.649712 -0.422568
0.1075 1.33327 0.649712 -0.421568
0.1085 1.33327 0.649712 -0.420568
0.1095 1.33327 0.649712 -0.419568
0.1105 1.33327 0.649712 -0.418568
0.1115 1.33327 0.649712 -0.417568
0.1125 1.33327 0.649712 -0.416568
0.1135 1.33327 0.649712 -0.415568
0.1145 1.33327 0.649712 -0.414568
0.1155 1.33327 0.649712 -0.413568
0.1165 1.33327 0.649712 -0.412568
0.1175 1.33327 0.649712 -0.411568
0.1185 1.33327 0.649712 -0.410568
0.1195 1.33327 0.649712 -0.409568
0.1205 1.33327 0.649712 -0.408568
0.1215 1.33327 0.649712 -0.407568
0.1225 1.33327 0.649712 -0.406568
0.1235 1.33327 0.649712 -0.405568
0.1245 1.33327 0.649712 -0.404568
0.1255 1.33327 0.649712 -0.403568
0.1265 1.33327 0.649712 -0.402568
0.1275 1.33327 0.649712 -0.401568
0.1285 1.33327 0.649712 -0.400568
0.1295 1.33326 0.649712 -0.399568
0.1305 1.33326 0.649712 -0.398568
0.1315 1.33326 0.649712 -0.397568
0.1325 1.33326 0.649712 -0.396568
0.1335 1.33326 0.649712 -0.395568
0.1345 1.33326 0.649712 -0.394568
0.1355 1.33326 0.649712 -0.393568
0.1365 1.33325 0.649712 -0.392568
0.1375 1.33325 0.649712 -0.391568
0.1385 1.33325 0.649712 -0.390568
0.1395 1.33325 0.649712 -0.389568
0.1405 1.33324 0.649712 -0.388568
0.1415 1.33324 0.649712 -0.387568
0.1425 1.33324 0.649712 -0.386568
0.1435 1.33323 0.649712 -0.385568
0.1445 1.33323 0.649712 -0.384568
0.1455 1.33322 0.649712 -0.383568
0.1465 1.33322 0.649712 -0.382568
0.1475 1.33321 0.649712 -0.381568
0.1485 1.3332 0.649712 -0.380568
0.1495 1.33319 0.649712 -0.379568
0.1505 1.33319 0.649712 -0.378568
0.1515 1.33318 0.649712 -0.377568
0.1525 1.33317 0.649712 -0.376568
0.1535 1.33316 0.649712 -0.375568
0.1545 1.33315 0.649712 -0.374568
0.1555 1.33314 0.649712 -0.373568
0.1565 1.33312 0.649712 -0.372568
0.1575 1.33311 0.649712 -0.371568
0.1585 1.33309 0.649712 -0.370568
0.1595 1.33307 0.649712 -0.369568
0.1605 1.33305 0.649712 -0.368568
0.1615 1.33303 0.649712 -0.367568
0.1625 1.333 0.649712 -0.366568
0.1635 1.33298 0.649712 -0.365568
0.1645 1.33295 0.649712 -0.364568
0.1655 1.33291 0.649712 -0.363568
0.1665 1.33288 0.649712 -0.362568
0.1675 1.33284 0.649712 -0.361568
0.1685 1.3328 0.649712 -0.360568
0.1695 1.33275 0.649712 -0.359568
0.1705 1.3327 0.649712 -0.358568
0.1715 1.33264 0.649712 -0.357568
0.1725 1.33258 0.649712 -0.356568
0.1735 1.33252 0.649712 -0.355568
0.1745 1.33245 0.649712 -0.354568
0.1755 1.33238 0.649712 -0.353568
0.1765 1.33231 0.649712 -0.352568
0.1775 1.33223 0.649712 -0.351568
0.1785 1.33214 0.649712 -0.350568
0.1795 1.33206 0.649712 -0.349568
0.1805 1.33198 0.649712 -0.348568
0.1815 1.33192 0.649712 -0.347568
0.1825 1.33188 0.649712 -0.346568
0.1835 1.33185 0.649712 -0.345568
0.1845 1.33185 0.649712 -0.344568
0.1855 1.33184 0.649712 -0.343568
0.1865 1.33184 0.649712 -0.342568
0.1875 1.33185 0.649712 -0.341568
0.1885 1.33185 0.649712 -0.340568
0.1895 1.33185 0.649712 -0.339568
0.1905 1.33185 0.649712 -0.338568
0.1915 1.33186 0.649712 -0.337568
0.1925 1.33187 0.649712 -0.336568
0.1935 1.33188 0.649712 -0.335568
0.1945 1.3319 0.649712 -0.334568
0.1955 1.33193 0.649712 -0.333568
0.1965 1.33195 0.649712 -0.332568
0.1975 1.33199 0.649712 -0.331568
0.1985 1.33203 0.649712 -0.330568
0.1995 1.33208 0.649712 -0.329568
0.2005 1.33213 0.649712 -0.328568
0.2015 1.33219 0.649712 -0.327568
0.2025 1.33226 0.649712 -0.326568
0.2035 1.33233 0.649712 -0.325568
0.2045 1.33241 0.649712 -0.324568
0.2055 1.33249 0.649712 -0.323568
0.2065 1.33258 0.649712 -0.322568
0.2075 1.33268 0.649712 -0.321568
0.2085 1.33278 0.649712 -0.320568
0.2095 1.33287 0.649712 -0.319568
0.2105 1.33295 0.649712 -0.318568
0.2115 1.33302 0.649712 -0.317568
0.2125 1.33307 0.649712 -0.316568
0.2135 1.33309 0.649712 -0.315568
0.2145 1.33311 0.649712 -0.314568
0.2155 1.33312 0.649712 -0.313568
0.2165 1.33313 0.649712 -0.312568
0.2175 1.33314 0.649712 -0.311568
0.2185 1.33315 0.649712 -0.310568
0.2195 1.33315 0.649712 -0.309568
0.2205 1.33316 0.649712 -0.308568
0.2215 1.33317 0.649712 -0.307568
0.2225 1.33317 0.649712 -0.306568
0.2235 1.33318 0.649712 -0.305568
0.2245 1.33319 0.649712 -0.304568
0.2255 1.33319 0.649712 -0.303568
0.2265 1.3332 0.649712 -0.302568
0.2275 1.33321 0.649712 -0.301568
0.2285 1.33321 0.649712 -0.300568
0.2295 1.33322 0.649712 -0.299568
0.2305 1.33322 0.649712 -0.298568
0.2315 1.33323 0.649712 -0.297568
0.2325 1.33323 0.649712 -0.296568
0.2335 1.33324 0.649712 -0.295568
0.2345 1.33324 0.649712 -0.294568
0.2355 1.33324 0.649712 -0.293568
0.2365 1.33325 0.649712 -0.292568
0.2375 1.33325 0.649712 -0.291568
0.2385 1.33325 0.649712 -0.290568
0.2395 1.33325 0.649712 -0.289568
0.2405 1.33326 0.649712 -0.288568
0.2415 1.33326 0.649712 -0.287568
0.2425 1.33326 0.649712 -0.286568
0.2435 1.33326 0.649712 -0.285568
0.2445 1.33326 0.649712 -0.284568
0.2455 1.33326 0.649712 -0.283568
0.2465 1.33327 0.649712 -0.282568
0.2475 1.33327 0.649712 -0.281568
0.2485 1.33327 0.649712 -0.280568
0.2495 1.33327 0.649712 -0.279568
0.2505 1.33327 0.649712 -0.278568
0.2515 1.33328 0.649712 -0.277568
0.2525 1.33328 0.649712 -0.276568
0.2535 1.33328 0.649712 -0.275568
0.2545 1.33328 0.649712 -0.274568
0.2555 1.33328 0.649712 -0.273568
0.2565 1.33328 0.649712 -0.272568
0.2575 1.33328 0.649712 -0.271568
0.2585 1.33329 0.649712 -0.270568
0.2595 1.33329 0.649712 -0.269568
0.2605 1.33329 0.649712 -0.268568
0.2615 1.33329 0.649712 -0.267568
0.2625 1.33329 0.649712 -0.266568
0.2635 1.33329 0.649712 -0.265568
0.2645 1.33329 0.649712 -0.264568
0.2655 1.33329 0.649712 -0.263568
0.2665 1.33329 0.649712 -0.262568
0.2675 1.33329 0.649712 -0.261568
0.2685 1.33329 0.649712 -0.260568
0.2695 1.33329 0.649712 -0.259568
0.2705 1.33329 0.649712 -0.258568
0.2715 1.33329 0.649712 -0.257568
0.2725 1.3333 0.649712 -0.256568
0.2735 1.3333 0.649712 -0.255568
0.2745 1.3333 0.649712 -0.254568
0.2755 1.3333 0.649712 -0.253568
0.2765 1.3333 0.649712 -0.252568
0.2775 1.3333 0.649712 -0.251568
0.2785 1.3333 0.649712 -0.250568
0.2795 1.3333 0.649712 -0.249568
0.2805 1.3333 0.649712 -0.248568
0.2815 1.3333 0.649712 -0.247568
0.2825 1.3333 0.649712 -0.246568
0.2835 1.3333 0.649712 -0.245568
0.2845 1.3333 0.649712 -0.244568
0.2855 1.3333 0.649712 -0.243568
0.2865 1.3333 0.649712 -0.242568
0.2875 1.3333 0.649712 -0.241568
0.2885 1.3333 0.649712 -0.240568
0.2895 1.3333 0.649712 -0.239568
0.2905 1.3333 0.649712 -0.238568
0.2915 1.3333 0.649712 -0.237568
0.2925 1.3333 0.649712 -0.236568
0.2935 1.3333 0.649712 -0.235568
0.2945 1.3333 0.649712 -0.234568
0.2955 1.3333 0.649712 -0.233568
0.2965 1.3333 0.649712 -0.232568
0.2975 1.3333 0.649712 -0.231568
0.2985 1.3333 0.649712 -0.230568
0.2995 1.3333 0.649712 -0.229568
0.3005 1.3333 0.649712 -0.228568
0.3015 1.3333 0.649712 -0.227568
0.3025 1.3333 0.649712 -0.226568
0.3035 1.3333 0.649712 -0.225568
0.3045 1.3333 0.649712 -0.224568
0.3055 1.3333 0.649712 -0.223568
0.3065 1.3333 0.649712 -0.222568
0.3075 1.33331 0.649712 -0.221568
0.3085 1.33331 0.649712 -0.220568
0.3095 1.33331 0.649712 -0.219568
0.3105 1.33331 0.649712 -0.218568
0.3115 1.33331 0.649712 -0.217568
0.3125 1.33331 0.649712 -0.216568
0.3135 1.33331 0.649712 -0.215568
0.3145 1.33331 0.649712 -0.214568
0.3155 1.33331 0.649712 -0.213568
0.3165 1.33331 0.649712 -0.212568
0.3175 1.33331 0.649712 -0.211568
0.3185 1.33331 0.649712 -0.210568
0.3195 1.33331 0.649712 -0.209568
0.3205 1.33331 0.649712 -0.208568
0.3215 1.33331 0.649712 -0.207568
0.3225 1.33331 0.649712 -0.206568
0.3235 1.33331 0.649712 -0.205568
0.3245 1.33331 0.649712 -0.204568
0.3255 1.33331 0.649712 -0.203568
0.3265 1.33331 0.649712 -0.202568
0.3275 1.33331 0.649712 -0.201568
0.3285 1.33331 0.649712 -0.200568
0.3295 1.33331 0.649712 -0.199568
0.3305 1.33331 0.649712 -0.198568
0.3315 1.33331 0.649712 -0.197568
0.3325 1.33331 0.649712 -0.196568
0.3335 1.33331 0.649712 -0.195568
0.3345 1.33331 0.649712 -0.194568
0.3355 1.33331 0.649712 -0.193568
0.3365 1.3333 0.649712 -0.192568
0.3375 1.3333 0.649712 -0.191568
0.3385 1.3333 0.649712 -0.190568
0.3395 1.3333 0.649712 -0.189568
0.3405 1.3333 0.649712 -0.188568
0.3415 1.3333 0.649712 -0.187568
0.3425 1.3333 0.649712 -0.186568
0.3435 1.3333 0.649712 -0.185568
0.3445 1.3333 0.649712 -0.184568
0.3455 1.3333 0.649712 -0.183568
0.3465 1.3333 0.649712 -0.182568
0.3475 1.3333 0.649712 -0.181568
0.3485 1.3333 0.649712 -0.180568
0.3495 1.3333 0.649712 -0.179568
0.3505 1.3333 0.649712 -0.178568
0.3515 1.3333 0.649712 -0.177568
0.3525 1.3333 0.649712 -0.176568
0.3535 1.33329 0.649712 -0.175568
0.3545 1.33329 0.649712 -0.174568
0.3555 1.33329 0.649712 -0.173568
0.3565 1.33329 0.649712 -0.172568
0.3575 1.33329 0.649712 -0.171568
0.3585 1.33328 0.649712 -0.170568
0.3595 1.33328 0.649712 -0.169568
0.3605 1.33328 0.649712 -0.168568
0.3615 1.33327 0.649712 -0.167568
0.3625 1.33327 0.649712 -0.166568
0.3635 1.33326 0.649712 -0.165568
0.3645 1.33325 0.649712 -0.164568
0.3655 1.33325 0.649712 -0.163568
0.3665 1.33324 0.649712 -0.162568
0.3675 1.33323 0.649712 -0.161568
0.3685 1.33322 0.649712 -0.160568
0.3695 1.33321 0.649712 -0.159568
0.3705 1.3332 0.649712 -0.158568
0.3715 1.33318 0.649712 -0.157568
0.3725 1.33317 0.649712 -0.156568
0.3735 1.33315 0.649712 -0.155568
0.3745 1.33313 0.649712 -0.154568
0.3755 1.33311 0.649712 -0.153568
0.3765 1.33308 0.649712 -0.152568
0.3775 1.33306 0.649712 -0.151568
0.3785 1.33303 0.649712 -0.150568
0.3795 1.33299 0.649712 -0.149568
0.3805 1.33295 0.649712 -0.148568
0.3815 1.33291 0.649712 -0.147568
0.3825 1.33286 0.649712 -0.146568
0.3835 1.33281 0.649712 -0.145568
0.3845 1.33275 0.649712 -0.144568
0.3855 1.33268 0.649712 -0.143568
0.3865 1.33261 0.649712 -0.142568
0.3875 1.33253 0.649712 -0.141568
0.3885 1.33244 0.649712 -0.140568
0.3895 1.33234 0.649712 -0.139568
0.3905 1.33223 0.649712 -0.138568
0.3915 1.3321 0.649712 -0.137568
0.3925 1.33197 0.649712 -0.136568
0.3935 1.33181 0.649712 -0.135568
0.3945 1.33165 0.649712 -0.134568
0.3955 1.33147 0.649712 -0.133568
0.3965 1.33126 0.649712 -0.132568
0.3975 1.33104 0.649712 -0.131568
0.3985 1.3308 0.649712 -0.130568
0.3995 1.33053 0.649712 -0.129568
0.4005 1.33024 0.649712 -0.128568
0.4015 1.32992 0.649712 -0.127568
0.4025 1.32957 0.649712 -0.126568
0.4035 1.32919 0.649712 -0.125568
0.4045 1.32877 0.649712 -0.124569
0.4055 1.32832 0.649712 -0.123569
0.4065 1.32782 0.649712 -0.122569
0.4075 1.32728 0.649712 -0.121569
0.4085 1.32669 0.649712 -0.120569
0.4095 1.32605 0.649712 -0.119569
0.4105 1.32535 0.649712 -0.118569
0.4115 1.32459 0.649712 -0.117569
0.4125 1.32377 0.649712 -0.116569
0.4135 1.32288 0.649712 -0.11557
0.4145 1.32191 0.649712 -0.11457
0.4155 1.32086 0.649712 -0.11357
0.4165 1.31973 0.649712 -0.11257
0.4175 1.31852 0.649712 -0.11157
0.4185 1.3172 0.649712 -0.110571
0.4195 1.31579 0.649712 -0.109571
0.4205 1.31427 0.649712 -0.108571
0.4215 1.31264 0.649712 -0.107571
0.4225 1.31089 0.649712 -0.106572
0.4235 1.30903 0.649712 -0.105572
0.4245 1.30703 0.649712 -0.104572
0.4255 1.3049 0.649712 -0.103573
0.4265 1.30264 0.649712 -0.102573
0.4275 1.30024 0.649712 -0.101574
0.4285 1.2977 0.649712 -0.100574
0.4295 1.29501 0.649712 -0.0995746
0.4305 1.29218 0.649712 -0.0985752
0.4315 1.28919 0.649712 -0.0975757
0.4325 1.28606 0.649712 -0.0965763
0.4335 1.28279 0.649712 -0.0955769
0.4345 1.27937 0.649712 -0.0945775
0.4355 1.2758 0.649712 -0.0935782
0.4365 1.2721 0.649712 -0.0925789
0.4375 1.26826 0.649712 -0.0915796
0.4385 1.2643 0.649712 -0.0905803
0.4395 1.26021 0.649712 -0.0895811
0.4405 1.256 0.649712 -0.0885819
0.4415 1.25168 0.649712 -0.0875827
0.4425 1.24725 0.649712 -0.0865835
0.4435 1.24273 0.649712 -0.0855844
0.4445 1.23812 0.649712 -0.0845853
0.4455 1.23344 0.649712 -0.0835862
0.4465 1.22867 0.649712 -0.0825871
0.4475 1.22385 0.649712 -0.081588
0.4485 1.21896 0.649712 -0.080589
0.4495 1.21407 0.649712 -0.0795899
0.4505 1.20937 0.649712 -0.0785908
0.4515 1.20499 0.649712 -0.0775917
0.4525 1.20103 0.649712 -0.0765925
0.4535 1.19753 0.649712 -0.0755932
0.4545 1.19448 0.649712 -0.0745938
0.4555 1.19186 0.649712 -0.0735943
0.4565 1.18962 0.649712 -0.0725948
0.4575 1.18772 0.649712 -0.0715952
0.4585 1.18613 0.649712 -0.0705955
0.4595 1.18479 0.649712 -0.0695958
0.4605 1.18368 0.649712 -0.068596
0.4615 1.18276 0.649712 -0.0675962
0.4625 1.18201 0.649712 -0.0665963
0.4635 1.1814 0.649712 -0.0655965
0.4645 1.18091 0.649712 -0.0645966
0.4655 1.18053 0.649712 -0.0635966
0.4665 1.18025 0.649712 -0.0625967
0.4675 1.18005 0.649712 -0.0615967
0.4685 1.17992 0.649712 -0.0605968
0.4695 1.17984 0.649712 -0.0595968
0.4705 1.17979 0.649203 -0.0585968
0.4715 1.17976 0.646622 -0.0575968
0.4725 1.17973 0.643234 -0.0565968
0.4735 1.1797 0.640854 -0.0555968
0.4745 1.17966 0.638348 -0.0545968
0.4755 1.17963 0.635807 -0.0535968
0.4765 1.1796 0.632974 -0.0525968
0.4775 1.17958 0.62984 -0.0515968
0.4785 1.17957 0.626868 -0.0505968
0.4795 1.17957 0.624138 -0.0495968
0.4805 1.17955 0.621397 -0.0485968
0.4815 1.17952 0.618519 -0.0475967
0.4825 1.17945 0.615606 -0.0465967
0.4835 1.17934 0.612845 -0.0455967
0.4845 1.17917 0.610139 -0.0445967
0.4855 1.17891 0.607409 -0.0435967
0.4865 1.17852 0.604677 -0.0425967
0.4875 1.17795 0.602039 -0.0415966
0.4885 1.17723 0.599498 -0.0405966
0.4895 1.17631 0.597023 -0.0395966
0.4905 1.17534 0.594609 -0.0385966
0.4915 1.17445 0.592262 -0.0375966
0.4925 1.1735 0.589978 -0.0365966
0.4935 1.17258 0.587745 -0.0355966
0.4945 1.1717 0.585553 -0.0345966
0.4955 1.17057 0.583388 -0.0335966
0.4965 1.16933 0.581235 -0.0325966
0.4975 1.16815 0.579084 -0.0315966
0.4985 1.16655 0.576932 -0.0305966
0.4995 1.16472 0.574772 -0.0295966
0.5005 1.16271 0.572597 -0.0285966
0.5015 1.16041 0.570406 -0.0275965
0.5025 1.15775 0.568186 -0.0265965
0.5035 1.15465 0.565912 -0.0255965
0.5045 1.15106 0.56355 -0.0245965
0.5055 1.14684 0.561096 -0.0235965
0.5065 1.14202 0.558555 -0.0225965
0.5075 1.1366 0.555891 -0.0215965
0.5085 1.1303 0.553063 -0.0205965
0.5095 1.1229 0.550051 -0.0195965
0.5105 1.11441 0.546835 -0.0185965
0.5115 1.10478 0.543385 -0.0175965
0.5125 1.09381 0.539669 -0.0165965
0.5135 1.08127 0.535677 -0.0155965
0.5145 1.06703 0.531413 -0.0145965
0.5155 1.05096 0.526792 -0.0135965
0.5165 1.03283 0.521722 -0.0125965
0.5175 1.01235 0.516248 -0.0115965
0.5185 0.989328 0.510382 -0.0105965
0.5195 0.963614 0.503979 -0.00959652
0.5205 0.934938 0.497011 -0.00859651
0.5215 0.903034 0.489541 -0.00759651
0.5225 0.867842 0.481429 -0.00659651
0.5235 0.829122 0.472581 -0.00559651
0.5245 0.787457 0.463121 -0.00459651
0.5255 0.741587 0.452936 -0.00359651
0.5265 0.695747 0.441851 -0.00259651
0.5275 0.663612 0.429989 -0.00159651
0.5285 0.650928 0.417175 -0.00101683
0.5295 0.649712 0.403192 4.83608e-06
0.5305 0.649712 0.388451 0.00136566
0.5315 0.649712 0.372641 0.00240345
0.5325 0.649712 0.354837 0.00340345
0.5335 0.649712 0.335956 0.00440345
0.5345 0.649712 0.316648 0.00540345
0.5355 0.649712 0.294904 0.00640345
0.5365 0.649712 0.271411 0.00740345
0.5375 0.649712 0.248002 0.00840345
0.5385 0.649712 0.22339 0.00940345
0.5395 0.649712 0.200504 0.0104034
0.5405 0.649712 0.183712 0.0114034
0.5415 0.649712 0.172854 0.0124034
0.5425 0.649712 0.166601 0.0134034
0.5435 0.649712 0.163317 0.0144034
0.5445 0.649712 0.161669 0.0154034
0.5455 0.649712 0.160856 0.0164034
0.5465 0.649712 0.160454 0.0174034
0.5475 0.649712 0.16024 0.0184034
0.5485 0.649712 0.160094 0.0194034
0.5495 0.649712 0.159973 0.0204034
0.5505 0.649712 0.159867 0.0214034
0.5515 0.649712 0.159764 0.0224034
0.5525 0.649712 0.159636 0.0234034
0.5535 0.649712 0.1595 0.0244034
0.5545 0.649712 0.159409 0.0254034
0.5555 0.649712 0.159337 0.0264034
0.5565 0.649712 0.159261 0.0274034
0.5575 0.649712 0.159184 0.0284034
0.5585 0.649712 0.159108 0.0294034
0.5595 0.649712 0.159032 0.0304034
0.5605 0.649712 0.158958 0.0314034
0.5615 0.649712 0.158902 0.0324034
0.5625 0.649712 0.158867 0.0334034
0.5635 0.649712 0.158852 0.0344034
0.5645 0.649712 0.158847 0.0354034
0.5655 0.649712 0.158842 0.0364034
0.5665 0.649712 0.158839 0.0374034
0.5675 0.649712 0.158835 0.0384034
0.5685 0.649712 0.158832 0.0394034
0.5695 0.649712 0.15883 0.0404034
0.5705 0.649712 0.158829 0.0414034
0.5715 0.649712 0.158829 0.0424034
0.5725 0.649712 0.158829 0.0434034
0.5735 0.649712 0.15883 0.0444034
0.5745 0.649712 0.158829 0.0454034
0.5755 0.649712 0.15883 0.0464034
0.5765 0.649712 0.15883 0.0474034
0.5775 0.649712 0.15883 0.0484034
0.5785 0.649712 0.158831 0.0494034
0.5795 0.649712 0.158831 0.0504033
0.5805 0.649712 0.158832 0.0514033
0.5815 0.649712 0.158832 0.0524033
0.5825 0.649712 0.158833 0.0534033
0.5835 0.649712 0.158833 0.0544033
0.5845 0.649712 0.158834 0.0554033
0.5855 0.649712 0.158835 0.0564033
0.5865 0.649712 0.158835 0.0574033
0.5875 0.649712 0.158836 0.0584033
0.5885 0.649712 0.158837 0.0594033
0.5895 0.649712 0.158837 0.0604033
0.5905 0.649712 0.158838 0.0614033
0.5915 0.649712 0.158839 0.0624033
0.5925 0.649712 0.158839 0.0634033
0.5935 0.649712 0.15884 0.0644033
0.5945 0.649712 0.158841 0.0654033
0.5955 0.649712 0.158841 0.0664033
0.5965 0.649712 0.158842 0.0674033
0.5975 0.649712 0.158843 0.0684033
0.5985 0.649712 0.158843 0.0694033
0.5995 0.649712 0.158844 0.0704033
0.6005 0.649712 0.158845 0.0714033
0.6015 0.649712 0.158846 0.0724033
0.6025 0.649712 0.158846 0.0734033
0.6035 0.649712 0.158847 0.0744033
0.6045 0.649712 0.158848 0.0754032
0.6055 0.649712 0.158848 0.0764032
0.6065 0.649712 0.158849 0.0774032
0.6075 0.649712 0.15885 0.0784032
0.6085 0.649712 0.158851 0.0794032
0.6095 0.649712 0.158852 0.0804032
0.6105 0.649712 0.158852 0.0814032
0.6115 0.649712 0.158853 0.0824032
0.6125 0.649712 0.158854 0.0834032
0.6135 0.649712 0.158854 0.0844032
0.6145 0.649712 0.158855 0.0854032
0.6155 0.649712 0.158856 0.0864032
0.6165 0.649712 0.158856 0.0874032
0.6175 0.649712 0.158857 0.0884032
0.6185 0.649712 0.158858 0.0894032
0.6195 0.649712 0.158858 0.0904032
0.6205 0.649712 0.158859 0.0914032
0.6215 0.649712 0.158859 0.0924032
0.6225 0.649712 0.15886 0.0934032
0.6235 0.649712 0.158861 0.0944032
0.6245 0.649712 0.158861 0.0954032
0.6255 0.649712 0.158862 0.0964031
0.6265 0.649712 0.158862 0.0974031
0.6275 0.649712 0.158863 0.0984031
0.6285 0.649712 0.158864 0.0994031
0.6295 0.649712 0.158865 0.100403
0.6305 0.649712 0.158865 0.101403
0.6315 0.649712 0.158866 0.102403
0.6325 0.649712 0.158867 0.103403
0.6335 0.649712 0.158868 0.104403
0.6345 0.649712 0.158869 0.105403
0.6355 0.649712 0.15887 0.106403
0.6365 0.649712 0.158871 0.107403
0.6375 0.649712 0.158873 0.108403
0.6385 0.649712 0.158874 0.109403
0.6395 0.649712 0.158875 0.110403
0.6405 0.649712 0.158876 0.111403
0.6415 0.649712 0.158878 0.112403
0.6425 0.649712 0.15888 0.113403
0.6435 0.649712 0.158882 0.114403
0.6445 0.649712 0.158884 0.115403
0.6455 0.649712 0.158887 0.116403
0.6465 0.649712 0.158889 0.117403
0.6475 0.649712 0.158892 0.118403
0.6485 0.649712 0.158895 0.119403
0.6495 0.649712 0.158897 0.120403
0.6505 0.649712 0.1589 0.121403
0.6515 0.649712 0.158903 0.122403
0.6525 0.649712 0.158906 0.123403
0.6535 0.649712 0.158909 0.124403
0.6545 0.649712 0.158912 0.125403
0.6555 0.649712 0.158915 0.126403
0.6565 0.649712 0.158919 0.127403
0.6575 0.649712 0.158922 0.128403
0.6585 0.649712 0.158927 0.129403
0.6595 0.649712 0.15893 0.130403
0.6605 0.649712 0.158935 0.131403
0.6615 0.649712 0.158939 0.132403
0.6625 0.649712 0.158943 0.133403
0.6635 0.649712 0.158949 0.134403
0.6645 0.649712 0.158953 0.135403
0.6655 0.649712 0.158959 0.136403
0.6665 0.649712 0.158963 0.137403
0.6675 0.649712 0.15897 0.138403
0.6685 0.649712 0.158975 0.139403
0.6695 0.649712 0.158981 0.140403
0.6705 0.649712 0.158986 0.141403
0.6715 0.649712 0.158993 0.142402
0.6725 0.649712 0.158998 0.143402
0.6735 0.649712 0.159006 0.144402
0.6745 0.649712 0.159011 0.145402
0.6755 0.649712 0.159019 0.146402
0.6765 0.649712 0.159024 0.147402
0.6775 0.649712 0.159032 0.148402
0.6785 0.649712 0.159038 0.149402
0.6795 0.649712 0.159046 0.150402
0.6805 0.649712 0.159052 0.151402
0.6815 0.649712 0.159061 0.152402
0.6825 0.649712 0.159067 0.153402
0.6835 0.649712 0.159076 0.154402
0.6845 0.649712 0.159083 0.155402
0.6855 0.649712 0.159091 0.156402
0.6865 0.649712 0.159097 0.157402
0.6875 0.649712 0.159106 0.158402
0.6885 0.649712 0.159114 0.159402
0.6895 0.649712 0.159121 0.160402
0.6905 0.649712 0.15913 0.161402
0.6915 0.649712 0.159137 0.162402
0.6925 0.649712 0.159146 0.163402
0.6935 0.649712 0.159154 0.164402
0.6945 0.649712 0.159163 0.165402
0.6955 0.649712 0.159171 0.166402
0.6965 0.649712 0.159181 0.167402
0.6975 0.649712 0.159188 0.168402
0.6985 0.649712 0.159198 0.169402
0.6995 0.649712 0.159206 0.170402
0.7005 0.649712 0.159216 0.171401
0.7015 0.649712 0.159224 0.172401
0.7025 0.649712 0.159235 0.173401
0.7035 0.649712 0.159243 0.174401
0.7045 0.649712 0.159254 0.175401
0.7055 0.649712 0.159263 0.176401
0.7065 0.649712 0.159274 0.177401
0.7075 0.649712 0.159283 0.178401
0.7085 0.649712 0.159295 0.179401
0.7095 0.649712 0.159304 0.180401
0.7105 0.649712 0.159315 0.181401
0.7115 0.649712 0.159324 0.182401
0.7125 0.649712 0.159337 0.183401
0.7135 0.649712 0.159347 0.184401
0.7145 0.649712 0.159358 0.185401
0.7155 0.649712 0.159369 0.186401
0.7165 0.649712 0.159379 0.187401
0.7175 0.649712 0.15939 0.188401
0.7185 0.649712 0.1594 0.189401
0.7195 0.649712 0.159411 0.190401
0.7205 0.649712 0.15942 0.191401
0.7215 0.649712 0.159431 0.192401
0.7225 0.649712 0.15944 0.1934
0.7235 0.649712 0.159451 0.1944
0.7245 0.649712 0.15946 0.1954
0.7255 0.649712 0.159469 0.1964
0.7265 0.649712 0.159474 0.1974
0.7275 0.649712 0.159477 0.1984
0.7285 0.649712 0.159477 0.1994
0.7295 0.649712 0.159477 0.2004
0.7305 0.649712 0.159477 0.2014
0.7315 0.649712 0.159476 0.2024
0.7325 0.649712 0.159473 0.2034
0.7335 0.649712 0.159469 0.2044
0.7345 0.649712 0.159462 0.2054
0.7355 0.649712 0.159452 0.206401
0.7365 0.649712 0.159436 0.207401
0.7375 0.649712 0.159411 0.208401
0.7385 0.649712 0.15937 0.209401
0.7395 0.649712 0.159298 0.210402
0.7405 0.649712 0.159163 0.211403
0.7415 0.649712 0.158892 0.212405
0.7425 0.649712 0.158323 0.213409
0.7435 0.649712 0.157114 0.214418
0.7445 0.649712 0.154634 0.215436
0.7455 0.649712 0.149816 0.216471
0.7465 0.649712 0.142103 0.217495
0.7475 0.649712 0.138553 0.218499
0.7485 0.649712 0.137975 0.2195
0.7495 0.649712 0.137909 0.2205
0.7505 0.649712 0.137901 0.2215
0.7515 0.649712 0.1379 0.2225
0.7525 0.649712 0.1379 0.2235
0.7535 0.649712 0.1379 0.2245
0.7545 0.649712 0.1379 0.2255
0.7555 0.649712 0.1379 0.2265
0.7565 0.649712 0.1379 0.2275
0.7575 0.649712 0.1379 0.2285
0.7585 0.649712 0.1379 0.2295
0.7595 0.649712 0.1379 0.2305
0.7605 0.649712 0.1379 0.2315
0.7615 0.649712 0.1379 0.2325
0.7625 0.649712 0.1379 0.2335
0.7635 0.649712 0.1379 0.2345
0.7645 0.649712 0.1379 0.2355
0.7655 0.649712 0.1379 0.2365
0.7665 0.649712 0.1379 0.2375
0.7675 0.649712 0.1379 0.2385
0.7685 0.649712 0.1379 0.2395
0.7695 0.649712 0.1379 0.2405
0.7705 0.649712 0.1379 0.2415
0.7715 0.649712 0.1379 0.2425
0.7725 0.649712 0.1379 0.2435
0.7735 0.649712 0.1379 0.2445
0.7745 0.649712 0.1379 0.2455
0.7755 0.649712 0.1379 0.2465
0.7765 0.649712 0.1379 0.2475
0.7775 0.649712 0.1379 0.2485
0.7785 0.649712 0.1379 0.2495
0.7795 0.649712 0.1379 0.2505
0.7805 0.649712 0.1379 0.2515
0.7815 0.649712 0.1379 0.2525
0.7825 0.649712 0.1379 0.2535
0.7835 0.649712 0.1379 0.2545
0.7845 0.649712 0.1379 0.2555
0.7855 0.649712 0.1379 0.2565
0.7865 0.649712 0.1379 0.2575
0.7875 0.649712 0.1379 0.2585
0.7885 0.649712 0.1379 0.2595
0.7895 0.649712 0.1379 0.2605
0.7905 0.649712 0.1379 0.2615
0.7915 0.649712 0.1379 0.2625
0.7925 0.649712 0.1379 0.2635
0.7935 0.649712 0.1379 0.2645
0.7945 0.649712 0.1379 0.2655
0.7955 0.649712 0.1379 0.2665
0.7965 0.649712 0.1379 0.2675
0.7975 0.649712 0.1379 0.2685
0.7985 0.649712 0.1379 0.2695
0.7995 0.649712 0.1379 0.2705
0.8005 0.649712 0.1379 0.2715
0.8015 0.649712 0.1379 0.2725
0.8025 0.649712 0.1379 0.2735
0.8035 0.649712 0.1379 0.2745
0.8045 0.649712 0.1379 0.2755
0.8055 0.649712 0.1379 0.2765
0.8065 0.649712 0.1379 0.2775
0.8075 0.649712 0.1379 0.2785
0.8085 0.649712 0.1379 0.2795
0.8095 0.649712 0.1379 0.2805
0.8105 0.649712 0.1379 0.2815
0.8115 0.649712 0.1379 0.2825
0.8125 0.649712 0.1379 0.2835
0.8135 0.649712 0.1379 0.2845
0.8145 0.649712 0.1379 0.2855
0.8155 0.649712 0.1379 0.2865
0.8165 0.649712 0.1379 0.2875
0.8175 0.649712 0.1379 0.2885
0.8185 0.649712 0.1379 0.2895
0.8195 0.649712 0.1379 0.2905
0.8205 0.649712 0.1379 0.2915
0.8215 0.649712 0.1379 0.2925
0.8225 0.649712 0.1379 0.2935
0.8235 0.649712 0.1379 0.2945
0.8245 0.649712 0.1379 0.2955
0.8255 0.649712 0.1379 0.2965
0.8265 0.649712 0.1379 0.2975
0.8275 0.649712 0.1379 0.2985
0.8285 0.649712 0.1379 0.2995
0.8295 0.649712 0.1379 0.3005
0.8305 0.649712 0.1379 0.3015
0.8315 0.649712 0.1379 0.3025
0.8325 0.649712 0.1379 0.3035
0.8335 0.649712 0.1379 0.3045
0.8345 0.649712 0.1379 0.3055
0.8355 0.649712 0.1379 0.3065
0.8365 0.649712 0.1379 0.3075
0.8375 0.649712 0.1379 0.3085
0.8385 0.649712 0.1379 0.3095
0.8395 0.649712 0.1379 0.3105
0.8405 0.649712 0.1379 0.3115
0.8415 0.649712 0.1379 0.3125
0.8425 0.649712 0.1379 0.3135
0.8435 0.649712 0.1379 0.3145
0.8445 0.649712 0.1379 0.3155
0.8455 0.649712 0.1379 0.3165
0.8465 0.649712 0.1379 0.3175
0.8475 0.649712 0.1379 0.3185
0.8485 0.649712 0.1379 0.3195
0.8495 0.649712 0.1379 0.3205
0.8505 0.649712 0.1379 0.3215
0.8515 0.649712 0.1379 0.3225
0.8525 0.649712 0.1379 0.3235
0.8535 0.649712 0.1379 0.3245
0.8545 0.649712 0.1379 0.3255
0.8555 0.649712 0.1379 0.3265
0.8565 0.649712 0.1379 0.3275
0.8575 0.649712 0.1379 0.3285
0.8585 0.649712 0.1379 0.3295
0.8595 0.649712 0.1379 0.3305
0.8605 0.649712 0.1379 0.3315
0.8615 0.649712 0.1379 0.3325
0.8625 0.649712 0.1379 0.3335
0.8635 0.649712 0.1379 0.3345
0.8645 0.649712 0.1379 0.3355
0.8655 0.649712 0.1379 0.3365
0.8665 0.649712 0.1379 0.3375
0.8675 0.649712 0.1379 0.3385
0.8685 0.649712 0.1379 0.3395
0.8695 0.649712 0.1379 0.3405
0.8705 0.649712 0.1379 0.3415
0.8715 0.649712 0.1379 0.3425
0.8725 0.649712 0.1379 0.3435
0.8735 0.649712 0.1379 0.3445
0.8745 0.649712 0.1379 0.3455
0.8755 0.649712 0.1379 0.3465
0.8765 0.649712 0.1379 0.3475
0.8775 0.649712 0.1379 0.3485
0.8785 0.649712 0.1379 0.3495
0.8795 0.649712 0.1379 0.3505
0.8805 0.649712 0.1379 0.3515
0.8815 0.649712 0.1379 0.3525
0.8825 0.649712 0.1379 0.3535
0.8835 0.649712 0.1379 0.3545
0.8845 0.649712 0.1379 0.3555
0.8855 0.649712 0.1379 0.3565
0.8865 0.649712 0.1379 0.3575
0.8875 0.649712 0.1379 0.3585
0.8885 0.649712 0.1379 0.3595
0.8895 0.649712 0.1379 0.3605
0.8905 0.649712 0.1379 0.3615
0.8915 0.649712 0.1379 0.3625
0.8925 0.649712 0.1379 0.3635
0.8935 0.649712 0.1379 0.3645
0.8945 0.649712 0.1379 0.3655
0.8955 0.649712 0.1379 0.3665
0.8965 0.649712 0.1379 0.3675
0.8975 0.649712 0.1379 0.3685
0.8985 0.649712 0.1379 0.3695
0.8995 0.649712 0.1379 0.3705
0.9005 0.649712 0.1379 0.3715
0.9015 0.649712 0.1379 0.3725
0.9025 0.649712 0.1379 0.3735
0.9035 0.649712 0.1379 0.3745
0.9045 0.649712 0.1379 0.3755
0.9055 0.649712 0.1379 0.3765
0.9065 0.649712 0.1379 0.3775
0.9075 0.649712 0.1379 0.3785
0.9085 0.649712 0.1379 0.3795
0.9095 0.649712 0.1379 0.3805
0.9105 0.649712 0.1379 0.3815
0.9115 0.649712 0.1379 0.3825
0.9125 0.649712 0.1379 0.3835
0.9135 0.649712 0.1379 0.3845
0.9145 0.649712 0.1379 0.3855
0.9155 0.649712 0.1379 0.3865
0.9165 0.649712 0.1379 0.3875
0.9175 0.649712 0.1379 0.3885
0.9185 0.649712 0.1379 0.3895
0.9195 0.649712 0.1379 0.3905
0.9205 0.649712 0.1379 0.3915
0.9215 0.649712 0.1379 0.3925
0.9225 0.649712 0.1379 0.3935
0.9235 0.649712 0.1379 0.3945
0.9245 0.649712 0.1379 0.3955
0.9255 0.649712 0.1379 0.3965
0.9265 0.649712 0.1379 0.3975
0.9275 0.649712 0.1379 0.3985
0.9285 0.649712 0.1379 0.3995
0.9295 0.649712 0.1379 0.4005
0.9305 0.649712 0.1379 0.4015
0.9315 0.649712 0.1379 0.4025
0.9325 0.649712 0.1379 0.4035
0.9335 0.649712 0.1379 0.4045
0.9345 0.649712 0.1379 0.4055
0.9355 0.649712 0.1379 0.4065
0.9365 0.649712 0.1379 0.4075
0.9375 0.649712 0.1379 0.4085
0.9385 0.649712 0.1379 0.4095
0.9395 0.649712 0.1379 0.4105
0.9405 0.649712 0.1379 0.4115
0.9415 0.649712 0.1379 0.4125
0.9425 0.649712 0.1379 0.4135
0.9435 0.649712 0.1379 0.4145
0.9445 0.649712 0.1379 0.4155
0.9455 0.649712 0.1379 0.4165
0.9465 0.649712 0.1379 0.4175
0.9475 0.649712 0.1379 0.4185
0.9485 0.649712 0.1379 0.4195
0.9495 0.649712 0.1379 0.4205
0.9505 0.649712 0.1379 0.4215
0.9515 0.649712 0.1379 0.4225
0.9525 0.649712 0.1379 0.4235
0.9535 0.649712 0.1379 0.4245
0.9545 0.649712 0.1379 0.4255
0.9555 0.649712 0.1379 0.4265
0.9565 0.649712 0.1379 0.4275
0.9575 0.649712 0.1379 0.4285
0.9585 0.649712 0.1379 0.4295
0.9595 0.649712 0.1379 0.4305
0.9605 0.649712 0.1379 0.4315
0.9615 0.649712 0.1379 0.4325
0.9625 0.649712 0.1379 0.4335
0.9635 0.649712 0.1379 0.4345
0.9645 0.649712 0.1379 0.4355
0.9655 0.649712 0.1379 0.4365
0.9665 0.649712 0.1379 0.4375
0.9675 0.649712 0.1379 0.4385
0.9685 0.649712 0.1379 0.4395
0.9695 0.649712 0.1379 0.4405
0.9705 0.649712 0.1379 0.4415
0.9715 0.649712 0.1379 0.4425
0.9725 0.649712 0.1379 0.4435
0.9735 0.649712 0.1379 0.4445
0.9745 0.649712 0.1379 0.4455
0.9755 0.649712 0.1379 0.4465
0.9765 0.649712 0.1379 0.4475
0.9775 0.649712 0.1379 0.4485
0.9785 0.649712 0.1379 0.4495
0.9795 0.649712 0.1379 0.4505
0.9805 0.649712 0.1379 0.4515
0.9815 0.649712 0.1379 0.4525
0.9825 0.649712 0.1379 0.4535
0.9835 0.649712 0.1379 0.4545
0.9845 0.649712 0.1379 0.4555
0.9855 0.649712 0.1379 0.4565
0.9865 0.649712 0.1379 0.4575
0.9875 0.649712 0.1379 0.4585
0.9885 0.649712 0.1379 0.4595
0.9895 0.649712 0.1379 0.4605
0.9905 0.649712 0.1379 0.4615
0.9915 0.649712 0.1379 0.4625
0.9925 0.649712 0.1379 0.4635
0.9935 0.649712 0.1379 0.4645
0.9945 0.649712 0.1379 0.4655
0.9955 0.649712 0.1379 0.4665
0.9965 0.649712 0.1379 0.4675
0.9975 0.649712 0.1379 0.4685
0.9985 0.649712 0.1379 0.4695
0.9995 0.649712 0.1379 0.4705
