0.00125 1.33326 0.546216 -0.50125
0.00375 1.33326 0.546216 -0.49876
0.00625 1.33326 0.546216 -0.49626
0.00875 1.33326 0.546216 -0.49376
0.01125 1.33326 0.546216 -0.49126
0.01375 1.33326 0.546216 -0.48876
0.01625 1.33326 0.546216 -0.48626
0.01875 1.33326 0.546216 -0.48376
0.02125 1.33326 0.546216 -0.48126
0.02375 1.33326 0.546216 -0.47876
0.02625 1.33326 0.546216 -0.47626
0.02875 1.33326 0.546216 -0.47376
0.03125 1.33326 0.546216 -0.47126
0.03375 1.33326 0.546216 -0.46876
0.03625 1.33326 0.546216 -0.46626
0.03875 1.33326 0.546216 -0.46376
0.04125 1.33326 0.546216 -0.46126
0.04375 1.33326 0.546216 -0.45876
0.04625 1.33326 0.546216 -0.45626
0.04875 1.33326 0.546216 -0.45376
0.05125 1.33326 0.546216 -0.45126
0.05375 1.33326 0.546216 -0.44876
0.05625 1.33326 0.546216 -0.44626
0.05875 1.33326 0.546216 -0.44376
0.06125 1.33326 0.546216 -0.44126
0.06375 1.33325 0.546216 -0.43876
0.06625 1.33325 0.546216 -0.43626
0.06875 1.33325 0.546216 -0.43376
0.07125 1.33325 0.546216 -0.43126
0.07375 1.33325 0.546216 -0.42876
0.07625 1.33325 0.546216 -0.42626
0.07875 1.33325 0.546216 -0.42376
0.08125 1.33324 0.546216 -0.42126
0.08375 1.33323 0.546216 -0.41876
0.08625 1.33322 0.546216 -0.41626
0.08875 1.33321 0.546216 -0.41376
0.09125 1.3332 0.546216 -0.41126
0.09375 1.33319 0.546216 -0.40876
0.09625 1.33318 0.546216 -0.40626
0.09875 1.33316 0.546216 -0.40376
0.10125 1.33314 0.546216 -0.40126
0.10375 1.33312 0.546216 -0.39876
0.10625 1.3331 0.546216 -0.39626
0.10875 1.33307 0.546216 -0.39376
0.11125 1.33304 0.546216 -0.39126
0.11375 1.33301 0.546216 -0.38876
0.11625 1.33297 0.546216 -0.38626
0.11875 1.33293 0.546216 -0.38376
0.12125 1.33289 0.546216 -0.38126
0.12375 1.33284 0.546216 -0.37876
0.12625 1.33279 0.546216 -0.37626
0.12875 1.33273 0.546216 -0.37376
0.13125 1.33267 0.546216 -0.37126
0.13375 1.3326 0.546216 -0.36876
0.13625 1.33252 0.546216 -0.36626
0.13875 1.33243 0.546216 -0.36376
0.14125 1.33234 0.546216 -0.36126
0.14375 1.33223 0.546216 -0.35876
0.14625 1.33211 0.546216 -0.35626
0.14875 1.33198 0.546216 -0.35376
0.15125 1.33182 0.546216 -0.35126
0.15375 1.3317 0.546216 -0.34876
0.15625 1.33164 0.546216 -0.34626
0.15875 1.33158 0.546216 -0.34376
0.16125 1.33154 0.546216 -0.34126
0.16375 1.3315 0.546216 -0.33876
0.16625 1.33147 0.546216 -0.33626
0.16875 1.33147 0.546216 -0.33376
0.17125 1.33147 0.546216 -0.33126
0.17375 1.33147 0.546216 -0.32876
0.17625 1.33149 0.546216 -0.32626
0.17875 1.33151 0.546216 -0.32376
0.18125 1.33156 0.546216 -0.32126
0.18375 1.33161 0.546216 -0.31876
0.18625 1.33166 0.546216 -0.31626
0.18875 1.33172 0.546216 -0.31376
0.19125 1.33179 0.546216 -0.31126
0.19375 1.33187 0.546216 -0.30876
0.19625 1.33197 0.546216 -0.30626
0.19875 1.33209 0.546216 -0.30376
0.20125 1.33223 0.546216 -0.30126
0.20375 1.33239 0.546216 -0.29876
0.20625 1.33253 0.546216 -0.29626
0.20875 1.33263 0.546216 -0.29376
0.21125 1.3327 0.546216 -0.29126
0.21375 1.33276 0.546216 -0.28876
0.21625 1.3328 0.546216 -0.28626
0.21875 1.33284 0.546216 -0.28376
0.22125 1.33288 0.546216 -0.28126
0.22375 1.33291 0.546216 -0.27876
0.22625 1.33295 0.546216 -0.27626
0.22875 1.33298 0.546216 -0.27376
0.23125 1.33301 0.546216 -0.27126
0.23375 1.33304 0.546216 -0.26876
0.23625 1.33306 0.546216 -0.26626
0.23875 1.33308 0.546216 -0.26376
0.24125 1.3331 0.546216 -0.26126
0.24375 1.33311 0.546216 -0.25876
0.24625 1.33313 0.546216 -0.25626
0.24875 1.33314 0.546216 -0.25376
0.25125 1.33315 0.546216 -0.25126
0.25375 1.33316 0.546216 -0.24876
0.25625 1.33317 0.546216 -0.24626
0.25875 1.33318 0.546216 -0.24376
0.26125 1.33318 0.546216 -0.24126
0.26375 1.33319 0.546216 -0.23876
0.26625 1.3332 0.546216 -0.23626
0.26875 1.3332 0.546216 -0.23376
0.27125 1.33321 0.546216 -0.23126
0.27375 1.33321 0.546216 -0.22876
0.27625 1.33322 0.546216 -0.22626
0.27875 1.33322 0.546216 -0.22376
0.28125 1.33322 0.546216 -0.22126
0.28375 1.33323 0.546216 -0.21876
0.28625 1.33324 0.546216 -0.21626
0.28875 1.33324 0.546216 -0.21376
0.29125 1.33324 0.546216 -0.21126
0.29375 1.33325 0.546216 -0.20876
0.29625 1.33326 0.546216 -0.20626
0.29875 1.33326 0.546216 -0.20376
0.30125 1.33326 0.546216 -0.20126
0.30375 1.33327 0.546216 -0.19876
0.30625 1.33327 0.546216 -0.19626
0.30875 1.33327 0.546216 -0.19376
0.31125 1.33327 0.546216 -0.19126
0.31375 1.33327 0.546216 -0.18876
0.31625 1.33328 0.546216 -0.18626
0.31875 1.33328 0.546216 -0.18376
0.32125 1.33328 0.546216 -0.18126
0.32375 1.33328 0.546216 -0.17876
0.32625 1.33328 0.546216 -0.17626
0.32875 1.33328 0.546216 -0.17376
0.33125 1.33328 0.546216 -0.17126
0.33375 1.33328 0.546216 -0.16876
0.33625 1.33328 0.546216 -0.16626
0.33875 1.33327 0.546216 -0.16376
0.34125 1.33327 0.546216 -0.16126
0.34375 1.33327 0.546216 -0.15876
0.34625 1.33326 0.546216 -0.15626
0.34875 1.33326 0.546216 -0.15376
0.35125 1.33325 0.546216 -0.15126
0.35375 1.33324 0.546216 -0.14876
0.35625 1.33324 0.546216 -0.14626
0.35875 1.33323 0.546216 -0.14376
0.36125 1.33323 0.546216 -0.14126
0.36375 1.33322 0.546216 -0.13876
0.36625 1.33321 0.546216 -0.13626
0.36875 1.3332 0.546216 -0.13376
0.37125 1.33319 0.546216 -0.13126
0.37375 1.33317 0.546216 -0.12876
0.37625 1.33314 0.546216 -0.12626
0.37875 1.33311 0.546216 -0.12376
0.38125 1.33307 0.546216 -0.12126
0.38375 1.33303 0.546216 -0.11876
0.38625 1.33297 0.546216 -0.11626
0.38875 1.3329 0.546216 -0.11376
0.39125 1.33283 0.546216 -0.11126
0.39375 1.33274 0.546216 -0.10876
0.39625 1.33263 0.546216 -0.10626
0.39875 1.33251 0.546216 -0.10376
0.40125 1.33237 0.546216 -0.10126
0.40375 1.33221 0.546216 -0.0987601
0.40625 1.33202 0.546216 -0.0962601
0.40875 1.3318 0.546216 -0.0937601
0.41125 1.33154 0.546216 -0.0912601
0.41375 1.33123 0.546216 -0.0887601
0.41625 1.33086 0.546216 -0.0862601
0.41875 1.33043 0.546216 -0.0837601
0.42125 1.32992 0.546216 -0.0812602
0.42375 1.32932 0.546216 -0.0787602
0.42625 1.3286 0.546216 -0.0762602
0.42875 1.32774 0.546216 -0.0737602
0.43125 1.32671 0.546216 -0.0712602
0.43375 1.32544 0.546216 -0.0687602
0.43625 1.32389 0.546216 -0.0662603
0.43875 1.32197 0.546216 -0.0637603
0.44125 1.31959 0.546216 -0.0612603
0.44375 1.3166 0.546216 -0.0587604
0.44625 1.31288 0.546216 -0.0562604
0.44875 1.3082 0.546216 -0.0537604
0.45125 1.30315 0.546216 -0.0512605
0.45375 1.29711 0.546216 -0.0487605
0.45625 1.2904 0.546216 -0.0462606
0.45875 1.28222 0.546216 -0.0437607
0.46125 1.27038 0.546216 -0.0412607
0.46375 1.2547 0.546216 -0.0387608
0.46625 1.23517 0.546216 -0.0362609
0.46875 1.21197 0.546216 -0.033761
0.47125 1.18438 0.546216 -0.0312611
0.47375 1.1516 0.546216 -0.0287612
0.47625 1.11275 0.546216 -0.0262613
0.47875 1.06699 0.546216 -0.0237614
0.48125 1.01382 0.546216 -0.0212615
0.48375 0.953178 0.546216 -0.0187616
0.48625 0.884926 0.546216 -0.0162616
0.48875 0.809913 0.546216 -0.0137616
0.49125 0.733078 0.546216 -0.0112615
0.49375 0.662722 0.546216 -0.00876142
0.49625 0.603096 0.544663 -0.00626125
0.49875 0.563746 0.53569 -0.00376088
0.50125 0.549774 0.507854 -0.000437162
0.50375 0.54709 0.451622 0.00318114
0.50625 0.546216 0.361258 0.0037478
0.50875 0.546216 0.270642 0.00624085
0.51125 0.546216 0.214225 0.0087419
0.51375 0.546216 0.181344 0.0112432
0.51625 0.546216 0.160943 0.0137448
0.51875 0.546216 0.148468 0.0162465
0.52125 0.546216 0.142079 0.0187479
0.52375 0.546216 0.13953 0.0212489
0.52625 0.546216 0.138641 0.0237494
0.52875 0.546216 0.138285 0.0262497
0.53125 0.546216 0.138106 0.0287499
0.53375 0.546216 0.138008 0.0312499
0.53625 0.546216 0.137954 0.03375
0.53875 0.546216 0.137926 0.03625
0.54125 0.546216 0.137913 0.03875
0.54375 0.546216 0.137906 0.04125
0.54625 0.546216 0.137903 0.04375
0.54875 0.546216 0.137901 0.04625
0.55125 0.546216 0.137901 0.04875
0.55375 0.546216 0.1379 0.05125
0.55625 0.546216 0.1379 0.05375
0.55875 0.546216 0.1379 0.05625
0.56125 0.546216 0.1379 0.05875
0.56375 0.546216 0.1379 0.06125
0.56625 0.546216 0.1379 0.06375
0.56875 0.546216 0.1379 0.06625
0.57125 0.546216 0.1379 0.06875
0.57375 0.546216 0.1379 0.07125
0.57625 0.546216 0.1379 0.07375
0.57875 0.546216 0.1379 0.07625
0.58125 0.546216 0.1379 0.07875
0.58375 0.546216 0.1379 0.08125
0.58625 0.546216 0.1379 0.08375
0.58875 0.546216 0.1379 0.08625
0.59125 0.546216 0.1379 0.08875
0.59375 0.546216 0.1379 0.09125
0.59625 0.546216 0.1379 0.09375
0.59875 0.546216 0.1379 0.09625
0.60125 0.546216 0.1379 0.09875
0.60375 0.546216 0.1379 0.10125
0.60625 0.546216 0.1379 0.10375
0.60875 0.546216 0.1379 0.10625
0.61125 0.546216 0.1379 0.10875
0.61375 0.546216 0.1379 0.11125
0.61625 0.546216 0.1379 0.11375
0.61875 0.546216 0.1379 0.11625
0.62125 0.546216 0.1379 0.11875
0.62375 0.546216 0.1379 0.12125
0.62625 0.546216 0.1379 0.12375
0.62875 0.546216 0.1379 0.12625
0.63125 0.546216 0.1379 0.12875
0.63375 0.546216 0.1379 0.13125
0.63625 0.546216 0.1379 0.13375
0.63875 0.546216 0.1379 0.13625
0.64125 0.546216 0.1379 0.13875
0.64375 0.546216 0.1379 0.14125
0.64625 0.546216 0.1379 0.14375
0.64875 0.546216 0.1379 0.14625
0.65125 0.546216 0.1379 0.14875
0.65375 0.546216 0.1379 0.15125
0.65625 0.546216 0.1379 0.15375
0.65875 0.546216 0.1379 0.15625
0.66125 0.546216 0.1379 0.15875
0.66375 0.546216 0.1379 0.16125
0.66625 0.546216 0.1379 0.16375
0.66875 0.546216 0.1379 0.16625
0.67125 0.546216 0.1379 0.16875
0.67375 0.546216 0.1379 0.17125
0.67625 0.546216 0.1379 0.17375
0.67875 0.546216 0.1379 0.17625
0.68125 0.546216 0.1379 0.17875
0.68375 0.546216 0.1379 0.18125
0.68625 0.546216 0.1379 0.18375
0.68875 0.546216 0.1379 0.18625
0.69125 0.546216 0.1379 0.18875
0.69375 0.546216 0.1379 0.19125
0.69625 0.546216 0.1379 0.19375
0.69875 0.546216 0.1379 0.19625
0.70125 0.546216 0.1379 0.19875
0.70375 0.546216 0.1379 0.20125
0.70625 0.546216 0.1379 0.20375
0.70875 0.546216 0.1379 0.20625
0.71125 0.546216 0.1379 0.20875
0.71375 0.546216 0.1379 0.21125
0.71625 0.546216 0.1379 0.21375
0.71875 0.546216 0.1379 0.21625
0.72125 0.546216 0.1379 0.21875
0.72375 0.546216 0.1379 0.22125
0.72625 0.546216 0.1379 0.22375
0.72875 0.546216 0.1379 0.22625
0.73125 0.546216 0.1379 0.22875
0.73375 0.546216 0.1379 0.23125
0.73625 0.546216 0.1379 0.23375
0.73875 0.546216 0.1379 0.23625
0.74125 0.546216 0.1379 0.23875
0.74375 0.546216 0.1379 0.24125
0.74625 0.546216 0.1379 0.24375
0.74875 0.546216 0.1379 0.24625
0.75125 0.546216 0.1379 0.24875
0.75375 0.546216 0.1379 0.25125
0.75625 0.546216 0.1379 0.25375
0.75875 0.546216 0.1379 0.25625
0.76125 0.546216 0.1379 0.25875
0.76375 0.546216 0.1379 0.26125
0.76625 0.546216 0.1379 0.26375
0.76875 0.546216 0.1379 0.26625
0.77125 0.546216 0.1379 0.26875
0.77375 0.546216 0.1379 0.27125
0.77625 0.546216 0.1379 0.27375
0.77875 0.546216 0.1379 0.27625
0.78125 0.546216 0.1379 0.27875
0.78375 0.546216 0.1379 0.28125
0.78625 0.546216 0.1379 0.28375
0.78875 0.546216 0.1379 0.28625
0.79125 0.546216 0.1379 0.28875
0.79375 0.546216 0.1379 0.29125
0.79625 0.546216 0.1379 0.29375
0.79875 0.546216 0.1379 0.29625
0.80125 0.546216 0.1379 0.29875
0.80375 0.546216 0.1379 0.30125
0.80625 0.546216 0.1379 0.30375
0.80875 0.546216 0.1379 0.30625
0.81125 0.546216 0.1379 0.30875
0.81375 0.546216 0.1379 0.31125
0.81625 0.546216 0.1379 0.31375
0.81875 0.546216 0.1379 0.31625
0.82125 0.546216 0.1379 0.31875
0.82375 0.546216 0.1379 0.32125
0.82625 0.546216 0.1379 0.32375
0.82875 0.546216 0.1379 0.32625
0.83125 0.546216 0.1379 0.32875
0.83375 0.546216 0.1379 0.33125
0.83625 0.546216 0.1379 0.33375
0.83875 0.546216 0.1379 0.33625
0.84125 0.546216 0.1379 0.33875
0.84375 0.546216 0.1379 0.34125
0.84625 0.546216 0.1379 0.34375
0.84875 0.546216 0.1379 0.34625
0.85125 0.546216 0.1379 0.34875
0.85375 0.546216 0.1379 0.35125
0.85625 0.546216 0.1379 0.35375
0.85875 0.546216 0.1379 0.35625
0.86125 0.546216 0.1379 0.35875
0.86375 0.546216 0.1379 0.36125
0.86625 0.546216 0.1379 0.36375
0.86875 0.546216 0.1379 0.36625
0.87125 0.546216 0.1379 0.36875
0.87375 0.546216 0.1379 0.37125
0.87625 0.546216 0.1379 0.37375
0.87875 0.546216 0.1379 0.37625
0.88125 0.546216 0.1379 0.37875
0.88375 0.546216 0.1379 0.38125
0.88625 0.546216 0.1379 0.38375
0.88875 0.546216 0.1379 0.38625
0.89125 0.546216 0.1379 0.38875
0.89375 0.546216 0.1379 0.39125
0.89625 0.546216 0.1379 0.39375
0.89875 0.546216 0.1379 0.39625
0.90125 0.546216 0.1379 0.39875
0.90375 0.546216 0.1379 0.40125
0.90625 0.546216 0.1379 0.40375
0.90875 0.546216 0.1379 0.40625
0.91125 0.546216 0.1379 0.40875
0.91375 0.546216 0.1379 0.41125
0.91625 0.546216 0.1379 0.41375
0.91875 0.546216 0.1379 0.41625
0.92125 0.546216 0.1379 0.41875
0.92375 0.546216 0.1379 0.42125
0.92625 0.546216 0.1379 0.42375
0.92875 0.546216 0.1379 0.42625
0.93125 0.546216 0.1379 0.42875
0.93375 0.546216 0.1379 0.43125
0.93625 0.546216 0.1379 0.43375
0.93875 0.546216 0.1379 0.43625
0.94125 0.546216 0.1379 0.43875
0.94375 0.546216 0.1379 0.44125
0.94625 0.546216 0.1379 0.44375
0.94875 0.546216 0.1379 0.44625
0.95125 0.546216 0.1379 0.44875
0.95375 0.546216 0.1379 0.45125
0.95625 0.546216 0.1379 0.45375
0.95875 0.546216 0.1379 0.45625
0.96125 0.546216 0.1379 0.45875
0.96375 0.546216 0.1379 0.46125
0.96625 0.546216 0.1379 0.46375
0.96875 0.546216 0.1379 0.46625
0.97125 0.546216 0.1379 0.46875
0.97375 0.546216 0.1379 0.47125
0.97625 0.546216 0.1379 0.47375
0.97875 0.546216 0.1379 0.47625
0.98125 0.546216 0.1379 0.47875
0.98375 0.546216 0.1379 0.48125
0.98625 0.546216 0.1379 0.48375
0.98875 0.546216 0.1379 0.48625
0.99125 0.546216 0.1379 0.48875
0.99375 0.546216 0.1379 0.49125
0.99625 0.546216 0.1379 0.49375
0.99875 0.546216 0.1379 0.49625
