0.00125 1.33326 0.681855 -0.52875
0.00375 1.33326 0.681855 -0.526409
0.00625 1.33326 0.681855 -0.523909
0.00875 1.33326 0.681855 -0.521409
0.01125 1.33326 0.681855 -0.518909
0.01375 1.33326 0.681855 -0.516409
0.01625 1.33326 0.681855 -0.513909
0.01875 1.33327 0.681855 -0.511409
0.02125 1.33327 0.681855 -0.508909
0.02375 1.33327 0.681855 -0.506409
0.02625 1.33327 0.681855 -0.503909
0.02875 1.33327 0.681855 -0.501409
0.03125 1.33327 0.681855 -0.498909
0.03375 1.33327 0.681855 -0.496409
0.03625 1.33327 0.681855 -0.493909
0.03875 1.33327 0.681855 -0.491409
0.04125 1.33327 0.681855 -0.488909
0.04375 1.33327 0.681855 -0.486409
0.04625 1.33327 0.681855 -0.483909
0.04875 1.33327 0.681855 -0.481409
0.05125 1.33327 0.681855 -0.478909
0.05375 1.33327 0.681855 -0.476409
0.05625 1.33327 0.681855 -0.473909
0.05875 1.33326 0.681855 -0.471409
0.06125 1.33326 0.681855 -0.468909
0.06375 1.33326 0.681855 -0.466409
0.06625 1.33326 0.681855 -0.463909
0.06875 1.33326 0.681855 -0.461409
0.07125 1.33326 0.681855 -0.458909
0.07375 1.33326 0.681855 -0.456409
0.07625 1.33326 0.681855 -0.453909
0.07875 1.33326 0.681855 -0.451409
0.08125 1.33326 0.681855 -0.448909
0.08375 1.33326 0.681855 -0.446409
0.08625 1.33325 0.681855 -0.443909
0.08875 1.33325 0.681855 -0.441409
0.09125 1.33325 0.681855 -0.438909
0.09375 1.33325 0.681855 -0.436409
0.09625 1.33324 0.681855 -0.433909
0.09875 1.33324 0.681855 -0.431409
0.10125 1.33323 0.681855 -0.428909
0.10375 1.33322 0.681855 -0.426409
0.10625 1.33321 0.681855 -0.423909
0.10875 1.3332 0.681855 -0.421409
0.11125 1.33319 0.681855 -0.418909
0.11375 1.33318 0.681855 -0.416409
0.11625 1.33316 0.681855 -0.413909
0.11875 1.33315 0.681855 -0.411409
0.12125 1.33313 0.681855 -0.408909
0.12375 1.33311 0.681855 -0.406409
0.12625 1.33309 0.681855 -0.403909
0.12875 1.33306 0.681855 -0.401409
0.13125 1.33304 0.681855 -0.398909
0.13375 1.33301 0.681855 -0.396409
0.13625 1.33298 0.681855 -0.393909
0.13875 1.33294 0.681855 -0.391409
0.14125 1.3329 0.681855 -0.388909
0.14375 1.33286 0.681855 -0.386409
0.14625 1.33281 0.681855 -0.383909
0.14875 1.33277 0.681855 -0.381409
0.15125 1.33271 0.681855 -0.378909
0.15375 1.33265 0.681855 -0.376409
0.15625 1.33259 0.681855 -0.373909
0.15875 1.33251 0.681855 -0.371409
0.16125 1.33243 0.681855 -0.368909
0.16375 1.33234 0.681855 -0.366409
0.16625 1.33223 0.681855 -0.363909
0.16875 1.33212 0.681855 -0.361409
0.17125 1.332 0.681855 -0.358909
0.17375 1.33187 0.681855 -0.356409
0.17625 1.33177 0.681855 -0.353909
0.17875 1.33172 0.681855 -0.351409
0.18125 1.33168 0.681855 -0.348909
0.18375 1.33164 0.681855 -0.346409
0.18625 1.33162 0.681855 -0.343909
0.18875 1.33159 0.681855 -0.341409
0.19125 1.33158 0.681855 -0.338909
0.19375 1.33158 0.681855 -0.336409
0.19625 1.33159 0.681855 -0.333909
0.19875 1.33161 0.681855 -0.331409
0.20125 1.33163 0.681855 -0.328909
0.20375 1.33167 0.681855 -0.326409
0.20625 1.3317 0.681855 -0.323909
0.20875 1.33174 0.681855 -0.321409
0.21125 1.33178 0.681855 -0.318909
0.21375 1.33183 0.681855 -0.316409
0.21625 1.33189 0.681855 -0.313909
0.21875 1.33196 0.681855 -0.311409
0.22125 1.33205 0.681855 -0.308909
0.22375 1.33215 0.681855 -0.306409
0.22625 1.33227 0.681855 -0.303909
0.22875 1.3324 0.681855 -0.301409
0.23125 1.33253 0.681855 -0.298909
0.23375 1.33265 0.681855 -0.296409
0.23625 1.33273 0.681855 -0.293909
0.23875 1.33279 0.681855 -0.291409
0.24125 1.33283 0.681855 -0.288909
0.24375 1.33287 0.681855 -0.286409
0.24625 1.33291 0.681855 -0.283909
0.24875 1.33294 0.681855 -0.281409
0.25125 1.33297 0.681855 -0.278909
0.25375 1.333 0.681855 -0.276409
0.25625 1.33303 0.681855 -0.273909
0.25875 1.33304 0.681855 -0.271409
0.26125 1.33306 0.681855 -0.268909
0.26375 1.33308 0.681855 -0.266409
0.26625 1.33309 0.681855 -0.263909
0.26875 1.3331 0.681855 -0.261409
0.27125 1.33312 0.681855 -0.258909
0.27375 1.33313 0.681855 -0.256409
0.27625 1.33314 0.681855 -0.253909
0.27875 1.33315 0.681855 -0.251409
0.28125 1.33315 0.681855 -0.248909
0.28375 1.33316 0.681855 -0.246409
0.28625 1.33316 0.681855 -0.243909
0.28875 1.33317 0.681855 -0.241409
0.29125 1.33317 0.681855 -0.238909
0.29375 1.33317 0.681855 -0.236409
0.29625 1.33317 0.681855 -0.233909
0.29875 1.33318 0.681855 -0.231409
0.30125 1.33317 0.681855 -0.228909
0.30375 1.33316 0.681855 -0.226409
0.30625 1.33315 0.681855 -0.223909
0.30875 1.33314 0.681855 -0.221409
0.31125 1.33312 0.681855 -0.218909
0.31375 1.3331 0.681855 -0.216409
0.31625 1.33308 0.681855 -0.213909
0.31875 1.33305 0.681855 -0.211409
0.32125 1.33302 0.681855 -0.208909
0.32375 1.33299 0.681855 -0.206409
0.32625 1.33294 0.681855 -0.203909
0.32875 1.33289 0.681855 -0.201409
0.33125 1.33282 0.681855 -0.198909
0.33375 1.33274 0.681855 -0.196409
0.33625 1.33265 0.681855 -0.193909
0.33875 1.33255 0.681855 -0.191409
0.34125 1.33242 0.681855 -0.188909
0.34375 1.33227 0.681855 -0.186409
0.34625 1.3321 0.681855 -0.183909
0.34875 1.3319 0.681855 -0.181409
0.35125 1.33168 0.681855 -0.178909
0.35375 1.33142 0.681855 -0.17641
0.35625 1.33113 0.681855 -0.17391
0.35875 1.33079 0.681855 -0.17141
0.36125 1.33041 0.681855 -0.16891
0.36375 1.32998 0.681855 -0.16641
0.36625 1.32948 0.681855 -0.16391
0.36875 1.32893 0.681855 -0.161411
0.37125 1.32829 0.681855 -0.158911
0.37375 1.32758 0.681855 -0.156411
0.37625 1.32677 0.681855 -0.153911
0.37875 1.32587 0.681855 -0.151412
0.38125 1.32485 0.681855 -0.148912
0.38375 1.32371 0.681855 -0.146413
0.38625 1.32243 0.681855 -0.143913
0.38875 1.32102 0.681855 -0.141414
0.39125 1.31944 0.681855 -0.138915
0.39375 1.31769 0.681855 -0.136415
0.39625 1.31577 0.681855 -0.133916
0.39875 1.31365 0.681855 -0.131417
0.40125 1.31134 0.681855 -0.128918
0.40375 1.30882 0.681855 -0.126419
0.40625 1.30609 0.681855 -0.12392
0.40875 1.30314 0.681855 -0.121421
0.41125 1.29998 0.681855 -0.118923
0.41375 1.29661 0.681855 -0.116424
0.41625 1.29303 0.681855 -0.113926
0.41875 1.28924 0.681855 -0.111427
0.42125 1.28525 0.681855 -0.108929
0.42375 1.28104 0.681855 -0.106431
0.42625 1.27662 0.681855 -0.103933
0.42875 1.27196 0.681855 -0.101435
0.43125 1.26704 0.681855 -0.098937
0.43375 1.26181 0.681855 -0.0964392
0.43625 1.25625 0.681855 -0.0939416
0.43875 1.25029 0.681855 -0.0914442
0.44125 1.24389 0.681855 -0.088947
0.44375 1.237 0.681855 -0.08645
0.44625 1.22971 0.681855 -0.0839532
0.44875 1.22183 0.681855 -0.0814566
0.45125 1.21391 0.681855 -0.0789601
0.45375 1.20681 0.681855 -0.0764631
0.45625 1.2008 0.681855 -0.0739655
0.45875 1.19553 0.681855 -0.0714673
0.46125 1.19089 0.681855 -0.0689687
0.46375 1.18577 0.681855 -0.0664697
0.46625 1.18028 0.681855 -0.0639708
0.46875 1.17552 0.681408 -0.0614719
0.47125 1.17025 0.679198 -0.0589729
0.47375 1.16449 0.676023 -0.0564738
0.47625 1.15921 0.673247 -0.0539748
0.47875 1.15333 0.67007 -0.0514758
0.48125 1.14665 0.666323 -0.0489767
0.48375 1.13942 0.662165 -0.0464772
0.48625 1.13195 0.658016 -0.0439775
0.48875 1.12442 0.653851 -0.0414775
0.49125 1.11506 0.649227 -0.0389774
0.49375 1.10376 0.644011 -0.0364773
0.49625 1.09128 0.637863 -0.0339773
0.49875 1.07678 0.631148 -0.0314772
0.50125 1.05938 0.624411 -0.0289772
0.50375 1.03829 0.617573 -0.0264772
0.50625 1.01288 0.610684 -0.0239772
0.50875 0.982548 0.602504 -0.0214771
0.51125 0.94702 0.592424 -0.0189771
0.51375 0.905577 0.582003 -0.0164771
0.51625 0.858695 0.571805 -0.013977
0.51875 0.804639 0.560684 -0.011477
0.52125 0.746328 0.547979 -0.008977
0.52375 0.703405 0.533555 -0.006477
0.52625 0.686074 0.516141 -0.00397701
0.52875 0.682561 0.49544 -0.00183229
0.53125 0.68185 0.473461 0.00136177
0.53375 0.681855 0.449088 0.00355988
0.53625 0.681855 0.418254 0.00602226
0.53875 0.681855 0.381521 0.00852222
0.54125 0.681855 0.341641 0.0110222
0.54375 0.681855 0.296534 0.0135221
0.54625 0.681855 0.247466 0.0160221
0.54875 0.681855 0.20595 0.018522
0.55125 0.681855 0.180396 0.0210219
0.55375 0.681855 0.168969 0.0235219
0.55625 0.681855 0.16513 0.0260218
0.55875 0.681855 0.163863 0.0285217
0.56125 0.681855 0.162676 0.0310217
0.56375 0.681855 0.161466 0.0335216
0.56625 0.681855 0.160588 0.0360215
0.56875 0.681855 0.159774 0.0385214
0.57125 0.681855 0.15936 0.0410214
0.57375 0.681855 0.159174 0.0435213
0.57625 0.681855 0.159116 0.0460212
0.57875 0.681855 0.15908 0.0485211
0.58125 0.681855 0.159067 0.0510211
0.58375 0.681855 0.15907 0.053521
0.58625 0.681855 0.159079 0.0560209
0.58875 0.681855 0.159093 0.0585208
0.59125 0.681855 0.159111 0.0610207
0.59375 0.681855 0.159124 0.0635206
0.59625 0.681855 0.159133 0.0660205
0.59875 0.681855 0.159139 0.0685204
0.60125 0.681855 0.159145 0.0710204
0.60375 0.681855 0.159151 0.0735203
0.60625 0.681855 0.15916 0.0760202
0.60875 0.681855 0.159169 0.0785201
0.61125 0.681855 0.159179 0.08102
0.61375 0.681855 0.159187 0.0835199
0.61625 0.681855 0.159196 0.0860198
0.61875 0.681855 0.159205 0.0885197
0.62125 0.681855 0.159214 0.0910196
0.62375 0.681855 0.159222 0.0935195
0.62625 0.681855 0.159233 0.0960194
0.62875 0.681855 0.159241 0.0985193
0.63125 0.681855 0.159249 0.101019
0.63375 0.681855 0.159256 0.103519
0.63625 0.681855 0.159264 0.106019
0.63875 0.681855 0.159271 0.108519
0.64125 0.681855 0.159278 0.111019
0.64375 0.681855 0.159286 0.113519
0.64625 0.681855 0.159293 0.116019
0.64875 0.681855 0.159301 0.118519
0.65125 0.681855 0.159309 0.121019
0.65375 0.681855 0.159318 0.123518
0.65625 0.681855 0.159326 0.126018
0.65875 0.681855 0.159333 0.128518
0.66125 0.681855 0.159339 0.131018
0.66375 0.681855 0.159344 0.133518
0.66625 0.681855 0.159348 0.136018
0.66875 0.681855 0.15935 0.138518
0.67125 0.681855 0.159351 0.141018
0.67375 0.681855 0.159351 0.143518
0.67625 0.681855 0.15935 0.146018
0.67875 0.681855 0.159349 0.148518
0.68125 0.681855 0.159347 0.151018
0.68375 0.681855 0.159344 0.153518
0.68625 0.681855 0.159339 0.156018
0.68875 0.681855 0.159331 0.158518
0.69125 0.681855 0.15932 0.161019
0.69375 0.681855 0.159306 0.163519
0.69625 0.681855 0.159288 0.166019
0.69875 0.681855 0.159266 0.168519
0.70125 0.681855 0.159235 0.17102
0.70375 0.681855 0.159204 0.17352
0.70625 0.681855 0.159158 0.17602
0.70875 0.681855 0.159119 0.178521
0.71125 0.681855 0.159056 0.181021
0.71375 0.681855 0.159007 0.183522
0.71625 0.681855 0.158926 0.186023
0.71875 0.681855 0.158864 0.188524
0.72125 0.681855 0.158762 0.191025
0.72375 0.681855 0.158681 0.193526
0.72625 0.681855 0.158542 0.196027
0.72875 0.681855 0.158429 0.198529
0.73125 0.681855 0.158222 0.201031
0.73375 0.681855 0.158049 0.203534
0.73625 0.681855 0.157724 0.206037
0.73875 0.681855 0.157447 0.208542
0.74125 0.681855 0.156827 0.211048
0.74375 0.681855 0.15623 0.213556
0.74625 0.681855 0.155361 0.216073
0.74875 0.681855 0.153485 0.218593
0.75125 0.681855 0.151162 0.221138
0.75375 0.681855 0.146347 0.223696
0.75625 0.681855 0.141072 0.226239
0.75875 0.681855 0.138496 0.228748
0.76125 0.681855 0.138008 0.23125
0.76375 0.681855 0.137922 0.23375
0.76625 0.681855 0.137907 0.23625
0.76875 0.681855 0.137903 0.23875
0.77125 0.681855 0.137901 0.24125
0.77375 0.681855 0.137901 0.24375
0.77625 0.681855 0.1379 0.24625
0.77875 0.681855 0.1379 0.24875
0.78125 0.681855 0.1379 0.25125
0.78375 0.681855 0.1379 0.25375
0.78625 0.681855 0.1379 0.25625
0.78875 0.681855 0.1379 0.25875
0.79125 0.681855 0.1379 0.26125
0.79375 0.681855 0.1379 0.26375
0.79625 0.681855 0.1379 0.26625
0.79875 0.681855 0.1379 0.26875
0.80125 0.681855 0.1379 0.27125
0.80375 0.681855 0.1379 0.27375
0.80625 0.681855 0.1379 0.27625
0.80875 0.681855 0.1379 0.27875
0.81125 0.681855 0.1379 0.28125
0.81375 0.681855 0.1379 0.28375
0.81625 0.681855 0.1379 0.28625
0.81875 0.681855 0.1379 0.28875
0.82125 0.681855 0.1379 0.29125
0.82375 0.681855 0.1379 0.29375
0.82625 0.681855 0.1379 0.29625
0.82875 0.681855 0.1379 0.29875
0.83125 0.681855 0.1379 0.30125
0.83375 0.681855 0.1379 0.30375
0.83625 0.681855 0.1379 0.30625
0.83875 0.681855 0.1379 0.30875
0.84125 0.681855 0.1379 0.31125
0.84375 0.681855 0.1379 0.31375
0.84625 0.681855 0.1379 0.31625
0.84875 0.681855 0.1379 0.31875
0.85125 0.681855 0.1379 0.32125
0.85375 0.681855 0.1379 0.32375
0.85625 0.681855 0.1379 0.32625
0.85875 0.681855 0.1379 0.32875
0.86125 0.681855 0.1379 0.33125
0.86375 0.681855 0.1379 0.33375
0.86625 0.681855 0.1379 0.33625
0.86875 0.681855 0.1379 0.33875
0.87125 0.681855 0.1379 0.34125
0.87375 0.681855 0.1379 0.34375
0.87625 0.681855 0.1379 0.34625
0.87875 0.681855 0.1379 0.34875
0.88125 0.681855 0.1379 0.35125
0.88375 0.681855 0.1379 0.35375
0.88625 0.681855 0.1379 0.35625
0.88875 0.681855 0.1379 0.35875
0.89125 0.681855 0.1379 0.36125
0.89375 0.681855 0.1379 0.36375
0.89625 0.681855 0.1379 0.36625
0.89875 0.681855 0.1379 0.36875
0.90125 0.681855 0.1379 0.37125
0.90375 0.681855 0.1379 0.37375
0.90625 0.681855 0.1379 0.37625
0.90875 0.681855 0.1379 0.37875
0.91125 0.681855 0.1379 0.38125
0.91375 0.681855 0.1379 0.38375
0.91625 0.681855 0.1379 0.38625
0.91875 0.681855 0.1379 0.38875
0.92125 0.681855 0.1379 0.39125
0.92375 0.681855 0.1379 0.39375
0.92625 0.681855 0.1379 0.39625
0.92875 0.681855 0.1379 0.39875
0.93125 0.681855 0.1379 0.40125
0.93375 0.681855 0.1379 0.40375
0.93625 0.681855 0.1379 0.40625
0.93875 0.681855 0.1379 0.40875
0.94125 0.681855 0.1379 0.41125
0.94375 0.681855 0.1379 0.41375
0.94625 0.681855 0.1379 0.41625
0.94875 0.681855 0.1379 0.41875
0.95125 0.681855 0.1379 0.42125
0.95375 0.681855 0.1379 0.42375
0.95625 0.681855 0.1379 0.42625
0.95875 0.681855 0.1379 0.42875
0.96125 0.681855 0.1379 0.43125
0.96375 0.681855 0.1379 0.43375
0.96625 0.681855 0.1379 0.43625
0.96875 0.681855 0.1379 0.43875
0.97125 0.681855 0.1379 0.44125
0.97375 0.681855 0.1379 0.44375
0.97625 0.681855 0.1379 0.44625
0.97875 0.681855 0.1379 0.44875
0.98125 0.681855 0.1379 0.45125
0.98375 0.681855 0.1379 0.45375
0.98625 0.681855 0.1379 0.45625
0.98875 0.681855 0.1379 0.45875
0.99125 0.681855 0.1379 0.46125
0.99375 0.681855 0.1379 0.46375
0.99625 0.681855 0.1379 0.46625
0.99875 0.681855 0.1379 0.46875
