0.0005 1.33327 0.43025 -0.5005
0.0015 1.33327 0.43025 -0.499546
0.0025 1.33327 0.43025 -0.498546
0.0035 1.33327 0.43025 -0.497546
0.0045 1.33327 0.43025 -0.496546
0.0055 1.33327 0.43025 -0.495546
0.0065 1.33327 0.43025 -0.494546
0.0075 1.33327 0.43025 -0.493546
0.0085 1.33327 0.43025 -0.492546
0.0095 1.33327 0.43025 -0.491546
0.0105 1.33327 0.43025 -0.490546
0.0115 1.33327 0.43025 -0.489546
0.0125 1.33327 0.43025 -0.488546
0.0135 1.33327 0.43025 -0.487546
0.0145 1.33327 0.43025 -0.486546
0.0155 1.33327 0.43025 -0.485546
0.0165 1.33327 0.43025 -0.484546
0.0175 1.33327 0.43025 -0.483546
0.0185 1.33327 0.43025 -0.482546
0.0195 1.33327 0.43025 -0.481546
0.0205 1.33327 0.43025 -0.480546
0.0215 1.33327 0.43025 -0.479546
0.0225 1.33327 0.43025 -0.478546
0.0235 1.33327 0.43025 -0.477546
0.0245 1.33327 0.43025 -0.476546
0.0255 1.33327 0.43025 -0.475546
0.0265 1.33327 0.43025 -0.474546
0.0275 1.33327 0.43025 -0.473546
0.0285 1.33327 0.43025 -0.472546
0.0295 1.33327 0.43025 -0.471546
0.0305 1.33327 0.43025 -0.470546
0.0315 1.33327 0.43025 -0.469546
0.0325 1.33327 0.43025 -0.468546
0.0335 1.33327 0.43025 -0.467546
0.0345 1.33327 0.43025 -0.466546
0.0355 1.33327 0.43025 -0.465546
0.0365 1.33327 0.43025 -0.464546
0.0375 1.33327 0.43025 -0.463546
0.0385 1.33327 0.43025 -0.462546
0.0395 1.33327 0.43025 -0.461546
0.0405 1.33327 0.43025 -0.460546
0.0415 1.33327 0.43025 -0.459546
0.0425 1.33327 0.43025 -0.458546
0.0435 1.33327 0.43025 -0.457546
0.0445 1.33327 0.43025 -0.456546
0.0455 1.33327 0.43025 -0.455546
0.0465 1.33327 0.43025 -0.454546
0.0475 1.33327 0.43025 -0.453546
0.0485 1.33327 0.43025 -0.452546
0.0495 1.33327 0.43025 -0.451546
0.0505 1.33327 0.43025 -0.450546
0.0515 1.33327 0.43025 -0.449546
0.0525 1.33327 0.43025 -0.448546
0.0535 1.33327 0.43025 -0.447546
0.0545 1.33327 0.43025 -0.446546
0.0555 1.33327 0.43025 -0.445546
0.0565 1.33327 0.43025 -0.444546
0.0575 1.33327 0.43025 -0.443546
0.0585 1.33327 0.43025 -0.442546
0.0595 1.33327 0.43025 -0.441546
0.0605 1.33327 0.43025 -0.440546
0.0615 1.33327 0.43025 -0.439546
0.0625 1.33327 0.43025 -0.438546
0.0635 1.33327 0.43025 -0.437546
0.0645 1.33327 0.43025 -0.436546
0.0655 1.33327 0.43025 -0.435546
0.0665 1.33327 0.43025 -0.434546
0.0675 1.33327 0.43025 -0.433546
0.0685 1.33327 0.43025 -0.432546
0.0695 1.33327 0.43025 -0.431546
0.0705 1.33327 0.43025 -0.430546
0.0715 1.33327 0.43025 -0.429546
0.0725 1.33327 0.43025 -0.428546
0.0735 1.33327 0.43025 -0.427546
0.0745 1.33327 0.43025 -0.426546
0.0755 1.33327 0.43025 -0.425546
0.0765 1.33327 0.43025 -0.424546
0.0775 1.33327 0.43025 -0.423546
0.0785 1.33327 0.43025 -0.422546
0.0795 1.33327 0.43025 -0.421546
0.0805 1.33327 0.43025 -0.420546
0.0815 1.33327 0.43025 -0.419546
0.0825 1.33327 0.43025 -0.418546
0.0835 1.33327 0.43025 -0.417546
0.0845 1.33327 0.43025 -0.416546
0.0855 1.33327 0.43025 -0.415546
0.0865 1.33327 0.43025 -0.414546
0.0875 1.33327 0.43025 -0.413546
0.0885 1.33327 0.43025 -0.412546
0.0895 1.33327 0.43025 -0.411546
0.0905 1.33327 0.43025 -0.410546
0.0915 1.33327 0.43025 -0.409546
0.0925 1.33327 0.43025 -0.408546
0.0935 1.33327 0.43025 -0.407546
0.0945 1.33327 0.43025 -0.406546
0.0955 1.33327 0.43025 -0.405546
0.0965 1.33327 0.43025 -0.404546
0.0975 1.33327 0.43025 -0.403546
0.0985 1.33327 0.43025 -0.402546
0.0995 1.33327 0.43025 -0.401546
0.1005 1.33327 0.43025 -0.400546
0.1015 1.33327 0.43025 -0.399546
0.1025 1.33327 0.43025 -0.398546
0.1035 1.33327 0.43025 -0.397546
0.1045 1.33327 0.43025 -0.396546
0.1055 1.33327 0.43025 -0.395546
0.1065 1.33327 0.43025 -0.394546
0.1075 1.33327 0.43025 -0.393546
0.1085 1.33327 0.43025 -0.392546
0.1095 1.33327 0.43025 -0.391546
0.1105 1.33326 0.43025 -0.390546
0.1115 1.33326 0.43025 -0.389546
0.1125 1.33326 0.43025 -0.388546
0.1135 1.33326 0.43025 -0.387546
0.1145 1.33326 0.43025 -0.386546
0.1155 1.33326 0.43025 -0.385546
0.1165 1.33326 0.43025 -0.384546
0.1175 1.33325 0.43025 -0.383546
0.1185 1.33325 0.43025 -0.382546
0.1195 1.33325 0.43025 -0.381546
0.1205 1.33324 0.43025 -0.380546
0.1215 1.33324 0.43025 -0.379546
0.1225 1.33323 0.43025 -0.378546
0.1235 1.33323 0.43025 -0.377546
0.1245 1.33322 0.43025 -0.376546
0.1255 1.33322 0.43025 -0.375546
0.1265 1.33321 0.43025 -0.374546
0.1275 1.33321 0.43025 -0.373546
0.1285 1.3332 0.43025 -0.372546
0.1295 1.33319 0.43025 -0.371546
0.1305 1.33318 0.43025 -0.370546
0.1315 1.33317 0.43025 -0.369546
0.1325 1.33316 0.43025 -0.368546
0.1335 1.33315 0.43025 -0.367546
0.1345 1.33313 0.43025 -0.366546
0.1355 1.33312 0.43025 -0.365546
0.1365 1.3331 0.43025 -0.364546
0.1375 1.33308 0.43025 -0.363546
0.1385 1.33306 0.43025 -0.362546
0.1395 1.33304 0.43025 -0.361546
0.1405 1.33301 0.43025 -0.360546
0.1415 1.33298 0.43025 -0.359546
0.1425 1.33295 0.43025 -0.358546
0.1435 1.33292 0.43025 -0.357546
0.1445 1.33288 0.43025 -0.356546
0.1455 1.33284 0.43025 -0.355546
0.1465 1.3328 0.43025 -0.354546
0.1475 1.33275 0.43025 -0.353546
0.1485 1.33269 0.43025 -0.352546
0.1495 1.33263 0.43025 -0.351546
0.1505 1.33257 0.43025 -0.350546
0.1515 1.3325 0.43025 -0.349546
0.1525 1.33242 0.43025 -0.348546
0.1535 1.33234 0.43025 -0.347546
0.1545 1.33226 0.43025 -0.346546
0.1555 1.33217 0.43025 -0.345546
0.1565 1.33208 0.43025 -0.344546
0.1575 1.33198 0.43025 -0.343546
0.1585 1.3319 0.43025 -0.342546
0.1595 1.33183 0.43025 -0.341546
0.1605 1.33179 0.43025 -0.340546
0.1615 1.33177 0.43025 -0.339546
0.1625 1.33176 0.43025 -0.338546
0.1635 1.33176 0.43025 -0.337546
0.1645 1.33176 0.43025 -0.336546
0.1655 1.33177 0.43025 -0.335546
0.1665 1.33177 0.43025 -0.334546
0.1675 1.33177 0.43025 -0.333546
0.1685 1.33178 0.43025 -0.332546
0.1695 1.33179 0.43025 -0.331546
0.1705 1.3318 0.43025 -0.330546
0.1715 1.33182 0.43025 -0.329546
0.1725 1.33185 0.43025 -0.328546
0.1735 1.33188 0.43025 -0.327546
0.1745 1.33192 0.43025 -0.326546
0.1755 1.33197 0.43025 -0.325546
0.1765 1.33203 0.43025 -0.324546
0.1775 1.33209 0.43025 -0.323546
0.1785 1.33216 0.43025 -0.322546
0.1795 1.33224 0.43025 -0.321546
0.1805 1.33232 0.43025 -0.320546
0.1815 1.33241 0.43025 -0.319546
0.1825 1.33251 0.43025 -0.318546
0.1835 1.33261 0.43025 -0.317546
0.1845 1.33272 0.43025 -0.316546
0.1855 1.33283 0.43025 -0.315546
0.1865 1.33292 0.43025 -0.314546
0.1875 1.33299 0.43025 -0.313546
0.1885 1.33304 0.43025 -0.312546
0.1895 1.33306 0.43025 -0.311546
0.1905 1.33308 0.43025 -0.310546
0.1915 1.3331 0.43025 -0.309546
0.1925 1.33311 0.43025 -0.308546
0.1935 1.33312 0.43025 -0.307546
0.1945 1.33313 0.43025 -0.306546
0.1955 1.33314 0.43025 -0.305546
0.1965 1.33315 0.43025 -0.304546
0.1975 1.33316 0.43025 -0.303546
0.1985 1.33316 0.43025 -0.302546
0.1995 1.33317 0.43025 -0.301546
0.2005 1.33318 0.43025 -0.300546
0.2015 1.33319 0.43025 -0.299546
0.2025 1.33319 0.43025 -0.298546
0.2035 1.3332 0.43025 -0.297546
0.2045 1.3332 0.43025 -0.296546
0.2055 1.33321 0.43025 -0.295546
0.2065 1.33322 0.43025 -0.294546
0.2075 1.33322 0.43025 -0.293546
0.2085 1.33323 0.43025 -0.292546
0.2095 1.33323 0.43025 -0.291546
0.2105 1.33323 0.43025 -0.290546
0.2115 1.33324 0.43025 -0.289546
0.2125 1.33324 0.43025 -0.288546
0.2135 1.33324 0.43025 -0.287546
0.2145 1.33325 0.43025 -0.286546
0.2155 1.33325 0.43025 -0.285546
0.2165 1.33325 0.43025 -0.284546
0.2175 1.33325 0.43025 -0.283546
0.2185 1.33326 0.43025 -0.282546
0.2195 1.33326 0.43025 -0.281546
0.2205 1.33326 0.43025 -0.280546
0.2215 1.33326 0.43025 -0.279546
0.2225 1.33327 0.43025 -0.278546
0.2235 1.33327 0.43025 -0.277546
0.2245 1.33327 0.43025 -0.276546
0.2255 1.33327 0.43025 -0.275546
0.2265 1.33327 0.43025 -0.274546
0.2275 1.33328 0.43025 -0.273546
0.2285 1.33328 0.43025 -0.272546
0.2295 1.33328 0.43025 -0.271546
0.2305 1.33328 0.43025 -0.270546
0.2315 1.33328 0.43025 -0.269546
0.2325 1.33328 0.43025 -0.268546
0.2335 1.33328 0.43025 -0.267546
0.2345 1.33328 0.43025 -0.266546
0.2355 1.33329 0.43025 -0.265546
0.2365 1.33329 0.43025 -0.264546
0.2375 1.33329 0.43025 -0.263546
0.2385 1.33329 0.43025 -0.262546
0.2395 1.33329 0.43025 -0.261546
0.2405 1.33329 0.43025 -0.260546
0.2415 1.33329 0.43025 -0.259546
0.2425 1.33329 0.43025 -0.258546
0.2435 1.33329 0.43025 -0.257546
0.2445 1.33329 0.43025 -0.256546
0.2455 1.33329 0.43025 -0.255546
0.2465 1.33329 0.43025 -0.254546
0.2475 1.3333 0.43025 -0.253546
0.2485 1.3333 0.43025 -0.252546
0.2495 1.3333 0.43025 -0.251546
0.2505 1.3333 0.43025 -0.250546
0.2515 1.3333 0.43025 -0.249546
0.2525 1.3333 0.43025 -0.248546
0.2535 1.3333 0.43025 -0.247546
0.2545 1.3333 0.43025 -0.246546
0.2555 1.3333 0.43025 -0.245546
0.2565 1.3333 0.43025 -0.244546
0.2575 1.3333 0.43025 -0.243546
0.2585 1.3333 0.43025 -0.242546
0.2595 1.3333 0.43025 -0.241546
0.2605 1.3333 0.43025 -0.240546
0.2615 1.3333 0.43025 -0.239546
0.2625 1.3333 0.43025 -0.238546
0.2635 1.3333 0.43025 -0.237546
0.2645 1.3333 0.43025 -0.236546
0.2655 1.3333 0.43025 -0.235546
0.2665 1.3333 0.43025 -0.234546
0.2675 1.3333 0.43025 -0.233546
0.2685 1.3333 0.43025 -0.232546
0.2695 1.3333 0.43025 -0.231546
0.2705 1.3333 0.43025 -0.230546
0.2715 1.3333 0.43025 -0.229546
0.2725 1.3333 0.43025 -0.228546
0.2735 1.3333 0.43025 -0.227546
0.2745 1.3333 0.43025 -0.226546
0.2755 1.3333 0.43025 -0.225546
0.2765 1.3333 0.43025 -0.224546
0.2775 1.3333 0.43025 -0.223546
0.2785 1.3333 0.43025 -0.222546
0.2795 1.3333 0.43025 -0.221546
0.2805 1.3333 0.43025 -0.220546
0.2815 1.3333 0.43025 -0.219546
0.2825 1.3333 0.43025 -0.218546
0.2835 1.3333 0.43025 -0.217546
0.2845 1.3333 0.43025 -0.216546
0.2855 1.3333 0.43025 -0.215546
0.2865 1.3333 0.43025 -0.214546
0.2875 1.3333 0.43025 -0.213546
0.2885 1.3333 0.43025 -0.212546
0.2895 1.33331 0.43025 -0.211546
0.2905 1.33331 0.43025 -0.210546
0.2915 1.33331 0.43025 -0.209546
0.2925 1.33331 0.43025 -0.208546
0.2935 1.33331 0.43025 -0.207546
0.2945 1.33331 0.43025 -0.206546
0.2955 1.33331 0.43025 -0.205546
0.2965 1.33331 0.43025 -0.204546
0.2975 1.33331 0.43025 -0.203546
0.2985 1.33331 0.43025 -0.202546
0.2995 1.33331 0.43025 -0.201546
0.3005 1.33331 0.43025 -0.200546
0.3015 1.33331 0.43025 -0.199546
0.3025 1.33331 0.43025 -0.198546
0.3035 1.33331 0.43025 -0.197546
0.3045 1.33331 0.43025 -0.196546
0.3055 1.33331 0.43025 -0.195546
0.3065 1.33331 0.43025 -0.194546
0.3075 1.33331 0.43025 -0.193546
0.3085 1.33331 0.43025 -0.192546
0.3095 1.33331 0.43025 -0.191546
0.3105 1.33331 0.43025 -0.190546
0.3115 1.33331 0.43025 -0.189546
0.3125 1.33331 0.43025 -0.188546
0.3135 1.33331 0.43025 -0.187546
0.3145 1.33331 0.43025 -0.186546
0.3155 1.33331 0.43025 -0.185546
0.3165 1.33331 0.43025 -0.184546
0.3175 1.33331 0.43025 -0.183546
0.3185 1.33331 0.43025 -0.182546
0.3195 1.33331 0.43025 -0.181546
0.3205 1.33331 0.43025 -0.180546
0.3215 1.33331 0.43025 -0.179546
0.3225 1.33331 0.43025 -0.178546
0.3235 1.33331 0.43025 -0.177546
0.3245 1.33331 0.43025 -0.176546
0.3255 1.33331 0.43025 -0.175546
0.3265 1.3333 0.43025 -0.174546
0.3275 1.3333 0.43025 -0.173546
0.3285 1.3333 0.43025 -0.172546
0.3295 1.3333 0.43025 -0.171546
0.3305 1.3333 0.43025 -0.170546
0.3315 1.3333 0.43025 -0.169546
0.3325 1.3333 0.43025 -0.168546
0.3335 1.3333 0.43025 -0.167546
0.3345 1.33331 0.43025 -0.166546
0.3355 1.33331 0.43025 -0.165546
0.3365 1.33331 0.43025 -0.164546
0.3375 1.33331 0.43025 -0.163546
0.3385 1.33331 0.43025 -0.162546
0.3395 1.33331 0.43025 -0.161546
0.3405 1.33331 0.43025 -0.160546
0.3415 1.3333 0.43025 -0.159546
0.3425 1.3333 0.43025 -0.158546
0.3435 1.3333 0.43025 -0.157546
0.3445 1.3333 0.43025 -0.156546
0.3455 1.3333 0.43025 -0.155546
0.3465 1.3333 0.43025 -0.154546
0.3475 1.3333 0.43025 -0.153546
0.3485 1.3333 0.43025 -0.152546
0.3495 1.3333 0.43025 -0.151546
0.3505 1.3333 0.43025 -0.150546
0.3515 1.3333 0.43025 -0.149546
0.3525 1.3333 0.43025 -0.148546
0.3535 1.3333 0.43025 -0.147546
0.3545 1.3333 0.43025 -0.146546
0.3555 1.3333 0.43025 -0.145546
0.3565 1.3333 0.43025 -0.144546
0.3575 1.3333 0.43025 -0.143546
0.3585 1.3333 0.43025 -0.142546
0.3595 1.3333 0.43025 -0.141546
0.3605 1.33331 0.43025 -0.140546
0.3615 1.33331 0.43025 -0.139546
0.3625 1.33331 0.43025 -0.138546
0.3635 1.33331 0.43025 -0.137546
0.3645 1.33331 0.43025 -0.136546
0.3655 1.33331 0.43025 -0.135546
0.3665 1.33331 0.43025 -0.134546
0.3675 1.33331 0.43025 -0.133546
0.3685 1.33331 0.43025 -0.132546
0.3695 1.33331 0.43025 -0.131546
0.3705 1.33331 0.43025 -0.130546
0.3715 1.33331 0.43025 -0.129546
0.3725 1.33331 0.43025 -0.128546
0.3735 1.33331 0.43025 -0.127546
0.3745 1.33331 0.43025 -0.126546
0.3755 1.33331 0.43025 -0.125546
0.3765 1.33331 0.43025 -0.124546
0.3775 1.33331 0.43025 -0.123546
0.3785 1.33331 0.43025 -0.122546
0.3795 1.33331 0.43025 -0.121546
0.3805 1.33331 0.43025 -0.120546
0.3815 1.33331 0.43025 -0.119546
0.3825 1.33331 0.43025 -0.118546
0.3835 1.33331 0.43025 -0.117546
0.3845 1.33331 0.43025 -0.116546
0.3855 1.33331 0.43025 -0.115546
0.3865 1.33331 0.43025 -0.114546
0.3875 1.33331 0.43025 -0.113546
0.3885 1.3333 0.43025 -0.112546
0.3895 1.3333 0.43025 -0.111546
0.3905 1.3333 0.43025 -0.110546
0.3915 1.3333 0.43025 -0.109546
0.3925 1.3333 0.43025 -0.108546
0.3935 1.3333 0.43025 -0.107546
0.3945 1.3333 0.43025 -0.106546
0.3955 1.3333 0.43025 -0.105546
0.3965 1.3333 0.43025 -0.104546
0.3975 1.3333 0.43025 -0.103546
0.3985 1.3333 0.43025 -0.102546
0.3995 1.3333 0.43025 -0.101546
0.4005 1.3333 0.43025 -0.100546
0.4015 1.3333 0.43025 -0.0995465
0.4025 1.3333 0.43025 -0.0985465
0.4035 1.3333 0.43025 -0.0975465
0.4045 1.3333 0.43025 -0.0965465
0.4055 1.3333 0.43025 -0.0955465
0.4065 1.3333 0.43025 -0.0945465
0.4075 1.3333 0.43025 -0.0935465
0.4085 1.3333 0.43025 -0.0925465
0.4095 1.3333 0.43025 -0.0915465
0.4105 1.3333 0.43025 -0.0905465
0.4115 1.3333 0.43025 -0.0895465
0.4125 1.3333 0.43025 -0.0885465
0.4135 1.3333 0.43025 -0.0875465
0.4145 1.33329 0.43025 -0.0865465
0.4155 1.33329 0.43025 -0.0855465
0.4165 1.33329 0.43025 -0.0845465
0.4175 1.33328 0.43025 -0.0835465
0.4185 1.33328 0.43025 -0.0825465
0.4195 1.33327 0.43025 -0.0815465
0.4205 1.33327 0.43025 -0.0805465
0.4215 1.33326 0.43025 -0.0795465
0.4225 1.33325 0.43025 -0.0785465
0.4235 1.33324 0.43025 -0.0775465
0.4245 1.33324 0.43025 -0.0765465
0.4255 1.33323 0.43025 -0.0755465
0.4265 1.33322 0.43025 -0.0745465
0.4275 1.33321 0.43025 -0.0735465
0.4285 1.33319 0.43025 -0.0725465
0.4295 1.33318 0.43025 -0.0715465
0.4305 1.33317 0.43025 -0.0705465
0.4315 1.33315 0.43025 -0.0695465
0.4325 1.33314 0.43025 -0.0685465
0.4335 1.33312 0.43025 -0.0675465
0.4345 1.3331 0.43025 -0.0665465
0.4355 1.33307 0.43025 -0.0655465
0.4365 1.33305 0.43025 -0.0645465
0.4375 1.33301 0.43025 -0.0635465
0.4385 1.33297 0.43025 -0.0625465
0.4395 1.33293 0.43025 -0.0615465
0.4405 1.33288 0.43025 -0.0605465
0.4415 1.33283 0.43025 -0.0595465
0.4425 1.33276 0.43025 -0.0585465
0.4435 1.3327 0.43025 -0.0575465
0.4445 1.33262 0.43025 -0.0565465
0.4455 1.33253 0.43025 -0.0555466
0.4465 1.33244 0.43025 -0.0545466
0.4475 1.33233 0.43025 -0.0535466
0.4485 1.33221 0.43025 -0.0525466
0.4495 1.33207 0.43025 -0.0515466
0.4505 1.33192 0.43025 -0.0505466
0.4515 1.33175 0.43025 -0.0495466
0.4525 1.33157 0.43025 -0.0485467
0.4535 1.33135 0.43025 -0.0475467
0.4545 1.33111 0.43025 -0.0465467
0.4555 1.33084 0.43025 -0.0455467
0.4565 1.33054 0.43025 -0.0445468
0.4575 1.33019 0.43025 -0.0435468
0.4585 1.3298 0.43025 -0.0425468
0.4595 1.32934 0.43025 -0.0415469
0.4605 1.32883 0.43025 -0.0405469
0.4615 1.32823 0.43025 -0.039547
0.4625 1.32754 0.43025 -0.038547
0.4635 1.32674 0.43025 -0.0375471
0.4645 1.32581 0.43025 -0.0365472
0.4655 1.32472 0.43025 -0.0355472
0.4665 1.32345 0.43025 -0.0345473
0.4675 1.32195 0.43025 -0.0335474
0.4685 1.32019 0.43025 -0.0325475
0.4695 1.31811 0.43025 -0.0315476
0.4705 1.31567 0.43025 -0.0305477
0.4715 1.31286 0.43025 -0.0295479
0.4725 1.30952 0.43025 -0.028548
0.4735 1.30602 0.43025 -0.0275481
0.4745 1.30208 0.43025 -0.0265483
0.4755 1.29788 0.43025 -0.0255484
0.4765 1.29307 0.43025 -0.0245486
0.4775 1.28623 0.43025 -0.0235488
0.4785 1.27719 0.43025 -0.0225491
0.4795 1.26609 0.43025 -0.0215494
0.4805 1.25324 0.43025 -0.0205497
0.4815 1.23879 0.43025 -0.01955
0.4825 1.22263 0.43025 -0.0185504
0.4835 1.20405 0.43025 -0.0175508
0.4845 1.18227 0.43025 -0.0165512
0.4855 1.15686 0.43025 -0.0155516
0.4865 1.12752 0.43025 -0.0145521
0.4875 1.09396 0.43025 -0.0135527
0.4885 1.05596 0.43025 -0.0125532
0.4895 1.01329 0.43025 -0.0115538
0.4905 0.965593 0.43025 -0.0105543
0.4915 0.91267 0.43025 -0.00955482
0.4925 0.854483 0.43025 -0.00855524
0.4935 0.791518 0.43025 -0.00755552
0.4945 0.724176 0.43025 -0.0065556
0.4955 0.653607 0.43025 -0.00555539
0.4965 0.584261 0.43025 -0.00455485
0.4975 0.522722 0.43025 -0.00355394
0.4985 0.472315 0.43027 -0.00255256
0.4995 0.442007 0.424461 -0.00155038
0.5005 0.432797 0.402803 -7.84988e-05
0.5015 0.430704 0.35379 0.0013289
0.5025 0.43025 0.283472 0.00149544
0.5035 0.43025 0.223089 0.00246237
0.5045 0.43025 0.186242 0.00346903
0.5055 0.43025 0.164577 0.00447691
0.5065 0.43025 0.151022 0.00548511
0.5075 0.43025 0.143279 0.00649179
0.5085 0.43025 0.139865 0.00749587
0.5095 0.43025 0.138698 0.00849797
0.5105 0.43025 0.138287 0.009499
0.5115 0.43025 0.138101 0.0104995
0.5125 0.43025 0.138003 0.0114998
0.5135 0.43025 0.137951 0.0124999
0.5145 0.43025 0.137924 0.0134999
0.5155 0.43025 0.137911 0.0145
0.5165 0.43025 0.137905 0.0155
0.5175 0.43025 0.137903 0.0165
0.5185 0.43025 0.137901 0.0175
0.5195 0.43025 0.137901 0.0185
0.5205 0.43025 0.1379 0.0195
0.5215 0.43025 0.1379 0.0205
0.5225 0.43025 0.1379 0.0215
0.5235 0.43025 0.1379 0.0225
0.5245 0.43025 0.1379 0.0235
0.5255 0.43025 0.1379 0.0245
0.5265 0.43025 0.1379 0.0255
0.5275 0.43025 0.1379 0.0265
0.5285 0.43025 0.1379 0.0275
0.5295 0.43025 0.1379 0.0285
0.5305 0.43025 0.1379 0.0295
0.5315 0.43025 0.1379 0.0305
0.5325 0.43025 0.1379 0.0315
0.5335 0.43025 0.1379 0.0325
0.5345 0.43025 0.1379 0.0335
0.5355 0.43025 0.1379 0.0345
0.5365 0.43025 0.1379 0.0355
0.5375 0.43025 0.1379 0.0365
0.5385 0.43025 0.1379 0.0375
0.5395 0.43025 0.1379 0.0385
0.5405 0.43025 0.1379 0.0395
0.5415 0.43025 0.1379 0.0405
0.5425 0.43025 0.1379 0.0415
0.5435 0.43025 0.1379 0.0425
0.5445 0.43025 0.1379 0.0435
0.5455 0.43025 0.1379 0.0445
0.5465 0.43025 0.1379 0.0455
0.5475 0.43025 0.1379 0.0465
0.5485 0.43025 0.1379 0.0475
0.5495 0.43025 0.1379 0.0485
0.5505 0.43025 0.1379 0.0495
0.5515 0.43025 0.1379 0.0505
0.5525 0.43025 0.1379 0.0515
0.5535 0.43025 0.1379 0.0525
0.5545 0.43025 0.1379 0.0535
0.5555 0.43025 0.1379 0.0545
0.5565 0.43025 0.1379 0.0555
0.5575 0.43025 0.1379 0.0565
0.5585 0.43025 0.1379 0.0575
0.5595 0.43025 0.1379 0.0585
0.5605 0.43025 0.1379 0.0595
0.5615 0.43025 0.1379 0.0605
0.5625 0.43025 0.1379 0.0615
0.5635 0.43025 0.1379 0.0625
0.5645 0.43025 0.1379 0.0635
0.5655 0.43025 0.1379 0.0645
0.5665 0.43025 0.1379 0.0655
0.5675 0.43025 0.1379 0.0665
0.5685 0.43025 0.1379 0.0675
0.5695 0.43025 0.1379 0.0685
0.5705 0.43025 0.1379 0.0695
0.5715 0.43025 0.1379 0.0705
0.5725 0.43025 0.1379 0.0715
0.5735 0.43025 0.1379 0.0725
0.5745 0.43025 0.1379 0.0735
0.5755 0.43025 0.1379 0.0745
0.5765 0.43025 0.1379 0.0755
0.5775 0.43025 0.1379 0.0765
0.5785 0.43025 0.1379 0.0775
0.5795 0.43025 0.1379 0.0785
0.5805 0.43025 0.1379 0.0795
0.5815 0.43025 0.1379 0.0805
0.5825 0.43025 0.1379 0.0815
0.5835 0.43025 0.1379 0.0825
0.5845 0.43025 0.1379 0.0835
0.5855 0.43025 0.1379 0.0845
0.5865 0.43025 0.1379 0.0855
0.5875 0.43025 0.1379 0.0865
0.5885 0.43025 0.1379 0.0875
0.5895 0.43025 0.1379 0.0885
0.5905 0.43025 0.1379 0.0895
0.5915 0.43025 0.1379 0.0905
0.5925 0.43025 0.1379 0.0915
0.5935 0.43025 0.1379 0.0925
0.5945 0.43025 0.1379 0.0935
0.5955 0.43025 0.1379 0.0945
0.5965 0.43025 0.1379 0.0955
0.5975 0.43025 0.1379 0.0965
0.5985 0.43025 0.1379 0.0975
0.5995 0.43025 0.1379 0.0985
0.6005 0.43025 0.1379 0.0995
0.6015 0.43025 0.1379 0.1005
0.6025 0.43025 0.1379 0.1015
0.6035 0.43025 0.1379 0.1025
0.6045 0.43025 0.1379 0.1035
0.6055 0.43025 0.1379 0.1045
0.6065 0.43025 0.1379 0.1055
0.6075 0.43025 0.1379 0.1065
0.6085 0.43025 0.1379 0.1075
0.6095 0.43025 0.1379 0.1085
0.6105 0.43025 0.1379 0.1095
0.6115 0.43025 0.1379 0.1105
0.6125 0.43025 0.1379 0.1115
0.6135 0.43025 0.1379 0.1125
0.6145 0.43025 0.1379 0.1135
0.6155 0.43025 0.1379 0.1145
0.6165 0.43025 0.1379 0.1155
0.6175 0.43025 0.1379 0.1165
0.6185 0.43025 0.1379 0.1175
0.6195 0.43025 0.1379 0.1185
0.6205 0.43025 0.1379 0.1195
0.6215 0.43025 0.1379 0.1205
0.6225 0.43025 0.1379 0.1215
0.6235 0.43025 0.1379 0.1225
0.6245 0.43025 0.1379 0.1235
0.6255 0.43025 0.1379 0.1245
0.6265 0.43025 0.1379 0.1255
0.6275 0.43025 0.1379 0.1265
0.6285 0.43025 0.1379 0.1275
0.6295 0.43025 0.1379 0.1285
0.6305 0.43025 0.1379 0.1295
0.6315 0.43025 0.1379 0.1305
0.6325 0.43025 0.1379 0.1315
0.6335 0.43025 0.1379 0.1325
0.6345 0.43025 0.1379 0.1335
0.6355 0.43025 0.1379 0.1345
0.6365 0.43025 0.1379 0.1355
0.6375 0.43025 0.1379 0.1365
0.6385 0.43025 0.1379 0.1375
0.6395 0.43025 0.1379 0.1385
0.6405 0.43025 0.1379 0.1395
0.6415 0.43025 0.1379 0.1405
0.6425 0.43025 0.1379 0.1415
0.6435 0.43025 0.1379 0.1425
0.6445 0.43025 0.1379 0.1435
0.6455 0.43025 0.1379 0.1445
0.6465 0.43025 0.1379 0.1455
0.6475 0.43025 0.1379 0.1465
0.6485 0.43025 0.1379 0.1475
0.6495 0.43025 0.1379 0.1485
0.6505 0.43025 0.1379 0.1495
0.6515 0.43025 0.1379 0.1505
0.6525 0.43025 0.1379 0.1515
0.6535 0.43025 0.1379 0.1525
0.6545 0.43025 0.1379 0.1535
0.6555 0.43025 0.1379 0.1545
0.6565 0.43025 0.1379 0.1555
0.6575 0.43025 0.1379 0.1565
0.6585 0.43025 0.1379 0.1575
0.6595 0.43025 0.1379 0.1585
0.6605 0.43025 0.1379 0.1595
0.6615 0.43025 0.1379 0.1605
0.6625 0.43025 0.1379 0.1615
0.6635 0.43025 0.1379 0.1625
0.6645 0.43025 0.1379 0.1635
0.6655 0.43025 0.1379 0.1645
0.6665 0.43025 0.1379 0.1655
0.6675 0.43025 0.1379 0.1665
0.6685 0.43025 0.1379 0.1675
0.6695 0.43025 0.1379 0.1685
0.6705 0.43025 0.1379 0.1695
0.6715 0.43025 0.1379 0.1705
0.6725 0.43025 0.1379 0.1715
0.6735 0.43025 0.1379 0.1725
0.6745 0.43025 0.1379 0.1735
0.6755 0.43025 0.1379 0.1745
0.6765 0.43025 0.1379 0.1755
0.6775 0.43025 0.1379 0.1765
0.6785 0.43025 0.1379 0.1775
0.6795 0.43025 0.1379 0.1785
0.6805 0.43025 0.1379 0.1795
0.6815 0.43025 0.1379 0.1805
0.6825 0.43025 0.1379 0.1815
0.6835 0.43025 0.1379 0.1825
0.6845 0.43025 0.1379 0.1835
0.6855 0.43025 0.1379 0.1845
0.6865 0.43025 0.1379 0.1855
0.6875 0.43025 0.1379 0.1865
0.6885 0.43025 0.1379 0.1875
0.6895 0.43025 0.1379 0.1885
0.6905 0.43025 0.1379 0.1895
0.6915 0.43025 0.1379 0.1905
0.6925 0.43025 0.1379 0.1915
0.6935 0.43025 0.1379 0.1925
0.6945 0.43025 0.1379 0.1935
0.6955 0.43025 0.1379 0.1945
0.6965 0.43025 0.1379 0.1955
0.6975 0.43025 0.1379 0.1965
0.6985 0.43025 0.1379 0.1975
0.6995 0.43025 0.1379 0.1985
0.7005 0.43025 0.1379 0.1995
0.7015 0.43025 0.1379 0.2005
0.7025 0.43025 0.1379 0.2015
0.7035 0.43025 0.1379 0.2025
0.7045 0.43025 0.1379 0.2035
0.7055 0.43025 0.1379 0.2045
0.7065 0.43025 0.1379 0.2055
0.7075 0.43025 0.1379 0.2065
0.7085 0.43025 0.1379 0.2075
0.7095 0.43025 0.1379 0.2085
0.7105 0.43025 0.1379 0.2095
0.7115 0.43025 0.1379 0.2105
0.7125 0.43025 0.1379 0.2115
0.7135 0.43025 0.1379 0.2125
0.7145 0.43025 0.1379 0.2135
0.7155 0.43025 0.1379 0.2145
0.7165 0.43025 0.1379 0.2155
0.7175 0.43025 0.1379 0.2165
0.7185 0.43025 0.1379 0.2175
0.7195 0.43025 0.1379 0.2185
0.7205 0.43025 0.1379 0.2195
0.7215 0.43025 0.1379 0.2205
0.7225 0.43025 0.1379 0.2215
0.7235 0.43025 0.1379 0.2225
0.7245 0.43025 0.1379 0.2235
0.7255 0.43025 0.1379 0.2245
0.7265 0.43025 0.1379 0.2255
0.7275 0.43025 0.1379 0.2265
0.7285 0.43025 0.1379 0.2275
0.7295 0.43025 0.1379 0.2285
0.7305 0.43025 0.1379 0.2295
0.7315 0.43025 0.1379 0.2305
0.7325 0.43025 0.1379 0.2315
0.7335 0.43025 0.1379 0.2325
0.7345 0.43025 0.1379 0.2335
0.7355 0.43025 0.1379 0.2345
0.7365 0.43025 0.1379 0.2355
0.7375 0.43025 0.1379 0.2365
0.7385 0.43025 0.1379 0.2375
0.7395 0.43025 0.1379 0.2385
0.7405 0.43025 0.1379 0.2395
0.7415 0.43025 0.1379 0.2405
0.7425 0.43025 0.1379 0.2415
0.7435 0.43025 0.1379 0.2425
0.7445 0.43025 0.1379 0.2435
0.7455 0.43025 0.1379 0.2445
0.7465 0.43025 0.1379 0.2455
0.7475 0.43025 0.1379 0.2465
0.7485 0.43025 0.1379 0.2475
0.7495 0.43025 0.1379 0.2485
0.7505 0.43025 0.1379 0.2495
0.7515 0.43025 0.1379 0.2505
0.7525 0.43025 0.1379 0.2515
0.7535 0.43025 0.1379 0.2525
0.7545 0.43025 0.1379 0.2535
0.7555 0.43025 0.1379 0.2545
0.7565 0.43025 0.1379 0.2555
0.7575 0.43025 0.1379 0.2565
0.7585 0.43025 0.1379 0.2575
0.7595 0.43025 0.1379 0.2585
0.7605 0.43025 0.1379 0.2595
0.7615 0.43025 0.1379 0.2605
0.7625 0.43025 0.1379 0.2615
0.7635 0.43025 0.1379 0.2625
0.7645 0.43025 0.1379 0.2635
0.7655 0.43025 0.1379 0.2645
0.7665 0.43025 0.1379 0.2655
0.7675 0.43025 0.1379 0.2665
0.7685 0.43025 0.1379 0.2675
0.7695 0.43025 0.1379 0.2685
0.7705 0.43025 0.1379 0.2695
0.7715 0.43025 0.1379 0.2705
0.7725 0.43025 0.1379 0.2715
0.7735 0.43025 0.1379 0.2725
0.7745 0.43025 0.1379 0.2735
0.7755 0.43025 0.1379 0.2745
0.7765 0.43025 0.1379 0.2755
0.7775 0.43025 0.1379 0.2765
0.7785 0.43025 0.1379 0.2775
0.7795 0.43025 0.1379 0.2785
0.7805 0.43025 0.1379 0.2795
0.7815 0.43025 0.1379 0.2805
0.7825 0.43025 0.1379 0.2815
0.7835 0.43025 0.1379 0.2825
0.7845 0.43025 0.1379 0.2835
0.7855 0.43025 0.1379 0.2845
0.7865 0.43025 0.1379 0.2855
0.7875 0.43025 0.1379 0.2865
0.7885 0.43025 0.1379 0.2875
0.7895 0.43025 0.1379 0.2885
0.7905 0.43025 0.1379 0.2895
0.7915 0.43025 0.1379 0.2905
0.7925 0.43025 0.1379 0.2915
0.7935 0.43025 0.1379 0.2925
0.7945 0.43025 0.1379 0.2935
0.7955 0.43025 0.1379 0.2945
0.7965 0.43025 0.1379 0.2955
0.7975 0.43025 0.1379 0.2965
0.7985 0.43025 0.1379 0.2975
0.7995 0.43025 0.1379 0.2985
0.8005 0.43025 0.1379 0.2995
0.8015 0.43025 0.1379 0.3005
0.8025 0.43025 0.1379 0.3015
0.8035 0.43025 0.1379 0.3025
0.8045 0.43025 0.1379 0.3035
0.8055 0.43025 0.1379 0.3045
0.8065 0.43025 0.1379 0.3055
0.8075 0.43025 0.1379 0.3065
0.8085 0.43025 0.1379 0.3075
0.8095 0.43025 0.1379 0.3085
0.8105 0.43025 0.1379 0.3095
0.8115 0.43025 0.1379 0.3105
0.8125 0.43025 0.1379 0.3115
0.8135 0.43025 0.1379 0.3125
0.8145 0.43025 0.1379 0.3135
0.8155 0.43025 0.1379 0.3145
0.8165 0.43025 0.1379 0.3155
0.8175 0.43025 0.1379 0.3165
0.8185 0.43025 0.1379 0.3175
0.8195 0.43025 0.1379 0.3185
0.8205 0.43025 0.1379 0.3195
0.8215 0.43025 0.1379 0.3205
0.8225 0.43025 0.1379 0.3215
0.8235 0.43025 0.1379 0.3225
0.8245 0.43025 0.1379 0.3235
0.8255 0.43025 0.1379 0.3245
0.8265 0.43025 0.1379 0.3255
0.8275 0.43025 0.1379 0.3265
0.8285 0.43025 0.1379 0.3275
0.8295 0.43025 0.1379 0.3285
0.8305 0.43025 0.1379 0.3295
0.8315 0.43025 0.1379 0.3305
0.8325 0.43025 0.1379 0.3315
0.8335 0.43025 0.1379 0.3325
0.8345 0.43025 0.1379 0.3335
0.8355 0.43025 0.1379 0.3345
0.8365 0.43025 0.1379 0.3355
0.8375 0.43025 0.1379 0.3365
0.8385 0.43025 0.1379 0.3375
0.8395 0.43025 0.1379 0.3385
0.8405 0.43025 0.1379 0.3395
0.8415 0.43025 0.1379 0.3405
0.8425 0.43025 0.1379 0.3415
0.8435 0.43025 0.1379 0.3425
0.8445 0.43025 0.1379 0.3435
0.8455 0.43025 0.1379 0.3445
0.8465 0.43025 0.1379 0.3455
0.8475 0.43025 0.1379 0.3465
0.8485 0.43025 0.1379 0.3475
0.8495 0.43025 0.1379 0.3485
0.8505 0.43025 0.1379 0.3495
0.8515 0.43025 0.1379 0.3505
0.8525 0.43025 0.1379 0.3515
0.8535 0.43025 0.1379 0.3525
0.8545 0.43025 0.1379 0.3535
0.8555 0.43025 0.1379 0.3545
0.8565 0.43025 0.1379 0.3555
0.8575 0.43025 0.1379 0.3565
0.8585 0.43025 0.1379 0.3575
0.8595 0.43025 0.1379 0.3585
0.8605 0.43025 0.1379 0.3595
0.8615 0.43025 0.1379 0.3605
0.8625 0.43025 0.1379 0.3615
0.8635 0.43025 0.1379 0.3625
0.8645 0.43025 0.1379 0.3635
0.8655 0.43025 0.1379 0.3645
0.8665 0.43025 0.1379 0.3655
0.8675 0.43025 0.1379 0.3665
0.8685 0.43025 0.1379 0.3675
0.8695 0.43025 0.1379 0.3685
0.8705 0.43025 0.1379 0.3695
0.8715 0.43025 0.1379 0.3705
0.8725 0.43025 0.1379 0.3715
0.8735 0.43025 0.1379 0.3725
0.8745 0.43025 0.1379 0.3735
0.8755 0.43025 0.1379 0.3745
0.8765 0.43025 0.1379 0.3755
0.8775 0.43025 0.1379 0.3765
0.8785 0.43025 0.1379 0.3775
0.8795 0.43025 0.1379 0.3785
0.8805 0.43025 0.1379 0.3795
0.8815 0.43025 0.1379 0.3805
0.8825 0.43025 0.1379 0.3815
0.8835 0.43025 0.1379 0.3825
0.8845 0.43025 0.1379 0.3835
0.8855 0.43025 0.1379 0.3845
0.8865 0.43025 0.1379 0.3855
0.8875 0.43025 0.1379 0.3865
0.8885 0.43025 0.1379 0.3875
0.8895 0.43025 0.1379 0.3885
0.8905 0.43025 0.1379 0.3895
0.8915 0.43025 0.1379 0.3905
0.8925 0.43025 0.1379 0.3915
0.8935 0.43025 0.1379 0.3925
0.8945 0.43025 0.1379 0.3935
0.8955 0.43025 0.1379 0.3945
0.8965 0.43025 0.1379 0.3955
0.8975 0.43025 0.1379 0.3965
0.8985 0.43025 0.1379 0.3975
0.8995 0.43025 0.1379 0.3985
0.9005 0.43025 0.1379 0.3995
0.9015 0.43025 0.1379 0.4005
0.9025 0.43025 0.1379 0.4015
0.9035 0.43025 0.1379 0.4025
0.9045 0.43025 0.1379 0.4035
0.9055 0.43025 0.1379 0.4045
0.9065 0.43025 0.1379 0.4055
0.9075 0.43025 0.1379 0.4065
0.9085 0.43025 0.1379 0.4075
0.9095 0.43025 0.1379 0.4085
0.9105 0.43025 0.1379 0.4095
0.9115 0.43025 0.1379 0.4105
0.9125 0.43025 0.1379 0.4115
0.9135 0.43025 0.1379 0.4125
0.9145 0.43025 0.1379 0.4135
0.9155 0.43025 0.1379 0.4145
0.9165 0.43025 0.1379 0.4155
0.9175 0.43025 0.1379 0.4165
0.9185 0.43025 0.1379 0.4175
0.9195 0.43025 0.1379 0.4185
0.9205 0.43025 0.1379 0.4195
0.9215 0.43025 0.1379 0.4205
0.9225 0.43025 0.1379 0.4215
0.9235 0.43025 0.1379 0.4225
0.9245 0.43025 0.1379 0.4235
0.9255 0.43025 0.1379 0.4245
0.9265 0.43025 0.1379 0.4255
0.9275 0.43025 0.1379 0.4265
0.9285 0.43025 0.1379 0.4275
0.9295 0.43025 0.1379 0.4285
0.9305 0.43025 0.1379 0.4295
0.9315 0.43025 0.1379 0.4305
0.9325 0.43025 0.1379 0.4315
0.9335 0.43025 0.1379 0.4325
0.9345 0.43025 0.1379 0.4335
0.9355 0.43025 0.1379 0.4345
0.9365 0.43025 0.1379 0.4355
0.9375 0.43025 0.1379 0.4365
0.9385 0.43025 0.1379 0.4375
0.9395 0.43025 0.1379 0.4385
0.9405 0.43025 0.1379 0.4395
0.9415 0.43025 0.1379 0.4405
0.9425 0.43025 0.1379 0.4415
0.9435 0.43025 0.1379 0.4425
0.9445 0.43025 0.1379 0.4435
0.9455 0.43025 0.1379 0.4445
0.9465 0.43025 0.1379 0.4455
0.9475 0.43025 0.1379 0.4465
0.9485 0.43025 0.1379 0.4475
0.9495 0.43025 0.1379 0.4485
0.9505 0.43025 0.1379 0.4495
0.9515 0.43025 0.1379 0.4505
0.9525 0.43025 0.1379 0.4515
0.9535 0.43025 0.1379 0.4525
0.9545 0.43025 0.1379 0.4535
0.9555 0.43025 0.1379 0.4545
0.9565 0.43025 0.1379 0.4555
0.9575 0.43025 0.1379 0.4565
0.9585 0.43025 0.1379 0.4575
0.9595 0.43025 0.1379 0.4585
0.9605 0.43025 0.1379 0.4595
0.9615 0.43025 0.1379 0.4605
0.9625 0.43025 0.1379 0.4615
0.9635 0.43025 0.1379 0.4625
0.9645 0.43025 0.1379 0.4635
0.9655 0.43025 0.1379 0.4645
0.9665 0.43025 0.1379 0.4655
0.9675 0.43025 0.1379 0.4665
0.9685 0.43025 0.1379 0.4675
0.9695 0.43025 0.1379 0.4685
0.9705 0.43025 0.1379 0.4695
0.9715 0.43025 0.1379 0.4705
0.9725 0.43025 0.1379 0.4715
0.9735 0.43025 0.1379 0.4725
0.9745 0.43025 0.1379 0.4735
0.9755 0.43025 0.1379 0.4745
0.9765 0.43025 0.1379 0.4755
0.9775 0.43025 0.1379 0.4765
0.9785 0.43025 0.1379 0.4775
0.9795 0.43025 0.1379 0.4785
0.9805 0.43025 0.1379 0.4795
0.9815 0.43025 0.1379 0.4805
0.9825 0.43025 0.1379 0.4815
0.9835 0.43025 0.1379 0.4825
0.9845 0.43025 0.1379 0.4835
0.9855 0.43025 0.1379 0.4845
0.9865 0.43025 0.1379 0.4855
0.9875 0.43025 0.1379 0.4865
0.9885 0.43025 0.1379 0.4875
0.9895 0.43025 0.1379 0.4885
0.9905 0.43025 0.1379 0.4895
0.9915 0.43025 0.1379 0.4905
0.9925 0.43025 0.1379 0.4915
0.9935 0.43025 0.1379 0.4925
0.9945 0.43025 0.1379 0.4935
0.9955 0.43025 0.1379 0.4945
0.9965 0.43025 0.1379 0.4955
0.9975 0.43025 0.1379 0.4965
0.9985 0.43025 0.1379 0.4975
0.9995 0.43025 0.1379 0.4985
