0.005 111.809 158.466 -0.525
0.015 111.808 158.466 -0.515028
0.025 111.807 158.466 -0.505028
0.035 111.806 158.466 -0.495028
0.045 111.805 158.466 -0.485028
0.055 111.805 158.466 -0.475028
0.065 111.805 158.466 -0.465028
0.075 111.806 158.466 -0.455028
0.085 111.807 158.466 -0.445028
0.095 111.809 158.466 -0.435028
0.105 111.813 158.466 -0.425028
0.115 111.819 158.466 -0.415028
0.125 111.828 158.466 -0.405028
0.135 111.84 158.466 -0.395028
0.145 111.859 158.466 -0.385028
0.155 111.878 158.466 -0.375028
0.165 111.898 158.466 -0.365028
0.175 111.933 158.466 -0.355028
0.185 111.985 158.466 -0.345028
0.195 112.054 158.466 -0.335028
0.205 112.141 158.466 -0.325028
0.215 112.25 158.466 -0.315028
0.225 112.384 158.466 -0.305028
0.235 112.552 158.466 -0.295028
0.245 112.763 158.466 -0.285028
0.255 113.025 158.466 -0.275028
0.265 113.342 158.466 -0.265028
0.275 113.733 158.466 -0.255028
0.285 114.217 158.466 -0.245029
0.295 114.797 158.466 -0.235029
0.305 115.455 158.466 -0.225029
0.315 116.174 158.466 -0.215029
0.325 116.945 158.466 -0.205029
0.335 117.773 158.466 -0.195029
0.345 118.634 158.466 -0.18503
0.355 119.496 158.466 -0.17503
0.365 120.345 158.466 -0.16503
0.375 121.21 158.466 -0.15503
0.385 122.153 158.466 -0.14503
0.395 123.181 158.466 -0.135031
0.405 124.397 158.466 -0.125031
0.415 125.861 158.466 -0.115031
0.425 127.449 158.466 -0.105032
0.435 129.369 158.466 -0.0950323
0.445 132.089 158.466 -0.085033
0.455 135.584 158.466 -0.0750339
0.465 139.546 157.138 -0.0650349
0.475 143.809 154.056 -0.0550359
0.485 148.035 151.937 -0.045037
0.495 151.911 151.859 -0.035038
0.505 154.83 152.993 -0.0250386
0.515 156.357 154.692 -0.015039
0.525 157.341 156.05 -0.00530929
0.535 158.163 156.711 0.00819936
0.545 158.466 156.827 0.0149736
0.555 158.466 156.702 0.0249609
0.565 158.466 156.486 0.0349609
0.575 158.466 156.087 0.044961
0.585 158.466 155.408 0.0549612
0.595 158.466 154.484 0.0649614
0.605 158.466 153.267 0.0749617
0.615 158.466 151.686 0.0849621
0.625 158.466 149.765 0.0949626
0.635 158.466 147.576 0.104963
0.645 158.466 145.357 0.114964
0.655 158.466 142.901 0.124964
0.665 158.466 140.368 0.134965
0.675 158.466 138.104 0.144966
0.685 158.466 135.84 0.154966
0.695 158.466 133.833 0.164967
0.705 158.466 131.909 0.174967
0.715 158.466 129.858 0.184968
0.725 158.466 126.987 0.194968
0.735 158.466 122.044 0.204969
0.745 158.466 114.169 0.214971
0.755 158.466 102.102 0.224975
0.765 158.466 85.1365 0.234979
0.775 158.466 61.7662 0.244985
0.785 158.466 36.1867 0.254991
0.795 158.466 18.1161 0.264996
0.805 158.466 8.80367 0.274998
0.815 158.466 4.27134 0.284999
0.825 158.466 2.09098 0.294999
0.835 158.466 1.02519 0.305
0.845 158.466 0.49818 0.315
0.855 158.466 0.239073 0.325
0.865 158.466 0.113227 0.335
0.875 158.466 0.0531697 0.345
0.885 158.466 0.0249103 0.355
0.895 158.466 0.0116735 0.365
0.905 158.466 0.00546681 0.375
0.915 158.466 0.00255688 0.385
0.925 158.466 0.00119553 0.395
0.935 158.466 0.000559028 0.405
0.945 158.466 0.000260677 0.415
0.955 158.466 0.000120599 0.425
0.965 158.466 5.51782e-05 0.435
0.975 158.466 2.50343e-05 0.445
0.985 158.466 1.07969e-05 0.455
0.995 158.466 5.3697e-06 0.465
