0.001 0 0 -0.499
0.003 0 0 -0.497
0.005 0 0 -0.495
0.007 0 0 -0.493
0.009 0 0 -0.491
0.011 0 0 -0.489
0.013 0 0 -0.487
0.015 0 0 -0.485
0.017 0 0 -0.483
0.019 0 0 -0.481
0.021 0 0 -0.479
0.023 0 0 -0.477
0.025 0 0 -0.475
0.027 0 0 -0.473
0.029 0 0 -0.471
0.031 0 0 -0.469
0.033 0 0 -0.467
0.035 0 0 -0.465
0.037 0 0 -0.463
0.039 0 0 -0.461
0.041 0 0 -0.459
0.043 0 0 -0.457
0.045 0 0 -0.455
0.047 0 0 -0.453
0.049 0 0 -0.451
0.051 0 0 -0.449
0.053 0 0 -0.447
0.055 0 0 -0.445
0.057 0 0 -0.443
0.059 0 0 -0.441
0.061 0 0 -0.439
0.063 0 0 -0.437
0.065 0 0 -0.435
0.067 0 0 -0.433
0.069 0 0 -0.431
0.071 0 0 -0.429
0.073 0 0 -0.427
0.075 0 0 -0.425
0.077 0 0 -0.423
0.079 0 0 -0.421
0.081 0 0 -0.419
0.083 0 0 -0.417
0.085 0 0 -0.415
0.087 0 0 -0.413
0.089 0 0 -0.411
0.091 0 0 -0.409
0.093 0 0 -0.407
0.095 0 0 -0.405
0.097 0 0 -0.403
0.099 0 0 -0.401
0.101 0 0 -0.399
0.103 0 0 -0.397
0.105 0 0 -0.395
0.107 0 0 -0.393
0.109 0 0 -0.391
0.111 0 0 -0.389
0.113 0 0 -0.387
0.115 0 0 -0.385
0.117 0 0 -0.383
0.119 0 0 -0.381
0.121 0 0 -0.379
0.123 0 0 -0.377
0.125 0 0 -0.375
0.127 0 0 -0.373
0.129 0 0 -0.371
0.131 0 0 -0.369
0.133 0 0 -0.367
0.135 0 0 -0.365
0.137 0 0 -0.363
0.139 0 0 -0.361
0.141 0 0 -0.359
0.143 0 0 -0.357
0.145 0 0 -0.355
0.147 0 0 -0.353
0.149 0 0 -0.351
0.151 0 0 -0.349
0.153 0 0 -0.347
0.155 0 0 -0.345
0.157 0 0 -0.343
0.159 0 0 -0.341
0.161 0 0 -0.339
0.163 0 0 -0.337
0.165 0 0 -0.335
0.167 0 0 -0.333
0.169 0 0 -0.331
0.171 0 0 -0.329
0.173 0 0 -0.327
0.175 0 0 -0.325
0.177 0 0 -0.323
0.179 0 0 -0.321
0.181 0 0 -0.319
0.183 0 0 -0.317
0.185 0 0 -0.315
0.187 0 0 -0.313
0.189 0 0 -0.311
0.191 0 0 -0.309
0.193 0 0 -0.307
0.195 0 0 -0.305
0.197 0 0 -0.303
0.199 0 0 -0.301
0.201 0 0 -0.299
0.203 0 0 -0.297
0.205 0 0 -0.295
0.207 0 0 -0.293
0.209 0 0 -0.291
0.211 0 0 -0.289
0.213 0 0 -0.287
0.215 0 0 -0.285
0.217 0 0 -0.283
0.219 0 0 -0.281
0.221 0 0 -0.279
0.223 0 0 -0.277
0.225 0 0 -0.275
0.227 0 0 -0.273
0.229 0 0 -0.271
0.231 0 0 -0.269
0.233 0 0 -0.267
0.235 0 0 -0.265
0.237 0 0 -0.263
0.239 0 0 -0.261
0.241 0 0 -0.259
0.243 0 0 -0.257
0.245 0 0 -0.255
0.247 0 0 -0.253
0.249 0 0 -0.251
0.251 0 0 -0.249
0.253 0 0 -0.247
0.255 0 0 -0.245
0.257 0 0 -0.243
0.259 0 0 -0.241
0.261 0 0 -0.239
0.263 0 0 -0.237
0.265 0 0 -0.235
0.267 0 0 -0.233
0.269 0 0 -0.231
0.271 0 0 -0.229
0.273 0 0 -0.227
0.275 0 0 -0.225
0.277 0 0 -0.223
0.279 0 0 -0.221
0.281 0 0 -0.219
0.283 0 0 -0.217
0.285 0 0 -0.215
0.287 0 0 -0.213
0.289 0 0 -0.211
0.291 0 0 -0.209
0.293 0 0 -0.207
0.295 0 0 -0.205
0.297 0 0 -0.203
0.299 0 0 -0.201
0.301 0 0 -0.199
0.303 0 0 -0.197
0.305 0 0 -0.195
0.307 0 0 -0.193
0.309 0 0 -0.191
0.311 0 0 -0.189
0.313 0 0 -0.187
0.315 0 0 -0.185
0.317 0 0 -0.183
0.319 0 0 -0.181
0.321 0 0 -0.179
0.323 0 0 -0.177
0.325 0 0 -0.175
0.327 0 0 -0.173
0.329 0 0 -0.171
0.331 0 0 -0.169
0.333 0 0 -0.167
0.335 0 0 -0.165
0.337 0 0 -0.163
0.339 0 0 -0.161
0.341 0 0 -0.159
0.343 0 0 -0.157
0.345 0 0 -0.155
0.347 0 0 -0.153
0.349 0 0 -0.151
0.351 0 0 -0.149
0.353 0 0 -0.147
0.355 0 0 -0.145
0.357 0 0 -0.143
0.359 0 0 -0.141
0.361 0 0 -0.139
0.363 0 0 -0.137
0.365 0 0 -0.135
0.367 0 0 -0.133
0.369 0 0 -0.131
0.371 0 0 -0.129
0.373 8.07256e-17 -4.03628e-17 -0.127
0.375 5.65446e-16 -9.68952e-16 -0.125
0.377 5.0487e-15 -1.14286e-14 -0.123
0.379 3.74447e-14 -1.11269e-13 -0.121
0.381 2.42668e-13 -9.51209e-13 -0.119
0.383 1.39789e-12 -7.37779e-12 -0.117
0.385 7.25133e-12 -5.28132e-11 -0.115
0.387 3.42615e-11 -3.54151e-10 -0.113
0.389 1.48765e-10 -2.25291e-09 -0.111
0.391 5.97922e-10 -1.37454e-08 -0.109
0.393 2.23785e-09 -8.1195e-08 -0.107
0.395 7.83854e-09 -4.68102e-07 -0.105
0.397 2.58044e-08 -2.65126e-06 -0.103
0.399 8.01264e-08 -1.48304e-05 -0.101
0.401 2.35411e-07 -8.22795e-05 -0.099
0.403 6.56163e-07 -0.000454104 -0.097
0.405 1.73915e-06 -0.0024928 -0.095
0.407 4.39216e-06 -0.0134828 -0.093
0.409 1.05876e-05 -0.0686568 -0.091
0.411 2.43977e-05 -0.27704 -0.089
0.413 5.38156e-05 -0.690648 -0.0870001
0.415 0.000113755 -0.908336 -0.0850002
0.417 0.000230652 -0.9287 -0.0830004
0.419 0.000448995 -0.928986 -0.0810008
0.421 0.00083975 -0.928624 -0.0790015
0.423 0.00151003 -0.928404 -0.077003
0.425 0.00261239 -0.928291 -0.0750056
0.427 0.00435132 -0.928155 -0.0730102
0.429 0.0069837 -0.928037 -0.0710178
0.431 0.0108106 -0.927939 -0.0690301
0.433 0.0161588 -0.927868 -0.0670492
0.435 0.0233544 -0.927795 -0.0650777
0.437 0.0326912 -0.927727 -0.063119
0.439 0.0444005 -0.927668 -0.0611768
0.441 0.0586295 -0.927617 -0.0592552
0.443 0.0754299 -0.927575 -0.0573584
0.445 0.0947608 -0.927542 -0.0554905
0.447 0.116502 -0.927522 -0.0536554
0.449 0.140478 -0.927515 -0.0518567
0.451 0.166476 -0.927517 -0.0500972
0.453 0.194284 -0.927524 -0.0483793
0.455 0.2237 -0.927531 -0.0467051
0.457 0.254557 -0.927537 -0.0450757
0.459 0.286811 -0.927545 -0.0434924
0.461 0.320097 -0.927557 -0.0419558
0.463 0.353995 -0.927576 -0.0404659
0.465 0.388221 -0.927603 -0.0390221
0.467 0.422582 -0.927636 -0.0376236
0.469 0.456924 -0.927671 -0.0362692
0.471 0.491118 -0.927701 -0.0349576
0.473 0.525047 -0.9277 -0.0336874
0.475 0.558599 -0.927602 -0.0324572
0.477 0.591654 -0.927296 -0.0312654
0.479 0.624081 -0.926604 -0.0301102
0.481 0.655729 -0.925213 -0.02899
0.483 0.686415 -0.922449 -0.0279027
0.485 0.715926 -0.917835 -0.0268465
0.487 0.744019 -0.91217 -0.0258191
0.489 0.770433 -0.906541 -0.0248182
0.491 0.794903 -0.900654 -0.0238414
0.493 0.817193 -0.893617 -0.0228861
0.495 0.837112 -0.884976 -0.0219497
0.497 0.854536 -0.874455 -0.0210294
0.499 0.869406 -0.861878 -0.0201225
0.501 0.881677 -0.847192 -0.0192263
0.503 0.891304 -0.830438 -0.0183378
0.505 0.898451 -0.811713 -0.0174544
0.507 0.903758 -0.791172 -0.016574
0.509 0.908283 -0.768999 -0.0156963
0.511 0.913018 -0.745373 -0.0148222
0.513 0.918199 -0.720467 -0.0139529
0.515 0.923114 -0.694442 -0.0130886
0.517 0.926983 -0.667459 -0.0122283
0.519 0.928846 -0.639687 -0.0113698
0.521 0.928978 -0.611286 -0.010511
0.523 0.928652 -0.582391 -0.0096507
0.525 0.928297 -0.553104 -0.00878706
0.527 0.928029 -0.523513 -0.00791614
0.529 0.927868 -0.4937 -0.00703017
0.531 0.927805 -0.463735 -0.00611531
0.533 0.9278 -0.433677 -0.00514922
0.535 0.927805 -0.403571 -0.00409929
0.537 0.927796 -0.373448 -0.00292241
0.539 0.92778 -0.34333 -0.00156724
0.541 0.927773 -0.313233 2.08636e-05
0.543 0.927779 -0.283185 0.00189266
0.545 0.927791 -0.253222 0.0040872
0.547 0.927801 -0.223383 0.00662524
0.549 0.92781 -0.193702 0.00950575
0.551 0.927827 -0.1642 0.0127064
0.553 0.927853 -0.134992 0.016188
0.555 0.927881 -0.105987 0.0199013
0.557 0.927909 -0.0775483 0.0237941
0.559 0.927936 -0.052486 0.0278178
0.561 0.927961 -0.0325339 0.0319315
0.563 0.927984 -0.0181387 0.0361034
0.565 0.928008 -0.00891972 0.040311
0.567 0.928032 -0.00380883 0.0445391
0.569 0.928067 -0.0014023 0.0487786
0.571 0.928119 -0.000446218 0.0530241
0.573 0.928173 -0.000123904 0.0572724
0.575 0.928194 -3.03881e-05 0.061522
0.577 0.928128 -6.65451e-06 0.065772
0.579 0.927713 -1.31249e-06 0.0700213
0.581 0.925853 -2.34731e-07 0.0742648
0.583 0.918061 -3.82566e-08 0.0784803
0.585 0.885266 -5.70217e-09 0.0825886
0.587 0.756191 -7.78915e-10 0.0862885
0.589 0.285953 -9.76703e-11 0.088962
0.591 0.0106657 -1.1254e-11 0.0909995
0.593 0.00014549 -1.19257e-12 0.093
0.595 4.41687e-06 -1.16387e-13 0.095
0.597 2.97589e-07 -1.06244e-14 0.097
0.599 3.82649e-09 -8.88601e-16 0.099
0.601 4.28372e-11 -4.03628e-17 0.101
0.603 1.89821e-12 0 0.103
0.605 1.31773e-13 0 0.105
0.607 1.85693e-15 0 0.107
0.609 0 0 0.109
0.611 0 0 0.111
0.613 0 0 0.113
0.615 0 0 0.115
0.617 0 0 0.117
0.619 0 0 0.119
0.621 0 0 0.121
0.623 0 0 0.123
0.625 0 0 0.125
0.627 0 0 0.127
0.629 0 0 0.129
0.631 0 0 0.131
0.633 0 0 0.133
0.635 0 0 0.135
0.637 0 0 0.137
0.639 0 0 0.139
0.641 0 0 0.141
0.643 0 0 0.143
0.645 0 0 0.145
0.647 0 0 0.147
0.649 0 0 0.149
0.651 0 0 0.151
0.653 0 0 0.153
0.655 0 0 0.155
0.657 0 0 0.157
0.659 0 0 0.159
0.661 0 0 0.161
0.663 0 0 0.163
0.665 0 0 0.165
0.667 0 0 0.167
0.669 0 0 0.169
0.671 0 0 0.171
0.673 0 0 0.173
0.675 0 0 0.175
0.677 0 0 0.177
0.679 0 0 0.179
0.681 0 0 0.181
0.683 0 0 0.183
0.685 0 0 0.185
0.687 0 0 0.187
0.689 0 0 0.189
0.691 0 0 0.191
0.693 0 0 0.193
0.695 0 0 0.195
0.697 0 0 0.197
0.699 0 0 0.199
0.701 0 0 0.201
0.703 0 0 0.203
0.705 0 0 0.205
0.707 0 0 0.207
0.709 0 0 0.209
0.711 0 0 0.211
0.713 0 0 0.213
0.715 0 0 0.215
0.717 0 0 0.217
0.719 0 0 0.219
0.721 0 0 0.221
0.723 0 0 0.223
0.725 0 0 0.225
0.727 0 0 0.227
0.729 0 0 0.229
0.731 0 0 0.231
0.733 0 0 0.233
0.735 0 0 0.235
0.737 0 0 0.237
0.739 0 0 0.239
0.741 0 0 0.241
0.743 0 0 0.243
0.745 0 0 0.245
0.747 0 0 0.247
0.749 0 0 0.249
0.751 0 0 0.251
0.753 0 0 0.253
0.755 0 0 0.255
0.757 0 0 0.257
0.759 0 0 0.259
0.761 0 0 0.261
0.763 0 0 0.263
0.765 0 0 0.265
0.767 0 0 0.267
0.769 0 0 0.269
0.771 0 0 0.271
0.773 0 0 0.273
0.775 0 0 0.275
0.777 0 0 0.277
0.779 0 0 0.279
0.781 0 0 0.281
0.783 0 0 0.283
0.785 0 0 0.285
0.787 0 0 0.287
0.789 0 0 0.289
0.791 0 0 0.291
0.793 0 0 0.293
0.795 0 0 0.295
0.797 0 0 0.297
0.799 0 0 0.299
0.801 0 0 0.301
0.803 0 0 0.303
0.805 0 0 0.305
0.807 0 0 0.307
0.809 0 0 0.309
0.811 0 0 0.311
0.813 0 0 0.313
0.815 0 0 0.315
0.817 0 0 0.317
0.819 0 0 0.319
0.821 0 0 0.321
0.823 0 0 0.323
0.825 0 0 0.325
0.827 0 0 0.327
0.829 0 0 0.329
0.831 0 0 0.331
0.833 0 0 0.333
0.835 0 0 0.335
0.837 0 0 0.337
0.839 0 0 0.339
0.841 0 0 0.341
0.843 0 0 0.343
0.845 0 0 0.345
0.847 0 0 0.347
0.849 0 0 0.349
0.851 0 0 0.351
0.853 0 0 0.353
0.855 0 0 0.355
0.857 0 0 0.357
0.859 0 0 0.359
0.861 0 0 0.361
0.863 0 0 0.363
0.865 0 0 0.365
0.867 0 0 0.367
0.869 0 0 0.369
0.871 0 0 0.371
0.873 0 0 0.373
0.875 0 0 0.375
0.877 0 0 0.377
0.879 0 0 0.379
0.881 0 0 0.381
0.883 0 0 0.383
0.885 0 0 0.385
0.887 0 0 0.387
0.889 0 0 0.389
0.891 0 0 0.391
0.893 0 0 0.393
0.895 0 0 0.395
0.897 0 0 0.397
0.899 0 0 0.399
0.901 0 0 0.401
0.903 0 0 0.403
0.905 0 0 0.405
0.907 0 0 0.407
0.909 0 0 0.409
0.911 0 0 0.411
0.913 0 0 0.413
0.915 0 0 0.415
0.917 0 0 0.417
0.919 0 0 0.419
0.921 0 0 0.421
0.923 0 0 0.423
0.925 0 0 0.425
0.927 0 0 0.427
0.929 0 0 0.429
0.931 0 0 0.431
0.933 0 0 0.433
0.935 0 0 0.435
0.937 0 0 0.437
0.939 0 0 0.439
0.941 0 0 0.441
0.943 0 0 0.443
0.945 0 0 0.445
0.947 0 0 0.447
0.949 0 0 0.449
0.951 0 0 0.451
0.953 0 0 0.453
0.955 0 0 0.455
0.957 0 0 0.457
0.959 0 0 0.459
0.961 0 0 0.461
0.963 0 0 0.463
0.965 0 0 0.465
0.967 0 0 0.467
0.969 0 0 0.469
0.971 0 0 0.471
0.973 0 0 0.473
0.975 0 0 0.475
0.977 0 0 0.477
0.979 0 0 0.479
0.981 0 0 0.481
0.983 0 0 0.483
0.985 0 0 0.485
0.987 0 0 0.487
0.989 0 0 0.489
0.991 0 0 0.491
0.993 0 0 0.493
0.995 0 0 0.495
0.997 0 0 0.497
0.999 0 0 0.499
