0.001 0 0 -0.499
0.003 0 0 -0.497
0.005 0 0 -0.495
0.007 0 0 -0.493
0.009 0 0 -0.491
0.011 0 0 -0.489
0.013 0 0 -0.487
0.015 0 0 -0.485
0.017 0 0 -0.483
0.019 0 0 -0.481
0.021 0 0 -0.479
0.023 0 0 -0.477
0.025 0 0 -0.475
0.027 0 0 -0.473
0.029 0 0 -0.471
0.031 0 0 -0.469
0.033 0 0 -0.467
0.035 0 0 -0.465
0.037 0 0 -0.463
0.039 0 0 -0.461
0.041 0 0 -0.459
0.043 0 0 -0.457
0.045 0 0 -0.455
0.047 0 0 -0.453
0.049 0 0 -0.451
0.051 0 0 -0.449
0.053 0 0 -0.447
0.055 0 0 -0.445
0.057 0 0 -0.443
0.059 0 0 -0.441
0.061 0 0 -0.439
0.063 0 0 -0.437
0.065 0 0 -0.435
0.067 0 0 -0.433
0.069 0 0 -0.431
0.071 0 0 -0.429
0.073 0 0 -0.427
0.075 0 0 -0.425
0.077 0 0 -0.423
0.079 0 0 -0.421
0.081 0 0 -0.419
0.083 0 0 -0.417
0.085 0 0 -0.415
0.087 0 0 -0.413
0.089 0 0 -0.411
0.091 0 0 -0.409
0.093 0 0 -0.407
0.095 0 0 -0.405
0.097 0 0 -0.403
0.099 0 0 -0.401
0.101 0 0 -0.399
0.103 0 0 -0.397
0.105 0 0 -0.395
0.107 0 0 -0.393
0.109 0 0 -0.391
0.111 0 0 -0.389
0.113 0 0 -0.387
0.115 0 0 -0.385
0.117 0 0 -0.383
0.119 0 0 -0.381
0.121 0 0 -0.379
0.123 0 0 -0.377
0.125 0 0 -0.375
0.127 0 0 -0.373
0.129 0 0 -0.371
0.131 0 0 -0.369
0.133 0 0 -0.367
0.135 0 0 -0.365
0.137 0 0 -0.363
0.139 0 0 -0.361
0.141 0 0 -0.359
0.143 0 0 -0.357
0.145 0 0 -0.355
0.147 0 0 -0.353
0.149 0 0 -0.351
0.151 0 0 -0.349
0.153 0 0 -0.347
0.155 0 0 -0.345
0.157 0 0 -0.343
0.159 0 0 -0.341
0.161 0 0 -0.339
0.163 0 0 -0.337
0.165 0 0 -0.335
0.167 0 0 -0.333
0.169 0 0 -0.331
0.171 0 0 -0.329
0.173 0 0 -0.327
0.175 0 0 -0.325
0.177 0 0 -0.323
0.179 0 0 -0.321
0.181 0 0 -0.319
0.183 0 0 -0.317
0.185 0 0 -0.315
0.187 0 0 -0.313
0.189 0 0 -0.311
0.191 0 0 -0.309
0.193 0 0 -0.307
0.195 0 0 -0.305
0.197 0 0 -0.303
0.199 0 0 -0.301
0.201 0 0 -0.299
0.203 0 0 -0.297
0.205 0 0 -0.295
0.207 0 0 -0.293
0.209 0 0 -0.291
0.211 0 0 -0.289
0.213 0 0 -0.287
0.215 0 0 -0.285
0.217 0 0 -0.283
0.219 0 0 -0.281
0.221 0 0 -0.279
0.223 0 0 -0.277
0.225 0 0 -0.275
0.227 0 0 -0.273
0.229 0 0 -0.271
0.231 0 0 -0.269
0.233 0 0 -0.267
0.235 0 0 -0.265
0.237 0 0 -0.263
0.239 0 0 -0.261
0.241 0 0 -0.259
0.243 0 0 -0.257
0.245 0 0 -0.255
0.247 0 0 -0.253
0.249 0 0 -0.251
0.251 0 0 -0.249
0.253 0 0 -0.247
0.255 0 0 -0.245
0.257 0 0 -0.243
0.259 0 0 -0.241
0.261 0 0 -0.239
0.263 0 0 -0.237
0.265 0 0 -0.235
0.267 0 0 -0.233
0.269 0 0 -0.231
0.271 0 0 -0.229
0.273 0 0 -0.227
0.275 0 0 -0.225
0.277 0 0 -0.223
0.279 0 0 -0.221
0.281 2.12636e-17 -4.25272e-17 -0.219
0.283 1.23558e-16 -6.06588e-16 -0.217
0.285 3.32176e-16 -3.6082e-15 -0.215
0.287 1.07149e-15 -2.03521e-14 -0.213
0.289 3.48693e-15 -1.12515e-13 -0.211
0.291 1.09165e-14 -6.20268e-13 -0.209
0.293 3.38798e-14 -3.41105e-12 -0.207
0.295 1.02329e-13 -1.8732e-11 -0.205
0.297 3.00977e-13 -1.02778e-10 -0.203
0.299 8.62041e-13 -5.63586e-10 -0.201
0.301 2.40679e-12 -3.08925e-09 -0.199
0.303 6.5527e-12 -1.69287e-08 -0.197
0.305 1.74054e-11 -9.27474e-08 -0.195
0.307 4.51273e-11 -5.0806e-07 -0.193
0.309 1.14259e-10 -2.78294e-06 -0.191
0.311 2.82636e-10 -1.52428e-05 -0.189
0.313 6.83312e-10 -8.34633e-05 -0.187
0.315 1.61522e-09 -0.000456705 -0.185
0.317 3.73434e-09 -0.00249319 -0.183
0.319 8.44705e-09 -0.0134169 -0.181
0.321 1.86997e-08 -0.0669773 -0.179
0.323 4.05251e-08 -0.253006 -0.177
0.325 8.59961e-08 -0.621594 -0.175
0.327 1.78731e-07 -0.873271 -0.173
0.329 3.63898e-07 -0.926647 -0.171
0.331 7.25933e-07 -0.927619 -0.169
0.333 1.41914e-06 -0.927683 -0.167
0.335 2.71911e-06 -0.927525 -0.165
0.337 5.1069e-06 -0.927494 -0.163
0.339 9.40293e-06 -0.927479 -0.161
0.341 1.69738e-05 -0.927468 -0.159
0.343 3.00425e-05 -0.927439 -0.157
0.345 5.21377e-05 -0.92742 -0.155
0.347 8.87235e-05 -0.927405 -0.153
0.349 0.000148047 -0.927392 -0.151
0.351 0.000242232 -0.927385 -0.149001
0.353 0.000388623 -0.927388 -0.147001
0.355 0.000611334 -0.927397 -0.145002
0.357 0.000942915 -0.927404 -0.143003
0.359 0.00142595 -0.927406 -0.141004
0.361 0.00211433 -0.927405 -0.139007
0.363 0.00307397 -0.927402 -0.137011
0.365 0.00438247 -0.927398 -0.135016
0.367 0.00612762 -0.927394 -0.133024
0.369 0.00840454 -0.927392 -0.131035
0.371 0.0113114 -0.927394 -0.129049
0.373 0.0149439 -0.9274 -0.127069
0.375 0.01939 -0.927408 -0.125096
0.377 0.0247233 -0.927415 -0.12313
0.379 0.0309989 -0.92742 -0.121173
0.381 0.0382495 -0.927424 -0.119228
0.383 0.0464842 -0.927425 -0.117295
0.385 0.0556884 -0.927424 -0.115376
0.387 0.0658269 -0.927424 -0.113472
0.389 0.0768467 -0.927425 -0.111586
0.391 0.0886821 -0.927427 -0.109718
0.393 0.101259 -0.927432 -0.10787
0.395 0.114501 -0.927436 -0.106043
0.397 0.128332 -0.927441 -0.104237
0.399 0.142679 -0.927443 -0.102453
0.401 0.157478 -0.927445 -0.100691
0.403 0.172674 -0.927444 -0.0989527
0.405 0.188221 -0.927444 -0.0972378
0.407 0.204098 -0.927443 -0.0955465
0.409 0.220247 -0.927444 -0.093879
0.411 0.236586 -0.927446 -0.0922355
0.413 0.25306 -0.927449 -0.0906158
0.415 0.269636 -0.927453 -0.0890199
0.417 0.286296 -0.927456 -0.0874476
0.419 0.303025 -0.927457 -0.0858987
0.421 0.319812 -0.927458 -0.0843731
0.423 0.336646 -0.927459 -0.0828705
0.425 0.353518 -0.92746 -0.0813908
0.427 0.370419 -0.927462 -0.0799336
0.429 0.387341 -0.927464 -0.0784987
0.431 0.404276 -0.927468 -0.0770859
0.433 0.421215 -0.92747 -0.0756949
0.435 0.438152 -0.927473 -0.0743255
0.437 0.455078 -0.927475 -0.0729773
0.439 0.471988 -0.927476 -0.0716501
0.441 0.488873 -0.927479 -0.0703436
0.443 0.505728 -0.927482 -0.0690574
0.445 0.522544 -0.927486 -0.0677914
0.447 0.539316 -0.927492 -0.0665451
0.449 0.556034 -0.927498 -0.0653183
0.451 0.572692 -0.927505 -0.0641107
0.453 0.58928 -0.927512 -0.0629219
0.455 0.605789 -0.927519 -0.0617516
0.457 0.622207 -0.927527 -0.0605995
0.459 0.638522 -0.927531 -0.0594653
0.461 0.654719 -0.927523 -0.0583485
0.463 0.67078 -0.927494 -0.0572489
0.465 0.686688 -0.927424 -0.056166
0.467 0.702418 -0.927285 -0.0550994
0.469 0.717945 -0.927027 -0.0540489
0.471 0.73324 -0.926606 -0.0530138
0.473 0.748268 -0.925925 -0.0519939
0.475 0.762992 -0.925138 -0.0509885
0.477 0.777369 -0.924336 -0.0499973
0.479 0.791352 -0.923469 -0.0490196
0.481 0.80489 -0.922327 -0.0480549
0.483 0.817931 -0.920997 -0.0471026
0.485 0.830419 -0.919453 -0.046162
0.487 0.842301 -0.917316 -0.0452324
0.489 0.853522 -0.914603 -0.0443132
0.491 0.864024 -0.911269 -0.0434036
0.493 0.873745 -0.907255 -0.0425028
0.495 0.882614 -0.902474 -0.04161
0.497 0.890558 -0.896943 -0.0407243
0.499 0.897524 -0.890656 -0.0398448
0.501 0.903501 -0.883588 -0.0389706
0.503 0.90854 -0.875726 -0.0381008
0.505 0.912732 -0.867081 -0.0372347
0.507 0.916177 -0.857698 -0.0363716
0.509 0.918962 -0.847639 -0.0355108
0.511 0.921137 -0.836961 -0.0346518
0.513 0.922723 -0.825719 -0.0337941
0.515 0.923751 -0.813961 -0.0329372
0.517 0.92443 -0.801714 -0.0320807
0.519 0.924979 -0.789005 -0.0312246
0.521 0.92558 -0.775891 -0.030369
0.523 0.926182 -0.762443 -0.0295139
0.525 0.926742 -0.748695 -0.0286593
0.527 0.927238 -0.734654 -0.0278051
0.529 0.927566 -0.72035 -0.0269511
0.531 0.927716 -0.705826 -0.0260971
0.533 0.927721 -0.691112 -0.0252429
0.535 0.927691 -0.676225 -0.0243886
0.537 0.92766 -0.661193 -0.0235339
0.539 0.927634 -0.646043 -0.022679
0.541 0.927608 -0.630785 -0.0218237
0.543 0.927584 -0.615414 -0.0209682
0.545 0.927565 -0.599942 -0.0201122
0.547 0.927552 -0.584407 -0.019256
0.549 0.927547 -0.568834 -0.0183994
0.551 0.927546 -0.553202 -0.0175424
0.553 0.927546 -0.537505 -0.016685
0.555 0.927545 -0.521773 -0.015827
0.557 0.927544 -0.506028 -0.0149682
0.559 0.927543 -0.490257 -0.014108
0.561 0.927542 -0.474454 -0.0132456
0.563 0.927542 -0.458638 -0.0123795
0.565 0.927542 -0.442819 -0.0115071
0.567 0.927542 -0.42699 -0.0106246
0.569 0.927542 -0.411155 -0.00972595
0.571 0.927543 -0.39532 -0.00880285
0.573 0.927544 -0.379486 -0.00784369
0.575 0.927545 -0.363654 -0.00683339
0.577 0.927547 -0.347827 -0.00575316
0.579 0.927549 -0.33201 -0.00458067
0.581 0.927551 -0.316204 -0.00329074
0.583 0.927553 -0.300408 -0.00185647
0.585 0.927555 -0.284624 -0.000250873
0.587 0.927556 -0.268857 0.00155127
0.589 0.927557 -0.253111 0.00357137
0.591 0.927558 -0.237384 0.00582522
0.593 0.927561 -0.221677 0.00832163
0.595 0.927564 -0.206001 0.0110616
0.597 0.927567 -0.190362 0.0140385
0.599 0.927569 -0.174758 0.0172383
0.601 0.927571 -0.159187 0.0206416
0.603 0.927572 -0.143662 0.0242246
0.605 0.927574 -0.128203 0.0279618
0.607 0.927577 -0.11281 0.0318269
0.609 0.927581 -0.0974916 0.0357951
0.611 0.927587 -0.0822448 0.0398438
0.613 0.927593 -0.0671155 0.0439536
0.615 0.927598 -0.0526421 0.0481082
0.617 0.927603 -0.0395959 0.052295
0.619 0.927607 -0.0283626 0.0565039
0.621 0.927609 -0.0191641 0.0607279
0.623 0.92761 -0.0120854 0.0649617
0.625 0.927612 -0.00704298 0.0692017
0.627 0.927618 -0.00376348 0.0734456
0.629 0.927629 -0.00183565 0.0776918
0.631 0.927641 -0.000816642 0.0819394
0.633 0.927653 -0.000332229 0.0861878
0.635 0.927663 -0.000124198 0.0904366
0.637 0.927669 -4.29135e-05 0.0946857
0.639 0.927672 -1.37847e-05 0.098935
0.641 0.927673 -4.1381e-06 0.103184
0.643 0.927675 -1.16612e-06 0.107434
0.645 0.927684 -3.09629e-07 0.111683
0.647 0.927701 -7.76999e-08 0.115933
0.649 0.927725 -1.84749e-08 0.120183
0.651 0.927749 -4.17108e-09 0.124432
0.653 0.927766 -8.95763e-10 0.128682
0.655 0.927777 -1.83262e-10 0.132932
0.657 0.927781 -3.57648e-11 0.137182
0.659 0.927787 -6.66544e-12 0.141432
0.661 0.927789 -1.18777e-12 0.145682
0.663 0.92776 -2.02773e-13 0.149932
0.665 0.927616 -3.33035e-14 0.154181
0.667 0.926885 -5.36559e-15 0.158428
0.669 0.923672 -7.85889e-16 0.162666
0.671 0.910496 -1.2557e-16 0.166869
0.673 0.863784 0 0.170915
0.675 0.688806 0 0.174441
0.677 0.262222 0 0.176966
0.679 0.00863409 0 0.179
0.681 0.000106941 0 0.181
0.683 4.25872e-06 0 0.183
0.685 3.19276e-07 0 0.185
0.687 2.72547e-09 0 0.187
0.689 3.40432e-11 0 0.189
0.691 1.59918e-12 0 0.191
0.693 1.69116e-13 0 0.193
0.695 1.56546e-15 0 0.195
0.697 0 0 0.197
0.699 0 0 0.199
0.701 0 0 0.201
0.703 0 0 0.203
0.705 0 0 0.205
0.707 0 0 0.207
0.709 0 0 0.209
0.711 0 0 0.211
0.713 0 0 0.213
0.715 0 0 0.215
0.717 0 0 0.217
0.719 0 0 0.219
0.721 0 0 0.221
0.723 0 0 0.223
0.725 0 0 0.225
0.727 0 0 0.227
0.729 0 0 0.229
0.731 0 0 0.231
0.733 0 0 0.233
0.735 0 0 0.235
0.737 0 0 0.237
0.739 0 0 0.239
0.741 0 0 0.241
0.743 0 0 0.243
0.745 0 0 0.245
0.747 0 0 0.247
0.749 0 0 0.249
0.751 0 0 0.251
0.753 0 0 0.253
0.755 0 0 0.255
0.757 0 0 0.257
0.759 0 0 0.259
0.761 0 0 0.261
0.763 0 0 0.263
0.765 0 0 0.265
0.767 0 0 0.267
0.769 0 0 0.269
0.771 0 0 0.271
0.773 0 0 0.273
0.775 0 0 0.275
0.777 0 0 0.277
0.779 0 0 0.279
0.781 0 0 0.281
0.783 0 0 0.283
0.785 0 0 0.285
0.787 0 0 0.287
0.789 0 0 0.289
0.791 0 0 0.291
0.793 0 0 0.293
0.795 0 0 0.295
0.797 0 0 0.297
0.799 0 0 0.299
0.801 0 0 0.301
0.803 0 0 0.303
0.805 0 0 0.305
0.807 0 0 0.307
0.809 0 0 0.309
0.811 0 0 0.311
0.813 0 0 0.313
0.815 0 0 0.315
0.817 0 0 0.317
0.819 0 0 0.319
0.821 0 0 0.321
0.823 0 0 0.323
0.825 0 0 0.325
0.827 0 0 0.327
0.829 0 0 0.329
0.831 0 0 0.331
0.833 0 0 0.333
0.835 0 0 0.335
0.837 0 0 0.337
0.839 0 0 0.339
0.841 0 0 0.341
0.843 0 0 0.343
0.845 0 0 0.345
0.847 0 0 0.347
0.849 0 0 0.349
0.851 0 0 0.351
0.853 0 0 0.353
0.855 0 0 0.355
0.857 0 0 0.357
0.859 0 0 0.359
0.861 0 0 0.361
0.863 0 0 0.363
0.865 0 0 0.365
0.867 0 0 0.367
0.869 0 0 0.369
0.871 0 0 0.371
0.873 0 0 0.373
0.875 0 0 0.375
0.877 0 0 0.377
0.879 0 0 0.379
0.881 0 0 0.381
0.883 0 0 0.383
0.885 0 0 0.385
0.887 0 0 0.387
0.889 0 0 0.389
0.891 0 0 0.391
0.893 0 0 0.393
0.895 0 0 0.395
0.897 0 0 0.397
0.899 0 0 0.399
0.901 0 0 0.401
0.903 0 0 0.403
0.905 0 0 0.405
0.907 0 0 0.407
0.909 0 0 0.409
0.911 0 0 0.411
0.913 0 0 0.413
0.915 0 0 0.415
0.917 0 0 0.417
0.919 0 0 0.419
0.921 0 0 0.421
0.923 0 0 0.423
0.925 0 0 0.425
0.927 0 0 0.427
0.929 0 0 0.429
0.931 0 0 0.431
0.933 0 0 0.433
0.935 0 0 0.435
0.937 0 0 0.437
0.939 0 0 0.439
0.941 0 0 0.441
0.943 0 0 0.443
0.945 0 0 0.445
0.947 0 0 0.447
0.949 0 0 0.449
0.951 0 0 0.451
0.953 0 0 0.453
0.955 0 0 0.455
0.957 0 0 0.457
0.959 0 0 0.459
0.961 0 0 0.461
0.963 0 0 0.463
0.965 0 0 0.465
0.967 0 0 0.467
0.969 0 0 0.469
0.971 0 0 0.471
0.973 0 0 0.473
0.975 0 0 0.475
0.977 0 0 0.477
0.979 0 0 0.479
0.981 0 0 0.481
0.983 0 0 0.483
0.985 0 0 0.485
0.987 0 0 0.487
0.989 0 0 0.489
0.991 0 0 0.491
0.993 0 0 0.493
0.995 0 0 0.495
0.997 0 0 0.497
0.999 0 0 0.499
