0.001 0 0 -0.499
0.003 0 0 -0.497
0.005 0 0 -0.495
0.007 0 0 -0.493
0.009 0 0 -0.491
0.011 0 0 -0.489
0.013 0 0 -0.487
0.015 0 0 -0.485
0.017 0 0 -0.483
0.019 0 0 -0.481
0.021 0 0 -0.479
0.023 0 0 -0.477
0.025 0 0 -0.475
0.027 0 0 -0.473
0.029 0 0 -0.471
0.031 0 0 -0.469
0.033 0 0 -0.467
0.035 0 0 -0.465
0.037 0 0 -0.463
0.039 0 0 -0.461
0.041 0 0 -0.459
0.043 0 0 -0.457
0.045 0 0 -0.455
0.047 0 0 -0.453
0.049 0 0 -0.451
0.051 0 0 -0.449
0.053 0 0 -0.447
0.055 0 0 -0.445
0.057 0 0 -0.443
0.059 0 0 -0.441
0.061 0 0 -0.439
0.063 0 0 -0.437
0.065 0 0 -0.435
0.067 0 0 -0.433
0.069 0 0 -0.431
0.071 0 0 -0.429
0.073 0 0 -0.427
0.075 0 0 -0.425
0.077 0 0 -0.423
0.079 0 0 -0.421
0.081 0 0 -0.419
0.083 0 0 -0.417
0.085 0 0 -0.415
0.087 0 0 -0.413
0.089 0 0 -0.411
0.091 0 0 -0.409
0.093 0 0 -0.407
0.095 0 0 -0.405
0.097 0 0 -0.403
0.099 0 0 -0.401
0.101 0 0 -0.399
0.103 0 0 -0.397
0.105 0 0 -0.395
0.107 0 0 -0.393
0.109 0 0 -0.391
0.111 0 0 -0.389
0.113 0 0 -0.387
0.115 0 0 -0.385
0.117 0 0 -0.383
0.119 0 0 -0.381
0.121 0 0 -0.379
0.123 0 0 -0.377
0.125 0 0 -0.375
0.127 0 0 -0.373
0.129 0 0 -0.371
0.131 0 0 -0.369
0.133 0 0 -0.367
0.135 0 0 -0.365
0.137 0 0 -0.363
0.139 0 0 -0.361
0.141 0 0 -0.359
0.143 0 0 -0.357
0.145 0 0 -0.355
0.147 0 0 -0.353
0.149 0 0 -0.351
0.151 0 0 -0.349
0.153 0 0 -0.347
0.155 0 0 -0.345
0.157 0 0 -0.343
0.159 0 0 -0.341
0.161 0 0 -0.339
0.163 0 0 -0.337
0.165 0 0 -0.335
0.167 0 0 -0.333
0.169 0 0 -0.331
0.171 0 0 -0.329
0.173 0 0 -0.327
0.175 0 0 -0.325
0.177 0 0 -0.323
0.179 0 0 -0.321
0.181 0 0 -0.319
0.183 0 0 -0.317
0.185 0 0 -0.315
0.187 0 0 -0.313
0.189 0 0 -0.311
0.191 0 0 -0.309
0.193 0 -6.14844e-17 -0.307
0.195 0 -5.91994e-16 -0.305
0.197 0 -3.48813e-15 -0.303
0.199 0 -1.90666e-14 -0.301
0.201 2.04948e-17 -1.01982e-13 -0.299
0.203 1.0153e-16 -5.42855e-13 -0.297
0.205 2.64553e-16 -2.8855e-12 -0.295
0.207 6.29699e-16 -1.53504e-11 -0.293
0.209 1.52442e-15 -8.18641e-11 -0.291
0.211 3.67852e-15 -4.38194e-10 -0.289
0.213 9.06497e-15 -2.35559e-09 -0.287
0.215 2.20297e-14 -1.27176e-08 -0.285
0.217 5.30409e-14 -6.89275e-08 -0.283
0.219 1.26232e-13 -3.74751e-07 -0.281
0.221 2.96378e-13 -2.0422e-06 -0.279
0.223 6.85609e-13 -1.11471e-05 -0.277
0.225 1.56312e-12 -6.09148e-05 -0.275
0.227 3.51266e-12 -0.000332996 -0.273
0.229 7.7821e-12 -0.0018164 -0.271
0.231 1.69981e-11 -0.00979535 -0.269
0.233 3.661e-11 -0.050029 -0.267
0.235 7.77577e-11 -0.204581 -0.265
0.237 1.62884e-10 -0.544078 -0.263
0.239 3.36544e-10 -0.843896 -0.261
0.241 6.85924e-10 -0.923622 -0.259
0.243 1.37916e-09 -0.927957 -0.257
0.245 2.73585e-09 -0.927454 -0.255
0.247 5.35474e-09 -0.927403 -0.253
0.249 1.03415e-08 -0.9274 -0.251
0.251 1.97083e-08 -0.927373 -0.249
0.253 3.70647e-08 -0.927366 -0.247
0.255 6.87921e-08 -0.927367 -0.245
0.257 1.26008e-07 -0.927379 -0.243
0.259 2.27802e-07 -0.927389 -0.241
0.261 4.06466e-07 -0.927395 -0.239
0.263 7.15829e-07 -0.9274 -0.237
0.265 1.24428e-06 -0.927401 -0.235
0.267 2.13477e-06 -0.927398 -0.233
0.269 3.61502e-06 -0.927394 -0.231
0.271 6.04215e-06 -0.927392 -0.229
0.273 9.9675e-06 -0.927391 -0.227
0.275 1.62287e-05 -0.927393 -0.225
0.277 2.60778e-05 -0.927397 -0.223
0.279 4.13549e-05 -0.927402 -0.221
0.281 6.47191e-05 -0.927406 -0.219
0.283 9.99452e-05 -0.927407 -0.217
0.285 0.000152296 -0.927406 -0.215
0.287 0.00022897 -0.927404 -0.213001
0.289 0.000339627 -0.927401 -0.211001
0.291 0.000496964 -0.927399 -0.209002
0.293 0.000717324 -0.927397 -0.207003
0.295 0.00102127 -0.927395 -0.205004
0.297 0.00143409 -0.927395 -0.203006
0.299 0.00198611 -0.927394 -0.201008
0.301 0.00271272 -0.927392 -0.199012
0.303 0.00365417 -0.927388 -0.197016
0.305 0.00485475 -0.927382 -0.195023
0.307 0.00636171 -0.927375 -0.193031
0.309 0.00822365 -0.927367 -0.191043
0.311 0.0104886 -0.927359 -0.189057
0.313 0.0132016 -0.92735 -0.187076
0.315 0.016403 -0.92734 -0.185099
0.317 0.0201259 -0.927331 -0.183127
0.319 0.0243947 -0.927324 -0.181163
0.321 0.0292238 -0.927317 -0.179205
0.323 0.0346174 -0.927314 -0.177256
0.325 0.0405692 -0.927316 -0.175317
0.327 0.0470634 -0.927325 -0.173387
0.329 0.0540759 -0.927344 -0.171468
0.331 0.061576 -0.927376 -0.169562
0.333 0.0695282 -0.927415 -0.167667
0.335 0.0778939 -0.927458 -0.165786
0.337 0.0866334 -0.927502 -0.163919
0.339 0.0957071 -0.927545 -0.162066
0.341 0.105077 -0.927582 -0.160228
0.343 0.114708 -0.927608 -0.158405
0.345 0.124568 -0.92762 -0.156597
0.347 0.134629 -0.927615 -0.154804
0.349 0.144867 -0.927596 -0.153028
0.351 0.155262 -0.927566 -0.151267
0.353 0.165802 -0.92753 -0.149523
0.355 0.176473 -0.927495 -0.147795
0.357 0.187243 -0.927467 -0.146083
0.359 0.198085 -0.927449 -0.144387
0.361 0.208981 -0.92744 -0.142707
0.363 0.219922 -0.927439 -0.141043
0.365 0.230902 -0.927441 -0.139396
0.367 0.241916 -0.927443 -0.137764
0.369 0.25296 -0.927446 -0.136148
0.371 0.264031 -0.927447 -0.134549
0.373 0.275126 -0.927448 -0.132964
0.375 0.286243 -0.927448 -0.131396
0.377 0.29738 -0.927449 -0.129843
0.379 0.308534 -0.927449 -0.128306
0.381 0.319704 -0.927449 -0.126784
0.383 0.330888 -0.927449 -0.125277
0.385 0.342084 -0.927449 -0.123785
0.387 0.35329 -0.92745 -0.122309
0.389 0.364505 -0.927451 -0.120847
0.391 0.375726 -0.927453 -0.1194
0.393 0.386953 -0.927454 -0.117968
0.395 0.398184 -0.927456 -0.11655
0.397 0.409417 -0.927457 -0.115147
0.399 0.420651 -0.927458 -0.113758
0.401 0.431883 -0.927459 -0.112384
0.403 0.443114 -0.927459 -0.111024
0.405 0.454342 -0.92746 -0.109677
0.407 0.465564 -0.927461 -0.108345
0.409 0.47678 -0.927462 -0.107026
0.411 0.487989 -0.927463 -0.105721
0.413 0.499189 -0.927464 -0.104429
0.415 0.510379 -0.927464 -0.103151
0.417 0.521557 -0.927465 -0.101886
0.419 0.532722 -0.927466 -0.100634
0.421 0.543872 -0.927467 -0.0993955
0.423 0.555007 -0.927468 -0.0981695
0.425 0.566123 -0.92747 -0.0969563
0.427 0.577221 -0.927472 -0.0957558
0.429 0.588297 -0.927474 -0.0945677
0.431 0.599349 -0.927476 -0.0933919
0.433 0.610376 -0.927477 -0.0922284
0.435 0.621375 -0.927479 -0.091077
0.437 0.632343 -0.927481 -0.0899376
0.439 0.643277 -0.927483 -0.08881
0.441 0.654173 -0.927486 -0.0876941
0.443 0.665029 -0.927488 -0.0865897
0.445 0.675839 -0.927491 -0.0854967
0.447 0.6866 -0.927494 -0.084415
0.449 0.697305 -0.927494 -0.0833444
0.451 0.707948 -0.927492 -0.0822847
0.453 0.718524 -0.927484 -0.0812359
0.455 0.729025 -0.927467 -0.0801976
0.457 0.739442 -0.927434 -0.0791698
0.459 0.749765 -0.927375 -0.0781523
0.461 0.759986 -0.927273 -0.0771449
0.463 0.77009 -0.927125 -0.0761474
0.465 0.780067 -0.926905 -0.0751596
0.467 0.789902 -0.926658 -0.0741813
0.469 0.799579 -0.926424 -0.0732123
0.471 0.809082 -0.926185 -0.0722523
0.473 0.818393 -0.925868 -0.0713011
0.475 0.827491 -0.925506 -0.0703583
0.477 0.836355 -0.925077 -0.0694239
0.479 0.844961 -0.924472 -0.0684973
0.481 0.853279 -0.923718 -0.0675785
0.483 0.861278 -0.922743 -0.0666668
0.485 0.868921 -0.921508 -0.0657622
0.487 0.876167 -0.920008 -0.064864
0.489 0.882977 -0.918204 -0.063972
0.491 0.889313 -0.916046 -0.0630856
0.493 0.895144 -0.913503 -0.0622044
0.495 0.900451 -0.910549 -0.0613278
0.497 0.905227 -0.907161 -0.0604555
0.499 0.909471 -0.903321 -0.0595869
0.501 0.913187 -0.899016 -0.0587216
0.503 0.916372 -0.894244 -0.057859
0.505 0.919029 -0.889017 -0.0569987
0.507 0.921167 -0.883344 -0.0561403
0.509 0.922821 -0.877232 -0.0552834
0.511 0.924043 -0.8707 -0.0544274
0.513 0.924901 -0.863779 -0.0535723
0.515 0.925475 -0.8565 -0.0527175
0.517 0.92586 -0.848884 -0.0518631
0.519 0.926124 -0.840958 -0.0510089
0.521 0.926312 -0.832758 -0.0501549
0.523 0.926469 -0.824305 -0.0493009
0.525 0.926625 -0.815616 -0.0484471
0.527 0.926776 -0.806722 -0.0475934
0.529 0.926962 -0.797649 -0.0467398
0.531 0.927154 -0.788414 -0.0458863
0.533 0.927287 -0.779027 -0.045033
0.535 0.927406 -0.769505 -0.0441799
0.537 0.927506 -0.75986 -0.0433268
0.539 0.927554 -0.750099 -0.0424737
0.541 0.927562 -0.740229 -0.0416206
0.543 0.927557 -0.730268 -0.0407675
0.545 0.927548 -0.720234 -0.0399144
0.547 0.92754 -0.710126 -0.0390612
0.549 0.927535 -0.699945 -0.038208
0.551 0.92753 -0.689713 -0.0373548
0.553 0.927524 -0.679435 -0.0365015
0.555 0.92752 -0.669092 -0.0356482
0.557 0.927515 -0.658686 -0.0347948
0.559 0.927511 -0.648251 -0.0339414
0.561 0.927508 -0.637793 -0.0330879
0.563 0.927506 -0.627287 -0.0322344
0.565 0.927505 -0.616738 -0.0313808
0.567 0.927505 -0.606179 -0.0305271
0.569 0.927504 -0.595609 -0.0296734
0.571 0.927504 -0.585003 -0.0288195
0.573 0.927504 -0.574375 -0.0279655
0.575 0.927504 -0.563748 -0.0271113
0.577 0.927503 -0.5531 -0.0262571
0.579 0.927504 -0.542415 -0.0254026
0.581 0.927504 -0.531728 -0.0245479
0.583 0.927504 -0.521061 -0.023693
0.585 0.927504 -0.510361 -0.0228378
0.587 0.927503 -0.499613 -0.0219823
0.589 0.927503 -0.488896 -0.0211265
0.591 0.927503 -0.47823 -0.0202702
0.593 0.927502 -0.467508 -0.0194134
0.595 0.927502 -0.456709 -0.0185558
0.597 0.927502 -0.445972 -0.0176971
0.599 0.927502 -0.435324 -0.0168367
0.601 0.927502 -0.424596 -0.0159738
0.603 0.927502 -0.413754 -0.0151072
0.605 0.927502 -0.403003 -0.0142349
0.607 0.927502 -0.392385 -0.0133543
0.609 0.927503 -0.381669 -0.0124617
0.611 0.927503 -0.370802 -0.0115521
0.613 0.927503 -0.360038 -0.010619
0.615 0.927504 -0.349447 -0.0096541
0.617 0.927504 -0.338768 -0.0086472
0.619 0.927505 -0.327911 -0.00758606
0.621 0.927505 -0.317117 -0.0064565
0.623 0.927506 -0.306497 -0.00524264
0.625 0.927506 -0.295858 -0.00392726
0.627 0.927507 -0.285089 -0.00249242
0.629 0.927507 -0.274305 -0.000920156
0.631 0.927508 -0.263575 0.00080664
0.633 0.92751 -0.252949 0.00270336
0.635 0.927513 -0.242351 0.00478282
0.637 0.92752 -0.231548 0.00705449
0.639 0.92753 -0.220749 0.00952395
0.641 0.927544 -0.210252 0.0121925
0.643 0.927565 -0.19974 0.0150573
0.645 0.927591 -0.188926 0.0181113
0.647 0.927619 -0.178203 0.0213439
0.649 0.927646 -0.167806 0.0247415
0.651 0.927668 -0.157301 0.0282885
0.653 0.927683 -0.146501 0.0319678
0.655 0.927686 -0.135895 0.035762
0.657 0.927676 -0.125575 0.0396539
0.659 0.927657 -0.115143 0.0436272
0.661 0.927624 -0.104447 0.0476669
0.663 0.927585 -0.0939682 0.0517599
0.665 0.927536 -0.0837735 0.0558946
0.667 0.927485 -0.0734761 0.0600614
0.669 0.92745 -0.0630016 0.0642523
0.671 0.927423 -0.0528603 0.0684611
0.673 0.927398 -0.0431374 0.0726829
0.675 0.927386 -0.0341184 0.0769138
0.677 0.927387 -0.0260992 0.0811511
0.679 0.927398 -0.0191838 0.0853925
0.681 0.927413 -0.0134405 0.0896368
0.683 0.927427 -0.00891272 0.093883
0.685 0.927443 -0.00555793 0.0981304
0.687 0.927466 -0.00324275 0.102378
0.689 0.927484 -0.00176506 0.106627
0.691 0.927495 -0.000895637 0.110876
0.693 0.927502 -0.000424163 0.115125
0.695 0.927508 -0.000187989 0.119374
0.697 0.927513 -7.8252e-05 0.123623
0.699 0.927519 -3.07121e-05 0.127872
0.701 0.927525 -1.14082e-05 0.132122
0.703 0.927532 -4.02461e-06 0.136371
0.705 0.927539 -1.35252e-06 0.14062
0.707 0.927547 -4.34122e-07 0.144869
0.709 0.927555 -1.33384e-07 0.149119
0.711 0.927561 -3.93056e-08 0.153368
0.713 0.927565 -1.11272e-08 0.157616
0.715 0.927568 -3.03061e-09 0.161865
0.717 0.92757 -7.95123e-10 0.166113
0.719 0.927571 -2.01179e-10 0.170361
0.721 0.927573 -4.9137e-11 0.17461
0.723 0.927577 -1.15958e-11 0.178858
0.725 0.927585 -2.64626e-12 0.183107
0.727 0.927595 -5.8468e-13 0.187357
0.729 0.927604 -1.25298e-13 0.191607
0.731 0.927609 -2.61707e-14 0.195856
0.733 0.927612 -5.42976e-15 0.200107
0.735 0.927611 -1.23937e-15 0.204357
0.737 0.927607 -3.46064e-16 0.208607
0.739 0.927606 -1.0153e-16 0.212857
0.741 0.927614 -2.04948e-17 0.217107
0.743 0.927629 0 0.221357
0.745 0.927648 0 0.225607
0.747 0.927665 0 0.229857
0.749 0.927672 0 0.234106
0.751 0.927627 0 0.238356
0.753 0.927379 0 0.242605
0.755 0.926345 0 0.246851
0.757 0.9221 0 0.251086
0.759 0.905016 0 0.255267
0.761 0.846577 0 0.259261
0.763 0.633849 0 0.262616
0.765 0.163543 0 0.264984
0.767 0.00380913 0 0.267
0.769 5.09742e-05 0 0.269
0.771 2.82856e-06 0 0.271
0.773 1.40181e-07 0 0.273
0.775 1.28348e-09 0 0.275
0.777 1.54861e-11 0 0.277
0.779 1.2465e-12 0 0.279
0.781 7.55094e-14 0 0.281
0.783 5.72911e-16 0 0.283
0.785 0 0 0.285
0.787 0 0 0.287
0.789 0 0 0.289
0.791 0 0 0.291
0.793 0 0 0.293
0.795 0 0 0.295
0.797 0 0 0.297
0.799 0 0 0.299
0.801 0 0 0.301
0.803 0 0 0.303
0.805 0 0 0.305
0.807 0 0 0.307
0.809 0 0 0.309
0.811 0 0 0.311
0.813 0 0 0.313
0.815 0 0 0.315
0.817 0 0 0.317
0.819 0 0 0.319
0.821 0 0 0.321
0.823 0 0 0.323
0.825 0 0 0.325
0.827 0 0 0.327
0.829 0 0 0.329
0.831 0 0 0.331
0.833 0 0 0.333
0.835 0 0 0.335
0.837 0 0 0.337
0.839 0 0 0.339
0.841 0 0 0.341
0.843 0 0 0.343
0.845 0 0 0.345
0.847 0 0 0.347
0.849 0 0 0.349
0.851 0 0 0.351
0.853 0 0 0.353
0.855 0 0 0.355
0.857 0 0 0.357
0.859 0 0 0.359
0.861 0 0 0.361
0.863 0 0 0.363
0.865 0 0 0.365
0.867 0 0 0.367
0.869 0 0 0.369
0.871 0 0 0.371
0.873 0 0 0.373
0.875 0 0 0.375
0.877 0 0 0.377
0.879 0 0 0.379
0.881 0 0 0.381
0.883 0 0 0.383
0.885 0 0 0.385
0.887 0 0 0.387
0.889 0 0 0.389
0.891 0 0 0.391
0.893 0 0 0.393
0.895 0 0 0.395
0.897 0 0 0.397
0.899 0 0 0.399
0.901 0 0 0.401
0.903 0 0 0.403
0.905 0 0 0.405
0.907 0 0 0.407
0.909 0 0 0.409
0.911 0 0 0.411
0.913 0 0 0.413
0.915 0 0 0.415
0.917 0 0 0.417
0.919 0 0 0.419
0.921 0 0 0.421
0.923 0 0 0.423
0.925 0 0 0.425
0.927 0 0 0.427
0.929 0 0 0.429
0.931 0 0 0.431
0.933 0 0 0.433
0.935 0 0 0.435
0.937 0 0 0.437
0.939 0 0 0.439
0.941 0 0 0.441
0.943 0 0 0.443
0.945 0 0 0.445
0.947 0 0 0.447
0.949 0 0 0.449
0.951 0 0 0.451
0.953 0 0 0.453
0.955 0 0 0.455
0.957 0 0 0.457
0.959 0 0 0.459
0.961 0 0 0.461
0.963 0 0 0.463
0.965 0 0 0.465
0.967 0 0 0.467
0.969 0 0 0.469
0.971 0 0 0.471
0.973 0 0 0.473
0.975 0 0 0.475
0.977 0 0 0.477
0.979 0 0 0.479
0.981 0 0 0.481
0.983 0 0 0.483
0.985 0 0 0.485
0.987 0 0 0.487
0.989 0 0 0.489
0.991 0 0 0.491
0.993 0 0 0.493
0.995 0 0 0.495
0.997 0 0 0.497
0.999 0 0 0.499
