0.001 0
0.003 0
0.005 0
0.007 0
0.009 0
0.011 0
0.013 0
0.015 0
0.017 0
0.019 0
0.021 0
0.023 0
0.025 0
0.027 0
0.029 0
0.031 0
0.033 0
0.035 0
0.037 0
0.039 0
0.041 0
0.043 0
0.045 0
0.047 0
0.049 0
0.051 0
0.053 0
0.055 0
0.057 0
0.059 0
0.061 0
0.063 0
0.065 0
0.067 0
0.069 0
0.071 0
0.073 0
0.075 0
0.077 0
0.079 0
0.081 0
0.083 0
0.085 0
0.087 0
0.089 0
0.091 0
0.093 0
0.095 0
0.097 0
0.099 0
0.101 0
0.103 0
0.105 0
0.107 0
0.109 0
0.111 0
0.113 0
0.115 0
0.117 0
0.119 0
0.121 0
0.123 0
0.125 0
0.127 0
0.129 0
0.131 0
0.133 0
0.135 0
0.137 0
0.139 0
0.141 0
0.143 0
0.145 0
0.147 0
0.149 0
0.151 0
0.153 0
0.155 0
0.157 0
0.159 0
0.161 0
0.163 0
0.165 0
0.167 0
0.169 0
0.171 0
0.173 0
0.175 0
0.177 0
0.179 0
0.181 0
0.183 0
0.185 0
0.187 0
0.189 0
0.191 0
0.193 0
0.195 0
0.197 0
0.199 0
0.201 0
0.203 0
0.205 0
0.207 0
0.209 0
0.211 0
0.213 0
0.215 0
0.217 0
0.219 0
0.221 0
0.223 0
0.225 0
0.227 0
0.229 0
0.231 0
0.233 0
0.235 0
0.237 0
0.239 0
0.241 0
0.243 0
0.245 0
0.247 0
0.249 0
0.251 0
0.253 0
0.255 0
0.257 0
0.259 0
0.261 0
0.263 0
0.265 0
0.267 0
0.269 0
0.271 0
0.273 0
0.275 0
0.277 0
0.279 0
0.281 0
0.283 0
0.285 0
0.287 0
0.289 0
0.291 0
0.293 0
0.295 0
0.297 0
0.299 0
0.301 0
0.303 0
0.305 0
0.307 0
0.309 0
0.311 0
0.313 0
0.315 0
0.317 0
0.319 0
0.321 0
0.323 0
0.325 0
0.327 0
0.329 0
0.331 0
0.333 0
0.335 0
0.337 0
0.339 0
0.341 0
0.343 0
0.345 0
0.347 0
0.349 0
0.351 0
0.353 0
0.355 0
0.357 0
0.359 0
0.361 0
0.363 0
0.365 0
0.367 0
0.369 0
0.371 0
0.373 0
0.375 0
0.377 0
0.379 0
0.381 0
0.383 0
0.385 0
0.387 0
0.389 0
0.391 0
0.393 0
0.395 6.87566e-07
0.397 1.1163e-05
0.399 9.59658e-05
0.401 0.0005755
0.403 0.00268457
0.405 0.0103187
0.407 0.033851
0.409 0.0970252
0.411 0.247041
0.413 0.565728
0.415 1.17672
0.417 2.24183
0.419 3.94221
0.421 6.44678
0.423 9.8783
0.425 14.2899
0.427 19.66
0.429 25.9039
0.431 32.8965
0.433 40.497
0.435 48.5519
0.437 56.9309
0.439 64.5632
0.441 70.4606
0.443 74.1501
0.445 75.9284
0.447 76.5614
0.449 76.7517
0.451 76.8282
0.453 76.8818
0.455 76.9347
0.457 76.9746
0.459 76.9933
0.461 77.0018
0.463 77.0045
0.465 77.0073
0.467 77.0109
0.469 77.0173
0.471 77.0264
0.473 77.0334
0.475 77.0385
0.477 77.0412
0.479 77.0424
0.481 77.0445
0.483 77.0494
0.485 77.0564
0.487 77.0617
0.489 77.062
0.491 77.0587
0.493 77.057
0.495 77.0614
0.497 77.0717
0.499 77.0822
0.501 77.0857
0.503 77.08
0.505 77.0711
0.507 77.0681
0.509 77.0766
0.511 77.0916
0.513 77.1062
0.515 77.111
0.517 77.1075
0.519 77.0978
0.521 77.086
0.523 77.0863
0.525 77.0964
0.527 77.1156
0.529 77.1339
0.531 77.1453
0.533 77.1476
0.535 77.1405
0.537 77.1226
0.539 77.1169
0.541 77.1274
0.543 77.1511
0.545 77.1791
0.547 77.206
0.549 77.2235
0.551 77.2266
0.553 77.2157
0.555 77.1802
0.557 77.1877
0.559 77.1694
0.561 77.0823
0.563 76.7823
0.565 75.923
0.567 74.1128
0.569 69.5957
0.571 60.8047
0.573 43.3334
0.575 16.1021
0.577 2.83623
0.579 0.339108
0.581 0.0380326
0.583 0.00367038
0.585 0.000326032
0.587 2.80789e-05
0.589 2.11034e-06
0.591 1.35479e-07
0.593 7.9838e-09
0.595 3.80617e-10
0.597 1.47226e-11
0.599 4.57454e-13
0.601 7.97493e-16
0.603 0
0.605 0
0.607 0
0.609 0
0.611 0
0.613 0
0.615 0
0.617 0
0.619 0
0.621 0
0.623 0
0.625 0
0.627 0
0.629 0
0.631 0
0.633 0
0.635 0
0.637 0
0.639 0
0.641 0
0.643 0
0.645 0
0.647 0
0.649 0
0.651 0
0.653 0
0.655 0
0.657 0
0.659 0
0.661 0
0.663 0
0.665 0
0.667 0
0.669 0
0.671 0
0.673 0
0.675 0
0.677 0
0.679 0
0.681 0
0.683 0
0.685 0
0.687 0
0.689 0
0.691 0
0.693 0
0.695 0
0.697 0
0.699 0
0.701 0
0.703 0
0.705 0
0.707 0
0.709 0
0.711 0
0.713 0
0.715 0
0.717 0
0.719 0
0.721 0
0.723 0
0.725 0
0.727 0
0.729 0
0.731 0
0.733 0
0.735 0
0.737 0
0.739 0
0.741 0
0.743 0
0.745 0
0.747 0
0.749 0
0.751 0
0.753 0
0.755 0
0.757 0
0.759 0
0.761 0
0.763 0
0.765 0
0.767 0
0.769 0
0.771 0
0.773 0
0.775 0
0.777 0
0.779 0
0.781 0
0.783 0
0.785 0
0.787 0
0.789 0
0.791 0
0.793 0
0.795 0
0.797 0
0.799 0
0.801 0
0.803 0
0.805 0
0.807 0
0.809 0
0.811 0
0.813 0
0.815 0
0.817 0
0.819 0
0.821 0
0.823 0
0.825 0
0.827 0
0.829 0
0.831 0
0.833 0
0.835 0
0.837 0
0.839 0
0.841 0
0.843 0
0.845 0
0.847 0
0.849 0
0.851 0
0.853 0
0.855 0
0.857 0
0.859 0
0.861 0
0.863 0
0.865 0
0.867 0
0.869 0
0.871 0
0.873 0
0.875 0
0.877 0
0.879 0
0.881 0
0.883 0
0.885 0
0.887 0
0.889 0
0.891 0
0.893 0
0.895 0
0.897 0
0.899 0
0.901 0
0.903 0
0.905 0
0.907 0
0.909 0
0.911 0
0.913 0
0.915 0
0.917 0
0.919 0
0.921 0
0.923 0
0.925 0
0.927 0
0.929 0
0.931 0
0.933 0
0.935 0
0.937 0
0.939 0
0.941 0
0.943 0
0.945 0
0.947 0
0.949 0
0.951 0
0.953 0
0.955 0
0.957 0
0.959 0
0.961 0
0.963 0
0.965 0
0.967 0
0.969 0
0.971 0
0.973 0
0.975 0
0.977 0
0.979 0
0.981 0
0.983 0
0.985 0
0.987 0
0.989 0
0.991 0
0.993 0
0.995 0
0.997 0
0.999 0
