0.001 0
0.003 0
0.005 0
0.007 0
0.009 0
0.011 0
0.013 0
0.015 0
0.017 0
0.019 0
0.021 0
0.023 0
0.025 0
0.027 0
0.029 0
0.031 0
0.033 0
0.035 0
0.037 0
0.039 0
0.041 0
0.043 0
0.045 0
0.047 0
0.049 0
0.051 0
0.053 0
0.055 0
0.057 0
0.059 0
0.061 0
0.063 0
0.065 0
0.067 0
0.069 0
0.071 0
0.073 0
0.075 0
0.077 0
0.079 0
0.081 0
0.083 0
0.085 0
0.087 0
0.089 0
0.091 0
0.093 0
0.095 0
0.097 0
0.099 0
0.101 0
0.103 0
0.105 0
0.107 0
0.109 0
0.111 0
0.113 0
0.115 0
0.117 0
0.119 0
0.121 0
0.123 0
0.125 0
0.127 0
0.129 0
0.131 0
0.133 0
0.135 0
0.137 0
0.139 0
0.141 0
0.143 0
0.145 0
0.147 0
0.149 0
0.151 0
0.153 0
0.155 0
0.157 0
0.159 0
0.161 0
0.163 0
0.165 0
0.167 0
0.169 0
0.171 0
0.173 0
0.175 0
0.177 0
0.179 0
0.181 0
0.183 0
0.185 0
0.187 0
0.189 0
0.191 0
0.193 0
0.195 0
0.197 0
0.199 0
0.201 0
0.203 0
0.205 0
0.207 0
0.209 0
0.211 0
0.213 0
0.215 0
0.217 0
0.219 0
0.221 0
0.223 0
0.225 0
0.227 0
0.229 0
0.231 0
0.233 0
0.235 0
0.237 0
0.239 0
0.241 0
0.243 0
0.245 0
0.247 0
0.249 0
0.251 0
0.253 0
0.255 0
0.257 0
0.259 0
0.261 0
0.263 0
0.265 0
0.267 0
0.269 0
0.271 0
0.273 0
0.275 0
0.277 0
0.279 0
0.281 0
0.283 0
0.285 0
0.287 0
0.289 0
0.291 0
0.293 0
0.295 0
0.297 0
0.299 0
0.301 0
0.303 0
0.305 0
0.307 0
0.309 0
0.311 0
0.313 0
0.315 0
0.317 0
0.319 0
0.321 0
0.323 0
0.325 0
0.327 0
0.329 0
0.331 0
0.333 0
0.335 0
0.337 0
0.339 0
0.341 0
0.343 0
0.345 0
0.347 0
0.349 0
0.351 0
0.353 0
0.355 0
0.357 0
0.359 0
0.361 0
0.363 0
0.365 0
0.367 0
0.369 0
0.371 0
0.373 0
0.375 0
0.377 0
0.379 0
0.381 0
0.383 0
0.385 0
0.387 0
0.389 0
0.391 0
0.393 3.4536e-07
0.395 5.80929e-06
0.397 5.16533e-05
0.399 0.00032006
0.401 0.00154177
0.403 0.00611802
0.405 0.0207194
0.407 0.0613151
0.409 0.161227
0.411 0.381416
0.413 0.819768
0.415 1.61384
0.417 2.93141
0.419 4.94713
0.421 7.81058
0.423 11.6165
0.425 16.3882
0.427 22.0785
0.429 28.5865
0.431 35.7777
0.433 43.5098
0.435 51.6917
0.437 59.8633
0.439 66.9165
0.441 72.0049
0.443 74.9421
0.445 76.2271
0.447 76.6563
0.449 76.7861
0.451 76.85
0.453 76.9019
0.455 76.9482
0.457 76.9818
0.459 76.9966
0.461 77.0024
0.463 77.006
0.465 77.0089
0.467 77.0132
0.469 77.0195
0.471 77.0276
0.473 77.034
0.475 77.0382
0.477 77.0413
0.479 77.0434
0.481 77.0466
0.483 77.0515
0.485 77.0568
0.487 77.0598
0.489 77.0592
0.491 77.0572
0.493 77.0582
0.495 77.0649
0.497 77.0752
0.499 77.0827
0.501 77.0821
0.503 77.0744
0.505 77.0673
0.507 77.0685
0.509 77.0812
0.511 77.0979
0.513 77.109
0.515 77.109
0.517 77.1018
0.519 77.0891
0.521 77.0804
0.523 77.0863
0.525 77.1003
0.527 77.1226
0.529 77.1386
0.531 77.1446
0.533 77.1416
0.535 77.1277
0.537 77.1126
0.539 77.1142
0.541 77.1307
0.543 77.154
0.545 77.1853
0.547 77.2083
0.549 77.2168
0.551 77.212
0.553 77.1862
0.555 77.1803
0.557 77.19
0.559 77.1921
0.561 77.1396
0.563 76.9051
0.565 76.3295
0.567 74.8379
0.569 71.563
0.571 64.6895
0.573 51.1338
0.575 28.5844
0.577 6.81599
0.579 0.929105
0.581 0.10599
0.583 0.0109234
0.585 0.0010158
0.587 9.09125e-05
0.589 7.41999e-06
0.591 5.29775e-07
0.593 3.34589e-08
0.595 1.88302e-09
0.597 8.46621e-11
0.599 3.11839e-12
0.601 7.24621e-14
0.603 1.99551e-16
0.605 0
0.607 0
0.609 0
0.611 0
0.613 0
0.615 0
0.617 0
0.619 0
0.621 0
0.623 0
0.625 0
0.627 0
0.629 0
0.631 0
0.633 0
0.635 0
0.637 0
0.639 0
0.641 0
0.643 0
0.645 0
0.647 0
0.649 0
0.651 0
0.653 0
0.655 0
0.657 0
0.659 0
0.661 0
0.663 0
0.665 0
0.667 0
0.669 0
0.671 0
0.673 0
0.675 0
0.677 0
0.679 0
0.681 0
0.683 0
0.685 0
0.687 0
0.689 0
0.691 0
0.693 0
0.695 0
0.697 0
0.699 0
0.701 0
0.703 0
0.705 0
0.707 0
0.709 0
0.711 0
0.713 0
0.715 0
0.717 0
0.719 0
0.721 0
0.723 0
0.725 0
0.727 0
0.729 0
0.731 0
0.733 0
0.735 0
0.737 0
0.739 0
0.741 0
0.743 0
0.745 0
0.747 0
0.749 0
0.751 0
0.753 0
0.755 0
0.757 0
0.759 0
0.761 0
0.763 0
0.765 0
0.767 0
0.769 0
0.771 0
0.773 0
0.775 0
0.777 0
0.779 0
0.781 0
0.783 0
0.785 0
0.787 0
0.789 0
0.791 0
0.793 0
0.795 0
0.797 0
0.799 0
0.801 0
0.803 0
0.805 0
0.807 0
0.809 0
0.811 0
0.813 0
0.815 0
0.817 0
0.819 0
0.821 0
0.823 0
0.825 0
0.827 0
0.829 0
0.831 0
0.833 0
0.835 0
0.837 0
0.839 0
0.841 0
0.843 0
0.845 0
0.847 0
0.849 0
0.851 0
0.853 0
0.855 0
0.857 0
0.859 0
0.861 0
0.863 0
0.865 0
0.867 0
0.869 0
0.871 0
0.873 0
0.875 0
0.877 0
0.879 0
0.881 0
0.883 0
0.885 0
0.887 0
0.889 0
0.891 0
0.893 0
0.895 0
0.897 0
0.899 0
0.901 0
0.903 0
0.905 0
0.907 0
0.909 0
0.911 0
0.913 0
0.915 0
0.917 0
0.919 0
0.921 0
0.923 0
0.925 0
0.927 0
0.929 0
0.931 0
0.933 0
0.935 0
0.937 0
0.939 0
0.941 0
0.943 0
0.945 0
0.947 0
0.949 0
0.951 0
0.953 0
0.955 0
0.957 0
0.959 0
0.961 0
0.963 0
0.965 0
0.967 0
0.969 0
0.971 0
0.973 0
0.975 0
0.977 0
0.979 0
0.981 0
0.983 0
0.985 0
0.987 0
0.989 0
0.991 0
0.993 0
0.995 0
0.997 0
0.999 0
