0.001 0
0.003 0
0.005 0
0.007 0
0.009 0
0.011 0
0.013 0
0.015 0
0.017 0
0.019 0
0.021 0
0.023 0
0.025 0
0.027 0
0.029 0
0.031 0
0.033 0
0.035 0
0.037 0
0.039 0
0.041 0
0.043 0
0.045 0
0.047 0
0.049 0
0.051 0
0.053 0
0.055 0
0.057 0
0.059 0
0.061 0
0.063 0
0.065 0
0.067 0
0.069 0
0.071 0
0.073 0
0.075 0
0.077 0
0.079 0
0.081 0
0.083 0
0.085 0
0.087 0
0.089 0
0.091 0
0.093 0
0.095 0
0.097 0
0.099 0
0.101 0
0.103 0
0.105 0
0.107 0
0.109 0
0.111 0
0.113 0
0.115 0
0.117 0
0.119 0
0.121 0
0.123 0
0.125 0
0.127 0
0.129 0
0.131 0
0.133 0
0.135 0
0.137 0
0.139 0
0.141 0
0.143 0
0.145 0
0.147 0
0.149 0
0.151 0
0.153 0
0.155 0
0.157 0
0.159 0
0.161 0
0.163 0
0.165 0
0.167 0
0.169 0
0.171 0
0.173 0
0.175 0
0.177 0
0.179 0
0.181 0
0.183 0
0.185 0
0.187 0
0.189 0
0.191 0
0.193 0
0.195 0
0.197 0
0.199 0
0.201 0
0.203 0
0.205 0
0.207 0
0.209 0
0.211 0
0.213 0
0.215 0
0.217 0
0.219 0
0.221 0
0.223 0
0.225 0
0.227 0
0.229 0
0.231 0
0.233 0
0.235 0
0.237 0
0.239 0
0.241 0
0.243 0
0.245 0
0.247 0
0.249 0
0.251 0
0.253 0
0.255 0
0.257 0
0.259 0
0.261 0
0.263 0
0.265 0
0.267 0
0.269 0
0.271 0
0.273 0
0.275 0
0.277 0
0.279 0
0.281 0
0.283 0
0.285 0
0.287 0
0.289 0
0.291 0
0.293 0
0.295 0
0.297 0
0.299 0
0.301 0
0.303 0
0.305 0
0.307 0
0.309 0
0.311 0
0.313 0
0.315 0
0.317 0
0.319 0
0.321 0
0.323 0
0.325 0
0.327 0
0.329 0
0.331 0
0.333 0
0.335 0
0.337 0
0.339 0
0.341 0
0.343 0
0.345 0
0.347 0
0.349 0
0.351 0
0.353 0
0.355 0
0.357 0
0.359 0
0.361 0
0.363 0
0.365 0
0.367 0
0.369 0
0.371 0
0.373 0
0.375 0
0.377 0
0.379 0
0.381 0
0.383 9.38826e-08
0.385 1.66347e-06
0.387 1.55731e-05
0.389 0.000101598
0.391 0.000515447
0.393 0.00215547
0.395 0.00769887
0.397 0.0240524
0.399 0.0668397
0.401 0.167281
0.403 0.380662
0.405 0.793691
0.407 1.5263
0.409 2.72352
0.411 4.53619
0.413 7.09484
0.415 10.4853
0.417 14.7347
0.419 19.8112
0.421 25.636
0.423 32.1014
0.425 39.0879
0.427 46.4762
0.429 54.1898
0.431 61.6703
0.433 67.9882
0.435 72.5206
0.437 75.1409
0.439 76.2926
0.441 76.6815
0.443 76.8007
0.445 76.8591
0.447 76.9084
0.449 76.951
0.451 76.9797
0.453 76.9935
0.455 76.9988
0.457 77.002
0.459 77.0051
0.461 77.0105
0.463 77.0172
0.465 77.0251
0.467 77.0302
0.469 77.033
0.471 77.0353
0.473 77.0379
0.475 77.0416
0.477 77.0466
0.479 77.0515
0.481 77.0541
0.483 77.0536
0.485 77.0521
0.487 77.0528
0.489 77.0577
0.491 77.0656
0.493 77.072
0.495 77.0727
0.497 77.0675
0.499 77.0615
0.501 77.0621
0.503 77.0718
0.505 77.0852
0.507 77.0931
0.509 77.0902
0.511 77.0815
0.513 77.0739
0.515 77.0722
0.517 77.0795
0.519 77.0941
0.521 77.108
0.523 77.115
0.525 77.1142
0.527 77.1059
0.529 77.0941
0.531 77.09
0.533 77.097
0.535 77.1106
0.537 77.1324
0.539 77.1478
0.541 77.1535
0.543 77.1489
0.545 77.133
0.547 77.1208
0.549 77.1279
0.551 77.1488
0.553 77.1729
0.555 77.203
0.557 77.2262
0.559 77.233
0.561 77.2192
0.563 77.1751
0.565 77.1764
0.567 77.1465
0.569 77.0621
0.571 76.7537
0.573 75.9417
0.575 74.1599
0.577 69.9445
0.579 61.69
0.581 45.1575
0.583 18.443
0.585 3.41273
0.587 0.428091
0.589 0.0498932
0.591 0.00506626
0.593 0.000475445
0.595 4.43334e-05
0.597 3.68003e-06
0.599 2.71234e-07
0.601 1.864e-08
0.603 1.10603e-09
0.605 5.53417e-11
0.607 2.2768e-12
0.609 2.7476e-14
0.611 7.19095e-17
0.613 0
0.615 0
0.617 0
0.619 0
0.621 0
0.623 0
0.625 0
0.627 0
0.629 0
0.631 0
0.633 0
0.635 0
0.637 0
0.639 0
0.641 0
0.643 0
0.645 0
0.647 0
0.649 0
0.651 0
0.653 0
0.655 0
0.657 0
0.659 0
0.661 0
0.663 0
0.665 0
0.667 0
0.669 0
0.671 0
0.673 0
0.675 0
0.677 0
0.679 0
0.681 0
0.683 0
0.685 0
0.687 0
0.689 0
0.691 0
0.693 0
0.695 0
0.697 0
0.699 0
0.701 0
0.703 0
0.705 0
0.707 0
0.709 0
0.711 0
0.713 0
0.715 0
0.717 0
0.719 0
0.721 0
0.723 0
0.725 0
0.727 0
0.729 0
0.731 0
0.733 0
0.735 0
0.737 0
0.739 0
0.741 0
0.743 0
0.745 0
0.747 0
0.749 0
0.751 0
0.753 0
0.755 0
0.757 0
0.759 0
0.761 0
0.763 0
0.765 0
0.767 0
0.769 0
0.771 0
0.773 0
0.775 0
0.777 0
0.779 0
0.781 0
0.783 0
0.785 0
0.787 0
0.789 0
0.791 0
0.793 0
0.795 0
0.797 0
0.799 0
0.801 0
0.803 0
0.805 0
0.807 0
0.809 0
0.811 0
0.813 0
0.815 0
0.817 0
0.819 0
0.821 0
0.823 0
0.825 0
0.827 0
0.829 0
0.831 0
0.833 0
0.835 0
0.837 0
0.839 0
0.841 0
0.843 0
0.845 0
0.847 0
0.849 0
0.851 0
0.853 0
0.855 0
0.857 0
0.859 0
0.861 0
0.863 0
0.865 0
0.867 0
0.869 0
0.871 0
0.873 0
0.875 0
0.877 0
0.879 0
0.881 0
0.883 0
0.885 0
0.887 0
0.889 0
0.891 0
0.893 0
0.895 0
0.897 0
0.899 0
0.901 0
0.903 0
0.905 0
0.907 0
0.909 0
0.911 0
0.913 0
0.915 0
0.917 0
0.919 0
0.921 0
0.923 0
0.925 0
0.927 0
0.929 0
0.931 0
0.933 0
0.935 0
0.937 0
0.939 0
0.941 0
0.943 0
0.945 0
0.947 0
0.949 0
0.951 0
0.953 0
0.955 0
0.957 0
0.959 0
0.961 0
0.963 0
0.965 0
0.967 0
0.969 0
0.971 0
0.973 0
0.975 0
0.977 0
0.979 0
0.981 0
0.983 0
0.985 0
0.987 0
0.989 0
0.991 0
0.993 0
0.995 0
0.997 0
0.999 0
