0.001 0 0 -0.499
0.003 0 0 -0.497
0.005 0 0 -0.495
0.007 0 0 -0.493
0.009 0 0 -0.491
0.011 0 0 -0.489
0.013 0 0 -0.487
0.015 0 0 -0.485
0.017 0 -2.03357e-17 -0.483
0.019 0 -2.64067e-16 -0.481
0.021 0 -1.82751e-15 -0.479
0.023 0 -9.98925e-15 -0.477
0.025 0 -5.3519e-14 -0.475
0.027 0 -2.84728e-13 -0.473
0.029 0 -1.51029e-12 -0.471
0.031 0 -8.01238e-12 -0.469
0.033 0 -4.25973e-11 -0.467
0.035 0 -2.27273e-10 -0.465
0.037 0 -1.21798e-09 -0.463
0.039 0 -6.55802e-09 -0.461
0.041 0 -3.54658e-08 -0.459
0.043 0 -1.92505e-07 -0.457
0.045 0 -1.04783e-06 -0.455
0.047 0 -5.71514e-06 -0.453
0.049 0 -3.12162e-05 -0.451
0.051 0 -0.000170607 -0.449
0.053 0 -0.000931545 -0.447
0.055 4.06715e-17 -0.00505914 -0.445
0.057 1.21717e-16 -0.0266999 -0.443
0.059 3.2446e-16 -0.123289 -0.441
0.061 7.09486e-16 -0.376636 -0.439
0.063 1.50047e-15 -0.761975 -0.437
0.065 2.91959e-15 -0.90937 -0.435
0.067 5.98122e-15 -0.928377 -0.433
0.069 1.19825e-14 -0.927496 -0.431
0.071 2.37821e-14 -0.927486 -0.429
0.073 4.6672e-14 -0.927427 -0.427
0.075 9.13963e-14 -0.927432 -0.425
0.077 1.77499e-13 -0.927421 -0.423
0.079 3.42101e-13 -0.927409 -0.421
0.081 6.54168e-13 -0.927405 -0.419
0.083 1.24126e-12 -0.927405 -0.417
0.085 2.33636e-12 -0.92741 -0.415
0.087 4.36278e-12 -0.927418 -0.413
0.089 8.08315e-12 -0.927426 -0.411
0.091 1.4859e-11 -0.927429 -0.409
0.093 2.71009e-11 -0.927428 -0.407
0.095 4.90423e-11 -0.927424 -0.405
0.097 8.80553e-11 -0.927418 -0.403
0.099 1.5687e-10 -0.927414 -0.401
0.101 2.77287e-10 -0.927411 -0.399
0.103 4.86324e-10 -0.927411 -0.397
0.105 8.46308e-10 -0.927413 -0.395
0.107 1.4613e-09 -0.927417 -0.393
0.109 2.50358e-09 -0.92742 -0.391
0.111 4.25589e-09 -0.92742 -0.389
0.113 7.17838e-09 -0.927419 -0.387
0.115 1.20135e-08 -0.927417 -0.385
0.117 1.99486e-08 -0.927413 -0.383
0.119 3.28667e-08 -0.927409 -0.381
0.121 5.37271e-08 -0.927405 -0.379
0.123 8.71406e-08 -0.9274 -0.377
0.125 1.40227e-07 -0.927396 -0.375
0.127 2.23881e-07 -0.927392 -0.373
0.129 3.54625e-07 -0.927387 -0.371
0.131 5.5729e-07 -0.927381 -0.369
0.133 8.68842e-07 -0.927372 -0.367
0.135 1.34381e-06 -0.92736 -0.365
0.137 2.06184e-06 -0.927348 -0.363
0.139 3.13823e-06 -0.927338 -0.361
0.141 4.73814e-06 -0.927327 -0.359
0.143 7.09593e-06 -0.927314 -0.357
0.145 1.05407e-05 -0.927308 -0.355
0.147 1.55299e-05 -0.927307 -0.353
0.149 2.26928e-05 -0.927312 -0.351
0.151 3.28854e-05 -0.927321 -0.349
0.153 4.72596e-05 -0.927336 -0.347
0.155 6.73477e-05 -0.927356 -0.345
0.157 9.51645e-05 -0.927385 -0.343
0.159 0.000133327 -0.927422 -0.341001
0.161 0.000185192 -0.927469 -0.339001
0.163 0.000255009 -0.92753 -0.337001
0.165 0.000348089 -0.927575 -0.335002
0.167 0.000470972 -0.927594 -0.333002
0.169 0.000631595 -0.927606 -0.331003
0.171 0.000839446 -0.927605 -0.329004
0.173 0.00110568 -0.927597 -0.327006
0.175 0.00144321 -0.927583 -0.325008
0.177 0.00186667 -0.927562 -0.32301
0.179 0.00239239 -0.927527 -0.321013
0.181 0.0030382 -0.927495 -0.319018
0.183 0.00382312 -0.927481 -0.317023
0.185 0.00476702 -0.927466 -0.31503
0.187 0.00589009 -0.927452 -0.313038
0.189 0.00721228 -0.927444 -0.311048
0.191 0.00875264 -0.927441 -0.309061
0.193 0.0105287 -0.927439 -0.307076
0.195 0.0125559 -0.927438 -0.305095
0.197 0.0148468 -0.927438 -0.303117
0.199 0.0174108 -0.927437 -0.301142
0.201 0.020254 -0.927437 -0.299173
0.203 0.0233786 -0.927436 -0.297208
0.205 0.0267831 -0.927436 -0.295249
0.207 0.0304627 -0.927435 -0.293295
0.209 0.0344092 -0.927434 -0.291348
0.211 0.0386117 -0.927432 -0.289407
0.213 0.0430569 -0.92743 -0.287473
0.215 0.0477298 -0.927429 -0.285547
0.217 0.0526144 -0.927426 -0.283629
0.219 0.0576936 -0.927424 -0.281719
0.221 0.0629507 -0.927421 -0.279817
0.223 0.0683687 -0.927418 -0.277924
0.225 0.0739315 -0.927415 -0.27604
0.227 0.0796238 -0.927411 -0.274165
0.229 0.0854315 -0.927406 -0.272299
0.231 0.0913415 -0.927401 -0.270443
0.233 0.0973421 -0.927395 -0.268596
0.235 0.103423 -0.927389 -0.266758
0.237 0.109575 -0.927382 -0.264931
0.239 0.115791 -0.927375 -0.263113
0.241 0.122063 -0.927367 -0.261305
0.243 0.128388 -0.92736 -0.259506
0.245 0.134763 -0.927354 -0.257718
0.247 0.14118 -0.92735 -0.255939
0.249 0.14763 -0.927347 -0.254171
0.251 0.154106 -0.927348 -0.252412
0.253 0.160603 -0.927353 -0.250664
0.255 0.167118 -0.927362 -0.248925
0.257 0.17365 -0.927375 -0.247196
0.259 0.180195 -0.927394 -0.245477
0.261 0.186754 -0.927417 -0.243768
0.263 0.193325 -0.927443 -0.242068
0.265 0.199906 -0.927471 -0.240379
0.267 0.206498 -0.927498 -0.238699
0.269 0.213099 -0.927523 -0.237029
0.271 0.219708 -0.927543 -0.235368
0.273 0.226326 -0.927557 -0.233717
0.275 0.232951 -0.927564 -0.232076
0.277 0.239584 -0.927563 -0.230445
0.279 0.246222 -0.927553 -0.228823
0.281 0.252868 -0.927536 -0.22721
0.283 0.259518 -0.927514 -0.225607
0.285 0.266175 -0.927491 -0.224014
0.287 0.272836 -0.927471 -0.22243
0.289 0.279502 -0.927456 -0.220855
0.291 0.286173 -0.927446 -0.219289
0.293 0.292848 -0.92744 -0.217733
0.295 0.299527 -0.927437 -0.216186
0.297 0.30621 -0.927437 -0.214649
0.299 0.312896 -0.927438 -0.21312
0.301 0.319585 -0.927439 -0.211601
0.303 0.326277 -0.927439 -0.210091
0.305 0.332972 -0.927439 -0.20859
0.307 0.33967 -0.927437 -0.207097
0.309 0.34637 -0.927435 -0.205614
0.311 0.353072 -0.927433 -0.20414
0.313 0.359775 -0.92743 -0.202675
0.315 0.36648 -0.927427 -0.201218
0.317 0.373187 -0.927423 -0.199771
0.319 0.379895 -0.927419 -0.198332
0.321 0.386604 -0.927415 -0.196901
0.323 0.393314 -0.92741 -0.19548
0.325 0.400024 -0.927405 -0.194067
0.327 0.406735 -0.9274 -0.192663
0.329 0.413446 -0.927395 -0.191267
0.331 0.420157 -0.92739 -0.18988
0.333 0.426868 -0.927389 -0.188502
0.335 0.433579 -0.927391 -0.187132
0.337 0.440289 -0.927397 -0.18577
0.339 0.446998 -0.927406 -0.184416
0.341 0.453707 -0.927417 -0.183071
0.343 0.460415 -0.927428 -0.181735
0.345 0.467121 -0.927441 -0.180406
0.347 0.473826 -0.927453 -0.179086
0.349 0.48053 -0.927466 -0.177773
0.351 0.487232 -0.927481 -0.176469
0.353 0.493932 -0.9275 -0.175173
0.355 0.50063 -0.927515 -0.173885
0.357 0.507326 -0.927522 -0.172605
0.359 0.51402 -0.92753 -0.171333
0.361 0.52071 -0.927535 -0.170069
0.363 0.527399 -0.927535 -0.168812
0.365 0.534084 -0.927532 -0.167564
0.367 0.540766 -0.927523 -0.166323
0.369 0.547445 -0.92751 -0.16509
0.371 0.55412 -0.927492 -0.163865
0.373 0.560791 -0.927471 -0.162647
0.375 0.567459 -0.927455 -0.161437
0.377 0.574122 -0.927447 -0.160234
0.379 0.580781 -0.927445 -0.159039
0.381 0.587435 -0.927447 -0.157851
0.383 0.594084 -0.92745 -0.156671
0.385 0.600728 -0.927453 -0.155498
0.387 0.607366 -0.927455 -0.154333
0.389 0.613998 -0.927458 -0.153175
0.391 0.620624 -0.92746 -0.152024
0.393 0.627243 -0.927462 -0.15088
0.395 0.633856 -0.927463 -0.149743
0.397 0.64046 -0.927463 -0.148614
0.399 0.647057 -0.927463 -0.147491
0.401 0.653645 -0.927463 -0.146376
0.403 0.660224 -0.927463 -0.145268
0.405 0.666794 -0.927464 -0.144166
0.407 0.673354 -0.927465 -0.143072
0.409 0.679902 -0.927466 -0.141984
0.411 0.686439 -0.927468 -0.140903
0.413 0.692964 -0.927468 -0.139829
0.415 0.699475 -0.927469 -0.138762
0.417 0.705972 -0.92747 -0.137701
0.419 0.712454 -0.927471 -0.136647
0.421 0.71892 -0.927472 -0.135599
0.423 0.725369 -0.927472 -0.134558
0.425 0.731798 -0.927473 -0.133523
0.427 0.738208 -0.927474 -0.132495
0.429 0.744596 -0.927475 -0.131473
0.431 0.750961 -0.927476 -0.130458
0.433 0.757301 -0.927477 -0.129448
0.435 0.763614 -0.927478 -0.128445
0.437 0.769898 -0.927478 -0.127448
0.439 0.776151 -0.927477 -0.126457
0.441 0.78237 -0.927474 -0.125472
0.443 0.788553 -0.927469 -0.124493
0.445 0.794697 -0.927461 -0.12352
0.447 0.800799 -0.927446 -0.122553
0.449 0.806854 -0.927423 -0.121591
0.451 0.812861 -0.927392 -0.120635
0.453 0.818814 -0.927346 -0.119685
0.455 0.82471 -0.927296 -0.11874
0.457 0.830542 -0.927243 -0.117801
0.459 0.836305 -0.927191 -0.116867
0.461 0.841993 -0.927137 -0.115938
0.463 0.847599 -0.927075 -0.115014
0.465 0.853112 -0.927009 -0.114096
0.467 0.858525 -0.926915 -0.113182
0.469 0.863827 -0.926797 -0.112273
0.471 0.869005 -0.926648 -0.111369
0.473 0.874048 -0.926456 -0.110469
0.475 0.878942 -0.926217 -0.109574
0.477 0.883674 -0.925925 -0.108683
0.479 0.888228 -0.925563 -0.107796
0.481 0.892592 -0.925117 -0.106913
0.483 0.89675 -0.92458 -0.106033
0.485 0.900686 -0.92394 -0.105157
0.487 0.904387 -0.923177 -0.104284
0.489 0.907834 -0.922273 -0.103414
0.491 0.911011 -0.921212 -0.102547
0.493 0.913897 -0.91998 -0.101683
0.495 0.916474 -0.918559 -0.10082
0.497 0.918727 -0.916935 -0.0999602
0.499 0.920647 -0.915093 -0.0991015
0.501 0.922236 -0.913026 0.0990205
0.503 0.923508 -0.910725 0.0998859
0.505 0.924492 -0.908184 0.100753
0.507 0.92523 -0.905402 0.101623
0.509 0.925769 -0.902378 0.102495
0.511 0.926157 -0.899119 0.10337
0.513 0.926438 -0.895629 0.104248
0.515 0.926645 -0.891918 0.105128
0.517 0.926803 -0.887995 0.106012
0.519 0.926925 -0.883872 0.1069
0.521 0.927017 -0.87956 0.107791
0.523 0.927084 -0.875073 0.108686
0.525 0.927128 -0.87042 0.109585
0.527 0.927159 -0.865614 0.110488
0.529 0.92719 -0.860666 0.111395
0.531 0.927227 -0.855588 0.112307
0.533 0.927263 -0.850389 0.113224
0.535 0.927298 -0.845081 0.114145
0.537 0.927334 -0.839674 0.115071
0.539 0.927366 -0.834177 0.116002
0.541 0.927394 -0.8286 0.116938
0.543 0.927428 -0.822947 0.11788
0.545 0.927457 -0.817224 0.118826
0.547 0.927478 -0.811441 0.119778
0.549 0.927494 -0.805602 0.120735
0.551 0.927501 -0.799711 0.121698
0.553 0.927502 -0.793773 0.122667
0.555 0.927501 -0.787793 0.123641
0.557 0.9275 -0.781774 0.12462
0.559 0.927498 -0.77572 0.125606
0.561 0.927496 -0.769635 0.126597
0.563 0.927494 -0.763518 0.127595
0.565 0.927493 -0.757372 0.128598
0.567 0.927492 -0.751203 0.129607
0.569 0.927491 -0.745011 0.130622
0.571 0.927491 -0.738792 0.131644
0.573 0.92749 -0.732552 0.132671
0.575 0.927489 -0.726297 0.133705
0.577 0.927488 -0.72002 0.134745
0.579 0.927487 -0.713723 0.135792
0.581 0.927486 -0.707412 0.136845
0.583 0.927486 -0.70109 0.137904
0.585 0.927485 -0.694748 0.13897
0.587 0.927484 -0.688392 0.140042
0.589 0.927484 -0.682029 0.141121
0.591 0.927483 -0.675652 0.142206
0.593 0.927483 -0.669258 0.143298
0.595 0.927482 -0.662854 0.144397
0.597 0.927482 -0.656446 0.145503
0.599 0.927481 -0.650028 0.146615
0.601 0.927481 -0.643595 0.147734
0.603 0.927481 -0.637155 0.14886
0.605 0.927481 -0.630715 0.149994
0.607 0.927481 -0.624271 0.151134
0.609 0.927481 -0.617807 0.15228
0.611 0.927481 -0.611332 0.153435
0.613 0.927482 -0.604873 0.154596
0.615 0.927482 -0.598415 0.155764
0.617 0.927484 -0.591919 0.156939
0.619 0.927485 -0.585413 0.158122
0.621 0.927487 -0.578949 0.159312
0.623 0.92749 -0.572482 0.160509
0.625 0.927494 -0.565952 0.161714
0.627 0.927499 -0.559424 0.162925
0.629 0.927505 -0.552964 0.164145
0.631 0.927512 -0.546485 0.165371
0.633 0.92752 -0.539923 0.166606
0.635 0.927529 -0.533383 0.167847
0.637 0.927538 -0.526925 0.169097
0.639 0.927546 -0.520435 0.170354
0.641 0.92755 -0.513856 0.171618
0.643 0.927549 -0.507301 0.172891
0.645 0.927544 -0.500828 0.174171
0.647 0.927538 -0.494342 0.175458
0.649 0.927528 -0.487766 0.176754
0.651 0.927512 -0.481169 0.178057
0.653 0.927489 -0.474672 0.179369
0.655 0.92747 -0.46822 0.180688
0.657 0.927458 -0.461644 0.182015
0.659 0.927445 -0.455042 0.183351
0.661 0.927433 -0.448591 0.184694
0.663 0.927421 -0.442115 0.186045
0.665 0.927411 -0.435493 0.187405
0.667 0.927404 -0.428947 0.188773
0.669 0.9274 -0.422511 0.190149
0.671 0.927403 -0.415949 0.191533
0.673 0.92741 -0.409315 0.192925
0.675 0.92742 -0.402853 0.194326
0.677 0.927432 -0.39639 0.195735
0.679 0.927442 -0.389776 0.197153
0.681 0.927451 -0.383199 0.198579
0.683 0.927457 -0.376769 0.200013
0.685 0.927462 -0.370277 0.201456
0.687 0.927465 -0.363647 0.202908
0.689 0.927467 -0.357101 0.204368
0.691 0.927468 -0.350677 0.205836
0.693 0.92747 -0.344169 0.207314
0.695 0.927471 -0.337536 0.2088
0.697 0.927472 -0.331017 0.210295
0.699 0.927474 -0.324597 0.211799
0.701 0.927475 -0.318057 0.213311
0.703 0.927477 -0.31142 0.214833
0.705 0.92748 -0.304937 0.216363
0.707 0.927484 -0.29852 0.217902
0.709 0.927489 -0.291971 0.219451
0.711 0.927496 -0.285338 0.221008
0.713 0.927506 -0.278863 0.222575
0.715 0.927517 -0.272448 0.22415
0.717 0.92753 -0.265905 0.225735
0.719 0.927544 -0.259278 0.227329
0.721 0.927558 -0.252809 0.228932
0.723 0.927568 -0.246393 0.230545
0.725 0.927574 -0.239849 0.232166
0.727 0.927574 -0.233234 0.233798
0.729 0.927566 -0.226776 0.235438
0.731 0.92755 -0.220363 0.237088
0.733 0.927528 -0.21382 0.238748
0.735 0.927502 -0.207218 0.240417
0.737 0.927475 -0.200777 0.242096
0.739 0.92745 -0.194366 0.243784
0.741 0.927429 -0.187828 0.245482
0.743 0.927414 -0.18126 0.24719
0.745 0.927401 -0.174849 0.248907
0.747 0.927393 -0.168425 0.250634
0.749 0.927388 -0.161872 0.252371
0.751 0.927386 -0.155381 0.254118
0.753 0.927388 -0.149004 0.255874
0.755 0.927393 -0.142534 0.257641
0.757 0.9274 -0.135995 0.259417
0.759 0.927408 -0.129613 0.261204
0.761 0.927416 -0.123222 0.263
0.763 0.927424 -0.116709 0.264807
0.765 0.927431 -0.110267 0.266624
0.767 0.927437 -0.103939 0.268451
0.769 0.927443 -0.0975496 0.270287
0.771 0.927449 -0.0910625 0.272135
0.773 0.927454 -0.0846851 0.273992
0.775 0.927458 -0.0783988 0.275859
0.777 0.927462 -0.0720733 0.277737
0.779 0.927466 -0.0656703 0.279625
0.781 0.92747 -0.0593563 0.281523
0.783 0.927472 -0.0531439 0.283432
0.785 0.927474 -0.0469102 0.285351
0.787 0.927476 -0.0406754 0.28728
0.789 0.927478 -0.0346998 0.289219
0.791 0.92748 -0.0290581 0.291167
0.793 0.927481 -0.0238121 0.293125
0.795 0.927482 -0.0190374 0.29509
0.797 0.927483 -0.0147871 0.297064
0.799 0.927484 -0.011108 0.299043
0.801 0.927486 -0.00803446 0.301028
0.803 0.927487 -0.00557255 0.303018
0.805 0.92749 -0.00369313 0.305011
0.807 0.927493 -0.00233259 0.307006
0.809 0.927497 -0.00140189 0.309003
0.811 0.927504 -0.000801365 0.311002
0.813 0.927513 -0.000435962 0.313001
0.815 0.927526 -0.000226038 0.315
0.817 0.927545 -0.000111913 0.317
0.819 0.927565 -5.30307e-05 0.319
0.821 0.927582 -2.41061e-05 0.321
0.823 0.927614 -1.05355e-05 0.323
0.825 0.927645 -4.43624e-06 0.325
0.827 0.927658 -1.80311e-06 0.327
0.829 0.927661 -7.086e-07 0.329
0.831 0.927657 -2.69647e-07 0.331
0.833 0.927646 -9.94886e-08 0.333
0.835 0.927626 -3.5632e-08 0.335
0.837 0.927592 -1.24007e-08 0.337
0.839 0.927545 -4.19755e-09 0.339
0.841 0.927482 -1.38311e-09 0.341
0.843 0.927423 -4.43972e-10 0.343
0.845 0.927389 -1.38931e-10 0.345
0.847 0.927373 -4.24097e-11 0.347
0.849 0.927364 -1.26363e-11 0.349
0.851 0.927357 -3.67743e-12 0.351
0.853 0.927357 -1.04609e-12 0.353
0.855 0.927364 -2.9118e-13 0.355
0.857 0.927379 -7.95391e-14 0.357
0.859 0.927398 -2.15376e-14 0.359
0.861 0.927416 -5.9014e-15 0.361
0.863 0.92743 -1.62234e-15 0.363
0.865 0.927443 -5.06883e-16 0.365
0.867 0.927454 -1.42053e-16 0.367
0.869 0.92746 -1.41742e-16 0.369
0.871 0.927466 -4.06715e-17 0.371
0.873 0.927472 0 0.373
0.875 0.927479 0 0.375
0.877 0.927485 0 0.377
0.879 0.927492 0 0.379
0.881 0.927498 0 0.381
0.883 0.927504 0 0.383
0.885 0.927507 0 0.385
0.887 0.927508 0 0.387
0.889 0.927509 0 0.389
0.891 0.927509 0 0.391
0.893 0.927509 0 0.393
0.895 0.927512 0 0.395
0.897 0.927516 0 0.397
0.899 0.927523 0 0.399
0.901 0.92753 0 0.401
0.903 0.927535 0 0.403
0.905 0.927535 0 0.405
0.907 0.927532 0 0.407
0.909 0.927528 0 0.409
0.911 0.927523 0 0.411
0.913 0.927522 0 0.413
0.915 0.927527 0 0.415
0.917 0.927536 0 0.417
0.919 0.92755 0 0.419
0.921 0.927562 0 0.421
0.923 0.927564 0 0.423
0.925 0.927534 0 0.425
0.927 0.927411 0 0.427
0.929 0.926968 0 0.429
0.931 0.925246 0 0.431
0.933 0.91783 0 0.433
0.935 0.889647 0 0.435
0.937 0.787156 0 0.437
0.939 0.4804 0 0.439
0.941 0.0497612 0 0.441
0.943 0.000699889 0 0.443
0.945 1.10774e-05 0 0.445
0.947 1.15038e-06 0 0.447
0.949 2.08773e-08 0 0.449
0.951 2.30166e-10 0 0.451
0.953 3.66042e-12 0 0.453
0.955 5.54822e-13 0 0.455
0.957 1.14241e-14 0 0.457
0.959 8.13429e-17 0 0.459
0.961 0 0 0.461
0.963 0 0 0.463
0.965 0 0 0.465
0.967 0 0 0.467
0.969 0 0 0.469
0.971 0 0 0.471
0.973 0 0 0.473
0.975 0 0 0.475
0.977 0 0 0.477
0.979 0 0 0.479
0.981 0 0 0.481
0.983 0 0 0.483
0.985 0 0 0.485
0.987 0 0 0.487
0.989 0 0 0.489
0.991 0 0 0.491
0.993 0 0 0.493
0.995 0 0 0.495
0.997 0 0 0.497
0.999 0 0 0.499
