0.0005 149994 100000 -0.4995
0.0015 149994 100000 -0.498545
0.0025 149994 100000 -0.497545
0.0035 149994 100000 -0.496545
0.0045 149994 100000 -0.495545
0.0055 149994 100000 -0.494545
0.0065 149994 100000 -0.493545
0.0075 149994 100000 -0.492545
0.0085 149994 100000 -0.491545
0.0095 149994 100000 -0.490545
0.0105 149994 100000 -0.489545
0.0115 149994 100000 -0.488545
0.0125 149994 100000 -0.487545
0.0135 149994 100000 -0.486545
0.0145 149994 100000 -0.485545
0.0155 149994 100000 -0.484545
0.0165 149994 100000 -0.483545
0.0175 149994 100000 -0.482545
0.0185 149994 100000 -0.481545
0.0195 149994 100000 -0.480545
0.0205 149994 100000 -0.479545
0.0215 149994 100000 -0.478545
0.0225 149994 100000 -0.477545
0.0235 149995 100000 -0.476545
0.0245 149995 100000 -0.475545
0.0255 149995 100000 -0.474545
0.0265 149995 100000 -0.473545
0.0275 149995 100000 -0.472545
0.0285 149995 100000 -0.471545
0.0295 149995 100000 -0.470545
0.0305 149995 100000 -0.469545
0.0315 149995 100000 -0.468545
0.0325 149995 100000 -0.467545
0.0335 149995 100000 -0.466545
0.0345 149995 100000 -0.465545
0.0355 149995 100000 -0.464545
0.0365 149995 100000 -0.463545
0.0375 149995 100000 -0.462545
0.0385 149995 100000 -0.461545
0.0395 149995 100000 -0.460545
0.0405 149995 100000 -0.459545
0.0415 149995 100000 -0.458545
0.0425 149995 100000 -0.457545
0.0435 149995 100000 -0.456545
0.0445 149995 100000 -0.455545
0.0455 149995 100000 -0.454545
0.0465 149994 100000 -0.453545
0.0475 149994 100000 -0.452545
0.0485 149994 100000 -0.451545
0.0495 149994 100000 -0.450545
0.0505 149994 100000 -0.449545
0.0515 149994 100000 -0.448545
0.0525 149994 100000 -0.447545
0.0535 149994 100000 -0.446545
0.0545 149994 100000 -0.445545
0.0555 149995 100000 -0.444545
0.0565 149995 100000 -0.443545
0.0575 149995 100000 -0.442545
0.0585 149995 100000 -0.441545
0.0595 149995 100000 -0.440545
0.0605 149995 100000 -0.439545
0.0615 149995 100000 -0.438545
0.0625 149995 100000 -0.437545
0.0635 149995 100000 -0.436545
0.0645 149995 100000 -0.435545
0.0655 149995 100000 -0.434545
0.0665 149995 100000 -0.433545
0.0675 149995 100000 -0.432545
0.0685 149995 100000 -0.431545
0.0695 149995 100000 -0.430545
0.0705 149995 100000 -0.429545
0.0715 149996 100000 -0.428545
0.0725 149996 100000 -0.427545
0.0735 149996 100000 -0.426545
0.0745 149996 100000 -0.425545
0.0755 149996 100000 -0.424545
0.0765 149996 100000 -0.423545
0.0775 149996 100000 -0.422545
0.0785 149996 100000 -0.421545
0.0795 149995 100000 -0.420545
0.0805 149995 100000 -0.419545
0.0815 149995 100000 -0.418545
0.0825 149995 100000 -0.417545
0.0835 149995 100000 -0.416545
0.0845 149995 100000 -0.415545
0.0855 149995 100000 -0.414545
0.0865 149995 100000 -0.413545
0.0875 149995 100000 -0.412545
0.0885 149995 100000 -0.411545
0.0895 149995 100000 -0.410545
0.0905 149995 100000 -0.409545
0.0915 149995 100000 -0.408545
0.0925 149995 100000 -0.407545
0.0935 149995 100000 -0.406545
0.0945 149995 100000 -0.405545
0.0955 149995 100000 -0.404545
0.0965 149995 100000 -0.403545
0.0975 149995 100000 -0.402545
0.0985 149995 100000 -0.401545
0.0995 149995 100000 -0.400545
0.1005 149995 100000 -0.399545
0.1015 149995 100000 -0.398545
0.1025 149995 100000 -0.397545
0.1035 149995 100000 -0.396545
0.1045 149995 100000 -0.395545
0.1055 149995 100000 -0.394545
0.1065 149995 100000 -0.393545
0.1075 149995 100000 -0.392545
0.1085 149995 100000 -0.391545
0.1095 149995 100000 -0.390545
0.1105 149995 100000 -0.389545
0.1115 149995 100000 -0.388545
0.1125 149995 100000 -0.387545
0.1135 149995 100000 -0.386545
0.1145 149995 100000 -0.385545
0.1155 149995 100000 -0.384545
0.1165 149995 100000 -0.383545
0.1175 149995 100000 -0.382545
0.1185 149995 100000 -0.381545
0.1195 149995 100000 -0.380545
0.1205 149995 100000 -0.379545
0.1215 149995 100000 -0.378545
0.1225 149995 100000 -0.377545
0.1235 149995 100000 -0.376545
0.1245 149995 100000 -0.375545
0.1255 149995 100000 -0.374545
0.1265 149995 100000 -0.373545
0.1275 149995 100000 -0.372545
0.1285 149995 100000 -0.371545
0.1295 149995 100000 -0.370545
0.1305 149995 100000 -0.369545
0.1315 149995 100000 -0.368545
0.1325 149995 100000 -0.367545
0.1335 149995 100000 -0.366545
0.1345 149995 100000 -0.365545
0.1355 149995 100000 -0.364545
0.1365 149996 100000 -0.363545
0.1375 149996 100000 -0.362545
0.1385 149996 100000 -0.361545
0.1395 149996 100000 -0.360545
0.1405 149996 100000 -0.359545
0.1415 149996 100000 -0.358545
0.1425 149996 100000 -0.357545
0.1435 149996 100000 -0.356545
0.1445 149996 100000 -0.355545
0.1455 149996 100000 -0.354545
0.1465 149996 100000 -0.353545
0.1475 149996 100000 -0.352545
0.1485 149996 100000 -0.351545
0.1495 149996 100000 -0.350545
0.1505 149996 100000 -0.349545
0.1515 149996 100000 -0.348545
0.1525 149996 100000 -0.347545
0.1535 149996 100000 -0.346545
0.1545 149996 100000 -0.345545
0.1555 149996 100000 -0.344545
0.1565 149996 100000 -0.343545
0.1575 149996 100000 -0.342545
0.1585 149996 100000 -0.341545
0.1595 149996 100000 -0.340545
0.1605 149996 100000 -0.339545
0.1615 149996 100000 -0.338545
0.1625 149996 100000 -0.337545
0.1635 149996 100000 -0.336545
0.1645 149996 100000 -0.335545
0.1655 149996 100000 -0.334545
0.1665 149996 100000 -0.333545
0.1675 149996 100000 -0.332545
0.1685 149996 100000 -0.331545
0.1695 149996 100000 -0.330545
0.1705 149996 100000 -0.329545
0.1715 149996 100000 -0.328545
0.1725 149996 100000 -0.327545
0.1735 149996 100000 -0.326545
0.1745 149996 100000 -0.325545
0.1755 149996 100000 -0.324545
0.1765 149996 100000 -0.323545
0.1775 149996 100000 -0.322545
0.1785 149996 100000 -0.321545
0.1795 149996 100000 -0.320545
0.1805 149996 100000 -0.319545
0.1815 149996 100000 -0.318545
0.1825 149996 100000 -0.317545
0.1835 149996 100000 -0.316545
0.1845 149996 100000 -0.315545
0.1855 149996 100000 -0.314545
0.1865 149996 100000 -0.313545
0.1875 149996 100000 -0.312545
0.1885 149995 100000 -0.311545
0.1895 149995 100000 -0.310545
0.1905 149995 100000 -0.309545
0.1915 149995 100000 -0.308545
0.1925 149995 100000 -0.307545
0.1935 149995 100000 -0.306545
0.1945 149995 100000 -0.305545
0.1955 149995 100000 -0.304545
0.1965 149995 100000 -0.303545
0.1975 149995 100000 -0.302545
0.1985 149995 100000 -0.301545
0.1995 149995 100000 -0.300545
0.2005 149995 100000 -0.299545
0.2015 149995 100000 -0.298545
0.2025 149995 100000 -0.297545
0.2035 149995 100000 -0.296545
0.2045 149995 100000 -0.295545
0.2055 149995 100000 -0.294545
0.2065 149995 100000 -0.293545
0.2075 149996 100000 -0.292545
0.2085 149996 100000 -0.291545
0.2095 149996 100000 -0.290545
0.2105 149996 100000 -0.289545
0.2115 149996 100000 -0.288545
0.2125 149996 100000 -0.287545
0.2135 149996 100000 -0.286545
0.2145 149996 100000 -0.285545
0.2155 149996 100000 -0.284545
0.2165 149996 100000 -0.283545
0.2175 149996 100000 -0.282545
0.2185 149996 100000 -0.281545
0.2195 149996 100000 -0.280545
0.2205 149996 100000 -0.279545
0.2215 149996 100000 -0.278545
0.2225 149996 100000 -0.277545
0.2235 149996 100000 -0.276545
0.2245 149996 100000 -0.275545
0.2255 149996 100000 -0.274545
0.2265 149996 100000 -0.273545
0.2275 149996 100000 -0.272545
0.2285 149996 100000 -0.271545
0.2295 149996 100000 -0.270545
0.2305 149996 100000 -0.269545
0.2315 149996 100000 -0.268545
0.2325 149996 100000 -0.267545
0.2335 149996 100000 -0.266545
0.2345 149996 100000 -0.265545
0.2355 149996 100000 -0.264545
0.2365 149996 100000 -0.263545
0.2375 149996 100000 -0.262545
0.2385 149996 100000 -0.261545
0.2395 149996 100000 -0.260545
0.2405 149996 100000 -0.259545
0.2415 149996 100000 -0.258545
0.2425 149996 100000 -0.257545
0.2435 149996 100000 -0.256545
0.2445 149995 100000 -0.255545
0.2455 149995 100000 -0.254545
0.2465 149995 100000 -0.253545
0.2475 149995 100000 -0.252545
0.2485 149995 100000 -0.251545
0.2495 149995 100000 -0.250545
0.2505 149994 100000 -0.249545
0.2515 149993 100000 -0.248545
0.2525 149993 100000 -0.247545
0.2535 149991 100000 -0.246545
0.2545 149989 100000 -0.245545
0.2555 149986 100000 -0.244545
0.2565 149981 100000 -0.243545
0.2575 149974 100000 -0.242545
0.2585 149962 100000 -0.241545
0.2595 149944 100000 -0.240545
0.2605 149917 100000 -0.239545
0.2615 149874 100000 -0.238545
0.2625 149809 100000 -0.237545
0.2635 149709 100000 -0.236545
0.2645 149555 100000 -0.235545
0.2655 149318 100000 -0.234545
0.2665 148955 100000 -0.233544
0.2675 148400 100000 -0.232544
0.2685 147553 100000 -0.231543
0.2695 146270 100000 -0.230542
0.2705 144342 100000 -0.229541
0.2715 141488 100000 -0.228538
0.2725 137326 100000 -0.227535
0.2735 131490 100000 -0.226529
0.2745 123562 100000 -0.225522
0.2755 113442 100000 -0.224512
0.2765 104731 100000 -0.223504
0.2775 101078 100000 -0.222501
0.2785 100190 100000 -0.2215
0.2795 100034 100000 -0.2205
0.2805 100007 100000 -0.2195
0.2815 100001 100000 -0.2185
0.2825 100000 100000 -0.2175
0.2835 100000 100000 -0.2165
0.2845 100000 100000 -0.2155
0.2855 100000 100000 -0.2145
0.2865 100000 100000 -0.2135
0.2875 100000 100000 -0.2125
0.2885 100000 100000 -0.2115
0.2895 100000 100000 -0.2105
0.2905 100000 100000 -0.2095
0.2915 100000 100000 -0.2085
0.2925 100000 100000 -0.2075
0.2935 100000 100000 -0.2065
0.2945 100000 100000 -0.2055
0.2955 100000 100000 -0.2045
0.2965 100000 100000 -0.2035
0.2975 100000 100000 -0.2025
0.2985 100000 100000 -0.2015
0.2995 100000 100000 -0.2005
0.3005 100000 100000 -0.1995
0.3015 100000 100000 -0.1985
0.3025 100000 100000 -0.1975
0.3035 100000 100000 -0.1965
0.3045 100000 100000 -0.1955
0.3055 100000 100000 -0.1945
0.3065 100000 100000 -0.1935
0.3075 100000 100000 -0.1925
0.3085 100000 100000 -0.1915
0.3095 100000 100000 -0.1905
0.3105 100000 100000 -0.1895
0.3115 100000 100000 -0.1885
0.3125 100000 100000 -0.1875
0.3135 100000 100000 -0.1865
0.3145 100000 100000 -0.1855
0.3155 100000 100000 -0.1845
0.3165 100000 100000 -0.1835
0.3175 100000 100000 -0.1825
0.3185 100000 100000 -0.1815
0.3195 100000 100000 -0.1805
0.3205 100000 100000 -0.1795
0.3215 100000 100000 -0.1785
0.3225 100000 100000 -0.1775
0.3235 100000 100000 -0.1765
0.3245 100000 100000 -0.1755
0.3255 100000 100000 -0.1745
0.3265 100000 100000 -0.1735
0.3275 100000 100000 -0.1725
0.3285 100000 100000 -0.1715
0.3295 100000 100000 -0.1705
0.3305 100000 100000 -0.1695
0.3315 100000 100000 -0.1685
0.3325 100000 100000 -0.1675
0.3335 100000 100000 -0.1665
0.3345 100000 100000 -0.1655
0.3355 100000 100000 -0.1645
0.3365 100000 100000 -0.1635
0.3375 100000 100000 -0.1625
0.3385 100000 100000 -0.1615
0.3395 100000 100000 -0.1605
0.3405 100000 100000 -0.1595
0.3415 100000 100000 -0.1585
0.3425 100000 100000 -0.1575
0.3435 100000 100000 -0.1565
0.3445 100000 100000 -0.1555
0.3455 100000 100000 -0.1545
0.3465 100000 100000 -0.1535
0.3475 100000 100000 -0.1525
0.3485 100000 100000 -0.1515
0.3495 100000 100000 -0.1505
0.3505 100000 100000 -0.1495
0.3515 100000 100000 -0.1485
0.3525 100000 100000 -0.1475
0.3535 100000 100000 -0.1465
0.3545 100000 100000 -0.1455
0.3555 100000 100000 -0.1445
0.3565 100000 100000 -0.1435
0.3575 100000 100000 -0.1425
0.3585 100000 100000 -0.1415
0.3595 100000 100000 -0.1405
0.3605 100000 100000 -0.1395
0.3615 100000 100000 -0.1385
0.3625 100000 100000 -0.1375
0.3635 100000 100000 -0.1365
0.3645 100000 100000 -0.1355
0.3655 100000 100000 -0.1345
0.3665 100000 100000 -0.1335
0.3675 100000 100000 -0.1325
0.3685 100000 100000 -0.1315
0.3695 100000 100000 -0.1305
0.3705 100000 100000 -0.1295
0.3715 100000 100000 -0.1285
0.3725 100000 100000 -0.1275
0.3735 100000 100000 -0.1265
0.3745 100000 100000 -0.1255
0.3755 100000 100000 -0.1245
0.3765 100000 100000 -0.1235
0.3775 100000 100000 -0.1225
0.3785 100000 100000 -0.1215
0.3795 100000 100000 -0.1205
0.3805 100000 100000 -0.1195
0.3815 100000 100000 -0.1185
0.3825 100000 100000 -0.1175
0.3835 100000 100000 -0.1165
0.3845 100000 100000 -0.1155
0.3855 100000 100000 -0.1145
0.3865 100000 100000 -0.1135
0.3875 100000 100000 -0.1125
0.3885 100000 100000 -0.1115
0.3895 100000 100000 -0.1105
0.3905 100000 100000 -0.1095
0.3915 100000 100000 -0.1085
0.3925 100000 100000 -0.1075
0.3935 100000 100000 -0.1065
0.3945 100000 100000 -0.1055
0.3955 100000 100000 -0.1045
0.3965 100000 100000 -0.1035
0.3975 100000 100000 -0.1025
0.3985 100000 100000 -0.1015
0.3995 100000 100000 -0.1005
0.4005 100000 100000 -0.0995
0.4015 100000 100000 -0.0985
0.4025 100000 100000 -0.0975
0.4035 100000 100000 -0.0965
0.4045 100000 100000 -0.0955
0.4055 100000 100000 -0.0945
0.4065 100000 100000 -0.0935
0.4075 100000 100000 -0.0925
0.4085 100000 100000 -0.0915
0.4095 100000 100000 -0.0905
0.4105 100000 100000 -0.0895
0.4115 100000 100000 -0.0885
0.4125 100000 100000 -0.0875
0.4135 100000 100000 -0.0865
0.4145 100000 100000 -0.0855
0.4155 100000 100000 -0.0845
0.4165 100000 100000 -0.0835
0.4175 100000 100000 -0.0825
0.4185 100000 100000 -0.0815
0.4195 100000 100000 -0.0805
0.4205 100000 100000 -0.0795
0.4215 100000 100000 -0.0785
0.4225 100000 100000 -0.0775
0.4235 100000 100000 -0.0765
0.4245 100000 100000 -0.0755
0.4255 100000 100000 -0.0745
0.4265 100000 100000 -0.0735
0.4275 100000 100000 -0.0725
0.4285 100000 100000 -0.0715
0.4295 100000 100000 -0.0705
0.4305 100000 100000 -0.0695
0.4315 100000 100000 -0.0685
0.4325 100000 100000 -0.0675
0.4335 100000 100000 -0.0665
0.4345 100000 100000 -0.0655
0.4355 100000 100000 -0.0645
0.4365 100000 100000 -0.0635
0.4375 100000 100000 -0.0625
0.4385 100000 100000 -0.0615
0.4395 100000 100000 -0.0605
0.4405 100000 100000 -0.0595
0.4415 100000 100000 -0.0585
0.4425 100000 100000 -0.0575
0.4435 100000 100000 -0.0565
0.4445 100000 100000 -0.0555
0.4455 100000 100000 -0.0545
0.4465 100000 100000 -0.0535
0.4475 100000 100000 -0.0525
0.4485 100000 100000 -0.0515
0.4495 100000 100000 -0.0505
0.4505 100000 100000 -0.0495
0.4515 100000 100000 -0.0485
0.4525 100000 100000 -0.0475
0.4535 100000 100000 -0.0465
0.4545 100000 100000 -0.0455
0.4555 100000 100000 -0.0445
0.4565 100000 100000 -0.0435
0.4575 100000 100000 -0.0425
0.4585 100000 100000 -0.0415
0.4595 100000 100000 -0.0405
0.4605 100000 100000 -0.0395
0.4615 100000 100000 -0.0385
0.4625 100000 100000 -0.0375
0.4635 100000 100000 -0.0365
0.4645 100000 100000 -0.0355
0.4655 100000 100000 -0.0345
0.4665 100000 100000 -0.0335
0.4675 100000 100000 -0.0325
0.4685 100000 100000 -0.0315
0.4695 100000 100000 -0.0305
0.4705 100000 100000 -0.0295
0.4715 100000 100000 -0.0285
0.4725 100000 100000 -0.0275
0.4735 100000 100000 -0.0265
0.4745 100000 100000 -0.0255
0.4755 100000 100000 -0.0245
0.4765 100000 100000 -0.0235
0.4775 100000 100000 -0.0225
0.4785 100000 100000 -0.0215
0.4795 100000 100000 -0.0205
0.4805 100000 100000 -0.0195
0.4815 100000 100000 -0.0185
0.4825 100000 100000 -0.0175
0.4835 100000 100000 -0.0165
0.4845 100000 100000 -0.0155
0.4855 100000 100000 -0.0145
0.4865 100000 100000 -0.0135
0.4875 100000 100000 -0.0125
0.4885 100000 100000 -0.0115
0.4895 100000 100000 -0.0105
0.4905 100000 100000 -0.0095
0.4915 100000 100000 -0.0085
0.4925 100000 100000 -0.0075
0.4935 100000 100000 -0.0065
0.4945 100000 100000 -0.0055
0.4955 100000 100000 -0.0045
0.4965 100000 100000 -0.0035
0.4975 100000 100000 -0.0025
0.4985 100000 100000 -0.0015
0.4995 100000 100000 -0.0005
0.5005 100000 100000 0.0005
0.5015 100000 100000 0.0015
0.5025 100000 100000 0.0025
0.5035 100000 100000 0.0035
0.5045 100000 100000 0.0045
0.5055 100000 100000 0.0055
0.5065 100000 100000 0.0065
0.5075 100000 100000 0.0075
0.5085 100000 100000 0.0085
0.5095 100000 100000 0.0095
0.5105 100000 100000 0.0105
0.5115 100000 100000 0.0115
0.5125 100000 100000 0.0125
0.5135 100000 100000 0.0135
0.5145 100000 100000 0.0145
0.5155 100000 100000 0.0155
0.5165 100000 100000 0.0165
0.5175 100000 100000 0.0175
0.5185 100000 100000 0.0185
0.5195 100000 100000 0.0195
0.5205 100000 100000 0.0205
0.5215 100000 100000 0.0215
0.5225 100000 100000 0.0225
0.5235 100000 100000 0.0235
0.5245 100000 100000 0.0245
0.5255 100000 100000 0.0255
0.5265 100000 100000 0.0265
0.5275 100000 100000 0.0275
0.5285 100000 100000 0.0285
0.5295 100000 100000 0.0295
0.5305 100000 100000 0.0305
0.5315 100000 100000 0.0315
0.5325 100000 100000 0.0325
0.5335 100000 100000 0.0335
0.5345 100000 100000 0.0345
0.5355 100000 100000 0.0355
0.5365 100000 100000 0.0365
0.5375 100000 100000 0.0375
0.5385 100000 100000 0.0385
0.5395 100000 100000 0.0395
0.5405 100000 100000 0.0405
0.5415 100000 100000 0.0415
0.5425 100000 100000 0.0425
0.5435 100000 100000 0.0435
0.5445 100000 100000 0.0445
0.5455 100000 100000 0.0455
0.5465 100000 100000 0.0465
0.5475 100000 100000 0.0475
0.5485 100000 100000 0.0485
0.5495 100000 100000 0.0495
0.5505 100000 100000 0.0505
0.5515 100000 100000 0.0515
0.5525 100000 100000 0.0525
0.5535 100000 100000 0.0535
0.5545 100000 100000 0.0545
0.5555 100000 100000 0.0555
0.5565 100000 100000 0.0565
0.5575 100000 100000 0.0575
0.5585 100000 100000 0.0585
0.5595 100000 100000 0.0595
0.5605 100000 100000 0.0605
0.5615 100000 100000 0.0615
0.5625 100000 100000 0.0625
0.5635 100000 100000 0.0635
0.5645 100000 100000 0.0645
0.5655 100000 100000 0.0655
0.5665 100000 100000 0.0665
0.5675 100000 100000 0.0675
0.5685 100000 100000 0.0685
0.5695 100000 100000 0.0695
0.5705 100000 100000 0.0705
0.5715 100000 100000 0.0715
0.5725 100000 100000 0.0725
0.5735 100000 100000 0.0735
0.5745 100000 100000 0.0745
0.5755 100000 100000 0.0755
0.5765 100000 100000 0.0765
0.5775 100000 100000 0.0775
0.5785 100000 100000 0.0785
0.5795 100000 100000 0.0795
0.5805 100000 100000 0.0805
0.5815 100000 100000 0.0815
0.5825 100000 100000 0.0825
0.5835 100000 100000 0.0835
0.5845 100000 100000 0.0845
0.5855 100000 100000 0.0855
0.5865 100000 100000 0.0865
0.5875 100000 100000 0.0875
0.5885 100000 100000 0.0885
0.5895 100000 100000 0.0895
0.5905 100000 100000 0.0905
0.5915 100000 100000 0.0915
0.5925 100000 100000 0.0925
0.5935 100000 100000 0.0935
0.5945 100000 100000 0.0945
0.5955 100000 100000 0.0955
0.5965 100000 100000 0.0965
0.5975 100000 100000 0.0975
0.5985 100000 100000 0.0985
0.5995 100000 100000 0.0995
0.6005 100000 100000 0.1005
0.6015 100000 100000 0.1015
0.6025 100000 100000 0.1025
0.6035 100000 100000 0.1035
0.6045 100000 100000 0.1045
0.6055 100000 100000 0.1055
0.6065 100000 100000 0.1065
0.6075 100000 100000 0.1075
0.6085 100000 100000 0.1085
0.6095 100000 100000 0.1095
0.6105 100000 100000 0.1105
0.6115 100000 100000 0.1115
0.6125 100000 100000 0.1125
0.6135 100000 100000 0.1135
0.6145 100000 100000 0.1145
0.6155 100000 100000 0.1155
0.6165 100000 100000 0.1165
0.6175 100000 100000 0.1175
0.6185 100000 100000 0.1185
0.6195 100000 100000 0.1195
0.6205 100000 100000 0.1205
0.6215 100000 100000 0.1215
0.6225 100000 100000 0.1225
0.6235 100000 100000 0.1235
0.6245 100000 100000 0.1245
0.6255 100000 100000 0.1255
0.6265 100000 100000 0.1265
0.6275 100000 100000 0.1275
0.6285 100000 100000 0.1285
0.6295 100000 100000 0.1295
0.6305 100000 100000 0.1305
0.6315 100000 100000 0.1315
0.6325 100000 100000 0.1325
0.6335 100000 100000 0.1335
0.6345 100000 100000 0.1345
0.6355 100000 100000 0.1355
0.6365 100000 100000 0.1365
0.6375 100000 100000 0.1375
0.6385 100000 100000 0.1385
0.6395 100000 100000 0.1395
0.6405 100000 100000 0.1405
0.6415 100000 100000 0.1415
0.6425 100000 100000 0.1425
0.6435 100000 100000 0.1435
0.6445 100000 100000 0.1445
0.6455 100000 100000 0.1455
0.6465 100000 100000 0.1465
0.6475 100000 100000 0.1475
0.6485 100000 100000 0.1485
0.6495 100000 100000 0.1495
0.6505 100000 100000 0.1505
0.6515 100000 100000 0.1515
0.6525 100000 100000 0.1525
0.6535 100000 100000 0.1535
0.6545 100000 100000 0.1545
0.6555 100000 100000 0.1555
0.6565 100000 100000 0.1565
0.6575 100000 100000 0.1575
0.6585 100000 100000 0.1585
0.6595 100000 100000 0.1595
0.6605 100000 100000 0.1605
0.6615 100000 100000 0.1615
0.6625 100000 100000 0.1625
0.6635 100000 100000 0.1635
0.6645 100000 100000 0.1645
0.6655 100000 100000 0.1655
0.6665 100000 100000 0.1665
0.6675 100000 100000 0.1675
0.6685 100000 100000 0.1685
0.6695 100000 100000 0.1695
0.6705 100000 100000 0.1705
0.6715 100000 100000 0.1715
0.6725 100000 100000 0.1725
0.6735 100000 100000 0.1735
0.6745 100000 100000 0.1745
0.6755 100000 100000 0.1755
0.6765 100000 100000 0.1765
0.6775 100000 100000 0.1775
0.6785 100000 100000 0.1785
0.6795 100000 100000 0.1795
0.6805 100000 100000 0.1805
0.6815 100000 100000 0.1815
0.6825 100000 100000 0.1825
0.6835 100000 100000 0.1835
0.6845 100000 100000 0.1845
0.6855 100000 100000 0.1855
0.6865 100000 100000 0.1865
0.6875 100000 100000 0.1875
0.6885 100000 100000 0.1885
0.6895 100000 100000 0.1895
0.6905 100000 100000 0.1905
0.6915 100000 100000 0.1915
0.6925 100000 100000 0.1925
0.6935 100000 100000 0.1935
0.6945 100000 100000 0.1945
0.6955 100000 100000 0.1955
0.6965 100000 100000 0.1965
0.6975 100000 100000 0.1975
0.6985 100000 100000 0.1985
0.6995 100000 100000 0.1995
0.7005 100000 100000 0.2005
0.7015 100000 100000 0.2015
0.7025 100000 100000 0.2025
0.7035 100000 100000 0.2035
0.7045 100000 100000 0.2045
0.7055 100000 100000 0.2055
0.7065 100000 100000 0.2065
0.7075 100000 100000 0.2075
0.7085 100000 100000 0.2085
0.7095 100000 100000 0.2095
0.7105 100000 100000 0.2105
0.7115 100000 100000 0.2115
0.7125 100000 100000 0.2125
0.7135 100000 100000 0.2135
0.7145 100000 100000 0.2145
0.7155 100000 100000 0.2155
0.7165 100000 100000 0.2165
0.7175 100000 100000 0.2175
0.7185 100000 100000 0.2185
0.7195 100000 100000 0.2195
0.7205 100000 100000 0.2205
0.7215 100000 100000 0.2215
0.7225 100000 100000 0.2225
0.7235 100000 100000 0.2235
0.7245 100000 100000 0.2245
0.7255 100000 100000 0.2255
0.7265 100000 100000 0.2265
0.7275 100000 100000 0.2275
0.7285 100000 100000 0.2285
0.7295 100000 100000 0.2295
0.7305 100000 100000 0.2305
0.7315 100000 100000 0.2315
0.7325 100000 100000 0.2325
0.7335 100000 100000 0.2335
0.7345 100000 100000 0.2345
0.7355 100000 100000 0.2355
0.7365 100000 100000 0.2365
0.7375 100000 100000 0.2375
0.7385 100000 100000 0.2385
0.7395 100000 100000 0.2395
0.7405 100000 100000 0.2405
0.7415 100000 100000 0.2415
0.7425 100000 100000 0.2425
0.7435 100000 100000 0.2435
0.7445 100000 100000 0.2445
0.7455 100000 100000 0.2455
0.7465 100000 100000 0.2465
0.7475 100000 100000 0.2475
0.7485 100000 100000 0.2485
0.7495 100000 100000 0.2495
0.7505 100000 100000 0.2505
0.7515 100000 100000 0.2515
0.7525 100000 100000 0.2525
0.7535 100000 100000 0.2535
0.7545 100000 100000 0.2545
0.7555 100000 100000 0.2555
0.7565 100000 100000 0.2565
0.7575 100000 100000 0.2575
0.7585 100000 100000 0.2585
0.7595 100000 100000 0.2595
0.7605 100000 100000 0.2605
0.7615 100000 100000 0.2615
0.7625 100000 100000 0.2625
0.7635 100000 100000 0.2635
0.7645 100000 100000 0.2645
0.7655 100000 100000 0.2655
0.7665 100000 100000 0.2665
0.7675 100000 100000 0.2675
0.7685 100000 100000 0.2685
0.7695 100000 100000 0.2695
0.7705 100000 100000 0.2705
0.7715 100000 100000 0.2715
0.7725 100000 100000 0.2725
0.7735 100000 100000 0.2735
0.7745 100000 100000 0.2745
0.7755 100000 100000 0.2755
0.7765 100000 100000 0.2765
0.7775 100000 100000 0.2775
0.7785 100000 100000 0.2785
0.7795 100000 100000 0.2795
0.7805 100000 100000 0.2805
0.7815 100000 100000 0.2815
0.7825 100000 100000 0.2825
0.7835 100000 100000 0.2835
0.7845 100000 100000 0.2845
0.7855 100000 100000 0.2855
0.7865 100000 100000 0.2865
0.7875 100000 100000 0.2875
0.7885 100000 100000 0.2885
0.7895 100000 100000 0.2895
0.7905 100000 100000 0.2905
0.7915 100000 100000 0.2915
0.7925 100000 100000 0.2925
0.7935 100000 100000 0.2935
0.7945 100000 100000 0.2945
0.7955 100000 100000 0.2955
0.7965 100000 100000 0.2965
0.7975 100000 100000 0.2975
0.7985 100000 100000 0.2985
0.7995 100000 100000 0.2995
0.8005 100000 100000 0.3005
0.8015 100000 100000 0.3015
0.8025 100000 100000 0.3025
0.8035 100000 100000 0.3035
0.8045 100000 100000 0.3045
0.8055 100000 100000 0.3055
0.8065 100000 100000 0.3065
0.8075 100000 100000 0.3075
0.8085 100000 100000 0.3085
0.8095 100000 100000 0.3095
0.8105 100000 100000 0.3105
0.8115 100000 100000 0.3115
0.8125 100000 100000 0.3125
0.8135 100000 100000 0.3135
0.8145 100000 100000 0.3145
0.8155 100000 100000 0.3155
0.8165 100000 100000 0.3165
0.8175 100000 100000 0.3175
0.8185 100000 100000 0.3185
0.8195 100000 100000 0.3195
0.8205 100000 100000 0.3205
0.8215 100000 100000 0.3215
0.8225 100000 100000 0.3225
0.8235 100000 100000 0.3235
0.8245 100000 100000 0.3245
0.8255 100000 100000 0.3255
0.8265 100000 100000 0.3265
0.8275 100000 100000 0.3275
0.8285 100000 100000 0.3285
0.8295 100000 100000 0.3295
0.8305 100000 100000 0.3305
0.8315 100000 100000 0.3315
0.8325 100000 100000 0.3325
0.8335 100000 100000 0.3335
0.8345 100000 100000 0.3345
0.8355 100000 100000 0.3355
0.8365 100000 100000 0.3365
0.8375 100000 100000 0.3375
0.8385 100000 100000 0.3385
0.8395 100000 100000 0.3395
0.8405 100000 100000 0.3405
0.8415 100000 100000 0.3415
0.8425 100000 100000 0.3425
0.8435 100000 100000 0.3435
0.8445 100000 100000 0.3445
0.8455 100000 100000 0.3455
0.8465 100000 100000 0.3465
0.8475 100000 100000 0.3475
0.8485 100000 100000 0.3485
0.8495 100000 100000 0.3495
0.8505 100000 100000 0.3505
0.8515 100000 100000 0.3515
0.8525 100000 100000 0.3525
0.8535 100000 100000 0.3535
0.8545 100000 100000 0.3545
0.8555 100000 100000 0.3555
0.8565 100000 100000 0.3565
0.8575 100000 100000 0.3575
0.8585 100000 100000 0.3585
0.8595 100000 100000 0.3595
0.8605 100000 100000 0.3605
0.8615 100000 100000 0.3615
0.8625 100000 100000 0.3625
0.8635 100000 100000 0.3635
0.8645 100000 100000 0.3645
0.8655 100000 100000 0.3655
0.8665 100000 100000 0.3665
0.8675 100000 100000 0.3675
0.8685 100000 100000 0.3685
0.8695 100000 100000 0.3695
0.8705 100000 100000 0.3705
0.8715 100000 100000 0.3715
0.8725 100000 100000 0.3725
0.8735 100000 100000 0.3735
0.8745 100000 100000 0.3745
0.8755 100000 100000 0.3755
0.8765 100000 100000 0.3765
0.8775 100000 100000 0.3775
0.8785 100000 100000 0.3785
0.8795 100000 100000 0.3795
0.8805 100000 100000 0.3805
0.8815 100000 100000 0.3815
0.8825 100000 100000 0.3825
0.8835 100000 100000 0.3835
0.8845 100000 100000 0.3845
0.8855 100000 100000 0.3855
0.8865 100000 100000 0.3865
0.8875 100000 100000 0.3875
0.8885 100000 100000 0.3885
0.8895 100000 100000 0.3895
0.8905 100000 100000 0.3905
0.8915 100000 100000 0.3915
0.8925 100000 100000 0.3925
0.8935 100000 100000 0.3935
0.8945 100000 100000 0.3945
0.8955 100000 100000 0.3955
0.8965 100000 100000 0.3965
0.8975 100000 100000 0.3975
0.8985 100000 100000 0.3985
0.8995 100000 100000 0.3995
0.9005 100000 100000 0.4005
0.9015 100000 100000 0.4015
0.9025 100000 100000 0.4025
0.9035 100000 100000 0.4035
0.9045 100000 100000 0.4045
0.9055 100000 100000 0.4055
0.9065 100000 100000 0.4065
0.9075 100000 100000 0.4075
0.9085 100000 100000 0.4085
0.9095 100000 100000 0.4095
0.9105 100000 100000 0.4105
0.9115 100000 100000 0.4115
0.9125 100000 100000 0.4125
0.9135 100000 100000 0.4135
0.9145 100000 100000 0.4145
0.9155 100000 100000 0.4155
0.9165 100000 100000 0.4165
0.9175 100000 100000 0.4175
0.9185 100000 100000 0.4185
0.9195 100000 100000 0.4195
0.9205 100000 100000 0.4205
0.9215 100000 100000 0.4215
0.9225 100000 100000 0.4225
0.9235 100000 100000 0.4235
0.9245 100000 100000 0.4245
0.9255 100000 100000 0.4255
0.9265 100000 100000 0.4265
0.9275 100000 100000 0.4275
0.9285 100000 100000 0.4285
0.9295 100000 100000 0.4295
0.9305 100000 100000 0.4305
0.9315 100000 100000 0.4315
0.9325 100000 100000 0.4325
0.9335 100000 100000 0.4335
0.9345 100000 100000 0.4345
0.9355 100000 100000 0.4355
0.9365 100000 100000 0.4365
0.9375 100000 100000 0.4375
0.9385 100000 100000 0.4385
0.9395 100000 100000 0.4395
0.9405 100000 100000 0.4405
0.9415 100000 100000 0.4415
0.9425 100000 100000 0.4425
0.9435 100000 100000 0.4435
0.9445 100000 100000 0.4445
0.9455 100000 100000 0.4455
0.9465 100000 100000 0.4465
0.9475 100000 100000 0.4475
0.9485 100000 100000 0.4485
0.9495 100000 100000 0.4495
0.9505 100000 100000 0.4505
0.9515 100000 100000 0.4515
0.9525 100000 100000 0.4525
0.9535 100000 100000 0.4535
0.9545 100000 100000 0.4545
0.9555 100000 100000 0.4555
0.9565 100000 100000 0.4565
0.9575 100000 100000 0.4575
0.9585 100000 100000 0.4585
0.9595 100000 100000 0.4595
0.9605 100000 100000 0.4605
0.9615 100000 100000 0.4615
0.9625 100000 100000 0.4625
0.9635 100000 100000 0.4635
0.9645 100000 100000 0.4645
0.9655 100000 100000 0.4655
0.9665 100000 100000 0.4665
0.9675 100000 100000 0.4675
0.9685 100000 100000 0.4685
0.9695 100000 100000 0.4695
0.9705 100000 100000 0.4705
0.9715 100000 100000 0.4715
0.9725 100000 100000 0.4725
0.9735 100000 100000 0.4735
0.9745 100000 100000 0.4745
0.9755 100000 100000 0.4755
0.9765 100000 100000 0.4765
0.9775 100000 100000 0.4775
0.9785 100000 100000 0.4785
0.9795 100000 100000 0.4795
0.9805 100000 100000 0.4805
0.9815 100000 100000 0.4815
0.9825 100000 100000 0.4825
0.9835 100000 100000 0.4835
0.9845 100000 100000 0.4845
0.9855 100000 100000 0.4855
0.9865 100000 100000 0.4865
0.9875 100000 100000 0.4875
0.9885 100000 100000 0.4885
0.9895 100000 100000 0.4895
0.9905 100000 100000 0.4905
0.9915 100000 100000 0.4915
0.9925 100000 100000 0.4925
0.9935 100000 100000 0.4935
0.9945 100000 100000 0.4945
0.9955 100000 100000 0.4955
0.9965 100000 100000 0.4965
0.9975 100000 100000 0.4975
0.9985 100000 100000 0.4985
0.9995 100000 100000 0.4995
