0.0005 149995 126607 -0.5285
0.0015 149995 126607 -0.527568
0.0025 149995 126607 -0.526568
0.0035 149995 126607 -0.525568
0.0045 149995 126607 -0.524568
0.0055 149995 126607 -0.523568
0.0065 149995 126607 -0.522568
0.0075 149995 126607 -0.521568
0.0085 149995 126607 -0.520568
0.0095 149995 126607 -0.519568
0.0105 149995 126607 -0.518568
0.0115 149995 126607 -0.517568
0.0125 149996 126607 -0.516568
0.0135 149996 126607 -0.515568
0.0145 149996 126607 -0.514568
0.0155 149996 126607 -0.513568
0.0165 149996 126607 -0.512568
0.0175 149996 126607 -0.511568
0.0185 149996 126607 -0.510568
0.0195 149996 126607 -0.509568
0.0205 149996 126607 -0.508568
0.0215 149996 126607 -0.507568
0.0225 149996 126607 -0.506568
0.0235 149996 126607 -0.505568
0.0245 149996 126607 -0.504568
0.0255 149996 126607 -0.503568
0.0265 149996 126607 -0.502568
0.0275 149996 126607 -0.501568
0.0285 149996 126607 -0.500568
0.0295 149996 126607 -0.499568
0.0305 149996 126607 -0.498568
0.0315 149996 126607 -0.497568
0.0325 149996 126607 -0.496568
0.0335 149996 126607 -0.495568
0.0345 149996 126607 -0.494568
0.0355 149996 126607 -0.493568
0.0365 149996 126607 -0.492568
0.0375 149996 126607 -0.491568
0.0385 149996 126607 -0.490568
0.0395 149996 126607 -0.489568
0.0405 149996 126607 -0.488568
0.0415 149996 126607 -0.487568
0.0425 149996 126607 -0.486568
0.0435 149996 126607 -0.485568
0.0445 149996 126607 -0.484568
0.0455 149996 126607 -0.483568
0.0465 149996 126607 -0.482568
0.0475 149996 126607 -0.481568
0.0485 149996 126607 -0.480568
0.0495 149996 126607 -0.479568
0.0505 149996 126607 -0.478568
0.0515 149996 126607 -0.477568
0.0525 149996 126607 -0.476568
0.0535 149996 126607 -0.475568
0.0545 149996 126607 -0.474568
0.0555 149995 126607 -0.473568
0.0565 149995 126607 -0.472568
0.0575 149995 126607 -0.471568
0.0585 149995 126607 -0.470568
0.0595 149995 126607 -0.469568
0.0605 149995 126607 -0.468568
0.0615 149995 126607 -0.467568
0.0625 149995 126607 -0.466568
0.0635 149995 126607 -0.465568
0.0645 149995 126607 -0.464568
0.0655 149995 126607 -0.463568
0.0665 149995 126607 -0.462568
0.0675 149995 126607 -0.461568
0.0685 149995 126607 -0.460568
0.0695 149995 126607 -0.459568
0.0705 149995 126607 -0.458568
0.0715 149995 126607 -0.457568
0.0725 149995 126607 -0.456568
0.0735 149995 126607 -0.455568
0.0745 149995 126607 -0.454568
0.0755 149995 126607 -0.453568
0.0765 149995 126607 -0.452568
0.0775 149995 126607 -0.451568
0.0785 149995 126607 -0.450568
0.0795 149995 126607 -0.449568
0.0805 149995 126607 -0.448568
0.0815 149995 126607 -0.447568
0.0825 149995 126607 -0.446568
0.0835 149996 126607 -0.445568
0.0845 149996 126607 -0.444568
0.0855 149996 126607 -0.443568
0.0865 149996 126607 -0.442568
0.0875 149996 126607 -0.441568
0.0885 149996 126607 -0.440568
0.0895 149996 126607 -0.439568
0.0905 149996 126607 -0.438568
0.0915 149996 126607 -0.437568
0.0925 149996 126607 -0.436568
0.0935 149996 126607 -0.435568
0.0945 149996 126607 -0.434568
0.0955 149996 126607 -0.433568
0.0965 149996 126607 -0.432568
0.0975 149996 126607 -0.431568
0.0985 149996 126607 -0.430568
0.0995 149996 126607 -0.429568
0.1005 149996 126607 -0.428568
0.1015 149996 126607 -0.427568
0.1025 149996 126607 -0.426568
0.1035 149996 126607 -0.425568
0.1045 149996 126607 -0.424568
0.1055 149996 126607 -0.423568
0.1065 149996 126607 -0.422568
0.1075 149996 126607 -0.421568
0.1085 149996 126607 -0.420568
0.1095 149996 126607 -0.419568
0.1105 149996 126607 -0.418568
0.1115 149996 126607 -0.417568
0.1125 149996 126607 -0.416568
0.1135 149996 126607 -0.415568
0.1145 149996 126607 -0.414568
0.1155 149996 126607 -0.413568
0.1165 149996 126607 -0.412568
0.1175 149996 126607 -0.411568
0.1185 149996 126607 -0.410568
0.1195 149996 126607 -0.409568
0.1205 149996 126607 -0.408568
0.1215 149996 126607 -0.407568
0.1225 149996 126607 -0.406568
0.1235 149996 126607 -0.405568
0.1245 149996 126607 -0.404568
0.1255 149996 126607 -0.403568
0.1265 149996 126607 -0.402568
0.1275 149996 126607 -0.401568
0.1285 149995 126607 -0.400568
0.1295 149995 126607 -0.399568
0.1305 149995 126607 -0.398568
0.1315 149995 126607 -0.397568
0.1325 149995 126607 -0.396568
0.1335 149995 126607 -0.395568
0.1345 149995 126607 -0.394568
0.1355 149995 126607 -0.393568
0.1365 149995 126607 -0.392568
0.1375 149995 126607 -0.391568
0.1385 149995 126607 -0.390568
0.1395 149995 126607 -0.389568
0.1405 149995 126607 -0.388568
0.1415 149995 126607 -0.387568
0.1425 149995 126607 -0.386568
0.1435 149995 126607 -0.385568
0.1445 149995 126607 -0.384568
0.1455 149995 126607 -0.383568
0.1465 149995 126607 -0.382568
0.1475 149995 126607 -0.381568
0.1485 149995 126607 -0.380568
0.1495 149995 126607 -0.379568
0.1505 149995 126607 -0.378568
0.1515 149995 126607 -0.377568
0.1525 149995 126607 -0.376568
0.1535 149995 126607 -0.375568
0.1545 149995 126607 -0.374568
0.1555 149995 126607 -0.373568
0.1565 149995 126607 -0.372568
0.1575 149996 126607 -0.371568
0.1585 149996 126607 -0.370568
0.1595 149996 126607 -0.369568
0.1605 149996 126607 -0.368568
0.1615 149996 126607 -0.367568
0.1625 149996 126607 -0.366568
0.1635 149996 126607 -0.365568
0.1645 149996 126607 -0.364568
0.1655 149996 126607 -0.363568
0.1665 149996 126607 -0.362568
0.1675 149996 126607 -0.361568
0.1685 149996 126607 -0.360568
0.1695 149996 126607 -0.359568
0.1705 149996 126607 -0.358568
0.1715 149996 126607 -0.357568
0.1725 149996 126607 -0.356568
0.1735 149996 126607 -0.355568
0.1745 149996 126607 -0.354568
0.1755 149996 126607 -0.353568
0.1765 149996 126607 -0.352568
0.1775 149996 126607 -0.351568
0.1785 149996 126607 -0.350568
0.1795 149996 126607 -0.349568
0.1805 149996 126607 -0.348568
0.1815 149996 126607 -0.347568
0.1825 149996 126607 -0.346568
0.1835 149996 126607 -0.345568
0.1845 149996 126607 -0.344568
0.1855 149996 126607 -0.343568
0.1865 149996 126607 -0.342568
0.1875 149996 126607 -0.341568
0.1885 149996 126607 -0.340568
0.1895 149996 126607 -0.339568
0.1905 149996 126607 -0.338568
0.1915 149996 126607 -0.337568
0.1925 149996 126607 -0.336568
0.1935 149996 126607 -0.335568
0.1945 149996 126607 -0.334568
0.1955 149996 126607 -0.333568
0.1965 149996 126607 -0.332568
0.1975 149996 126607 -0.331568
0.1985 149996 126607 -0.330568
0.1995 149996 126607 -0.329568
0.2005 149996 126607 -0.328568
0.2015 149996 126607 -0.327568
0.2025 149995 126607 -0.326568
0.2035 149995 126607 -0.325568
0.2045 149995 126607 -0.324568
0.2055 149995 126607 -0.323568
0.2065 149995 126607 -0.322568
0.2075 149995 126607 -0.321568
0.2085 149995 126607 -0.320568
0.2095 149995 126607 -0.319568
0.2105 149995 126607 -0.318568
0.2115 149995 126607 -0.317568
0.2125 149995 126607 -0.316568
0.2135 149995 126607 -0.315568
0.2145 149995 126607 -0.314568
0.2155 149995 126607 -0.313568
0.2165 149995 126607 -0.312568
0.2175 149995 126607 -0.311568
0.2185 149995 126607 -0.310568
0.2195 149995 126607 -0.309568
0.2205 149995 126607 -0.308568
0.2215 149995 126607 -0.307568
0.2225 149995 126607 -0.306568
0.2235 149995 126607 -0.305568
0.2245 149995 126607 -0.304568
0.2255 149995 126607 -0.303568
0.2265 149995 126607 -0.302568
0.2275 149995 126607 -0.301568
0.2285 149995 126607 -0.300568
0.2295 149995 126607 -0.299568
0.2305 149996 126607 -0.298568
0.2315 149996 126607 -0.297568
0.2325 149996 126607 -0.296568
0.2335 149996 126607 -0.295568
0.2345 149996 126607 -0.294568
0.2355 149996 126607 -0.293568
0.2365 149996 126607 -0.292568
0.2375 149996 126607 -0.291568
0.2385 149996 126607 -0.290568
0.2395 149996 126607 -0.289568
0.2405 149996 126607 -0.288568
0.2415 149996 126607 -0.287568
0.2425 149996 126607 -0.286568
0.2435 149996 126607 -0.285568
0.2445 149996 126607 -0.284568
0.2455 149996 126607 -0.283568
0.2465 149996 126607 -0.282568
0.2475 149996 126607 -0.281568
0.2485 149996 126607 -0.280568
0.2495 149996 126607 -0.279568
0.2505 149996 126607 -0.278568
0.2515 149996 126607 -0.277568
0.2525 149996 126607 -0.276568
0.2535 149996 126607 -0.275568
0.2545 149996 126607 -0.274568
0.2555 149996 126607 -0.273568
0.2565 149996 126607 -0.272568
0.2575 149996 126607 -0.271568
0.2585 149996 126607 -0.270568
0.2595 149996 126607 -0.269568
0.2605 149996 126607 -0.268568
0.2615 149996 126607 -0.267568
0.2625 149996 126607 -0.266568
0.2635 149996 126607 -0.265568
0.2645 149996 126607 -0.264568
0.2655 149996 126607 -0.263568
0.2665 149996 126607 -0.262568
0.2675 149996 126607 -0.261568
0.2685 149996 126607 -0.260568
0.2695 149996 126607 -0.259568
0.2705 149996 126607 -0.258568
0.2715 149996 126607 -0.257568
0.2725 149996 126607 -0.256568
0.2735 149996 126607 -0.255568
0.2745 149996 126607 -0.254568
0.2755 149996 126607 -0.253568
0.2765 149995 126607 -0.252568
0.2775 149995 126607 -0.251568
0.2785 149995 126607 -0.250568
0.2795 149995 126607 -0.249568
0.2805 149995 126607 -0.248568
0.2815 149995 126607 -0.247568
0.2825 149995 126607 -0.246568
0.2835 149995 126607 -0.245568
0.2845 149995 126607 -0.244568
0.2855 149995 126607 -0.243568
0.2865 149995 126607 -0.242568
0.2875 149995 126607 -0.241568
0.2885 149995 126607 -0.240568
0.2895 149995 126607 -0.239568
0.2905 149995 126607 -0.238568
0.2915 149995 126607 -0.237568
0.2925 149995 126607 -0.236568
0.2935 149995 126607 -0.235568
0.2945 149995 126607 -0.234568
0.2955 149995 126607 -0.233568
0.2965 149995 126607 -0.232568
0.2975 149995 126607 -0.231568
0.2985 149995 126607 -0.230568
0.2995 149995 126607 -0.229568
0.3005 149995 126607 -0.228568
0.3015 149995 126607 -0.227568
0.3025 149995 126607 -0.226568
0.3035 149996 126607 -0.225568
0.3045 149996 126607 -0.224568
0.3055 149996 126607 -0.223568
0.3065 149996 126607 -0.222568
0.3075 149996 126607 -0.221568
0.3085 149996 126607 -0.220568
0.3095 149996 126607 -0.219568
0.3105 149996 126607 -0.218568
0.3115 149996 126607 -0.217568
0.3125 149996 126607 -0.216568
0.3135 149996 126607 -0.215568
0.3145 149996 126607 -0.214568
0.3155 149996 126607 -0.213568
0.3165 149996 126607 -0.212568
0.3175 149996 126607 -0.211568
0.3185 149996 126607 -0.210568
0.3195 149996 126607 -0.209568
0.3205 149996 126607 -0.208568
0.3215 149996 126607 -0.207568
0.3225 149996 126607 -0.206568
0.3235 149996 126607 -0.205568
0.3245 149996 126607 -0.204568
0.3255 149996 126607 -0.203568
0.3265 149996 126607 -0.202568
0.3275 149996 126607 -0.201568
0.3285 149996 126607 -0.200568
0.3295 149996 126607 -0.199568
0.3305 149996 126607 -0.198568
0.3315 149996 126607 -0.197568
0.3325 149996 126607 -0.196568
0.3335 149996 126607 -0.195568
0.3345 149996 126607 -0.194568
0.3355 149996 126607 -0.193568
0.3365 149996 126607 -0.192568
0.3375 149995 126607 -0.191568
0.3385 149995 126607 -0.190568
0.3395 149995 126607 -0.189568
0.3405 149995 126607 -0.188568
0.3415 149995 126607 -0.187568
0.3425 149995 126607 -0.186568
0.3435 149995 126607 -0.185568
0.3445 149995 126607 -0.184568
0.3455 149995 126607 -0.183568
0.3465 149995 126607 -0.182568
0.3475 149995 126607 -0.181568
0.3485 149995 126607 -0.180568
0.3495 149995 126607 -0.179568
0.3505 149994 126607 -0.178568
0.3515 149994 126607 -0.177568
0.3525 149994 126607 -0.176568
0.3535 149994 126607 -0.175568
0.3545 149993 126607 -0.174568
0.3555 149993 126607 -0.173568
0.3565 149993 126607 -0.172568
0.3575 149992 126607 -0.171568
0.3585 149992 126607 -0.170568
0.3595 149991 126607 -0.169568
0.3605 149991 126607 -0.168568
0.3615 149990 126607 -0.167568
0.3625 149989 126607 -0.166568
0.3635 149988 126607 -0.165568
0.3645 149987 126607 -0.164568
0.3655 149986 126607 -0.163568
0.3665 149985 126607 -0.162568
0.3675 149984 126607 -0.161568
0.3685 149982 126607 -0.160568
0.3695 149980 126607 -0.159568
0.3705 149978 126607 -0.158568
0.3715 149976 126607 -0.157568
0.3725 149974 126607 -0.156568
0.3735 149971 126607 -0.155568
0.3745 149968 126607 -0.154568
0.3755 149964 126607 -0.153568
0.3765 149961 126607 -0.152568
0.3775 149956 126607 -0.151568
0.3785 149951 126607 -0.150568
0.3795 149946 126607 -0.149568
0.3805 149940 126607 -0.148568
0.3815 149933 126607 -0.147568
0.3825 149926 126607 -0.146568
0.3835 149918 126607 -0.145568
0.3845 149908 126607 -0.144568
0.3855 149898 126607 -0.143568
0.3865 149886 126607 -0.142568
0.3875 149873 126607 -0.141568
0.3885 149859 126607 -0.140568
0.3895 149843 126607 -0.139568
0.3905 149826 126607 -0.138568
0.3915 149806 126607 -0.137568
0.3925 149785 126607 -0.136568
0.3935 149761 126607 -0.135568
0.3945 149735 126607 -0.134568
0.3955 149706 126607 -0.133568
0.3965 149674 126607 -0.132568
0.3975 149639 126607 -0.131568
0.3985 149601 126607 -0.130568
0.3995 149559 126607 -0.129568
0.4005 149513 126607 -0.128568
0.4015 149463 126607 -0.127568
0.4025 149408 126607 -0.126568
0.4035 149348 126607 -0.125568
0.4045 149282 126607 -0.124569
0.4055 149211 126607 -0.123569
0.4065 149132 126607 -0.122569
0.4075 149047 126607 -0.121569
0.4085 148955 126607 -0.120569
0.4095 148854 126607 -0.119569
0.4105 148744 126607 -0.118569
0.4115 148625 126607 -0.117569
0.4125 148496 126607 -0.116569
0.4135 148356 126607 -0.11557
0.4145 148204 126607 -0.11457
0.4155 148040 126607 -0.11357
0.4165 147863 126607 -0.11257
0.4175 147672 126607 -0.11157
0.4185 147466 126607 -0.110571
0.4195 147244 126607 -0.109571
0.4205 147007 126607 -0.108571
0.4215 146751 126607 -0.107571
0.4225 146478 126607 -0.106572
0.4235 146186 126607 -0.105572
0.4245 145874 126607 -0.104572
0.4255 145542 126607 -0.103573
0.4265 145189 126607 -0.102573
0.4275 144815 126607 -0.101574
0.4285 144418 126607 -0.100574
0.4295 144000 126607 -0.0995746
0.4305 143559 126607 -0.0985752
0.4315 143095 126607 -0.0975757
0.4325 142609 126607 -0.0965763
0.4335 142101 126607 -0.0955769
0.4345 141571 126607 -0.0945775
0.4355 141019 126607 -0.0935782
0.4365 140447 126607 -0.0925789
0.4375 139854 126607 -0.0915796
0.4385 139242 126607 -0.0905803
0.4395 138612 126607 -0.0895811
0.4405 137965 126607 -0.0885819
0.4415 137301 126607 -0.0875827
0.4425 136623 126607 -0.0865835
0.4435 135930 126607 -0.0855844
0.4445 135225 126607 -0.0845853
0.4455 134509 126607 -0.0835862
0.4465 133782 126607 -0.0825871
0.4475 133048 126607 -0.081588
0.4485 132304 126607 -0.080589
0.4495 131562 126607 -0.0795899
0.4505 130849 126607 -0.0785908
0.4515 130187 126607 -0.0775917
0.4525 129588 126607 -0.0765925
0.4535 129059 126607 -0.0755932
0.4545 128599 126607 -0.0745938
0.4555 128204 126607 -0.0735943
0.4565 127867 126607 -0.0725948
0.4575 127582 126607 -0.0715952
0.4585 127342 126607 -0.0705955
0.4595 127141 126607 -0.0695958
0.4605 126974 126607 -0.068596
0.4615 126836 126607 -0.0675962
0.4625 126722 126607 -0.0665963
0.4635 126631 126607 -0.0655965
0.4645 126557 126607 -0.0645966
0.4655 126501 126607 -0.0635966
0.4665 126459 126607 -0.0625967
0.4675 126429 126607 -0.0615967
0.4685 126410 126607 -0.0605968
0.4695 126399 126607 -0.0595968
0.4705 126394 126590 -0.0585968
0.4715 126391 126549 -0.0575968
0.4725 126390 126530 -0.0565968
0.4735 126388 126538 -0.0555968
0.4745 126387 126548 -0.0545968
0.4755 126387 126554 -0.0535968
0.4765 126389 126557 -0.0525968
0.4775 126394 126558 -0.0515968
0.4785 126402 126559 -0.0505968
0.4795 126413 126561 -0.0495968
0.4805 126426 126564 -0.0485968
0.4815 126439 126566 -0.0475967
0.4825 126452 126568 -0.0465967
0.4835 126465 126569 -0.0455967
0.4845 126476 126571 -0.0445967
0.4855 126487 126572 -0.0435967
0.4865 126496 126574 -0.0425967
0.4875 126505 126575 -0.0415966
0.4885 126512 126577 -0.0405966
0.4895 126519 126578 -0.0395966
0.4905 126525 126580 -0.0385966
0.4915 126530 126581 -0.0375966
0.4925 126536 126582 -0.0365966
0.4935 126541 126584 -0.0355966
0.4945 126547 126585 -0.0345966
0.4955 126553 126586 -0.0335966
0.4965 126559 126587 -0.0325966
0.4975 126563 126589 -0.0315966
0.4985 126568 126590 -0.0305966
0.4995 126571 126591 -0.0295966
0.5005 126574 126592 -0.0285966
0.5015 126576 126593 -0.0275965
0.5025 126578 126595 -0.0265965
0.5035 126580 126596 -0.0255965
0.5045 126582 126597 -0.0245965
0.5055 126583 126598 -0.0235965
0.5065 126585 126599 -0.0225965
0.5075 126587 126600 -0.0215965
0.5085 126588 126601 -0.0205965
0.5095 126590 126603 -0.0195965
0.5105 126591 126604 -0.0185965
0.5115 126592 126605 -0.0175965
0.5125 126594 126606 -0.0165965
0.5135 126595 126607 -0.0155965
0.5145 126596 126608 -0.0145965
0.5155 126597 126609 -0.0135965
0.5165 126598 126610 -0.0125965
0.5175 126599 126611 -0.0115965
0.5185 126600 126612 -0.0105965
0.5195 126601 126613 -0.00959652
0.5205 126602 126614 -0.00859651
0.5215 126603 126615 -0.00759651
0.5225 126603 126617 -0.00659651
0.5235 126604 126618 -0.00559651
0.5245 126605 126619 -0.00459651
0.5255 126605 126620 -0.00359651
0.5265 126606 126621 -0.00259651
0.5275 126606 126622 -0.00159651
0.5285 126606 126623 -0.00101683
0.5295 126607 126624 4.83608e-06
0.5305 126607 126625 0.00136566
0.5315 126607 126626 0.00240345
0.5325 126607 126626 0.00340345
0.5335 126607 126627 0.00440345
0.5345 126607 126628 0.00540345
0.5355 126607 126629 0.00640345
0.5365 126607 126630 0.00740345
0.5375 126607 126630 0.00840345
0.5385 126607 126631 0.00940345
0.5395 126607 126632 0.0104034
0.5405 126607 126632 0.0114034
0.5415 126607 126633 0.0124034
0.5425 126607 126633 0.0134034
0.5435 126607 126634 0.0144034
0.5445 126607 126634 0.0154034
0.5455 126607 126635 0.0164034
0.5465 126607 126635 0.0174034
0.5475 126607 126636 0.0184034
0.5485 126607 126636 0.0194034
0.5495 126607 126637 0.0204034
0.5505 126607 126638 0.0214034
0.5515 126607 126638 0.0224034
0.5525 126607 126639 0.0234034
0.5535 126607 126639 0.0244034
0.5545 126607 126640 0.0254034
0.5555 126607 126641 0.0264034
0.5565 126607 126641 0.0274034
0.5575 126607 126642 0.0284034
0.5585 126607 126642 0.0294034
0.5595 126607 126643 0.0304034
0.5605 126607 126644 0.0314034
0.5615 126607 126644 0.0324034
0.5625 126607 126645 0.0334034
0.5635 126607 126646 0.0344034
0.5645 126607 126647 0.0354034
0.5655 126607 126648 0.0364034
0.5665 126607 126648 0.0374034
0.5675 126607 126649 0.0384034
0.5685 126607 126650 0.0394034
0.5695 126607 126651 0.0404034
0.5705 126607 126652 0.0414034
0.5715 126607 126652 0.0424034
0.5725 126607 126653 0.0434034
0.5735 126607 126654 0.0444034
0.5745 126607 126655 0.0454034
0.5755 126607 126656 0.0464034
0.5765 126607 126657 0.0474034
0.5775 126607 126658 0.0484034
0.5785 126607 126659 0.0494034
0.5795 126607 126660 0.0504033
0.5805 126607 126661 0.0514033
0.5815 126607 126661 0.0524033
0.5825 126607 126663 0.0534033
0.5835 126607 126664 0.0544033
0.5845 126607 126665 0.0554033
0.5855 126607 126666 0.0564033
0.5865 126607 126667 0.0574033
0.5875 126607 126668 0.0584033
0.5885 126607 126669 0.0594033
0.5895 126607 126671 0.0604033
0.5905 126607 126672 0.0614033
0.5915 126607 126673 0.0624033
0.5925 126607 126674 0.0634033
0.5935 126607 126675 0.0644033
0.5945 126607 126677 0.0654033
0.5955 126607 126678 0.0664033
0.5965 126607 126679 0.0674033
0.5975 126607 126681 0.0684033
0.5985 126607 126682 0.0694033
0.5995 126607 126683 0.0704033
0.6005 126607 126685 0.0714033
0.6015 126607 126686 0.0724033
0.6025 126607 126687 0.0734033
0.6035 126607 126689 0.0744033
0.6045 126607 126690 0.0754032
0.6055 126607 126691 0.0764032
0.6065 126607 126693 0.0774032
0.6075 126607 126694 0.0784032
0.6085 126607 126696 0.0794032
0.6095 126607 126697 0.0804032
0.6105 126607 126699 0.0814032
0.6115 126607 126700 0.0824032
0.6125 126607 126701 0.0834032
0.6135 126607 126703 0.0844032
0.6145 126607 126704 0.0854032
0.6155 126607 126706 0.0864032
0.6165 126607 126707 0.0874032
0.6175 126607 126708 0.0884032
0.6185 126607 126710 0.0894032
0.6195 126607 126711 0.0904032
0.6205 126607 126713 0.0914032
0.6215 126607 126714 0.0924032
0.6225 126607 126716 0.0934032
0.6235 126607 126717 0.0944032
0.6245 126607 126719 0.0954032
0.6255 126607 126721 0.0964031
0.6265 126607 126722 0.0974031
0.6275 126607 126724 0.0984031
0.6285 126607 126725 0.0994031
0.6295 126607 126727 0.100403
0.6305 126607 126729 0.101403
0.6315 126607 126731 0.102403
0.6325 126607 126733 0.103403
0.6335 126607 126735 0.104403
0.6345 126607 126737 0.105403
0.6355 126607 126739 0.106403
0.6365 126607 126741 0.107403
0.6375 126607 126744 0.108403
0.6385 126607 126745 0.109403
0.6395 126607 126748 0.110403
0.6405 126607 126750 0.111403
0.6415 126607 126753 0.112403
0.6425 126607 126756 0.113403
0.6435 126607 126759 0.114403
0.6445 126607 126761 0.115403
0.6455 126607 126765 0.116403
0.6465 126607 126768 0.117403
0.6475 126607 126771 0.118403
0.6485 126607 126775 0.119403
0.6495 126607 126778 0.120403
0.6505 126607 126783 0.121403
0.6515 126607 126786 0.122403
0.6525 126607 126791 0.123403
0.6535 126607 126795 0.124403
0.6545 126607 126800 0.125403
0.6555 126607 126805 0.126403
0.6565 126607 126811 0.127403
0.6575 126607 126815 0.128403
0.6585 126607 126822 0.129403
0.6595 126607 126827 0.130403
0.6605 126607 126834 0.131403
0.6615 126607 126840 0.132403
0.6625 126607 126845 0.133403
0.6635 126607 126853 0.134403
0.6645 126607 126859 0.135403
0.6655 126607 126867 0.136403
0.6665 126607 126873 0.137403
0.6675 126607 126882 0.138403
0.6685 126607 126889 0.139403
0.6695 126607 126898 0.140403
0.6705 126607 126905 0.141403
0.6715 126607 126914 0.142402
0.6725 126607 126922 0.143402
0.6735 126607 126931 0.144402
0.6745 126607 126939 0.145402
0.6755 126607 126949 0.146402
0.6765 126607 126957 0.147402
0.6775 126607 126968 0.148402
0.6785 126607 126976 0.149402
0.6795 126607 126987 0.150402
0.6805 126607 126996 0.151402
0.6815 126607 127007 0.152402
0.6825 126607 127016 0.153402
0.6835 126607 127028 0.154402
0.6845 126607 127037 0.155402
0.6855 126607 127048 0.156402
0.6865 126607 127057 0.157402
0.6875 126607 127069 0.158402
0.6885 126607 127079 0.159402
0.6895 126607 127089 0.160402
0.6905 126607 127101 0.161402
0.6915 126607 127111 0.162402
0.6925 126607 127123 0.163402
0.6935 126607 127133 0.164402
0.6945 126607 127146 0.165402
0.6955 126607 127157 0.166402
0.6965 126607 127170 0.167402
0.6975 126607 127181 0.168402
0.6985 126607 127194 0.169402
0.6995 126607 127205 0.170402
0.7005 126607 127218 0.171401
0.7015 126607 127229 0.172401
0.7025 126607 127243 0.173401
0.7035 126607 127255 0.174401
0.7045 126607 127269 0.175401
0.7055 126607 127281 0.176401
0.7065 126607 127296 0.177401
0.7075 126607 127308 0.178401
0.7085 126607 127324 0.179401
0.7095 126607 127336 0.180401
0.7105 126607 127352 0.181401
0.7115 126607 127364 0.182401
0.7125 126607 127381 0.183401
0.7135 126607 127395 0.184401
0.7145 126607 127409 0.185401
0.7155 126607 127424 0.186401
0.7165 126607 127437 0.187401
0.7175 126607 127453 0.188401
0.7185 126607 127466 0.189401
0.7195 126607 127481 0.190401
0.7205 126607 127493 0.191401
0.7215 126607 127508 0.192401
0.7225 126607 127520 0.1934
0.7235 126607 127534 0.1944
0.7245 126607 127546 0.1954
0.7255 126607 127559 0.1964
0.7265 126607 127566 0.1974
0.7275 126607 127569 0.1984
0.7285 126607 127570 0.1994
0.7295 126607 127570 0.2004
0.7305 126607 127570 0.2014
0.7315 126607 127568 0.2024
0.7325 126607 127565 0.2034
0.7335 126607 127560 0.2044
0.7345 126607 127551 0.2054
0.7355 126607 127537 0.206401
0.7365 126607 127516 0.207401
0.7375 126607 127483 0.208401
0.7385 126607 127428 0.209401
0.7395 126607 127333 0.210402
0.7405 126607 127153 0.211403
0.7415 126607 126790 0.212405
0.7425 126607 126033 0.213409
0.7435 126607 124428 0.214418
0.7445 126607 121157 0.215436
0.7455 126607 114910 0.216471
0.7465 126607 105095 0.217495
0.7475 126607 100781 0.218499
0.7485 126607 100092 0.2195
0.7495 126607 100010 0.2205
0.7505 126607 100001 0.2215
0.7515 126607 100000 0.2225
0.7525 126607 100000 0.2235
0.7535 126607 100000 0.2245
0.7545 126607 100000 0.2255
0.7555 126607 100000 0.2265
0.7565 126607 100000 0.2275
0.7575 126607 100000 0.2285
0.7585 126607 100000 0.2295
0.7595 126607 100000 0.2305
0.7605 126607 100000 0.2315
0.7615 126607 100000 0.2325
0.7625 126607 100000 0.2335
0.7635 126607 100000 0.2345
0.7645 126607 100000 0.2355
0.7655 126607 100000 0.2365
0.7665 126607 100000 0.2375
0.7675 126607 100000 0.2385
0.7685 126607 100000 0.2395
0.7695 126607 100000 0.2405
0.7705 126607 100000 0.2415
0.7715 126607 100000 0.2425
0.7725 126607 100000 0.2435
0.7735 126607 100000 0.2445
0.7745 126607 100000 0.2455
0.7755 126607 100000 0.2465
0.7765 126607 100000 0.2475
0.7775 126607 100000 0.2485
0.7785 126607 100000 0.2495
0.7795 126607 100000 0.2505
0.7805 126607 100000 0.2515
0.7815 126607 100000 0.2525
0.7825 126607 100000 0.2535
0.7835 126607 100000 0.2545
0.7845 126607 100000 0.2555
0.7855 126607 100000 0.2565
0.7865 126607 100000 0.2575
0.7875 126607 100000 0.2585
0.7885 126607 100000 0.2595
0.7895 126607 100000 0.2605
0.7905 126607 100000 0.2615
0.7915 126607 100000 0.2625
0.7925 126607 100000 0.2635
0.7935 126607 100000 0.2645
0.7945 126607 100000 0.2655
0.7955 126607 100000 0.2665
0.7965 126607 100000 0.2675
0.7975 126607 100000 0.2685
0.7985 126607 100000 0.2695
0.7995 126607 100000 0.2705
0.8005 126607 100000 0.2715
0.8015 126607 100000 0.2725
0.8025 126607 100000 0.2735
0.8035 126607 100000 0.2745
0.8045 126607 100000 0.2755
0.8055 126607 100000 0.2765
0.8065 126607 100000 0.2775
0.8075 126607 100000 0.2785
0.8085 126607 100000 0.2795
0.8095 126607 100000 0.2805
0.8105 126607 100000 0.2815
0.8115 126607 100000 0.2825
0.8125 126607 100000 0.2835
0.8135 126607 100000 0.2845
0.8145 126607 100000 0.2855
0.8155 126607 100000 0.2865
0.8165 126607 100000 0.2875
0.8175 126607 100000 0.2885
0.8185 126607 100000 0.2895
0.8195 126607 100000 0.2905
0.8205 126607 100000 0.2915
0.8215 126607 100000 0.2925
0.8225 126607 100000 0.2935
0.8235 126607 100000 0.2945
0.8245 126607 100000 0.2955
0.8255 126607 100000 0.2965
0.8265 126607 100000 0.2975
0.8275 126607 100000 0.2985
0.8285 126607 100000 0.2995
0.8295 126607 100000 0.3005
0.8305 126607 100000 0.3015
0.8315 126607 100000 0.3025
0.8325 126607 100000 0.3035
0.8335 126607 100000 0.3045
0.8345 126607 100000 0.3055
0.8355 126607 100000 0.3065
0.8365 126607 100000 0.3075
0.8375 126607 100000 0.3085
0.8385 126607 100000 0.3095
0.8395 126607 100000 0.3105
0.8405 126607 100000 0.3115
0.8415 126607 100000 0.3125
0.8425 126607 100000 0.3135
0.8435 126607 100000 0.3145
0.8445 126607 100000 0.3155
0.8455 126607 100000 0.3165
0.8465 126607 100000 0.3175
0.8475 126607 100000 0.3185
0.8485 126607 100000 0.3195
0.8495 126607 100000 0.3205
0.8505 126607 100000 0.3215
0.8515 126607 100000 0.3225
0.8525 126607 100000 0.3235
0.8535 126607 100000 0.3245
0.8545 126607 100000 0.3255
0.8555 126607 100000 0.3265
0.8565 126607 100000 0.3275
0.8575 126607 100000 0.3285
0.8585 126607 100000 0.3295
0.8595 126607 100000 0.3305
0.8605 126607 100000 0.3315
0.8615 126607 100000 0.3325
0.8625 126607 100000 0.3335
0.8635 126607 100000 0.3345
0.8645 126607 100000 0.3355
0.8655 126607 100000 0.3365
0.8665 126607 100000 0.3375
0.8675 126607 100000 0.3385
0.8685 126607 100000 0.3395
0.8695 126607 100000 0.3405
0.8705 126607 100000 0.3415
0.8715 126607 100000 0.3425
0.8725 126607 100000 0.3435
0.8735 126607 100000 0.3445
0.8745 126607 100000 0.3455
0.8755 126607 100000 0.3465
0.8765 126607 100000 0.3475
0.8775 126607 100000 0.3485
0.8785 126607 100000 0.3495
0.8795 126607 100000 0.3505
0.8805 126607 100000 0.3515
0.8815 126607 100000 0.3525
0.8825 126607 100000 0.3535
0.8835 126607 100000 0.3545
0.8845 126607 100000 0.3555
0.8855 126607 100000 0.3565
0.8865 126607 100000 0.3575
0.8875 126607 100000 0.3585
0.8885 126607 100000 0.3595
0.8895 126607 100000 0.3605
0.8905 126607 100000 0.3615
0.8915 126607 100000 0.3625
0.8925 126607 100000 0.3635
0.8935 126607 100000 0.3645
0.8945 126607 100000 0.3655
0.8955 126607 100000 0.3665
0.8965 126607 100000 0.3675
0.8975 126607 100000 0.3685
0.8985 126607 100000 0.3695
0.8995 126607 100000 0.3705
0.9005 126607 100000 0.3715
0.9015 126607 100000 0.3725
0.9025 126607 100000 0.3735
0.9035 126607 100000 0.3745
0.9045 126607 100000 0.3755
0.9055 126607 100000 0.3765
0.9065 126607 100000 0.3775
0.9075 126607 100000 0.3785
0.9085 126607 100000 0.3795
0.9095 126607 100000 0.3805
0.9105 126607 100000 0.3815
0.9115 126607 100000 0.3825
0.9125 126607 100000 0.3835
0.9135 126607 100000 0.3845
0.9145 126607 100000 0.3855
0.9155 126607 100000 0.3865
0.9165 126607 100000 0.3875
0.9175 126607 100000 0.3885
0.9185 126607 100000 0.3895
0.9195 126607 100000 0.3905
0.9205 126607 100000 0.3915
0.9215 126607 100000 0.3925
0.9225 126607 100000 0.3935
0.9235 126607 100000 0.3945
0.9245 126607 100000 0.3955
0.9255 126607 100000 0.3965
0.9265 126607 100000 0.3975
0.9275 126607 100000 0.3985
0.9285 126607 100000 0.3995
0.9295 126607 100000 0.4005
0.9305 126607 100000 0.4015
0.9315 126607 100000 0.4025
0.9325 126607 100000 0.4035
0.9335 126607 100000 0.4045
0.9345 126607 100000 0.4055
0.9355 126607 100000 0.4065
0.9365 126607 100000 0.4075
0.9375 126607 100000 0.4085
0.9385 126607 100000 0.4095
0.9395 126607 100000 0.4105
0.9405 126607 100000 0.4115
0.9415 126607 100000 0.4125
0.9425 126607 100000 0.4135
0.9435 126607 100000 0.4145
0.9445 126607 100000 0.4155
0.9455 126607 100000 0.4165
0.9465 126607 100000 0.4175
0.9475 126607 100000 0.4185
0.9485 126607 100000 0.4195
0.9495 126607 100000 0.4205
0.9505 126607 100000 0.4215
0.9515 126607 100000 0.4225
0.9525 126607 100000 0.4235
0.9535 126607 100000 0.4245
0.9545 126607 100000 0.4255
0.9555 126607 100000 0.4265
0.9565 126607 100000 0.4275
0.9575 126607 100000 0.4285
0.9585 126607 100000 0.4295
0.9595 126607 100000 0.4305
0.9605 126607 100000 0.4315
0.9615 126607 100000 0.4325
0.9625 126607 100000 0.4335
0.9635 126607 100000 0.4345
0.9645 126607 100000 0.4355
0.9655 126607 100000 0.4365
0.9665 126607 100000 0.4375
0.9675 126607 100000 0.4385
0.9685 126607 100000 0.4395
0.9695 126607 100000 0.4405
0.9705 126607 100000 0.4415
0.9715 126607 100000 0.4425
0.9725 126607 100000 0.4435
0.9735 126607 100000 0.4445
0.9745 126607 100000 0.4455
0.9755 126607 100000 0.4465
0.9765 126607 100000 0.4475
0.9775 126607 100000 0.4485
0.9785 126607 100000 0.4495
0.9795 126607 100000 0.4505
0.9805 126607 100000 0.4515
0.9815 126607 100000 0.4525
0.9825 126607 100000 0.4535
0.9835 126607 100000 0.4545
0.9845 126607 100000 0.4555
0.9855 126607 100000 0.4565
0.9865 126607 100000 0.4575
0.9875 126607 100000 0.4585
0.9885 126607 100000 0.4595
0.9895 126607 100000 0.4605
0.9905 126607 100000 0.4615
0.9915 126607 100000 0.4625
0.9925 126607 100000 0.4635
0.9935 126607 100000 0.4645
0.9945 126607 100000 0.4655
0.9955 126607 100000 0.4665
0.9965 126607 100000 0.4675
0.9975 126607 100000 0.4685
0.9985 126607 100000 0.4695
0.9995 126607 100000 0.4705
