0.005 0
0.015 0
0.025 0
0.035 0
0.045 0
0.055 0.2777
0.065 0.972145
0.075 1.66659
0.085 2.36103
0.095 3.05548
0.105 3.74992
0.115 4.44437
0.125 5.13881
0.135 5.83326
0.145 6.5277
0.155 7.22214
0.165 7.91659
0.175 8.61103
0.185 9.30548
0.195 9.99992
0.205 10.6944
0.215 11.3888
0.225 12.0833
0.235 12.7777
0.245 13.4721
0.255 14.1666
0.265 14.861
0.275 15.5555
0.285 16.2499
0.295 16.9444
0.305 17.6388
0.315 18.3333
0.325 19.0277
0.335 19.5975
0.345 19.5975
0.355 19.5975
0.365 19.5975
0.375 19.5975
0.385 19.5975
0.395 19.5975
0.405 19.5975
0.415 19.5975
0.425 19.5975
0.435 19.5975
0.445 19.5975
0.455 19.5975
0.465 19.5975
0.475 19.5975
0.485 19.5975
0.495 19.5975
0.505 19.5975
0.515 19.5975
0.525 19.5975
0.535 19.5975
0.545 19.5975
0.555 19.5975
0.565 19.5975
0.575 19.5975
0.585 19.5975
0.595 19.5975
0.605 19.5975
0.615 19.5975
0.625 19.5975
0.635 19.5975
0.645 19.5975
0.655 19.5975
0.665 19.5975
0.675 19.5975
0.685 19.5975
0.695 19.5975
0.705 19.5975
0.715 19.5975
0.725 19.5975
0.735 19.5975
0.745 19.5975
0.755 19.5975
0.765 19.5975
0.775 19.5975
0.785 0
0.795 0
0.805 0
0.815 0
0.825 0
0.835 0
0.845 0
0.855 0
0.865 0
0.875 0
0.885 0
0.895 0
0.905 0
0.915 0
0.925 0
0.935 0
0.945 0
0.955 0
0.965 0
0.975 0
0.985 0
0.995 0
