0.001 -2
0.003 -2
0.005 -2
0.007 -2
0.009 -2
0.011 -2
0.013 -2
0.015 -2
0.017 -2
0.019 -2
0.021 -2
0.023 -2
0.025 -2
0.027 -2
0.029 -2
0.031 -2
0.033 -2
0.035 -2
0.037 -2
0.039 -2
0.041 -2
0.043 -2
0.045 -2
0.047 -2
0.049 -2
0.051 -2
0.053 -2
0.055 -2
0.057 -2
0.059 -2
0.061 -2
0.063 -2
0.065 -2
0.067 -2
0.069 -2
0.071 -2
0.073 -2
0.075 -2
0.077 -2
0.079 -2
0.081 -2
0.083 -2
0.085 -2
0.087 -2
0.089 -1.99306
0.091 -1.98195
0.093 -1.97083
0.095 -1.95972
0.097 -1.94861
0.099 -1.9375
0.101 -1.92639
0.103 -1.91528
0.105 -1.90417
0.107 -1.89306
0.109 -1.88195
0.111 -1.87083
0.113 -1.85972
0.115 -1.84861
0.117 -1.8375
0.119 -1.82639
0.121 -1.81528
0.123 -1.80417
0.125 -1.79306
0.127 -1.78195
0.129 -1.77083
0.131 -1.75972
0.133 -1.74861
0.135 -1.7375
0.137 -1.72639
0.139 -1.71528
0.141 -1.70417
0.143 -1.69306
0.145 -1.68195
0.147 -1.67083
0.149 -1.65972
0.151 -1.64861
0.153 -1.6375
0.155 -1.62639
0.157 -1.61528
0.159 -1.60417
0.161 -1.59306
0.163 -1.58195
0.165 -1.57083
0.167 -1.55972
0.169 -1.54861
0.171 -1.5375
0.173 -1.52639
0.175 -1.51528
0.177 -1.50417
0.179 -1.49306
0.181 -1.48195
0.183 -1.47083
0.185 -1.45972
0.187 -1.44861
0.189 -1.4375
0.191 -1.42639
0.193 -1.41528
0.195 -1.40417
0.197 -1.39306
0.199 -1.38195
0.201 -1.37083
0.203 -1.35972
0.205 -1.34861
0.207 -1.3375
0.209 -1.32639
0.211 -1.31528
0.213 -1.30417
0.215 -1.29306
0.217 -1.28195
0.219 -1.27083
0.221 -1.25972
0.223 -1.24861
0.225 -1.2375
0.227 -1.22639
0.229 -1.21528
0.231 -1.20417
0.233 -1.19306
0.235 -1.18195
0.237 -1.17083
0.239 -1.15972
0.241 -1.14861
0.243 -1.1375
0.245 -1.12639
0.247 -1.11528
0.249 -1.10417
0.251 -1.09306
0.253 -1.08195
0.255 -1.07083
0.257 -1.05972
0.259 -1.04861
0.261 -1.0375
0.263 -1.02639
0.265 -1.01528
0.267 -1.00417
0.269 -0.993057
0.271 -0.981946
0.273 -0.970835
0.275 -0.959724
0.277 -0.948613
0.279 -0.937502
0.281 -0.92639
0.283 -0.915279
0.285 -0.904168
0.287 -0.893057
0.289 -0.881946
0.291 -0.870835
0.293 -0.859724
0.295 -0.848613
0.297 -0.837502
0.299 -0.82639
0.301 -0.815279
0.303 -0.804168
0.305 -0.793057
0.307 -0.781946
0.309 -0.770835
0.311 -0.759724
0.313 -0.748613
0.315 -0.737502
0.317 -0.72639
0.319 -0.715279
0.321 -0.704168
0.323 -0.693057
0.325 -0.681946
0.327 -0.670835
0.329 -0.659724
0.331 -0.648613
0.333 -0.637502
0.335 -0.62639
0.337 -0.615279
0.339 -0.604168
0.341 -0.593057
0.343 -0.581946
0.345 -0.570835
0.347 -0.559724
0.349 -0.548613
0.351 -0.537502
0.353 -0.52639
0.355 -0.515279
0.357 -0.504168
0.359 -0.493057
0.361 -0.481946
0.363 -0.470835
0.365 -0.459724
0.367 -0.448613
0.369 -0.437502
0.371 -0.42639
0.373 -0.415279
0.375 -0.404168
0.377 -0.393057
0.379 -0.381946
0.381 -0.370835
0.383 -0.359724
0.385 -0.348613
0.387 -0.337502
0.389 -0.32639
0.391 -0.315279
0.393 -0.304168
0.395 -0.293057
0.397 -0.281946
0.399 -0.270835
0.401 -0.259724
0.403 -0.248613
0.405 -0.237502
0.407 -0.22639
0.409 -0.215279
0.411 -0.204168
0.413 -0.193057
0.415 -0.181946
0.417 -0.170835
0.419 -0.159724
0.421 -0.148613
0.423 -0.137502
0.425 -0.12639
0.427 -0.115279
0.429 -0.104168
0.431 -0.0930571
0.433 -0.081946
0.435 -0.0708349
0.437 -0.0597238
0.439 -0.0486127
0.441 -0.0375015
0.443 -0.0263904
0.445 -0.0152793
0.447 -0.00416821
0.449 -2.22045e-16
0.451 -2.22045e-16
0.453 -2.22045e-16
0.455 -2.22045e-16
0.457 -2.22045e-16
0.459 -2.22045e-16
0.461 -2.22045e-16
0.463 -2.22045e-16
0.465 -2.22045e-16
0.467 -2.22045e-16
0.469 -2.22045e-16
0.471 -2.22045e-16
0.473 -2.22045e-16
0.475 -2.22045e-16
0.477 -2.22045e-16
0.479 -2.22045e-16
0.481 -2.22045e-16
0.483 -2.22045e-16
0.485 -2.22045e-16
0.487 -2.22045e-16
0.489 -2.22045e-16
0.491 -2.22045e-16
0.493 -2.22045e-16
0.495 -2.22045e-16
0.497 -2.22045e-16
0.499 -2.22045e-16
0.501 2.22045e-16
0.503 2.22045e-16
0.505 2.22045e-16
0.507 2.22045e-16
0.509 2.22045e-16
0.511 2.22045e-16
0.513 2.22045e-16
0.515 2.22045e-16
0.517 2.22045e-16
0.519 2.22045e-16
0.521 2.22045e-16
0.523 2.22045e-16
0.525 2.22045e-16
0.527 2.22045e-16
0.529 2.22045e-16
0.531 2.22045e-16
0.533 2.22045e-16
0.535 2.22045e-16
0.537 2.22045e-16
0.539 2.22045e-16
0.541 2.22045e-16
0.543 2.22045e-16
0.545 2.22045e-16
0.547 2.22045e-16
0.549 2.22045e-16
0.551 2.22045e-16
0.553 0.00416821
0.555 0.0152793
0.557 0.0263904
0.559 0.0375015
0.561 0.0486127
0.563 0.0597238
0.565 0.0708349
0.567 0.081946
0.569 0.0930571
0.571 0.104168
0.573 0.115279
0.575 0.12639
0.577 0.137502
0.579 0.148613
0.581 0.159724
0.583 0.170835
0.585 0.181946
0.587 0.193057
0.589 0.204168
0.591 0.215279
0.593 0.22639
0.595 0.237502
0.597 0.248613
0.599 0.259724
0.601 0.270835
0.603 0.281946
0.605 0.293057
0.607 0.304168
0.609 0.315279
0.611 0.32639
0.613 0.337502
0.615 0.348613
0.617 0.359724
0.619 0.370835
0.621 0.381946
0.623 0.393057
0.625 0.404168
0.627 0.415279
0.629 0.42639
0.631 0.437502
0.633 0.448613
0.635 0.459724
0.637 0.470835
0.639 0.481946
0.641 0.493057
0.643 0.504168
0.645 0.515279
0.647 0.52639
0.649 0.537502
0.651 0.548613
0.653 0.559724
0.655 0.570835
0.657 0.581946
0.659 0.593057
0.661 0.604168
0.663 0.615279
0.665 0.62639
0.667 0.637502
0.669 0.648613
0.671 0.659724
0.673 0.670835
0.675 0.681946
0.677 0.693057
0.679 0.704168
0.681 0.715279
0.683 0.72639
0.685 0.737502
0.687 0.748613
0.689 0.759724
0.691 0.770835
0.693 0.781946
0.695 0.793057
0.697 0.804168
0.699 0.815279
0.701 0.82639
0.703 0.837502
0.705 0.848613
0.707 0.859724
0.709 0.870835
0.711 0.881946
0.713 0.893057
0.715 0.904168
0.717 0.915279
0.719 0.92639
0.721 0.937502
0.723 0.948613
0.725 0.959724
0.727 0.970835
0.729 0.981946
0.731 0.993057
0.733 1.00417
0.735 1.01528
0.737 1.02639
0.739 1.0375
0.741 1.04861
0.743 1.05972
0.745 1.07083
0.747 1.08195
0.749 1.09306
0.751 1.10417
0.753 1.11528
0.755 1.12639
0.757 1.1375
0.759 1.14861
0.761 1.15972
0.763 1.17083
0.765 1.18195
0.767 1.19306
0.769 1.20417
0.771 1.21528
0.773 1.22639
0.775 1.2375
0.777 1.24861
0.779 1.25972
0.781 1.27083
0.783 1.28195
0.785 1.29306
0.787 1.30417
0.789 1.31528
0.791 1.32639
0.793 1.3375
0.795 1.34861
0.797 1.35972
0.799 1.37083
0.801 1.38195
0.803 1.39306
0.805 1.40417
0.807 1.41528
0.809 1.42639
0.811 1.4375
0.813 1.44861
0.815 1.45972
0.817 1.47083
0.819 1.48195
0.821 1.49306
0.823 1.50417
0.825 1.51528
0.827 1.52639
0.829 1.5375
0.831 1.54861
0.833 1.55972
0.835 1.57083
0.837 1.58195
0.839 1.59306
0.841 1.60417
0.843 1.61528
0.845 1.62639
0.847 1.6375
0.849 1.64861
0.851 1.65972
0.853 1.67083
0.855 1.68195
0.857 1.69306
0.859 1.70417
0.861 1.71528
0.863 1.72639
0.865 1.7375
0.867 1.74861
0.869 1.75972
0.871 1.77083
0.873 1.78195
0.875 1.79306
0.877 1.80417
0.879 1.81528
0.881 1.82639
0.883 1.8375
0.885 1.84861
0.887 1.85972
0.889 1.87083
0.891 1.88195
0.893 1.89306
0.895 1.90417
0.897 1.91528
0.899 1.92639
0.901 1.9375
0.903 1.94861
0.905 1.95972
0.907 1.97083
0.909 1.98195
0.911 1.99306
0.913 2
0.915 2
0.917 2
0.919 2
0.921 2
0.923 2
0.925 2
0.927 2
0.929 2
0.931 2
0.933 2
0.935 2
0.937 2
0.939 2
0.941 2
0.943 2
0.945 2
0.947 2
0.949 2
0.951 2
0.953 2
0.955 2
0.957 2
0.959 2
0.961 2
0.963 2
0.965 2
0.967 2
0.969 2
0.971 2
0.973 2
0.975 2
0.977 2
0.979 2
0.981 2
0.983 2
0.985 2
0.987 2
0.989 2
0.991 2
0.993 2
0.995 2
0.997 2
0.999 2
