0.005 -1.35972
0.015 -1.32639
0.025 -1.29306
0.035 -1.25972
0.045 -1.22639
0.055 -1.19306
0.065 -1.15972
0.075 -1.12639
0.085 -1.09306
0.095 -1.05972
0.105 -1.02639
0.115 -0.993057
0.125 -0.959724
0.135 -0.92639
0.145 -0.893057
0.155 -0.859724
0.165 -0.82639
0.175 -0.793057
0.185 -0.759724
0.195 -0.72639
0.205 -0.693057
0.215 -0.659724
0.225 -0.62639
0.235 -0.593057
0.245 -0.559724
0.255 -0.52639
0.265 -0.493057
0.275 -0.459724
0.285 -0.42639
0.295 -0.393057
0.305 -0.359724
0.315 -0.32639
0.325 -0.293057
0.335 -0.259724
0.345 -0.22639
0.355 -0.193057
0.365 -0.159724
0.375 -0.12639
0.385 -0.0930571
0.395 -0.0597238
0.405 -0.0263904
0.415 -2.22045e-16
0.425 -2.22045e-16
0.435 -2.22045e-16
0.445 -2.22045e-16
0.455 -2.22045e-16
0.465 -2.22045e-16
0.475 -2.22045e-16
0.485 -2.22045e-16
0.495 -2.22045e-16
0.505 2.22045e-16
0.515 2.22045e-16
0.525 2.22045e-16
0.535 2.22045e-16
0.545 2.22045e-16
0.555 2.22045e-16
0.565 2.22045e-16
0.575 2.22045e-16
0.585 2.22045e-16
0.595 0.0263904
0.605 0.0597238
0.615 0.0930571
0.625 0.12639
0.635 0.159724
0.645 0.193057
0.655 0.22639
0.665 0.259724
0.675 0.293057
0.685 0.32639
0.695 0.359724
0.705 0.393057
0.715 0.42639
0.725 0.459724
0.735 0.493057
0.745 0.52639
0.755 0.559724
0.765 0.593057
0.775 0.62639
0.785 0.659724
0.795 0.693057
0.805 0.72639
0.815 0.759724
0.825 0.793057
0.835 0.82639
0.845 0.859724
0.855 0.893057
0.865 0.92639
0.875 0.959724
0.885 0.993057
0.895 1.02639
0.905 1.05972
0.915 1.09306
0.925 1.12639
0.935 1.15972
0.945 1.19306
0.955 1.22639
0.965 1.25972
0.975 1.29306
0.985 1.32639
0.995 1.35972
