0.001 1 0.125 -0.499
0.003 1 0.125 -0.497
0.005 1 0.125 -0.495
0.007 1 0.125 -0.493
0.009 1 0.125 -0.491
0.011 1 0.125 -0.489
0.013 1 0.125 -0.487
0.015 1 0.125 -0.485
0.017 1 0.125 -0.483
0.019 1 0.125 -0.481
0.021 1 0.125 -0.479
0.023 1 0.125 -0.477
0.025 1 0.125 -0.475
0.027 1 0.125 -0.473
0.029 1 0.125 -0.471
0.031 1 0.125 -0.469
0.033 1 0.125 -0.467
0.035 1 0.125 -0.465
0.037 1 0.125 -0.463
0.039 1 0.125 -0.461
0.041 1 0.125 -0.459
0.043 1 0.125 -0.457
0.045 1 0.125 -0.455
0.047 1 0.125 -0.453
0.049 1 0.125 -0.451
0.051 1 0.125 -0.449
0.053 1 0.125 -0.447
0.055 1 0.125 -0.445
0.057 1 0.125 -0.443
0.059 1 0.125 -0.441
0.061 1 0.125 -0.439
0.063 1 0.125 -0.437
0.065 1 0.125 -0.435
0.067 1 0.125 -0.433
0.069 1 0.125 -0.431
0.071 1 0.125 -0.429
0.073 1 0.125 -0.427
0.075 1 0.125 -0.425
0.077 1 0.125 -0.423
0.079 1 0.125 -0.421
0.081 1 0.125 -0.419
0.083 1 0.125 -0.417
0.085 1 0.125 -0.415
0.087 1 0.125 -0.413
0.089 1 0.125 -0.411
0.091 1 0.125 -0.409
0.093 1 0.125 -0.407
0.095 1 0.125 -0.405
0.097 1 0.125 -0.403
0.099 1 0.125 -0.401
0.101 1 0.125 -0.399
0.103 1 0.125 -0.397
0.105 1 0.125 -0.395
0.107 1 0.125 -0.393
0.109 1 0.125 -0.391
0.111 1 0.125 -0.389
0.113 1 0.125 -0.387
0.115 1 0.125 -0.385
0.117 1 0.125 -0.383
0.119 1 0.125 -0.381
0.121 1 0.125 -0.379
0.123 1 0.125 -0.377
0.125 1 0.125 -0.375
0.127 1 0.125 -0.373
0.129 1 0.125 -0.371
0.131 1 0.125 -0.369
0.133 1 0.125 -0.367
0.135 1 0.125 -0.365
0.137 1 0.125 -0.363
0.139 1 0.125 -0.361
0.141 1 0.125 -0.359
0.143 1 0.125 -0.357
0.145 1 0.125 -0.355
0.147 1 0.125 -0.353
0.149 1 0.125 -0.351
0.151 1 0.125 -0.349
0.153 1 0.125 -0.347
0.155 1 0.125 -0.345
0.157 1 0.125 -0.343
0.159 1 0.125 -0.341
0.161 1 0.125 -0.339
0.163 1 0.125 -0.337
0.165 1 0.125 -0.335
0.167 1 0.125 -0.333
0.169 1 0.125 -0.331
0.171 1 0.125 -0.329
0.173 1 0.125 -0.327
0.175 1 0.125 -0.325
0.177 1 0.125 -0.323
0.179 1 0.125 -0.321
0.181 1 0.125 -0.319
0.183 1 0.125 -0.317
0.185 1 0.125 -0.315
0.187 1 0.125 -0.313
0.189 1 0.125 -0.311
0.191 1 0.125 -0.309
0.193 1 0.125 -0.307
0.195 1 0.125 -0.305
0.197 1 0.125 -0.303
0.199 1 0.125 -0.301
0.201 1 0.125 -0.299
0.203 1 0.125 -0.297
0.205 1 0.125 -0.295
0.207 1 0.125 -0.293
0.209 1 0.125 -0.291
0.211 1 0.125 -0.289
0.213 1 0.125 -0.287
0.215 1 0.125 -0.285
0.217 1 0.125 -0.283
0.219 1 0.125 -0.281
0.221 1 0.125 -0.279
0.223 1 0.125 -0.277
0.225 1 0.125 -0.275
0.227 1 0.125 -0.273
0.229 1 0.125 -0.271
0.231 1 0.125 -0.269
0.233 1 0.125 -0.267
0.235 1 0.125 -0.265
0.237 1 0.125 -0.263
0.239 1 0.125 -0.261
0.241 1 0.125 -0.259
0.243 1 0.125 -0.257
0.245 1 0.125 -0.255
0.247 1 0.125 -0.253
0.249 1 0.125 -0.251
0.251 1 0.125 -0.249
0.253 1 0.125 -0.247
0.255 1 0.125 -0.245
0.257 1 0.125 -0.243
0.259 1 0.125 -0.241
0.261 1 0.125 -0.239
0.263 1 0.125 -0.237
0.265 1 0.125 -0.235
0.267 1 0.125 -0.233
0.269 1 0.125 -0.231
0.271 1 0.125 -0.229
0.273 1 0.125 -0.227
0.275 1 0.125 -0.225
0.277 1 0.125 -0.223
0.279 1 0.125 -0.221
0.281 1 0.125 -0.219
0.283 1 0.125 -0.217
0.285 1 0.125 -0.215
0.287 1 0.125 -0.213
0.289 1 0.125 -0.211
0.291 1 0.125 -0.209
0.293 1 0.125 -0.207
0.295 1 0.125 -0.205
0.297 1 0.125 -0.203
0.299 1 0.125 -0.201
0.301 1 0.125 -0.199
0.303 1 0.125 -0.197
0.305 1 0.125 -0.195
0.307 1 0.125 -0.193
0.309 1 0.125 -0.191
0.311 1 0.125 -0.189
0.313 1 0.125 -0.187
0.315 1 0.125 -0.185
0.317 1 0.125 -0.183
0.319 1 0.125 -0.181
0.321 1 0.125 -0.179
0.323 1 0.125 -0.177
0.325 1 0.125 -0.175
0.327 1 0.125 -0.173
0.329 1 0.125 -0.171
0.331 1 0.125 -0.169
0.333 1 0.125 -0.167
0.335 1 0.125 -0.165
0.337 1 0.125 -0.163
0.339 1 0.125 -0.161
0.341 1 0.125 -0.159
0.343 1 0.125 -0.157
0.345 1 0.125 -0.155
0.347 1 0.125 -0.153
0.349 1 0.125 -0.151
0.351 1 0.125 -0.149
0.353 1 0.125 -0.147
0.355 1 0.125 -0.145
0.357 1 0.125 -0.143
0.359 1 0.125 -0.141
0.361 1 0.125 -0.139
0.363 1 0.125 -0.137
0.365 1 0.125 -0.135
0.367 1 0.125 -0.133
0.369 1 0.125 -0.131
0.371 1 0.125 -0.129
0.373 1 0.125 -0.127
0.375 1 0.125 -0.125
0.377 1 0.125 -0.123
0.379 1 0.125 -0.121
0.381 1 0.125 -0.119
0.383 1 0.125 -0.117
0.385 1 0.125 -0.115
0.387 1 0.125 -0.113
0.389 1 0.125 -0.111
0.391 1 0.125 -0.109
0.393 1 0.125 -0.107
0.395 1 0.125 -0.105
0.397 1 0.125 -0.103
0.399 1 0.125002 -0.101
0.401 1 0.12501 -0.099
0.403 0.999999 0.125054 -0.097
0.405 0.999999 0.125294 -0.095
0.407 0.999996 0.126581 -0.093
0.409 0.999991 0.132965 -0.091
0.411 0.999979 0.157697 -0.089
0.413 0.999955 0.217422 -0.0870001
0.415 0.999904 0.259914 -0.0850002
0.417 0.999805 0.265904 -0.0830004
0.419 0.999621 0.265777 -0.0810008
0.421 0.99929 0.265737 -0.0790015
0.423 0.998724 0.265723 -0.077003
0.425 0.997793 0.265717 -0.0750056
0.427 0.996326 0.265753 -0.0730102
0.429 0.994108 0.265852 -0.0710178
0.431 0.990889 0.266054 -0.0690301
0.433 0.986403 0.266316 -0.0670492
0.435 0.98039 0.26675 -0.0650777
0.437 0.972628 0.267523 -0.063119
0.439 0.962961 0.268817 -0.0611768
0.441 0.951313 0.270876 -0.0592552
0.443 0.937702 0.274013 -0.0573584
0.445 0.922234 0.278597 -0.0554905
0.447 0.905081 0.285037 -0.0536554
0.449 0.886466 0.293745 -0.0518567
0.451 0.866631 0.305069 -0.0500972
0.453 0.845816 0.319228 -0.0483793
0.455 0.824239 0.336281 -0.0467051
0.457 0.802086 0.355754 -0.0450757
0.459 0.779446 0.377481 -0.0434924
0.461 0.756629 0.39582 -0.0419558
0.463 0.73395 0.407122 -0.0404659
0.465 0.711611 0.412811 -0.0390221
0.467 0.689737 0.415609 -0.0376236
0.469 0.668415 0.41727 -0.0362692
0.471 0.647714 0.418524 -0.0349576
0.473 0.627682 0.419611 -0.0336874
0.475 0.608363 0.420581 -0.0324572
0.477 0.589798 0.421474 -0.0312654
0.479 0.572027 0.422461 -0.0301102
0.481 0.555098 0.423701 -0.02899
0.483 0.539066 0.425455 -0.0279027
0.485 0.523999 0.427848 -0.0268465
0.487 0.509968 0.430568 -0.0258191
0.489 0.497049 0.433246 -0.0248182
0.491 0.485312 0.436058 -0.0238414
0.493 0.474808 0.439384 -0.0228861
0.495 0.465568 0.443395 -0.0219497
0.497 0.457591 0.448207 -0.0210294
0.499 0.450855 0.453932 -0.0201225
0.501 0.445329 0.460646 -0.0192263
0.503 0.440988 0.468388 -0.0183378
0.505 0.437718 0.47716 -0.0174544
0.507 0.435224 0.48693 -0.016574
0.509 0.433064 0.497648 -0.0156963
0.511 0.430815 0.509266 -0.0148222
0.513 0.428354 0.521737 -0.0139529
0.515 0.425964 0.535017 -0.0130886
0.517 0.423923 0.54906 -0.0122283
0.519 0.422603 0.563812 -0.0113698
0.521 0.421947 0.579216 -0.010511
0.523 0.421318 0.595223 -0.0096507
0.525 0.420474 0.611799 -0.00878706
0.527 0.419355 0.628915 -0.00791614
0.529 0.417819 0.646539 -0.00703017
0.531 0.415681 0.664644 -0.00611531
0.533 0.412725 0.683207 -0.00514922
0.535 0.408684 0.702209 -0.00409929
0.537 0.40324 0.72164 -0.00292241
0.539 0.396045 0.741491 -0.00156724
0.541 0.386702 0.76176 2.08636e-05
0.543 0.374791 0.782433 0.00189266
0.545 0.35994 0.803488 0.0040872
0.547 0.342151 0.824903 0.00662524
0.549 0.321024 0.846651 0.00950575
0.551 0.29749 0.868718 0.0127064
0.553 0.279315 0.891015 0.016188
0.555 0.270008 0.913599 0.0199013
0.557 0.266576 0.936199 0.0237941
0.559 0.265647 0.956468 0.0278178
0.561 0.265463 0.972836 0.0319315
0.563 0.265407 0.98478 0.0361034
0.565 0.265397 0.992491 0.040311
0.567 0.265426 0.996787 0.0445391
0.569 0.265492 0.998816 0.0487786
0.571 0.265573 0.999623 0.0530241
0.573 0.265617 0.999895 0.0572724
0.575 0.265635 0.999974 0.061522
0.577 0.265639 0.999994 0.065772
0.579 0.265569 0.999999 0.0700213
0.581 0.265187 1 0.0742648
0.583 0.263493 1 0.0784803
0.585 0.257203 1 0.0825886
0.587 0.231218 1 0.0862885
0.589 0.160743 1 0.088962
0.591 0.126972 1 0.0909995
0.593 0.125033 1 0.093
0.595 0.125 1 0.095
0.597 0.125 1 0.097
0.599 0.125 1 0.099
0.601 0.125 1 0.101
0.603 0.125 1 0.103
0.605 0.125 1 0.105
0.607 0.125 1 0.107
0.609 0.125 1 0.109
0.611 0.125 1 0.111
0.613 0.125 1 0.113
0.615 0.125 1 0.115
0.617 0.125 1 0.117
0.619 0.125 1 0.119
0.621 0.125 1 0.121
0.623 0.125 1 0.123
0.625 0.125 1 0.125
0.627 0.125 1 0.127
0.629 0.125 1 0.129
0.631 0.125 1 0.131
0.633 0.125 1 0.133
0.635 0.125 1 0.135
0.637 0.125 1 0.137
0.639 0.125 1 0.139
0.641 0.125 1 0.141
0.643 0.125 1 0.143
0.645 0.125 1 0.145
0.647 0.125 1 0.147
0.649 0.125 1 0.149
0.651 0.125 1 0.151
0.653 0.125 1 0.153
0.655 0.125 1 0.155
0.657 0.125 1 0.157
0.659 0.125 1 0.159
0.661 0.125 1 0.161
0.663 0.125 1 0.163
0.665 0.125 1 0.165
0.667 0.125 1 0.167
0.669 0.125 1 0.169
0.671 0.125 1 0.171
0.673 0.125 1 0.173
0.675 0.125 1 0.175
0.677 0.125 1 0.177
0.679 0.125 1 0.179
0.681 0.125 1 0.181
0.683 0.125 1 0.183
0.685 0.125 1 0.185
0.687 0.125 1 0.187
0.689 0.125 1 0.189
0.691 0.125 1 0.191
0.693 0.125 1 0.193
0.695 0.125 1 0.195
0.697 0.125 1 0.197
0.699 0.125 1 0.199
0.701 0.125 1 0.201
0.703 0.125 1 0.203
0.705 0.125 1 0.205
0.707 0.125 1 0.207
0.709 0.125 1 0.209
0.711 0.125 1 0.211
0.713 0.125 1 0.213
0.715 0.125 1 0.215
0.717 0.125 1 0.217
0.719 0.125 1 0.219
0.721 0.125 1 0.221
0.723 0.125 1 0.223
0.725 0.125 1 0.225
0.727 0.125 1 0.227
0.729 0.125 1 0.229
0.731 0.125 1 0.231
0.733 0.125 1 0.233
0.735 0.125 1 0.235
0.737 0.125 1 0.237
0.739 0.125 1 0.239
0.741 0.125 1 0.241
0.743 0.125 1 0.243
0.745 0.125 1 0.245
0.747 0.125 1 0.247
0.749 0.125 1 0.249
0.751 0.125 1 0.251
0.753 0.125 1 0.253
0.755 0.125 1 0.255
0.757 0.125 1 0.257
0.759 0.125 1 0.259
0.761 0.125 1 0.261
0.763 0.125 1 0.263
0.765 0.125 1 0.265
0.767 0.125 1 0.267
0.769 0.125 1 0.269
0.771 0.125 1 0.271
0.773 0.125 1 0.273
0.775 0.125 1 0.275
0.777 0.125 1 0.277
0.779 0.125 1 0.279
0.781 0.125 1 0.281
0.783 0.125 1 0.283
0.785 0.125 1 0.285
0.787 0.125 1 0.287
0.789 0.125 1 0.289
0.791 0.125 1 0.291
0.793 0.125 1 0.293
0.795 0.125 1 0.295
0.797 0.125 1 0.297
0.799 0.125 1 0.299
0.801 0.125 1 0.301
0.803 0.125 1 0.303
0.805 0.125 1 0.305
0.807 0.125 1 0.307
0.809 0.125 1 0.309
0.811 0.125 1 0.311
0.813 0.125 1 0.313
0.815 0.125 1 0.315
0.817 0.125 1 0.317
0.819 0.125 1 0.319
0.821 0.125 1 0.321
0.823 0.125 1 0.323
0.825 0.125 1 0.325
0.827 0.125 1 0.327
0.829 0.125 1 0.329
0.831 0.125 1 0.331
0.833 0.125 1 0.333
0.835 0.125 1 0.335
0.837 0.125 1 0.337
0.839 0.125 1 0.339
0.841 0.125 1 0.341
0.843 0.125 1 0.343
0.845 0.125 1 0.345
0.847 0.125 1 0.347
0.849 0.125 1 0.349
0.851 0.125 1 0.351
0.853 0.125 1 0.353
0.855 0.125 1 0.355
0.857 0.125 1 0.357
0.859 0.125 1 0.359
0.861 0.125 1 0.361
0.863 0.125 1 0.363
0.865 0.125 1 0.365
0.867 0.125 1 0.367
0.869 0.125 1 0.369
0.871 0.125 1 0.371
0.873 0.125 1 0.373
0.875 0.125 1 0.375
0.877 0.125 1 0.377
0.879 0.125 1 0.379
0.881 0.125 1 0.381
0.883 0.125 1 0.383
0.885 0.125 1 0.385
0.887 0.125 1 0.387
0.889 0.125 1 0.389
0.891 0.125 1 0.391
0.893 0.125 1 0.393
0.895 0.125 1 0.395
0.897 0.125 1 0.397
0.899 0.125 1 0.399
0.901 0.125 1 0.401
0.903 0.125 1 0.403
0.905 0.125 1 0.405
0.907 0.125 1 0.407
0.909 0.125 1 0.409
0.911 0.125 1 0.411
0.913 0.125 1 0.413
0.915 0.125 1 0.415
0.917 0.125 1 0.417
0.919 0.125 1 0.419
0.921 0.125 1 0.421
0.923 0.125 1 0.423
0.925 0.125 1 0.425
0.927 0.125 1 0.427
0.929 0.125 1 0.429
0.931 0.125 1 0.431
0.933 0.125 1 0.433
0.935 0.125 1 0.435
0.937 0.125 1 0.437
0.939 0.125 1 0.439
0.941 0.125 1 0.441
0.943 0.125 1 0.443
0.945 0.125 1 0.445
0.947 0.125 1 0.447
0.949 0.125 1 0.449
0.951 0.125 1 0.451
0.953 0.125 1 0.453
0.955 0.125 1 0.455
0.957 0.125 1 0.457
0.959 0.125 1 0.459
0.961 0.125 1 0.461
0.963 0.125 1 0.463
0.965 0.125 1 0.465
0.967 0.125 1 0.467
0.969 0.125 1 0.469
0.971 0.125 1 0.471
0.973 0.125 1 0.473
0.975 0.125 1 0.475
0.977 0.125 1 0.477
0.979 0.125 1 0.479
0.981 0.125 1 0.481
0.983 0.125 1 0.483
0.985 0.125 1 0.485
0.987 0.125 1 0.487
0.989 0.125 1 0.489
0.991 0.125 1 0.491
0.993 0.125 1 0.493
0.995 0.125 1 0.495
0.997 0.125 1 0.497
0.999 0.125 1 0.499
