0.001 1500
0.003 1500
0.005 1500
0.007 1500
0.009 1500
0.011 1500
0.013 1500
0.015 1500
0.017 1500
0.019 1500
0.021 1500
0.023 1500
0.025 1500
0.027 1500
0.029 1500
0.031 1500
0.033 1500
0.035 1500
0.037 1500
0.039 1500
0.041 1500
0.043 1500
0.045 1500
0.047 1500
0.049 1500
0.051 1500
0.053 1500
0.055 1500
0.057 1500
0.059 1500
0.061 1500
0.063 1500
0.065 1500
0.067 1500
0.069 1500
0.071 1500
0.073 1500
0.075 1500
0.077 1500
0.079 1500
0.081 1500
0.083 1500
0.085 1500
0.087 1500
0.089 1500
0.091 1500
0.093 1500
0.095 1500
0.097 1500
0.099 1500
0.101 1500
0.103 1500
0.105 1500
0.107 1500
0.109 1500
0.111 1500
0.113 1500
0.115 1500
0.117 1500
0.119 1500
0.121 1500
0.123 1500
0.125 1500
0.127 1500
0.129 1500
0.131 1500
0.133 1500
0.135 1500
0.137 1500
0.139 1500
0.141 1500
0.143 1500
0.145 1500
0.147 1500
0.149 1500
0.151 1500
0.153 1500
0.155 1500
0.157 1500
0.159 1500
0.161 1500
0.163 1500
0.165 1500
0.167 1500
0.169 1500
0.171 1500
0.173 1500
0.175 1500
0.177 1500
0.179 1500
0.181 1500
0.183 1500
0.185 1500
0.187 1500
0.189 1500
0.191 1500
0.193 1500
0.195 1500
0.197 1500
0.199 1500
0.201 1500
0.203 1500
0.205 1500
0.207 1500
0.209 1500
0.211 1500
0.213 1500
0.215 1500
0.217 1500
0.219 1500
0.221 1500
0.223 1500
0.225 1500
0.227 1500
0.229 1500
0.231 1500
0.233 1500
0.235 1500
0.237 1500
0.239 1500
0.241 1500
0.243 1500
0.245 1500
0.247 1500
0.249 1500
0.251 1500
0.253 1500
0.255 1500
0.257 1500
0.259 1500
0.261 1500
0.263 1500
0.265 1500
0.267 1500
0.269 1500
0.271 1500
0.273 1500
0.275 1500
0.277 1500
0.279 1500
0.281 1500
0.283 1500
0.285 1500
0.287 1500
0.289 1500
0.291 1500
0.293 1500
0.295 1500
0.297 1500
0.299 1500
0.301 1500
0.303 1500
0.305 1500
0.307 1500
0.309 1500
0.311 1500
0.313 1500
0.315 1500
0.317 1500
0.319 1500
0.321 1500
0.323 1500
0.325 1500
0.327 1500
0.329 1500
0.331 1500
0.333 1500
0.335 1500
0.337 1500
0.339 1500
0.341 1500
0.343 1500
0.345 1500
0.347 1500
0.349 1500
0.351 1500
0.353 1500
0.355 1500
0.357 1500
0.359 1500
0.361 1500
0.363 1500
0.365 1500
0.367 1500
0.369 1500
0.371 1500
0.373 1500
0.375 1500
0.377 1500
0.379 1500
0.381 1500
0.383 1500
0.385 1500
0.387 1500
0.389 1500
0.391 1500
0.393 1500
0.395 1500
0.397 1500
0.399 1500
0.401 1500
0.403 1500
0.405 1500
0.407 1500
0.409 1500
0.411 1500
0.413 1500
0.415 1499.99
0.417 1499.96
0.419 1499.88
0.421 1499.68
0.423 1499.25
0.425 1498.44
0.427 1497.06
0.429 1494.91
0.431 1491.82
0.433 1487.69
0.435 1482.52
0.437 1476.37
0.439 1469.33
0.441 1461.56
0.443 1453.18
0.445 1444.67
0.447 1437.46
0.449 1432.54
0.451 1429.96
0.453 1428.95
0.455 1428.64
0.457 1428.53
0.459 1428.45
0.461 1428.39
0.463 1428.33
0.465 1428.29
0.467 1428.25
0.469 1428.22
0.471 1428.17
0.473 1428.09
0.475 1427.96
0.477 1427.76
0.479 1427.45
0.481 1426.91
0.483 1425.99
0.485 1424.46
0.487 1422
0.489 1418.09
0.491 1411.99
0.493 1402.77
0.495 1389.23
0.497 1369.91
0.499 1343.44
0.501 1308.62
0.503 1264.68
0.505 1211.32
0.507 1149.59
0.509 1095.42
0.511 1065.37
0.513 1054.62
0.515 1051.75
0.517 1050.65
0.519 1050.13
0.521 1049.73
0.523 1049.55
0.525 1049.47
0.527 1049.46
0.529 1049.49
0.531 1049.52
0.533 1049.55
0.535 1049.56
0.537 1049.56
0.539 1049.56
0.541 1049.57
0.543 1049.6
0.545 1049.63
0.547 1049.67
0.549 1049.68
0.551 1049.66
0.553 1049.58
0.555 1049.34
0.557 1048.84
0.559 1047.55
0.561 1044.89
0.563 1038.91
0.565 1027.4
0.567 1009.74
0.569 1001.62
0.571 1000.17
0.573 1000.02
0.575 1000
0.577 1000
0.579 1000
0.581 1000
0.583 1000
0.585 1000
0.587 1000
0.589 1000
0.591 1000
0.593 1000
0.595 1000
0.597 1000
0.599 1000
0.601 1000
0.603 1000
0.605 1000
0.607 1000
0.609 1000
0.611 1000
0.613 1000
0.615 1000
0.617 1000
0.619 1000
0.621 1000
0.623 1000
0.625 1000
0.627 1000
0.629 1000
0.631 1000
0.633 1000
0.635 1000
0.637 1000
0.639 1000
0.641 1000
0.643 1000
0.645 1000
0.647 1000
0.649 1000
0.651 1000
0.653 1000
0.655 1000
0.657 1000
0.659 1000
0.661 1000
0.663 1000
0.665 1000
0.667 1000
0.669 1000
0.671 1000
0.673 1000
0.675 1000
0.677 1000
0.679 1000
0.681 1000
0.683 1000
0.685 1000
0.687 1000
0.689 1000
0.691 1000
0.693 1000
0.695 1000
0.697 1000
0.699 1000
0.701 1000
0.703 1000
0.705 1000
0.707 1000
0.709 1000
0.711 1000
0.713 1000
0.715 1000
0.717 1000
0.719 1000
0.721 1000
0.723 1000
0.725 1000
0.727 1000
0.729 1000
0.731 1000
0.733 1000
0.735 1000
0.737 1000
0.739 1000
0.741 1000
0.743 1000
0.745 1000
0.747 1000
0.749 1000
0.751 1000
0.753 1000
0.755 1000
0.757 1000
0.759 1000
0.761 1000
0.763 1000
0.765 1000
0.767 1000
0.769 1000
0.771 1000
0.773 1000
0.775 1000
0.777 1000
0.779 1000
0.781 1000
0.783 1000
0.785 1000
0.787 1000
0.789 1000
0.791 1000
0.793 1000
0.795 1000
0.797 1000
0.799 1000
0.801 1000
0.803 1000
0.805 1000
0.807 1000
0.809 1000
0.811 1000
0.813 1000
0.815 1000
0.817 1000
0.819 1000
0.821 1000
0.823 1000
0.825 1000
0.827 1000
0.829 1000
0.831 1000
0.833 1000
0.835 1000
0.837 1000
0.839 1000
0.841 1000
0.843 1000
0.845 1000
0.847 1000
0.849 1000
0.851 1000
0.853 1000
0.855 1000
0.857 1000
0.859 1000
0.861 1000
0.863 1000
0.865 1000
0.867 1000
0.869 1000
0.871 1000
0.873 1000
0.875 1000
0.877 1000
0.879 1000
0.881 1000
0.883 1000
0.885 1000
0.887 1000
0.889 1000
0.891 1000
0.893 1000
0.895 1000
0.897 1000
0.899 1000
0.901 1000
0.903 1000
0.905 1000
0.907 1000
0.909 1000
0.911 1000
0.913 1000
0.915 1000
0.917 1000
0.919 1000
0.921 1000
0.923 1000
0.925 1000
0.927 1000
0.929 1000
0.931 1000
0.933 1000
0.935 1000
0.937 1000
0.939 1000
0.941 1000
0.943 1000
0.945 1000
0.947 1000
0.949 1000
0.951 1000
0.953 1000
0.955 1000
0.957 1000
0.959 1000
0.961 1000
0.963 1000
0.965 1000
0.967 1000
0.969 1000
0.971 1000
0.973 1000
0.975 1000
0.977 1000
0.979 1000
0.981 1000
0.983 1000
0.985 1000
0.987 1000
0.989 1000
0.991 1000
0.993 1000
0.995 1000
0.997 1000
0.999 1000
