0.001 1 0.125 -0.499
0.003 1 0.125 -0.497
0.005 1 0.125 -0.495
0.007 1 0.125 -0.493
0.009 1 0.125 -0.491
0.011 1 0.125 -0.489
0.013 1 0.125 -0.487
0.015 1 0.125 -0.485
0.017 1 0.125 -0.483
0.019 1 0.125 -0.481
0.021 1 0.125 -0.479
0.023 1 0.125 -0.477
0.025 1 0.125 -0.475
0.027 1 0.125 -0.473
0.029 1 0.125 -0.471
0.031 1 0.125 -0.469
0.033 1 0.125 -0.467
0.035 1 0.125 -0.465
0.037 1 0.125 -0.463
0.039 1 0.125 -0.461
0.041 1 0.125 -0.459
0.043 1 0.125 -0.457
0.045 1 0.125 -0.455
0.047 1 0.125 -0.453
0.049 1 0.125 -0.451
0.051 1 0.125 -0.449
0.053 1 0.125 -0.447
0.055 1 0.125 -0.445
0.057 1 0.125 -0.443
0.059 1 0.125 -0.441
0.061 1 0.125 -0.439
0.063 1 0.125 -0.437
0.065 1 0.125 -0.435
0.067 1 0.125 -0.433
0.069 1 0.125 -0.431
0.071 1 0.125 -0.429
0.073 1 0.125 -0.427
0.075 1 0.125 -0.425
0.077 1 0.125 -0.423
0.079 1 0.125 -0.421
0.081 1 0.125 -0.419
0.083 1 0.125 -0.417
0.085 1 0.125 -0.415
0.087 1 0.125 -0.413
0.089 1 0.125 -0.411
0.091 1 0.125 -0.409
0.093 1 0.125 -0.407
0.095 1 0.125 -0.405
0.097 1 0.125 -0.403
0.099 1 0.125 -0.401
0.101 1 0.125 -0.399
0.103 1 0.125 -0.397
0.105 1 0.125 -0.395
0.107 1 0.125 -0.393
0.109 1 0.125 -0.391
0.111 1 0.125 -0.389
0.113 1 0.125 -0.387
0.115 1 0.125 -0.385
0.117 1 0.125 -0.383
0.119 1 0.125 -0.381
0.121 1 0.125 -0.379
0.123 1 0.125 -0.377
0.125 1 0.125 -0.375
0.127 1 0.125 -0.373
0.129 1 0.125 -0.371
0.131 1 0.125 -0.369
0.133 1 0.125 -0.367
0.135 1 0.125001 -0.365
0.137 1 0.125005 -0.363
0.139 1 0.125028 -0.361
0.141 1 0.125154 -0.359
0.143 1 0.125827 -0.357
0.145 1 0.129215 -0.355
0.147 1 0.142985 -0.353
0.149 1 0.180054 -0.351
0.151 1 0.238244 -0.349
0.153 1 0.263658 -0.347
0.155 1 0.265645 -0.345
0.157 1 0.265618 -0.343
0.159 1 0.265566 -0.341
0.161 1 0.265568 -0.339
0.163 1 0.265573 -0.337
0.165 1 0.265574 -0.335
0.167 1 0.265576 -0.333
0.169 1 0.265581 -0.331
0.171 1 0.265589 -0.329
0.173 1 0.265598 -0.327
0.175 1 0.265606 -0.325
0.177 1 0.26561 -0.323
0.179 1 0.26561 -0.321
0.181 1 0.265608 -0.319
0.183 1 0.265603 -0.317
0.185 1 0.265593 -0.315
0.187 1 0.26558 -0.313
0.189 1 0.265566 -0.311
0.191 1 0.265549 -0.309
0.193 1 0.265537 -0.307
0.195 1 0.26553 -0.305
0.197 0.999999 0.265529 -0.303
0.199 0.999999 0.26553 -0.301
0.201 0.999998 0.265534 -0.299
0.203 0.999997 0.265541 -0.297
0.205 0.999996 0.265551 -0.295
0.207 0.999994 0.265564 -0.293
0.209 0.99999 0.265579 -0.291
0.211 0.999985 0.265589 -0.289
0.213 0.999978 0.265593 -0.287
0.215 0.999967 0.265595 -0.285
0.217 0.99995 0.265596 -0.283
0.219 0.999927 0.265596 -0.281
0.221 0.999894 0.265596 -0.279
0.223 0.999847 0.265595 -0.277001
0.225 0.999783 0.265592 -0.275001
0.227 0.999694 0.265589 -0.273001
0.229 0.999573 0.265583 -0.271002
0.231 0.999411 0.265576 -0.269003
0.233 0.999196 0.265571 -0.267004
0.235 0.998915 0.265567 -0.265006
0.237 0.998551 0.26556 -0.263008
0.239 0.998086 0.265554 -0.261011
0.241 0.997499 0.265549 -0.259015
0.243 0.996769 0.265543 -0.25702
0.245 0.995871 0.265536 -0.255027
0.247 0.994781 0.265529 -0.253036
0.249 0.993475 0.265522 -0.251047
0.251 0.991929 0.265513 -0.24906
0.253 0.990122 0.265506 -0.247077
0.255 0.988035 0.265506 -0.245097
0.257 0.985655 0.26551 -0.243122
0.259 0.98297 0.265516 -0.241152
0.261 0.979977 0.265527 -0.239188
0.263 0.976674 0.265542 -0.237229
0.265 0.973067 0.265563 -0.235278
0.267 0.969166 0.265591 -0.233333
0.269 0.964985 0.265628 -0.231397
0.271 0.96054 0.265678 -0.22947
0.273 0.955852 0.265747 -0.227551
0.275 0.950942 0.265841 -0.225642
0.277 0.945834 0.26597 -0.223743
0.279 0.940548 0.266145 -0.221855
0.281 0.935108 0.266384 -0.219977
0.283 0.929535 0.266707 -0.218111
0.285 0.923849 0.267139 -0.216256
0.287 0.918068 0.267712 -0.214412
0.289 0.912207 0.268467 -0.21258
0.291 0.906282 0.269449 -0.21076
0.293 0.900305 0.270716 -0.208952
0.295 0.894286 0.272333 -0.207155
0.297 0.888233 0.274375 -0.205371
0.299 0.882152 0.276925 -0.2036
0.301 0.87605 0.280074 -0.20184
0.303 0.869939 0.283919 -0.200093
0.305 0.863832 0.288561 -0.198358
0.307 0.857734 0.294096 -0.196636
0.309 0.85165 0.300617 -0.194925
0.311 0.845584 0.308203 -0.193227
0.313 0.839536 0.316913 -0.191541
0.315 0.833509 0.326779 -0.189868
0.317 0.827504 0.3378 -0.188206
0.319 0.821523 0.349918 -0.186556
0.321 0.815565 0.363078 -0.184919
0.323 0.809633 0.377105 -0.183293
0.325 0.803727 0.391596 -0.18168
0.327 0.797847 0.404217 -0.180078
0.329 0.791995 0.412971 -0.178488
0.331 0.78617 0.417992 -0.17691
0.333 0.780373 0.42045 -0.175343
0.335 0.774605 0.421575 -0.173788
0.337 0.768865 0.422149 -0.172245
0.339 0.763155 0.422534 -0.170713
0.341 0.757475 0.42287 -0.169193
0.343 0.751824 0.423201 -0.167684
0.345 0.746204 0.423535 -0.166186
0.347 0.740615 0.423865 -0.1647
0.349 0.735056 0.424173 -0.163225
0.351 0.729528 0.424441 -0.161761
0.353 0.724032 0.424654 -0.160308
0.355 0.718567 0.424818 -0.158866
0.357 0.713134 0.424945 -0.157435
0.359 0.707733 0.425051 -0.156015
0.361 0.702363 0.425145 -0.154606
0.363 0.697026 0.42523 -0.153208
0.365 0.691722 0.425307 -0.15182
0.367 0.686449 0.425377 -0.150443
0.369 0.68121 0.425439 -0.149076
0.371 0.676003 0.425495 -0.14772
0.373 0.670829 0.425544 -0.146375
0.375 0.665688 0.425588 -0.14504
0.377 0.66058 0.425627 -0.143715
0.379 0.655505 0.425663 -0.1424
0.381 0.650464 0.425696 -0.141096
0.383 0.645455 0.425727 -0.139801
0.385 0.64048 0.425756 -0.138517
0.387 0.635538 0.425783 -0.137242
0.389 0.63063 0.425809 -0.135978
0.391 0.625755 0.425832 -0.134723
0.393 0.620914 0.425853 -0.133478
0.395 0.616106 0.425872 -0.132243
0.397 0.611332 0.42589 -0.131017
0.399 0.606592 0.425907 -0.129801
0.401 0.601886 0.425923 -0.128595
0.403 0.597214 0.425937 -0.127398
0.405 0.592576 0.425951 -0.12621
0.407 0.587972 0.425964 -0.125031
0.409 0.583403 0.425976 -0.123862
0.411 0.578868 0.425987 -0.122702
0.413 0.574368 0.425998 -0.121551
0.415 0.569903 0.426009 -0.120409
0.417 0.565474 0.426018 -0.119276
0.419 0.56108 0.426028 -0.118151
0.421 0.556722 0.426037 -0.117036
0.423 0.5524 0.426045 -0.115929
0.425 0.548115 0.426053 -0.114831
0.427 0.543868 0.42606 -0.113741
0.429 0.539658 0.426067 -0.11266
0.431 0.535486 0.426074 -0.111587
0.433 0.531353 0.42608 -0.110523
0.435 0.527261 0.426086 -0.109466
0.437 0.523208 0.426091 -0.108418
0.439 0.519198 0.426096 -0.107378
0.441 0.51523 0.426101 -0.106346
0.443 0.511305 0.426106 -0.105322
0.445 0.507426 0.426113 -0.104306
0.447 0.503593 0.426121 -0.103298
0.449 0.499808 0.42613 -0.102297
0.451 0.496073 0.426143 -0.101303
0.453 0.49239 0.426161 -0.100317
0.455 0.48876 0.426187 -0.0993385
0.457 0.485185 0.426223 -0.098367
0.459 0.48167 0.426263 -0.0974026
0.461 0.478215 0.426313 -0.0964451
0.463 0.474824 0.426357 -0.0954944
0.465 0.4715 0.426408 -0.0945505
0.467 0.468246 0.426466 -0.093613
0.469 0.465068 0.426525 -0.092682
0.471 0.461971 0.426611 -0.0917572
0.473 0.458959 0.426716 -0.0908385
0.475 0.456039 0.426844 -0.0899256
0.477 0.453219 0.427006 -0.0890184
0.479 0.450507 0.427207 -0.0881167
0.481 0.447911 0.427456 -0.0872202
0.483 0.44544 0.427763 -0.0863287
0.485 0.443101 0.428139 -0.0854419
0.487 0.440902 0.42859 -0.0845595
0.489 0.43885 0.429129 -0.0836812
0.491 0.436951 0.429768 -0.0828068
0.493 0.435211 0.430517 -0.0819359
0.495 0.433635 0.431385 -0.0810682
0.497 0.432229 0.432377 -0.0802033
0.499 0.430997 0.433502 -0.0793408
0.501 0.429942 0.434763 -0.0784806
0.503 0.429066 0.436166 -0.0776221
0.505 0.428364 0.437713 -0.076765
0.507 0.427822 0.439405 -0.075909
0.509 0.427419 0.441239 -0.0750538
0.511 0.427127 0.443212 -0.0741992
0.513 0.426919 0.445317 -0.073345
0.515 0.426772 0.447551 -0.0724911
0.517 0.426665 0.449911 -0.0716374
0.519 0.426585 0.452392 -0.0707839
0.521 0.426527 0.454985 -0.0699304
0.523 0.42649 0.457683 -0.069077
0.525 0.426462 0.460481 -0.0682237
0.527 0.426432 0.463375 -0.0673704
0.529 0.426402 0.466356 -0.0665172
0.531 0.426365 0.469417 -0.065664
0.533 0.426334 0.472554 -0.0648109
0.535 0.426303 0.475764 -0.0639578
0.537 0.426269 0.479042 -0.0631048
0.539 0.426242 0.482383 -0.0622519
0.541 0.426217 0.485784 -0.061399
0.543 0.426198 0.489242 -0.0605461
0.545 0.426186 0.492754 -0.0596933
0.547 0.42618 0.496315 -0.0588404
0.549 0.426177 0.499926 -0.0579875
0.551 0.426176 0.503585 -0.0571347
0.553 0.426174 0.50729 -0.0562818
0.555 0.426171 0.511038 -0.0554289
0.557 0.426167 0.514829 -0.054576
0.559 0.426164 0.518664 -0.053723
0.561 0.426161 0.522537 -0.0528701
0.563 0.426157 0.526448 -0.0520172
0.565 0.426153 0.530402 -0.0511642
0.567 0.426149 0.534397 -0.0503112
0.569 0.426146 0.538427 -0.0494582
0.571 0.426141 0.542491 -0.0486052
0.573 0.426136 0.546594 -0.0477522
0.575 0.426131 0.550734 -0.0468992
0.577 0.426126 0.554906 -0.0460461
0.579 0.42612 0.559114 -0.0451931
0.581 0.426113 0.563357 -0.04434
0.583 0.426104 0.567632 -0.0434869
0.585 0.426097 0.571938 -0.0426338
0.587 0.426089 0.576284 -0.0417806
0.589 0.426081 0.580662 -0.0409275
0.591 0.426072 0.585063 -0.0400743
0.593 0.426062 0.589498 -0.039221
0.595 0.426052 0.593977 -0.0383678
0.597 0.42604 0.598486 -0.0375145
0.599 0.426028 0.603011 -0.0366612
0.601 0.426016 0.607573 -0.0358078
0.603 0.426 0.612181 -0.0349544
0.605 0.425984 0.616814 -0.0341009
0.607 0.425967 0.621462 -0.0332474
0.609 0.425947 0.626147 -0.0323938
0.611 0.425927 0.630874 -0.0315401
0.613 0.425906 0.635629 -0.0306864
0.615 0.42588 0.640406 -0.0298325
0.617 0.425853 0.645207 -0.0289785
0.619 0.425821 0.650046 -0.0281244
0.621 0.425784 0.65494 -0.0272701
0.623 0.425747 0.659863 -0.0264157
0.625 0.425699 0.664765 -0.025561
0.627 0.425643 0.669717 -0.0247061
0.629 0.425585 0.674779 -0.0238508
0.631 0.425512 0.679817 -0.0229951
0.633 0.425423 0.68479 -0.0221389
0.635 0.425325 0.689894 -0.0212819
0.637 0.425203 0.695107 -0.0204239
0.639 0.425057 0.700201 -0.0195643
0.641 0.424888 0.705303 -0.0187026
0.643 0.424673 0.710578 -0.0178378
0.645 0.424416 0.715883 -0.0169687
0.647 0.424111 0.721065 -0.0160935
0.649 0.423723 0.726318 -0.0152098
0.651 0.423256 0.731744 -0.0143147
0.653 0.422683 0.73712 -0.0134041
0.655 0.421952 0.742406 -0.0124732
0.657 0.421061 0.747839 -0.0115158
0.659 0.419955 0.7534 -0.0105247
0.661 0.418556 0.758824 -0.00949114
0.663 0.416857 0.764261 -0.00840539
0.665 0.41477 0.769873 -0.00725631
0.667 0.412175 0.775492 -0.00603178
0.669 0.409056 0.780995 -0.00471886
0.671 0.405311 0.786622 -0.00330414
0.673 0.400772 0.792407 -0.00177416
0.675 0.395409 0.79808 -0.000115834
0.677 0.389141 0.803702 0.00168302
0.679 0.381777 0.809493 0.00363321
0.681 0.373304 0.815411 0.00574367
0.683 0.363703 0.821196 0.00802111
0.685 0.352812 0.826943 0.0104697
0.687 0.340666 0.832823 0.0130908
0.689 0.327485 0.838855 0.015883
0.691 0.313028 0.84481 0.0188422
0.693 0.297835 0.850686 0.021962
0.695 0.284776 0.856624 0.0252333
0.697 0.275813 0.862738 0.0286458
0.699 0.270562 0.868869 0.0321874
0.701 0.267828 0.87488 0.0358455
0.703 0.266525 0.880895 0.0396069
0.705 0.265942 0.887079 0.0434585
0.707 0.265694 0.893353 0.0473878
0.709 0.265592 0.899493 0.0513828
0.711 0.265552 0.905601 0.0554326
0.713 0.265536 0.911848 0.0595274
0.715 0.265531 0.918221 0.0636586
0.717 0.26553 0.924469 0.0678187
0.719 0.26553 0.930662 0.0720016
0.721 0.26553 0.936949 0.076202
0.723 0.26553 0.94336 0.0804157
0.725 0.26553 0.949673 0.0846395
0.727 0.265531 0.955915 0.0888706
0.729 0.265531 0.962185 0.0931071
0.731 0.265531 0.968321 0.0973473
0.733 0.265527 0.974033 0.10159
0.735 0.265523 0.979268 0.105835
0.737 0.265519 0.983959 0.110081
0.739 0.265517 0.988031 0.114328
0.741 0.265516 0.991435 0.118575
0.743 0.265515 0.994155 0.122823
0.745 0.265515 0.996214 0.127071
0.747 0.265517 0.99768 0.131319
0.749 0.265522 0.998658 0.135568
0.751 0.265531 0.999267 0.139816
0.753 0.265541 0.999622 0.144065
0.755 0.26555 0.999816 0.148314
0.757 0.265555 0.999915 0.152563
0.759 0.265559 0.999963 0.156811
0.761 0.265564 0.999984 0.16106
0.763 0.265569 0.999994 0.165309
0.765 0.265575 0.999998 0.169559
0.767 0.265578 0.999999 0.173808
0.769 0.265582 1 0.178057
0.771 0.265587 1 0.182306
0.773 0.265593 1 0.186555
0.775 0.265601 1 0.190805
0.777 0.265606 1 0.195054
0.779 0.265608 1 0.199304
0.781 0.265607 1 0.203554
0.783 0.265606 1 0.207803
0.785 0.265604 1 0.212053
0.787 0.265601 1 0.216303
0.789 0.265596 1 0.220552
0.791 0.265589 1 0.224802
0.793 0.265579 1 0.229051
0.795 0.265567 1 0.233301
0.797 0.265554 1 0.23755
0.799 0.265546 1 0.241799
0.801 0.265542 1 0.246048
0.803 0.265541 1 0.250297
0.805 0.265542 1 0.254545
0.807 0.265547 1 0.258794
0.809 0.265556 1 0.263042
0.811 0.265571 1 0.267291
0.813 0.265593 1 0.27154
0.815 0.265617 1 0.275789
0.817 0.265633 1 0.280039
0.819 0.265636 1 0.284289
0.821 0.265635 1 0.288539
0.823 0.265631 1 0.292789
0.825 0.265625 1 0.29704
0.827 0.265619 1 0.301289
0.829 0.265615 1 0.305539
0.831 0.265611 1 0.309789
0.833 0.265608 1 0.314039
0.835 0.265606 1 0.318289
0.837 0.265602 1 0.322538
0.839 0.265583 1 0.326788
0.841 0.265516 1 0.331035
0.843 0.26523 1 0.33528
0.845 0.264061 1 0.33951
0.847 0.259337 1 0.343674
0.849 0.243026 1 0.347589
0.851 0.196334 1 0.350752
0.853 0.1379 1 0.352993
0.855 0.125552 1 0.355
0.857 0.125007 1 0.357
0.859 0.125 1 0.359
0.861 0.125 1 0.361
0.863 0.125 1 0.363
0.865 0.125 1 0.365
0.867 0.125 1 0.367
0.869 0.125 1 0.369
0.871 0.125 1 0.371
0.873 0.125 1 0.373
0.875 0.125 1 0.375
0.877 0.125 1 0.377
0.879 0.125 1 0.379
0.881 0.125 1 0.381
0.883 0.125 1 0.383
0.885 0.125 1 0.385
0.887 0.125 1 0.387
0.889 0.125 1 0.389
0.891 0.125 1 0.391
0.893 0.125 1 0.393
0.895 0.125 1 0.395
0.897 0.125 1 0.397
0.899 0.125 1 0.399
0.901 0.125 1 0.401
0.903 0.125 1 0.403
0.905 0.125 1 0.405
0.907 0.125 1 0.407
0.909 0.125 1 0.409
0.911 0.125 1 0.411
0.913 0.125 1 0.413
0.915 0.125 1 0.415
0.917 0.125 1 0.417
0.919 0.125 1 0.419
0.921 0.125 1 0.421
0.923 0.125 1 0.423
0.925 0.125 1 0.425
0.927 0.125 1 0.427
0.929 0.125 1 0.429
0.931 0.125 1 0.431
0.933 0.125 1 0.433
0.935 0.125 1 0.435
0.937 0.125 1 0.437
0.939 0.125 1 0.439
0.941 0.125 1 0.441
0.943 0.125 1 0.443
0.945 0.125 1 0.445
0.947 0.125 1 0.447
0.949 0.125 1 0.449
0.951 0.125 1 0.451
0.953 0.125 1 0.453
0.955 0.125 1 0.455
0.957 0.125 1 0.457
0.959 0.125 1 0.459
0.961 0.125 1 0.461
0.963 0.125 1 0.463
0.965 0.125 1 0.465
0.967 0.125 1 0.467
0.969 0.125 1 0.469
0.971 0.125 1 0.471
0.973 0.125 1 0.473
0.975 0.125 1 0.475
0.977 0.125 1 0.477
0.979 0.125 1 0.479
0.981 0.125 1 0.481
0.983 0.125 1 0.483
0.985 0.125 1 0.485
0.987 0.125 1 0.487
0.989 0.125 1 0.489
0.991 0.125 1 0.491
0.993 0.125 1 0.493
0.995 0.125 1 0.495
0.997 0.125 1 0.497
0.999 0.125 1 0.499
