0.005 1.333
0.015 1.333
0.025 1.333
0.035 1.333
0.045 1.333
0.055 1.333
0.065 1.333
0.075 1.333
0.085 1.333
0.095 1.333
0.105 1.333
0.115 1.333
0.125 1.333
0.135 1.333
0.145 1.333
0.155 1.333
0.165 1.333
0.175 1.333
0.185 1.333
0.195 1.333
0.205 1.333
0.215 1.333
0.225 1.333
0.235 1.333
0.245 1.333
0.255 1.333
0.265 1.333
0.275 1.333
0.285 1.333
0.295 1.333
0.305 1.333
0.315 1.333
0.325 1.333
0.335 1.333
0.345 1.333
0.355 1.333
0.365 1.333
0.375 1.333
0.385 1.333
0.395 1.333
0.405 1.333
0.415 1.333
0.425 1.333
0.435 1.333
0.445 1.3049
0.455 1.18101
0.465 1.18101
0.475 1.18101
0.485 1.18101
0.495 1.18101
0.505 1.18101
0.515 1.18101
0.525 1.18101
0.535 0.158764
0.545 0.158764
0.555 0.158764
0.565 0.158764
0.575 0.158764
0.585 0.158764
0.595 0.158764
0.605 0.158764
0.615 0.158764
0.625 0.158764
0.635 0.158764
0.645 0.158764
0.655 0.158764
0.665 0.158764
0.675 0.158764
0.685 0.158764
0.695 0.158764
0.705 0.158764
0.715 0.158764
0.725 0.158764
0.735 0.158764
0.745 0.1379
0.755 0.1379
0.765 0.1379
0.775 0.1379
0.785 0.1379
0.795 0.1379
0.805 0.1379
0.815 0.1379
0.825 0.1379
0.835 0.1379
0.845 0.1379
0.855 0.1379
0.865 0.1379
0.875 0.1379
0.885 0.1379
0.895 0.1379
0.905 0.1379
0.915 0.1379
0.925 0.1379
0.935 0.1379
0.945 0.1379
0.955 0.1379
0.965 0.1379
0.975 0.1379
0.985 0.1379
0.995 0.1379
