0.0005 1.33327 0.650928 -0.5285
0.0015 1.33327 0.650928 -0.527502
0.0025 1.33327 0.650928 -0.526502
0.0035 1.33327 0.650928 -0.525502
0.0045 1.33327 0.650928 -0.524502
0.0055 1.33327 0.650928 -0.523502
0.0065 1.33327 0.650928 -0.522502
0.0075 1.33327 0.650928 -0.521502
0.0085 1.33327 0.650928 -0.520502
0.0095 1.33327 0.650928 -0.519502
0.0105 1.33327 0.650928 -0.518502
0.0115 1.33327 0.650928 -0.517502
0.0125 1.33327 0.650928 -0.516502
0.0135 1.33327 0.650928 -0.515502
0.0145 1.33327 0.650928 -0.514502
0.0155 1.33327 0.650928 -0.513502
0.0165 1.33327 0.650928 -0.512502
0.0175 1.33327 0.650928 -0.511502
0.0185 1.33327 0.650928 -0.510502
0.0195 1.33327 0.650928 -0.509502
0.0205 1.33327 0.650928 -0.508502
0.0215 1.33327 0.650928 -0.507502
0.0225 1.33327 0.650928 -0.506502
0.0235 1.33327 0.650928 -0.505502
0.0245 1.33327 0.650928 -0.504502
0.0255 1.33327 0.650928 -0.503502
0.0265 1.33327 0.650928 -0.502502
0.0275 1.33327 0.650928 -0.501502
0.0285 1.33327 0.650928 -0.500502
0.0295 1.33327 0.650928 -0.499502
0.0305 1.33327 0.650928 -0.498502
0.0315 1.33327 0.650928 -0.497502
0.0325 1.33327 0.650928 -0.496502
0.0335 1.33327 0.650928 -0.495502
0.0345 1.33327 0.650928 -0.494502
0.0355 1.33327 0.650928 -0.493502
0.0365 1.33327 0.650928 -0.492502
0.0375 1.33327 0.650928 -0.491502
0.0385 1.33327 0.650928 -0.490502
0.0395 1.33327 0.650928 -0.489502
0.0405 1.33327 0.650928 -0.488502
0.0415 1.33327 0.650928 -0.487502
0.0425 1.33327 0.650928 -0.486502
0.0435 1.33327 0.650928 -0.485502
0.0445 1.33327 0.650928 -0.484502
0.0455 1.33327 0.650928 -0.483502
0.0465 1.33327 0.650928 -0.482502
0.0475 1.33327 0.650928 -0.481502
0.0485 1.33327 0.650928 -0.480502
0.0495 1.33327 0.650928 -0.479502
0.0505 1.33327 0.650928 -0.478502
0.0515 1.33327 0.650928 -0.477502
0.0525 1.33327 0.650928 -0.476502
0.0535 1.33327 0.650928 -0.475502
0.0545 1.33327 0.650928 -0.474502
0.0555 1.33327 0.650928 -0.473502
0.0565 1.33327 0.650928 -0.472502
0.0575 1.33327 0.650928 -0.471502
0.0585 1.33327 0.650928 -0.470502
0.0595 1.33327 0.650928 -0.469502
0.0605 1.33327 0.650928 -0.468502
0.0615 1.33327 0.650928 -0.467502
0.0625 1.33327 0.650928 -0.466502
0.0635 1.33327 0.650928 -0.465502
0.0645 1.33327 0.650928 -0.464502
0.0655 1.33327 0.650928 -0.463502
0.0665 1.33327 0.650928 -0.462502
0.0675 1.33327 0.650928 -0.461502
0.0685 1.33327 0.650928 -0.460502
0.0695 1.33327 0.650928 -0.459502
0.0705 1.33327 0.650928 -0.458502
0.0715 1.33327 0.650928 -0.457502
0.0725 1.33327 0.650928 -0.456502
0.0735 1.33327 0.650928 -0.455502
0.0745 1.33327 0.650928 -0.454502
0.0755 1.33327 0.650928 -0.453502
0.0765 1.33327 0.650928 -0.452502
0.0775 1.33327 0.650928 -0.451502
0.0785 1.33327 0.650928 -0.450502
0.0795 1.33327 0.650928 -0.449502
0.0805 1.33327 0.650928 -0.448502
0.0815 1.33327 0.650928 -0.447502
0.0825 1.33327 0.650928 -0.446502
0.0835 1.33327 0.650928 -0.445502
0.0845 1.33327 0.650928 -0.444502
0.0855 1.33327 0.650928 -0.443502
0.0865 1.33327 0.650928 -0.442502
0.0875 1.33327 0.650928 -0.441502
0.0885 1.33327 0.650928 -0.440502
0.0895 1.33327 0.650928 -0.439502
0.0905 1.33327 0.650928 -0.438502
0.0915 1.33327 0.650928 -0.437502
0.0925 1.33327 0.650928 -0.436502
0.0935 1.33327 0.650928 -0.435502
0.0945 1.33327 0.650928 -0.434502
0.0955 1.33327 0.650928 -0.433502
0.0965 1.33327 0.650928 -0.432502
0.0975 1.33327 0.650928 -0.431502
0.0985 1.33327 0.650928 -0.430502
0.0995 1.33327 0.650928 -0.429502
0.1005 1.33327 0.650928 -0.428502
0.1015 1.33327 0.650928 -0.427502
0.1025 1.33327 0.650928 -0.426502
0.1035 1.33327 0.650928 -0.425502
0.1045 1.33327 0.650928 -0.424502
0.1055 1.33327 0.650928 -0.423502
0.1065 1.33327 0.650928 -0.422502
0.1075 1.33327 0.650928 -0.421502
0.1085 1.33327 0.650928 -0.420502
0.1095 1.33327 0.650928 -0.419502
0.1105 1.33327 0.650928 -0.418502
0.1115 1.33327 0.650928 -0.417502
0.1125 1.33327 0.650928 -0.416502
0.1135 1.33327 0.650928 -0.415502
0.1145 1.33327 0.650928 -0.414502
0.1155 1.33327 0.650928 -0.413502
0.1165 1.33327 0.650928 -0.412502
0.1175 1.33327 0.650928 -0.411502
0.1185 1.33327 0.650928 -0.410502
0.1195 1.33327 0.650928 -0.409502
0.1205 1.33327 0.650928 -0.408502
0.1215 1.33327 0.650928 -0.407502
0.1225 1.33327 0.650928 -0.406502
0.1235 1.33327 0.650928 -0.405502
0.1245 1.33327 0.650928 -0.404502
0.1255 1.33327 0.650928 -0.403502
0.1265 1.33327 0.650928 -0.402502
0.1275 1.33327 0.650928 -0.401502
0.1285 1.33327 0.650928 -0.400502
0.1295 1.33326 0.650928 -0.399502
0.1305 1.33326 0.650928 -0.398502
0.1315 1.33326 0.650928 -0.397502
0.1325 1.33326 0.650928 -0.396502
0.1335 1.33326 0.650928 -0.395502
0.1345 1.33326 0.650928 -0.394502
0.1355 1.33326 0.650928 -0.393502
0.1365 1.33325 0.650928 -0.392502
0.1375 1.33325 0.650928 -0.391502
0.1385 1.33325 0.650928 -0.390502
0.1395 1.33325 0.650928 -0.389502
0.1405 1.33324 0.650928 -0.388502
0.1415 1.33324 0.650928 -0.387502
0.1425 1.33324 0.650928 -0.386502
0.1435 1.33323 0.650928 -0.385502
0.1445 1.33323 0.650928 -0.384502
0.1455 1.33322 0.650928 -0.383502
0.1465 1.33322 0.650928 -0.382502
0.1475 1.33321 0.650928 -0.381502
0.1485 1.3332 0.650928 -0.380502
0.1495 1.33319 0.650928 -0.379502
0.1505 1.33319 0.650928 -0.378502
0.1515 1.33318 0.650928 -0.377502
0.1525 1.33317 0.650928 -0.376502
0.1535 1.33316 0.650928 -0.375502
0.1545 1.33315 0.650928 -0.374502
0.1555 1.33314 0.650928 -0.373502
0.1565 1.33312 0.650928 -0.372502
0.1575 1.33311 0.650928 -0.371502
0.1585 1.33309 0.650928 -0.370502
0.1595 1.33307 0.650928 -0.369502
0.1605 1.33305 0.650928 -0.368502
0.1615 1.33303 0.650928 -0.367502
0.1625 1.333 0.650928 -0.366502
0.1635 1.33298 0.650928 -0.365502
0.1645 1.33295 0.650928 -0.364502
0.1655 1.33291 0.650928 -0.363502
0.1665 1.33288 0.650928 -0.362502
0.1675 1.33284 0.650928 -0.361502
0.1685 1.3328 0.650928 -0.360502
0.1695 1.33275 0.650928 -0.359502
0.1705 1.3327 0.650928 -0.358502
0.1715 1.33264 0.650928 -0.357502
0.1725 1.33258 0.650928 -0.356502
0.1735 1.33252 0.650928 -0.355502
0.1745 1.33245 0.650928 -0.354502
0.1755 1.33238 0.650928 -0.353502
0.1765 1.33231 0.650928 -0.352502
0.1775 1.33223 0.650928 -0.351502
0.1785 1.33214 0.650928 -0.350502
0.1795 1.33206 0.650928 -0.349502
0.1805 1.33198 0.650928 -0.348502
0.1815 1.33192 0.650928 -0.347502
0.1825 1.33188 0.650928 -0.346502
0.1835 1.33185 0.650928 -0.345502
0.1845 1.33185 0.650928 -0.344502
0.1855 1.33184 0.650928 -0.343502
0.1865 1.33184 0.650928 -0.342502
0.1875 1.33185 0.650928 -0.341502
0.1885 1.33185 0.650928 -0.340502
0.1895 1.33185 0.650928 -0.339502
0.1905 1.33185 0.650928 -0.338502
0.1915 1.33186 0.650928 -0.337502
0.1925 1.33187 0.650928 -0.336502
0.1935 1.33188 0.650928 -0.335502
0.1945 1.3319 0.650928 -0.334502
0.1955 1.33193 0.650928 -0.333502
0.1965 1.33195 0.650928 -0.332502
0.1975 1.33199 0.650928 -0.331502
0.1985 1.33203 0.650928 -0.330502
0.1995 1.33208 0.650928 -0.329502
0.2005 1.33213 0.650928 -0.328502
0.2015 1.33219 0.650928 -0.327502
0.2025 1.33226 0.650928 -0.326502
0.2035 1.33233 0.650928 -0.325502
0.2045 1.33241 0.650928 -0.324502
0.2055 1.33249 0.650928 -0.323502
0.2065 1.33258 0.650928 -0.322502
0.2075 1.33268 0.650928 -0.321502
0.2085 1.33277 0.650928 -0.320502
0.2095 1.33287 0.650928 -0.319502
0.2105 1.33295 0.650928 -0.318502
0.2115 1.33302 0.650928 -0.317502
0.2125 1.33307 0.650928 -0.316502
0.2135 1.33309 0.650928 -0.315502
0.2145 1.33311 0.650928 -0.314502
0.2155 1.33312 0.650928 -0.313502
0.2165 1.33313 0.650928 -0.312502
0.2175 1.33314 0.650928 -0.311502
0.2185 1.33315 0.650928 -0.310502
0.2195 1.33315 0.650928 -0.309502
0.2205 1.33316 0.650928 -0.308502
0.2215 1.33317 0.650928 -0.307502
0.2225 1.33317 0.650928 -0.306502
0.2235 1.33318 0.650928 -0.305502
0.2245 1.33319 0.650928 -0.304502
0.2255 1.33319 0.650928 -0.303502
0.2265 1.3332 0.650928 -0.302502
0.2275 1.33321 0.650928 -0.301502
0.2285 1.33321 0.650928 -0.300502
0.2295 1.33322 0.650928 -0.299502
0.2305 1.33322 0.650928 -0.298502
0.2315 1.33323 0.650928 -0.297502
0.2325 1.33323 0.650928 -0.296502
0.2335 1.33324 0.650928 -0.295502
0.2345 1.33324 0.650928 -0.294502
0.2355 1.33324 0.650928 -0.293502
0.2365 1.33325 0.650928 -0.292502
0.2375 1.33325 0.650928 -0.291502
0.2385 1.33325 0.650928 -0.290502
0.2395 1.33325 0.650928 -0.289502
0.2405 1.33326 0.650928 -0.288502
0.2415 1.33326 0.650928 -0.287502
0.2425 1.33326 0.650928 -0.286502
0.2435 1.33326 0.650928 -0.285502
0.2445 1.33326 0.650928 -0.284502
0.2455 1.33326 0.650928 -0.283502
0.2465 1.33327 0.650928 -0.282502
0.2475 1.33327 0.650928 -0.281502
0.2485 1.33327 0.650928 -0.280502
0.2495 1.33327 0.650928 -0.279502
0.2505 1.33327 0.650928 -0.278502
0.2515 1.33328 0.650928 -0.277502
0.2525 1.33328 0.650928 -0.276502
0.2535 1.33328 0.650928 -0.275502
0.2545 1.33328 0.650928 -0.274502
0.2555 1.33328 0.650928 -0.273502
0.2565 1.33328 0.650928 -0.272502
0.2575 1.33328 0.650928 -0.271502
0.2585 1.33329 0.650928 -0.270502
0.2595 1.33329 0.650928 -0.269502
0.2605 1.33329 0.650928 -0.268502
0.2615 1.33329 0.650928 -0.267502
0.2625 1.33329 0.650928 -0.266502
0.2635 1.33329 0.650928 -0.265502
0.2645 1.33329 0.650928 -0.264502
0.2655 1.33329 0.650928 -0.263502
0.2665 1.33329 0.650928 -0.262502
0.2675 1.33329 0.650928 -0.261502
0.2685 1.33329 0.650928 -0.260502
0.2695 1.33329 0.650928 -0.259502
0.2705 1.33329 0.650928 -0.258502
0.2715 1.33329 0.650928 -0.257502
0.2725 1.3333 0.650928 -0.256502
0.2735 1.3333 0.650928 -0.255502
0.2745 1.3333 0.650928 -0.254502
0.2755 1.3333 0.650928 -0.253502
0.2765 1.3333 0.650928 -0.252502
0.2775 1.3333 0.650928 -0.251502
0.2785 1.3333 0.650928 -0.250502
0.2795 1.3333 0.650928 -0.249502
0.2805 1.3333 0.650928 -0.248502
0.2815 1.3333 0.650928 -0.247502
0.2825 1.3333 0.650928 -0.246502
0.2835 1.3333 0.650928 -0.245502
0.2845 1.3333 0.650928 -0.244502
0.2855 1.3333 0.650928 -0.243502
0.2865 1.3333 0.650928 -0.242502
0.2875 1.3333 0.650928 -0.241502
0.2885 1.3333 0.650928 -0.240502
0.2895 1.3333 0.650928 -0.239502
0.2905 1.3333 0.650928 -0.238502
0.2915 1.3333 0.650928 -0.237502
0.2925 1.3333 0.650928 -0.236502
0.2935 1.3333 0.650928 -0.235502
0.2945 1.3333 0.650928 -0.234502
0.2955 1.3333 0.650928 -0.233502
0.2965 1.3333 0.650928 -0.232502
0.2975 1.3333 0.650928 -0.231502
0.2985 1.3333 0.650928 -0.230502
0.2995 1.3333 0.650928 -0.229502
0.3005 1.3333 0.650928 -0.228502
0.3015 1.3333 0.650928 -0.227502
0.3025 1.3333 0.650928 -0.226502
0.3035 1.3333 0.650928 -0.225502
0.3045 1.3333 0.650928 -0.224502
0.3055 1.3333 0.650928 -0.223502
0.3065 1.3333 0.650928 -0.222502
0.3075 1.33331 0.650928 -0.221502
0.3085 1.33331 0.650928 -0.220502
0.3095 1.33331 0.650928 -0.219502
0.3105 1.33331 0.650928 -0.218502
0.3115 1.33331 0.650928 -0.217502
0.3125 1.33331 0.650928 -0.216502
0.3135 1.33331 0.650928 -0.215502
0.3145 1.33331 0.650928 -0.214502
0.3155 1.33331 0.650928 -0.213502
0.3165 1.33331 0.650928 -0.212502
0.3175 1.33331 0.650928 -0.211502
0.3185 1.33331 0.650928 -0.210502
0.3195 1.33331 0.650928 -0.209502
0.3205 1.33331 0.650928 -0.208502
0.3215 1.33331 0.650928 -0.207502
0.3225 1.33331 0.650928 -0.206502
0.3235 1.33331 0.650928 -0.205502
0.3245 1.33331 0.650928 -0.204502
0.3255 1.33331 0.650928 -0.203502
0.3265 1.33331 0.650928 -0.202502
0.3275 1.33331 0.650928 -0.201502
0.3285 1.33331 0.650928 -0.200502
0.3295 1.33331 0.650928 -0.199502
0.3305 1.33331 0.650928 -0.198502
0.3315 1.33331 0.650928 -0.197502
0.3325 1.33331 0.650928 -0.196502
0.3335 1.33331 0.650928 -0.195502
0.3345 1.33331 0.650928 -0.194502
0.3355 1.33331 0.650928 -0.193502
0.3365 1.3333 0.650928 -0.192502
0.3375 1.3333 0.650928 -0.191502
0.3385 1.3333 0.650928 -0.190502
0.3395 1.3333 0.650928 -0.189502
0.3405 1.3333 0.650928 -0.188502
0.3415 1.3333 0.650928 -0.187502
0.3425 1.3333 0.650928 -0.186502
0.3435 1.3333 0.650928 -0.185502
0.3445 1.3333 0.650928 -0.184502
0.3455 1.3333 0.650928 -0.183502
0.3465 1.3333 0.650928 -0.182502
0.3475 1.3333 0.650928 -0.181502
0.3485 1.3333 0.650928 -0.180502
0.3495 1.3333 0.650928 -0.179502
0.3505 1.3333 0.650928 -0.178502
0.3515 1.3333 0.650928 -0.177502
0.3525 1.3333 0.650928 -0.176502
0.3535 1.33329 0.650928 -0.175502
0.3545 1.33329 0.650928 -0.174502
0.3555 1.33329 0.650928 -0.173502
0.3565 1.33329 0.650928 -0.172502
0.3575 1.33329 0.650928 -0.171502
0.3585 1.33328 0.650928 -0.170502
0.3595 1.33328 0.650928 -0.169502
0.3605 1.33328 0.650928 -0.168502
0.3615 1.33327 0.650928 -0.167502
0.3625 1.33327 0.650928 -0.166502
0.3635 1.33326 0.650928 -0.165502
0.3645 1.33325 0.650928 -0.164502
0.3655 1.33325 0.650928 -0.163502
0.3665 1.33324 0.650928 -0.162502
0.3675 1.33323 0.650928 -0.161502
0.3685 1.33322 0.650928 -0.160502
0.3695 1.33321 0.650928 -0.159502
0.3705 1.3332 0.650928 -0.158502
0.3715 1.33318 0.650928 -0.157502
0.3725 1.33317 0.650928 -0.156502
0.3735 1.33315 0.650928 -0.155502
0.3745 1.33313 0.650928 -0.154502
0.3755 1.33311 0.650928 -0.153502
0.3765 1.33308 0.650928 -0.152502
0.3775 1.33306 0.650928 -0.151502
0.3785 1.33302 0.650928 -0.150502
0.3795 1.33299 0.650928 -0.149502
0.3805 1.33295 0.650928 -0.148502
0.3815 1.33291 0.650928 -0.147502
0.3825 1.33286 0.650928 -0.146502
0.3835 1.33281 0.650928 -0.145502
0.3845 1.33275 0.650928 -0.144502
0.3855 1.33268 0.650928 -0.143502
0.3865 1.33261 0.650928 -0.142502
0.3875 1.33253 0.650928 -0.141502
0.3885 1.33244 0.650928 -0.140502
0.3895 1.33234 0.650928 -0.139502
0.3905 1.33223 0.650928 -0.138502
0.3915 1.3321 0.650928 -0.137502
0.3925 1.33196 0.650928 -0.136502
0.3935 1.33181 0.650928 -0.135502
0.3945 1.33165 0.650928 -0.134502
0.3955 1.33146 0.650928 -0.133502
0.3965 1.33126 0.650928 -0.132502
0.3975 1.33104 0.650928 -0.131502
0.3985 1.3308 0.650928 -0.130502
0.3995 1.33053 0.650928 -0.129502
0.4005 1.33024 0.650928 -0.128502
0.4015 1.32992 0.650928 -0.127502
0.4025 1.32957 0.650928 -0.126502
0.4035 1.32919 0.650928 -0.125502
0.4045 1.32877 0.650928 -0.124502
0.4055 1.32831 0.650928 -0.123502
0.4065 1.32782 0.650928 -0.122502
0.4075 1.32728 0.650928 -0.121502
0.4085 1.32668 0.650928 -0.120502
0.4095 1.32604 0.650928 -0.119502
0.4105 1.32534 0.650928 -0.118502
0.4115 1.32458 0.650928 -0.117502
0.4125 1.32376 0.650928 -0.116502
0.4135 1.32287 0.650928 -0.115502
0.4145 1.3219 0.650928 -0.114502
0.4155 1.32086 0.650928 -0.113502
0.4165 1.31973 0.650928 -0.112502
0.4175 1.31851 0.650928 -0.111502
0.4185 1.31719 0.650928 -0.110502
0.4195 1.31578 0.650928 -0.109502
0.4205 1.31426 0.650928 -0.108502
0.4215 1.31263 0.650928 -0.107502
0.4225 1.31088 0.650928 -0.106502
0.4235 1.30901 0.650928 -0.105502
0.4245 1.30702 0.650928 -0.104502
0.4255 1.30489 0.650928 -0.103502
0.4265 1.30263 0.650928 -0.102502
0.4275 1.30023 0.650928 -0.101502
0.4285 1.29768 0.650928 -0.100502
0.4295 1.295 0.650928 -0.0995024
0.4305 1.29216 0.650928 -0.0985024
0.4315 1.28918 0.650928 -0.0975024
0.4325 1.28605 0.650928 -0.0965024
0.4335 1.28277 0.650928 -0.0955024
0.4345 1.27935 0.650928 -0.0945025
0.4355 1.27579 0.650928 -0.0935025
0.4365 1.27208 0.650928 -0.0925025
0.4375 1.26825 0.650928 -0.0915025
0.4385 1.26428 0.650928 -0.0905026
0.4395 1.26019 0.650928 -0.0895026
0.4405 1.25598 0.650928 -0.0885026
0.4415 1.25166 0.650928 -0.0875026
0.4425 1.24724 0.650928 -0.0865027
0.4435 1.24272 0.650928 -0.0855027
0.4445 1.2381 0.650928 -0.0845027
0.4455 1.23342 0.650928 -0.0835027
0.4465 1.22865 0.650928 -0.0825028
0.4475 1.22383 0.650928 -0.0815028
0.4485 1.21894 0.650928 -0.0805028
0.4495 1.21405 0.650928 -0.0795029
0.4505 1.20935 0.650928 -0.0785029
0.4515 1.20497 0.650928 -0.0775029
0.4525 1.20102 0.650928 -0.0765029
0.4535 1.19751 0.650928 -0.075503
0.4545 1.19447 0.650928 -0.074503
0.4555 1.19185 0.650928 -0.073503
0.4565 1.18961 0.650928 -0.072503
0.4575 1.18772 0.650928 -0.071503
0.4585 1.18612 0.650928 -0.070503
0.4595 1.18479 0.650928 -0.069503
0.4605 1.18368 0.650928 -0.068503
0.4615 1.18276 0.650928 -0.0675031
0.4625 1.182 0.650928 -0.0665031
0.4635 1.18139 0.650928 -0.0655031
0.4645 1.18091 0.650928 -0.0645031
0.4655 1.18053 0.650928 -0.0635031
0.4665 1.18025 0.650928 -0.0625031
0.4675 1.18005 0.650928 -0.0615031
0.4685 1.17992 0.650928 -0.0605031
0.4695 1.17984 0.650928 -0.0595031
0.4705 1.17979 0.650228 -0.0585031
0.4715 1.17976 0.647069 -0.0575031
0.4725 1.17973 0.643402 -0.0565031
0.4735 1.1797 0.640871 -0.0555031
0.4745 1.17966 0.638309 -0.0545031
0.4755 1.17963 0.635798 -0.0535031
0.4765 1.1796 0.633046 -0.0525031
0.4775 1.17959 0.629937 -0.0515031
0.4785 1.17958 0.626897 -0.0505031
0.4795 1.17957 0.624116 -0.0495031
0.4805 1.17955 0.621381 -0.0485031
0.4815 1.17951 0.618553 -0.0475031
0.4825 1.17945 0.615645 -0.0465031
0.4835 1.17934 0.612848 -0.0455031
0.4845 1.17916 0.610142 -0.0445031
0.4855 1.1789 0.607417 -0.0435031
0.4865 1.1785 0.604691 -0.0425031
0.4875 1.17795 0.602049 -0.0415031
0.4885 1.17714 0.599504 -0.0405031
0.4895 1.17624 0.59703 -0.0395031
0.4905 1.17542 0.594617 -0.0385031
0.4915 1.17443 0.59227 -0.0375031
0.4925 1.17345 0.589985 -0.0365031
0.4935 1.17263 0.587753 -0.0355031
0.4945 1.17168 0.58556 -0.0345031
0.4955 1.17063 0.583394 -0.0335031
0.4965 1.16938 0.581241 -0.0325031
0.4975 1.16807 0.57909 -0.0315031
0.4985 1.16661 0.576936 -0.0305031
0.4995 1.16475 0.574777 -0.0295031
0.5005 1.1627 0.572601 -0.0285031
0.5015 1.1604 0.570405 -0.0275031
0.5025 1.15774 0.568183 -0.0265031
0.5035 1.15463 0.565912 -0.0255031
0.5045 1.15104 0.563558 -0.0245031
0.5055 1.14686 0.561101 -0.0235031
0.5065 1.14201 0.558549 -0.0225031
0.5075 1.13654 0.555886 -0.0215031
0.5085 1.13027 0.553064 -0.0205031
0.5095 1.12291 0.550052 -0.0195031
0.5105 1.1144 0.546835 -0.0185031
0.5115 1.10474 0.543388 -0.0175031
0.5125 1.09377 0.539679 -0.0165031
0.5135 1.08126 0.53568 -0.0155031
0.5145 1.06702 0.531395 -0.0145031
0.5155 1.05092 0.526789 -0.0135031
0.5165 1.0328 0.52175 -0.0125031
0.5175 1.01236 0.516253 -0.0115031
0.5185 0.989334 0.510364 -0.0105031
0.5195 0.963602 0.504 -0.00950306
0.5205 0.934958 0.497032 -0.00850306
0.5215 0.903091 0.489521 -0.00750306
0.5225 0.867955 0.481445 -0.00650306
0.5235 0.829243 0.472624 -0.00550306
0.5245 0.787773 0.463105 -0.00450306
0.5255 0.741734 0.452941 -0.00350306
0.5265 0.695835 0.441895 -0.00250306
0.5275 0.663821 0.429962 -0.00150306
0.5285 0.651841 0.41721 -0.00101831
0.5295 0.650928 0.403295 1.70844e-06
0.5305 0.650928 0.388326 0.00149542
0.5315 0.650928 0.372576 0.00249694
0.5325 0.650928 0.355179 0.00349694
0.5335 0.650928 0.335951 0.00449694
0.5345 0.650928 0.316308 0.00549694
0.5355 0.650928 0.295327 0.00649694
0.5365 0.650928 0.271772 0.00749694
0.5375 0.650928 0.247807 0.00849694
0.5385 0.650928 0.223535 0.00949694
0.5395 0.650928 0.200771 0.0104969
0.5405 0.650928 0.183806 0.0114969
0.5415 0.650928 0.172919 0.0124969
0.5425 0.650928 0.16664 0.0134969
0.5435 0.650928 0.163331 0.0144969
0.5445 0.650928 0.161673 0.0154969
0.5455 0.650928 0.160858 0.0164969
0.5465 0.650928 0.160456 0.0174969
0.5475 0.650928 0.160241 0.0184969
0.5485 0.650928 0.160095 0.0194969
0.5495 0.650928 0.159975 0.0204969
0.5505 0.650928 0.159861 0.0214969
0.5515 0.650928 0.15976 0.0224969
0.5525 0.650928 0.159635 0.0234969
0.5535 0.650928 0.159497 0.0244969
0.5545 0.650928 0.159407 0.0254969
0.5555 0.650928 0.159337 0.0264969
0.5565 0.650928 0.159261 0.0274969
0.5575 0.650928 0.159184 0.0284969
0.5585 0.650928 0.159108 0.0294969
0.5595 0.650928 0.159037 0.0304969
0.5605 0.650928 0.158967 0.0314969
0.5615 0.650928 0.158906 0.0324969
0.5625 0.650928 0.158869 0.0334969
0.5635 0.650928 0.158852 0.0344969
0.5645 0.650928 0.158847 0.0354969
0.5655 0.650928 0.158843 0.0364969
0.5665 0.650928 0.158838 0.0374969
0.5675 0.650928 0.158835 0.0384969
0.5685 0.650928 0.158832 0.0394969
0.5695 0.650928 0.15883 0.0404969
0.5705 0.650928 0.158829 0.0414969
0.5715 0.650928 0.158829 0.0424969
0.5725 0.650928 0.158829 0.0434969
0.5735 0.650928 0.158829 0.0444969
0.5745 0.650928 0.15883 0.0454969
0.5755 0.650928 0.15883 0.0464969
0.5765 0.650928 0.15883 0.0474969
0.5775 0.650928 0.15883 0.0484969
0.5785 0.650928 0.158831 0.0494969
0.5795 0.650928 0.158831 0.0504969
0.5805 0.650928 0.158832 0.0514969
0.5815 0.650928 0.158832 0.0524969
0.5825 0.650928 0.158833 0.0534969
0.5835 0.650928 0.158833 0.0544969
0.5845 0.650928 0.158834 0.0554969
0.5855 0.650928 0.158835 0.0564969
0.5865 0.650928 0.158835 0.0574969
0.5875 0.650928 0.158836 0.0584969
0.5885 0.650928 0.158837 0.0594969
0.5895 0.650928 0.158837 0.0604969
0.5905 0.650928 0.158838 0.0614969
0.5915 0.650928 0.158839 0.0624969
0.5925 0.650928 0.158839 0.0634969
0.5935 0.650928 0.15884 0.0644969
0.5945 0.650928 0.158841 0.0654969
0.5955 0.650928 0.158841 0.0664969
0.5965 0.650928 0.158842 0.0674969
0.5975 0.650928 0.158843 0.0684969
0.5985 0.650928 0.158843 0.0694969
0.5995 0.650928 0.158844 0.0704969
0.6005 0.650928 0.158845 0.0714969
0.6015 0.650928 0.158846 0.0724969
0.6025 0.650928 0.158846 0.0734969
0.6035 0.650928 0.158847 0.0744969
0.6045 0.650928 0.158848 0.0754969
0.6055 0.650928 0.158848 0.0764969
0.6065 0.650928 0.158849 0.0774969
0.6075 0.650928 0.15885 0.0784969
0.6085 0.650928 0.158851 0.0794969
0.6095 0.650928 0.158852 0.0804969
0.6105 0.650928 0.158852 0.0814969
0.6115 0.650928 0.158853 0.0824969
0.6125 0.650928 0.158854 0.0834969
0.6135 0.650928 0.158854 0.0844969
0.6145 0.650928 0.158855 0.0854969
0.6155 0.650928 0.158855 0.0864969
0.6165 0.650928 0.158856 0.0874969
0.6175 0.650928 0.158857 0.0884969
0.6185 0.650928 0.158857 0.0894969
0.6195 0.650928 0.158858 0.0904969
0.6205 0.650928 0.158859 0.0914969
0.6215 0.650928 0.158859 0.0924969
0.6225 0.650928 0.15886 0.0934969
0.6235 0.650928 0.158861 0.0944969
0.6245 0.650928 0.158861 0.0954969
0.6255 0.650928 0.158862 0.0964969
0.6265 0.650928 0.158862 0.0974969
0.6275 0.650928 0.158863 0.0984969
0.6285 0.650928 0.158864 0.0994969
0.6295 0.650928 0.158865 0.100497
0.6305 0.650928 0.158865 0.101497
0.6315 0.650928 0.158866 0.102497
0.6325 0.650928 0.158867 0.103497
0.6335 0.650928 0.158868 0.104497
0.6345 0.650928 0.158869 0.105497
0.6355 0.650928 0.15887 0.106497
0.6365 0.650928 0.158871 0.107497
0.6375 0.650928 0.158872 0.108497
0.6385 0.650928 0.158874 0.109497
0.6395 0.650928 0.158875 0.110497
0.6405 0.650928 0.158877 0.111497
0.6415 0.650928 0.158878 0.112497
0.6425 0.650928 0.15888 0.113497
0.6435 0.650928 0.158882 0.114497
0.6445 0.650928 0.158884 0.115497
0.6455 0.650928 0.158887 0.116497
0.6465 0.650928 0.158889 0.117497
0.6475 0.650928 0.158892 0.118497
0.6485 0.650928 0.158894 0.119497
0.6495 0.650928 0.158897 0.120497
0.6505 0.650928 0.1589 0.121497
0.6515 0.650928 0.158903 0.122497
0.6525 0.650928 0.158906 0.123497
0.6535 0.650928 0.158909 0.124497
0.6545 0.650928 0.158912 0.125497
0.6555 0.650928 0.158915 0.126497
0.6565 0.650928 0.158919 0.127497
0.6575 0.650928 0.158923 0.128497
0.6585 0.650928 0.158926 0.129497
0.6595 0.650928 0.15893 0.130497
0.6605 0.650928 0.158935 0.131497
0.6615 0.650928 0.158939 0.132497
0.6625 0.650928 0.158944 0.133497
0.6635 0.650928 0.158948 0.134497
0.6645 0.650928 0.158953 0.135497
0.6655 0.650928 0.158958 0.136497
0.6665 0.650928 0.158964 0.137497
0.6675 0.650928 0.158969 0.138497
0.6685 0.650928 0.158975 0.139497
0.6695 0.650928 0.158981 0.140497
0.6705 0.650928 0.158987 0.141497
0.6715 0.650928 0.158993 0.142497
0.6725 0.650928 0.158999 0.143497
0.6735 0.650928 0.159005 0.144497
0.6745 0.650928 0.159011 0.145497
0.6755 0.650928 0.159018 0.146497
0.6765 0.650928 0.159025 0.147497
0.6775 0.650928 0.159031 0.148497
0.6785 0.650928 0.159038 0.149497
0.6795 0.650928 0.159046 0.150497
0.6805 0.650928 0.159053 0.151497
0.6815 0.650928 0.15906 0.152497
0.6825 0.650928 0.159067 0.153497
0.6835 0.650928 0.159075 0.154497
0.6845 0.650928 0.159083 0.155497
0.6855 0.650928 0.15909 0.156497
0.6865 0.650928 0.159098 0.157497
0.6875 0.650928 0.159105 0.158497
0.6885 0.650928 0.159114 0.159497
0.6895 0.650928 0.159121 0.160497
0.6905 0.650928 0.159129 0.161497
0.6915 0.650928 0.159137 0.162497
0.6925 0.650928 0.159146 0.163497
0.6935 0.650928 0.159154 0.164497
0.6945 0.650928 0.159163 0.165497
0.6955 0.650928 0.159171 0.166497
0.6965 0.650928 0.15918 0.167497
0.6975 0.650928 0.159189 0.168497
0.6985 0.650928 0.159198 0.169497
0.6995 0.650928 0.159207 0.170497
0.7005 0.650928 0.159216 0.171497
0.7015 0.650928 0.159225 0.172497
0.7025 0.650928 0.159234 0.173497
0.7035 0.650928 0.159244 0.174497
0.7045 0.650928 0.159253 0.175497
0.7055 0.650928 0.159263 0.176497
0.7065 0.650928 0.159273 0.177497
0.7075 0.650928 0.159283 0.178497
0.7085 0.650928 0.159294 0.179497
0.7095 0.650928 0.159304 0.180497
0.7105 0.650928 0.159315 0.181497
0.7115 0.650928 0.159325 0.182497
0.7125 0.650928 0.159336 0.183497
0.7135 0.650928 0.159347 0.184497
0.7145 0.650928 0.159358 0.185497
0.7155 0.650928 0.159368 0.186497
0.7165 0.650928 0.159379 0.187497
0.7175 0.650928 0.159389 0.188497
0.7185 0.650928 0.1594 0.189497
0.7195 0.650928 0.15941 0.190497
0.7205 0.650928 0.159421 0.191497
0.7215 0.650928 0.159431 0.192497
0.7225 0.650928 0.15944 0.193497
0.7235 0.650928 0.15945 0.194497
0.7245 0.650928 0.15946 0.195497
0.7255 0.650928 0.159468 0.196497
0.7265 0.650928 0.159474 0.197497
0.7275 0.650928 0.159477 0.198497
0.7285 0.650928 0.159477 0.199497
0.7295 0.650928 0.159477 0.200497
0.7305 0.650928 0.159477 0.201497
0.7315 0.650928 0.159475 0.202497
0.7325 0.650928 0.159473 0.203497
0.7335 0.650928 0.159469 0.204497
0.7345 0.650928 0.159462 0.205497
0.7355 0.650928 0.159451 0.206497
0.7365 0.650928 0.159435 0.207497
0.7375 0.650928 0.159409 0.208497
0.7385 0.650928 0.159367 0.209497
0.7395 0.650928 0.159291 0.210497
0.7405 0.650928 0.159146 0.211497
0.7415 0.650928 0.158853 0.212497
0.7425 0.650928 0.158242 0.213497
0.7435 0.650928 0.156967 0.214497
0.7445 0.650928 0.154437 0.215498
0.7455 0.650928 0.149657 0.216498
0.7465 0.650928 0.143031 0.217499
0.7475 0.650928 0.138769 0.2185
0.7485 0.650928 0.137988 0.2195
0.7495 0.650928 0.137909 0.2205
0.7505 0.650928 0.137901 0.2215
0.7515 0.650928 0.1379 0.2225
0.7525 0.650928 0.1379 0.2235
0.7535 0.650928 0.1379 0.2245
0.7545 0.650928 0.1379 0.2255
0.7555 0.650928 0.1379 0.2265
0.7565 0.650928 0.1379 0.2275
0.7575 0.650928 0.1379 0.2285
0.7585 0.650928 0.1379 0.2295
0.7595 0.650928 0.1379 0.2305
0.7605 0.650928 0.1379 0.2315
0.7615 0.650928 0.1379 0.2325
0.7625 0.650928 0.1379 0.2335
0.7635 0.650928 0.1379 0.2345
0.7645 0.650928 0.1379 0.2355
0.7655 0.650928 0.1379 0.2365
0.7665 0.650928 0.1379 0.2375
0.7675 0.650928 0.1379 0.2385
0.7685 0.650928 0.1379 0.2395
0.7695 0.650928 0.1379 0.2405
0.7705 0.650928 0.1379 0.2415
0.7715 0.650928 0.1379 0.2425
0.7725 0.650928 0.1379 0.2435
0.7735 0.650928 0.1379 0.2445
0.7745 0.650928 0.1379 0.2455
0.7755 0.650928 0.1379 0.2465
0.7765 0.650928 0.1379 0.2475
0.7775 0.650928 0.1379 0.2485
0.7785 0.650928 0.1379 0.2495
0.7795 0.650928 0.1379 0.2505
0.7805 0.650928 0.1379 0.2515
0.7815 0.650928 0.1379 0.2525
0.7825 0.650928 0.1379 0.2535
0.7835 0.650928 0.1379 0.2545
0.7845 0.650928 0.1379 0.2555
0.7855 0.650928 0.1379 0.2565
0.7865 0.650928 0.1379 0.2575
0.7875 0.650928 0.1379 0.2585
0.7885 0.650928 0.1379 0.2595
0.7895 0.650928 0.1379 0.2605
0.7905 0.650928 0.1379 0.2615
0.7915 0.650928 0.1379 0.2625
0.7925 0.650928 0.1379 0.2635
0.7935 0.650928 0.1379 0.2645
0.7945 0.650928 0.1379 0.2655
0.7955 0.650928 0.1379 0.2665
0.7965 0.650928 0.1379 0.2675
0.7975 0.650928 0.1379 0.2685
0.7985 0.650928 0.1379 0.2695
0.7995 0.650928 0.1379 0.2705
0.8005 0.650928 0.1379 0.2715
0.8015 0.650928 0.1379 0.2725
0.8025 0.650928 0.1379 0.2735
0.8035 0.650928 0.1379 0.2745
0.8045 0.650928 0.1379 0.2755
0.8055 0.650928 0.1379 0.2765
0.8065 0.650928 0.1379 0.2775
0.8075 0.650928 0.1379 0.2785
0.8085 0.650928 0.1379 0.2795
0.8095 0.650928 0.1379 0.2805
0.8105 0.650928 0.1379 0.2815
0.8115 0.650928 0.1379 0.2825
0.8125 0.650928 0.1379 0.2835
0.8135 0.650928 0.1379 0.2845
0.8145 0.650928 0.1379 0.2855
0.8155 0.650928 0.1379 0.2865
0.8165 0.650928 0.1379 0.2875
0.8175 0.650928 0.1379 0.2885
0.8185 0.650928 0.1379 0.2895
0.8195 0.650928 0.1379 0.2905
0.8205 0.650928 0.1379 0.2915
0.8215 0.650928 0.1379 0.2925
0.8225 0.650928 0.1379 0.2935
0.8235 0.650928 0.1379 0.2945
0.8245 0.650928 0.1379 0.2955
0.8255 0.650928 0.1379 0.2965
0.8265 0.650928 0.1379 0.2975
0.8275 0.650928 0.1379 0.2985
0.8285 0.650928 0.1379 0.2995
0.8295 0.650928 0.1379 0.3005
0.8305 0.650928 0.1379 0.3015
0.8315 0.650928 0.1379 0.3025
0.8325 0.650928 0.1379 0.3035
0.8335 0.650928 0.1379 0.3045
0.8345 0.650928 0.1379 0.3055
0.8355 0.650928 0.1379 0.3065
0.8365 0.650928 0.1379 0.3075
0.8375 0.650928 0.1379 0.3085
0.8385 0.650928 0.1379 0.3095
0.8395 0.650928 0.1379 0.3105
0.8405 0.650928 0.1379 0.3115
0.8415 0.650928 0.1379 0.3125
0.8425 0.650928 0.1379 0.3135
0.8435 0.650928 0.1379 0.3145
0.8445 0.650928 0.1379 0.3155
0.8455 0.650928 0.1379 0.3165
0.8465 0.650928 0.1379 0.3175
0.8475 0.650928 0.1379 0.3185
0.8485 0.650928 0.1379 0.3195
0.8495 0.650928 0.1379 0.3205
0.8505 0.650928 0.1379 0.3215
0.8515 0.650928 0.1379 0.3225
0.8525 0.650928 0.1379 0.3235
0.8535 0.650928 0.1379 0.3245
0.8545 0.650928 0.1379 0.3255
0.8555 0.650928 0.1379 0.3265
0.8565 0.650928 0.1379 0.3275
0.8575 0.650928 0.1379 0.3285
0.8585 0.650928 0.1379 0.3295
0.8595 0.650928 0.1379 0.3305
0.8605 0.650928 0.1379 0.3315
0.8615 0.650928 0.1379 0.3325
0.8625 0.650928 0.1379 0.3335
0.8635 0.650928 0.1379 0.3345
0.8645 0.650928 0.1379 0.3355
0.8655 0.650928 0.1379 0.3365
0.8665 0.650928 0.1379 0.3375
0.8675 0.650928 0.1379 0.3385
0.8685 0.650928 0.1379 0.3395
0.8695 0.650928 0.1379 0.3405
0.8705 0.650928 0.1379 0.3415
0.8715 0.650928 0.1379 0.3425
0.8725 0.650928 0.1379 0.3435
0.8735 0.650928 0.1379 0.3445
0.8745 0.650928 0.1379 0.3455
0.8755 0.650928 0.1379 0.3465
0.8765 0.650928 0.1379 0.3475
0.8775 0.650928 0.1379 0.3485
0.8785 0.650928 0.1379 0.3495
0.8795 0.650928 0.1379 0.3505
0.8805 0.650928 0.1379 0.3515
0.8815 0.650928 0.1379 0.3525
0.8825 0.650928 0.1379 0.3535
0.8835 0.650928 0.1379 0.3545
0.8845 0.650928 0.1379 0.3555
0.8855 0.650928 0.1379 0.3565
0.8865 0.650928 0.1379 0.3575
0.8875 0.650928 0.1379 0.3585
0.8885 0.650928 0.1379 0.3595
0.8895 0.650928 0.1379 0.3605
0.8905 0.650928 0.1379 0.3615
0.8915 0.650928 0.1379 0.3625
0.8925 0.650928 0.1379 0.3635
0.8935 0.650928 0.1379 0.3645
0.8945 0.650928 0.1379 0.3655
0.8955 0.650928 0.1379 0.3665
0.8965 0.650928 0.1379 0.3675
0.8975 0.650928 0.1379 0.3685
0.8985 0.650928 0.1379 0.3695
0.8995 0.650928 0.1379 0.3705
0.9005 0.650928 0.1379 0.3715
0.9015 0.650928 0.1379 0.3725
0.9025 0.650928 0.1379 0.3735
0.9035 0.650928 0.1379 0.3745
0.9045 0.650928 0.1379 0.3755
0.9055 0.650928 0.1379 0.3765
0.9065 0.650928 0.1379 0.3775
0.9075 0.650928 0.1379 0.3785
0.9085 0.650928 0.1379 0.3795
0.9095 0.650928 0.1379 0.3805
0.9105 0.650928 0.1379 0.3815
0.9115 0.650928 0.1379 0.3825
0.9125 0.650928 0.1379 0.3835
0.9135 0.650928 0.1379 0.3845
0.9145 0.650928 0.1379 0.3855
0.9155 0.650928 0.1379 0.3865
0.9165 0.650928 0.1379 0.3875
0.9175 0.650928 0.1379 0.3885
0.9185 0.650928 0.1379 0.3895
0.9195 0.650928 0.1379 0.3905
0.9205 0.650928 0.1379 0.3915
0.9215 0.650928 0.1379 0.3925
0.9225 0.650928 0.1379 0.3935
0.9235 0.650928 0.1379 0.3945
0.9245 0.650928 0.1379 0.3955
0.9255 0.650928 0.1379 0.3965
0.9265 0.650928 0.1379 0.3975
0.9275 0.650928 0.1379 0.3985
0.9285 0.650928 0.1379 0.3995
0.9295 0.650928 0.1379 0.4005
0.9305 0.650928 0.1379 0.4015
0.9315 0.650928 0.1379 0.4025
0.9325 0.650928 0.1379 0.4035
0.9335 0.650928 0.1379 0.4045
0.9345 0.650928 0.1379 0.4055
0.9355 0.650928 0.1379 0.4065
0.9365 0.650928 0.1379 0.4075
0.9375 0.650928 0.1379 0.4085
0.9385 0.650928 0.1379 0.4095
0.9395 0.650928 0.1379 0.4105
0.9405 0.650928 0.1379 0.4115
0.9415 0.650928 0.1379 0.4125
0.9425 0.650928 0.1379 0.4135
0.9435 0.650928 0.1379 0.4145
0.9445 0.650928 0.1379 0.4155
0.9455 0.650928 0.1379 0.4165
0.9465 0.650928 0.1379 0.4175
0.9475 0.650928 0.1379 0.4185
0.9485 0.650928 0.1379 0.4195
0.9495 0.650928 0.1379 0.4205
0.9505 0.650928 0.1379 0.4215
0.9515 0.650928 0.1379 0.4225
0.9525 0.650928 0.1379 0.4235
0.9535 0.650928 0.1379 0.4245
0.9545 0.650928 0.1379 0.4255
0.9555 0.650928 0.1379 0.4265
0.9565 0.650928 0.1379 0.4275
0.9575 0.650928 0.1379 0.4285
0.9585 0.650928 0.1379 0.4295
0.9595 0.650928 0.1379 0.4305
0.9605 0.650928 0.1379 0.4315
0.9615 0.650928 0.1379 0.4325
0.9625 0.650928 0.1379 0.4335
0.9635 0.650928 0.1379 0.4345
0.9645 0.650928 0.1379 0.4355
0.9655 0.650928 0.1379 0.4365
0.9665 0.650928 0.1379 0.4375
0.9675 0.650928 0.1379 0.4385
0.9685 0.650928 0.1379 0.4395
0.9695 0.650928 0.1379 0.4405
0.9705 0.650928 0.1379 0.4415
0.9715 0.650928 0.1379 0.4425
0.9725 0.650928 0.1379 0.4435
0.9735 0.650928 0.1379 0.4445
0.9745 0.650928 0.1379 0.4455
0.9755 0.650928 0.1379 0.4465
0.9765 0.650928 0.1379 0.4475
0.9775 0.650928 0.1379 0.4485
0.9785 0.650928 0.1379 0.4495
0.9795 0.650928 0.1379 0.4505
0.9805 0.650928 0.1379 0.4515
0.9815 0.650928 0.1379 0.4525
0.9825 0.650928 0.1379 0.4535
0.9835 0.650928 0.1379 0.4545
0.9845 0.650928 0.1379 0.4555
0.9855 0.650928 0.1379 0.4565
0.9865 0.650928 0.1379 0.4575
0.9875 0.650928 0.1379 0.4585
0.9885 0.650928 0.1379 0.4595
0.9895 0.650928 0.1379 0.4605
0.9905 0.650928 0.1379 0.4615
0.9915 0.650928 0.1379 0.4625
0.9925 0.650928 0.1379 0.4635
0.9935 0.650928 0.1379 0.4645
0.9945 0.650928 0.1379 0.4655
0.9955 0.650928 0.1379 0.4665
0.9965 0.650928 0.1379 0.4675
0.9975 0.650928 0.1379 0.4685
0.9985 0.650928 0.1379 0.4695
0.9995 0.650928 0.1379 0.4705
