0.005 -6.19728
0.015 -6.19728
0.025 -6.19728
0.035 -6.19728
0.045 -6.19728
0.055 -6.19728
0.065 -6.19728
0.075 -6.19728
0.085 -6.19728
0.095 -6.19728
0.105 -6.19728
0.115 -6.19728
0.125 -6.19728
0.135 -6.19728
0.145 -6.19728
0.155 -6.19728
0.165 -6.19728
0.175 -6.19728
0.185 -6.19728
0.195 -6.19728
0.205 -6.19728
0.215 -6.19728
0.225 -6.19728
0.235 -6.19728
0.245 -6.19728
0.255 -6.19728
0.265 -6.19728
0.275 -6.19728
0.285 -6.19728
0.295 -6.19728
0.305 -6.19728
0.315 -6.19728
0.325 -6.19728
0.335 -6.19728
0.345 -6.19728
0.355 -6.19728
0.365 -6.19728
0.375 -6.19728
0.385 -6.19728
0.395 -6.19728
0.405 -6.19728
0.415 -6.19728
0.425 -6.19728
0.435 -6.19728
0.445 -6.19728
0.455 -6.19728
0.465 -6.19728
0.475 -6.19728
0.485 -6.19728
0.495 -6.19728
0.505 -6.19728
0.515 -6.19728
0.525 -6.19728
0.535 -6.19728
0.545 -6.19728
0.555 -6.19728
0.565 -6.19728
0.575 -6.19728
0.585 -6.19728
0.595 -6.19728
0.605 -6.19728
0.615 -6.19728
0.625 -6.19728
0.635 -6.19728
0.645 -6.19728
0.655 -6.19728
0.665 -6.19728
0.675 -6.19728
0.685 -6.19728
0.695 -6.19728
0.705 -6.19728
0.715 -6.19728
0.725 -6.19728
0.735 -6.19728
0.745 -6.19728
0.755 -6.19728
0.765 -6.19728
0.775 -6.19728
0.785 -6.19728
0.795 -6.19728
0.805 -6.19728
0.815 -6.19728
0.825 -6.19728
0.835 -6.19728
0.845 -6.19728
0.855 -6.19728
0.865 -6.19728
0.875 -6.19728
0.885 -6.19728
0.895 -6.19728
0.905 -6.19728
0.915 -6.19728
0.925 -6.19728
0.935 -6.19728
0.945 -6.19728
0.955 -6.19728
0.965 -6.19728
0.975 -6.19728
0.985 -6.19728
0.995 -6.19728
