0.001 2500
0.003 2500
0.005 2500
0.007 2500
0.009 2500
0.011 2500
0.013 2500
0.015 2500
0.017 2500
0.019 2500
0.021 2500
0.023 2500
0.025 2500
0.027 2500
0.029 2500
0.031 2500
0.033 2500
0.035 2500
0.037 2500
0.039 2500
0.041 2500
0.043 2500
0.045 2500
0.047 2500
0.049 2500
0.051 2500
0.053 2496.29
0.055 2492.58
0.057 2488.88
0.059 2485.18
0.061 2481.48
0.063 2477.78
0.065 2474.09
0.067 2470.39
0.069 2466.71
0.071 2463.02
0.073 2459.34
0.075 2455.66
0.077 2451.98
0.079 2448.3
0.081 2444.63
0.083 2440.96
0.085 2437.3
0.087 2433.63
0.089 2429.97
0.091 2426.31
0.093 2422.66
0.095 2419.01
0.097 2415.36
0.099 2411.71
0.101 2408.06
0.103 2404.42
0.105 2400.78
0.107 2397.15
0.109 2393.51
0.111 2389.88
0.113 2386.26
0.115 2382.63
0.117 2379.01
0.119 2375.39
0.121 2371.77
0.123 2368.16
0.125 2364.55
0.127 2360.94
0.129 2357.33
0.131 2353.73
0.133 2350.13
0.135 2346.53
0.137 2342.94
0.139 2339.34
0.141 2335.75
0.143 2332.17
0.145 2328.58
0.147 2325
0.149 2321.42
0.151 2317.85
0.153 2314.28
0.155 2310.71
0.157 2307.14
0.159 2303.57
0.161 2300.01
0.163 2296.45
0.165 2292.9
0.167 2289.34
0.169 2285.79
0.171 2282.24
0.173 2278.7
0.175 2275.16
0.177 2271.62
0.179 2268.08
0.181 2264.55
0.183 2261.01
0.185 2257.49
0.187 2253.96
0.189 2250.44
0.191 2246.92
0.193 2243.4
0.195 2239.88
0.197 2236.37
0.199 2232.86
0.201 2229.36
0.203 2225.85
0.205 2222.35
0.207 2218.85
0.209 2215.36
0.211 2211.86
0.213 2208.37
0.215 2204.89
0.217 2201.4
0.219 2197.92
0.221 2194.44
0.223 2190.96
0.225 2187.49
0.227 2184.02
0.229 2180.55
0.231 2177.09
0.233 2173.62
0.235 2170.16
0.237 2166.71
0.239 2163.25
0.241 2159.8
0.243 2156.35
0.245 2152.91
0.247 2149.46
0.249 2146.02
0.251 2142.58
0.253 2139.15
0.255 2135.72
0.257 2132.29
0.259 2128.86
0.261 2125.44
0.263 2122.02
0.265 2118.6
0.267 2115.18
0.269 2111.77
0.271 2108.36
0.273 2104.95
0.275 2101.55
0.277 2098.14
0.279 2094.75
0.281 2091.35
0.283 2087.95
0.285 2084.56
0.287 2081.18
0.289 2077.79
0.291 2074.41
0.293 2071.03
0.295 2067.65
0.297 2064.28
0.299 2060.9
0.301 2057.54
0.303 2054.17
0.305 2050.81
0.307 2047.45
0.309 2044.09
0.311 2040.73
0.313 2037.38
0.315 2034.03
0.317 2030.68
0.319 2027.34
0.321 2024
0.323 2020.66
0.325 2017.32
0.327 2013.99
0.329 2010.66
0.331 2007.33
0.333 2004.01
0.335 2003.67
0.337 2003.67
0.339 2003.67
0.341 2003.67
0.343 2003.67
0.345 2003.67
0.347 2003.67
0.349 2003.67
0.351 2003.67
0.353 2003.67
0.355 2003.67
0.357 2003.67
0.359 2003.67
0.361 2003.67
0.363 2003.67
0.365 2003.67
0.367 2003.67
0.369 2003.67
0.371 2003.67
0.373 2003.67
0.375 2003.67
0.377 2003.67
0.379 2003.67
0.381 2003.67
0.383 2003.67
0.385 2003.67
0.387 2003.67
0.389 2003.67
0.391 2003.67
0.393 2003.67
0.395 2003.67
0.397 2003.67
0.399 2003.67
0.401 2003.67
0.403 2003.67
0.405 2003.67
0.407 2003.67
0.409 2003.67
0.411 2003.67
0.413 2003.67
0.415 2003.67
0.417 2003.67
0.419 2003.67
0.421 2003.67
0.423 2003.67
0.425 2003.67
0.427 2003.67
0.429 2003.67
0.431 2003.67
0.433 2003.67
0.435 2003.67
0.437 2003.67
0.439 2003.67
0.441 2003.67
0.443 2003.67
0.445 2003.67
0.447 2003.67
0.449 2003.67
0.451 2003.67
0.453 2003.67
0.455 2003.67
0.457 2003.67
0.459 2003.67
0.461 2003.67
0.463 2003.67
0.465 2003.67
0.467 2003.67
0.469 2003.67
0.471 2003.67
0.473 2003.67
0.475 2003.67
0.477 2003.67
0.479 2003.67
0.481 2003.67
0.483 2003.67
0.485 2003.67
0.487 2003.67
0.489 2003.67
0.491 2003.67
0.493 2003.67
0.495 2003.67
0.497 2003.67
0.499 2003.67
0.501 2003.67
0.503 2003.67
0.505 2003.67
0.507 2003.67
0.509 2003.67
0.511 2003.67
0.513 2003.67
0.515 2003.67
0.517 2003.67
0.519 2003.67
0.521 2003.67
0.523 2003.67
0.525 2003.67
0.527 2003.67
0.529 2003.67
0.531 2003.67
0.533 2003.67
0.535 2003.67
0.537 2003.67
0.539 2003.67
0.541 2003.67
0.543 2003.67
0.545 2003.67
0.547 2003.67
0.549 2003.67
0.551 2003.67
0.553 2003.67
0.555 2003.67
0.557 2003.67
0.559 2003.67
0.561 2003.67
0.563 2003.67
0.565 2003.67
0.567 2003.67
0.569 2003.67
0.571 2003.67
0.573 2003.67
0.575 2003.67
0.577 2003.67
0.579 2003.67
0.581 2003.67
0.583 2003.67
0.585 2003.67
0.587 2003.67
0.589 2003.67
0.591 2003.67
0.593 2003.67
0.595 2003.67
0.597 2003.67
0.599 2003.67
0.601 2003.67
0.603 2003.67
0.605 2003.67
0.607 2003.67
0.609 2003.67
0.611 2003.67
0.613 2003.67
0.615 2003.67
0.617 2003.67
0.619 2003.67
0.621 2003.67
0.623 2003.67
0.625 2003.67
0.627 2003.67
0.629 2003.67
0.631 2003.67
0.633 2003.67
0.635 2003.67
0.637 2003.67
0.639 2003.67
0.641 2003.67
0.643 2003.67
0.645 2003.67
0.647 2003.67
0.649 2003.67
0.651 2003.67
0.653 2003.67
0.655 2003.67
0.657 2003.67
0.659 2003.67
0.661 2003.67
0.663 2003.67
0.665 2003.67
0.667 2003.67
0.669 2003.67
0.671 2003.67
0.673 2003.67
0.675 2003.67
0.677 2003.67
0.679 2003.67
0.681 2003.67
0.683 2003.67
0.685 2003.67
0.687 2003.67
0.689 2003.67
0.691 2003.67
0.693 2003.67
0.695 2003.67
0.697 2003.67
0.699 2003.67
0.701 2003.67
0.703 2003.67
0.705 2003.67
0.707 2003.67
0.709 2003.67
0.711 2003.67
0.713 2003.67
0.715 2003.67
0.717 2003.67
0.719 2003.67
0.721 2003.67
0.723 2003.67
0.725 2003.67
0.727 2003.67
0.729 2003.67
0.731 2003.67
0.733 2003.67
0.735 2003.67
0.737 192.063
0.739 192.063
0.741 192.063
0.743 192.063
0.745 192.063
0.747 192.063
0.749 192.063
0.751 192.063
0.753 192.063
0.755 192.063
0.757 192.063
0.759 192.063
0.761 192.063
0.763 192.063
0.765 192.063
0.767 192.063
0.769 192.063
0.771 192.063
0.773 192.063
0.775 192.063
0.777 192.063
0.779 192.063
0.781 192.063
0.783 0.025
0.785 0.025
0.787 0.025
0.789 0.025
0.791 0.025
0.793 0.025
0.795 0.025
0.797 0.025
0.799 0.025
0.801 0.025
0.803 0.025
0.805 0.025
0.807 0.025
0.809 0.025
0.811 0.025
0.813 0.025
0.815 0.025
0.817 0.025
0.819 0.025
0.821 0.025
0.823 0.025
0.825 0.025
0.827 0.025
0.829 0.025
0.831 0.025
0.833 0.025
0.835 0.025
0.837 0.025
0.839 0.025
0.841 0.025
0.843 0.025
0.845 0.025
0.847 0.025
0.849 0.025
0.851 0.025
0.853 0.025
0.855 0.025
0.857 0.025
0.859 0.025
0.861 0.025
0.863 0.025
0.865 0.025
0.867 0.025
0.869 0.025
0.871 0.025
0.873 0.025
0.875 0.025
0.877 0.025
0.879 0.025
0.881 0.025
0.883 0.025
0.885 0.025
0.887 0.025
0.889 0.025
0.891 0.025
0.893 0.025
0.895 0.025
0.897 0.025
0.899 0.025
0.901 0.025
0.903 0.025
0.905 0.025
0.907 0.025
0.909 0.025
0.911 0.025
0.913 0.025
0.915 0.025
0.917 0.025
0.919 0.025
0.921 0.025
0.923 0.025
0.925 0.025
0.927 0.025
0.929 0.025
0.931 0.025
0.933 0.025
0.935 0.025
0.937 0.025
0.939 0.025
0.941 0.025
0.943 0.025
0.945 0.025
0.947 0.025
0.949 0.025
0.951 0.025
0.953 0.025
0.955 0.025
0.957 0.025
0.959 0.025
0.961 0.025
0.963 0.025
0.965 0.025
0.967 0.025
0.969 0.025
0.971 0.025
0.973 0.025
0.975 0.025
0.977 0.025
0.979 0.025
0.981 0.025
0.983 0.025
0.985 0.025
0.987 0.025
0.989 0.025
0.991 0.025
0.993 0.025
0.995 0.025
0.997 0.025
0.999 0.025
