0.005 149867 100000 -0.495
0.015 149831 100000 -0.485616
0.025 149775 100000 -0.475616
0.035 149686 100000 -0.465616
0.045 149492 100000 -0.455613
0.055 148986 100000 -0.445607
0.065 147730 100000 -0.43559
0.075 144878 100000 -0.425554
0.085 139297 100000 -0.415482
0.095 129063 100000 -0.405342
0.105 114099 100000 -0.395137
0.115 102949 100000 -0.385023
0.125 100293 100000 -0.375002
0.135 100018 100000 -0.365
0.145 100001 100000 -0.355
0.155 100000 100000 -0.345
0.165 100000 100000 -0.335
0.175 100000 100000 -0.325
0.185 100000 100000 -0.315
0.195 100000 100000 -0.305
0.205 100000 100000 -0.295
0.215 100000 100000 -0.285
0.225 100000 100000 -0.275
0.235 100000 100000 -0.265
0.245 100000 100000 -0.255
0.255 100000 100000 -0.245
0.265 100000 100000 -0.235
0.275 100000 100000 -0.225
0.285 100000 100000 -0.215
0.295 100000 100000 -0.205
0.305 100000 100000 -0.195
0.315 100000 100000 -0.185
0.325 100000 100000 -0.175
0.335 100000 100000 -0.165
0.345 100000 100000 -0.155
0.355 100000 100000 -0.145
0.365 100000 100000 -0.135
0.375 100000 100000 -0.125
0.385 100000 100000 -0.115
0.395 100000 100000 -0.105
0.405 100000 100000 -0.095
0.415 100000 100000 -0.085
0.425 100000 100000 -0.075
0.435 100000 100000 -0.065
0.445 100000 100000 -0.055
0.455 100000 100000 -0.045
0.465 100000 100000 -0.035
0.475 100000 100000 -0.025
0.485 100000 100000 -0.015
0.495 100000 100000 -0.005
0.505 100000 100000 0.005
0.515 100000 100000 0.015
0.525 100000 100000 0.025
0.535 100000 100000 0.035
0.545 100000 100000 0.045
0.555 100000 100000 0.055
0.565 100000 100000 0.065
0.575 100000 100000 0.075
0.585 100000 100000 0.085
0.595 100000 100000 0.095
0.605 100000 100000 0.105
0.615 100000 100000 0.115
0.625 100000 100000 0.125
0.635 100000 100000 0.135
0.645 100000 100000 0.145
0.655 100000 100000 0.155
0.665 100000 100000 0.165
0.675 100000 100000 0.175
0.685 100000 100000 0.185
0.695 100000 100000 0.195
0.705 100000 100000 0.205
0.715 100000 100000 0.215
0.725 100000 100000 0.225
0.735 100000 100000 0.235
0.745 100000 100000 0.245
0.755 100000 100000 0.255
0.765 100000 100000 0.265
0.775 100000 100000 0.275
0.785 100000 100000 0.285
0.795 100000 100000 0.295
0.805 100000 100000 0.305
0.815 100000 100000 0.315
0.825 100000 100000 0.325
0.835 100000 100000 0.335
0.845 100000 100000 0.345
0.855 100000 100000 0.355
0.865 100000 100000 0.365
0.875 100000 100000 0.375
0.885 100000 100000 0.385
0.895 100000 100000 0.395
0.905 100000 100000 0.405
0.915 100000 100000 0.415
0.925 100000 100000 0.425
0.935 100000 100000 0.435
0.945 100000 100000 0.445
0.955 100000 100000 0.455
0.965 100000 100000 0.465
0.975 100000 100000 0.475
0.985 100000 100000 0.485
0.995 100000 100000 0.495
