0.005 149932 100000 -0.495
0.015 149936 100000 -0.485615
0.025 149940 100000 -0.475615
0.035 149945 100000 -0.465615
0.045 149950 100000 -0.455615
0.055 149954 100000 -0.445615
0.065 149957 100000 -0.435614
0.075 149959 100000 -0.425614
0.085 149961 100000 -0.415614
0.095 149963 100000 -0.405614
0.105 149964 100000 -0.395614
0.115 149965 100000 -0.385614
0.125 149966 100000 -0.375614
0.135 149966 100000 -0.365614
0.145 149966 100000 -0.355614
0.155 149966 100000 -0.345614
0.165 149963 100000 -0.335614
0.175 149957 100000 -0.325614
0.185 149948 100000 -0.315614
0.195 149928 100000 -0.305614
0.205 149896 100000 -0.295613
0.215 149853 100000 -0.285613
0.225 149781 100000 -0.275612
0.235 149654 100000 -0.265611
0.245 149430 100000 -0.255608
0.255 149045 100000 -0.245603
0.265 148396 100000 -0.235596
0.275 147326 100000 -0.225583
0.285 145606 100000 -0.215563
0.295 142916 100000 -0.205531
0.305 138815 100000 -0.195481
0.315 132868 100000 -0.185407
0.325 124534 100000 -0.175298
0.335 113737 100000 -0.165153
0.345 104582 100000 -0.155046
0.355 100966 100000 -0.145009
0.365 100153 100000 -0.135001
0.375 100021 100000 -0.125
0.385 100003 100000 -0.115
0.395 100000 100000 -0.105
0.405 100000 100000 -0.095
0.415 100000 100000 -0.085
0.425 100000 100000 -0.075
0.435 100000 100000 -0.065
0.445 100000 100000 -0.055
0.455 100000 100000 -0.045
0.465 100000 100000 -0.035
0.475 100000 100000 -0.025
0.485 100000 100000 -0.015
0.495 100000 100000 -0.005
0.505 100000 100000 0.005
0.515 100000 100000 0.015
0.525 100000 100000 0.025
0.535 100000 100000 0.035
0.545 100000 100000 0.045
0.555 100000 100000 0.055
0.565 100000 100000 0.065
0.575 100000 100000 0.075
0.585 100000 100000 0.085
0.595 100000 100000 0.095
0.605 100000 100000 0.105
0.615 100000 100000 0.115
0.625 100000 100000 0.125
0.635 100000 100000 0.135
0.645 100000 100000 0.145
0.655 100000 100000 0.155
0.665 100000 100000 0.165
0.675 100000 100000 0.175
0.685 100000 100000 0.185
0.695 100000 100000 0.195
0.705 100000 100000 0.205
0.715 100000 100000 0.215
0.725 100000 100000 0.225
0.735 100000 100000 0.235
0.745 100000 100000 0.245
0.755 100000 100000 0.255
0.765 100000 100000 0.265
0.775 100000 100000 0.275
0.785 100000 100000 0.285
0.795 100000 100000 0.295
0.805 100000 100000 0.305
0.815 100000 100000 0.315
0.825 100000 100000 0.325
0.835 100000 100000 0.335
0.845 100000 100000 0.345
0.855 100000 100000 0.355
0.865 100000 100000 0.365
0.875 100000 100000 0.375
0.885 100000 100000 0.385
0.895 100000 100000 0.395
0.905 100000 100000 0.405
0.915 100000 100000 0.415
0.925 100000 100000 0.425
0.935 100000 100000 0.435
0.945 100000 100000 0.445
0.955 100000 100000 0.455
0.965 100000 100000 0.465
0.975 100000 100000 0.475
0.985 100000 100000 0.485
0.995 100000 100000 0.495
