0.005 149970 128220 -0.525
0.015 149971 128220 -0.515689
0.025 149971 128220 -0.505689
0.035 149972 128220 -0.495689
0.045 149972 128220 -0.485689
0.055 149972 128220 -0.475689
0.065 149972 128220 -0.465689
0.075 149972 128220 -0.455689
0.085 149971 128220 -0.445689
0.095 149970 128220 -0.435689
0.105 149968 128220 -0.425689
0.115 149965 128220 -0.415689
0.125 149960 128220 -0.405689
0.135 149954 128220 -0.395689
0.145 149944 128220 -0.385689
0.155 149935 128220 -0.375689
0.165 149924 128220 -0.365689
0.175 149905 128220 -0.355689
0.185 149878 128220 -0.34569
0.195 149842 128220 -0.33569
0.205 149796 128220 -0.325691
0.215 149739 128220 -0.315691
0.225 149668 128220 -0.305692
0.235 149580 128220 -0.295693
0.245 149469 128220 -0.285694
0.255 149333 128220 -0.275696
0.265 149167 128220 -0.265698
0.275 148960 128220 -0.2557
0.285 148703 128220 -0.245703
0.295 148398 128220 -0.235706
0.305 148055 128220 -0.22571
0.315 147682 128220 -0.215715
0.325 147280 128220 -0.205719
0.335 146847 128220 -0.195725
0.345 146400 128220 -0.18573
0.355 145955 128220 -0.175735
0.365 145520 128220 -0.16574
0.375 145075 128220 -0.155745
0.385 144607 128220 -0.145751
0.395 144052 128220 -0.135757
0.405 143474 128220 -0.125764
0.415 142777 128220 -0.115772
0.425 141981 128220 -0.105781
0.435 140940 128220 -0.0957942
0.445 139534 128220 -0.0858113
0.455 137861 128220 -0.0758319
0.465 136003 129024 -0.0658561
0.475 134059 130296 -0.0558826
0.485 132228 130888 -0.045909
0.495 130640 130714 -0.0359335
0.505 129584 129969 -0.025951
0.515 129065 128975 -0.0159595
0.525 128629 128113 -0.0052711
0.535 128305 127507 0.00825226
0.545 128220 127085 0.0144782
0.555 128220 126744 0.0240378
0.565 128220 126439 0.0340392
0.575 128220 126192 0.0440423
0.585 128220 125986 0.0540473
0.595 128220 125775 0.0640542
0.605 128220 125530 0.0740635
0.615 128220 125232 0.0840752
0.625 128220 124876 0.0940886
0.635 128220 124476 0.104103
0.645 128220 124053 0.114118
0.655 128220 123633 0.124132
0.665 128220 123182 0.134148
0.675 128220 122759 0.144161
0.685 128220 122358 0.154173
0.695 128220 122021 0.164185
0.705 128220 121681 0.174195
0.715 128220 121361 0.184212
0.725 128220 120833 0.194239
0.735 128220 119967 0.204282
0.745 128220 118576 0.214351
0.755 128220 116450 0.22445
0.765 128220 113466 0.234585
0.775 128220 109538 0.244747
0.785 128220 105361 0.254867
0.795 128220 102698 0.264934
0.805 128220 101311 0.274968
0.815 128220 100636 0.284984
0.825 128220 100312 0.294992
0.835 128220 100153 0.304996
0.845 128220 100074 0.314998
0.855 128220 100036 0.324999
0.865 128220 100017 0.335
0.875 128220 100008 0.345
0.885 128220 100004 0.355
0.895 128220 100002 0.365
0.905 128220 100001 0.375
0.915 128220 100000 0.385
0.925 128220 100000 0.395
0.935 128220 100000 0.405
0.945 128220 100000 0.415
0.955 128220 100000 0.425
0.965 128220 100000 0.435
0.975 128220 100000 0.445
0.985 128220 100000 0.455
0.995 128220 100000 0.465
