0.005 149971 128160 -0.525
0.015 149971 128160 -0.515028
0.025 149971 128160 -0.505028
0.035 149972 128160 -0.495028
0.045 149972 128160 -0.485028
0.055 149972 128160 -0.475028
0.065 149972 128160 -0.465028
0.075 149972 128160 -0.455028
0.085 149971 128160 -0.445028
0.095 149970 128160 -0.435028
0.105 149968 128160 -0.425028
0.115 149965 128160 -0.415028
0.125 149960 128160 -0.405028
0.135 149954 128160 -0.395028
0.145 149944 128160 -0.385028
0.155 149934 128160 -0.375028
0.165 149923 128160 -0.365028
0.175 149905 128160 -0.355028
0.185 149877 128160 -0.345028
0.195 149841 128160 -0.335028
0.205 149795 128160 -0.325028
0.215 149738 128160 -0.315028
0.225 149666 128160 -0.305028
0.235 149578 128160 -0.295028
0.245 149467 128160 -0.285028
0.255 149329 128160 -0.275028
0.265 149162 128160 -0.265028
0.275 148956 128160 -0.255028
0.285 148702 128160 -0.245029
0.295 148398 128160 -0.235029
0.305 148053 128160 -0.225029
0.315 147677 128160 -0.215029
0.325 147275 128160 -0.205029
0.335 146845 128160 -0.195029
0.345 146398 128160 -0.18503
0.355 145951 128160 -0.17503
0.365 145513 128160 -0.16503
0.375 145068 128160 -0.15503
0.385 144584 128160 -0.14503
0.395 144056 128160 -0.135031
0.405 143434 128160 -0.125031
0.415 142687 128160 -0.115031
0.425 141882 128160 -0.105032
0.435 140916 128160 -0.0950323
0.445 139569 128160 -0.085033
0.455 137880 128160 -0.0750339
0.465 136022 128698 -0.0650349
0.475 134095 129925 -0.0550359
0.485 132270 130714 -0.045037
0.495 130682 130624 -0.035038
0.505 129565 129973 -0.0250386
0.515 128993 129023 -0.015039
0.525 128599 128153 -0.00530929
0.535 128276 127521 0.00819936
0.545 128160 127085 0.0149736
0.555 128160 126749 0.0249609
0.565 128160 126446 0.0349609
0.575 128160 126186 0.044961
0.585 128160 125981 0.0549612
0.595 128160 125774 0.0649614
0.605 128160 125530 0.0749617
0.615 128160 125234 0.0849621
0.625 128160 124884 0.0949626
0.635 128160 124488 0.104963
0.645 128160 124088 0.114964
0.655 128160 123647 0.124964
0.665 128160 123193 0.134965
0.675 128160 122788 0.144966
0.685 128160 122384 0.154966
0.695 128160 122026 0.164967
0.705 128160 121684 0.174967
0.715 128160 121321 0.184968
0.725 128160 120813 0.194968
0.735 128160 119943 0.204969
0.745 128160 118567 0.214971
0.755 128160 116484 0.224975
0.765 128160 113604 0.234979
0.775 128160 109731 0.244985
0.785 128160 105613 0.254991
0.795 128160 102779 0.264996
0.805 128160 101343 0.274998
0.815 128160 100650 0.284999
0.825 128160 100318 0.294999
0.835 128160 100156 0.305
0.845 128160 100076 0.315
0.855 128160 100036 0.325
0.865 128160 100017 0.335
0.875 128160 100008 0.345
0.885 128160 100004 0.355
0.895 128160 100002 0.365
0.905 128160 100001 0.375
0.915 128160 100000 0.385
0.925 128160 100000 0.395
0.935 128160 100000 0.405
0.945 128160 100000 0.415
0.955 128160 100000 0.425
0.965 128160 100000 0.435
0.975 128160 100000 0.445
0.985 128160 100000 0.455
0.995 128160 100000 0.465
