0.0005 149996 126627 -0.5145
0.0015 149996 126627 -0.513545
0.0025 149996 126627 -0.512545
0.0035 149996 126627 -0.511545
0.0045 149996 126627 -0.510545
0.0055 149996 126627 -0.509545
0.0065 149996 126627 -0.508545
0.0075 149996 126627 -0.507545
0.0085 149996 126627 -0.506545
0.0095 149995 126627 -0.505545
0.0105 149995 126627 -0.504545
0.0115 149995 126627 -0.503545
0.0125 149995 126627 -0.502545
0.0135 149995 126627 -0.501545
0.0145 149995 126627 -0.500545
0.0155 149995 126627 -0.499545
0.0165 149995 126627 -0.498545
0.0175 149995 126627 -0.497545
0.0185 149995 126627 -0.496545
0.0195 149995 126627 -0.495545
0.0205 149995 126627 -0.494545
0.0215 149995 126627 -0.493545
0.0225 149995 126627 -0.492545
0.0235 149995 126627 -0.491545
0.0245 149995 126627 -0.490545
0.0255 149995 126627 -0.489545
0.0265 149995 126627 -0.488545
0.0275 149995 126627 -0.487545
0.0285 149995 126627 -0.486545
0.0295 149995 126627 -0.485545
0.0305 149995 126627 -0.484545
0.0315 149995 126627 -0.483545
0.0325 149995 126627 -0.482545
0.0335 149995 126627 -0.481545
0.0345 149995 126627 -0.480545
0.0355 149995 126627 -0.479545
0.0365 149995 126627 -0.478545
0.0375 149995 126627 -0.477545
0.0385 149995 126627 -0.476545
0.0395 149995 126627 -0.475545
0.0405 149996 126627 -0.474545
0.0415 149996 126627 -0.473545
0.0425 149996 126627 -0.472545
0.0435 149996 126627 -0.471545
0.0445 149996 126627 -0.470545
0.0455 149996 126627 -0.469545
0.0465 149996 126627 -0.468545
0.0475 149996 126627 -0.467545
0.0485 149996 126627 -0.466545
0.0495 149996 126627 -0.465545
0.0505 149996 126627 -0.464545
0.0515 149996 126627 -0.463545
0.0525 149996 126627 -0.462545
0.0535 149996 126627 -0.461545
0.0545 149996 126627 -0.460545
0.0555 149996 126627 -0.459545
0.0565 149996 126627 -0.458545
0.0575 149996 126627 -0.457545
0.0585 149996 126627 -0.456545
0.0595 149996 126627 -0.455545
0.0605 149996 126627 -0.454545
0.0615 149996 126627 -0.453545
0.0625 149996 126627 -0.452545
0.0635 149996 126627 -0.451545
0.0645 149996 126627 -0.450545
0.0655 149996 126627 -0.449545
0.0665 149996 126627 -0.448545
0.0675 149996 126627 -0.447545
0.0685 149996 126627 -0.446545
0.0695 149996 126627 -0.445545
0.0705 149996 126627 -0.444545
0.0715 149996 126627 -0.443545
0.0725 149996 126627 -0.442545
0.0735 149996 126627 -0.441545
0.0745 149996 126627 -0.440545
0.0755 149996 126627 -0.439545
0.0765 149996 126627 -0.438545
0.0775 149996 126627 -0.437545
0.0785 149996 126627 -0.436545
0.0795 149996 126627 -0.435545
0.0805 149996 126627 -0.434545
0.0815 149996 126627 -0.433545
0.0825 149996 126627 -0.432545
0.0835 149996 126627 -0.431545
0.0845 149995 126627 -0.430545
0.0855 149995 126627 -0.429545
0.0865 149995 126627 -0.428545
0.0875 149995 126627 -0.427545
0.0885 149995 126627 -0.426545
0.0895 149995 126627 -0.425545
0.0905 149995 126627 -0.424545
0.0915 149995 126627 -0.423545
0.0925 149995 126627 -0.422545
0.0935 149995 126627 -0.421545
0.0945 149995 126627 -0.420545
0.0955 149995 126627 -0.419545
0.0965 149995 126627 -0.418545
0.0975 149995 126627 -0.417545
0.0985 149995 126627 -0.416545
0.0995 149995 126627 -0.415545
0.1005 149995 126627 -0.414545
0.1015 149995 126627 -0.413545
0.1025 149995 126627 -0.412545
0.1035 149995 126627 -0.411545
0.1045 149995 126627 -0.410545
0.1055 149995 126627 -0.409545
0.1065 149995 126627 -0.408545
0.1075 149995 126627 -0.407545
0.1085 149995 126627 -0.406545
0.1095 149995 126627 -0.405545
0.1105 149995 126627 -0.404545
0.1115 149995 126627 -0.403545
0.1125 149996 126627 -0.402545
0.1135 149996 126627 -0.401545
0.1145 149996 126627 -0.400545
0.1155 149996 126627 -0.399545
0.1165 149996 126627 -0.398545
0.1175 149996 126627 -0.397545
0.1185 149996 126627 -0.396545
0.1195 149996 126627 -0.395545
0.1205 149996 126627 -0.394545
0.1215 149996 126627 -0.393545
0.1225 149996 126627 -0.392545
0.1235 149996 126627 -0.391545
0.1245 149996 126627 -0.390545
0.1255 149996 126627 -0.389545
0.1265 149996 126627 -0.388545
0.1275 149996 126627 -0.387545
0.1285 149996 126627 -0.386545
0.1295 149996 126627 -0.385545
0.1305 149996 126627 -0.384545
0.1315 149996 126627 -0.383545
0.1325 149996 126627 -0.382545
0.1335 149996 126627 -0.381545
0.1345 149996 126627 -0.380545
0.1355 149996 126627 -0.379545
0.1365 149996 126627 -0.378545
0.1375 149996 126627 -0.377545
0.1385 149996 126627 -0.376545
0.1395 149996 126627 -0.375545
0.1405 149996 126627 -0.374545
0.1415 149996 126627 -0.373545
0.1425 149996 126627 -0.372545
0.1435 149996 126627 -0.371545
0.1445 149996 126627 -0.370545
0.1455 149996 126627 -0.369545
0.1465 149996 126627 -0.368545
0.1475 149996 126627 -0.367545
0.1485 149996 126627 -0.366545
0.1495 149996 126627 -0.365545
0.1505 149996 126627 -0.364545
0.1515 149996 126627 -0.363545
0.1525 149996 126627 -0.362545
0.1535 149996 126627 -0.361545
0.1545 149996 126627 -0.360545
0.1555 149996 126627 -0.359545
0.1565 149996 126627 -0.358545
0.1575 149995 126627 -0.357545
0.1585 149995 126627 -0.356545
0.1595 149995 126627 -0.355545
0.1605 149995 126627 -0.354545
0.1615 149995 126627 -0.353545
0.1625 149995 126627 -0.352545
0.1635 149995 126627 -0.351545
0.1645 149995 126627 -0.350545
0.1655 149995 126627 -0.349545
0.1665 149995 126627 -0.348545
0.1675 149995 126627 -0.347545
0.1685 149995 126627 -0.346545
0.1695 149995 126627 -0.345545
0.1705 149995 126627 -0.344545
0.1715 149995 126627 -0.343545
0.1725 149995 126627 -0.342545
0.1735 149995 126627 -0.341545
0.1745 149995 126627 -0.340545
0.1755 149995 126627 -0.339545
0.1765 149995 126627 -0.338545
0.1775 149995 126627 -0.337545
0.1785 149995 126627 -0.336545
0.1795 149995 126627 -0.335545
0.1805 149995 126627 -0.334545
0.1815 149995 126627 -0.333545
0.1825 149995 126627 -0.332545
0.1835 149995 126627 -0.331545
0.1845 149995 126627 -0.330545
0.1855 149996 126627 -0.329545
0.1865 149996 126627 -0.328545
0.1875 149996 126627 -0.327545
0.1885 149996 126627 -0.326545
0.1895 149996 126627 -0.325545
0.1905 149996 126627 -0.324545
0.1915 149996 126627 -0.323545
0.1925 149996 126627 -0.322545
0.1935 149996 126627 -0.321545
0.1945 149996 126627 -0.320545
0.1955 149996 126627 -0.319545
0.1965 149996 126627 -0.318545
0.1975 149996 126627 -0.317545
0.1985 149996 126627 -0.316545
0.1995 149996 126627 -0.315545
0.2005 149996 126627 -0.314545
0.2015 149996 126627 -0.313545
0.2025 149996 126627 -0.312545
0.2035 149996 126627 -0.311545
0.2045 149996 126627 -0.310545
0.2055 149996 126627 -0.309545
0.2065 149996 126627 -0.308545
0.2075 149996 126627 -0.307545
0.2085 149996 126627 -0.306545
0.2095 149996 126627 -0.305545
0.2105 149996 126627 -0.304545
0.2115 149996 126627 -0.303545
0.2125 149996 126627 -0.302545
0.2135 149996 126627 -0.301545
0.2145 149996 126627 -0.300545
0.2155 149996 126627 -0.299545
0.2165 149996 126627 -0.298545
0.2175 149996 126627 -0.297545
0.2185 149996 126627 -0.296545
0.2195 149996 126627 -0.295545
0.2205 149996 126627 -0.294545
0.2215 149996 126627 -0.293545
0.2225 149996 126627 -0.292545
0.2235 149996 126627 -0.291545
0.2245 149996 126627 -0.290545
0.2255 149996 126627 -0.289545
0.2265 149996 126627 -0.288545
0.2275 149996 126627 -0.287545
0.2285 149996 126627 -0.286545
0.2295 149996 126627 -0.285545
0.2305 149996 126627 -0.284545
0.2315 149996 126627 -0.283545
0.2325 149995 126627 -0.282545
0.2335 149995 126627 -0.281545
0.2345 149995 126627 -0.280545
0.2355 149995 126627 -0.279545
0.2365 149995 126627 -0.278545
0.2375 149995 126627 -0.277545
0.2385 149995 126627 -0.276545
0.2395 149995 126627 -0.275545
0.2405 149995 126627 -0.274545
0.2415 149995 126627 -0.273545
0.2425 149995 126627 -0.272545
0.2435 149995 126627 -0.271545
0.2445 149995 126627 -0.270545
0.2455 149995 126627 -0.269545
0.2465 149995 126627 -0.268545
0.2475 149995 126627 -0.267545
0.2485 149995 126627 -0.266545
0.2495 149995 126627 -0.265545
0.2505 149995 126627 -0.264545
0.2515 149995 126627 -0.263545
0.2525 149995 126627 -0.262545
0.2535 149995 126627 -0.261545
0.2545 149995 126627 -0.260545
0.2555 149995 126627 -0.259545
0.2565 149995 126627 -0.258545
0.2575 149995 126627 -0.257545
0.2585 149996 126627 -0.256545
0.2595 149996 126627 -0.255545
0.2605 149996 126627 -0.254545
0.2615 149996 126627 -0.253545
0.2625 149996 126627 -0.252545
0.2635 149996 126627 -0.251545
0.2645 149996 126627 -0.250545
0.2655 149996 126627 -0.249545
0.2665 149996 126627 -0.248545
0.2675 149996 126627 -0.247545
0.2685 149996 126627 -0.246545
0.2695 149996 126627 -0.245545
0.2705 149996 126627 -0.244545
0.2715 149996 126627 -0.243545
0.2725 149996 126627 -0.242545
0.2735 149996 126627 -0.241545
0.2745 149996 126627 -0.240545
0.2755 149996 126627 -0.239545
0.2765 149996 126627 -0.238545
0.2775 149996 126627 -0.237545
0.2785 149996 126627 -0.236545
0.2795 149996 126627 -0.235545
0.2805 149996 126627 -0.234545
0.2815 149996 126627 -0.233545
0.2825 149996 126627 -0.232545
0.2835 149996 126627 -0.231545
0.2845 149996 126627 -0.230545
0.2855 149996 126627 -0.229545
0.2865 149996 126627 -0.228545
0.2875 149996 126627 -0.227545
0.2885 149996 126627 -0.226545
0.2895 149996 126627 -0.225545
0.2905 149996 126627 -0.224545
0.2915 149996 126627 -0.223545
0.2925 149996 126627 -0.222545
0.2935 149996 126627 -0.221545
0.2945 149996 126627 -0.220545
0.2955 149996 126627 -0.219545
0.2965 149996 126627 -0.218545
0.2975 149996 126627 -0.217545
0.2985 149996 126627 -0.216545
0.2995 149996 126627 -0.215545
0.3005 149996 126627 -0.214545
0.3015 149996 126627 -0.213545
0.3025 149996 126627 -0.212545
0.3035 149996 126627 -0.211545
0.3045 149996 126627 -0.210545
0.3055 149996 126627 -0.209545
0.3065 149995 126627 -0.208545
0.3075 149995 126627 -0.207545
0.3085 149995 126627 -0.206545
0.3095 149995 126627 -0.205545
0.3105 149995 126627 -0.204545
0.3115 149995 126627 -0.203545
0.3125 149995 126627 -0.202545
0.3135 149995 126627 -0.201545
0.3145 149995 126627 -0.200545
0.3155 149995 126627 -0.199545
0.3165 149995 126627 -0.198545
0.3175 149995 126627 -0.197545
0.3185 149995 126627 -0.196545
0.3195 149995 126627 -0.195545
0.3205 149995 126627 -0.194545
0.3215 149995 126627 -0.193545
0.3225 149995 126627 -0.192545
0.3235 149995 126627 -0.191545
0.3245 149995 126627 -0.190545
0.3255 149995 126627 -0.189545
0.3265 149995 126627 -0.188545
0.3275 149995 126627 -0.187545
0.3285 149995 126627 -0.186545
0.3295 149995 126627 -0.185545
0.3305 149995 126627 -0.184545
0.3315 149996 126627 -0.183545
0.3325 149996 126627 -0.182545
0.3335 149996 126627 -0.181545
0.3345 149996 126627 -0.180545
0.3355 149996 126627 -0.179545
0.3365 149996 126627 -0.178545
0.3375 149996 126627 -0.177545
0.3385 149996 126627 -0.176545
0.3395 149996 126627 -0.175545
0.3405 149996 126627 -0.174545
0.3415 149996 126627 -0.173545
0.3425 149996 126627 -0.172545
0.3435 149996 126627 -0.171545
0.3445 149996 126627 -0.170545
0.3455 149996 126627 -0.169545
0.3465 149996 126627 -0.168545
0.3475 149996 126627 -0.167545
0.3485 149996 126627 -0.166545
0.3495 149996 126627 -0.165545
0.3505 149996 126627 -0.164545
0.3515 149996 126627 -0.163545
0.3525 149996 126627 -0.162545
0.3535 149996 126627 -0.161545
0.3545 149996 126627 -0.160545
0.3555 149996 126627 -0.159545
0.3565 149996 126627 -0.158545
0.3575 149996 126627 -0.157545
0.3585 149996 126627 -0.156545
0.3595 149996 126627 -0.155545
0.3605 149996 126627 -0.154545
0.3615 149996 126627 -0.153545
0.3625 149996 126627 -0.152545
0.3635 149996 126627 -0.151545
0.3645 149996 126627 -0.150545
0.3655 149996 126627 -0.149545
0.3665 149995 126627 -0.148545
0.3675 149995 126627 -0.147545
0.3685 149995 126627 -0.146545
0.3695 149995 126627 -0.145545
0.3705 149995 126627 -0.144545
0.3715 149995 126627 -0.143545
0.3725 149995 126627 -0.142545
0.3735 149995 126627 -0.141545
0.3745 149995 126627 -0.140545
0.3755 149995 126627 -0.139545
0.3765 149995 126627 -0.138545
0.3775 149995 126627 -0.137545
0.3785 149995 126627 -0.136545
0.3795 149995 126627 -0.135545
0.3805 149994 126627 -0.134545
0.3815 149994 126627 -0.133545
0.3825 149994 126627 -0.132545
0.3835 149994 126627 -0.131545
0.3845 149993 126627 -0.130545
0.3855 149993 126627 -0.129545
0.3865 149993 126627 -0.128545
0.3875 149992 126627 -0.127545
0.3885 149992 126627 -0.126545
0.3895 149991 126627 -0.125545
0.3905 149990 126627 -0.124545
0.3915 149990 126627 -0.123545
0.3925 149989 126627 -0.122545
0.3935 149988 126627 -0.121545
0.3945 149987 126627 -0.120545
0.3955 149985 126627 -0.119545
0.3965 149984 126627 -0.118545
0.3975 149982 126627 -0.117545
0.3985 149981 126627 -0.116545
0.3995 149979 126627 -0.115545
0.4005 149977 126627 -0.114545
0.4015 149974 126627 -0.113545
0.4025 149971 126627 -0.112545
0.4035 149969 126627 -0.111545
0.4045 149965 126627 -0.110545
0.4055 149961 126627 -0.109545
0.4065 149957 126627 -0.108545
0.4075 149953 126627 -0.107545
0.4085 149947 126627 -0.106545
0.4095 149941 126627 -0.105545
0.4105 149935 126627 -0.104545
0.4115 149927 126627 -0.103545
0.4125 149919 126627 -0.102545
0.4135 149909 126627 -0.101545
0.4145 149899 126627 -0.100545
0.4155 149887 126627 -0.0995447
0.4165 149874 126627 -0.0985447
0.4175 149859 126627 -0.0975447
0.4185 149843 126627 -0.0965447
0.4195 149825 126627 -0.0955447
0.4205 149805 126627 -0.0945447
0.4215 149783 126627 -0.0935447
0.4225 149759 126627 -0.0925447
0.4235 149732 126627 -0.0915448
0.4245 149703 126627 -0.0905448
0.4255 149670 126627 -0.0895448
0.4265 149635 126627 -0.0885448
0.4275 149596 126627 -0.0875449
0.4285 149553 126627 -0.0865449
0.4295 149505 126627 -0.0855449
0.4305 149453 126627 -0.084545
0.4315 149396 126627 -0.083545
0.4325 149334 126627 -0.0825451
0.4335 149265 126627 -0.0815451
0.4345 149190 126627 -0.0805452
0.4355 149108 126627 -0.0795452
0.4365 149018 126627 -0.0785453
0.4375 148919 126627 -0.0775454
0.4385 148812 126627 -0.0765455
0.4395 148694 126627 -0.0755455
0.4405 148566 126627 -0.0745456
0.4415 148426 126627 -0.0735457
0.4425 148274 126627 -0.0725459
0.4435 148107 126627 -0.071546
0.4445 147926 126627 -0.0705461
0.4455 147729 126627 -0.0695463
0.4465 147514 126627 -0.0685464
0.4475 147281 126627 -0.0675466
0.4485 147027 126627 -0.0665468
0.4495 146751 126627 -0.065547
0.4505 146452 126627 -0.0645472
0.4515 146128 126627 -0.0635475
0.4525 145777 126627 -0.0625478
0.4535 145398 126627 -0.061548
0.4545 144990 126627 -0.0605484
0.4555 144551 126627 -0.0595487
0.4565 144081 126627 -0.0585491
0.4575 143578 126627 -0.0575495
0.4585 143043 126627 -0.0565499
0.4595 142475 126627 -0.0555503
0.4605 141875 126627 -0.0545508
0.4615 141243 126627 -0.0535513
0.4625 140580 126627 -0.0525518
0.4635 139887 126627 -0.0515524
0.4645 139165 126627 -0.0505529
0.4655 138415 126627 -0.0495535
0.4665 137636 126627 -0.0485542
0.4675 136830 126627 -0.0475548
0.4685 135996 126627 -0.0465555
0.4695 135134 126627 -0.0455562
0.4705 134243 126627 -0.0445569
0.4715 133331 126627 -0.0435577
0.4725 132387 126627 -0.0425585
0.4735 131449 126627 -0.0415593
0.4745 130599 126627 -0.04056
0.4755 129879 126627 -0.0395606
0.4765 129289 126627 -0.0385611
0.4775 128805 126627 -0.0375616
0.4785 128405 126627 -0.0365619
0.4795 128070 126627 -0.0355622
0.4805 127840 126627 -0.0345624
0.4815 127629 126627 -0.0335626
0.4825 127395 126627 -0.0325628
0.4835 127173 126627 -0.031563
0.4845 126973 126589 -0.0305632
0.4855 126742 126490 -0.0295634
0.4865 126535 126436 -0.0285636
0.4875 126379 126441 -0.0275637
0.4885 126259 126456 -0.0265638
0.4895 126210 126471 -0.0255639
0.4905 126213 126487 -0.0245639
0.4915 126238 126502 -0.0235639
0.4925 126269 126515 -0.0225638
0.4935 126297 126527 -0.0215638
0.4945 126322 126538 -0.0205638
0.4955 126345 126550 -0.0195638
0.4965 126367 126561 -0.0185638
0.4975 126387 126573 -0.0175638
0.4985 126407 126585 -0.0165637
0.4995 126426 126595 -0.0155637
0.5005 126444 126605 -0.0145637
0.5015 126462 126615 -0.0135637
0.5025 126478 126625 -0.0125637
0.5035 126494 126635 -0.0115637
0.5045 126509 126645 -0.0105637
0.5055 126523 126655 -0.00956369
0.5065 126537 126664 -0.00856368
0.5075 126551 126673 -0.00756368
0.5085 126564 126682 -0.00656368
0.5095 126575 126691 -0.00556367
0.5105 126586 126700 -0.00456367
0.5115 126596 126708 -0.00356367
0.5125 126606 126717 -0.00256367
0.5135 126614 126727 -0.00156368
0.5145 126622 126735 -0.000740201
0.5155 126626 126743 0.000494282
0.5165 126627 126751 0.00144094
0.5175 126627 126759 0.00243615
0.5185 126627 126766 0.00343615
0.5195 126627 126773 0.00443614
0.5205 126627 126781 0.00543613
0.5215 126627 126789 0.00643612
0.5225 126627 126796 0.00743611
0.5235 126627 126801 0.0084361
0.5245 126627 126806 0.00943609
0.5255 126627 126811 0.0104361
0.5265 126627 126817 0.0114361
0.5275 126627 126824 0.0124361
0.5285 126627 126830 0.013436
0.5295 126627 126836 0.014436
0.5305 126627 126842 0.015436
0.5315 126627 126849 0.016436
0.5325 126627 126855 0.017436
0.5335 126627 126864 0.018436
0.5345 126627 126871 0.0194359
0.5355 126627 126878 0.0204359
0.5365 126627 126886 0.0214359
0.5375 126627 126894 0.0224359
0.5385 126627 126904 0.0234359
0.5395 126627 126911 0.0244359
0.5405 126627 126919 0.0254358
0.5415 126627 126926 0.0264358
0.5425 126627 126935 0.0274358
0.5435 126627 126944 0.0284358
0.5445 126627 126954 0.0294358
0.5455 126627 126962 0.0304357
0.5465 126627 126973 0.0314357
0.5475 126627 126982 0.0324357
0.5485 126627 126995 0.0334357
0.5495 126627 127005 0.0344357
0.5505 126627 127015 0.0354356
0.5515 126627 127024 0.0364356
0.5525 126627 127034 0.0374356
0.5535 126627 127042 0.0384356
0.5545 126627 127053 0.0394356
0.5555 126627 127062 0.0404355
0.5565 126627 127074 0.0414355
0.5575 126627 127084 0.0424355
0.5585 126627 127098 0.0434355
0.5595 126627 127108 0.0444354
0.5605 126627 127121 0.0454354
0.5615 126627 127131 0.0464354
0.5625 126627 127143 0.0474354
0.5635 126627 127154 0.0484353
0.5645 126627 127166 0.0494353
0.5655 126627 127177 0.0504353
0.5665 126627 127190 0.0514353
0.5675 126627 127201 0.0524352
0.5685 126627 127215 0.0534352
0.5695 126627 127226 0.0544352
0.5705 126627 127240 0.0554351
0.5715 126627 127251 0.0564351
0.5725 126627 127266 0.0574351
0.5735 126627 127278 0.0584351
0.5745 126627 127293 0.059435
0.5755 126627 127306 0.060435
0.5765 126627 127321 0.061435
0.5775 126627 127334 0.0624349
0.5785 126627 127350 0.0634349
0.5795 126627 127364 0.0644349
0.5805 126627 127380 0.0654348
0.5815 126627 127394 0.0664348
0.5825 126627 127410 0.0674348
0.5835 126627 127423 0.0684347
0.5845 126627 127439 0.0694347
0.5855 126627 127452 0.0704347
0.5865 126627 127467 0.0714346
0.5875 126627 127481 0.0724346
0.5885 126627 127497 0.0734346
0.5895 126627 127509 0.0744346
0.5905 126627 127525 0.0754345
0.5915 126627 127537 0.0764345
0.5925 126627 127548 0.0774345
0.5935 126627 127558 0.0784345
0.5945 126627 127566 0.0794344
0.5955 126627 127573 0.0804344
0.5965 126627 127577 0.0814344
0.5975 126627 127579 0.0824344
0.5985 126627 127579 0.0834344
0.5995 126627 127579 0.0844344
0.6005 126627 127578 0.0854344
0.6015 126627 127575 0.0864344
0.6025 126627 127570 0.0874344
0.6035 126627 127561 0.0884345
0.6045 126627 127548 0.0894345
0.6055 126627 127530 0.0904345
0.6065 126627 127506 0.0914346
0.6075 126627 127472 0.0924347
0.6085 126627 127432 0.0934348
0.6095 126627 127374 0.0944349
0.6105 126627 127319 0.0954351
0.6115 126627 127239 0.0964352
0.6125 126627 127166 0.0974355
0.6135 126627 127055 0.0984356
0.6145 126627 126956 0.099436
0.6155 126627 126804 0.100436
0.6165 126627 126665 0.101437
0.6175 126627 126443 0.102437
0.6185 126627 126218 0.103438
0.6195 126627 125780 0.104439
0.6205 126627 125250 0.105441
0.6215 126627 124124 0.106443
0.6225 126627 122466 0.107449
0.6235 126627 119257 0.108457
0.6245 126627 114106 0.109474
0.6255 126627 105892 0.110493
0.6265 126627 101201 0.111499
0.6275 126627 100171 0.1125
0.6285 126627 100026 0.1135
0.6295 126627 100005 0.1145
0.6305 126627 100001 0.1155
0.6315 126627 100000 0.1165
0.6325 126627 100000 0.1175
0.6335 126627 100000 0.1185
0.6345 126627 100000 0.1195
0.6355 126627 100000 0.1205
0.6365 126627 100000 0.1215
0.6375 126627 100000 0.1225
0.6385 126627 100000 0.1235
0.6395 126627 100000 0.1245
0.6405 126627 100000 0.1255
0.6415 126627 100000 0.1265
0.6425 126627 100000 0.1275
0.6435 126627 100000 0.1285
0.6445 126627 100000 0.1295
0.6455 126627 100000 0.1305
0.6465 126627 100000 0.1315
0.6475 126627 100000 0.1325
0.6485 126627 100000 0.1335
0.6495 126627 100000 0.1345
0.6505 126627 100000 0.1355
0.6515 126627 100000 0.1365
0.6525 126627 100000 0.1375
0.6535 126627 100000 0.1385
0.6545 126627 100000 0.1395
0.6555 126627 100000 0.1405
0.6565 126627 100000 0.1415
0.6575 126627 100000 0.1425
0.6585 126627 100000 0.1435
0.6595 126627 100000 0.1445
0.6605 126627 100000 0.1455
0.6615 126627 100000 0.1465
0.6625 126627 100000 0.1475
0.6635 126627 100000 0.1485
0.6645 126627 100000 0.1495
0.6655 126627 100000 0.1505
0.6665 126627 100000 0.1515
0.6675 126627 100000 0.1525
0.6685 126627 100000 0.1535
0.6695 126627 100000 0.1545
0.6705 126627 100000 0.1555
0.6715 126627 100000 0.1565
0.6725 126627 100000 0.1575
0.6735 126627 100000 0.1585
0.6745 126627 100000 0.1595
0.6755 126627 100000 0.1605
0.6765 126627 100000 0.1615
0.6775 126627 100000 0.1625
0.6785 126627 100000 0.1635
0.6795 126627 100000 0.1645
0.6805 126627 100000 0.1655
0.6815 126627 100000 0.1665
0.6825 126627 100000 0.1675
0.6835 126627 100000 0.1685
0.6845 126627 100000 0.1695
0.6855 126627 100000 0.1705
0.6865 126627 100000 0.1715
0.6875 126627 100000 0.1725
0.6885 126627 100000 0.1735
0.6895 126627 100000 0.1745
0.6905 126627 100000 0.1755
0.6915 126627 100000 0.1765
0.6925 126627 100000 0.1775
0.6935 126627 100000 0.1785
0.6945 126627 100000 0.1795
0.6955 126627 100000 0.1805
0.6965 126627 100000 0.1815
0.6975 126627 100000 0.1825
0.6985 126627 100000 0.1835
0.6995 126627 100000 0.1845
0.7005 126627 100000 0.1855
0.7015 126627 100000 0.1865
0.7025 126627 100000 0.1875
0.7035 126627 100000 0.1885
0.7045 126627 100000 0.1895
0.7055 126627 100000 0.1905
0.7065 126627 100000 0.1915
0.7075 126627 100000 0.1925
0.7085 126627 100000 0.1935
0.7095 126627 100000 0.1945
0.7105 126627 100000 0.1955
0.7115 126627 100000 0.1965
0.7125 126627 100000 0.1975
0.7135 126627 100000 0.1985
0.7145 126627 100000 0.1995
0.7155 126627 100000 0.2005
0.7165 126627 100000 0.2015
0.7175 126627 100000 0.2025
0.7185 126627 100000 0.2035
0.7195 126627 100000 0.2045
0.7205 126627 100000 0.2055
0.7215 126627 100000 0.2065
0.7225 126627 100000 0.2075
0.7235 126627 100000 0.2085
0.7245 126627 100000 0.2095
0.7255 126627 100000 0.2105
0.7265 126627 100000 0.2115
0.7275 126627 100000 0.2125
0.7285 126627 100000 0.2135
0.7295 126627 100000 0.2145
0.7305 126627 100000 0.2155
0.7315 126627 100000 0.2165
0.7325 126627 100000 0.2175
0.7335 126627 100000 0.2185
0.7345 126627 100000 0.2195
0.7355 126627 100000 0.2205
0.7365 126627 100000 0.2215
0.7375 126627 100000 0.2225
0.7385 126627 100000 0.2235
0.7395 126627 100000 0.2245
0.7405 126627 100000 0.2255
0.7415 126627 100000 0.2265
0.7425 126627 100000 0.2275
0.7435 126627 100000 0.2285
0.7445 126627 100000 0.2295
0.7455 126627 100000 0.2305
0.7465 126627 100000 0.2315
0.7475 126627 100000 0.2325
0.7485 126627 100000 0.2335
0.7495 126627 100000 0.2345
0.7505 126627 100000 0.2355
0.7515 126627 100000 0.2365
0.7525 126627 100000 0.2375
0.7535 126627 100000 0.2385
0.7545 126627 100000 0.2395
0.7555 126627 100000 0.2405
0.7565 126627 100000 0.2415
0.7575 126627 100000 0.2425
0.7585 126627 100000 0.2435
0.7595 126627 100000 0.2445
0.7605 126627 100000 0.2455
0.7615 126627 100000 0.2465
0.7625 126627 100000 0.2475
0.7635 126627 100000 0.2485
0.7645 126627 100000 0.2495
0.7655 126627 100000 0.2505
0.7665 126627 100000 0.2515
0.7675 126627 100000 0.2525
0.7685 126627 100000 0.2535
0.7695 126627 100000 0.2545
0.7705 126627 100000 0.2555
0.7715 126627 100000 0.2565
0.7725 126627 100000 0.2575
0.7735 126627 100000 0.2585
0.7745 126627 100000 0.2595
0.7755 126627 100000 0.2605
0.7765 126627 100000 0.2615
0.7775 126627 100000 0.2625
0.7785 126627 100000 0.2635
0.7795 126627 100000 0.2645
0.7805 126627 100000 0.2655
0.7815 126627 100000 0.2665
0.7825 126627 100000 0.2675
0.7835 126627 100000 0.2685
0.7845 126627 100000 0.2695
0.7855 126627 100000 0.2705
0.7865 126627 100000 0.2715
0.7875 126627 100000 0.2725
0.7885 126627 100000 0.2735
0.7895 126627 100000 0.2745
0.7905 126627 100000 0.2755
0.7915 126627 100000 0.2765
0.7925 126627 100000 0.2775
0.7935 126627 100000 0.2785
0.7945 126627 100000 0.2795
0.7955 126627 100000 0.2805
0.7965 126627 100000 0.2815
0.7975 126627 100000 0.2825
0.7985 126627 100000 0.2835
0.7995 126627 100000 0.2845
0.8005 126627 100000 0.2855
0.8015 126627 100000 0.2865
0.8025 126627 100000 0.2875
0.8035 126627 100000 0.2885
0.8045 126627 100000 0.2895
0.8055 126627 100000 0.2905
0.8065 126627 100000 0.2915
0.8075 126627 100000 0.2925
0.8085 126627 100000 0.2935
0.8095 126627 100000 0.2945
0.8105 126627 100000 0.2955
0.8115 126627 100000 0.2965
0.8125 126627 100000 0.2975
0.8135 126627 100000 0.2985
0.8145 126627 100000 0.2995
0.8155 126627 100000 0.3005
0.8165 126627 100000 0.3015
0.8175 126627 100000 0.3025
0.8185 126627 100000 0.3035
0.8195 126627 100000 0.3045
0.8205 126627 100000 0.3055
0.8215 126627 100000 0.3065
0.8225 126627 100000 0.3075
0.8235 126627 100000 0.3085
0.8245 126627 100000 0.3095
0.8255 126627 100000 0.3105
0.8265 126627 100000 0.3115
0.8275 126627 100000 0.3125
0.8285 126627 100000 0.3135
0.8295 126627 100000 0.3145
0.8305 126627 100000 0.3155
0.8315 126627 100000 0.3165
0.8325 126627 100000 0.3175
0.8335 126627 100000 0.3185
0.8345 126627 100000 0.3195
0.8355 126627 100000 0.3205
0.8365 126627 100000 0.3215
0.8375 126627 100000 0.3225
0.8385 126627 100000 0.3235
0.8395 126627 100000 0.3245
0.8405 126627 100000 0.3255
0.8415 126627 100000 0.3265
0.8425 126627 100000 0.3275
0.8435 126627 100000 0.3285
0.8445 126627 100000 0.3295
0.8455 126627 100000 0.3305
0.8465 126627 100000 0.3315
0.8475 126627 100000 0.3325
0.8485 126627 100000 0.3335
0.8495 126627 100000 0.3345
0.8505 126627 100000 0.3355
0.8515 126627 100000 0.3365
0.8525 126627 100000 0.3375
0.8535 126627 100000 0.3385
0.8545 126627 100000 0.3395
0.8555 126627 100000 0.3405
0.8565 126627 100000 0.3415
0.8575 126627 100000 0.3425
0.8585 126627 100000 0.3435
0.8595 126627 100000 0.3445
0.8605 126627 100000 0.3455
0.8615 126627 100000 0.3465
0.8625 126627 100000 0.3475
0.8635 126627 100000 0.3485
0.8645 126627 100000 0.3495
0.8655 126627 100000 0.3505
0.8665 126627 100000 0.3515
0.8675 126627 100000 0.3525
0.8685 126627 100000 0.3535
0.8695 126627 100000 0.3545
0.8705 126627 100000 0.3555
0.8715 126627 100000 0.3565
0.8725 126627 100000 0.3575
0.8735 126627 100000 0.3585
0.8745 126627 100000 0.3595
0.8755 126627 100000 0.3605
0.8765 126627 100000 0.3615
0.8775 126627 100000 0.3625
0.8785 126627 100000 0.3635
0.8795 126627 100000 0.3645
0.8805 126627 100000 0.3655
0.8815 126627 100000 0.3665
0.8825 126627 100000 0.3675
0.8835 126627 100000 0.3685
0.8845 126627 100000 0.3695
0.8855 126627 100000 0.3705
0.8865 126627 100000 0.3715
0.8875 126627 100000 0.3725
0.8885 126627 100000 0.3735
0.8895 126627 100000 0.3745
0.8905 126627 100000 0.3755
0.8915 126627 100000 0.3765
0.8925 126627 100000 0.3775
0.8935 126627 100000 0.3785
0.8945 126627 100000 0.3795
0.8955 126627 100000 0.3805
0.8965 126627 100000 0.3815
0.8975 126627 100000 0.3825
0.8985 126627 100000 0.3835
0.8995 126627 100000 0.3845
0.9005 126627 100000 0.3855
0.9015 126627 100000 0.3865
0.9025 126627 100000 0.3875
0.9035 126627 100000 0.3885
0.9045 126627 100000 0.3895
0.9055 126627 100000 0.3905
0.9065 126627 100000 0.3915
0.9075 126627 100000 0.3925
0.9085 126627 100000 0.3935
0.9095 126627 100000 0.3945
0.9105 126627 100000 0.3955
0.9115 126627 100000 0.3965
0.9125 126627 100000 0.3975
0.9135 126627 100000 0.3985
0.9145 126627 100000 0.3995
0.9155 126627 100000 0.4005
0.9165 126627 100000 0.4015
0.9175 126627 100000 0.4025
0.9185 126627 100000 0.4035
0.9195 126627 100000 0.4045
0.9205 126627 100000 0.4055
0.9215 126627 100000 0.4065
0.9225 126627 100000 0.4075
0.9235 126627 100000 0.4085
0.9245 126627 100000 0.4095
0.9255 126627 100000 0.4105
0.9265 126627 100000 0.4115
0.9275 126627 100000 0.4125
0.9285 126627 100000 0.4135
0.9295 126627 100000 0.4145
0.9305 126627 100000 0.4155
0.9315 126627 100000 0.4165
0.9325 126627 100000 0.4175
0.9335 126627 100000 0.4185
0.9345 126627 100000 0.4195
0.9355 126627 100000 0.4205
0.9365 126627 100000 0.4215
0.9375 126627 100000 0.4225
0.9385 126627 100000 0.4235
0.9395 126627 100000 0.4245
0.9405 126627 100000 0.4255
0.9415 126627 100000 0.4265
0.9425 126627 100000 0.4275
0.9435 126627 100000 0.4285
0.9445 126627 100000 0.4295
0.9455 126627 100000 0.4305
0.9465 126627 100000 0.4315
0.9475 126627 100000 0.4325
0.9485 126627 100000 0.4335
0.9495 126627 100000 0.4345
0.9505 126627 100000 0.4355
0.9515 126627 100000 0.4365
0.9525 126627 100000 0.4375
0.9535 126627 100000 0.4385
0.9545 126627 100000 0.4395
0.9555 126627 100000 0.4405
0.9565 126627 100000 0.4415
0.9575 126627 100000 0.4425
0.9585 126627 100000 0.4435
0.9595 126627 100000 0.4445
0.9605 126627 100000 0.4455
0.9615 126627 100000 0.4465
0.9625 126627 100000 0.4475
0.9635 126627 100000 0.4485
0.9645 126627 100000 0.4495
0.9655 126627 100000 0.4505
0.9665 126627 100000 0.4515
0.9675 126627 100000 0.4525
0.9685 126627 100000 0.4535
0.9695 126627 100000 0.4545
0.9705 126627 100000 0.4555
0.9715 126627 100000 0.4565
0.9725 126627 100000 0.4575
0.9735 126627 100000 0.4585
0.9745 126627 100000 0.4595
0.9755 126627 100000 0.4605
0.9765 126627 100000 0.4615
0.9775 126627 100000 0.4625
0.9785 126627 100000 0.4635
0.9795 126627 100000 0.4645
0.9805 126627 100000 0.4655
0.9815 126627 100000 0.4665
0.9825 126627 100000 0.4675
0.9835 126627 100000 0.4685
0.9845 126627 100000 0.4695
0.9855 126627 100000 0.4705
0.9865 126627 100000 0.4715
0.9875 126627 100000 0.4725
0.9885 126627 100000 0.4735
0.9895 126627 100000 0.4745
0.9905 126627 100000 0.4755
0.9915 126627 100000 0.4765
0.9925 126627 100000 0.4775
0.9935 126627 100000 0.4785
0.9945 126627 100000 0.4795
0.9955 126627 100000 0.4805
0.9965 126627 100000 0.4815
0.9975 126627 100000 0.4825
0.9985 126627 100000 0.4835
0.9995 126627 100000 0.4845
