0.005 1.33168 0.1379 -0.495
0.015 1.33169 0.1379 -0.485615
0.025 1.33169 0.1379 -0.475615
0.035 1.33166 0.1379 -0.465615
0.045 1.33156 0.1379 -0.455615
0.055 1.33137 0.1379 -0.445615
0.065 1.33106 0.1379 -0.435615
0.075 1.33065 0.1379 -0.425615
0.085 1.3302 0.1379 -0.415614
0.095 1.32983 0.1379 -0.405614
0.105 1.32963 0.1379 -0.395614
0.115 1.32954 0.1379 -0.385614
0.125 1.32949 0.1379 -0.375614
0.135 1.32951 0.1379 -0.365614
0.145 1.32961 0.1379 -0.355614
0.155 1.32978 0.1379 -0.345614
0.165 1.32991 0.1379 -0.335614
0.175 1.32993 0.1379 -0.325613
0.185 1.32981 0.1379 -0.315612
0.195 1.32931 0.1379 -0.30561
0.205 1.32802 0.1379 -0.295607
0.215 1.32538 0.1379 -0.285602
0.225 1.32058 0.1379 -0.275592
0.235 1.31238 0.1379 -0.265577
0.245 1.29897 0.1379 -0.255552
0.255 1.27778 0.1379 -0.245512
0.265 1.24541 0.1379 -0.23545
0.275 1.19935 0.1379 -0.225358
0.285 1.13288 0.1379 -0.215224
0.295 1.05777 0.1379 -0.205085
0.305 1.01526 0.1379 -0.195019
0.315 1.00256 0.1379 -0.185003
0.325 1.00011 0.1379 -0.175
0.335 0.999589 0.1379 -0.165
0.345 0.999162 0.1379 -0.155
0.355 0.998455 0.1379 -0.145
0.365 0.997238 0.1379 -0.135
0.375 0.995201 0.1379 -0.125
0.385 0.991887 0.1379 -0.115
0.395 0.986618 0.1379 -0.105
0.405 0.978417 0.1379 -0.095
0.415 0.965902 0.1379 -0.085
0.425 0.947227 0.1379 -0.075
0.435 0.919981 0.1379 -0.065
0.445 0.881434 0.1379 -0.055
0.455 0.82882 0.1379 -0.045
0.465 0.760651 0.1379 -0.035
0.475 0.642298 0.1379 -0.025
0.485 0.475035 0.1379 -0.015
0.495 0.27824 0.1379 -0.005
0.505 0.153124 0.1379 0.005
0.515 0.1379 0.1379 0.015
0.525 0.1379 0.1379 0.025
0.535 0.1379 0.1379 0.035
0.545 0.1379 0.1379 0.045
0.555 0.1379 0.1379 0.055
0.565 0.1379 0.1379 0.065
0.575 0.1379 0.1379 0.075
0.585 0.1379 0.1379 0.085
0.595 0.1379 0.1379 0.095
0.605 0.1379 0.1379 0.105
0.615 0.1379 0.1379 0.115
0.625 0.1379 0.1379 0.125
0.635 0.1379 0.1379 0.135
0.645 0.1379 0.1379 0.145
0.655 0.1379 0.1379 0.155
0.665 0.1379 0.1379 0.165
0.675 0.1379 0.1379 0.175
0.685 0.1379 0.1379 0.185
0.695 0.1379 0.1379 0.195
0.705 0.1379 0.1379 0.205
0.715 0.1379 0.1379 0.215
0.725 0.1379 0.1379 0.225
0.735 0.1379 0.1379 0.235
0.745 0.1379 0.1379 0.245
0.755 0.1379 0.1379 0.255
0.765 0.1379 0.1379 0.265
0.775 0.1379 0.1379 0.275
0.785 0.1379 0.1379 0.285
0.795 0.1379 0.1379 0.295
0.805 0.1379 0.1379 0.305
0.815 0.1379 0.1379 0.315
0.825 0.1379 0.1379 0.325
0.835 0.1379 0.1379 0.335
0.845 0.1379 0.1379 0.345
0.855 0.1379 0.1379 0.355
0.865 0.1379 0.1379 0.365
0.875 0.1379 0.1379 0.375
0.885 0.1379 0.1379 0.385
0.895 0.1379 0.1379 0.395
0.905 0.1379 0.1379 0.405
0.915 0.1379 0.1379 0.415
0.925 0.1379 0.1379 0.425
0.935 0.1379 0.1379 0.435
0.945 0.1379 0.1379 0.445
0.955 0.1379 0.1379 0.455
0.965 0.1379 0.1379 0.465
0.975 0.1379 0.1379 0.475
0.985 0.1379 0.1379 0.485
0.995 0.1379 0.1379 0.495
