0.001 -0.499 1 0.125 
0.003 -0.497 1 0.125 
0.005 -0.495 1 0.125 
0.007 -0.493 1 0.125 
0.009 -0.491 1 0.125 
0.011 -0.489 1 0.125 
0.013 -0.487 1 0.125 
0.015 -0.485 1 0.125 
0.017 -0.483 1 0.125 
0.019 -0.481 1 0.125 
0.021 -0.479 1 0.125 
0.023 -0.477 1 0.125 
0.025 -0.475 1 0.125 
0.027 -0.473 1 0.125 
0.029 -0.471 1 0.125 
0.031 -0.469 1 0.125 
0.033 -0.467 1 0.125 
0.035 -0.465 1 0.125 
0.037 -0.463 1 0.125 
0.039 -0.461 1 0.125 
0.041 -0.459 1 0.125 
0.043 -0.457 1 0.125 
0.045 -0.455 1 0.125 
0.047 -0.453 1 0.125 
0.049 -0.451 1 0.125 
0.051 -0.449 1 0.125 
0.053 -0.447 1 0.125 
0.055 -0.445 1 0.125 
0.057 -0.443 1 0.125 
0.059 -0.441 1 0.125 
0.061 -0.439 1 0.125 
0.063 -0.437 1 0.125 
0.065 -0.435 1 0.125 
0.067 -0.433 1 0.125 
0.069 -0.431 1 0.125 
0.071 -0.429 1 0.125 
0.073 -0.427 1 0.125 
0.075 -0.425 1 0.125 
0.077 -0.423 1 0.125 
0.079 -0.421 1 0.125 
0.081 -0.419 1 0.125 
0.083 -0.417 1 0.125 
0.085 -0.415 1 0.125 
0.087 -0.413 1 0.125 
0.089 -0.411 1 0.125 
0.091 -0.409 1 0.125 
0.093 -0.407 1 0.125 
0.095 -0.405 1 0.125 
0.097 -0.403 1 0.125 
0.099 -0.401 1 0.125 
0.101 -0.399 1 0.125 
0.103 -0.397 1 0.125 
0.105 -0.395 1 0.125 
0.107 -0.393 1 0.125 
0.109 -0.391 1 0.125 
0.111 -0.389 1 0.125 
0.113 -0.387 1 0.125 
0.115 -0.385 1 0.125 
0.117 -0.383 1 0.125 
0.119 -0.381 1 0.125 
0.121 -0.379 1 0.125 
0.123 -0.377 1 0.125 
0.125 -0.375 1 0.125 
0.127 -0.373 1 0.125 
0.129 -0.371 1 0.125 
0.131 -0.369 1 0.125 
0.133 -0.367 1 0.125 
0.135 -0.365 1 0.125 
0.137 -0.363 1 0.125 
0.139 -0.361 1 0.125 
0.141 -0.359 1 0.125 
0.143 -0.357 1 0.125 
0.145 -0.355 1 0.125 
0.147 -0.353 1 0.125 
0.149 -0.351 1 0.125 
0.151 -0.349 1 0.125 
0.153 -0.347 1 0.125 
0.155 -0.345 1 0.125 
0.157 -0.343 1 0.125 
0.159 -0.341 1 0.125 
0.161 -0.339 1 0.125 
0.163 -0.337 1 0.125 
0.165 -0.335 1 0.125 
0.167 -0.333 1 0.125 
0.169 -0.331 1 0.125 
0.171 -0.329 1 0.125 
0.173 -0.327 1 0.125 
0.175 -0.325 1 0.125 
0.177 -0.323 1 0.125 
0.179 -0.321 1 0.125 
0.181 -0.319 1 0.125 
0.183 -0.317 1 0.125 
0.185 -0.315 1 0.125 
0.187 -0.313 1 0.125 
0.189 -0.311 1 0.125 
0.191 -0.309 1 0.125 
0.193 -0.307 1 0.125 
0.195 -0.305 1 0.125 
0.197 -0.303 1 0.125 
0.199 -0.301 1 0.125 
0.201 -0.299 1 0.125 
0.203 -0.297 1 0.125 
0.205 -0.295 1 0.125 
0.207 -0.293 1 0.125 
0.209 -0.291 1 0.125 
0.211 -0.289 1 0.125 
0.213 -0.287 1 0.125 
0.215 -0.285 1 0.125 
0.217 -0.283 1 0.125 
0.219 -0.281 1 0.125 
0.221 -0.279 1 0.125 
0.223 -0.277 1 0.125 
0.225 -0.275 1 0.125 
0.227 -0.273 1 0.125 
0.229 -0.271 1 0.125 
0.231 -0.269 1 0.125 
0.233 -0.267 1 0.125 
0.235 -0.265 1 0.125 
0.237 -0.263 1 0.125 
0.239 -0.261 1 0.125 
0.241 -0.259 1 0.125 
0.243 -0.257 1 0.125 
0.245 -0.255 1 0.125 
0.247 -0.253 1 0.125 
0.249 -0.251 1 0.125 
0.251 -0.249 1 0.125 
0.253 -0.247 1 0.125 
0.255 -0.245 1 0.125 
0.257 -0.243 1 0.125 
0.259 -0.241 1 0.125 
0.261 -0.239 1 0.125 
0.263 -0.237 1 0.125 
0.265 -0.235 1 0.125 
0.267 -0.233 1 0.125 
0.269 -0.231 1 0.125 
0.271 -0.229 1 0.125 
0.273 -0.227 1 0.125 
0.275 -0.225 1 0.125 
0.277 -0.223 1 0.125 
0.279 -0.221 1 0.125 
0.281 -0.219 1 0.125 
0.283 -0.217 1 0.125 
0.285 -0.215 1 0.125 
0.287 -0.213 1 0.125 
0.289 -0.211 1 0.125 
0.291 -0.209 1 0.125 
0.293 -0.207 1 0.125 
0.295 -0.205 1 0.125 
0.297 -0.203 1 0.125 
0.299 -0.201 1 0.125 
0.301 -0.199 1 0.125 
0.303 -0.197 1 0.125 
0.305 -0.195 1 0.125 
0.307 -0.193 1 0.125 
0.309 -0.191 1 0.125 
0.311 -0.189 1 0.125 
0.313 -0.187 1 0.125 
0.315 -0.185 1 0.125 
0.317 -0.183 1 0.125 
0.319 -0.181 1 0.125 
0.321 -0.179 1 0.125 
0.323 -0.177 1 0.125 
0.325 -0.175 1 0.125 
0.327 -0.173 1 0.125 
0.329 -0.171 1 0.125 
0.331 -0.169 1 0.125 
0.333 -0.167 1 0.125 
0.335 -0.165 1 0.125 
0.337 -0.163 1 0.125 
0.339 -0.161 1 0.125 
0.341 -0.159 1 0.125 
0.343 -0.157 1 0.125 
0.345 -0.155 1 0.125 
0.347 -0.153 1 0.125 
0.349 -0.151 1 0.125 
0.351 -0.149 1 0.125 
0.353 -0.147 1 0.125 
0.355 -0.145 1 0.125 
0.357 -0.143 1 0.125 
0.359 -0.141 1 0.125 
0.361 -0.139 1 0.125 
0.363 -0.137 1 0.125 
0.365 -0.135 1 0.125 
0.367 -0.133 1 0.125 
0.369 -0.131 1 0.125 
0.371 -0.129 1 0.125 
0.373 -0.127 1 0.125 
0.375 -0.125 1 0.125 
0.377 -0.123 1 0.125 
0.379 -0.121 1 0.125 
0.381 -0.119 1 0.125 
0.383 -0.117 1 0.125 
0.385 -0.115 1 0.125 
0.387 -0.113 1 0.125 
0.389 -0.111 1 0.125 
0.391 -0.109 1 0.125 
0.393 -0.107 1 0.125 
0.395 -0.105 1 0.125 
0.397 -0.103 1 0.125 
0.399 -0.101 1 0.125 
0.401 -0.099 1 0.125 
0.403 -0.097 1 0.125 
0.405 -0.095 1 0.125 
0.407 -0.093 1 0.125 
0.409 -0.091 1 0.125 
0.411 -0.089 1 0.125 
0.413 -0.087 1 0.125 
0.415 -0.085 1 0.125 
0.417 -0.083 1 0.125 
0.419 -0.081 1 0.125034 
0.421 -0.079 0.999999 0.127589 
0.423 -0.077 0.999996 0.197737 
0.425 -0.075 0.999986 0.274542 
0.427 -0.073 0.999955 0.252346 
0.429 -0.0710001 0.99987 0.281267 
0.431 -0.0690004 0.99966 0.254048 
0.433 -0.0670011 0.999194 0.272021 
0.435 -0.0650027 0.998248 0.262744 
0.437 -0.0630064 0.996492 0.26717 
0.439 -0.0610137 0.993494 0.265208 
0.441 -0.0590273 0.98876 0.266555 
0.443 -0.0570509 0.981809 0.266684 
0.445 -0.0550892 0.972268 0.267868 
0.447 -0.0531478 0.959937 0.269295 
0.449 -0.0512328 0.944824 0.271642 
0.451 -0.0493499 0.927131 0.275699 
0.453 -0.0475047 0.907196 0.282106 
0.455 -0.0457018 0.885432 0.29167 
0.457 -0.0439449 0.862256 0.304974 
0.459 -0.0422369 0.838042 0.322366 
0.461 -0.0405797 0.813094 0.343665 
0.463 -0.0389747 0.78758 0.368528 
0.465 -0.0374226 0.761955 0.391476 
0.467 -0.0359233 0.736588 0.40593 
0.469 -0.034476 0.711705 0.412921 
0.471 -0.0330793 0.68745 0.416249 
0.473 -0.0317317 0.663927 0.418233 
0.475 -0.0304316 0.641218 0.419766 
0.477 -0.0291771 0.619385 0.421081 
0.479 -0.0279662 0.598482 0.422217 
0.481 -0.0267967 0.578564 0.423204 
0.483 -0.0256665 0.559683 0.424266 
0.485 -0.0245731 0.541901 0.425808 
0.487 -0.0235142 0.525284 0.428049 
0.489 -0.0224871 0.509897 0.430627 
0.491 -0.0214891 0.495807 0.433402 
0.493 -0.0205173 0.483071 0.436825 
0.495 -0.0195688 0.471727 0.441161 
0.497 -0.0186406 0.461805 0.446582 
0.499 -0.0177296 0.453316 0.453222 
0.501 0.0177072 0.446249 0.461158 
0.503 0.0186368 0.440627 0.470397 
0.505 0.019585 0.436453 0.480896 
0.507 0.0205547 0.433492 0.492598 
0.509 0.0215482 0.4312 0.505448 
0.511 0.022568 0.428953 0.519386 
0.513 0.0236163 0.426651 0.534339 
0.515 0.0246953 0.424698 0.550229 
0.517 0.0258069 0.42353 0.566986 
0.519 0.0269529 0.422936 0.584556 
0.521 0.0281352 0.422157 0.602886 
0.523 0.0293553 0.421087 0.621925 
0.525 0.0306146 0.419526 0.641623 
0.527 0.0319147 0.417189 0.661949 
0.529 0.0332569 0.41388 0.682887 
0.531 0.0346425 0.40923 0.704421 
0.533 0.0360728 0.402584 0.726527 
0.535 0.037549 0.39329 0.749186 
0.537 0.0390724 0.380647 0.772376 
0.539 0.0406439 0.363959 0.796071 
0.541 0.0422648 0.342932 0.820254 
0.543 0.043936 0.317246 0.844924 
0.545 0.0456587 0.291496 0.870073 
0.547 0.0474336 0.276399 0.895625 
0.549 0.0492619 0.2701 0.921632 
0.551 0.0511429 0.267755 0.946712 
0.553 0.053069 0.266781 0.967454 
0.555 0.0550287 0.266365 0.982614 
0.557 0.0570101 0.266265 0.992152 
0.559 0.0590029 0.266411 0.997087 
0.561 0.0610007 0.266517 0.999122 
0.563 0.0630001 0.268298 0.999785 
0.565 0.065 0.264731 0.999957 
0.567 0.067 0.27892 0.999993 
0.569 0.069 0.249289 0.999999 
0.571 0.071 0.289807 1 
0.573 0.073 0.142802 1 
0.575 0.075 0.398935 1 
0.577 0.077 0.16759 1 
0.579 0.079 0.126032 1 
0.581 0.081 0.125 1 
0.583 0.083 0.125 1 
0.585 0.085 0.125 1 
0.587 0.087 0.125 1 
0.589 0.089 0.125 1 
0.591 0.091 0.125 1 
0.593 0.093 0.125 1 
0.595 0.095 0.125 1 
0.597 0.097 0.125 1 
0.599 0.099 0.125 1 
0.601 0.101 0.125 1 
0.603 0.103 0.125 1 
0.605 0.105 0.125 1 
0.607 0.107 0.125 1 
0.609 0.109 0.125 1 
0.611 0.111 0.125 1 
0.613 0.113 0.125 1 
0.615 0.115 0.125 1 
0.617 0.117 0.125 1 
0.619 0.119 0.125 1 
0.621 0.121 0.125 1 
0.623 0.123 0.125 1 
0.625 0.125 0.125 1 
0.627 0.127 0.125 1 
0.629 0.129 0.125 1 
0.631 0.131 0.125 1 
0.633 0.133 0.125 1 
0.635 0.135 0.125 1 
0.637 0.137 0.125 1 
0.639 0.139 0.125 1 
0.641 0.141 0.125 1 
0.643 0.143 0.125 1 
0.645 0.145 0.125 1 
0.647 0.147 0.125 1 
0.649 0.149 0.125 1 
0.651 0.151 0.125 1 
0.653 0.153 0.125 1 
0.655 0.155 0.125 1 
0.657 0.157 0.125 1 
0.659 0.159 0.125 1 
0.661 0.161 0.125 1 
0.663 0.163 0.125 1 
0.665 0.165 0.125 1 
0.667 0.167 0.125 1 
0.669 0.169 0.125 1 
0.671 0.171 0.125 1 
0.673 0.173 0.125 1 
0.675 0.175 0.125 1 
0.677 0.177 0.125 1 
0.679 0.179 0.125 1 
0.681 0.181 0.125 1 
0.683 0.183 0.125 1 
0.685 0.185 0.125 1 
0.687 0.187 0.125 1 
0.689 0.189 0.125 1 
0.691 0.191 0.125 1 
0.693 0.193 0.125 1 
0.695 0.195 0.125 1 
0.697 0.197 0.125 1 
0.699 0.199 0.125 1 
0.701 0.201 0.125 1 
0.703 0.203 0.125 1 
0.705 0.205 0.125 1 
0.707 0.207 0.125 1 
0.709 0.209 0.125 1 
0.711 0.211 0.125 1 
0.713 0.213 0.125 1 
0.715 0.215 0.125 1 
0.717 0.217 0.125 1 
0.719 0.219 0.125 1 
0.721 0.221 0.125 1 
0.723 0.223 0.125 1 
0.725 0.225 0.125 1 
0.727 0.227 0.125 1 
0.729 0.229 0.125 1 
0.731 0.231 0.125 1 
0.733 0.233 0.125 1 
0.735 0.235 0.125 1 
0.737 0.237 0.125 1 
0.739 0.239 0.125 1 
0.741 0.241 0.125 1 
0.743 0.243 0.125 1 
0.745 0.245 0.125 1 
0.747 0.247 0.125 1 
0.749 0.249 0.125 1 
0.751 0.251 0.125 1 
0.753 0.253 0.125 1 
0.755 0.255 0.125 1 
0.757 0.257 0.125 1 
0.759 0.259 0.125 1 
0.761 0.261 0.125 1 
0.763 0.263 0.125 1 
0.765 0.265 0.125 1 
0.767 0.267 0.125 1 
0.769 0.269 0.125 1 
0.771 0.271 0.125 1 
0.773 0.273 0.125 1 
0.775 0.275 0.125 1 
0.777 0.277 0.125 1 
0.779 0.279 0.125 1 
0.781 0.281 0.125 1 
0.783 0.283 0.125 1 
0.785 0.285 0.125 1 
0.787 0.287 0.125 1 
0.789 0.289 0.125 1 
0.791 0.291 0.125 1 
0.793 0.293 0.125 1 
0.795 0.295 0.125 1 
0.797 0.297 0.125 1 
0.799 0.299 0.125 1 
0.801 0.301 0.125 1 
0.803 0.303 0.125 1 
0.805 0.305 0.125 1 
0.807 0.307 0.125 1 
0.809 0.309 0.125 1 
0.811 0.311 0.125 1 
0.813 0.313 0.125 1 
0.815 0.315 0.125 1 
0.817 0.317 0.125 1 
0.819 0.319 0.125 1 
0.821 0.321 0.125 1 
0.823 0.323 0.125 1 
0.825 0.325 0.125 1 
0.827 0.327 0.125 1 
0.829 0.329 0.125 1 
0.831 0.331 0.125 1 
0.833 0.333 0.125 1 
0.835 0.335 0.125 1 
0.837 0.337 0.125 1 
0.839 0.339 0.125 1 
0.841 0.341 0.125 1 
0.843 0.343 0.125 1 
0.845 0.345 0.125 1 
0.847 0.347 0.125 1 
0.849 0.349 0.125 1 
0.851 0.351 0.125 1 
0.853 0.353 0.125 1 
0.855 0.355 0.125 1 
0.857 0.357 0.125 1 
0.859 0.359 0.125 1 
0.861 0.361 0.125 1 
0.863 0.363 0.125 1 
0.865 0.365 0.125 1 
0.867 0.367 0.125 1 
0.869 0.369 0.125 1 
0.871 0.371 0.125 1 
0.873 0.373 0.125 1 
0.875 0.375 0.125 1 
0.877 0.377 0.125 1 
0.879 0.379 0.125 1 
0.881 0.381 0.125 1 
0.883 0.383 0.125 1 
0.885 0.385 0.125 1 
0.887 0.387 0.125 1 
0.889 0.389 0.125 1 
0.891 0.391 0.125 1 
0.893 0.393 0.125 1 
0.895 0.395 0.125 1 
0.897 0.397 0.125 1 
0.899 0.399 0.125 1 
0.901 0.401 0.125 1 
0.903 0.403 0.125 1 
0.905 0.405 0.125 1 
0.907 0.407 0.125 1 
0.909 0.409 0.125 1 
0.911 0.411 0.125 1 
0.913 0.413 0.125 1 
0.915 0.415 0.125 1 
0.917 0.417 0.125 1 
0.919 0.419 0.125 1 
0.921 0.421 0.125 1 
0.923 0.423 0.125 1 
0.925 0.425 0.125 1 
0.927 0.427 0.125 1 
0.929 0.429 0.125 1 
0.931 0.431 0.125 1 
0.933 0.433 0.125 1 
0.935 0.435 0.125 1 
0.937 0.437 0.125 1 
0.939 0.439 0.125 1 
0.941 0.441 0.125 1 
0.943 0.443 0.125 1 
0.945 0.445 0.125 1 
0.947 0.447 0.125 1 
0.949 0.449 0.125 1 
0.951 0.451 0.125 1 
0.953 0.453 0.125 1 
0.955 0.455 0.125 1 
0.957 0.457 0.125 1 
0.959 0.459 0.125 1 
0.961 0.461 0.125 1 
0.963 0.463 0.125 1 
0.965 0.465 0.125 1 
0.967 0.467 0.125 1 
0.969 0.469 0.125 1 
0.971 0.471 0.125 1 
0.973 0.473 0.125 1 
0.975 0.475 0.125 1 
0.977 0.477 0.125 1 
0.979 0.479 0.125 1 
0.981 0.481 0.125 1 
0.983 0.483 0.125 1 
0.985 0.485 0.125 1 
0.987 0.487 0.125 1 
0.989 0.489 0.125 1 
0.991 0.491 0.125 1 
0.993 0.493 0.125 1 
0.995 0.495 0.125 1 
0.997 0.497 0.125 1 
0.999 0.499 0.125 1 
