0.001 -0.499 1 0.125 
0.003 -0.497 1 0.125 
0.005 -0.495 1 0.125 
0.007 -0.493 1 0.125 
0.009 -0.491 1 0.125 
0.011 -0.489 1 0.125 
0.013 -0.487 1 0.125 
0.015 -0.485 1 0.125 
0.017 -0.483 1 0.125 
0.019 -0.481 1 0.125 
0.021 -0.479 1 0.125 
0.023 -0.477 1 0.125 
0.025 -0.475 1 0.125 
0.027 -0.473 1 0.125 
0.029 -0.471 1 0.125 
0.031 -0.469 1 0.125 
0.033 -0.467 1 0.125 
0.035 -0.465 1 0.125 
0.037 -0.463 1 0.125 
0.039 -0.461 1 0.125 
0.041 -0.459 1 0.125 
0.043 -0.457 1 0.125 
0.045 -0.455 1 0.125 
0.047 -0.453 1 0.125 
0.049 -0.451 1 0.125 
0.051 -0.449 1 0.125 
0.053 -0.447 1 0.125 
0.055 -0.445 1 0.125 
0.057 -0.443 1 0.125 
0.059 -0.441 1 0.125 
0.061 -0.439 1 0.125 
0.063 -0.437 1 0.125 
0.065 -0.435 1 0.125 
0.067 -0.433 1 0.125 
0.069 -0.431 1 0.125 
0.071 -0.429 1 0.125 
0.073 -0.427 1 0.125 
0.075 -0.425 1 0.125 
0.077 -0.423 1 0.125 
0.079 -0.421 1 0.125 
0.081 -0.419 1 0.125 
0.083 -0.417 1 0.125 
0.085 -0.415 1 0.125 
0.087 -0.413 1 0.125 
0.089 -0.411 1 0.125 
0.091 -0.409 1 0.125 
0.093 -0.407 1 0.125 
0.095 -0.405 1 0.125 
0.097 -0.403 1 0.125 
0.099 -0.401 1 0.125 
0.101 -0.399 1 0.125 
0.103 -0.397 1 0.125 
0.105 -0.395 1 0.125 
0.107 -0.393 1 0.125 
0.109 -0.391 1 0.125 
0.111 -0.389 1 0.125 
0.113 -0.387 1 0.125 
0.115 -0.385 1 0.125 
0.117 -0.383 1 0.125 
0.119 -0.381 1 0.125 
0.121 -0.379 1 0.125 
0.123 -0.377 1 0.125 
0.125 -0.375 1 0.125 
0.127 -0.373 1 0.125 
0.129 -0.371 1 0.125 
0.131 -0.369 1 0.125 
0.133 -0.367 1 0.125 
0.135 -0.365 1 0.125 
0.137 -0.363 1 0.125 
0.139 -0.361 1 0.125 
0.141 -0.359 1 0.125 
0.143 -0.357 1 0.125 
0.145 -0.355 1 0.125 
0.147 -0.353 1 0.125 
0.149 -0.351 1 0.125 
0.151 -0.349 1 0.125 
0.153 -0.347 1 0.125 
0.155 -0.345 1 0.125 
0.157 -0.343 1 0.125 
0.159 -0.341 1 0.125 
0.161 -0.339 1 0.125 
0.163 -0.337 1 0.125 
0.165 -0.335 1 0.125 
0.167 -0.333 1 0.125 
0.169 -0.331 1 0.125 
0.171 -0.329 1 0.125 
0.173 -0.327 1 0.125 
0.175 -0.325 1 0.125 
0.177 -0.323 1 0.125 
0.179 -0.321 1 0.125 
0.181 -0.319 1 0.125 
0.183 -0.317 1 0.125 
0.185 -0.315 1 0.125 
0.187 -0.313 1 0.125 
0.189 -0.311 1 0.125 
0.191 -0.309 1 0.125 
0.193 -0.307 1 0.125 
0.195 -0.305 1 0.125 
0.197 -0.303 1 0.125 
0.199 -0.301 1 0.125 
0.201 -0.299 1 0.125 
0.203 -0.297 1 0.125 
0.205 -0.295 1 0.125 
0.207 -0.293 1 0.125 
0.209 -0.291 1 0.125 
0.211 -0.289 1 0.125 
0.213 -0.287 1 0.125 
0.215 -0.285 1 0.125 
0.217 -0.283 1 0.125 
0.219 -0.281 1 0.125 
0.221 -0.279 1 0.125 
0.223 -0.277 1 0.125 
0.225 -0.275 1 0.125 
0.227 -0.273 1 0.125 
0.229 -0.271 1 0.125 
0.231 -0.269 1 0.125 
0.233 -0.267 1 0.125 
0.235 -0.265 1 0.125 
0.237 -0.263 1 0.125 
0.239 -0.261 1 0.125 
0.241 -0.259 1 0.125 
0.243 -0.257 1 0.125 
0.245 -0.255 1 0.125 
0.247 -0.253 1 0.125 
0.249 -0.251 1 0.125 
0.251 -0.249 1 0.125 
0.253 -0.247 1 0.125 
0.255 -0.245 1 0.125 
0.257 -0.243 1 0.125 
0.259 -0.241 1 0.125 
0.261 -0.239 1 0.125 
0.263 -0.237 1 0.125 
0.265 -0.235 1 0.125 
0.267 -0.233 1 0.125 
0.269 -0.231 1 0.125 
0.271 -0.229 1 0.125 
0.273 -0.227 1 0.125 
0.275 -0.225 1 0.125 
0.277 -0.223 1 0.125 
0.279 -0.221 1 0.125 
0.281 -0.219 1 0.125 
0.283 -0.217 1 0.125 
0.285 -0.215 1 0.125 
0.287 -0.213 1 0.125 
0.289 -0.211 1 0.125 
0.291 -0.209 1 0.125 
0.293 -0.207 1 0.125 
0.295 -0.205 1 0.125 
0.297 -0.203 1 0.125 
0.299 -0.201 1 0.125 
0.301 -0.199 1 0.125 
0.303 -0.197 1 0.125 
0.305 -0.195 1 0.125 
0.307 -0.193 1 0.125 
0.309 -0.191 1 0.125 
0.311 -0.189 1 0.125 
0.313 -0.187 1 0.125 
0.315 -0.185 1 0.125 
0.317 -0.183 1 0.125 
0.319 -0.181 1 0.125 
0.321 -0.179 1 0.125 
0.323 -0.177 1 0.125 
0.325 -0.175 1 0.125 
0.327 -0.173 1 0.125 
0.329 -0.171 1 0.125 
0.331 -0.169 1 0.125 
0.333 -0.167 1 0.125 
0.335 -0.165 1 0.125 
0.337 -0.163 1 0.125 
0.339 -0.161 1 0.125 
0.341 -0.159 1 0.125 
0.343 -0.157 1 0.125 
0.345 -0.155 1 0.125 
0.347 -0.153 1 0.125 
0.349 -0.151 1 0.125 
0.351 -0.149 1 0.125 
0.353 -0.147 1 0.125 
0.355 -0.145 1 0.125 
0.357 -0.143 1 0.125 
0.359 -0.141 1 0.125 
0.361 -0.139 1 0.125 
0.363 -0.137 1 0.125 
0.365 -0.135 1 0.125 
0.367 -0.133 1 0.125 
0.369 -0.131 1 0.125 
0.371 -0.129 1 0.125 
0.373 -0.127 1 0.125 
0.375 -0.125 1 0.125 
0.377 -0.123 1 0.125 
0.379 -0.121 1 0.125 
0.381 -0.119 1 0.125 
0.383 -0.117 1 0.125 
0.385 -0.115 1 0.125 
0.387 -0.113 1 0.125 
0.389 -0.111 1 0.125 
0.391 -0.109 1 0.125001 
0.393 -0.107 1 0.12507 
0.395 -0.105 1 0.131627 
0.397 -0.103 1 0.189325 
0.399 -0.101 0.999999 0.547033 
0.401 -0.099 0.999997 0.0294425 
0.403 -0.097 0.999992 0.186608 
0.405 -0.095 0.999978 0.256877 
0.407 -0.0930001 0.999942 0.321479 
0.409 -0.0910002 0.99986 0.24726 
0.411 -0.0890005 0.999686 0.288903 
0.413 -0.0870011 0.999341 0.262231 
0.415 -0.0850025 0.998698 0.273824 
0.417 -0.0830052 0.997575 0.265564 
0.419 -0.0810102 0.995735 0.268498 
0.421 -0.0790191 0.992893 0.266005 
0.423 -0.077034 0.988749 0.267064 
0.425 -0.0750576 0.983029 0.266485 
0.427 -0.0730933 0.975522 0.267293 
0.429 -0.0711448 0.96612 0.267741 
0.431 -0.0692161 0.954826 0.268829 
0.433 -0.0673113 0.941749 0.270554 
0.435 -0.0654341 0.927084 0.273301 
0.437 -0.0635877 0.911072 0.277702 
0.439 -0.0617748 0.893972 0.28426 
0.441 -0.0599976 0.876034 0.293496 
0.443 -0.0582578 0.857476 0.305815 
0.445 -0.0565564 0.838474 0.321464 
0.447 -0.0548944 0.819139 0.340456 
0.449 -0.0532722 0.799648 0.362338 
0.451 -0.0516899 0.780212 0.385511 
0.453 -0.0501474 0.760958 0.402814 
0.455 -0.048644 0.741956 0.412174 
0.457 -0.0471793 0.723257 0.416454 
0.459 -0.0457525 0.704898 0.418551 
0.461 -0.0443629 0.686911 0.41991 
0.463 -0.0430096 0.669325 0.421039 
0.465 -0.0416918 0.652161 0.422042 
0.467 -0.0404085 0.635439 0.422882 
0.469 -0.0391587 0.619178 0.423538 
0.471 -0.0379415 0.603393 0.424024 
0.473 -0.0367558 0.588103 0.424363 
0.475 -0.0356005 0.573326 0.424617 
0.477 -0.0344745 0.559084 0.424921 
0.479 -0.0333766 0.545401 0.425358 
0.481 -0.0323056 0.532307 0.426041 
0.483 -0.0312602 0.519832 0.426957 
0.485 -0.0302391 0.508013 0.427951 
0.487 -0.0292407 0.496888 0.429079 
0.489 -0.0282635 0.486496 0.430562 
0.491 -0.027306 0.476879 0.432557 
0.493 -0.0263665 0.468075 0.435191 
0.495 -0.0254431 0.460118 0.438558 
0.497 -0.0245342 0.453041 0.442713 
0.499 -0.0236379 0.446869 0.447688 
0.501 0.0236103 0.441626 0.453495 
0.503 0.0245217 0.437337 0.460127 
0.505 0.0254467 0.434006 0.467562 
0.507 0.0263867 0.431592 0.475772 
0.509 0.0273435 0.429973 0.484724 
0.511 0.0283184 0.428889 0.494379 
0.513 0.029313 0.427993 0.504694 
0.515 0.0303285 0.427076 0.515625 
0.517 0.0313663 0.426178 0.527133 
0.519 0.0324275 0.425435 0.539184 
0.521 0.0335134 0.425002 0.551742 
0.523 0.0346248 0.42481 0.564772 
0.525 0.035763 0.424621 0.578246 
0.527 0.0369286 0.424367 0.592142 
0.529 0.0381228 0.424036 0.606443 
0.531 0.0393462 0.423558 0.621128 
0.533 0.0405998 0.422899 0.63618 
0.535 0.0418842 0.421988 0.651588 
0.537 0.0432003 0.420684 0.667345 
0.539 0.0445488 0.41883 0.683445 
0.541 0.0459304 0.416196 0.699879 
0.543 0.0473458 0.412464 0.71664 
0.545 0.0487958 0.407252 0.733721 
0.547 0.0502809 0.400103 0.751121 
0.549 0.0518019 0.390484 0.768837 
0.551 0.0533594 0.377948 0.786866 
0.553 0.0549542 0.362103 0.805203 
0.555 0.0565867 0.342737 0.823835 
0.557 0.0582578 0.318641 0.842744 
0.559 0.0599678 2.35567e+20 0.86192 
0.561 0.0617175 6.90321e+28 0.881375 
0.563 0.0635072 -3.34297e+29 0.901071 
0.565 0.0653376 7.30711e+29 0.920991 
0.567 0.0672091 4.26018e+37 0.941018 
0.569 0.069119 -4.65024e+37 0.959211 
0.571 0.0710612 -2.56643e+39 0.97418 
0.573 0.0730279 -5.08433e+38 0.985389 
0.575 0.075011 6.71511e+39 0.992792 
0.577 0.0770038 -1.30717e+39 0.996962 
0.579 0.0790011 4.74133e+40 0.998916 
0.581 0.0810003 -1.03984e+41 0.999672 
0.583 0.0830001 7.03923e+40 0.999915 
0.585 0.085 -3.81899e+40 0.999981 
0.587 0.087 3.58976e+40 0.999996 
0.589 0.089 -1.7674e+40 0.999999 
0.591 0.091 9.84748e+39 1 
0.593 0.093 -1.16229e+40 1 
0.595 0.095 5.51591e+39 1 
0.597 0.097 -5.45611e+38 1 
0.599 0.099 1.93584e+39 1 
0.601 0.101 -1.99216e+39 1 
0.603 0.103 6.76841e+38 1 
0.605 0.105 3731.22 1 
0.607 0.107 0.125 1 
0.609 0.109 0.125 1 
0.611 0.111 0.125 1 
0.613 0.113 0.125 1 
0.615 0.115 0.125 1 
0.617 0.117 0.125 1 
0.619 0.119 0.125 1 
0.621 0.121 0.125 1 
0.623 0.123 0.125 1 
0.625 0.125 0.125 1 
0.627 0.127 0.125 1 
0.629 0.129 0.125 1 
0.631 0.131 0.125 1 
0.633 0.133 0.125 1 
0.635 0.135 0.125 1 
0.637 0.137 0.125 1 
0.639 0.139 0.125 1 
0.641 0.141 0.125 1 
0.643 0.143 0.125 1 
0.645 0.145 0.125 1 
0.647 0.147 0.125 1 
0.649 0.149 0.125 1 
0.651 0.151 0.125 1 
0.653 0.153 0.125 1 
0.655 0.155 0.125 1 
0.657 0.157 0.125 1 
0.659 0.159 0.125 1 
0.661 0.161 0.125 1 
0.663 0.163 0.125 1 
0.665 0.165 0.125 1 
0.667 0.167 0.125 1 
0.669 0.169 0.125 1 
0.671 0.171 0.125 1 
0.673 0.173 0.125 1 
0.675 0.175 0.125 1 
0.677 0.177 0.125 1 
0.679 0.179 0.125 1 
0.681 0.181 0.125 1 
0.683 0.183 0.125 1 
0.685 0.185 0.125 1 
0.687 0.187 0.125 1 
0.689 0.189 0.125 1 
0.691 0.191 0.125 1 
0.693 0.193 0.125 1 
0.695 0.195 0.125 1 
0.697 0.197 0.125 1 
0.699 0.199 0.125 1 
0.701 0.201 0.125 1 
0.703 0.203 0.125 1 
0.705 0.205 0.125 1 
0.707 0.207 0.125 1 
0.709 0.209 0.125 1 
0.711 0.211 0.125 1 
0.713 0.213 0.125 1 
0.715 0.215 0.125 1 
0.717 0.217 0.125 1 
0.719 0.219 0.125 1 
0.721 0.221 0.125 1 
0.723 0.223 0.125 1 
0.725 0.225 0.125 1 
0.727 0.227 0.125 1 
0.729 0.229 0.125 1 
0.731 0.231 0.125 1 
0.733 0.233 0.125 1 
0.735 0.235 0.125 1 
0.737 0.237 0.125 1 
0.739 0.239 0.125 1 
0.741 0.241 0.125 1 
0.743 0.243 0.125 1 
0.745 0.245 0.125 1 
0.747 0.247 0.125 1 
0.749 0.249 0.125 1 
0.751 0.251 0.125 1 
0.753 0.253 0.125 1 
0.755 0.255 0.125 1 
0.757 0.257 0.125 1 
0.759 0.259 0.125 1 
0.761 0.261 0.125 1 
0.763 0.263 0.125 1 
0.765 0.265 0.125 1 
0.767 0.267 0.125 1 
0.769 0.269 0.125 1 
0.771 0.271 0.125 1 
0.773 0.273 0.125 1 
0.775 0.275 0.125 1 
0.777 0.277 0.125 1 
0.779 0.279 0.125 1 
0.781 0.281 0.125 1 
0.783 0.283 0.125 1 
0.785 0.285 0.125 1 
0.787 0.287 0.125 1 
0.789 0.289 0.125 1 
0.791 0.291 0.125 1 
0.793 0.293 0.125 1 
0.795 0.295 0.125 1 
0.797 0.297 0.125 1 
0.799 0.299 0.125 1 
0.801 0.301 0.125 1 
0.803 0.303 0.125 1 
0.805 0.305 0.125 1 
0.807 0.307 0.125 1 
0.809 0.309 0.125 1 
0.811 0.311 0.125 1 
0.813 0.313 0.125 1 
0.815 0.315 0.125 1 
0.817 0.317 0.125 1 
0.819 0.319 0.125 1 
0.821 0.321 0.125 1 
0.823 0.323 0.125 1 
0.825 0.325 0.125 1 
0.827 0.327 0.125 1 
0.829 0.329 0.125 1 
0.831 0.331 0.125 1 
0.833 0.333 0.125 1 
0.835 0.335 0.125 1 
0.837 0.337 0.125 1 
0.839 0.339 0.125 1 
0.841 0.341 0.125 1 
0.843 0.343 0.125 1 
0.845 0.345 0.125 1 
0.847 0.347 0.125 1 
0.849 0.349 0.125 1 
0.851 0.351 0.125 1 
0.853 0.353 0.125 1 
0.855 0.355 0.125 1 
0.857 0.357 0.125 1 
0.859 0.359 0.125 1 
0.861 0.361 0.125 1 
0.863 0.363 0.125 1 
0.865 0.365 0.125 1 
0.867 0.367 0.125 1 
0.869 0.369 0.125 1 
0.871 0.371 0.125 1 
0.873 0.373 0.125 1 
0.875 0.375 0.125 1 
0.877 0.377 0.125 1 
0.879 0.379 0.125 1 
0.881 0.381 0.125 1 
0.883 0.383 0.125 1 
0.885 0.385 0.125 1 
0.887 0.387 0.125 1 
0.889 0.389 0.125 1 
0.891 0.391 0.125 1 
0.893 0.393 0.125 1 
0.895 0.395 0.125 1 
0.897 0.397 0.125 1 
0.899 0.399 0.125 1 
0.901 0.401 0.125 1 
0.903 0.403 0.125 1 
0.905 0.405 0.125 1 
0.907 0.407 0.125 1 
0.909 0.409 0.125 1 
0.911 0.411 0.125 1 
0.913 0.413 0.125 1 
0.915 0.415 0.125 1 
0.917 0.417 0.125 1 
0.919 0.419 0.125 1 
0.921 0.421 0.125 1 
0.923 0.423 0.125 1 
0.925 0.425 0.125 1 
0.927 0.427 0.125 1 
0.929 0.429 0.125 1 
0.931 0.431 0.125 1 
0.933 0.433 0.125 1 
0.935 0.435 0.125 1 
0.937 0.437 0.125 1 
0.939 0.439 0.125 1 
0.941 0.441 0.125 1 
0.943 0.443 0.125 1 
0.945 0.445 0.125 1 
0.947 0.447 0.125 1 
0.949 0.449 0.125 1 
0.951 0.451 0.125 1 
0.953 0.453 0.125 1 
0.955 0.455 0.125 1 
0.957 0.457 0.125 1 
0.959 0.459 0.125 1 
0.961 0.461 0.125 1 
0.963 0.463 0.125 1 
0.965 0.465 0.125 1 
0.967 0.467 0.125 1 
0.969 0.469 0.125 1 
0.971 0.471 0.125 1 
0.973 0.473 0.125 1 
0.975 0.475 0.125 1 
0.977 0.477 0.125 1 
0.979 0.479 0.125 1 
0.981 0.481 0.125 1 
0.983 0.483 0.125 1 
0.985 0.485 0.125 1 
0.987 0.487 0.125 1 
0.989 0.489 0.125 1 
0.991 0.491 0.125 1 
0.993 0.493 0.125 1 
0.995 0.495 0.125 1 
0.997 0.497 0.125 1 
0.999 0.499 0.125 1 
