0.001 -0.499 1 0.125 
0.003 -0.497 1 0.125 
0.005 -0.495 1 0.125 
0.007 -0.493 1 0.125 
0.009 -0.491 1 0.125 
0.011 -0.489 1 0.125 
0.013 -0.487 1 0.125 
0.015 -0.485 1 0.125 
0.017 -0.483 1 0.125 
0.019 -0.481 1 0.125 
0.021 -0.479 1 0.125 
0.023 -0.477 1 0.125 
0.025 -0.475 1 0.125 
0.027 -0.473 1 0.125 
0.029 -0.471 1 0.125 
0.031 -0.469 1 0.125 
0.033 -0.467 1 0.125 
0.035 -0.465 1 0.125 
0.037 -0.463 1 0.125 
0.039 -0.461 1 0.125 
0.041 -0.459 1 0.125 
0.043 -0.457 1 0.125 
0.045 -0.455 1 0.125 
0.047 -0.453 1 0.125 
0.049 -0.451 1 0.125 
0.051 -0.449 1 0.125 
0.053 -0.447 1 0.125 
0.055 -0.445 1 0.125 
0.057 -0.443 1 0.125 
0.059 -0.441 1 0.125 
0.061 -0.439 1 0.125 
0.063 -0.437 1 0.125 
0.065 -0.435 1 0.125 
0.067 -0.433 1 0.125 
0.069 -0.431 1 0.125 
0.071 -0.429 1 0.125 
0.073 -0.427 1 0.125 
0.075 -0.425 1 0.125 
0.077 -0.423 1 0.125 
0.079 -0.421 1 0.125 
0.081 -0.419 1 0.125 
0.083 -0.417 1 0.125 
0.085 -0.415 1 0.125 
0.087 -0.413 1 0.125 
0.089 -0.411 1 0.125 
0.091 -0.409 1 0.125 
0.093 -0.407 1 0.125 
0.095 -0.405 1 0.125 
0.097 -0.403 1 0.125 
0.099 -0.401 1 0.125 
0.101 -0.399 1 0.125 
0.103 -0.397 1 0.125 
0.105 -0.395 1 0.125 
0.107 -0.393 1 0.125 
0.109 -0.391 1 0.125 
0.111 -0.389 1 0.125 
0.113 -0.387 1 0.125 
0.115 -0.385 1 0.125 
0.117 -0.383 1 0.125 
0.119 -0.381 1 0.125 
0.121 -0.379 1 0.125 
0.123 -0.377 1 0.125 
0.125 -0.375 1 0.125 
0.127 -0.373 1 0.125 
0.129 -0.371 1 0.125 
0.131 -0.369 1 0.125 
0.133 -0.367 1 0.125 
0.135 -0.365 1 0.125 
0.137 -0.363 1 0.125 
0.139 -0.361 1 0.125 
0.141 -0.359 1 0.125 
0.143 -0.357 1 0.125 
0.145 -0.355 1 0.125 
0.147 -0.353 1 0.125 
0.149 -0.351 1 0.125 
0.151 -0.349 1 0.125 
0.153 -0.347 1 0.125 
0.155 -0.345 1 0.125 
0.157 -0.343 1 0.125 
0.159 -0.341 1 0.125 
0.161 -0.339 1 0.125 
0.163 -0.337 1 0.125 
0.165 -0.335 1 0.125 
0.167 -0.333 1 0.125 
0.169 -0.331 1 0.125 
0.171 -0.329 1 0.125 
0.173 -0.327 1 0.125 
0.175 -0.325 1 0.125 
0.177 -0.323 1 0.125 
0.179 -0.321 1 0.125 
0.181 -0.319 1 0.125 
0.183 -0.317 1 0.125 
0.185 -0.315 1 0.125 
0.187 -0.313 1 0.125 
0.189 -0.311 1 0.125 
0.191 -0.309 1 0.125 
0.193 -0.307 1 0.125 
0.195 -0.305 1 0.125 
0.197 -0.303 1 0.125 
0.199 -0.301 1 0.125 
0.201 -0.299 1 0.125 
0.203 -0.297 1 0.125 
0.205 -0.295 1 0.125 
0.207 -0.293 1 0.125 
0.209 -0.291 1 0.125 
0.211 -0.289 1 0.125 
0.213 -0.287 1 0.125 
0.215 -0.285 1 0.125 
0.217 -0.283 1 0.125 
0.219 -0.281 1 0.125 
0.221 -0.279 1 0.125 
0.223 -0.277 1 0.125 
0.225 -0.275 1 0.125 
0.227 -0.273 1 0.125 
0.229 -0.271 1 0.125 
0.231 -0.269 1 0.125 
0.233 -0.267 1 0.125 
0.235 -0.265 1 0.125 
0.237 -0.263 1 0.125 
0.239 -0.261 1 0.125 
0.241 -0.259 1 0.125 
0.243 -0.257 1 0.125 
0.245 -0.255 1 0.125 
0.247 -0.253 1 0.125 
0.249 -0.251 1 0.125 
0.251 -0.249 1 0.125 
0.253 -0.247 1 0.125 
0.255 -0.245 1 0.125 
0.257 -0.243 1 0.125 
0.259 -0.241 1 0.125 
0.261 -0.239 1 0.125 
0.263 -0.237 1 0.125 
0.265 -0.235 1 0.125 
0.267 -0.233 1 0.125 
0.269 -0.231 1 0.125 
0.271 -0.229 1 0.125 
0.273 -0.227 1 0.125 
0.275 -0.225 1 0.125 
0.277 -0.223 1 0.125 
0.279 -0.221 1 0.125 
0.281 -0.219 1 0.125 
0.283 -0.217 1 0.125 
0.285 -0.215 1 0.125 
0.287 -0.213 1 0.125 
0.289 -0.211 1 0.125 
0.291 -0.209 1 0.125 
0.293 -0.207 1 0.125 
0.295 -0.205 1 0.125 
0.297 -0.203 1 0.125 
0.299 -0.201 1 0.125 
0.301 -0.199 1 0.125 
0.303 -0.197 1 0.125 
0.305 -0.195 1 0.125 
0.307 -0.193 1 0.125 
0.309 -0.191 1 0.125 
0.311 -0.189 1 0.125 
0.313 -0.187 1 0.125 
0.315 -0.185 1 0.125 
0.317 -0.183 1 0.125 
0.319 -0.181 1 0.125 
0.321 -0.179 1 0.125 
0.323 -0.177 1 0.125 
0.325 -0.175 1 0.125 
0.327 -0.173 1 0.125 
0.329 -0.171 1 0.125 
0.331 -0.169 1 0.125 
0.333 -0.167 1 0.125 
0.335 -0.165 1 0.125 
0.337 -0.163 1 0.125 
0.339 -0.161 1 0.125 
0.341 -0.159 1 0.125 
0.343 -0.157 1 0.125 
0.345 -0.155 1 0.125 
0.347 -0.153 1 0.125 
0.349 -0.151 1 0.125 
0.351 -0.149 1 0.125 
0.353 -0.147 1 0.125 
0.355 -0.145 1 0.125 
0.357 -0.143 1 0.125 
0.359 -0.141 1 0.125 
0.361 -0.139 1 0.125 
0.363 -0.137 1 0.125 
0.365 -0.135 1 0.125 
0.367 -0.133 1 0.125 
0.369 -0.131 1 0.125 
0.371 -0.129 1 0.125 
0.373 -0.127 1 0.125 
0.375 -0.125 1 0.125 
0.377 -0.123 1 0.125 
0.379 -0.121 1 0.125 
0.381 -0.119 1 0.125 
0.383 -0.117 1 0.125 
0.385 -0.115 1 0.125 
0.387 -0.113 1 0.125014 
0.389 -0.111 1 0.126403 
0.391 -0.109 1 0.151504 
0.393 -0.107 1 1.11041 
0.395 -0.105 0.999999 0.295619 
0.397 -0.103 0.999997 -1.64034 
0.399 -0.101 0.999991 2.10778 
0.401 -0.099 0.999977 -1.7869 
0.403 -0.0970001 0.999941 1.52848 
0.405 -0.0950002 0.999862 0.220794 
0.407 -0.0930005 0.999697 0.269515 
0.409 -0.0910011 0.999373 0.285936 
0.411 -0.0890024 0.998777 0.267838 
0.413 -0.0870049 0.997747 0.273068 
0.415 -0.0850096 0.996067 0.267241 
0.417 -0.0830178 0.99348 0.268716 
0.419 -0.0810315 0.989711 0.266752 
0.421 -0.079053 0.984503 0.267442 
0.423 -0.0770856 0.977649 0.267072 
0.425 -0.0751326 0.969032 0.267824 
0.427 -0.0731977 0.958634 0.268439 
0.429 -0.0712848 0.946535 0.269681 
0.431 -0.0693973 0.932899 0.271787 
0.433 -0.0675385 0.917939 0.275151 
0.435 -0.065711 0.901892 0.280386 
0.437 -0.063917 0.884992 0.28796 
0.439 -0.0621581 0.867452 0.298312 
0.441 -0.0604356 0.849446 0.31178 
0.443 -0.0587503 0.831106 0.328466 
0.445 -0.0571028 0.812531 0.348212 
0.447 -0.0554935 0.793932 0.370692 
0.449 -0.0539221 0.775451 0.392339 
0.451 -0.0523884 0.757167 0.406901 
0.453 -0.0508919 0.73913 0.414208 
0.455 -0.049432 0.721377 0.417501 
0.457 -0.0480081 0.703937 0.419219 
0.459 -0.0466194 0.686836 0.42042 
0.461 -0.0452653 0.670095 0.42144 
0.463 -0.043945 0.653734 0.422355 
0.465 -0.0426575 0.637768 0.423137 
0.467 -0.0414021 0.622211 0.423743 
0.469 -0.0401779 0.607079 0.424181 
0.471 -0.0389838 0.592384 0.424498 
0.473 -0.0378191 0.578142 0.424712 
0.475 -0.0366827 0.564371 0.424905 
0.477 -0.0355735 0.55109 0.425177 
0.479 -0.0344905 0.538322 0.425618 
0.481 -0.0334326 0.526094 0.426294 
0.483 -0.0323985 0.514434 0.427124 
0.485 -0.0313871 0.503378 0.428009 
0.487 -0.030397 0.492958 0.429073 
0.489 -0.0294268 0.483213 0.430501 
0.491 -0.028475 0.47418 0.432419 
0.493 -0.0275401 0.465897 0.434941 
0.495 -0.0266204 0.458396 0.438153 
0.497 -0.0257144 0.451711 0.442103 
0.499 -0.0248202 0.44587 0.446817 
0.501 0.0247917 0.440901 0.452305 
0.503 0.0257005 0.436827 0.458565 
0.505 0.026622 0.433649 0.46558 
0.507 0.0275577 0.431333 0.473319 
0.509 0.0285091 0.429776 0.481745 
0.511 0.0294777 0.428755 0.490823 
0.513 0.0304646 0.427966 0.500517 
0.515 0.0314713 0.427196 0.510787 
0.517 0.0324989 0.426406 0.521594 
0.519 0.0335484 0.42571 0.532902 
0.521 0.034621 0.425253 0.544682 
0.523 0.0357176 0.425031 0.556907 
0.525 0.0368392 0.424913 0.569548 
0.527 0.0379866 0.42474 0.582582 
0.529 0.0391607 0.42453 0.595987 
0.531 0.0403622 0.424226 0.609751 
0.533 0.0415918 0.423803 0.623861 
0.535 0.0428504 0.423223 0.638304 
0.537 0.0441386 0.422375 0.653066 
0.539 0.0454571 0.421194 0.668142 
0.541 0.0468065 0.419512 0.683527 
0.543 0.0481876 0.41711 0.699217 
0.545 0.0496009 0.413749 0.715208 
0.547 0.0510471 0.409073 0.731491 
0.549 0.0525267 0.40264 0.748063 
0.551 0.0540405 0.393506 0.764923 
0.553 0.055589 -1.63677e+37 0.782069 
0.555 0.0571729 7.29954e+47 0.799496 
0.557 0.0587927 -1.69548e+49 0.817199 
0.559 0.0604489 1.08752e+51 0.835171 
0.561 0.0621422 -3.0536e+61 0.853395 
0.563 0.0638731 -1.07895e+63 0.871855 
0.565 0.065642 -3.12013e+65 0.890553 
0.567 0.0674494 1.88834e+66 0.909473 
0.569 0.0692958 -6.18989e+66 0.928631 
0.571 0.0711812 1.52591e+67 0.947487 
0.573 0.073102 -5.55838e+67 0.964135 
0.575 0.0750518 1.39442e+68 0.97762 
0.577 0.0770233 -1.6238e+68 0.987534 
0.579 0.0790091 7.84559e+67 0.993946 
0.581 0.0810031 -9.39238e+66 0.997481 
0.583 0.0830009 -3.32846e+66 0.999108 
0.585 0.0850002 4.2397e+66 0.99973 
0.587 0.0870001 -2.79895e+66 0.99993 
0.589 0.089 1.77705e+72 0.999984 
0.591 0.091 -3.55418e+72 0.999997 
0.593 0.093 1.77713e+72 0.999999 
0.595 0.095 1.36118e+67 1 
0.597 0.097 -1.35138e+67 1 
0.599 0.099 9.39733e+65 1 
0.601 0.101 -2.14197e+65 1 
0.603 0.103 1.40903e+64 1 
0.605 0.105 -7.41482e+63 1 
0.607 0.107 -8.14333e+62 1 
0.609 0.109 1.72567e+63 1 
0.611 0.111 529724 1 
0.613 0.113 0.125 1 
0.615 0.115 0.125 1 
0.617 0.117 0.125 1 
0.619 0.119 0.125 1 
0.621 0.121 0.125 1 
0.623 0.123 0.125 1 
0.625 0.125 0.125 1 
0.627 0.127 0.125 1 
0.629 0.129 0.125 1 
0.631 0.131 0.125 1 
0.633 0.133 0.125 1 
0.635 0.135 0.125 1 
0.637 0.137 0.125 1 
0.639 0.139 0.125 1 
0.641 0.141 0.125 1 
0.643 0.143 0.125 1 
0.645 0.145 0.125 1 
0.647 0.147 0.125 1 
0.649 0.149 0.125 1 
0.651 0.151 0.125 1 
0.653 0.153 0.125 1 
0.655 0.155 0.125 1 
0.657 0.157 0.125 1 
0.659 0.159 0.125 1 
0.661 0.161 0.125 1 
0.663 0.163 0.125 1 
0.665 0.165 0.125 1 
0.667 0.167 0.125 1 
0.669 0.169 0.125 1 
0.671 0.171 0.125 1 
0.673 0.173 0.125 1 
0.675 0.175 0.125 1 
0.677 0.177 0.125 1 
0.679 0.179 0.125 1 
0.681 0.181 0.125 1 
0.683 0.183 0.125 1 
0.685 0.185 0.125 1 
0.687 0.187 0.125 1 
0.689 0.189 0.125 1 
0.691 0.191 0.125 1 
0.693 0.193 0.125 1 
0.695 0.195 0.125 1 
0.697 0.197 0.125 1 
0.699 0.199 0.125 1 
0.701 0.201 0.125 1 
0.703 0.203 0.125 1 
0.705 0.205 0.125 1 
0.707 0.207 0.125 1 
0.709 0.209 0.125 1 
0.711 0.211 0.125 1 
0.713 0.213 0.125 1 
0.715 0.215 0.125 1 
0.717 0.217 0.125 1 
0.719 0.219 0.125 1 
0.721 0.221 0.125 1 
0.723 0.223 0.125 1 
0.725 0.225 0.125 1 
0.727 0.227 0.125 1 
0.729 0.229 0.125 1 
0.731 0.231 0.125 1 
0.733 0.233 0.125 1 
0.735 0.235 0.125 1 
0.737 0.237 0.125 1 
0.739 0.239 0.125 1 
0.741 0.241 0.125 1 
0.743 0.243 0.125 1 
0.745 0.245 0.125 1 
0.747 0.247 0.125 1 
0.749 0.249 0.125 1 
0.751 0.251 0.125 1 
0.753 0.253 0.125 1 
0.755 0.255 0.125 1 
0.757 0.257 0.125 1 
0.759 0.259 0.125 1 
0.761 0.261 0.125 1 
0.763 0.263 0.125 1 
0.765 0.265 0.125 1 
0.767 0.267 0.125 1 
0.769 0.269 0.125 1 
0.771 0.271 0.125 1 
0.773 0.273 0.125 1 
0.775 0.275 0.125 1 
0.777 0.277 0.125 1 
0.779 0.279 0.125 1 
0.781 0.281 0.125 1 
0.783 0.283 0.125 1 
0.785 0.285 0.125 1 
0.787 0.287 0.125 1 
0.789 0.289 0.125 1 
0.791 0.291 0.125 1 
0.793 0.293 0.125 1 
0.795 0.295 0.125 1 
0.797 0.297 0.125 1 
0.799 0.299 0.125 1 
0.801 0.301 0.125 1 
0.803 0.303 0.125 1 
0.805 0.305 0.125 1 
0.807 0.307 0.125 1 
0.809 0.309 0.125 1 
0.811 0.311 0.125 1 
0.813 0.313 0.125 1 
0.815 0.315 0.125 1 
0.817 0.317 0.125 1 
0.819 0.319 0.125 1 
0.821 0.321 0.125 1 
0.823 0.323 0.125 1 
0.825 0.325 0.125 1 
0.827 0.327 0.125 1 
0.829 0.329 0.125 1 
0.831 0.331 0.125 1 
0.833 0.333 0.125 1 
0.835 0.335 0.125 1 
0.837 0.337 0.125 1 
0.839 0.339 0.125 1 
0.841 0.341 0.125 1 
0.843 0.343 0.125 1 
0.845 0.345 0.125 1 
0.847 0.347 0.125 1 
0.849 0.349 0.125 1 
0.851 0.351 0.125 1 
0.853 0.353 0.125 1 
0.855 0.355 0.125 1 
0.857 0.357 0.125 1 
0.859 0.359 0.125 1 
0.861 0.361 0.125 1 
0.863 0.363 0.125 1 
0.865 0.365 0.125 1 
0.867 0.367 0.125 1 
0.869 0.369 0.125 1 
0.871 0.371 0.125 1 
0.873 0.373 0.125 1 
0.875 0.375 0.125 1 
0.877 0.377 0.125 1 
0.879 0.379 0.125 1 
0.881 0.381 0.125 1 
0.883 0.383 0.125 1 
0.885 0.385 0.125 1 
0.887 0.387 0.125 1 
0.889 0.389 0.125 1 
0.891 0.391 0.125 1 
0.893 0.393 0.125 1 
0.895 0.395 0.125 1 
0.897 0.397 0.125 1 
0.899 0.399 0.125 1 
0.901 0.401 0.125 1 
0.903 0.403 0.125 1 
0.905 0.405 0.125 1 
0.907 0.407 0.125 1 
0.909 0.409 0.125 1 
0.911 0.411 0.125 1 
0.913 0.413 0.125 1 
0.915 0.415 0.125 1 
0.917 0.417 0.125 1 
0.919 0.419 0.125 1 
0.921 0.421 0.125 1 
0.923 0.423 0.125 1 
0.925 0.425 0.125 1 
0.927 0.427 0.125 1 
0.929 0.429 0.125 1 
0.931 0.431 0.125 1 
0.933 0.433 0.125 1 
0.935 0.435 0.125 1 
0.937 0.437 0.125 1 
0.939 0.439 0.125 1 
0.941 0.441 0.125 1 
0.943 0.443 0.125 1 
0.945 0.445 0.125 1 
0.947 0.447 0.125 1 
0.949 0.449 0.125 1 
0.951 0.451 0.125 1 
0.953 0.453 0.125 1 
0.955 0.455 0.125 1 
0.957 0.457 0.125 1 
0.959 0.459 0.125 1 
0.961 0.461 0.125 1 
0.963 0.463 0.125 1 
0.965 0.465 0.125 1 
0.967 0.467 0.125 1 
0.969 0.469 0.125 1 
0.971 0.471 0.125 1 
0.973 0.473 0.125 1 
0.975 0.475 0.125 1 
0.977 0.477 0.125 1 
0.979 0.479 0.125 1 
0.981 0.481 0.125 1 
0.983 0.483 0.125 1 
0.985 0.485 0.125 1 
0.987 0.487 0.125 1 
0.989 0.489 0.125 1 
0.991 0.491 0.125 1 
0.993 0.493 0.125 1 
0.995 0.495 0.125 1 
0.997 0.497 0.125 1 
0.999 0.499 0.125 1 
