0.001 -0.499 1 0.125 
0.003 -0.497 1 0.125 
0.005 -0.495 1 0.125 
0.007 -0.493 1 0.125 
0.009 -0.491 1 0.125 
0.011 -0.489 1 0.125 
0.013 -0.487 1 0.125 
0.015 -0.485 1 0.125 
0.017 -0.483 1 0.125 
0.019 -0.481 1 0.125 
0.021 -0.479 1 0.125 
0.023 -0.477 1 0.125 
0.025 -0.475 1 0.125 
0.027 -0.473 1 0.125 
0.029 -0.471 1 0.125 
0.031 -0.469 1 0.125 
0.033 -0.467 1 0.125 
0.035 -0.465 1 0.125 
0.037 -0.463 1 0.125 
0.039 -0.461 1 0.125 
0.041 -0.459 1 0.125 
0.043 -0.457 1 0.125 
0.045 -0.455 1 0.125 
0.047 -0.453 1 0.125 
0.049 -0.451 1 0.125 
0.051 -0.449 1 0.125 
0.053 -0.447 1 0.125 
0.055 -0.445 1 0.125 
0.057 -0.443 1 0.125 
0.059 -0.441 1 0.125 
0.061 -0.439 1 0.125 
0.063 -0.437 1 0.125 
0.065 -0.435 1 0.125 
0.067 -0.433 1 0.125 
0.069 -0.431 1 0.125 
0.071 -0.429 1 0.125 
0.073 -0.427 1 0.125 
0.075 -0.425 1 0.125 
0.077 -0.423 1 0.125 
0.079 -0.421 1 0.125 
0.081 -0.419 1 0.125 
0.083 -0.417 1 0.125 
0.085 -0.415 1 0.125 
0.087 -0.413 1 0.125 
0.089 -0.411 1 0.125 
0.091 -0.409 1 0.125 
0.093 -0.407 1 0.125 
0.095 -0.405 1 0.125 
0.097 -0.403 1 0.125 
0.099 -0.401 1 0.125 
0.101 -0.399 1 0.125 
0.103 -0.397 1 0.125 
0.105 -0.395 1 0.125 
0.107 -0.393 1 0.125 
0.109 -0.391 1 0.125 
0.111 -0.389 1 0.125 
0.113 -0.387 1 0.125 
0.115 -0.385 1 0.125 
0.117 -0.383 1 0.125 
0.119 -0.381 1 0.125 
0.121 -0.379 1 0.125 
0.123 -0.377 1 0.125 
0.125 -0.375 1 0.125 
0.127 -0.373 1 0.125 
0.129 -0.371 1 0.125 
0.131 -0.369 1 0.125 
0.133 -0.367 1 0.125 
0.135 -0.365 1 0.125 
0.137 -0.363 1 0.125 
0.139 -0.361 1 0.125 
0.141 -0.359 1 0.125 
0.143 -0.357 1 0.125 
0.145 -0.355 1 0.125 
0.147 -0.353 1 0.125 
0.149 -0.351 1 0.125 
0.151 -0.349 1 0.125 
0.153 -0.347 1 0.125 
0.155 -0.345 1 0.125 
0.157 -0.343 1 0.125 
0.159 -0.341 1 0.125 
0.161 -0.339 1 0.125 
0.163 -0.337 1 0.125 
0.165 -0.335 1 0.125 
0.167 -0.333 1 0.125 
0.169 -0.331 1 0.125 
0.171 -0.329 1 0.125 
0.173 -0.327 1 0.125 
0.175 -0.325 1 0.125 
0.177 -0.323 1 0.125 
0.179 -0.321 1 0.125 
0.181 -0.319 1 0.125 
0.183 -0.317 1 0.125 
0.185 -0.315 1 0.125 
0.187 -0.313 1 0.125 
0.189 -0.311 1 0.125 
0.191 -0.309 1 0.125 
0.193 -0.307 1 0.125 
0.195 -0.305 1 0.125 
0.197 -0.303 1 0.125 
0.199 -0.301 1 0.125 
0.201 -0.299 1 0.125 
0.203 -0.297 1 0.125 
0.205 -0.295 1 0.125 
0.207 -0.293 1 0.125 
0.209 -0.291 1 0.125 
0.211 -0.289 1 0.125 
0.213 -0.287 1 0.125 
0.215 -0.285 1 0.125 
0.217 -0.283 1 0.125 
0.219 -0.281 1 0.125 
0.221 -0.279 1 0.125 
0.223 -0.277 1 0.125 
0.225 -0.275 1 0.125 
0.227 -0.273 1 0.125 
0.229 -0.271 1 0.125 
0.231 -0.269 1 0.125 
0.233 -0.267 1 0.125 
0.235 -0.265 1 0.125 
0.237 -0.263 1 0.125 
0.239 -0.261 1 0.125 
0.241 -0.259 1 0.125 
0.243 -0.257 1 0.125 
0.245 -0.255 1 0.125 
0.247 -0.253 1 0.125 
0.249 -0.251 1 0.125 
0.251 -0.249 1 0.125 
0.253 -0.247 1 0.125 
0.255 -0.245 1 0.125 
0.257 -0.243 1 0.125 
0.259 -0.241 1 0.125 
0.261 -0.239 1 0.125 
0.263 -0.237 1 0.125 
0.265 -0.235 1 0.125 
0.267 -0.233 1 0.125 
0.269 -0.231 1 0.125 
0.271 -0.229 1 0.125 
0.273 -0.227 1 0.125 
0.275 -0.225 1 0.125 
0.277 -0.223 1 0.125 
0.279 -0.221 1 0.125 
0.281 -0.219 1 0.125 
0.283 -0.217 1 0.125 
0.285 -0.215 1 0.125 
0.287 -0.213 1 0.125 
0.289 -0.211 1 0.125 
0.291 -0.209 1 0.125 
0.293 -0.207 1 0.125 
0.295 -0.205 1 0.125 
0.297 -0.203 1 0.125 
0.299 -0.201 1 0.125 
0.301 -0.199 1 0.125 
0.303 -0.197 1 0.125 
0.305 -0.195 1 0.125 
0.307 -0.193 1 0.125 
0.309 -0.191 1 0.125 
0.311 -0.189 1 0.125 
0.313 -0.187 1 0.125 
0.315 -0.185 1 0.125 
0.317 -0.183 1 0.125 
0.319 -0.181 1 0.125 
0.321 -0.179 1 0.125 
0.323 -0.177 1 0.125 
0.325 -0.175 1 0.125 
0.327 -0.173 1 0.125 
0.329 -0.171 1 0.125 
0.331 -0.169 1 0.125 
0.333 -0.167 1 0.125 
0.335 -0.165 1 0.125 
0.337 -0.163 1 0.125 
0.339 -0.161 1 0.125 
0.341 -0.159 1 0.125 
0.343 -0.157 1 0.125 
0.345 -0.155 1 0.125 
0.347 -0.153 1 0.125 
0.349 -0.151 1 0.125 
0.351 -0.149 1 0.125 
0.353 -0.147 1 0.125 
0.355 -0.145 1 0.125 
0.357 -0.143 1 0.125 
0.359 -0.141 1 0.125 
0.361 -0.139 1 0.125 
0.363 -0.137 1 0.125 
0.365 -0.135 1 0.125 
0.367 -0.133 1 0.125 
0.369 -0.131 1 0.125 
0.371 -0.129 1 0.125 
0.373 -0.127 1 0.125 
0.375 -0.125 1 0.125 
0.377 -0.123 1 0.125001 
0.379 -0.121 1 0.125097 
0.381 -0.119 1 0.127905 
0.383 -0.117 1 38.2137 
0.385 -0.115 1 -5.56161e+14 
0.387 -0.113 0.999999 -2.41357e+23 
0.389 -0.111 0.999998 9.20298e+23 
0.391 -0.109 0.999995 -1.42656e+25 
0.393 -0.107 0.999987 7.51229e+26 
0.395 -0.105 0.999967 -8.73413e+27 
0.397 -0.103 0.999922 4.41635e+28 
0.399 -0.101 0.999827 -1.2362e+29 
0.401 -0.0990006 0.999638 2.10878e+29 
0.403 -0.0970014 0.999282 -2.20028e+29 
0.405 -0.0950029 0.998651 1.28347e+29 
0.407 -0.0930057 0.997593 -3.1751e+28 
0.409 -0.0910107 0.995913 7.40138e+24 
0.411 -0.0890192 0.993382 -9.4839e+22 
0.413 -0.087033 0.989759 518036 
0.415 -0.0850545 0.984822 0.266723 
0.417 -0.0830863 0.978394 0.26851 
0.419 -0.0811317 0.970374 0.268752 
0.421 -0.079194 0.960747 0.268848 
0.423 -0.0772765 0.94958 0.269651 
0.425 -0.0753824 0.937013 0.271112 
0.427 -0.0735147 0.923231 0.27338 
0.429 -0.0716758 0.90844 0.277323 
0.431 -0.0698676 0.892848 0.283236 
0.433 -0.0680919 0.876645 0.291568 
0.435 -0.0663497 0.859994 0.302702 
0.437 -0.0646418 0.843022 0.316907 
0.439 -0.0629689 0.825803 0.334193 
0.441 -0.0613313 0.808496 0.354181 
0.443 -0.0597291 0.791246 0.376721 
0.445 -0.058162 0.774135 0.396738 
0.447 -0.0566297 0.757212 0.409354 
0.449 -0.0551318 0.74051 0.415477 
0.451 -0.0536678 0.724053 0.418249 
0.453 -0.052237 0.707864 0.419754 
0.455 -0.0508391 0.69196 0.42085 
0.457 -0.0494732 0.676359 0.4218 
0.459 -0.0481388 0.661074 0.422633 
0.461 -0.0468351 0.646117 0.423316 
0.463 -0.0455615 0.631499 0.42385 
0.465 -0.0443172 0.61723 0.424258 
0.467 -0.0431015 0.603322 0.424565 
0.469 -0.0419135 0.589783 0.424787 
0.471 -0.0407526 0.576626 0.424952 
0.473 -0.0396178 0.563864 0.425083 
0.475 -0.0385083 0.551513 0.42525 
0.477 -0.0374233 0.53959 0.425515 
0.479 -0.0363617 0.528116 0.425966 
0.481 -0.0353226 0.517114 0.426607 
0.483 -0.0343049 0.506612 0.427316 
0.485 -0.0333077 0.496637 0.428074 
0.487 -0.0323296 0.487221 0.429046 
0.489 -0.0313695 0.478399 0.430388 
0.491 -0.0304261 0.470203 0.432196 
0.493 -0.0294981 0.462667 0.434552 
0.495 -0.0285839 0.455827 0.437521 
0.497 -0.0276822 0.449714 0.441153 
0.499 -0.0267913 0.444361 0.445479 
0.501 0.0267613 0.439799 0.450506 
0.503 0.027666 0.436048 0.456228 
0.505 0.0285824 0.433112 0.462626 
0.507 0.0295116 0.430958 0.469675 
0.509 0.0304552 0.429487 0.477344 
0.511 0.0314143 0.428536 0.485597 
0.513 0.0323902 0.427871 0.494397 
0.515 0.0333839 0.427279 0.50371 
0.517 0.0343965 0.426659 0.513505 
0.519 0.0354291 0.426069 0.523752 
0.521 0.0364825 0.4256 0.534421 
0.523 0.0375576 0.425328 0.545486 
0.525 0.0386552 0.425222 0.556922 
0.527 0.0397762 0.425151 0.568712 
0.529 0.0409212 0.425039 0.580839 
0.531 0.042091 0.424887 0.593286 
0.533 0.0432862 0.424664 0.606038 
0.535 0.0445074 0.424444 0.619085 
0.537 0.0457553 0.424051 0.632418 
0.539 0.0470306 0.423457 0.646032 
0.541 0.0483337 0.422555 0.65992 
0.543 0.0496653 -3.52138e+75 0.674073 
0.545 0.0510259 -8.3537e+93 0.688488 
0.547 0.052416 3.15018e+94 0.703163 
0.549 0.0538363 -2.32816e+97 0.718097 
0.551 0.0552872 4.17531e+118 0.733286 
0.553 0.0567693 5.30282e+118 0.748726 
0.555 0.0582832 1.40934e+120 0.764413 
0.557 0.0598293 -8.26626e+120 0.780346 
0.559 0.0614081 1.59183e+121 0.796524 
0.561 0.0630202 -1.16978e+121 0.812945 
0.563 0.0646661 1.63515e+120 0.829601 
0.565 0.0663463 5.99129e+122 0.846485 
0.567 0.0680612 -1.15527e+122 0.863587 
0.569 0.0698113 3.84133e+123 0.880899 
0.571 0.071597 -1.50743e+125 0.898403 
0.573 0.0734186 2.5507e+125 0.916078 
0.575 0.0752767 -7.42005e+124 0.933981 
0.577 0.0771708 -3.9876e+124 0.951361 
0.579 0.0790972 3.18679e+147 0.966591 
0.581 0.0810501 -3.78784e+148 0.978956 
0.583 0.0830231 2.06345e+149 0.988108 
0.585 0.0850093 -6.81235e+149 0.994099 
0.587 0.0870033 1.51805e+150 0.997469 
0.589 0.089001 -2.40515e+150 0.999068 
0.591 0.0910003 2.77712e+150 0.999705 
0.593 0.0930001 -2.35286e+150 0.999919 
0.595 0.095 1.44981e+150 0.99998 
0.597 0.097 -6.32306e+149 0.999996 
0.599 0.099 1.84533e+149 0.999999 
0.601 0.101 -3.20736e+148 1 
0.603 0.103 2.45787e+147 1 
0.605 0.105 -3.72597e+143 1 
0.607 0.107 -1.93651e+136 1 
0.609 0.109 1.64331e+130 1 
0.611 0.111 -9.46914e+129 1 
0.613 0.113 3.57778e+129 1 
0.615 0.115 -8.00503e+128 1 
0.617 0.117 8.05484e+127 1 
0.619 0.119 5.64789e+115 1 
0.621 0.121 8.43562e+09 1 
0.623 0.123 0.125 1 
0.625 0.125 0.125 1 
0.627 0.127 0.125 1 
0.629 0.129 0.125 1 
0.631 0.131 0.125 1 
0.633 0.133 0.125 1 
0.635 0.135 0.125 1 
0.637 0.137 0.125 1 
0.639 0.139 0.125 1 
0.641 0.141 0.125 1 
0.643 0.143 0.125 1 
0.645 0.145 0.125 1 
0.647 0.147 0.125 1 
0.649 0.149 0.125 1 
0.651 0.151 0.125 1 
0.653 0.153 0.125 1 
0.655 0.155 0.125 1 
0.657 0.157 0.125 1 
0.659 0.159 0.125 1 
0.661 0.161 0.125 1 
0.663 0.163 0.125 1 
0.665 0.165 0.125 1 
0.667 0.167 0.125 1 
0.669 0.169 0.125 1 
0.671 0.171 0.125 1 
0.673 0.173 0.125 1 
0.675 0.175 0.125 1 
0.677 0.177 0.125 1 
0.679 0.179 0.125 1 
0.681 0.181 0.125 1 
0.683 0.183 0.125 1 
0.685 0.185 0.125 1 
0.687 0.187 0.125 1 
0.689 0.189 0.125 1 
0.691 0.191 0.125 1 
0.693 0.193 0.125 1 
0.695 0.195 0.125 1 
0.697 0.197 0.125 1 
0.699 0.199 0.125 1 
0.701 0.201 0.125 1 
0.703 0.203 0.125 1 
0.705 0.205 0.125 1 
0.707 0.207 0.125 1 
0.709 0.209 0.125 1 
0.711 0.211 0.125 1 
0.713 0.213 0.125 1 
0.715 0.215 0.125 1 
0.717 0.217 0.125 1 
0.719 0.219 0.125 1 
0.721 0.221 0.125 1 
0.723 0.223 0.125 1 
0.725 0.225 0.125 1 
0.727 0.227 0.125 1 
0.729 0.229 0.125 1 
0.731 0.231 0.125 1 
0.733 0.233 0.125 1 
0.735 0.235 0.125 1 
0.737 0.237 0.125 1 
0.739 0.239 0.125 1 
0.741 0.241 0.125 1 
0.743 0.243 0.125 1 
0.745 0.245 0.125 1 
0.747 0.247 0.125 1 
0.749 0.249 0.125 1 
0.751 0.251 0.125 1 
0.753 0.253 0.125 1 
0.755 0.255 0.125 1 
0.757 0.257 0.125 1 
0.759 0.259 0.125 1 
0.761 0.261 0.125 1 
0.763 0.263 0.125 1 
0.765 0.265 0.125 1 
0.767 0.267 0.125 1 
0.769 0.269 0.125 1 
0.771 0.271 0.125 1 
0.773 0.273 0.125 1 
0.775 0.275 0.125 1 
0.777 0.277 0.125 1 
0.779 0.279 0.125 1 
0.781 0.281 0.125 1 
0.783 0.283 0.125 1 
0.785 0.285 0.125 1 
0.787 0.287 0.125 1 
0.789 0.289 0.125 1 
0.791 0.291 0.125 1 
0.793 0.293 0.125 1 
0.795 0.295 0.125 1 
0.797 0.297 0.125 1 
0.799 0.299 0.125 1 
0.801 0.301 0.125 1 
0.803 0.303 0.125 1 
0.805 0.305 0.125 1 
0.807 0.307 0.125 1 
0.809 0.309 0.125 1 
0.811 0.311 0.125 1 
0.813 0.313 0.125 1 
0.815 0.315 0.125 1 
0.817 0.317 0.125 1 
0.819 0.319 0.125 1 
0.821 0.321 0.125 1 
0.823 0.323 0.125 1 
0.825 0.325 0.125 1 
0.827 0.327 0.125 1 
0.829 0.329 0.125 1 
0.831 0.331 0.125 1 
0.833 0.333 0.125 1 
0.835 0.335 0.125 1 
0.837 0.337 0.125 1 
0.839 0.339 0.125 1 
0.841 0.341 0.125 1 
0.843 0.343 0.125 1 
0.845 0.345 0.125 1 
0.847 0.347 0.125 1 
0.849 0.349 0.125 1 
0.851 0.351 0.125 1 
0.853 0.353 0.125 1 
0.855 0.355 0.125 1 
0.857 0.357 0.125 1 
0.859 0.359 0.125 1 
0.861 0.361 0.125 1 
0.863 0.363 0.125 1 
0.865 0.365 0.125 1 
0.867 0.367 0.125 1 
0.869 0.369 0.125 1 
0.871 0.371 0.125 1 
0.873 0.373 0.125 1 
0.875 0.375 0.125 1 
0.877 0.377 0.125 1 
0.879 0.379 0.125 1 
0.881 0.381 0.125 1 
0.883 0.383 0.125 1 
0.885 0.385 0.125 1 
0.887 0.387 0.125 1 
0.889 0.389 0.125 1 
0.891 0.391 0.125 1 
0.893 0.393 0.125 1 
0.895 0.395 0.125 1 
0.897 0.397 0.125 1 
0.899 0.399 0.125 1 
0.901 0.401 0.125 1 
0.903 0.403 0.125 1 
0.905 0.405 0.125 1 
0.907 0.407 0.125 1 
0.909 0.409 0.125 1 
0.911 0.411 0.125 1 
0.913 0.413 0.125 1 
0.915 0.415 0.125 1 
0.917 0.417 0.125 1 
0.919 0.419 0.125 1 
0.921 0.421 0.125 1 
0.923 0.423 0.125 1 
0.925 0.425 0.125 1 
0.927 0.427 0.125 1 
0.929 0.429 0.125 1 
0.931 0.431 0.125 1 
0.933 0.433 0.125 1 
0.935 0.435 0.125 1 
0.937 0.437 0.125 1 
0.939 0.439 0.125 1 
0.941 0.441 0.125 1 
0.943 0.443 0.125 1 
0.945 0.445 0.125 1 
0.947 0.447 0.125 1 
0.949 0.449 0.125 1 
0.951 0.451 0.125 1 
0.953 0.453 0.125 1 
0.955 0.455 0.125 1 
0.957 0.457 0.125 1 
0.959 0.459 0.125 1 
0.961 0.461 0.125 1 
0.963 0.463 0.125 1 
0.965 0.465 0.125 1 
0.967 0.467 0.125 1 
0.969 0.469 0.125 1 
0.971 0.471 0.125 1 
0.973 0.473 0.125 1 
0.975 0.475 0.125 1 
0.977 0.477 0.125 1 
0.979 0.479 0.125 1 
0.981 0.481 0.125 1 
0.983 0.483 0.125 1 
0.985 0.485 0.125 1 
0.987 0.487 0.125 1 
0.989 0.489 0.125 1 
0.991 0.491 0.125 1 
0.993 0.493 0.125 1 
0.995 0.495 0.125 1 
0.997 0.497 0.125 1 
0.999 0.499 0.125 1 
