0.001 -0.499 1 0.125 
0.003 -0.497 1 0.125 
0.005 -0.495 1 0.125 
0.007 -0.493 1 0.125 
0.009 -0.491 1 0.125 
0.011 -0.489 1 0.125 
0.013 -0.487 1 0.125 
0.015 -0.485 1 0.125 
0.017 -0.483 1 0.125 
0.019 -0.481 1 0.125 
0.021 -0.479 1 0.125 
0.023 -0.477 1 0.125 
0.025 -0.475 1 0.125 
0.027 -0.473 1 0.125 
0.029 -0.471 1 0.125 
0.031 -0.469 1 0.125 
0.033 -0.467 1 0.125 
0.035 -0.465 1 0.125 
0.037 -0.463 1 0.125 
0.039 -0.461 1 0.125 
0.041 -0.459 1 0.125 
0.043 -0.457 1 0.125 
0.045 -0.455 1 0.125 
0.047 -0.453 1 0.125 
0.049 -0.451 1 0.125 
0.051 -0.449 1 0.125 
0.053 -0.447 1 0.125 
0.055 -0.445 1 0.125 
0.057 -0.443 1 0.125 
0.059 -0.441 1 0.125 
0.061 -0.439 1 0.125 
0.063 -0.437 1 0.125 
0.065 -0.435 1 0.125 
0.067 -0.433 1 0.125 
0.069 -0.431 1 0.125 
0.071 -0.429 1 0.125 
0.073 -0.427 1 0.125 
0.075 -0.425 1 0.125 
0.077 -0.423 1 0.125 
0.079 -0.421 1 0.125 
0.081 -0.419 1 0.125 
0.083 -0.417 1 0.125 
0.085 -0.415 1 0.125 
0.087 -0.413 1 0.125 
0.089 -0.411 1 0.125 
0.091 -0.409 1 0.125 
0.093 -0.407 1 0.125 
0.095 -0.405 1 0.125 
0.097 -0.403 1 0.125 
0.099 -0.401 1 0.125 
0.101 -0.399 1 0.125 
0.103 -0.397 1 0.125 
0.105 -0.395 1 0.125 
0.107 -0.393 1 0.125 
0.109 -0.391 1 0.125 
0.111 -0.389 1 0.125 
0.113 -0.387 1 0.125 
0.115 -0.385 1 0.125 
0.117 -0.383 1 0.125 
0.119 -0.381 1 0.125 
0.121 -0.379 1 0.125 
0.123 -0.377 1 0.125 
0.125 -0.375 1 0.125 
0.127 -0.373 1 0.125 
0.129 -0.371 1 0.125 
0.131 -0.369 1 0.125 
0.133 -0.367 1 0.125 
0.135 -0.365 1 0.125 
0.137 -0.363 1 0.125 
0.139 -0.361 1 0.125 
0.141 -0.359 1 0.125 
0.143 -0.357 1 0.125 
0.145 -0.355 1 0.125 
0.147 -0.353 1 0.125 
0.149 -0.351 1 0.125 
0.151 -0.349 1 0.125 
0.153 -0.347 1 0.125 
0.155 -0.345 1 0.125 
0.157 -0.343 1 0.125 
0.159 -0.341 1 0.125 
0.161 -0.339 1 0.125 
0.163 -0.337 1 0.125 
0.165 -0.335 1 0.125 
0.167 -0.333 1 0.125 
0.169 -0.331 1 0.125 
0.171 -0.329 1 0.125 
0.173 -0.327 1 0.125 
0.175 -0.325 1 0.125 
0.177 -0.323 1 0.125 
0.179 -0.321 1 0.125 
0.181 -0.319 1 0.125 
0.183 -0.317 1 0.125 
0.185 -0.315 1 0.125 
0.187 -0.313 1 0.125 
0.189 -0.311 1 0.125 
0.191 -0.309 1 0.125 
0.193 -0.307 1 0.125 
0.195 -0.305 1 0.125 
0.197 -0.303 1 0.125 
0.199 -0.301 1 0.125 
0.201 -0.299 1 0.125 
0.203 -0.297 1 0.125 
0.205 -0.295 1 0.125 
0.207 -0.293 1 0.125 
0.209 -0.291 1 0.125 
0.211 -0.289 1 0.125 
0.213 -0.287 1 0.125 
0.215 -0.285 1 0.125 
0.217 -0.283 1 0.125 
0.219 -0.281 1 0.125 
0.221 -0.279 1 0.125 
0.223 -0.277 1 0.125 
0.225 -0.275 1 0.125 
0.227 -0.273 1 0.125 
0.229 -0.271 1 0.125 
0.231 -0.269 1 0.125 
0.233 -0.267 1 0.125 
0.235 -0.265 1 0.125 
0.237 -0.263 1 0.125 
0.239 -0.261 1 0.125 
0.241 -0.259 1 0.125 
0.243 -0.257 1 0.125 
0.245 -0.255 1 0.125 
0.247 -0.253 1 0.125 
0.249 -0.251 1 0.125 
0.251 -0.249 1 0.125 
0.253 -0.247 1 0.125 
0.255 -0.245 1 0.125 
0.257 -0.243 1 0.125 
0.259 -0.241 1 0.125 
0.261 -0.239 1 0.125 
0.263 -0.237 1 0.125 
0.265 -0.235 1 0.125 
0.267 -0.233 1 0.125 
0.269 -0.231 1 0.125 
0.271 -0.229 1 0.125 
0.273 -0.227 1 0.125 
0.275 -0.225 1 0.125 
0.277 -0.223 1 0.125 
0.279 -0.221 1 0.125 
0.281 -0.219 1 0.125 
0.283 -0.217 1 0.125 
0.285 -0.215 1 0.125 
0.287 -0.213 1 0.125 
0.289 -0.211 1 0.125 
0.291 -0.209 1 0.125 
0.293 -0.207 1 0.125 
0.295 -0.205 1 0.125 
0.297 -0.203 1 0.125 
0.299 -0.201 1 0.125 
0.301 -0.199 1 0.125 
0.303 -0.197 1 0.125 
0.305 -0.195 1 0.125 
0.307 -0.193 1 0.125 
0.309 -0.191 1 0.125 
0.311 -0.189 1 0.125 
0.313 -0.187 1 0.125 
0.315 -0.185 1 0.125 
0.317 -0.183 1 0.125 
0.319 -0.181 1 0.125 
0.321 -0.179 1 0.125 
0.323 -0.177 1 0.125 
0.325 -0.175 1 0.125 
0.327 -0.173 1 0.125 
0.329 -0.171 1 0.125 
0.331 -0.169 1 0.125 
0.333 -0.167 1 0.125 
0.335 -0.165 1 0.125 
0.337 -0.163 1 0.125 
0.339 -0.161 1 0.125 
0.341 -0.159 1 0.125 
0.343 -0.157 1 0.125 
0.345 -0.155 1 0.125 
0.347 -0.153 1 0.125 
0.349 -0.151 1 0.125 
0.351 -0.149 1 0.125 
0.353 -0.147 1 0.125 
0.355 -0.145 1 0.125 
0.357 -0.143 1 0.125 
0.359 -0.141 1 0.125 
0.361 -0.139 1 0.125 
0.363 -0.137 1 0.125 
0.365 -0.135 1 0.125002 
0.367 -0.133 1 0.125081 
0.369 -0.131 1 1.27505e+06 
0.371 -0.129 1 -2.51876e+64 
0.373 -0.127 1 -2.18653e+84 
0.375 -0.125 1 4.60882e+84 
0.377 -0.123 0.999999 2.57971e+92 
0.379 -0.121 0.999999 -1.02855e+93 
0.381 -0.119 0.999996 1.53214e+93 
0.383 -0.117 0.99999 -9.53395e+92 
0.385 -0.115 0.999975 -3.29987e+94 
0.387 -0.113 0.999942 2.00276e+95 
0.389 -0.111 0.999875 -1.1453e+98 
0.391 -0.109 0.999742 -1.93403e+101 
0.393 -0.107001 0.999494 7.77577e+101 
0.395 -0.105002 0.999055 -1.23007e+102 
0.397 -0.103004 0.998315 -6.57515e+104 
0.399 -0.101008 0.997129 -5.00145e+107 
0.401 -0.0990135 0.995321 6.15087e+108 
0.403 -0.0970233 0.992691 -2.74935e+109 
0.405 -0.0950385 0.989039 6.02084e+109 
0.407 -0.0930615 0.984186 -6.88037e+109 
0.409 -0.0910946 0.977998 2.57872e+109 
0.411 -0.0891408 0.970406 4.00705e+109 
0.413 -0.0872029 0.961409 -6.81009e+109 
0.415 -0.0852838 0.951077 4.48761e+109 
0.417 -0.0833864 0.939532 -1.37048e+109 
0.419 -0.0815131 0.926932 1.51059e+108 
0.421 -0.079666 0.913453 8.20955e+103 
0.423 -0.0778469 0.89927 9.89229e+84 
0.425 -0.0760572 0.884545 1.01531e+79 
0.427 -0.0742979 0.869417 -7.85768e+45 
0.429 -0.0725697 0.853998 0.306383 
0.431 -0.0708732 0.838364 0.321045 
0.433 -0.0692088 0.8226 0.338384 
0.435 -0.0675765 0.806849 0.358142 
0.437 -0.0659763 0.791192 0.380379 
0.439 -0.064408 0.775671 0.39929 
0.441 -0.0628711 0.760313 0.410864 
0.443 -0.0613653 0.74514 0.416393 
0.445 -0.0598903 0.730168 0.418859 
0.447 -0.0584456 0.715412 0.420197 
0.449 -0.0570307 0.700885 0.421179 
0.451 -0.0556452 0.686597 0.422052 
0.453 -0.0542884 0.67256 0.42284 
0.455 -0.0529599 0.658781 0.423494 
0.457 -0.0516592 0.645268 0.423989 
0.459 -0.0503856 0.632029 0.424346 
0.461 -0.0491385 0.619069 0.424602 
0.463 -0.0479174 0.606397 0.424786 
0.465 -0.0467216 0.594018 0.424936 
0.467 -0.0455506 0.581941 0.425069 
0.469 -0.0444036 0.570174 0.425192 
0.471 -0.0432801 0.558727 0.425305 
0.473 -0.0421792 0.547612 0.425425 
0.475 -0.0411004 0.536843 0.425594 
0.477 -0.0400428 0.526435 0.425877 
0.479 -0.0390056 0.516406 0.426324 
0.481 -0.0379881 0.506777 0.426883 
0.483 -0.0369893 0.49757 0.427471 
0.485 -0.0360084 0.488811 0.428139 
0.487 -0.0350444 0.480527 0.429026 
0.489 -0.0340961 0.472747 0.430241 
0.491 -0.0331626 0.465501 0.431878 
0.493 -0.0322427 0.458822 0.434014 
0.495 -0.0313351 0.452743 0.4367 
0.497 -0.0304386 0.447297 0.439968 
0.499 -0.0295517 0.44252 0.443835 
0.501 0.0295197 0.438443 0.448313 
0.503 0.0304195 0.435088 0.453401 
0.505 0.0313296 0.432453 0.459086 
0.507 0.0322512 0.430494 0.465341 
0.509 0.0331855 0.429164 0.472134 
0.511 0.0341335 0.428288 0.479436 
0.513 0.0350964 0.427723 0.487216 
0.515 0.036075 0.427279 0.495442 
0.517 0.0370702 0.426839 0.504087 
0.519 0.038083 0.42635 0.513122 
0.521 0.0391142 0.425931 0.522521 
0.523 0.0401644 0.425681 0.532265 
0.525 0.0412344 0.425527 0.542334 
0.527 0.0423249 0.425487 0.55271 
0.529 0.0434365 -nan 0.563377 
0.531 0.0445699 -nan 0.57432 
0.533 0.0457255 -nan 0.585527 
0.535 0.046904 -nan 0.596991 
0.537 0.0481059 -nan 0.608702 
0.539 0.0493317 -nan 0.620653 
0.541 0.0505818 -nan 0.632835 
0.543 0.0518569 -nan 0.645244 
0.545 0.0531573 -nan 0.657877 
0.547 0.0544835 -nan 0.670732 
0.549 0.0558361 -nan 0.683805 
0.551 0.0572154 -nan 0.697093 
0.553 0.0586219 -nan 0.710592 
0.555 0.060056 -nan 0.724301 
0.557 0.0615182 -nan 0.738222 
0.559 0.063009 -nan 0.752354 
0.561 0.0645287 -nan 0.766693 
0.563 0.0660779 -nan 0.781236 
0.565 0.0676569 -nan 0.795979 
0.567 0.0692661 -nan 0.810925 
0.569 0.070906 -nan 0.826069 
0.571 0.072577 -nan 0.841408 
0.573 0.0742794 -nan 0.856938 
0.575 0.0760138 -nan 0.872647 
0.577 0.0777804 -nan 0.888523 
0.579 0.0795795 -nan 0.904559 
0.581 0.0814115 -nan 0.920744 
0.583 0.0832768 -nan 0.937094 
0.585 0.0851749 -nan 0.952955 
0.587 0.0871025 -nan 0.966996 
0.589 0.089055 -nan 0.978589 
0.591 0.0910266 -nan 0.98741 
0.593 0.0930114 -nan 0.993421 
0.595 0.0950043 -nan 0.996992 
0.597 0.0970014 -nan 0.998806 
0.599 0.0990004 -nan 0.999588 
0.601 0.101 -nan 0.999876 
0.603 0.103 -nan 0.999967 
0.605 0.105 -nan 0.999992 
0.607 0.107 -nan 0.999998 
0.609 0.109 -nan 1 
0.611 0.111 -nan 1 
0.613 0.113 -nan 1 
0.615 0.115 -nan 1 
0.617 0.117 -nan 1 
0.619 0.119 -nan 1 
0.621 0.121 -nan 1 
0.623 0.123 -nan 1 
0.625 0.125 -nan 1 
0.627 0.127 -nan 1 
0.629 0.129 -nan 1 
0.631 0.131 -nan 1 
0.633 0.133 -nan 1 
0.635 0.135 -nan 1 
0.637 0.137 -nan 1 
0.639 0.139 -nan 1 
0.641 0.141 -nan 1 
0.643 0.143 0.125 1 
0.645 0.145 0.125 1 
0.647 0.147 0.125 1 
0.649 0.149 0.125 1 
0.651 0.151 0.125 1 
0.653 0.153 0.125 1 
0.655 0.155 0.125 1 
0.657 0.157 0.125 1 
0.659 0.159 0.125 1 
0.661 0.161 0.125 1 
0.663 0.163 0.125 1 
0.665 0.165 0.125 1 
0.667 0.167 0.125 1 
0.669 0.169 0.125 1 
0.671 0.171 0.125 1 
0.673 0.173 0.125 1 
0.675 0.175 0.125 1 
0.677 0.177 0.125 1 
0.679 0.179 0.125 1 
0.681 0.181 0.125 1 
0.683 0.183 0.125 1 
0.685 0.185 0.125 1 
0.687 0.187 0.125 1 
0.689 0.189 0.125 1 
0.691 0.191 0.125 1 
0.693 0.193 0.125 1 
0.695 0.195 0.125 1 
0.697 0.197 0.125 1 
0.699 0.199 0.125 1 
0.701 0.201 0.125 1 
0.703 0.203 0.125 1 
0.705 0.205 0.125 1 
0.707 0.207 0.125 1 
0.709 0.209 0.125 1 
0.711 0.211 0.125 1 
0.713 0.213 0.125 1 
0.715 0.215 0.125 1 
0.717 0.217 0.125 1 
0.719 0.219 0.125 1 
0.721 0.221 0.125 1 
0.723 0.223 0.125 1 
0.725 0.225 0.125 1 
0.727 0.227 0.125 1 
0.729 0.229 0.125 1 
0.731 0.231 0.125 1 
0.733 0.233 0.125 1 
0.735 0.235 0.125 1 
0.737 0.237 0.125 1 
0.739 0.239 0.125 1 
0.741 0.241 0.125 1 
0.743 0.243 0.125 1 
0.745 0.245 0.125 1 
0.747 0.247 0.125 1 
0.749 0.249 0.125 1 
0.751 0.251 0.125 1 
0.753 0.253 0.125 1 
0.755 0.255 0.125 1 
0.757 0.257 0.125 1 
0.759 0.259 0.125 1 
0.761 0.261 0.125 1 
0.763 0.263 0.125 1 
0.765 0.265 0.125 1 
0.767 0.267 0.125 1 
0.769 0.269 0.125 1 
0.771 0.271 0.125 1 
0.773 0.273 0.125 1 
0.775 0.275 0.125 1 
0.777 0.277 0.125 1 
0.779 0.279 0.125 1 
0.781 0.281 0.125 1 
0.783 0.283 0.125 1 
0.785 0.285 0.125 1 
0.787 0.287 0.125 1 
0.789 0.289 0.125 1 
0.791 0.291 0.125 1 
0.793 0.293 0.125 1 
0.795 0.295 0.125 1 
0.797 0.297 0.125 1 
0.799 0.299 0.125 1 
0.801 0.301 0.125 1 
0.803 0.303 0.125 1 
0.805 0.305 0.125 1 
0.807 0.307 0.125 1 
0.809 0.309 0.125 1 
0.811 0.311 0.125 1 
0.813 0.313 0.125 1 
0.815 0.315 0.125 1 
0.817 0.317 0.125 1 
0.819 0.319 0.125 1 
0.821 0.321 0.125 1 
0.823 0.323 0.125 1 
0.825 0.325 0.125 1 
0.827 0.327 0.125 1 
0.829 0.329 0.125 1 
0.831 0.331 0.125 1 
0.833 0.333 0.125 1 
0.835 0.335 0.125 1 
0.837 0.337 0.125 1 
0.839 0.339 0.125 1 
0.841 0.341 0.125 1 
0.843 0.343 0.125 1 
0.845 0.345 0.125 1 
0.847 0.347 0.125 1 
0.849 0.349 0.125 1 
0.851 0.351 0.125 1 
0.853 0.353 0.125 1 
0.855 0.355 0.125 1 
0.857 0.357 0.125 1 
0.859 0.359 0.125 1 
0.861 0.361 0.125 1 
0.863 0.363 0.125 1 
0.865 0.365 0.125 1 
0.867 0.367 0.125 1 
0.869 0.369 0.125 1 
0.871 0.371 0.125 1 
0.873 0.373 0.125 1 
0.875 0.375 0.125 1 
0.877 0.377 0.125 1 
0.879 0.379 0.125 1 
0.881 0.381 0.125 1 
0.883 0.383 0.125 1 
0.885 0.385 0.125 1 
0.887 0.387 0.125 1 
0.889 0.389 0.125 1 
0.891 0.391 0.125 1 
0.893 0.393 0.125 1 
0.895 0.395 0.125 1 
0.897 0.397 0.125 1 
0.899 0.399 0.125 1 
0.901 0.401 0.125 1 
0.903 0.403 0.125 1 
0.905 0.405 0.125 1 
0.907 0.407 0.125 1 
0.909 0.409 0.125 1 
0.911 0.411 0.125 1 
0.913 0.413 0.125 1 
0.915 0.415 0.125 1 
0.917 0.417 0.125 1 
0.919 0.419 0.125 1 
0.921 0.421 0.125 1 
0.923 0.423 0.125 1 
0.925 0.425 0.125 1 
0.927 0.427 0.125 1 
0.929 0.429 0.125 1 
0.931 0.431 0.125 1 
0.933 0.433 0.125 1 
0.935 0.435 0.125 1 
0.937 0.437 0.125 1 
0.939 0.439 0.125 1 
0.941 0.441 0.125 1 
0.943 0.443 0.125 1 
0.945 0.445 0.125 1 
0.947 0.447 0.125 1 
0.949 0.449 0.125 1 
0.951 0.451 0.125 1 
0.953 0.453 0.125 1 
0.955 0.455 0.125 1 
0.957 0.457 0.125 1 
0.959 0.459 0.125 1 
0.961 0.461 0.125 1 
0.963 0.463 0.125 1 
0.965 0.465 0.125 1 
0.967 0.467 0.125 1 
0.969 0.469 0.125 1 
0.971 0.471 0.125 1 
0.973 0.473 0.125 1 
0.975 0.475 0.125 1 
0.977 0.477 0.125 1 
0.979 0.479 0.125 1 
0.981 0.481 0.125 1 
0.983 0.483 0.125 1 
0.985 0.485 0.125 1 
0.987 0.487 0.125 1 
0.989 0.489 0.125 1 
0.991 0.491 0.125 1 
0.993 0.493 0.125 1 
0.995 0.495 0.125 1 
0.997 0.497 0.125 1 
0.999 0.499 0.125 1 
