0.001 -0.499 1 0.125 
0.003 -0.497 1 0.125 
0.005 -0.495 1 0.125 
0.007 -0.493 1 0.125 
0.009 -0.491 1 0.125 
0.011 -0.489 1 0.125 
0.013 -0.487 1 0.125 
0.015 -0.485 1 0.125 
0.017 -0.483 1 0.125 
0.019 -0.481 1 0.125 
0.021 -0.479 1 0.125 
0.023 -0.477 1 0.125 
0.025 -0.475 1 0.125 
0.027 -0.473 1 0.125 
0.029 -0.471 1 0.125 
0.031 -0.469 1 0.125 
0.033 -0.467 1 0.125 
0.035 -0.465 1 0.125 
0.037 -0.463 1 0.125 
0.039 -0.461 1 0.125 
0.041 -0.459 1 0.125 
0.043 -0.457 1 0.125 
0.045 -0.455 1 0.125 
0.047 -0.453 1 0.125 
0.049 -0.451 1 0.125 
0.051 -0.449 1 0.125 
0.053 -0.447 1 0.125 
0.055 -0.445 1 0.125 
0.057 -0.443 1 0.125 
0.059 -0.441 1 0.125 
0.061 -0.439 1 0.125 
0.063 -0.437 1 0.125 
0.065 -0.435 1 0.125 
0.067 -0.433 1 0.125 
0.069 -0.431 1 0.125 
0.071 -0.429 1 0.125 
0.073 -0.427 1 0.125 
0.075 -0.425 1 0.125 
0.077 -0.423 1 0.125 
0.079 -0.421 1 0.125 
0.081 -0.419 1 0.125 
0.083 -0.417 1 0.125 
0.085 -0.415 1 0.125 
0.087 -0.413 1 0.125 
0.089 -0.411 1 0.125 
0.091 -0.409 1 0.125 
0.093 -0.407 1 0.125 
0.095 -0.405 1 0.125 
0.097 -0.403 1 0.125 
0.099 -0.401 1 0.125 
0.101 -0.399 1 0.125 
0.103 -0.397 1 0.125 
0.105 -0.395 1 0.125 
0.107 -0.393 1 0.125 
0.109 -0.391 1 0.125 
0.111 -0.389 1 0.125 
0.113 -0.387 1 0.125 
0.115 -0.385 1 0.125 
0.117 -0.383 1 0.125 
0.119 -0.381 1 0.125 
0.121 -0.379 1 0.125 
0.123 -0.377 1 0.125 
0.125 -0.375 1 0.125 
0.127 -0.373 1 0.125 
0.129 -0.371 1 0.125 
0.131 -0.369 1 0.125 
0.133 -0.367 1 0.125 
0.135 -0.365 1 0.125 
0.137 -0.363 1 0.125 
0.139 -0.361 1 0.125 
0.141 -0.359 1 0.125 
0.143 -0.357 1 0.125 
0.145 -0.355 1 0.125 
0.147 -0.353 1 0.125 
0.149 -0.351 1 0.125 
0.151 -0.349 1 0.125 
0.153 -0.347 1 0.125 
0.155 -0.345 1 0.125 
0.157 -0.343 1 0.125 
0.159 -0.341 1 0.125 
0.161 -0.339 1 0.125 
0.163 -0.337 1 0.125 
0.165 -0.335 1 0.125 
0.167 -0.333 1 0.125 
0.169 -0.331 1 0.125 
0.171 -0.329 1 0.125 
0.173 -0.327 1 0.125 
0.175 -0.325 1 0.125 
0.177 -0.323 1 0.125 
0.179 -0.321 1 0.125 
0.181 -0.319 1 0.125 
0.183 -0.317 1 0.125 
0.185 -0.315 1 0.125 
0.187 -0.313 1 0.125 
0.189 -0.311 1 0.125 
0.191 -0.309 1 0.125 
0.193 -0.307 1 0.125 
0.195 -0.305 1 0.125 
0.197 -0.303 1 0.125 
0.199 -0.301 1 0.125 
0.201 -0.299 1 0.125 
0.203 -0.297 1 0.125 
0.205 -0.295 1 0.125 
0.207 -0.293 1 0.125 
0.209 -0.291 1 0.125 
0.211 -0.289 1 0.125 
0.213 -0.287 1 0.125 
0.215 -0.285 1 0.125 
0.217 -0.283 1 0.125 
0.219 -0.281 1 0.125 
0.221 -0.279 1 0.125 
0.223 -0.277 1 0.125 
0.225 -0.275 1 0.125 
0.227 -0.273 1 0.125 
0.229 -0.271 1 0.125 
0.231 -0.269 1 0.125 
0.233 -0.267 1 0.125 
0.235 -0.265 1 0.125 
0.237 -0.263 1 0.125 
0.239 -0.261 1 0.125 
0.241 -0.259 1 0.125 
0.243 -0.257 1 0.125 
0.245 -0.255 1 0.125 
0.247 -0.253 1 0.125 
0.249 -0.251 1 0.125 
0.251 -0.249 1 0.125 
0.253 -0.247 1 0.125 
0.255 -0.245 1 0.125 
0.257 -0.243 1 0.125 
0.259 -0.241 1 0.125 
0.261 -0.239 1 0.125 
0.263 -0.237 1 0.125 
0.265 -0.235 1 0.125 
0.267 -0.233 1 0.125 
0.269 -0.231 1 0.125 
0.271 -0.229 1 0.125 
0.273 -0.227 1 0.125 
0.275 -0.225 1 0.125 
0.277 -0.223 1 0.125 
0.279 -0.221 1 0.125 
0.281 -0.219 1 0.125 
0.283 -0.217 1 0.125 
0.285 -0.215 1 0.125 
0.287 -0.213 1 0.125 
0.289 -0.211 1 0.125 
0.291 -0.209 1 0.125 
0.293 -0.207 1 0.125 
0.295 -0.205 1 0.125 
0.297 -0.203 1 0.125 
0.299 -0.201 1 0.125 
0.301 -0.199 1 0.125 
0.303 -0.197 1 0.125 
0.305 -0.195 1 0.125 
0.307 -0.193 1 0.125 
0.309 -0.191 1 0.125 
0.311 -0.189 1 0.125 
0.313 -0.187 1 0.125 
0.315 -0.185 1 0.125 
0.317 -0.183 1 0.125 
0.319 -0.181 1 0.125 
0.321 -0.179 1 0.125 
0.323 -0.177 1 0.125 
0.325 -0.175 1 0.125 
0.327 -0.173 1 0.125 
0.329 -0.171 1 0.125 
0.331 -0.169 1 0.125 
0.333 -0.167 1 0.125 
0.335 -0.165 1 0.125 
0.337 -0.163 1 0.125 
0.339 -0.161 1 0.125 
0.341 -0.159 1 0.125 
0.343 -0.157 1 0.125 
0.345 -0.155 1 0.125 
0.347 -0.153 1 0.125 
0.349 -0.151 1 0.125 
0.351 -0.149 1 0.125 
0.353 -0.147 1 0.125 
0.355 -0.145 1 0.125 
0.357 -0.143 1 0.125 
0.359 -0.141 1 0.125 
0.361 -0.139 1 0.125017 
0.363 -0.137 1 3.74118e+08 
0.365 -0.135 1 3.50693e+95 
0.367 -0.133 1 -5.2162e+117 
0.369 -0.131 1 -2.89778e+119 
0.371 -0.129 1 -1.49838e+130 
0.373 -0.127 0.999999 7.30608e+130 
0.375 -0.125 0.999998 -1.49114e+131 
0.377 -0.123 0.999996 1.6546e+131 
0.379 -0.121 0.999989 -1.09463e+131 
0.381 -0.119 0.999975 5.3692e+130 
0.383 -0.117 0.999943 -6.13948e+141 
0.385 -0.115 0.999879 5.38304e+145 
0.387 -0.113 0.999754 -1.33593e+147 
0.389 -0.111001 0.999522 4.99831e+147 
0.391 -0.109002 0.999114 -5.53405e+147 
0.393 -0.107004 0.998432 -8.89142e+149 
0.395 -0.105007 0.997341 1.9002e+150 
0.397 -0.103013 0.995681 -1.28345e+150 
0.399 -0.101022 0.993268 -7.51629e+150 
0.401 -0.0990357 0.989912 1.09097e+153 
0.403 -0.0970568 0.985443 -7.0042e+152 
0.405 -0.0950873 0.979727 -4.59652e+153 
0.407 -0.0931298 0.972685 8.17227e+153 
0.409 -0.091187 0.964306 4.91539e+155 
0.411 -0.0892618 0.954641 6.28586e+155 
0.413 -0.0873569 0.943792 -3.68594e+156 
0.415 -0.0854746 0.931904 3.48902e+156 
0.417 -0.083617 0.919135 -9.47167e+155 
0.419 -0.0817859 0.905654 8.7307e+154 
0.421 -0.0799828 0.891614 -1.00942e+155 
0.423 -0.0782086 0.877153 3.64409e+163 
0.425 -0.0764642 0.862385 -7.28819e+163 
0.427 -0.0747502 0.847396 3.64409e+163 
0.429 -0.0730668 0.83224 1.92963e+126 
0.431 -0.0714144 0.817048 -1.62354e+118 
0.433 -0.069793 0.801914 -1.87363e+79 
0.435 -0.0682023 0.78689 0.386851 
0.437 -0.0666421 0.772006 0.404295 
0.439 -0.0651121 0.757281 0.413475 
0.441 -0.063612 0.742733 0.417642 
0.443 -0.0621413 0.728374 0.41955 
0.445 -0.0606996 0.714217 0.420689 
0.447 -0.0592865 0.700273 0.421594 
0.449 -0.0579015 0.68655 0.4224 
0.451 -0.0565442 0.673057 0.423113 
0.453 -0.0552141 0.659802 0.423702 
0.455 -0.0539107 0.64679 0.42415 
0.457 -0.0526333 0.634029 0.424469 
0.459 -0.0513816 0.621524 0.424695 
0.461 -0.050155 0.60928 0.424864 
0.463 -0.0489528 0.597303 0.424992 
0.465 -0.0477746 0.585599 0.425095 
0.467 -0.0466197 0.574177 0.425199 
0.469 -0.0454876 0.563043 0.425305 
0.471 -0.0443776 0.552208 0.425411 
0.473 -0.0432891 0.541683 0.425536 
0.475 -0.0422214 0.531481 0.425711 
0.477 -0.0411738 0.521617 0.426009 
0.479 -0.0401456 0.512107 0.42645 
0.481 -0.039136 0.502972 0.426968 
0.483 -0.0381442 0.494232 0.427508 
0.485 -0.0371693 0.485912 0.428146 
0.487 -0.0362105 0.478037 0.429008 
0.489 -0.0352667 0.470635 0.430181 
0.491 -0.0343369 0.463736 0.431753 
0.493 -0.03342 0.45737 0.433798 
0.495 -0.0325149 0.451571 0.436369 
0.497 -0.0316203 0.446374 0.439497 
0.499 -0.030735 0.441813 0.443198 
0.501 0.0307022 0.437919 0.447475 
0.503 0.0316001 0.434714 0.452328 
0.505 0.0325079 0.432193 0.457743 
0.507 0.0334266 0.430328 0.463702 
0.509 0.0343574 0.429037 0.470176 
0.511 0.0353012 0.428223 0.477131 
0.513 0.0362592 0.427665 0.484537 
0.515 0.0372321 0.427241 0.492365 
0.517 0.038221 -nan 0.500589 
0.519 0.0392264 -nan 0.509183 
0.521 0.0402494 -nan 0.518122 
0.523 0.0412904 -nan 0.527386 
0.525 0.0423503 -nan 0.536955 
0.527 0.0434296 -nan 0.546815 
0.529 0.0445289 -nan 0.55695 
0.531 0.0456489 -nan 0.567347 
0.533 0.0467901 -nan 0.577994 
0.535 0.0479529 -nan 0.588881 
0.537 0.0491379 -nan 0.6 
0.539 0.0503456 -nan 0.611344 
0.541 0.0515764 -nan 0.622909 
0.543 0.0528308 -nan 0.634687 
0.545 0.0541092 -nan 0.646674 
0.547 0.0554122 -nan 0.658866 
0.549 0.05674 -nan 0.671262 
0.551 0.0580932 -nan 0.683861 
0.553 0.0594722 -nan 0.696659 
0.555 0.0608773 -nan 0.709654 
0.557 0.062309 -nan 0.722844 
0.559 0.0637677 -nan 0.736228 
0.561 0.0652538 -nan 0.749806 
0.563 0.0667678 -nan 0.76358 
0.565 0.0683099 -nan 0.777546 
0.567 0.0698807 -nan 0.791699 
0.569 0.0714805 -nan 0.806037 
0.571 0.0731096 -nan 0.82056 
0.573 0.0747686 -nan 0.835269 
0.575 0.0764578 -nan 0.850155 
0.577 0.0781774 -nan 0.865215 
0.579 0.079928 -nan 0.880442 
0.581 0.0817097 -nan 0.895822 
0.583 0.083523 -nan 0.91133 
0.585 0.085368 -nan 0.926978 
0.587 0.0872452 -nan 0.942776 
0.589 0.0891533 -nan 0.957653 
0.591 0.0910889 -nan 0.970632 
0.593 0.0930471 -nan 0.981206 
0.595 0.0950225 -nan 0.989117 
0.597 0.0970095 -nan 0.994402 
0.599 0.0990036 -nan 0.997477 
0.601 0.101001 -nan 0.999009 
0.603 0.103 -nan 0.99966 
0.605 0.105 -nan 0.999898 
0.607 0.107 -nan 0.999973 
0.609 0.109 -nan 0.999993 
0.611 0.111 -nan 0.999999 
0.613 0.113 -nan 1 
0.615 0.115 -nan 1 
0.617 0.117 -nan 1 
0.619 0.119 -nan 1 
0.621 0.121 -nan 1 
0.623 0.123 -nan 1 
0.625 0.125 -nan 1 
0.627 0.127 -nan 1 
0.629 0.129 -nan 1 
0.631 0.131 -nan 1 
0.633 0.133 -nan 1 
0.635 0.135 -nan 1 
0.637 0.137 -nan 1 
0.639 0.139 -nan 1 
0.641 0.141 -nan 1 
0.643 0.143 -nan 1 
0.645 0.145 -nan 1 
0.647 0.147 -nan 1 
0.649 0.149 -nan 1 
0.651 0.151 -nan 1 
0.653 0.153 -nan 1 
0.655 0.155 0.125 1 
0.657 0.157 0.125 1 
0.659 0.159 0.125 1 
0.661 0.161 0.125 1 
0.663 0.163 0.125 1 
0.665 0.165 0.125 1 
0.667 0.167 0.125 1 
0.669 0.169 0.125 1 
0.671 0.171 0.125 1 
0.673 0.173 0.125 1 
0.675 0.175 0.125 1 
0.677 0.177 0.125 1 
0.679 0.179 0.125 1 
0.681 0.181 0.125 1 
0.683 0.183 0.125 1 
0.685 0.185 0.125 1 
0.687 0.187 0.125 1 
0.689 0.189 0.125 1 
0.691 0.191 0.125 1 
0.693 0.193 0.125 1 
0.695 0.195 0.125 1 
0.697 0.197 0.125 1 
0.699 0.199 0.125 1 
0.701 0.201 0.125 1 
0.703 0.203 0.125 1 
0.705 0.205 0.125 1 
0.707 0.207 0.125 1 
0.709 0.209 0.125 1 
0.711 0.211 0.125 1 
0.713 0.213 0.125 1 
0.715 0.215 0.125 1 
0.717 0.217 0.125 1 
0.719 0.219 0.125 1 
0.721 0.221 0.125 1 
0.723 0.223 0.125 1 
0.725 0.225 0.125 1 
0.727 0.227 0.125 1 
0.729 0.229 0.125 1 
0.731 0.231 0.125 1 
0.733 0.233 0.125 1 
0.735 0.235 0.125 1 
0.737 0.237 0.125 1 
0.739 0.239 0.125 1 
0.741 0.241 0.125 1 
0.743 0.243 0.125 1 
0.745 0.245 0.125 1 
0.747 0.247 0.125 1 
0.749 0.249 0.125 1 
0.751 0.251 0.125 1 
0.753 0.253 0.125 1 
0.755 0.255 0.125 1 
0.757 0.257 0.125 1 
0.759 0.259 0.125 1 
0.761 0.261 0.125 1 
0.763 0.263 0.125 1 
0.765 0.265 0.125 1 
0.767 0.267 0.125 1 
0.769 0.269 0.125 1 
0.771 0.271 0.125 1 
0.773 0.273 0.125 1 
0.775 0.275 0.125 1 
0.777 0.277 0.125 1 
0.779 0.279 0.125 1 
0.781 0.281 0.125 1 
0.783 0.283 0.125 1 
0.785 0.285 0.125 1 
0.787 0.287 0.125 1 
0.789 0.289 0.125 1 
0.791 0.291 0.125 1 
0.793 0.293 0.125 1 
0.795 0.295 0.125 1 
0.797 0.297 0.125 1 
0.799 0.299 0.125 1 
0.801 0.301 0.125 1 
0.803 0.303 0.125 1 
0.805 0.305 0.125 1 
0.807 0.307 0.125 1 
0.809 0.309 0.125 1 
0.811 0.311 0.125 1 
0.813 0.313 0.125 1 
0.815 0.315 0.125 1 
0.817 0.317 0.125 1 
0.819 0.319 0.125 1 
0.821 0.321 0.125 1 
0.823 0.323 0.125 1 
0.825 0.325 0.125 1 
0.827 0.327 0.125 1 
0.829 0.329 0.125 1 
0.831 0.331 0.125 1 
0.833 0.333 0.125 1 
0.835 0.335 0.125 1 
0.837 0.337 0.125 1 
0.839 0.339 0.125 1 
0.841 0.341 0.125 1 
0.843 0.343 0.125 1 
0.845 0.345 0.125 1 
0.847 0.347 0.125 1 
0.849 0.349 0.125 1 
0.851 0.351 0.125 1 
0.853 0.353 0.125 1 
0.855 0.355 0.125 1 
0.857 0.357 0.125 1 
0.859 0.359 0.125 1 
0.861 0.361 0.125 1 
0.863 0.363 0.125 1 
0.865 0.365 0.125 1 
0.867 0.367 0.125 1 
0.869 0.369 0.125 1 
0.871 0.371 0.125 1 
0.873 0.373 0.125 1 
0.875 0.375 0.125 1 
0.877 0.377 0.125 1 
0.879 0.379 0.125 1 
0.881 0.381 0.125 1 
0.883 0.383 0.125 1 
0.885 0.385 0.125 1 
0.887 0.387 0.125 1 
0.889 0.389 0.125 1 
0.891 0.391 0.125 1 
0.893 0.393 0.125 1 
0.895 0.395 0.125 1 
0.897 0.397 0.125 1 
0.899 0.399 0.125 1 
0.901 0.401 0.125 1 
0.903 0.403 0.125 1 
0.905 0.405 0.125 1 
0.907 0.407 0.125 1 
0.909 0.409 0.125 1 
0.911 0.411 0.125 1 
0.913 0.413 0.125 1 
0.915 0.415 0.125 1 
0.917 0.417 0.125 1 
0.919 0.419 0.125 1 
0.921 0.421 0.125 1 
0.923 0.423 0.125 1 
0.925 0.425 0.125 1 
0.927 0.427 0.125 1 
0.929 0.429 0.125 1 
0.931 0.431 0.125 1 
0.933 0.433 0.125 1 
0.935 0.435 0.125 1 
0.937 0.437 0.125 1 
0.939 0.439 0.125 1 
0.941 0.441 0.125 1 
0.943 0.443 0.125 1 
0.945 0.445 0.125 1 
0.947 0.447 0.125 1 
0.949 0.449 0.125 1 
0.951 0.451 0.125 1 
0.953 0.453 0.125 1 
0.955 0.455 0.125 1 
0.957 0.457 0.125 1 
0.959 0.459 0.125 1 
0.961 0.461 0.125 1 
0.963 0.463 0.125 1 
0.965 0.465 0.125 1 
0.967 0.467 0.125 1 
0.969 0.469 0.125 1 
0.971 0.471 0.125 1 
0.973 0.473 0.125 1 
0.975 0.475 0.125 1 
0.977 0.477 0.125 1 
0.979 0.479 0.125 1 
0.981 0.481 0.125 1 
0.983 0.483 0.125 1 
0.985 0.485 0.125 1 
0.987 0.487 0.125 1 
0.989 0.489 0.125 1 
0.991 0.491 0.125 1 
0.993 0.493 0.125 1 
0.995 0.495 0.125 1 
0.997 0.497 0.125 1 
0.999 0.499 0.125 1 
