0.001 -0.499 1 0.125 
0.003 -0.497 1 0.125 
0.005 -0.495 1 0.125 
0.007 -0.493 1 0.125 
0.009 -0.491 1 0.125 
0.011 -0.489 1 0.125 
0.013 -0.487 1 0.125 
0.015 -0.485 1 0.125 
0.017 -0.483 1 0.125 
0.019 -0.481 1 0.125 
0.021 -0.479 1 0.125 
0.023 -0.477 1 0.125 
0.025 -0.475 1 0.125 
0.027 -0.473 1 0.125 
0.029 -0.471 1 0.125 
0.031 -0.469 1 0.125 
0.033 -0.467 1 0.125 
0.035 -0.465 1 0.125 
0.037 -0.463 1 0.125 
0.039 -0.461 1 0.125 
0.041 -0.459 1 0.125 
0.043 -0.457 1 0.125 
0.045 -0.455 1 0.125 
0.047 -0.453 1 0.125 
0.049 -0.451 1 0.125 
0.051 -0.449 1 0.125 
0.053 -0.447 1 0.125 
0.055 -0.445 1 0.125 
0.057 -0.443 1 0.125 
0.059 -0.441 1 0.125 
0.061 -0.439 1 0.125 
0.063 -0.437 1 0.125 
0.065 -0.435 1 0.125 
0.067 -0.433 1 0.125 
0.069 -0.431 1 0.125 
0.071 -0.429 1 0.125 
0.073 -0.427 1 0.125 
0.075 -0.425 1 0.125 
0.077 -0.423 1 0.125 
0.079 -0.421 1 0.125 
0.081 -0.419 1 0.125 
0.083 -0.417 1 0.125 
0.085 -0.415 1 0.125 
0.087 -0.413 1 0.125 
0.089 -0.411 1 0.125 
0.091 -0.409 1 0.125 
0.093 -0.407 1 0.125 
0.095 -0.405 1 0.125 
0.097 -0.403 1 0.125 
0.099 -0.401 1 0.125 
0.101 -0.399 1 0.125 
0.103 -0.397 1 0.125 
0.105 -0.395 1 0.125 
0.107 -0.393 1 0.125 
0.109 -0.391 1 0.125 
0.111 -0.389 1 0.125 
0.113 -0.387 1 0.125 
0.115 -0.385 1 0.125 
0.117 -0.383 1 0.125 
0.119 -0.381 1 0.125 
0.121 -0.379 1 0.125 
0.123 -0.377 1 0.125 
0.125 -0.375 1 0.125 
0.127 -0.373 1 0.125 
0.129 -0.371 1 0.125 
0.131 -0.369 1 0.125 
0.133 -0.367 1 0.125 
0.135 -0.365 1 0.125 
0.137 -0.363 1 0.125 
0.139 -0.361 1 0.125 
0.141 -0.359 1 0.125 
0.143 -0.357 1 0.125 
0.145 -0.355 1 0.125 
0.147 -0.353 1 0.125 
0.149 -0.351 1 0.125 
0.151 -0.349 1 0.125 
0.153 -0.347 1 0.125 
0.155 -0.345 1 0.125 
0.157 -0.343 1 0.125 
0.159 -0.341 1 0.125 
0.161 -0.339 1 0.125 
0.163 -0.337 1 0.125 
0.165 -0.335 1 0.125 
0.167 -0.333 1 0.125 
0.169 -0.331 1 0.125 
0.171 -0.329 1 0.125 
0.173 -0.327 1 0.125 
0.175 -0.325 1 0.125 
0.177 -0.323 1 0.125 
0.179 -0.321 1 0.125 
0.181 -0.319 1 0.125 
0.183 -0.317 1 0.125 
0.185 -0.315 1 0.125 
0.187 -0.313 1 0.125 
0.189 -0.311 1 0.125 
0.191 -0.309 1 0.125 
0.193 -0.307 1 0.125 
0.195 -0.305 1 0.125 
0.197 -0.303 1 0.125 
0.199 -0.301 1 0.125 
0.201 -0.299 1 0.125 
0.203 -0.297 1 0.125 
0.205 -0.295 1 0.125 
0.207 -0.293 1 0.125 
0.209 -0.291 1 0.125 
0.211 -0.289 1 0.125 
0.213 -0.287 1 0.125 
0.215 -0.285 1 0.125 
0.217 -0.283 1 0.125 
0.219 -0.281 1 0.125 
0.221 -0.279 1 0.125 
0.223 -0.277 1 0.125 
0.225 -0.275 1 0.125 
0.227 -0.273 1 0.125 
0.229 -0.271 1 0.125 
0.231 -0.269 1 0.125 
0.233 -0.267 1 0.125 
0.235 -0.265 1 0.125 
0.237 -0.263 1 0.125 
0.239 -0.261 1 0.125 
0.241 -0.259 1 0.125 
0.243 -0.257 1 0.125 
0.245 -0.255 1 0.125 
0.247 -0.253 1 0.125 
0.249 -0.251 1 0.125 
0.251 -0.249 1 0.125 
0.253 -0.247 1 0.125 
0.255 -0.245 1 0.125 
0.257 -0.243 1 0.125 
0.259 -0.241 1 0.125 
0.261 -0.239 1 0.125 
0.263 -0.237 1 0.125 
0.265 -0.235 1 0.125 
0.267 -0.233 1 0.125 
0.269 -0.231 1 0.125 
0.271 -0.229 1 0.125 
0.273 -0.227 1 0.125 
0.275 -0.225 1 0.125 
0.277 -0.223 1 0.125 
0.279 -0.221 1 0.125 
0.281 -0.219 1 0.125 
0.283 -0.217 1 0.125 
0.285 -0.215 1 0.125 
0.287 -0.213 1 0.125 
0.289 -0.211 1 0.125 
0.291 -0.209 1 0.125 
0.293 -0.207 1 0.125 
0.295 -0.205 1 0.125 
0.297 -0.203 1 0.125 
0.299 -0.201 1 0.125 
0.301 -0.199 1 0.125 
0.303 -0.197 1 0.125 
0.305 -0.195 1 0.125 
0.307 -0.193 1 0.125 
0.309 -0.191 1 0.125 
0.311 -0.189 1 0.125 
0.313 -0.187 1 0.125 
0.315 -0.185 1 0.125 
0.317 -0.183 1 0.125 
0.319 -0.181 1 0.125 
0.321 -0.179 1 0.125 
0.323 -0.177 1 0.125 
0.325 -0.175 1 0.125 
0.327 -0.173 1 0.125 
0.329 -0.171 1 0.125 
0.331 -0.169 1 0.125 
0.333 -0.167 1 0.125 
0.335 -0.165 1 0.125 
0.337 -0.163 1 0.125 
0.339 -0.161 1 0.125 
0.341 -0.159 1 0.125 
0.343 -0.157 1 0.125 
0.345 -0.155 1 0.125 
0.347 -0.153 1 0.125 
0.349 -0.151 1 0.125 
0.351 -0.149 1 0.125 
0.353 -0.147 1 0.125 
0.355 -0.145 1 0.125 
0.357 -0.143 1 0.125006 
0.359 -0.141 1 2.21137e+10 
0.361 -0.139 1 5.76053e+117 
0.363 -0.137 1 2.44526e+142 
0.365 -0.135 1 8.57687e+146 
0.367 -0.133 1 1.03864e+159 
0.369 -0.131 1 -9.16497e+159 
0.371 -0.129 0.999999 3.47566e+160 
0.373 -0.127 0.999998 -7.70219e+160 
0.375 -0.125 0.999994 1.2139e+161 
0.377 -0.123 0.999986 -nan 
0.379 -0.121 0.999967 -nan 
0.381 -0.119 0.999928 -nan 
0.383 -0.117 0.99985 -nan 
0.385 -0.115001 0.999701 -nan 
0.387 -0.113001 0.999433 -nan 
0.389 -0.111002 0.998971 -nan 
0.391 -0.109005 0.99821 -nan 
0.393 -0.107008 0.997018 -nan 
0.395 -0.105014 0.995232 -nan 
0.397 -0.103024 0.992673 -nan 
0.399 -0.10104 0.989163 -nan 
0.401 -0.0990624 0.984545 -nan 
0.403 -0.0970948 0.9787 -nan 
0.405 -0.0951394 0.971567 -nan 
0.407 -0.093199 0.963147 -nan 
0.409 -0.0912762 0.953497 -nan 
0.411 -0.0893735 0.942726 -nan 
0.413 -0.0874934 0.930974 -nan 
0.415 -0.0856377 0.918396 -nan 
0.417 -0.083808 0.905151 -nan 
0.419 -0.0820058 0.891386 -nan 
0.421 -0.0802319 0.87723 -nan 
0.423 -0.0784871 0.862787 -nan 
0.425 -0.076772 0.848139 -nan 
0.427 -0.0750869 0.833338 -nan 
0.429 -0.073432 0.818507 -nan 
0.431 -0.0718073 0.803734 -nan 
0.433 -0.0702126 0.789068 -nan 
0.435 -0.0686477 0.774533 -nan 
0.437 -0.0671122 0.76015 -2.57396e+109 
0.439 -0.0656059 0.745932 0.416978 
0.441 -0.0641283 0.731894 0.419521 
0.443 -0.0626791 0.718044 0.420677 
0.445 -0.0612579 0.704395 0.42158 
0.447 -0.0598643 0.690953 0.422382 
0.449 -0.0584977 0.677727 0.423086 
0.451 -0.0571578 0.664724 0.423668 
0.453 -0.055844 0.65195 0.424119 
0.455 -0.0545559 0.63941 0.424451 
0.457 -0.053293 0.627109 0.424688 
0.459 -0.0520548 0.615053 0.424861 
0.461 -0.0508407 0.603247 0.424995 
0.463 -0.0496502 0.591696 0.425099 
0.465 -0.0484828 0.580406 0.425183 
0.467 -0.0473379 0.569384 0.425272 
0.469 -0.0462149 0.558639 0.425369 
0.471 -0.0451133 0.548179 0.425474 
0.473 -0.0440324 0.538016 0.425603 
0.475 -0.0429716 0.528162 0.425785 
0.477 -0.0419302 0.518631 0.426094 
0.479 -0.0409076 0.50944 0.426514 
0.481 -0.0399029 0.500608 0.427012 
0.483 -0.0389154 0.492155 0.427536 
0.485 -0.0379443 0.484105 0.428145 
0.487 -0.0369886 0.476482 0.428992 
0.489 -0.0360476 0.469314 0.430139 
0.491 -0.0351201 0.462629 0.431673 
0.493 -0.0342051 0.456458 0.433661 
0.495 -0.0333016 0.450834 0.436158 
0.497 -0.0324083 0.445791 0.439196 
0.499 -0.031524 0.441365 0.442791 
0.501 0.0314906 0.437587 0.446944 
0.503 0.0323873 0.434475 0.451651 
0.505 0.0332936 0.432028 0.456901 
0.507 0.0342105 0.43022 0.462675 
0.509 0.0351391 -nan 0.468947 
0.511 0.0360804 -nan 0.475687 
0.513 0.0370353 -nan 0.482863 
0.515 0.0380047 -nan 0.490446 
0.517 0.0389895 -nan 0.498409 
0.519 0.0399904 -nan 0.50673 
0.521 0.0410082 -nan 0.515384 
0.523 0.0420436 -nan 0.524352 
0.525 0.0430971 -nan 0.533614 
0.527 0.0441695 -nan 0.543155 
0.529 0.0452613 -nan 0.552961 
0.531 0.0463729 -nan 0.56302 
0.533 0.0475051 -nan 0.573321 
0.535 0.0486582 -nan 0.583853 
0.537 0.0498328 -nan 0.594607 
0.539 0.0510293 -nan 0.605578 
0.541 0.0522481 -nan 0.616759 
0.543 0.0534897 -nan 0.628147 
0.545 0.0547546 -nan 0.639737 
0.547 0.0560431 -nan 0.651523 
0.549 0.0573557 -nan 0.663502 
0.551 0.0586928 -nan 0.675674 
0.553 0.0600547 -nan 0.688039 
0.555 0.0614419 -nan 0.700593 
0.557 0.0628547 -nan 0.713334 
0.559 0.0642937 -nan 0.726261 
0.561 0.065759 -nan 0.739372 
0.563 0.0672513 -nan 0.752667 
0.565 0.0687707 -nan 0.766147 
0.567 0.0703177 -nan 0.779812 
0.569 0.0718927 -nan 0.793657 
0.571 0.0734961 -nan 0.807677 
0.573 0.0751282 -nan 0.821872 
0.575 0.0767895 -nan 0.836244 
0.577 0.0784801 -nan 0.850788 
0.579 0.0802006 -nan 0.865495 
0.581 0.0819512 -nan 0.880361 
0.583 0.0837323 -nan 0.895379 
0.585 0.0855442 -nan 0.910525 
0.587 0.087387 -nan 0.925786 
0.589 0.0892611 -nan 0.941224 
0.591 0.0911659 -nan 0.955971 
0.593 0.0930981 -nan 0.968982 
0.595 0.0950532 -nan 0.979747 
0.597 0.0970261 -nan 0.987969 
0.599 0.0990114 -nan 0.993618 
0.601 0.101004 -nan 0.99702 
0.603 0.103002 -nan 0.998784 
0.605 0.105 -nan 0.999566 
0.607 0.107 -nan 0.999864 
0.609 0.109 -nan 0.999962 
0.611 0.111 -nan 0.999991 
0.613 0.113 -nan 0.999998 
0.615 0.115 -nan 1 
0.617 0.117 -nan 1 
0.619 0.119 -nan 1 
0.621 0.121 -nan 1 
0.623 0.123 -nan 1 
0.625 0.125 -nan 1 
0.627 0.127 -nan 1 
0.629 0.129 -nan 1 
0.631 0.131 -nan 1 
0.633 0.133 -nan 1 
0.635 0.135 -nan 1 
0.637 0.137 -nan 1 
0.639 0.139 -nan 1 
0.641 0.141 -nan 1 
0.643 0.143 -nan 1 
0.645 0.145 -nan 1 
0.647 0.147 -nan 1 
0.649 0.149 -nan 1 
0.651 0.151 -nan 1 
0.653 0.153 -nan 1 
0.655 0.155 -nan 1 
0.657 0.157 -nan 1 
0.659 0.159 -nan 1 
0.661 0.161 -nan 1 
0.663 0.163 0.125 1 
0.665 0.165 0.125 1 
0.667 0.167 0.125 1 
0.669 0.169 0.125 1 
0.671 0.171 0.125 1 
0.673 0.173 0.125 1 
0.675 0.175 0.125 1 
0.677 0.177 0.125 1 
0.679 0.179 0.125 1 
0.681 0.181 0.125 1 
0.683 0.183 0.125 1 
0.685 0.185 0.125 1 
0.687 0.187 0.125 1 
0.689 0.189 0.125 1 
0.691 0.191 0.125 1 
0.693 0.193 0.125 1 
0.695 0.195 0.125 1 
0.697 0.197 0.125 1 
0.699 0.199 0.125 1 
0.701 0.201 0.125 1 
0.703 0.203 0.125 1 
0.705 0.205 0.125 1 
0.707 0.207 0.125 1 
0.709 0.209 0.125 1 
0.711 0.211 0.125 1 
0.713 0.213 0.125 1 
0.715 0.215 0.125 1 
0.717 0.217 0.125 1 
0.719 0.219 0.125 1 
0.721 0.221 0.125 1 
0.723 0.223 0.125 1 
0.725 0.225 0.125 1 
0.727 0.227 0.125 1 
0.729 0.229 0.125 1 
0.731 0.231 0.125 1 
0.733 0.233 0.125 1 
0.735 0.235 0.125 1 
0.737 0.237 0.125 1 
0.739 0.239 0.125 1 
0.741 0.241 0.125 1 
0.743 0.243 0.125 1 
0.745 0.245 0.125 1 
0.747 0.247 0.125 1 
0.749 0.249 0.125 1 
0.751 0.251 0.125 1 
0.753 0.253 0.125 1 
0.755 0.255 0.125 1 
0.757 0.257 0.125 1 
0.759 0.259 0.125 1 
0.761 0.261 0.125 1 
0.763 0.263 0.125 1 
0.765 0.265 0.125 1 
0.767 0.267 0.125 1 
0.769 0.269 0.125 1 
0.771 0.271 0.125 1 
0.773 0.273 0.125 1 
0.775 0.275 0.125 1 
0.777 0.277 0.125 1 
0.779 0.279 0.125 1 
0.781 0.281 0.125 1 
0.783 0.283 0.125 1 
0.785 0.285 0.125 1 
0.787 0.287 0.125 1 
0.789 0.289 0.125 1 
0.791 0.291 0.125 1 
0.793 0.293 0.125 1 
0.795 0.295 0.125 1 
0.797 0.297 0.125 1 
0.799 0.299 0.125 1 
0.801 0.301 0.125 1 
0.803 0.303 0.125 1 
0.805 0.305 0.125 1 
0.807 0.307 0.125 1 
0.809 0.309 0.125 1 
0.811 0.311 0.125 1 
0.813 0.313 0.125 1 
0.815 0.315 0.125 1 
0.817 0.317 0.125 1 
0.819 0.319 0.125 1 
0.821 0.321 0.125 1 
0.823 0.323 0.125 1 
0.825 0.325 0.125 1 
0.827 0.327 0.125 1 
0.829 0.329 0.125 1 
0.831 0.331 0.125 1 
0.833 0.333 0.125 1 
0.835 0.335 0.125 1 
0.837 0.337 0.125 1 
0.839 0.339 0.125 1 
0.841 0.341 0.125 1 
0.843 0.343 0.125 1 
0.845 0.345 0.125 1 
0.847 0.347 0.125 1 
0.849 0.349 0.125 1 
0.851 0.351 0.125 1 
0.853 0.353 0.125 1 
0.855 0.355 0.125 1 
0.857 0.357 0.125 1 
0.859 0.359 0.125 1 
0.861 0.361 0.125 1 
0.863 0.363 0.125 1 
0.865 0.365 0.125 1 
0.867 0.367 0.125 1 
0.869 0.369 0.125 1 
0.871 0.371 0.125 1 
0.873 0.373 0.125 1 
0.875 0.375 0.125 1 
0.877 0.377 0.125 1 
0.879 0.379 0.125 1 
0.881 0.381 0.125 1 
0.883 0.383 0.125 1 
0.885 0.385 0.125 1 
0.887 0.387 0.125 1 
0.889 0.389 0.125 1 
0.891 0.391 0.125 1 
0.893 0.393 0.125 1 
0.895 0.395 0.125 1 
0.897 0.397 0.125 1 
0.899 0.399 0.125 1 
0.901 0.401 0.125 1 
0.903 0.403 0.125 1 
0.905 0.405 0.125 1 
0.907 0.407 0.125 1 
0.909 0.409 0.125 1 
0.911 0.411 0.125 1 
0.913 0.413 0.125 1 
0.915 0.415 0.125 1 
0.917 0.417 0.125 1 
0.919 0.419 0.125 1 
0.921 0.421 0.125 1 
0.923 0.423 0.125 1 
0.925 0.425 0.125 1 
0.927 0.427 0.125 1 
0.929 0.429 0.125 1 
0.931 0.431 0.125 1 
0.933 0.433 0.125 1 
0.935 0.435 0.125 1 
0.937 0.437 0.125 1 
0.939 0.439 0.125 1 
0.941 0.441 0.125 1 
0.943 0.443 0.125 1 
0.945 0.445 0.125 1 
0.947 0.447 0.125 1 
0.949 0.449 0.125 1 
0.951 0.451 0.125 1 
0.953 0.453 0.125 1 
0.955 0.455 0.125 1 
0.957 0.457 0.125 1 
0.959 0.459 0.125 1 
0.961 0.461 0.125 1 
0.963 0.463 0.125 1 
0.965 0.465 0.125 1 
0.967 0.467 0.125 1 
0.969 0.469 0.125 1 
0.971 0.471 0.125 1 
0.973 0.473 0.125 1 
0.975 0.475 0.125 1 
0.977 0.477 0.125 1 
0.979 0.479 0.125 1 
0.981 0.481 0.125 1 
0.983 0.483 0.125 1 
0.985 0.485 0.125 1 
0.987 0.487 0.125 1 
0.989 0.489 0.125 1 
0.991 0.491 0.125 1 
0.993 0.493 0.125 1 
0.995 0.495 0.125 1 
0.997 0.497 0.125 1 
0.999 0.499 0.125 1 
