0.001 -0.499 1 0.125 
0.003 -0.497 1 0.125 
0.005 -0.495 1 0.125 
0.007 -0.493 1 0.125 
0.009 -0.491 1 0.125 
0.011 -0.489 1 0.125 
0.013 -0.487 1 0.125 
0.015 -0.485 1 0.125 
0.017 -0.483 1 0.125 
0.019 -0.481 1 0.125 
0.021 -0.479 1 0.125 
0.023 -0.477 1 0.125 
0.025 -0.475 1 0.125 
0.027 -0.473 1 0.125 
0.029 -0.471 1 0.125 
0.031 -0.469 1 0.125 
0.033 -0.467 1 0.125 
0.035 -0.465 1 0.125 
0.037 -0.463 1 0.125 
0.039 -0.461 1 0.125 
0.041 -0.459 1 0.125 
0.043 -0.457 1 0.125 
0.045 -0.455 1 0.125 
0.047 -0.453 1 0.125 
0.049 -0.451 1 0.125 
0.051 -0.449 1 0.125 
0.053 -0.447 1 0.125 
0.055 -0.445 1 0.125 
0.057 -0.443 1 0.125 
0.059 -0.441 1 0.125 
0.061 -0.439 1 0.125 
0.063 -0.437 1 0.125 
0.065 -0.435 1 0.125 
0.067 -0.433 1 0.125 
0.069 -0.431 1 0.125 
0.071 -0.429 1 0.125 
0.073 -0.427 1 0.125 
0.075 -0.425 1 0.125 
0.077 -0.423 1 0.125 
0.079 -0.421 1 0.125 
0.081 -0.419 1 0.125 
0.083 -0.417 1 0.125 
0.085 -0.415 1 0.125 
0.087 -0.413 1 0.125 
0.089 -0.411 1 0.125 
0.091 -0.409 1 0.125 
0.093 -0.407 1 0.125 
0.095 -0.405 1 0.125 
0.097 -0.403 1 0.125 
0.099 -0.401 1 0.125 
0.101 -0.399 1 0.125 
0.103 -0.397 1 0.125 
0.105 -0.395 1 0.125 
0.107 -0.393 1 0.125 
0.109 -0.391 1 0.125 
0.111 -0.389 1 0.125 
0.113 -0.387 1 0.125 
0.115 -0.385 1 0.125 
0.117 -0.383 1 0.125 
0.119 -0.381 1 0.125 
0.121 -0.379 1 0.125 
0.123 -0.377 1 0.125 
0.125 -0.375 1 0.125 
0.127 -0.373 1 0.125 
0.129 -0.371 1 0.125 
0.131 -0.369 1 0.125 
0.133 -0.367 1 0.125 
0.135 -0.365 1 0.125 
0.137 -0.363 1 0.125 
0.139 -0.361 1 0.125 
0.141 -0.359 1 0.125 
0.143 -0.357 1 0.125 
0.145 -0.355 1 0.125 
0.147 -0.353 1 0.125 
0.149 -0.351 1 0.125 
0.151 -0.349 1 0.125 
0.153 -0.347 1 0.125 
0.155 -0.345 1 0.125 
0.157 -0.343 1 0.125 
0.159 -0.341 1 0.125 
0.161 -0.339 1 0.125 
0.163 -0.337 1 0.125 
0.165 -0.335 1 0.125 
0.167 -0.333 1 0.125 
0.169 -0.331 1 0.125 
0.171 -0.329 1 0.125 
0.173 -0.327 1 0.125 
0.175 -0.325 1 0.125 
0.177 -0.323 1 0.125 
0.179 -0.321 1 0.125 
0.181 -0.319 1 0.125 
0.183 -0.317 1 0.125 
0.185 -0.315 1 0.125 
0.187 -0.313 1 0.125 
0.189 -0.311 1 0.125 
0.191 -0.309 1 0.125 
0.193 -0.307 1 0.125 
0.195 -0.305 1 0.125 
0.197 -0.303 1 0.125 
0.199 -0.301 1 0.125 
0.201 -0.299 1 0.125 
0.203 -0.297 1 0.125 
0.205 -0.295 1 0.125 
0.207 -0.293 1 0.125 
0.209 -0.291 1 0.125 
0.211 -0.289 1 0.125 
0.213 -0.287 1 0.125 
0.215 -0.285 1 0.125 
0.217 -0.283 1 0.125 
0.219 -0.281 1 0.125 
0.221 -0.279 1 0.125 
0.223 -0.277 1 0.125 
0.225 -0.275 1 0.125 
0.227 -0.273 1 0.125 
0.229 -0.271 1 0.125 
0.231 -0.269 1 0.125 
0.233 -0.267 1 0.125 
0.235 -0.265 1 0.125 
0.237 -0.263 1 0.125 
0.239 -0.261 1 0.125 
0.241 -0.259 1 0.125 
0.243 -0.257 1 0.125 
0.245 -0.255 1 0.125 
0.247 -0.253 1 0.125 
0.249 -0.251 1 0.125 
0.251 -0.249 1 0.125 
0.253 -0.247 1 0.125 
0.255 -0.245 1 0.125 
0.257 -0.243 1 0.125 
0.259 -0.241 1 0.125 
0.261 -0.239 1 0.125 
0.263 -0.237 1 0.125 
0.265 -0.235 1 0.125 
0.267 -0.233 1 0.125 
0.269 -0.231 1 0.125 
0.271 -0.229 1 0.125 
0.273 -0.227 1 0.125 
0.275 -0.225 1 0.125 
0.277 -0.223 1 0.125 
0.279 -0.221 1 0.125 
0.281 -0.219 1 0.125 
0.283 -0.217 1 0.125 
0.285 -0.215 1 0.125 
0.287 -0.213 1 0.125 
0.289 -0.211 1 0.125 
0.291 -0.209 1 0.125 
0.293 -0.207 1 0.125 
0.295 -0.205 1 0.125 
0.297 -0.203 1 0.125 
0.299 -0.201 1 0.125 
0.301 -0.199 1 0.125 
0.303 -0.197 1 0.125 
0.305 -0.195 1 0.125 
0.307 -0.193 1 0.125 
0.309 -0.191 1 0.125 
0.311 -0.189 1 0.125 
0.313 -0.187 1 0.125 
0.315 -0.185 1 0.125 
0.317 -0.183 1 0.125 
0.319 -0.181 1 0.125 
0.321 -0.179 1 0.125 
0.323 -0.177 1 0.125 
0.325 -0.175 1 0.125 
0.327 -0.173 1 0.125 
0.329 -0.171 1 0.125 
0.331 -0.169 1 0.125 
0.333 -0.167 1 0.125 
0.335 -0.165 1 0.125 
0.337 -0.163 1 0.125 
0.339 -0.161 1 0.125 
0.341 -0.159 1 0.125 
0.343 -0.157 1 0.125 
0.345 -0.155 1 0.125 
0.347 -0.153 1 0.125 
0.349 -0.151 1 0.125 
0.351 -0.149 1 0.125001 
0.353 -0.147 1 1.45902e+13 
0.355 -0.145 1 -nan 
0.357 -0.143 1 -nan 
0.359 -0.141 1 -nan 
0.361 -0.139 1 -nan 
0.363 -0.137 1 -nan 
0.365 -0.135 1 -nan 
0.367 -0.133 0.999999 -nan 
0.369 -0.131 0.999998 -nan 
0.371 -0.129 0.999994 -nan 
0.373 -0.127 0.999986 -nan 
0.375 -0.125 0.999968 -nan 
0.377 -0.123 0.99993 -nan 
0.379 -0.121 0.999856 -nan 
0.381 -0.119001 0.999717 -nan 
0.383 -0.117001 0.999466 -nan 
0.385 -0.115002 0.999038 -nan 
0.387 -0.113004 0.998336 -nan 
0.389 -0.111008 0.997238 -nan 
0.391 -0.109013 0.995596 -nan 
0.393 -0.107023 0.993242 -nan 
0.395 -0.105037 0.990008 -nan 
0.397 -0.103058 0.985742 -nan 
0.399 -0.101088 0.980325 -nan 
0.401 -0.0991287 0.97369 -nan 
0.403 -0.0971838 0.965824 -nan 
0.405 -0.0952554 0.956772 -nan 
0.407 -0.0933458 0.946624 -nan 
0.409 -0.0914574 0.935508 -nan 
0.411 -0.0895922 0.923565 -nan 
0.413 -0.0877517 0.910947 -nan 
0.415 -0.0859372 0.897793 -nan 
0.417 -0.0841499 0.884232 -nan 
0.419 -0.0823905 0.87037 -nan 
0.421 -0.0806595 0.85629 -nan 
0.423 -0.0789574 0.842045 -nan 
0.425 -0.0772844 0.827723 -nan 
0.427 -0.0756405 0.813425 -nan 
0.429 -0.0740257 0.799209 -nan 
0.431 -0.0724397 0.785105 -nan 
0.433 -0.0708823 0.771134 -nan 
0.435 -0.0693533 0.757309 -nan 
0.437 -0.0678522 0.743642 -nan 
0.439 -0.0663787 0.730143 -nan 
0.441 -0.0649326 0.716823 -nan 
0.443 -0.0635133 0.703689 -nan 
0.445 -0.0621205 0.690748 -nan 
0.447 -0.0607538 0.678007 -nan 
0.449 -0.0594128 0.665472 0.423887 
0.451 -0.0580969 0.653148 0.424271 
0.453 -0.0568059 0.64104 0.424554 
0.455 -0.0555391 0.629152 0.424766 
0.457 -0.0542962 0.617489 0.424926 
0.459 -0.0530767 0.606055 0.42505 
0.461 -0.0518801 0.594854 0.425149 
0.463 -0.0507058 0.583891 0.425229 
0.465 -0.0495534 0.573173 0.425293 
0.467 -0.0484223 0.562706 0.425368 
0.469 -0.0473121 0.552498 0.425456 
0.471 -0.0462222 0.542557 0.42556 
0.473 -0.0451519 0.532895 0.425694 
0.475 -0.0441007 0.523522 0.425894 
0.477 -0.043068 0.514454 0.426181 
0.479 -0.0420531 0.505706 0.426609 
0.481 -0.0410553 0.497295 0.427063 
0.483 -0.0400738 0.489241 0.427548 
0.485 -0.039108 0.481566 0.428168 
0.487 -0.0381569 0.474294 0.428968 
0.489 -0.0372198 0.467451 0.430077 
0.491 -0.0362956 0.461065 0.431552 
0.493 -0.0353833 0.455165 0.433466 
0.495 -0.034482 0.449786 0.435857 
0.497 -0.0335904 -nan 0.438766 
0.499 -0.0327075 -nan 0.442207 
0.501 0.0326733 -nan 0.446184 
0.503 0.0335684 -nan 0.450689 
0.505 0.0344725 -nan 0.455707 
0.507 0.0353869 -nan 0.461222 
0.509 0.0363123 -nan 0.467211 
0.511 0.0372499 -nan 0.473648 
0.513 0.0382006 -nan 0.480501 
0.515 0.0391651 -nan 0.487743 
0.517 0.0401442 -nan 0.495344 
0.519 0.0411387 -nan 0.503283 
0.521 0.0421494 -nan 0.51154 
0.523 0.0431767 -nan 0.520094 
0.525 0.0442214 -nan 0.528928 
0.527 0.0452841 -nan 0.538026 
0.529 0.0463652 -nan 0.547375 
0.531 0.0474653 -nan 0.556962 
0.533 0.0485849 -nan 0.566779 
0.535 0.0497244 -nan 0.576816 
0.537 0.0508844 -nan 0.587064 
0.539 0.0520652 -nan 0.597515 
0.541 0.0532673 -nan 0.608165 
0.543 0.0544911 -nan 0.619008 
0.545 0.055737 -nan 0.630042 
0.547 0.0570054 -nan 0.641262 
0.549 0.0582967 -nan 0.652665 
0.551 0.0596113 -nan 0.664248 
0.553 0.0609495 -nan 0.676008 
0.555 0.0623117 -nan 0.687946 
0.557 0.0636983 -nan 0.700061 
0.559 0.0651096 -nan 0.712352 
0.561 0.0665461 -nan 0.724816 
0.563 0.068008 -nan 0.737451 
0.565 0.0694958 -nan 0.750258 
0.567 0.0710098 -nan 0.763237 
0.569 0.0725503 -nan 0.776386 
0.571 0.0741178 -nan 0.789706 
0.573 0.0757125 -nan 0.803195 
0.575 0.0773349 -nan 0.816847 
0.577 0.0789851 -nan 0.830658 
0.579 0.0806637 -nan 0.844633 
0.581 0.0823709 -nan 0.858769 
0.583 0.0841071 -nan 0.873056 
0.585 0.0858725 -nan 0.887483 
0.587 0.0876674 -nan 0.90205 
0.589 0.0894921 -nan 0.91674 
0.591 0.0913469 -nan 0.931537 
0.593 0.093232 -nan 0.946389 
0.595 0.0951459 -nan 0.960254 
0.597 0.0970853 -nan 0.972314 
0.599 0.0990457 -nan 0.982163 
0.601 0.101022 -nan 0.989564 
0.603 0.10301 -nan 0.99455 
0.605 0.105004 -nan 0.997491 
0.607 0.107001 -nan 0.998988 
0.609 0.109 -nan 0.999641 
0.611 0.111 -nan 0.999888 
0.613 0.113 -nan 0.999969 
0.615 0.115 -nan 0.999992 
0.617 0.117 -nan 0.999998 
0.619 0.119 -nan 1 
0.621 0.121 -nan 1 
0.623 0.123 -nan 1 
0.625 0.125 -nan 1 
0.627 0.127 -nan 1 
0.629 0.129 -nan 1 
0.631 0.131 -nan 1 
0.633 0.133 -nan 1 
0.635 0.135 -nan 1 
0.637 0.137 -nan 1 
0.639 0.139 -nan 1 
0.641 0.141 -nan 1 
0.643 0.143 -nan 1 
0.645 0.145 -nan 1 
0.647 0.147 -nan 1 
0.649 0.149 -nan 1 
0.651 0.151 -nan 1 
0.653 0.153 -nan 1 
0.655 0.155 -nan 1 
0.657 0.157 -nan 1 
0.659 0.159 -nan 1 
0.661 0.161 -nan 1 
0.663 0.163 -nan 1 
0.665 0.165 -nan 1 
0.667 0.167 -nan 1 
0.669 0.169 -nan 1 
0.671 0.171 -nan 1 
0.673 0.173 -nan 1 
0.675 0.175 0.125 1 
0.677 0.177 0.125 1 
0.679 0.179 0.125 1 
0.681 0.181 0.125 1 
0.683 0.183 0.125 1 
0.685 0.185 0.125 1 
0.687 0.187 0.125 1 
0.689 0.189 0.125 1 
0.691 0.191 0.125 1 
0.693 0.193 0.125 1 
0.695 0.195 0.125 1 
0.697 0.197 0.125 1 
0.699 0.199 0.125 1 
0.701 0.201 0.125 1 
0.703 0.203 0.125 1 
0.705 0.205 0.125 1 
0.707 0.207 0.125 1 
0.709 0.209 0.125 1 
0.711 0.211 0.125 1 
0.713 0.213 0.125 1 
0.715 0.215 0.125 1 
0.717 0.217 0.125 1 
0.719 0.219 0.125 1 
0.721 0.221 0.125 1 
0.723 0.223 0.125 1 
0.725 0.225 0.125 1 
0.727 0.227 0.125 1 
0.729 0.229 0.125 1 
0.731 0.231 0.125 1 
0.733 0.233 0.125 1 
0.735 0.235 0.125 1 
0.737 0.237 0.125 1 
0.739 0.239 0.125 1 
0.741 0.241 0.125 1 
0.743 0.243 0.125 1 
0.745 0.245 0.125 1 
0.747 0.247 0.125 1 
0.749 0.249 0.125 1 
0.751 0.251 0.125 1 
0.753 0.253 0.125 1 
0.755 0.255 0.125 1 
0.757 0.257 0.125 1 
0.759 0.259 0.125 1 
0.761 0.261 0.125 1 
0.763 0.263 0.125 1 
0.765 0.265 0.125 1 
0.767 0.267 0.125 1 
0.769 0.269 0.125 1 
0.771 0.271 0.125 1 
0.773 0.273 0.125 1 
0.775 0.275 0.125 1 
0.777 0.277 0.125 1 
0.779 0.279 0.125 1 
0.781 0.281 0.125 1 
0.783 0.283 0.125 1 
0.785 0.285 0.125 1 
0.787 0.287 0.125 1 
0.789 0.289 0.125 1 
0.791 0.291 0.125 1 
0.793 0.293 0.125 1 
0.795 0.295 0.125 1 
0.797 0.297 0.125 1 
0.799 0.299 0.125 1 
0.801 0.301 0.125 1 
0.803 0.303 0.125 1 
0.805 0.305 0.125 1 
0.807 0.307 0.125 1 
0.809 0.309 0.125 1 
0.811 0.311 0.125 1 
0.813 0.313 0.125 1 
0.815 0.315 0.125 1 
0.817 0.317 0.125 1 
0.819 0.319 0.125 1 
0.821 0.321 0.125 1 
0.823 0.323 0.125 1 
0.825 0.325 0.125 1 
0.827 0.327 0.125 1 
0.829 0.329 0.125 1 
0.831 0.331 0.125 1 
0.833 0.333 0.125 1 
0.835 0.335 0.125 1 
0.837 0.337 0.125 1 
0.839 0.339 0.125 1 
0.841 0.341 0.125 1 
0.843 0.343 0.125 1 
0.845 0.345 0.125 1 
0.847 0.347 0.125 1 
0.849 0.349 0.125 1 
0.851 0.351 0.125 1 
0.853 0.353 0.125 1 
0.855 0.355 0.125 1 
0.857 0.357 0.125 1 
0.859 0.359 0.125 1 
0.861 0.361 0.125 1 
0.863 0.363 0.125 1 
0.865 0.365 0.125 1 
0.867 0.367 0.125 1 
0.869 0.369 0.125 1 
0.871 0.371 0.125 1 
0.873 0.373 0.125 1 
0.875 0.375 0.125 1 
0.877 0.377 0.125 1 
0.879 0.379 0.125 1 
0.881 0.381 0.125 1 
0.883 0.383 0.125 1 
0.885 0.385 0.125 1 
0.887 0.387 0.125 1 
0.889 0.389 0.125 1 
0.891 0.391 0.125 1 
0.893 0.393 0.125 1 
0.895 0.395 0.125 1 
0.897 0.397 0.125 1 
0.899 0.399 0.125 1 
0.901 0.401 0.125 1 
0.903 0.403 0.125 1 
0.905 0.405 0.125 1 
0.907 0.407 0.125 1 
0.909 0.409 0.125 1 
0.911 0.411 0.125 1 
0.913 0.413 0.125 1 
0.915 0.415 0.125 1 
0.917 0.417 0.125 1 
0.919 0.419 0.125 1 
0.921 0.421 0.125 1 
0.923 0.423 0.125 1 
0.925 0.425 0.125 1 
0.927 0.427 0.125 1 
0.929 0.429 0.125 1 
0.931 0.431 0.125 1 
0.933 0.433 0.125 1 
0.935 0.435 0.125 1 
0.937 0.437 0.125 1 
0.939 0.439 0.125 1 
0.941 0.441 0.125 1 
0.943 0.443 0.125 1 
0.945 0.445 0.125 1 
0.947 0.447 0.125 1 
0.949 0.449 0.125 1 
0.951 0.451 0.125 1 
0.953 0.453 0.125 1 
0.955 0.455 0.125 1 
0.957 0.457 0.125 1 
0.959 0.459 0.125 1 
0.961 0.461 0.125 1 
0.963 0.463 0.125 1 
0.965 0.465 0.125 1 
0.967 0.467 0.125 1 
0.969 0.469 0.125 1 
0.971 0.471 0.125 1 
0.973 0.473 0.125 1 
0.975 0.475 0.125 1 
0.977 0.477 0.125 1 
0.979 0.479 0.125 1 
0.981 0.481 0.125 1 
0.983 0.483 0.125 1 
0.985 0.485 0.125 1 
0.987 0.487 0.125 1 
0.989 0.489 0.125 1 
0.991 0.491 0.125 1 
0.993 0.493 0.125 1 
0.995 0.495 0.125 1 
0.997 0.497 0.125 1 
0.999 0.499 0.125 1 
