0.001 -0.499 1 0.125 
0.003 -0.497 1 0.125 
0.005 -0.495 1 0.125 
0.007 -0.493 1 0.125 
0.009 -0.491 1 0.125 
0.011 -0.489 1 0.125 
0.013 -0.487 1 0.125 
0.015 -0.485 1 0.125 
0.017 -0.483 1 0.125 
0.019 -0.481 1 0.125 
0.021 -0.479 1 0.125 
0.023 -0.477 1 0.125 
0.025 -0.475 1 0.125 
0.027 -0.473 1 0.125 
0.029 -0.471 1 0.125 
0.031 -0.469 1 0.125 
0.033 -0.467 1 0.125 
0.035 -0.465 1 0.125 
0.037 -0.463 1 0.125 
0.039 -0.461 1 0.125 
0.041 -0.459 1 0.125 
0.043 -0.457 1 0.125 
0.045 -0.455 1 0.125 
0.047 -0.453 1 0.125 
0.049 -0.451 1 0.125 
0.051 -0.449 1 0.125 
0.053 -0.447 1 0.125 
0.055 -0.445 1 0.125 
0.057 -0.443 1 0.125 
0.059 -0.441 1 0.125 
0.061 -0.439 1 0.125 
0.063 -0.437 1 0.125 
0.065 -0.435 1 0.125 
0.067 -0.433 1 0.125 
0.069 -0.431 1 0.125 
0.071 -0.429 1 0.125 
0.073 -0.427 1 0.125 
0.075 -0.425 1 0.125 
0.077 -0.423 1 0.125 
0.079 -0.421 1 0.125 
0.081 -0.419 1 0.125 
0.083 -0.417 1 0.125 
0.085 -0.415 1 0.125 
0.087 -0.413 1 0.125 
0.089 -0.411 1 0.125 
0.091 -0.409 1 0.125 
0.093 -0.407 1 0.125 
0.095 -0.405 1 0.125 
0.097 -0.403 1 0.125 
0.099 -0.401 1 0.125 
0.101 -0.399 1 0.125 
0.103 -0.397 1 0.125 
0.105 -0.395 1 0.125 
0.107 -0.393 1 0.125 
0.109 -0.391 1 0.125 
0.111 -0.389 1 0.125 
0.113 -0.387 1 0.125 
0.115 -0.385 1 0.125 
0.117 -0.383 1 0.125 
0.119 -0.381 1 0.125 
0.121 -0.379 1 0.125 
0.123 -0.377 1 0.125 
0.125 -0.375 1 0.125 
0.127 -0.373 1 0.125 
0.129 -0.371 1 0.125 
0.131 -0.369 1 0.125 
0.133 -0.367 1 0.125 
0.135 -0.365 1 0.125 
0.137 -0.363 1 0.125 
0.139 -0.361 1 0.125 
0.141 -0.359 1 0.125 
0.143 -0.357 1 0.125 
0.145 -0.355 1 0.125 
0.147 -0.353 1 0.125 
0.149 -0.351 1 0.125 
0.151 -0.349 1 0.125 
0.153 -0.347 1 0.125 
0.155 -0.345 1 0.125 
0.157 -0.343 1 0.125 
0.159 -0.341 1 0.125 
0.161 -0.339 1 0.125 
0.163 -0.337 1 0.125 
0.165 -0.335 1 0.125 
0.167 -0.333 1 0.125 
0.169 -0.331 1 0.125 
0.171 -0.329 1 0.125 
0.173 -0.327 1 0.125 
0.175 -0.325 1 0.125 
0.177 -0.323 1 0.125 
0.179 -0.321 1 0.125 
0.181 -0.319 1 0.125 
0.183 -0.317 1 0.125 
0.185 -0.315 1 0.125 
0.187 -0.313 1 0.125 
0.189 -0.311 1 0.125 
0.191 -0.309 1 0.125 
0.193 -0.307 1 0.125 
0.195 -0.305 1 0.125 
0.197 -0.303 1 0.125 
0.199 -0.301 1 0.125 
0.201 -0.299 1 0.125 
0.203 -0.297 1 0.125 
0.205 -0.295 1 0.125 
0.207 -0.293 1 0.125 
0.209 -0.291 1 0.125 
0.211 -0.289 1 0.125 
0.213 -0.287 1 0.125 
0.215 -0.285 1 0.125 
0.217 -0.283 1 0.125 
0.219 -0.281 1 0.125 
0.221 -0.279 1 0.125 
0.223 -0.277 1 0.125 
0.225 -0.275 1 0.125 
0.227 -0.273 1 0.125 
0.229 -0.271 1 0.125 
0.231 -0.269 1 0.125 
0.233 -0.267 1 0.125 
0.235 -0.265 1 0.125 
0.237 -0.263 1 0.125 
0.239 -0.261 1 0.125 
0.241 -0.259 1 0.125 
0.243 -0.257 1 0.125 
0.245 -0.255 1 0.125 
0.247 -0.253 1 0.125 
0.249 -0.251 1 0.125 
0.251 -0.249 1 0.125 
0.253 -0.247 1 0.125 
0.255 -0.245 1 0.125 
0.257 -0.243 1 0.125 
0.259 -0.241 1 0.125 
0.261 -0.239 1 0.125 
0.263 -0.237 1 0.125 
0.265 -0.235 1 0.125 
0.267 -0.233 1 0.125 
0.269 -0.231 1 0.125 
0.271 -0.229 1 0.125 
0.273 -0.227 1 0.125 
0.275 -0.225 1 0.125 
0.277 -0.223 1 0.125 
0.279 -0.221 1 0.125 
0.281 -0.219 1 0.125 
0.283 -0.217 1 0.125 
0.285 -0.215 1 0.125 
0.287 -0.213 1 0.125 
0.289 -0.211 1 0.125 
0.291 -0.209 1 0.125 
0.293 -0.207 1 0.125 
0.295 -0.205 1 0.125 
0.297 -0.203 1 0.125 
0.299 -0.201 1 0.125 
0.301 -0.199 1 0.125 
0.303 -0.197 1 0.125 
0.305 -0.195 1 0.125 
0.307 -0.193 1 0.125 
0.309 -0.191 1 0.125 
0.311 -0.189 1 0.125 
0.313 -0.187 1 0.125 
0.315 -0.185 1 0.125 
0.317 -0.183 1 0.125 
0.319 -0.181 1 0.125 
0.321 -0.179 1 0.125 
0.323 -0.177 1 0.125 
0.325 -0.175 1 0.125 
0.327 -0.173 1 0.125 
0.329 -0.171 1 0.125 
0.331 -0.169 1 0.125 
0.333 -0.167 1 0.125 
0.335 -0.165 1 0.125 
0.337 -0.163 1 0.125 
0.339 -0.161 1 0.125 
0.341 -0.159 1 0.125 
0.343 -0.157 1 0.125 
0.345 -0.155 1 0.125 
0.347 -0.153 1 0.125 
0.349 -0.151 1 0.125001 
0.351 -0.149 1 -nan 
0.353 -0.147 1 -nan 
0.355 -0.145 1 -nan 
0.357 -0.143 1 -nan 
0.359 -0.141 1 -nan 
0.361 -0.139 1 -nan 
0.363 -0.137 1 -nan 
0.365 -0.135 0.999999 -nan 
0.367 -0.133 0.999998 -nan 
0.369 -0.131 0.999995 -nan 
0.371 -0.129 0.999989 -nan 
0.373 -0.127 0.999975 -nan 
0.375 -0.125 0.999946 -nan 
0.377 -0.123 0.999888 -nan 
0.379 -0.121 0.999776 -nan 
0.381 -0.119001 0.999574 -nan 
0.383 -0.117002 0.999223 -nan 
0.385 -0.115003 0.99864 -nan 
0.387 -0.113006 0.997715 -nan 
0.389 -0.111011 0.996311 -nan 
0.391 -0.109019 0.99427 -nan 
0.393 -0.107031 0.991426 -nan 
0.395 -0.105049 0.987622 -nan 
0.397 -0.103074 0.982726 -nan 
0.399 -0.101111 0.976651 -nan 
0.401 -0.0991595 0.969362 -nan 
0.403 -0.0972236 0.960883 -nan 
0.405 -0.0953055 0.951283 -nan 
0.407 -0.0934074 0.940676 -nan 
0.409 -0.0915313 0.929196 -nan 
0.411 -0.0896791 0.916988 -nan 
0.413 -0.0878522 0.904195 -nan 
0.415 -0.0860516 0.890949 -nan 
0.417 -0.0842783 0.877364 -nan 
0.419 -0.0825329 0.863531 -nan 
0.421 -0.0808158 0.849518 -nan 
0.423 -0.0791274 0.835378 -nan 
0.425 -0.0774678 0.82122 -nan 
0.427 -0.0758371 0.807121 -nan 
0.429 -0.0742349 0.793119 -nan 
0.431 -0.0726611 0.779237 -nan 
0.433 -0.0711155 0.765491 -nan 
0.435 -0.0695977 0.751893 -nan 
0.437 -0.0681074 0.738455 -nan 
0.439 -0.0666443 0.725184 -nan 
0.441 -0.0652079 0.712091 -nan 
0.443 -0.063798 0.699183 -nan 
0.445 -0.0624142 0.686465 -nan 
0.447 -0.0610559 0.673945 -nan 
0.449 -0.0597229 0.661626 -nan 
0.451 -0.0584146 0.649515 -nan 
0.453 -0.0571307 0.637616 0.424662 
0.455 -0.0558706 0.625932 0.424846 
0.457 -0.054634 0.614468 0.424989 
0.459 -0.0534203 0.603228 0.425101 
0.461 -0.0522291 0.592216 0.425191 
0.463 -0.05106 0.581438 0.425266 
0.465 -0.0499123 0.570898 0.425325 
0.467 -0.0487856 0.560605 0.425397 
0.469 -0.0476794 0.550564 0.425483 
0.471 -0.0465931 0.540786 0.425587 
0.473 -0.0455262 0.531281 0.425722 
0.475 -0.044478 0.522059 0.425916 
0.477 -0.043448 0.513136 0.426239 
0.479 -0.0424356 0.504526 0.426598 
0.481 -0.0414399 0.496247 0.427068 
0.483 -0.0404604 0.488318 0.427589 
0.485 -0.0394963 0.480761 0.428155 
0.487 -0.0385466 0.473599 0.42897 
0.489 -0.0376107 0.466859 0.430054 
0.491 -0.0366875 0.460567 0.431514 
0.493 -0.0357761 -nan 0.4334 
0.495 -0.0348755 -nan 0.435761 
0.497 -nan -nan 0.438627 
0.499 -nan -nan 0.44202 
0.501 0.0330676 -nan 0.44594 
0.503 0.0339621 -nan 0.45038 
0.505 0.0348656 -nan 0.455326 
0.507 0.0357791 -nan 0.46076 
0.509 0.0367036 -nan 0.46666 
0.511 0.03764 -nan 0.473 
0.513 0.0385893 -nan 0.479751 
0.515 0.0395522 -nan 0.486885 
0.517 0.0405296 -nan 0.494373 
0.519 0.0415221 -nan 0.502192 
0.521 0.0425304 -nan 0.510323 
0.523 0.0435553 -nan 0.518747 
0.525 0.0445972 -nan 0.527446 
0.527 0.0456567 -nan 0.536405 
0.529 0.0467345 -nan 0.54561 
0.531 0.0478309 -nan 0.55505 
0.533 0.0489465 -nan 0.564714 
0.535 0.0500818 -nan 0.574595 
0.537 0.0512372 -nan 0.584683 
0.539 0.0524131 -nan 0.594972 
0.541 0.0536099 -nan 0.605454 
0.543 0.0548281 -nan 0.616127 
0.545 0.056068 -nan 0.626986 
0.547 0.0573301 -nan 0.638027 
0.549 0.0586147 -nan 0.649249 
0.551 0.0599222 -nan 0.660647 
0.553 0.0612529 -nan 0.672219 
0.555 0.0626072 -nan 0.683964 
0.557 0.0639856 -nan 0.695881 
0.559 0.0653882 -nan 0.707971 
0.561 0.0668156 -nan 0.720233 
0.563 0.068268 -nan 0.732661 
0.565 0.0697459 -nan 0.745257 
0.567 0.0712495 -nan 0.75802 
0.569 0.0727791 -nan 0.770952 
0.571 0.0743353 -nan 0.784049 
0.573 0.0759183 -nan 0.797313 
0.575 0.0775284 -nan 0.810741 
0.577 0.079166 -nan 0.824326 
0.579 0.0808314 -nan 0.838066 
0.581 0.0825249 -nan 0.851965 
0.583 0.0842469 -nan 0.866021 
0.585 0.0859977 -nan 0.880219 
0.587 0.0877775 -nan 0.89455 
0.589 0.0895867 -nan 0.909014 
0.591 0.0914255 -nan 0.923594 
0.593 0.093294 -nan 0.938291 
0.595 0.0951923 -nan 0.95271 
0.597 0.0971178 -nan 0.965734 
0.599 0.0990667 -nan 0.976793 
0.601 0.101034 -nan 0.98556 
0.603 0.103016 -nan 0.991893 
0.605 0.105007 -nan 0.995957 
0.607 0.107002 -nan 0.998226 
0.609 0.109001 -nan 0.999317 
0.611 0.111 -nan 0.999769 
0.613 0.113 -nan 0.99993 
0.615 0.115 -nan 0.999981 
0.617 0.117 -nan 0.999995 
0.619 0.119 -nan 0.999999 
0.621 0.121 -nan 1 
0.623 0.123 -nan 1 
0.625 0.125 -nan 1 
0.627 0.127 -nan 1 
0.629 0.129 -nan 1 
0.631 0.131 -nan 1 
0.633 0.133 -nan 1 
0.635 0.135 -nan 1 
0.637 0.137 -nan 1 
0.639 0.139 -nan 1 
0.641 0.141 -nan 1 
0.643 0.143 -nan 1 
0.645 0.145 -nan 1 
0.647 0.147 -nan 1 
0.649 0.149 -nan 1 
0.651 0.151 -nan 1 
0.653 0.153 -nan 1 
0.655 0.155 -nan 1 
0.657 0.157 -nan 1 
0.659 0.159 -nan 1 
0.661 0.161 -nan 1 
0.663 0.163 -nan 1 
0.665 0.165 -nan 1 
0.667 0.167 -nan 1 
0.669 0.169 -nan 1 
0.671 0.171 -nan 1 
0.673 0.173 -nan 1 
0.675 0.175 -nan 1 
0.677 0.177 -nan 1 
0.679 0.179 0.125 1 
0.681 0.181 0.125 1 
0.683 0.183 0.125 1 
0.685 0.185 0.125 1 
0.687 0.187 0.125 1 
0.689 0.189 0.125 1 
0.691 0.191 0.125 1 
0.693 0.193 0.125 1 
0.695 0.195 0.125 1 
0.697 0.197 0.125 1 
0.699 0.199 0.125 1 
0.701 0.201 0.125 1 
0.703 0.203 0.125 1 
0.705 0.205 0.125 1 
0.707 0.207 0.125 1 
0.709 0.209 0.125 1 
0.711 0.211 0.125 1 
0.713 0.213 0.125 1 
0.715 0.215 0.125 1 
0.717 0.217 0.125 1 
0.719 0.219 0.125 1 
0.721 0.221 0.125 1 
0.723 0.223 0.125 1 
0.725 0.225 0.125 1 
0.727 0.227 0.125 1 
0.729 0.229 0.125 1 
0.731 0.231 0.125 1 
0.733 0.233 0.125 1 
0.735 0.235 0.125 1 
0.737 0.237 0.125 1 
0.739 0.239 0.125 1 
0.741 0.241 0.125 1 
0.743 0.243 0.125 1 
0.745 0.245 0.125 1 
0.747 0.247 0.125 1 
0.749 0.249 0.125 1 
0.751 0.251 0.125 1 
0.753 0.253 0.125 1 
0.755 0.255 0.125 1 
0.757 0.257 0.125 1 
0.759 0.259 0.125 1 
0.761 0.261 0.125 1 
0.763 0.263 0.125 1 
0.765 0.265 0.125 1 
0.767 0.267 0.125 1 
0.769 0.269 0.125 1 
0.771 0.271 0.125 1 
0.773 0.273 0.125 1 
0.775 0.275 0.125 1 
0.777 0.277 0.125 1 
0.779 0.279 0.125 1 
0.781 0.281 0.125 1 
0.783 0.283 0.125 1 
0.785 0.285 0.125 1 
0.787 0.287 0.125 1 
0.789 0.289 0.125 1 
0.791 0.291 0.125 1 
0.793 0.293 0.125 1 
0.795 0.295 0.125 1 
0.797 0.297 0.125 1 
0.799 0.299 0.125 1 
0.801 0.301 0.125 1 
0.803 0.303 0.125 1 
0.805 0.305 0.125 1 
0.807 0.307 0.125 1 
0.809 0.309 0.125 1 
0.811 0.311 0.125 1 
0.813 0.313 0.125 1 
0.815 0.315 0.125 1 
0.817 0.317 0.125 1 
0.819 0.319 0.125 1 
0.821 0.321 0.125 1 
0.823 0.323 0.125 1 
0.825 0.325 0.125 1 
0.827 0.327 0.125 1 
0.829 0.329 0.125 1 
0.831 0.331 0.125 1 
0.833 0.333 0.125 1 
0.835 0.335 0.125 1 
0.837 0.337 0.125 1 
0.839 0.339 0.125 1 
0.841 0.341 0.125 1 
0.843 0.343 0.125 1 
0.845 0.345 0.125 1 
0.847 0.347 0.125 1 
0.849 0.349 0.125 1 
0.851 0.351 0.125 1 
0.853 0.353 0.125 1 
0.855 0.355 0.125 1 
0.857 0.357 0.125 1 
0.859 0.359 0.125 1 
0.861 0.361 0.125 1 
0.863 0.363 0.125 1 
0.865 0.365 0.125 1 
0.867 0.367 0.125 1 
0.869 0.369 0.125 1 
0.871 0.371 0.125 1 
0.873 0.373 0.125 1 
0.875 0.375 0.125 1 
0.877 0.377 0.125 1 
0.879 0.379 0.125 1 
0.881 0.381 0.125 1 
0.883 0.383 0.125 1 
0.885 0.385 0.125 1 
0.887 0.387 0.125 1 
0.889 0.389 0.125 1 
0.891 0.391 0.125 1 
0.893 0.393 0.125 1 
0.895 0.395 0.125 1 
0.897 0.397 0.125 1 
0.899 0.399 0.125 1 
0.901 0.401 0.125 1 
0.903 0.403 0.125 1 
0.905 0.405 0.125 1 
0.907 0.407 0.125 1 
0.909 0.409 0.125 1 
0.911 0.411 0.125 1 
0.913 0.413 0.125 1 
0.915 0.415 0.125 1 
0.917 0.417 0.125 1 
0.919 0.419 0.125 1 
0.921 0.421 0.125 1 
0.923 0.423 0.125 1 
0.925 0.425 0.125 1 
0.927 0.427 0.125 1 
0.929 0.429 0.125 1 
0.931 0.431 0.125 1 
0.933 0.433 0.125 1 
0.935 0.435 0.125 1 
0.937 0.437 0.125 1 
0.939 0.439 0.125 1 
0.941 0.441 0.125 1 
0.943 0.443 0.125 1 
0.945 0.445 0.125 1 
0.947 0.447 0.125 1 
0.949 0.449 0.125 1 
0.951 0.451 0.125 1 
0.953 0.453 0.125 1 
0.955 0.455 0.125 1 
0.957 0.457 0.125 1 
0.959 0.459 0.125 1 
0.961 0.461 0.125 1 
0.963 0.463 0.125 1 
0.965 0.465 0.125 1 
0.967 0.467 0.125 1 
0.969 0.469 0.125 1 
0.971 0.471 0.125 1 
0.973 0.473 0.125 1 
0.975 0.475 0.125 1 
0.977 0.477 0.125 1 
0.979 0.479 0.125 1 
0.981 0.481 0.125 1 
0.983 0.483 0.125 1 
0.985 0.485 0.125 1 
0.987 0.487 0.125 1 
0.989 0.489 0.125 1 
0.991 0.491 0.125 1 
0.993 0.493 0.125 1 
0.995 0.495 0.125 1 
0.997 0.497 0.125 1 
0.999 0.499 0.125 1 
