0.005 19.5975
0.015 19.5975
0.025 19.5975
0.035 19.5975
0.045 19.5975
0.055 19.5975
0.065 19.5975
0.075 19.5975
0.085 19.5975
0.095 19.5975
0.105 19.5975
0.115 19.5975
0.125 19.5975
0.135 19.5975
0.145 19.5975
0.155 19.5975
0.165 19.5975
0.175 19.5975
0.185 19.5975
0.195 19.5975
0.205 19.5975
0.215 19.5975
0.225 19.5975
0.235 19.5975
0.245 19.5975
0.255 19.5975
0.265 19.5975
0.275 19.5975
0.285 19.5975
0.295 19.5975
0.305 19.5975
0.315 19.5975
0.325 19.5975
0.335 19.5975
0.345 19.5975
0.355 19.5975
0.365 19.5975
0.375 19.5975
0.385 19.5975
0.395 19.5975
0.405 19.5975
0.415 19.5975
0.425 19.5975
0.435 19.5975
0.445 19.5975
0.455 19.5975
0.465 19.5975
0.475 19.5975
0.485 19.5975
0.495 19.5975
0.505 19.5975
0.515 19.5975
0.525 19.5975
0.535 19.5975
0.545 19.5975
0.555 19.5975
0.565 19.5975
0.575 19.5975
0.585 19.5975
0.595 19.5975
0.605 19.5975
0.615 19.5975
0.625 19.5975
0.635 19.5975
0.645 19.5975
0.655 19.5975
0.665 19.5975
0.675 19.5975
0.685 19.5975
0.695 19.5975
0.705 19.5975
0.715 19.5975
0.725 19.5975
0.735 19.5975
0.745 19.5975
0.755 19.5975
0.765 19.5975
0.775 19.5975
0.785 19.5975
0.795 19.5975
0.805 19.5975
0.815 19.5975
0.825 19.5975
0.835 19.5975
0.845 19.5975
0.855 19.5975
0.865 19.5975
0.875 19.5975
0.885 19.5975
0.895 19.5975
0.905 19.5975
0.915 19.5975
0.925 19.5975
0.935 19.5975
0.945 19.5975
0.955 19.5975
0.965 19.5975
0.975 19.5975
0.985 19.5975
0.995 19.5975
