x alpha rho1 rho2 v p
0.0025 0.999999 1.3765 1.38e-07 0.3948 1.57
0.0075 0.999999 1.3765 1.38e-07 0.3948 1.57
0.0125 0.999999 1.3765 1.38e-07 0.3948 1.57
0.0175 0.999999 1.3765 1.38e-07 0.3948 1.57
0.0225 0.999999 1.3765 1.38e-07 0.3948 1.57
0.0275 0.999999 1.3765 1.38e-07 0.3948 1.57
0.0325 0.999999 1.3765 1.38e-07 0.3948 1.57
0.0375 0.999999 1.3765 1.38e-07 0.3948 1.57
0.0425 0.999999 1.3765 1.38e-07 0.3948 1.57
0.0475 0.999999 1.3765 1.38e-07 0.3948 1.57
0.0525 0.999999 1.3765 1.38e-07 0.3948 1.57
0.0575 0.999999 1.3765 1.38e-07 0.3948 1.57
0.0625 0.999999 1.3765 1.38e-07 0.3948 1.57
0.0675 0.999999 1.3765 1.38e-07 0.3948 1.57
0.0725 0.999999 1.3765 1.38e-07 0.3948 1.57
0.0775 0.999999 1.3765 1.38e-07 0.3948 1.57
0.0825 0.999999 1.3765 1.38e-07 0.3948 1.57
0.0875 0.999999 1.3765 1.38e-07 0.3948 1.57
0.0925 0.999999 1.3765 1.38e-07 0.3948 1.57
0.0975 0.999999 1.3765 1.38e-07 0.3948 1.57
0.1025 0.999999 1.3765 1.38e-07 0.3948 1.57
0.1075 0.999999 1.3765 1.38e-07 0.3948 1.57
0.1125 0.999999 1.3765 1.38e-07 0.3948 1.57
0.1175 0.999999 1.3765 1.38e-07 0.3948 1.57
0.1225 0.999999 1.3765 1.38e-07 0.3948 1.57
0.1275 0.999999 1.3765 1.38e-07 0.3948 1.57
0.1325 0.999999 1.3765 1.38e-07 0.3948 1.57
0.1375 0.999999 1.3765 1.38e-07 0.3948 1.57
0.1425 0.999999 1.3765 1.38e-07 0.3948 1.57
0.1475 0.999999 1.3765 1.38e-07 0.3948 1.57
0.1525 0.999999 1.3765 1.38e-07 0.3948 1.57
0.1575 0.999999 1.3765 1.38e-07 0.3948 1.57
0.1625 0.999999 1.3765 1.38e-07 0.3948 1.57
0.1675 0.999999 1.3765 1.38e-07 0.3948 1.57
0.1725 0.999999 1.3765 1.38e-07 0.3948 1.57
0.1775 0.999999 1.3765 1.38e-07 0.3948 1.57
0.1825 0.999999 1.3765 1.38e-07 0.3948 1.57
0.1875 0.999999 1.3765 1.38e-07 0.3948 1.57
0.1925 0.999999 1.3765 1.38e-07 0.3948 1.57
0.1975 0.999999 1.3765 1.38e-07 0.3948 1.57
0.2025 0.999999 1.3765 1.38e-07 0.3948 1.57
0.2075 0.999999 1.3765 1.38e-07 0.3948 1.57
0.2125 0.999997 1.3765 1.38e-07 0.394798 1.57001
0.2175 0.999983 1.37652 1.38002e-07 0.394783 1.57004
0.2225 0.999931 1.37659 1.38009e-07 0.394715 1.57018
0.2275 0.99981 1.37678 1.38029e-07 0.394515 1.57058
0.2325 0.999722 1.37711 1.38062e-07 0.394185 1.57116
0.2375 1.00001 1.37723 1.38073e-07 0.394082 1.57116
0.2425 1.00077 1.37656 1.38006e-07 0.394812 1.56961
0.2475 1.00137 1.37529 1.37878e-07 0.396219 1.56723
0.2525 0.993174 1.35403 1.5679e-07 0.390439 1.55471
0.2575 0.996923 1.31538 1.721e-07 0.35532 1.49501
0.2625 1.00241 1.23321 1.68752e-07 0.269123 1.35607
0.2675 1.00325 1.12479 1.5514e-07 0.149078 1.18364
0.2725 1.00131 1.04535 1.44257e-07 0.0548339 1.06465
0.2775 1.00019 1.01128 1.39557e-07 0.0135095 1.01585
0.2825 1.00001 1.00198 1.38274e-07 0.00235414 1.00278
0.2875 0.999999 1.00025 1.38034e-07 0.000291777 1.00034
0.2925 0.999999 1.00002 1.38003e-07 2.44937e-05 1.00003
0.2975 0.999999 1 1.38e-07 1.24687e-06 1
0.3025 0.999999 0.999999 1.38e-07 2.90318e-08 1
0.3075 0.999999 0.999999 1.38e-07 0 1
0.3125 0.999999 0.999999 1.38e-07 0 1
0.3175 0.999999 0.999999 1.38e-07 0 1
0.3225 0.999999 0.999999 1.38e-07 0 1
0.3275 0.999999 0.999999 1.38e-07 0 1
0.3325 0.999999 0.999999 1.38e-07 0 1
0.3375 0.999999 0.999999 1.38e-07 0 1
0.3425 0.999999 0.999999 1.38e-07 0 1
0.3475 0.999999 0.999999 1.38e-07 0 1
0.3525 0.999999 0.999999 1.38e-07 0 1
0.3575 0.999999 0.999999 1.38e-07 0 1
0.3625 0.999999 0.999999 1.38e-07 0 1
0.3675 0.999999 0.999999 1.38e-07 0 1
0.3725 0.999999 0.999999 1.38e-07 0 1
0.3775 0.999999 0.999999 1.38e-07 0 1
0.3825 0.999999 0.999999 1.38e-07 0 1
0.3875 0.999999 0.999999 1.38e-07 0 1
0.3925 0.999999 0.999999 1.38e-07 0 1
0.3975 0.999999 0.999999 1.38e-07 0 1
0.4025 1e-06 1e-06 0.138 0 1
0.4075 1e-06 1e-06 0.138 0 1
0.4125 1e-06 1e-06 0.138 0 1
0.4175 1e-06 1e-06 0.138 0 1
0.4225 1e-06 1e-06 0.138 0 1
0.4275 1e-06 1e-06 0.138 0 1
0.4325 1e-06 1e-06 0.138 0 1
0.4375 1e-06 1e-06 0.138 0 1
0.4425 1e-06 1e-06 0.138 0 1
0.4475 1e-06 1e-06 0.138 0 1
0.4525 1e-06 1e-06 0.138 0 1
0.4575 1e-06 1e-06 0.138 0 1
0.4625 1e-06 1e-06 0.138 0 1
0.4675 1e-06 1e-06 0.138 0 1
0.4725 1e-06 1e-06 0.138 0 1
0.4775 1e-06 1e-06 0.138 0 1
0.4825 1e-06 1e-06 0.138 0 1
0.4875 1e-06 1e-06 0.138 0 1
0.4925 1e-06 1e-06 0.138 0 1
0.4975 1e-06 1e-06 0.138 0 1
0.5025 1e-06 1e-06 0.138 0 1
0.5075 1e-06 1e-06 0.138 0 1
0.5125 1e-06 1e-06 0.138 0 1
0.5175 1e-06 1e-06 0.138 0 1
0.5225 1e-06 1e-06 0.138 0 1
0.5275 1e-06 1e-06 0.138 0 1
0.5325 1e-06 1e-06 0.138 0 1
0.5375 1e-06 1e-06 0.138 0 1
0.5425 1e-06 1e-06 0.138 0 1
0.5475 1e-06 1e-06 0.138 0 1
0.5525 1e-06 1e-06 0.138 0 1
0.5575 1e-06 1e-06 0.138 0 1
0.5625 1e-06 1e-06 0.138 0 1
0.5675 1e-06 1e-06 0.138 0 1
0.5725 1e-06 1e-06 0.138 0 1
0.5775 1e-06 1e-06 0.138 0 1
0.5825 1e-06 1e-06 0.138 0 1
0.5875 1e-06 1e-06 0.138 0 1
0.5925 1e-06 1e-06 0.138 0 1
0.5975 1e-06 1e-06 0.138 0 1
0.6025 0.999999 0.999999 1.38e-07 0 1
0.6075 0.999999 0.999999 1.38e-07 0 1
0.6125 0.999999 0.999999 1.38e-07 0 1
0.6175 0.999999 0.999999 1.38e-07 0 1
0.6225 0.999999 0.999999 1.38e-07 0 1
0.6275 0.999999 0.999999 1.38e-07 0 1
0.6325 0.999999 0.999999 1.38e-07 0 1
0.6375 0.999999 0.999999 1.38e-07 0 1
0.6425 0.999999 0.999999 1.38e-07 0 1
0.6475 0.999999 0.999999 1.38e-07 0 1
0.6525 0.999999 0.999999 1.38e-07 0 1
0.6575 0.999999 0.999999 1.38e-07 0 1
0.6625 0.999999 0.999999 1.38e-07 0 1
0.6675 0.999999 0.999999 1.38e-07 0 1
0.6725 0.999999 0.999999 1.38e-07 0 1
0.6775 0.999999 0.999999 1.38e-07 0 1
0.6825 0.999999 0.999999 1.38e-07 0 1
0.6875 0.999999 0.999999 1.38e-07 0 1
0.6925 0.999999 0.999999 1.38e-07 0 1
0.6975 0.999999 0.999999 1.38e-07 0 1
0.7025 0.999999 0.999999 1.38e-07 0 1
0.7075 0.999999 0.999999 1.38e-07 0 1
0.7125 0.999999 0.999999 1.38e-07 0 1
0.7175 0.999999 0.999999 1.38e-07 0 1
0.7225 0.999999 0.999999 1.38e-07 0 1
0.7275 0.999999 0.999999 1.38e-07 0 1
0.7325 0.999999 0.999999 1.38e-07 0 1
0.7375 0.999999 0.999999 1.38e-07 0 1
0.7425 0.999999 0.999999 1.38e-07 0 1
0.7475 0.999999 0.999999 1.38e-07 0 1
0.7525 0.999999 0.999999 1.38e-07 0 1
0.7575 0.999999 0.999999 1.38e-07 0 1
0.7625 0.999999 0.999999 1.38e-07 0 1
0.7675 0.999999 0.999999 1.38e-07 0 1
0.7725 0.999999 0.999999 1.38e-07 0 1
0.7775 0.999999 0.999999 1.38e-07 0 1
0.7825 0.999999 0.999999 1.38e-07 0 1
0.7875 0.999999 0.999999 1.38e-07 0 1
0.7925 0.999999 0.999999 1.38e-07 0 1
0.7975 0.999999 0.999999 1.38e-07 0 1
0.8025 0.999999 0.999999 1.38e-07 0 1
0.8075 0.999999 0.999999 1.38e-07 0 1
0.8125 0.999999 0.999999 1.38e-07 0 1
0.8175 0.999999 0.999999 1.38e-07 0 1
0.8225 0.999999 0.999999 1.38e-07 0 1
0.8275 0.999999 0.999999 1.38e-07 0 1
0.8325 0.999999 0.999999 1.38e-07 0 1
0.8375 0.999999 0.999999 1.38e-07 0 1
0.8425 0.999999 0.999999 1.38e-07 0 1
0.8475 0.999999 0.999999 1.38e-07 0 1
0.8525 0.999999 0.999999 1.38e-07 0 1
0.8575 0.999999 0.999999 1.38e-07 0 1
0.8625 0.999999 0.999999 1.38e-07 0 1
0.8675 0.999999 0.999999 1.38e-07 0 1
0.8725 0.999999 0.999999 1.38e-07 0 1
0.8775 0.999999 0.999999 1.38e-07 0 1
0.8825 0.999999 0.999999 1.38e-07 0 1
0.8875 0.999999 0.999999 1.38e-07 0 1
0.8925 0.999999 0.999999 1.38e-07 0 1
0.8975 0.999999 0.999999 1.38e-07 0 1
0.9025 0.999999 0.999999 1.38e-07 0 1
0.9075 0.999999 0.999999 1.38e-07 0 1
0.9125 0.999999 0.999999 1.38e-07 0 1
0.9175 0.999999 0.999999 1.38e-07 0 1
0.9225 0.999999 0.999999 1.38e-07 0 1
0.9275 0.999999 0.999999 1.38e-07 0 1
0.9325 0.999999 0.999999 1.38e-07 0 1
0.9375 0.999999 0.999999 1.38e-07 0 1
0.9425 0.999999 0.999999 1.38e-07 0 1
0.9475 0.999999 0.999999 1.38e-07 0 1
0.9525 0.999999 0.999999 1.38e-07 0 1
0.9575 0.999999 0.999999 1.38e-07 0 1
0.9625 0.999999 0.999999 1.38e-07 0 1
0.9675 0.999999 0.999999 1.38e-07 0 1
0.9725 0.999999 0.999999 1.38e-07 0 1
0.9775 0.999999 0.999999 1.38e-07 0 1
0.9825 0.999999 0.999999 1.38e-07 0 1
0.9875 0.999999 0.999999 1.38e-07 0 1
0.9925 0.999999 0.999999 1.38e-07 0 1
0.9975 0.999999 0.999999 1.38e-07 0 1
