x alpha rho1 rho2 v p
0.0025 0.999 0.999 0.000125 0 1
0.0075 0.999 0.999 0.000125 0 1
0.0125 0.999 0.999 0.000125 0 1
0.0175 0.999 0.999 0.000125 0 1
0.0225 0.999 0.999 0.000125 0 1
0.0275 0.999 0.999 0.000125 0 1
0.0325 0.999 0.999 0.000125 0 1
0.0375 0.999 0.999 0.000125 0 1
0.0425 0.999 0.999 0.000125 0 1
0.0475 0.999 0.999 0.000125 0 1
0.0525 0.999 0.999 0.000125 0 1
0.0575 0.999 0.999 0.000125 0 1
0.0625 0.999 0.999 0.000125 0 1
0.0675 0.999 0.999 0.000125 0 1
0.0725 0.999 0.999 0.000125 0 1
0.0775 0.999 0.999 0.000125 0 1
0.0825 0.999 0.999 0.000125 0 1
0.0875 0.999 0.999 0.000125 0 1
0.0925 0.999 0.999 0.000125 0 1
0.0975 0.999 0.999 0.000125 0 1
0.1025 0.999 0.999 0.000125 0 1
0.1075 0.999 0.999 0.000125 0 1
0.1125 0.999 0.999 0.000125 0 1
0.1175 0.999 0.999 0.000125 0 1
0.1225 0.999 0.999 0.000125 0 1
0.1275 0.999 0.999 0.000125 0 1
0.1325 0.999 0.999 0.000125 0 1
0.1375 0.999 0.999 0.000125 0 1
0.1425 0.999 0.999 0.000125 0 1
0.1475 0.999 0.999 0.000125 0 1
0.1525 0.999 0.999 0.000125 0 1
0.1575 0.999 0.999 0.000125 0 1
0.1625 0.999 0.999 0.000125 0 1
0.1675 0.999 0.999 0.000125 0 1
0.1725 0.999 0.999 0.000125 0 1
0.1775 0.999 0.999 0.000125 0 1
0.1825 0.999 0.999 0.000125 0 1
0.1875 0.999 0.999 0.000125 0 1
0.1925 0.999 0.999 0.000125 0 1
0.1975 0.999 0.999 0.000125 0 1
0.2025 0.999 0.999 0.000125 0 1
0.2075 0.999 0.999 0.000125 0 1
0.2125 0.999 0.999 0.000125 0 1
0.2175 0.999 0.999 0.000125 0 1
0.2225 0.999 0.999 0.000125 0 1
0.2275 0.999 0.999 0.000125 0 1
0.2325 0.999 0.999 0.000125 0 1
0.2375 0.999 0.999 0.000125 0 1
0.2425 0.999 0.999 0.000125 0 1
0.2475 0.999 0.999 0.000125 0 1
0.2525 0.999 0.999 0.000125 0 1
0.2575 0.999 0.999 0.000125 0 1
0.2625 0.999 0.999 0.000125 0 1
0.2675 0.999 0.999 0.000125 0 1
0.2725 0.999 0.999 0.000125 0 1
0.2775 0.999 0.999 0.000125 0 1
0.2825 0.999 0.999 0.000125 0 1
0.2875 0.999 0.999 0.000125 0 1
0.2925 0.999 0.999 0.000125 0 1
0.2975 0.999 0.999 0.000125 0 1
0.3025 0.999 0.999 0.000125 0 1
0.3075 0.999 0.999 0.000125 0 1
0.3125 0.999 0.999 0.000125 0 1
0.3175 0.999 0.999 0.000125 0 1
0.3225 0.999 0.999 0.000125 0 1
0.3275 0.999 0.999 0.000125 0 1
0.3325 0.999 0.999 0.000125 0 1
0.3375 0.999 0.999 0.000125 0 1
0.3425 0.999 0.999 0.000125 0 1
0.3475 0.999 0.999 0.000125 0 1
0.3525 0.999 0.999 0.000125 0 1
0.3575 0.999 0.999 0.000125 0 1
0.3625 0.999 0.999 0.000125 0 1
0.3675 0.999 0.999 0.000125 0 1
0.3725 0.999 0.999 0.000125 0 1
0.3775 0.999 0.999 0.000125 0 1
0.3825 0.999 0.999 0.000125 0 1
0.3875 0.999 0.999 0.000125 0 1
0.3925 0.999 0.999 0.000125 0 1
0.3975 0.999 0.999 0.000125 0 1
0.4025 0.999 0.999 0.000125 0 1
0.4075 0.999 0.999 0.000125 0 1
0.4125 0.999 0.999 0.000125 0 1
0.4175 0.999 0.999 0.000125 0 1
0.4225 0.999 0.999 0.000125 0 1
0.4275 0.999 0.999 0.000125 1.67318e-09 1
0.4325 0.999 0.999 0.000125 9.12479e-08 1
0.4375 0.999002 0.998998 0.000125 2.06122e-06 0.999998
0.4425 0.999019 0.998978 0.000124997 2.61388e-05 0.999969
0.4475 0.99914 0.99882 0.000124977 0.000213826 0.999747
0.4525 0.999712 0.99797 0.000124871 0.00122074 0.998558
0.4575 1.0016 0.994688 0.00012446 0.0051198 0.993971
0.4625 1.00613 0.985221 0.000123276 0.0164206 0.980808
0.4675 1.01438 0.964155 0.00012064 0.041835 0.951828
0.4725 1.02658 0.926608 0.000115942 0.0880166 0.901109
0.4775 1.04255 0.870803 0.000108959 0.15885 0.827751
0.4825 1.06271 0.798939 9.99673e-05 0.254465 0.736647
0.4875 1.08895 0.716099 8.9602e-05 0.37208 0.636205
0.4925 1.12531 0.62842 7.86311e-05 0.507088 0.535431
0.4975 1.1769 0.54189 6.78041e-05 0.652589 0.442518
0.5025 1.17802 0.459466 0.00537322 0.794809 0.36592
0.5075 1.0686 0.384616 0.0219106 0.901111 0.317376
0.5125 0.976372 0.312955 0.0586501 0.931495 0.305204
0.5175 0.900684 0.221582 0.115263 0.93289 0.303325
0.5225 0.825469 0.12548 0.174846 0.920161 0.299111
0.5275 0.738019 0.0522705 0.213725 0.870749 0.28311
0.5325 0.605015 0.0141473 0.213244 0.728186 0.240131
0.5375 0.376292 0.00270728 0.176697 0.447203 0.171591
0.5425 0.13117 0.00116288 0.141179 0.149614 0.120155
0.5475 0.0242432 0.0010228 0.127711 0.0249574 0.103257
0.5525 0.0035536 0.00100256 0.125195 0.00271984 0.10036
0.5575 0.00118895 0.00100021 0.124901 0.000218167 0.100029
0.5625 0.00100899 0.00100001 0.124876 1.20964e-05 0.100002
0.5675 0.00100024 0.001 0.124875 3.99922e-07 0.1
0.5725 0.001 0.001 0.124875 5.73517e-09 0.1
0.5775 0.001 0.001 0.124875 0 0.1
0.5825 0.001 0.001 0.124875 0 0.1
0.5875 0.001 0.001 0.124875 0 0.1
0.5925 0.001 0.001 0.124875 0 0.1
0.5975 0.001 0.001 0.124875 0 0.1
0.6025 0.001 0.001 0.124875 0 0.1
0.6075 0.001 0.001 0.124875 0 0.1
0.6125 0.001 0.001 0.124875 0 0.1
0.6175 0.001 0.001 0.124875 0 0.1
0.6225 0.001 0.001 0.124875 0 0.1
0.6275 0.001 0.001 0.124875 0 0.1
0.6325 0.001 0.001 0.124875 0 0.1
0.6375 0.001 0.001 0.124875 0 0.1
0.6425 0.001 0.001 0.124875 0 0.1
0.6475 0.001 0.001 0.124875 0 0.1
0.6525 0.001 0.001 0.124875 0 0.1
0.6575 0.001 0.001 0.124875 0 0.1
0.6625 0.001 0.001 0.124875 0 0.1
0.6675 0.001 0.001 0.124875 0 0.1
0.6725 0.001 0.001 0.124875 0 0.1
0.6775 0.001 0.001 0.124875 0 0.1
0.6825 0.001 0.001 0.124875 0 0.1
0.6875 0.001 0.001 0.124875 0 0.1
0.6925 0.001 0.001 0.124875 0 0.1
0.6975 0.001 0.001 0.124875 0 0.1
0.7025 0.001 0.001 0.124875 0 0.1
0.7075 0.001 0.001 0.124875 0 0.1
0.7125 0.001 0.001 0.124875 0 0.1
0.7175 0.001 0.001 0.124875 0 0.1
0.7225 0.001 0.001 0.124875 0 0.1
0.7275 0.001 0.001 0.124875 0 0.1
0.7325 0.001 0.001 0.124875 0 0.1
0.7375 0.001 0.001 0.124875 0 0.1
0.7425 0.001 0.001 0.124875 0 0.1
0.7475 0.001 0.001 0.124875 0 0.1
0.7525 0.001 0.001 0.124875 0 0.1
0.7575 0.001 0.001 0.124875 0 0.1
0.7625 0.001 0.001 0.124875 0 0.1
0.7675 0.001 0.001 0.124875 0 0.1
0.7725 0.001 0.001 0.124875 0 0.1
0.7775 0.001 0.001 0.124875 0 0.1
0.7825 0.001 0.001 0.124875 0 0.1
0.7875 0.001 0.001 0.124875 0 0.1
0.7925 0.001 0.001 0.124875 0 0.1
0.7975 0.001 0.001 0.124875 0 0.1
0.8025 0.001 0.001 0.124875 0 0.1
0.8075 0.001 0.001 0.124875 0 0.1
0.8125 0.001 0.001 0.124875 0 0.1
0.8175 0.001 0.001 0.124875 0 0.1
0.8225 0.001 0.001 0.124875 0 0.1
0.8275 0.001 0.001 0.124875 0 0.1
0.8325 0.001 0.001 0.124875 0 0.1
0.8375 0.001 0.001 0.124875 0 0.1
0.8425 0.001 0.001 0.124875 0 0.1
0.8475 0.001 0.001 0.124875 0 0.1
0.8525 0.001 0.001 0.124875 0 0.1
0.8575 0.001 0.001 0.124875 0 0.1
0.8625 0.001 0.001 0.124875 0 0.1
0.8675 0.001 0.001 0.124875 0 0.1
0.8725 0.001 0.001 0.124875 0 0.1
0.8775 0.001 0.001 0.124875 0 0.1
0.8825 0.001 0.001 0.124875 0 0.1
0.8875 0.001 0.001 0.124875 0 0.1
0.8925 0.001 0.001 0.124875 0 0.1
0.8975 0.001 0.001 0.124875 0 0.1
0.9025 0.001 0.001 0.124875 0 0.1
0.9075 0.001 0.001 0.124875 0 0.1
0.9125 0.001 0.001 0.124875 0 0.1
0.9175 0.001 0.001 0.124875 0 0.1
0.9225 0.001 0.001 0.124875 0 0.1
0.9275 0.001 0.001 0.124875 0 0.1
0.9325 0.001 0.001 0.124875 0 0.1
0.9375 0.001 0.001 0.124875 0 0.1
0.9425 0.001 0.001 0.124875 0 0.1
0.9475 0.001 0.001 0.124875 0 0.1
0.9525 0.001 0.001 0.124875 0 0.1
0.9575 0.001 0.001 0.124875 0 0.1
0.9625 0.001 0.001 0.124875 0 0.1
0.9675 0.001 0.001 0.124875 0 0.1
0.9725 0.001 0.001 0.124875 0 0.1
0.9775 0.001 0.001 0.124875 0 0.1
0.9825 0.001 0.001 0.124875 0 0.1
0.9875 0.001 0.001 0.124875 0 0.1
0.9925 0.001 0.001 0.124875 0 0.1
0.9975 0.001 0.001 0.124875 0 0.1
