x alpha rho1 rho2 v p
0.0025 0.999 0.999 0.000125 0 1
0.0075 0.999 0.999 0.000125 0 1
0.0125 0.999 0.999 0.000125 0 1
0.0175 0.999 0.999 0.000125 0 1
0.0225 0.999 0.999 0.000125 0 1
0.0275 0.999 0.999 0.000125 0 1
0.0325 0.999 0.999 0.000125 0 1
0.0375 0.999 0.999 0.000125 0 1
0.0425 0.999 0.999 0.000125 0 1
0.0475 0.999 0.999 0.000125 0 1
0.0525 0.999 0.999 0.000125 0 1
0.0575 0.999 0.999 0.000125 0 1
0.0625 0.999 0.999 0.000125 0 1
0.0675 0.999 0.999 0.000125 0 1
0.0725 0.999 0.999 0.000125 0 1
0.0775 0.999 0.999 0.000125 0 1
0.0825 0.999 0.999 0.000125 0 1
0.0875 0.999 0.999 0.000125 0 1
0.0925 0.999 0.999 0.000125 0 1
0.0975 0.999 0.999 0.000125 0 1
0.1025 0.999 0.999 0.000125 0 1
0.1075 0.999 0.999 0.000125 0 1
0.1125 0.999 0.999 0.000125 0 1
0.1175 0.999 0.999 0.000125 0 1
0.1225 0.999 0.999 0.000125 0 1
0.1275 0.999 0.999 0.000125 0 1
0.1325 0.999 0.999 0.000125 0 1
0.1375 0.999 0.999 0.000125 0 1
0.1425 0.999 0.999 0.000125 0 1
0.1475 0.999 0.999 0.000125 0 1
0.1525 0.999 0.999 0.000125 0 1
0.1575 0.999 0.999 0.000125 0 1
0.1625 0.999 0.999 0.000125 0 1
0.1675 0.999 0.999 0.000125 0 1
0.1725 0.999 0.999 0.000125 0 1
0.1775 0.999 0.999 0.000125 0 1
0.1825 0.999 0.999 0.000125 0 1
0.1875 0.999 0.999 0.000125 0 1
0.1925 0.999 0.999 0.000125 0 1
0.1975 0.999 0.999 0.000125 0 1
0.2025 0.999 0.999 0.000125 0 1
0.2075 0.999 0.999 0.000125 0 1
0.2125 0.999 0.999 0.000125 0 1
0.2175 0.999 0.999 0.000125 0 1
0.2225 0.999 0.999 0.000125 0 1
0.2275 0.999 0.999 0.000125 0 1
0.2325 0.999 0.999 0.000125 0 1
0.2375 0.999 0.999 0.000125 0 1
0.2425 0.999 0.999 0.000125 0 1
0.2475 0.999 0.999 0.000125 0 1
0.2525 0.999 0.999 0.000125 0 1
0.2575 0.999 0.999 0.000125 0 1
0.2625 0.999 0.999 0.000125 0 1
0.2675 0.999 0.999 0.000125 0 1
0.2725 0.999 0.999 0.000125 0 1
0.2775 0.999 0.999 0.000125 0 1
0.2825 0.999 0.999 0.000125 0 1
0.2875 0.999 0.999 0.000125 0 1
0.2925 0.999 0.999 0.000125 0 1
0.2975 0.999 0.999 0.000125 0 1
0.3025 0.999 0.999 0.000125 0 1
0.3075 0.999 0.999 0.000125 0 1
0.3125 0.999 0.999 0.000125 0 1
0.3175 0.999 0.999 0.000125 0 1
0.3225 0.999 0.999 0.000125 0 1
0.3275 0.999 0.999 0.000125 0 1
0.3325 0.999 0.999 0.000125 0 1
0.3375 0.999 0.999 0.000125 0 1
0.3425 0.999 0.999 0.000125 0 1
0.3475 0.999 0.999 0.000125 0 1
0.3525 0.999 0.999 0.000125 0 1
0.3575 0.999 0.999 0.000125 0 1
0.3625 0.999 0.999 0.000125 0 1
0.3675 0.999 0.999 0.000125 0 1
0.3725 0.999 0.999 0.000125 0 1
0.3775 0.999 0.999 0.000125 0 1
0.3825 0.999 0.999 0.000125 0 1
0.3875 0.999 0.999 0.000125 7.62635e-14 1
0.3925 0.999 0.999 0.000125 5.78222e-12 1
0.3975 0.999 0.999 0.000125 1.97027e-10 1
0.4025 0.999 0.999 0.000125 4.05677e-09 1
0.4075 0.999 0.999 0.000125 5.71853e-08 1
0.4125 0.999 0.999 0.000125 5.91677e-07 0.999999
0.4175 0.999003 0.998996 0.000125 4.69626e-06 0.999994
0.4225 0.999018 0.998975 0.000124997 2.94664e-05 0.999965
0.4275 0.999083 0.998874 0.000124984 0.000149308 0.999823
0.4325 0.999315 0.998476 0.000124934 0.000620734 0.999266
0.4375 0.999974 0.997192 0.000124774 0.00214434 0.997468
0.4425 1.0015 0.993755 0.000124344 0.00622766 0.992666
0.4475 1.00438 0.986065 0.000123382 0.0154011 0.981963
0.4525 1.00895 0.971483 0.000121557 0.0329303 0.961806
0.4575 1.0152 0.947635 0.000118573 0.0619725 0.929209
0.4625 1.0229 0.913302 0.000114277 0.104641 0.883022
0.4675 1.03184 0.86883 0.000108712 0.161548 0.824431
0.4725 1.04201 0.815914 0.000102091 0.231968 0.756474
0.4775 1.05375 0.757017 9.47219e-05 0.314321 0.683051
0.4825 1.06773 0.694799 8.69368e-05 0.406626 0.60804
0.4875 1.08491 0.631782 7.90518e-05 0.506693 0.534798
0.4925 1.10623 0.570265 7.13545e-05 0.611936 0.466109
0.4975 1.13066 0.512502 6.41269e-05 0.71854 0.404495
0.5025 1.14157 0.460723 0.000886822 0.81925 0.353039
0.5075 1.10354 0.417923 0.00444552 0.898245 0.317025
0.5125 1.06244 0.38611 0.0149324 0.928895 0.304276
0.5175 1.02706 0.345795 0.0382647 0.932233 0.303284
0.5225 0.981807 0.283607 0.0769596 0.932479 0.303583
0.5275 0.929782 0.205965 0.12642 0.932189 0.30378
0.5325 0.874082 0.128876 0.176119 0.930077 0.303224
0.5375 0.816749 0.0675826 0.215015 0.920816 0.300296
0.5425 0.755681 0.0286621 0.235376 0.889712 0.290204
0.5475 0.674038 0.00953781 0.23195 0.802631 0.262895
0.5525 0.529974 0.00287197 0.202846 0.611083 0.209846
0.5575 0.302038 0.00137704 0.162246 0.324578 0.148625
0.5625 0.103156 0.0010882 0.135762 0.0976954 0.112994
0.5675 0.0227212 0.00101672 0.126963 0.0180543 0.102374
0.5725 0.00445753 0.00100249 0.125186 0.00263779 0.100349
0.5775 0.00144482 0.00100031 0.124914 0.000331047 0.100044
0.5825 0.00104631 0.00100003 0.124879 3.52718e-05 0.100005
0.5875 0.00100382 0.001 0.124875 3.09744e-06 0.1
0.5925 0.00100024 0.001 0.124875 2.16249e-07 0.1
0.5975 0.00100001 0.001 0.124875 1.14387e-08 0.1
0.6025 0.001 0.001 0.124875 4.2591e-10 0.1
0.6075 0.001 0.001 0.124875 9.81587e-12 0.1
0.6125 0.001 0.001 0.124875 1.03748e-13 0.1
0.6175 0.001 0.001 0.124875 0 0.1
0.6225 0.001 0.001 0.124875 0 0.1
0.6275 0.001 0.001 0.124875 0 0.1
0.6325 0.001 0.001 0.124875 0 0.1
0.6375 0.001 0.001 0.124875 0 0.1
0.6425 0.001 0.001 0.124875 0 0.1
0.6475 0.001 0.001 0.124875 0 0.1
0.6525 0.001 0.001 0.124875 0 0.1
0.6575 0.001 0.001 0.124875 0 0.1
0.6625 0.001 0.001 0.124875 0 0.1
0.6675 0.001 0.001 0.124875 0 0.1
0.6725 0.001 0.001 0.124875 0 0.1
0.6775 0.001 0.001 0.124875 0 0.1
0.6825 0.001 0.001 0.124875 0 0.1
0.6875 0.001 0.001 0.124875 0 0.1
0.6925 0.001 0.001 0.124875 0 0.1
0.6975 0.001 0.001 0.124875 0 0.1
0.7025 0.001 0.001 0.124875 0 0.1
0.7075 0.001 0.001 0.124875 0 0.1
0.7125 0.001 0.001 0.124875 0 0.1
0.7175 0.001 0.001 0.124875 0 0.1
0.7225 0.001 0.001 0.124875 0 0.1
0.7275 0.001 0.001 0.124875 0 0.1
0.7325 0.001 0.001 0.124875 0 0.1
0.7375 0.001 0.001 0.124875 0 0.1
0.7425 0.001 0.001 0.124875 0 0.1
0.7475 0.001 0.001 0.124875 0 0.1
0.7525 0.001 0.001 0.124875 0 0.1
0.7575 0.001 0.001 0.124875 0 0.1
0.7625 0.001 0.001 0.124875 0 0.1
0.7675 0.001 0.001 0.124875 0 0.1
0.7725 0.001 0.001 0.124875 0 0.1
0.7775 0.001 0.001 0.124875 0 0.1
0.7825 0.001 0.001 0.124875 0 0.1
0.7875 0.001 0.001 0.124875 0 0.1
0.7925 0.001 0.001 0.124875 0 0.1
0.7975 0.001 0.001 0.124875 0 0.1
0.8025 0.001 0.001 0.124875 0 0.1
0.8075 0.001 0.001 0.124875 0 0.1
0.8125 0.001 0.001 0.124875 0 0.1
0.8175 0.001 0.001 0.124875 0 0.1
0.8225 0.001 0.001 0.124875 0 0.1
0.8275 0.001 0.001 0.124875 0 0.1
0.8325 0.001 0.001 0.124875 0 0.1
0.8375 0.001 0.001 0.124875 0 0.1
0.8425 0.001 0.001 0.124875 0 0.1
0.8475 0.001 0.001 0.124875 0 0.1
0.8525 0.001 0.001 0.124875 0 0.1
0.8575 0.001 0.001 0.124875 0 0.1
0.8625 0.001 0.001 0.124875 0 0.1
0.8675 0.001 0.001 0.124875 0 0.1
0.8725 0.001 0.001 0.124875 0 0.1
0.8775 0.001 0.001 0.124875 0 0.1
0.8825 0.001 0.001 0.124875 0 0.1
0.8875 0.001 0.001 0.124875 0 0.1
0.8925 0.001 0.001 0.124875 0 0.1
0.8975 0.001 0.001 0.124875 0 0.1
0.9025 0.001 0.001 0.124875 0 0.1
0.9075 0.001 0.001 0.124875 0 0.1
0.9125 0.001 0.001 0.124875 0 0.1
0.9175 0.001 0.001 0.124875 0 0.1
0.9225 0.001 0.001 0.124875 0 0.1
0.9275 0.001 0.001 0.124875 0 0.1
0.9325 0.001 0.001 0.124875 0 0.1
0.9375 0.001 0.001 0.124875 0 0.1
0.9425 0.001 0.001 0.124875 0 0.1
0.9475 0.001 0.001 0.124875 0 0.1
0.9525 0.001 0.001 0.124875 0 0.1
0.9575 0.001 0.001 0.124875 0 0.1
0.9625 0.001 0.001 0.124875 0 0.1
0.9675 0.001 0.001 0.124875 0 0.1
0.9725 0.001 0.001 0.124875 0 0.1
0.9775 0.001 0.001 0.124875 0 0.1
0.9825 0.001 0.001 0.124875 0 0.1
0.9875 0.001 0.001 0.124875 0 0.1
0.9925 0.001 0.001 0.124875 0 0.1
0.9975 0.001 0.001 0.124875 0 0.1
