x alpha rho1 rho2 v p
0.0025 0.999 0.999 0.000125 0 1
0.0075 0.999 0.999 0.000125 0 1
0.0125 0.999 0.999 0.000125 0 1
0.0175 0.999 0.999 0.000125 0 1
0.0225 0.999 0.999 0.000125 0 1
0.0275 0.999 0.999 0.000125 0 1
0.0325 0.999 0.999 0.000125 0 1
0.0375 0.999 0.999 0.000125 0 1
0.0425 0.999 0.999 0.000125 0 1
0.0475 0.999 0.999 0.000125 0 1
0.0525 0.999 0.999 0.000125 0 1
0.0575 0.999 0.999 0.000125 0 1
0.0625 0.999 0.999 0.000125 0 1
0.0675 0.999 0.999 0.000125 0 1
0.0725 0.999 0.999 0.000125 0 1
0.0775 0.999 0.999 0.000125 0 1
0.0825 0.999 0.999 0.000125 0 1
0.0875 0.999 0.999 0.000125 0 1
0.0925 0.999 0.999 0.000125 0 1
0.0975 0.999 0.999 0.000125 0 1
0.1025 0.999 0.999 0.000125 0 1
0.1075 0.999 0.999 0.000125 0 1
0.1125 0.999 0.999 0.000125 0 1
0.1175 0.999 0.999 0.000125 0 1
0.1225 0.999 0.999 0.000125 0 1
0.1275 0.999 0.999 0.000125 0 1
0.1325 0.999 0.999 0.000125 0 1
0.1375 0.999 0.999 0.000125 0 1
0.1425 0.999 0.999 0.000125 0 1
0.1475 0.999 0.999 0.000125 0 1
0.1525 0.999 0.999 0.000125 0 1
0.1575 0.999 0.999 0.000125 0 1
0.1625 0.999 0.999 0.000125 0 1
0.1675 0.999 0.999 0.000125 0 1
0.1725 0.999 0.999 0.000125 0 1
0.1775 0.999 0.999 0.000125 0 1
0.1825 0.999 0.999 0.000125 0 1
0.1875 0.999 0.999 0.000125 0 1
0.1925 0.999 0.999 0.000125 0 1
0.1975 0.999 0.999 0.000125 0 1
0.2025 0.999 0.999 0.000125 0 1
0.2075 0.999 0.999 0.000125 0 1
0.2125 0.999 0.999 0.000125 0 1
0.2175 0.999 0.999 0.000125 0 1
0.2225 0.999 0.999 0.000125 0 1
0.2275 0.999 0.999 0.000125 0 1
0.2325 0.999 0.999 0.000125 0 1
0.2375 0.999 0.999 0.000125 0 1
0.2425 0.999 0.999 0.000125 0 1
0.2475 0.999 0.999 0.000125 0 1
0.2525 0.999 0.999 0.000125 0 1
0.2575 0.999 0.999 0.000125 0 1
0.2625 0.999 0.999 0.000125 0 1
0.2675 0.999 0.999 0.000125 0 1
0.2725 0.999 0.999 0.000125 0 1
0.2775 0.999 0.999 0.000125 0 1
0.2825 0.999 0.999 0.000125 0 1
0.2875 0.999 0.999 0.000125 0 1
0.2925 0.999 0.999 0.000125 0 1
0.2975 0.999 0.999 0.000125 0 1
0.3025 0.999 0.999 0.000125 0 1
0.3075 0.999 0.999 0.000125 0 1
0.3125 0.999 0.999 0.000125 0 1
0.3175 0.999 0.999 0.000125 0 1
0.3225 0.999 0.999 0.000125 0 1
0.3275 0.999 0.999 0.000125 0 1
0.3325 0.999 0.999 0.000125 0 1
0.3375 0.999 0.999 0.000125 0 1
0.3425 0.999 0.999 0.000125 0 1
0.3475 0.999 0.999 0.000125 0 1
0.3525 0.999 0.999 0.000125 3.45807e-16 1
0.3575 0.999 0.999 0.000125 1.66081e-14 1
0.3625 0.999 0.999 0.000125 4.63002e-13 1
0.3675 0.999 0.999 0.000125 9.08595e-12 1
0.3725 0.999 0.999 0.000125 1.34299e-10 1
0.3775 0.999 0.999 0.000125 1.56041e-09 1
0.3825 0.999 0.999 0.000125 1.46775e-08 1
0.3875 0.999 0.999 0.000125 1.14173e-07 1
0.3925 0.999 0.998999 0.000125 7.46284e-07 0.999999
0.3975 0.999002 0.998996 0.000125 4.14934e-06 0.999995
0.4025 0.999011 0.998983 0.000124998 1.98111e-05 0.999977
0.4075 0.999042 0.998931 0.000124991 8.18333e-05 0.999903
0.4125 0.999138 0.998752 0.000124969 0.000294192 0.999652
0.4175 0.999395 0.99822 0.000124902 0.000925108 0.998907
0.4225 0.999985 0.996844 0.00012473 0.00255674 0.996981
0.4275 1.00115 0.993741 0.000124342 0.00624357 0.992645
0.4325 1.00312 0.987601 0.000123574 0.0135633 0.984089
0.4375 1.00604 0.976861 0.00012223 0.0264405 0.969199
0.4425 1.00991 0.960082 0.00012013 0.0467494 0.946114
0.4475 1.01458 0.936362 0.000117162 0.0758728 0.913829
0.4525 1.01986 0.905579 0.000113311 0.114437 0.872513
0.4575 1.02564 0.868367 0.000108655 0.162309 0.823422
0.4625 1.03189 0.825901 0.000103341 0.21879 0.768518
0.4675 1.03872 0.779612 9.7549e-05 0.282864 0.710019
0.4725 1.04633 0.730954 9.14607e-05 0.353397 0.650051
0.4775 1.05502 0.681268 8.52437e-05 0.429248 0.590451
0.4825 1.06517 0.631731 7.90455e-05 0.509281 0.532718
0.4875 1.07708 0.583396 7.29975e-05 0.592268 0.478067
0.4925 1.0907 0.537275 6.72266e-05 0.676646 0.427551
0.4975 1.10426 0.494534 6.18786e-05 0.759955 0.382304
0.5025 1.10971 0.456816 0.000181919 0.83752 0.344022
0.5075 1.08948 0.426989 0.000868259 0.899379 0.316017
0.5125 1.06932 0.409151 0.0033645 0.927623 0.304029
0.5175 1.06205 0.394285 0.0104178 0.930842 0.302826
0.5225 1.0471 0.367659 0.0258029 0.930819 0.303018
0.5275 1.02154 0.323875 0.0524643 0.930714 0.303288
0.5325 0.987488 0.26391 0.0900547 0.930718 0.303546
0.5375 0.947399 0.19533 0.133949 0.930684 0.303788
0.5425 0.902877 0.129335 0.176886 0.930399 0.303865
0.5475 0.855956 0.0756225 0.212197 0.92887 0.30341
0.5525 0.809623 0.0385907 0.236085 0.922724 0.301417
0.5575 0.764291 0.0170701 0.247152 0.902952 0.294999
0.5625 0.710128 0.00673317 0.243778 0.848284 0.277476
0.5675 0.618901 0.00279088 0.222563 0.719911 0.23924
0.5725 0.449562 0.00159051 0.185173 0.487521 0.181291
0.5775 0.224875 0.00120033 0.149432 0.216627 0.130638
0.5825 0.0711133 0.00105202 0.131369 0.0571715 0.107551
0.5875 0.016739 0.00101019 0.126148 0.0108842 0.101438
0.5925 0.00392621 0.00100171 0.125089 0.00180951 0.10024
0.5975 0.00147241 0.00100026 0.124907 0.000273927 0.100036
0.6025 0.00106652 0.00100004 0.124879 3.75242e-05 0.100005
0.6075 0.00100811 0.001 0.124876 4.58897e-06 0.100001
0.6125 0.00100085 0.001 0.124875 4.93392e-07 0.1
0.6175 0.00100007 0.001 0.124875 4.58282e-08 0.1
0.6225 0.00100001 0.001 0.124875 3.60339e-09 0.1
0.6275 0.001 0.001 0.124875 2.34051e-10 0.1
0.6325 0.001 0.001 0.124875 1.2167e-11 0.1
0.6375 0.001 0.001 0.124875 4.84181e-13 0.1
0.6425 0.001 0.001 0.124875 1.37836e-14 0.1
0.6475 0.001 0.001 0.124875 2.33933e-16 0.1
0.6525 0.001 0.001 0.124875 0 0.1
0.6575 0.001 0.001 0.124875 0 0.1
0.6625 0.001 0.001 0.124875 0 0.1
0.6675 0.001 0.001 0.124875 0 0.1
0.6725 0.001 0.001 0.124875 0 0.1
0.6775 0.001 0.001 0.124875 0 0.1
0.6825 0.001 0.001 0.124875 0 0.1
0.6875 0.001 0.001 0.124875 0 0.1
0.6925 0.001 0.001 0.124875 0 0.1
0.6975 0.001 0.001 0.124875 0 0.1
0.7025 0.001 0.001 0.124875 0 0.1
0.7075 0.001 0.001 0.124875 0 0.1
0.7125 0.001 0.001 0.124875 0 0.1
0.7175 0.001 0.001 0.124875 0 0.1
0.7225 0.001 0.001 0.124875 0 0.1
0.7275 0.001 0.001 0.124875 0 0.1
0.7325 0.001 0.001 0.124875 0 0.1
0.7375 0.001 0.001 0.124875 0 0.1
0.7425 0.001 0.001 0.124875 0 0.1
0.7475 0.001 0.001 0.124875 0 0.1
0.7525 0.001 0.001 0.124875 0 0.1
0.7575 0.001 0.001 0.124875 0 0.1
0.7625 0.001 0.001 0.124875 0 0.1
0.7675 0.001 0.001 0.124875 0 0.1
0.7725 0.001 0.001 0.124875 0 0.1
0.7775 0.001 0.001 0.124875 0 0.1
0.7825 0.001 0.001 0.124875 0 0.1
0.7875 0.001 0.001 0.124875 0 0.1
0.7925 0.001 0.001 0.124875 0 0.1
0.7975 0.001 0.001 0.124875 0 0.1
0.8025 0.001 0.001 0.124875 0 0.1
0.8075 0.001 0.001 0.124875 0 0.1
0.8125 0.001 0.001 0.124875 0 0.1
0.8175 0.001 0.001 0.124875 0 0.1
0.8225 0.001 0.001 0.124875 0 0.1
0.8275 0.001 0.001 0.124875 0 0.1
0.8325 0.001 0.001 0.124875 0 0.1
0.8375 0.001 0.001 0.124875 0 0.1
0.8425 0.001 0.001 0.124875 0 0.1
0.8475 0.001 0.001 0.124875 0 0.1
0.8525 0.001 0.001 0.124875 0 0.1
0.8575 0.001 0.001 0.124875 0 0.1
0.8625 0.001 0.001 0.124875 0 0.1
0.8675 0.001 0.001 0.124875 0 0.1
0.8725 0.001 0.001 0.124875 0 0.1
0.8775 0.001 0.001 0.124875 0 0.1
0.8825 0.001 0.001 0.124875 0 0.1
0.8875 0.001 0.001 0.124875 0 0.1
0.8925 0.001 0.001 0.124875 0 0.1
0.8975 0.001 0.001 0.124875 0 0.1
0.9025 0.001 0.001 0.124875 0 0.1
0.9075 0.001 0.001 0.124875 0 0.1
0.9125 0.001 0.001 0.124875 0 0.1
0.9175 0.001 0.001 0.124875 0 0.1
0.9225 0.001 0.001 0.124875 0 0.1
0.9275 0.001 0.001 0.124875 0 0.1
0.9325 0.001 0.001 0.124875 0 0.1
0.9375 0.001 0.001 0.124875 0 0.1
0.9425 0.001 0.001 0.124875 0 0.1
0.9475 0.001 0.001 0.124875 0 0.1
0.9525 0.001 0.001 0.124875 0 0.1
0.9575 0.001 0.001 0.124875 0 0.1
0.9625 0.001 0.001 0.124875 0 0.1
0.9675 0.001 0.001 0.124875 0 0.1
0.9725 0.001 0.001 0.124875 0 0.1
0.9775 0.001 0.001 0.124875 0 0.1
0.9825 0.001 0.001 0.124875 0 0.1
0.9875 0.001 0.001 0.124875 0 0.1
0.9925 0.001 0.001 0.124875 0 0.1
0.9975 0.001 0.001 0.124875 0 0.1
