x alpha rho1 rho2 v p
0.0025 0.999 0.999 0.000125 0 1
0.0075 0.999 0.999 0.000125 0 1
0.0125 0.999 0.999 0.000125 0 1
0.0175 0.999 0.999 0.000125 0 1
0.0225 0.999 0.999 0.000125 0 1
0.0275 0.999 0.999 0.000125 0 1
0.0325 0.999 0.999 0.000125 0 1
0.0375 0.999 0.999 0.000125 0 1
0.0425 0.999 0.999 0.000125 0 1
0.0475 0.999 0.999 0.000125 0 1
0.0525 0.999 0.999 0.000125 0 1
0.0575 0.999 0.999 0.000125 0 1
0.0625 0.999 0.999 0.000125 0 1
0.0675 0.999 0.999 0.000125 0 1
0.0725 0.999 0.999 0.000125 0 1
0.0775 0.999 0.999 0.000125 0 1
0.0825 0.999 0.999 0.000125 0 1
0.0875 0.999 0.999 0.000125 0 1
0.0925 0.999 0.999 0.000125 0 1
0.0975 0.999 0.999 0.000125 0 1
0.1025 0.999 0.999 0.000125 0 1
0.1075 0.999 0.999 0.000125 0 1
0.1125 0.999 0.999 0.000125 0 1
0.1175 0.999 0.999 0.000125 0 1
0.1225 0.999 0.999 0.000125 0 1
0.1275 0.999 0.999 0.000125 0 1
0.1325 0.999 0.999 0.000125 0 1
0.1375 0.999 0.999 0.000125 0 1
0.1425 0.999 0.999 0.000125 0 1
0.1475 0.999 0.999 0.000125 0 1
0.1525 0.999 0.999 0.000125 0 1
0.1575 0.999 0.999 0.000125 0 1
0.1625 0.999 0.999 0.000125 0 1
0.1675 0.999 0.999 0.000125 0 1
0.1725 0.999 0.999 0.000125 0 1
0.1775 0.999 0.999 0.000125 0 1
0.1825 0.999 0.999 0.000125 0 1
0.1875 0.999 0.999 0.000125 0 1
0.1925 0.999 0.999 0.000125 0 1
0.1975 0.999 0.999 0.000125 0 1
0.2025 0.999 0.999 0.000125 0 1
0.2075 0.999 0.999 0.000125 0 1
0.2125 0.999 0.999 0.000125 0 1
0.2175 0.999 0.999 0.000125 0 1
0.2225 0.999 0.999 0.000125 0 1
0.2275 0.999 0.999 0.000125 0 1
0.2325 0.999 0.999 0.000125 0 1
0.2375 0.999 0.999 0.000125 0 1
0.2425 0.999 0.999 0.000125 0 1
0.2475 0.999 0.999 0.000125 0 1
0.2525 0.999 0.999 0.000125 0 1
0.2575 0.999 0.999 0.000125 0 1
0.2625 0.999 0.999 0.000125 0 1
0.2675 0.999 0.999 0.000125 0 1
0.2725 0.999 0.999 0.000125 0 1
0.2775 0.999 0.999 0.000125 0 1
0.2825 0.999 0.999 0.000125 0 1
0.2875 0.999 0.999 0.000125 0 1
0.2925 0.999 0.999 0.000125 0 1
0.2975 0.999 0.999 0.000125 0 1
0.3025 0.999 0.999 0.000125 0 1
0.3075 0.999 0.999 0.000125 0 1
0.3125 0.999 0.999 0.000125 0 1
0.3175 0.999 0.999 0.000125 0 1
0.3225 0.999 0.999 0.000125 5.19772e-17 1
0.3275 0.999 0.999 0.000125 1.12277e-15 1
0.3325 0.999 0.999 0.000125 2.16081e-14 1
0.3375 0.999 0.999 0.000125 3.28441e-13 1
0.3425 0.999 0.999 0.000125 4.09332e-12 1
0.3475 0.999 0.999 0.000125 4.27647e-11 1
0.3525 0.999 0.999 0.000125 3.80546e-10 1
0.3575 0.999 0.999 0.000125 2.92046e-09 1
0.3625 0.999 0.999 0.000125 1.95217e-08 1
0.3675 0.999 0.999 0.000125 1.14569e-07 1
0.3725 0.999 0.998999 0.000125 5.9417e-07 0.999999
0.3775 0.999001 0.998998 0.000125 2.73739e-06 0.999997
0.3825 0.999006 0.998991 0.000124999 1.12516e-05 0.999987
0.3875 0.99902 0.998965 0.000124996 4.14077e-05 0.999951
0.3925 0.999061 0.998885 0.000124986 0.000136833 0.999838
0.3975 0.999167 0.998657 0.000124957 0.000407019 0.999519
0.4025 0.999411 0.998078 0.000124885 0.00109234 0.998709
0.4075 0.999907 0.996764 0.00012472 0.00265157 0.996869
0.4125 1.0008 0.99408 0.000124384 0.00584025 0.993117
0.4175 1.00222 0.989142 0.000123767 0.0117224 0.98623
0.4225 1.00426 0.980916 0.000122737 0.0215652 0.974801
0.4275 1.00691 0.968422 0.000121174 0.0366241 0.957539
0.4325 1.01007 0.950959 0.000118989 0.0578969 0.9336
0.4375 1.01364 0.928266 0.000116149 0.0859506 0.902806
0.4425 1.01749 0.900553 0.000112682 0.12088 0.865667
0.4475 1.02155 0.868412 0.00010866 0.162379 0.823227
0.4525 1.02582 0.832678 0.000104189 0.209877 0.776827
0.4575 1.03034 0.794273 9.93835e-05 0.262668 0.727882
0.4625 1.0352 0.754107 9.43578e-05 0.320012 0.67772
0.4675 1.04052 0.713006 8.9215e-05 0.381196 0.627491
0.4725 1.04646 0.671691 8.40454e-05 0.445545 0.578145
0.4775 1.05318 0.630782 7.89267e-05 0.512416 0.530442
0.4825 1.06085 0.590826 7.39271e-05 0.581141 0.484994
0.4875 1.06949 0.552339 6.91115e-05 0.650939 0.442325
0.4925 1.07874 0.515887 6.45504e-05 0.720717 0.402962
0.4975 1.08692 0.482228 6.03388e-05 0.788681 0.367591
0.5025 1.0887 0.452616 7.48388e-05 0.851401 0.337392
0.5075 1.07373 0.429458 0.000195867 0.901736 0.314779
0.5125 1.05827 0.416665 0.000726722 0.927016 0.303981
0.5175 1.05901 0.41074 0.0025272 0.930301 0.30266
0.5225 1.05935 0.401131 0.0073365 0.930134 0.302806
0.5275 1.05339 0.382602 0.017727 0.929864 0.303011
0.5325 1.03971 0.351349 0.0362968 0.929661 0.303208
0.5375 1.01884 0.305943 0.0642281 0.929519 0.303404
0.5425 0.991863 0.24902 0.100058 0.929511 0.303571
0.5475 0.959628 0.187198 0.139683 0.9296 0.303714
0.5525 0.922829 0.128734 0.177788 0.929618 0.303854
0.5575 0.882776 0.0803846 0.209802 0.929371 0.30391
0.5625 0.842011 0.0453494 0.233246 0.928292 0.303608
0.5675 0.803681 0.0231264 0.247802 0.924312 0.302291
0.5725 0.768694 0.010849 0.254047 0.911774 0.298189
0.5775 0.730931 0.00501089 0.251434 0.877153 0.286955
0.5825 0.67183 0.00264818 0.236732 0.792516 0.260606
0.5875 0.556304 0.00176792 0.206423 0.619628 0.212712
0.5925 0.358952 0.00135061 0.167712 0.360589 0.155664
0.5975 0.153859 0.00111885 0.139701 0.131261 0.117832
0.6025 0.0450757 0.00102869 0.128457 0.0310325 0.104096
0.6075 0.0111121 0.00100566 0.125582 0.00601148 0.100796
0.6125 0.00303913 0.00100102 0.125002 0.00107422 0.100143
0.6175 0.0013713 0.00100017 0.124896 0.000180264 0.100024
0.6225 0.00106125 0.00100003 0.124878 2.82591e-05 0.100004
0.6275 0.00100912 0.001 0.124875 4.10196e-06 0.100001
0.6325 0.00100122 0.001 0.124875 5.46e-07 0.1
0.6375 0.00100015 0.001 0.124875 6.59748e-08 0.1
0.6425 0.00100002 0.001 0.124875 7.16154e-09 0.1
0.6475 0.001 0.001 0.124875 6.90553e-10 0.1
0.6525 0.001 0.001 0.124875 5.84074e-11 0.1
0.6575 0.001 0.001 0.124875 4.27002e-12 0.1
0.6625 0.001 0.001 0.124875 2.65089e-13 0.1
0.6675 0.001 0.001 0.124875 1.36781e-14 0.1
0.6725 -0.461908 0.001 0.124875 5.85479e-16 0.1
0.6775 0.135365 0.001 0.124875 1.71903e-17 0.1
0.6825 0.329542 0.001 0.124875 0 0.1
0.6875 0.001 0.001 0.124875 0 0.1
0.6925 0.001 0.001 0.124875 0 0.1
0.6975 0.001 0.001 0.124875 0 0.1
0.7025 0.001 0.001 0.124875 0 0.1
0.7075 0.001 0.001 0.124875 0 0.1
0.7125 0.001 0.001 0.124875 0 0.1
0.7175 0.001 0.001 0.124875 0 0.1
0.7225 0.001 0.001 0.124875 0 0.1
0.7275 0.001 0.001 0.124875 0 0.1
0.7325 0.001 0.001 0.124875 0 0.1
0.7375 0.001 0.001 0.124875 0 0.1
0.7425 0.001 0.001 0.124875 0 0.1
0.7475 0.001 0.001 0.124875 0 0.1
0.7525 0.001 0.001 0.124875 0 0.1
0.7575 0.001 0.001 0.124875 0 0.1
0.7625 0.001 0.001 0.124875 0 0.1
0.7675 0.001 0.001 0.124875 0 0.1
0.7725 0.001 0.001 0.124875 0 0.1
0.7775 0.001 0.001 0.124875 0 0.1
0.7825 0.001 0.001 0.124875 0 0.1
0.7875 0.001 0.001 0.124875 0 0.1
0.7925 0.001 0.001 0.124875 0 0.1
0.7975 0.001 0.001 0.124875 0 0.1
0.8025 0.001 0.001 0.124875 0 0.1
0.8075 0.001 0.001 0.124875 0 0.1
0.8125 0.001 0.001 0.124875 0 0.1
0.8175 0.001 0.001 0.124875 0 0.1
0.8225 0.001 0.001 0.124875 0 0.1
0.8275 0.001 0.001 0.124875 0 0.1
0.8325 0.001 0.001 0.124875 0 0.1
0.8375 0.001 0.001 0.124875 0 0.1
0.8425 0.001 0.001 0.124875 0 0.1
0.8475 0.001 0.001 0.124875 0 0.1
0.8525 0.001 0.001 0.124875 0 0.1
0.8575 0.001 0.001 0.124875 0 0.1
0.8625 0.001 0.001 0.124875 0 0.1
0.8675 0.001 0.001 0.124875 0 0.1
0.8725 0.001 0.001 0.124875 0 0.1
0.8775 0.001 0.001 0.124875 0 0.1
0.8825 0.001 0.001 0.124875 0 0.1
0.8875 0.001 0.001 0.124875 0 0.1
0.8925 0.001 0.001 0.124875 0 0.1
0.8975 0.001 0.001 0.124875 0 0.1
0.9025 0.001 0.001 0.124875 0 0.1
0.9075 0.001 0.001 0.124875 0 0.1
0.9125 0.001 0.001 0.124875 0 0.1
0.9175 0.001 0.001 0.124875 0 0.1
0.9225 0.001 0.001 0.124875 0 0.1
0.9275 0.001 0.001 0.124875 0 0.1
0.9325 0.001 0.001 0.124875 0 0.1
0.9375 0.001 0.001 0.124875 0 0.1
0.9425 0.001 0.001 0.124875 0 0.1
0.9475 0.001 0.001 0.124875 0 0.1
0.9525 0.001 0.001 0.124875 0 0.1
0.9575 0.001 0.001 0.124875 0 0.1
0.9625 0.001 0.001 0.124875 0 0.1
0.9675 0.001 0.001 0.124875 0 0.1
0.9725 0.001 0.001 0.124875 0 0.1
0.9775 0.001 0.001 0.124875 0 0.1
0.9825 0.001 0.001 0.124875 0 0.1
0.9875 0.001 0.001 0.124875 0 0.1
0.9925 0.001 0.001 0.124875 0 0.1
0.9975 0.001 0.001 0.124875 0 0.1
