x alpha rho1 rho2 v p
0.0025 0.999 0.999 0.000125 0 1
0.0075 0.999 0.999 0.000125 0 1
0.0125 0.999 0.999 0.000125 0 1
0.0175 0.999 0.999 0.000125 0 1
0.0225 0.999 0.999 0.000125 0 1
0.0275 0.999 0.999 0.000125 0 1
0.0325 0.999 0.999 0.000125 0 1
0.0375 0.999 0.999 0.000125 0 1
0.0425 0.999 0.999 0.000125 0 1
0.0475 0.999 0.999 0.000125 0 1
0.0525 0.999 0.999 0.000125 0 1
0.0575 0.999 0.999 0.000125 0 1
0.0625 0.999 0.999 0.000125 0 1
0.0675 0.999 0.999 0.000125 0 1
0.0725 0.999 0.999 0.000125 0 1
0.0775 0.999 0.999 0.000125 0 1
0.0825 0.999 0.999 0.000125 0 1
0.0875 0.999 0.999 0.000125 0 1
0.0925 0.999 0.999 0.000125 0 1
0.0975 0.999 0.999 0.000125 0 1
0.1025 0.999 0.999 0.000125 0 1
0.1075 0.999 0.999 0.000125 0 1
0.1125 0.999 0.999 0.000125 0 1
0.1175 0.999 0.999 0.000125 0 1
0.1225 0.999 0.999 0.000125 0 1
0.1275 0.999 0.999 0.000125 0 1
0.1325 0.999 0.999 0.000125 0 1
0.1375 0.999 0.999 0.000125 0 1
0.1425 0.999 0.999 0.000125 0 1
0.1475 0.999 0.999 0.000125 0 1
0.1525 0.999 0.999 0.000125 0 1
0.1575 0.999 0.999 0.000125 0 1
0.1625 0.999 0.999 0.000125 0 1
0.1675 0.999 0.999 0.000125 0 1
0.1725 0.999 0.999 0.000125 0 1
0.1775 0.999 0.999 0.000125 0 1
0.1825 0.999 0.999 0.000125 0 1
0.1875 0.999 0.999 0.000125 0 1
0.1925 0.999 0.999 0.000125 0 1
0.1975 0.999 0.999 0.000125 0 1
0.2025 0.999 0.999 0.000125 0 1
0.2075 0.999 0.999 0.000125 0 1
0.2125 0.999 0.999 0.000125 0 1
0.2175 0.999 0.999 0.000125 0 1
0.2225 0.999 0.999 0.000125 0 1
0.2275 0.999 0.999 0.000125 0 1
0.2325 0.999 0.999 0.000125 0 1
0.2375 0.999 0.999 0.000125 0 1
0.2425 0.999 0.999 0.000125 0 1
0.2475 0.999 0.999 0.000125 0 1
0.2525 0.999 0.999 0.000125 0 1
0.2575 0.999 0.999 0.000125 0 1
0.2625 0.999 0.999 0.000125 0 1
0.2675 0.999 0.999 0.000125 0 1
0.2725 0.999 0.999 0.000125 0 1
0.2775 0.999 0.999 0.000125 0 1
0.2825 0.999 0.999 0.000125 0 1
0.2875 0.999 0.999 0.000125 0 1
0.2925 0.999 0.999 0.000125 0 1
0.2975 0.999 0.999 0.000125 5.46872e-17 1
0.3025 0.999 0.999 0.000125 8.92732e-16 1
0.3075 0.999 0.999 0.000125 1.07569e-14 1
0.3125 0.999 0.999 0.000125 1.20665e-13 1
0.3175 0.999 0.999 0.000125 1.17937e-12 1
0.3225 0.999 0.999 0.000125 1.0121e-11 1
0.3275 0.999 0.999 0.000125 7.69386e-11 1
0.3325 0.999 0.999 0.000125 5.2161e-10 1
0.3375 0.999 0.999 0.000125 3.17152e-09 1
0.3425 0.999 0.999 0.000125 1.73761e-08 1
0.3475 0.999 0.999 0.000125 8.61224e-08 1
0.3525 0.999 0.999 0.000125 3.87445e-07 1
0.3575 0.999001 0.998999 0.000125 1.58654e-06 0.999998
0.3625 0.999003 0.998995 0.000124999 5.92731e-06 0.999993
0.3675 0.999009 0.998983 0.000124998 2.02433e-05 0.999976
0.3725 0.999027 0.998947 0.000124993 6.33043e-05 0.999925
0.3775 0.999073 0.998847 0.000124981 0.000181515 0.999785
0.3825 0.999177 0.998597 0.00012495 0.000477816 0.999435
0.3875 0.999395 0.998025 0.000124878 0.00115621 0.998634
0.3925 0.999805 0.996828 0.000124728 0.00257581 0.996958
0.3975 1.0005 0.994539 0.000124442 0.00529451 0.993758
0.4025 1.00157 0.990526 0.00012394 0.0100712 0.988157
0.4075 1.00306 0.984056 0.00012313 0.0178015 0.979153
0.4125 1.00499 0.97441 0.000121923 0.0293902 0.965788
0.4175 1.00729 0.961029 0.000120249 0.0456005 0.947355
0.4225 1.00988 0.943616 0.00011807 0.0669331 0.923554
0.4275 1.01267 0.922185 0.000115389 0.0935766 0.89454
0.4325 1.0156 0.897032 0.000112241 0.125429 0.860867
0.4375 1.01863 0.868653 0.00010869 0.162169 0.823366
0.4425 1.02175 0.837659 0.000104812 0.20334 0.783
0.4475 1.02498 0.804692 0.000100687 0.248425 0.74074
0.4525 1.02838 0.770368 9.63923e-05 0.296905 0.697485
0.4575 1.032 0.735243 9.19974e-05 0.348288 0.654019
0.4625 1.03593 0.699805 8.75632e-05 0.402119 0.610995
0.4675 1.04024 0.664469 8.31418e-05 0.457984 0.568941
0.4725 1.04504 0.629591 7.87777e-05 0.51549 0.528279
0.4775 1.0504 0.595484 7.451e-05 0.57424 0.489352
0.4825 1.05636 0.56244 7.03753e-05 0.633792 0.452449
0.4875 1.06284 0.530765 6.6412e-05 0.693577 0.41785
0.4925 1.06938 0.500839 6.26675e-05 0.752752 0.385886
0.4975 1.07451 0.47323 5.9213e-05 0.80989 0.357062
0.5025 1.07431 0.448949 5.87649e-05 0.862271 0.332308
0.5075 1.06196 0.429973 7.74239e-05 0.904371 0.313525
0.5125 1.04785 0.419557 0.000180976 0.926743 0.303952
0.5175 1.04894 0.416461 0.000591986 0.930034 0.302595
0.5225 1.05302 0.413099 0.00188305 0.929808 0.302726
0.5275 1.0553 0.406234 0.00520138 0.929481 0.302907
0.5325 1.0538 0.393081 0.0123351 0.929201 0.303076
0.5375 1.04718 0.370562 0.0253765 0.928978 0.30323
0.5425 1.03491 0.336468 0.0459183 0.928858 0.303353
0.5475 1.01737 0.290929 0.0741041 0.928798 0.303465
0.5525 0.99522 0.237104 0.1081 0.928741 0.303591
0.5575 0.968732 0.180578 0.144391 0.928736 0.303712
0.5625 0.937881 0.12766 0.178873 0.928815 0.303809
0.5675 0.903215 0.0833802 0.208172 0.928869 0.303895
0.5725 0.866546 0.0501936 0.230496 0.928707 0.303937
0.5775 0.830749 0.0279024 0.245678 0.927966 0.303756
0.5825 0.798597 0.0145069 0.254604 0.925415 0.302908
0.5875 0.770826 0.00733733 0.258242 0.917501 0.300282
0.5925 0.743459 0.0039425 0.256407 0.89554 0.293098
0.5975 0.70424 0.00251037 0.246548 0.840432 0.275478
0.6025 0.627802 0.00189849 0.22396 0.718601 0.239303
0.6075 0.47794 0.00151751 0.188122 0.502415 0.184936
0.6125 0.264391 0.00122378 0.152768 0.242184 0.134905
0.6175 0.0972957 0.00106638 0.133164 0.0727707 0.109686
0.6225 0.0270602 0.00101499 0.126747 0.0160293 0.102119
0.6275 0.00704894 0.00100298 0.125247 0.0031551 0.100418
0.6325 0.00227967 0.00100056 0.124945 0.000590403 0.100078
0.6375 0.0012505 0.0010001 0.124888 0.000105679 0.100014
0.6425 0.00104546 0.00100002 0.124877 1.80079e-05 0.100002
0.6475 0.00100763 0.001 0.124875 2.90167e-06 0.1
0.6525 0.00100118 0.001 0.124875 4.38961e-07 0.1
0.6575 0.00100017 0.001 0.124875 6.19016e-08 0.1
0.6625 0.00100002 0.001 0.124875 8.08007e-09 0.1
0.6675 0.001 0.001 0.124875 9.69326e-10 0.1
0.6725 -0.0386854 0.001 0.124875 1.06085e-10 0.1
0.6775 -0.102004 0.001 0.124875 1.0509e-11 0.1
0.6825 -0.210598 0.001 0.124875 9.34286e-13 0.1
0.6875 -0.144418 0.001 0.124875 7.38271e-14 0.1
0.6925 -0.0184116 0.001 0.124875 5.11253e-15 0.1
0.6975 0.123152 0.001 0.124875 3.03718e-16 0.1
0.7025 -1.12344 0.001 0.124875 -1.3658e-20 0.1
0.7075 0.621471 0.001 0.124875 -2.88853e-17 0.1
0.7125 0.521379 0.001 0.124875 -2.88906e-17 0.1
0.7175 0.374253 0.001 0.124875 0 0.1
0.7225 0.00829658 0.001 0.124875 0 0.1
0.7275 0.001 0.001 0.124875 0 0.1
0.7325 0.001 0.001 0.124875 0 0.1
0.7375 0.001 0.001 0.124875 0 0.1
0.7425 0.001 0.001 0.124875 0 0.1
0.7475 0.001 0.001 0.124875 0 0.1
0.7525 0.001 0.001 0.124875 0 0.1
0.7575 0.001 0.001 0.124875 0 0.1
0.7625 0.001 0.001 0.124875 0 0.1
0.7675 0.001 0.001 0.124875 0 0.1
0.7725 0.001 0.001 0.124875 0 0.1
0.7775 0.001 0.001 0.124875 0 0.1
0.7825 0.001 0.001 0.124875 0 0.1
0.7875 0.001 0.001 0.124875 0 0.1
0.7925 0.001 0.001 0.124875 0 0.1
0.7975 0.001 0.001 0.124875 0 0.1
0.8025 0.001 0.001 0.124875 0 0.1
0.8075 0.001 0.001 0.124875 0 0.1
0.8125 0.001 0.001 0.124875 0 0.1
0.8175 0.001 0.001 0.124875 0 0.1
0.8225 0.001 0.001 0.124875 0 0.1
0.8275 0.001 0.001 0.124875 0 0.1
0.8325 0.001 0.001 0.124875 0 0.1
0.8375 0.001 0.001 0.124875 0 0.1
0.8425 0.001 0.001 0.124875 0 0.1
0.8475 0.001 0.001 0.124875 0 0.1
0.8525 0.001 0.001 0.124875 0 0.1
0.8575 0.001 0.001 0.124875 0 0.1
0.8625 0.001 0.001 0.124875 0 0.1
0.8675 0.001 0.001 0.124875 0 0.1
0.8725 0.001 0.001 0.124875 0 0.1
0.8775 0.001 0.001 0.124875 0 0.1
0.8825 0.001 0.001 0.124875 0 0.1
0.8875 0.001 0.001 0.124875 0 0.1
0.8925 0.001 0.001 0.124875 0 0.1
0.8975 0.001 0.001 0.124875 0 0.1
0.9025 0.001 0.001 0.124875 0 0.1
0.9075 0.001 0.001 0.124875 0 0.1
0.9125 0.001 0.001 0.124875 0 0.1
0.9175 0.001 0.001 0.124875 0 0.1
0.9225 0.001 0.001 0.124875 0 0.1
0.9275 0.001 0.001 0.124875 0 0.1
0.9325 0.001 0.001 0.124875 0 0.1
0.9375 0.001 0.001 0.124875 0 0.1
0.9425 0.001 0.001 0.124875 0 0.1
0.9475 0.001 0.001 0.124875 0 0.1
0.9525 0.001 0.001 0.124875 0 0.1
0.9575 0.001 0.001 0.124875 0 0.1
0.9625 0.001 0.001 0.124875 0 0.1
0.9675 0.001 0.001 0.124875 0 0.1
0.9725 0.001 0.001 0.124875 0 0.1
0.9775 0.001 0.001 0.124875 0 0.1
0.9825 0.001 0.001 0.124875 0 0.1
0.9875 0.001 0.001 0.124875 0 0.1
0.9925 0.001 0.001 0.124875 0 0.1
0.9975 0.001 0.001 0.124875 0 0.1
