x alpha rho1 rho2 v p
0.0025 0.999 0.999 0.000125 0 1
0.0075 0.999 0.999 0.000125 0 1
0.0125 0.999 0.999 0.000125 0 1
0.0175 0.999 0.999 0.000125 0 1
0.0225 0.999 0.999 0.000125 0 1
0.0275 0.999 0.999 0.000125 0 1
0.0325 0.999 0.999 0.000125 0 1
0.0375 0.999 0.999 0.000125 0 1
0.0425 0.999 0.999 0.000125 0 1
0.0475 0.999 0.999 0.000125 0 1
0.0525 0.999 0.999 0.000125 0 1
0.0575 0.999 0.999 0.000125 0 1
0.0625 0.999 0.999 0.000125 0 1
0.0675 0.999 0.999 0.000125 0 1
0.0725 0.999 0.999 0.000125 0 1
0.0775 0.999 0.999 0.000125 0 1
0.0825 0.999 0.999 0.000125 0 1
0.0875 0.999 0.999 0.000125 0 1
0.0925 0.999 0.999 0.000125 0 1
0.0975 0.999 0.999 0.000125 0 1
0.1025 0.999 0.999 0.000125 0 1
0.1075 0.999 0.999 0.000125 0 1
0.1125 0.999 0.999 0.000125 0 1
0.1175 0.999 0.999 0.000125 0 1
0.1225 0.999 0.999 0.000125 0 1
0.1275 0.999 0.999 0.000125 0 1
0.1325 0.999 0.999 0.000125 0 1
0.1375 0.999 0.999 0.000125 0 1
0.1425 0.999 0.999 0.000125 0 1
0.1475 0.999 0.999 0.000125 0 1
0.1525 0.999 0.999 0.000125 0 1
0.1575 0.999 0.999 0.000125 0 1
0.1625 0.999 0.999 0.000125 0 1
0.1675 0.999 0.999 0.000125 0 1
0.1725 0.999 0.999 0.000125 0 1
0.1775 0.999 0.999 0.000125 0 1
0.1825 0.999 0.999 0.000125 0 1
0.1875 0.999 0.999 0.000125 0 1
0.1925 0.999 0.999 0.000125 0 1
0.1975 0.999 0.999 0.000125 0 1
0.2025 0.999 0.999 0.000125 0 1
0.2075 0.999 0.999 0.000125 0 1
0.2125 0.999 0.999 0.000125 0 1
0.2175 0.999 0.999 0.000125 0 1
0.2225 0.999 0.999 0.000125 0 1
0.2275 0.999 0.999 0.000125 0 1
0.2325 0.999 0.999 0.000125 0 1
0.2375 0.999 0.999 0.000125 0 1
0.2425 0.999 0.999 0.000125 0 1
0.2475 0.999 0.999 0.000125 0 1
0.2525 0.999 0.999 0.000125 0 1
0.2575 0.999 0.999 0.000125 0 1
0.2625 0.999 0.999 0.000125 0 1
0.2675 0.999 0.999 0.000125 0 1
0.2725 0.999 0.999 0.000125 3.74777e-17 1
0.2775 0.999 0.999 0.000125 3.70143e-16 1
0.2825 0.999 0.999 0.000125 3.58528e-15 1
0.2875 0.999 0.999 0.000125 3.27071e-14 1
0.2925 0.999 0.999 0.000125 2.7352e-13 1
0.2975 0.999 0.999 0.000125 2.06545e-12 1
0.3025 0.999 0.999 0.000125 1.41407e-11 1
0.3075 0.999 0.999 0.000125 8.81581e-11 1
0.3125 0.999 0.999 0.000125 5.02295e-10 1
0.3175 0.999 0.999 0.000125 2.62361e-09 1
0.3225 0.999 0.999 0.000125 1.25961e-08 1
0.3275 0.999 0.999 0.000125 5.57142e-08 1
0.3325 0.999 0.999 0.000125 2.27477e-07 1
0.3375 0.999 0.998999 0.000125 8.58785e-07 0.999999
0.3425 0.999001 0.998997 0.000125 3.00212e-06 0.999996
0.3475 0.999004 0.998992 0.000124999 9.72956e-06 0.999988
0.3525 0.999012 0.998975 0.000124997 2.9263e-05 0.999965
0.3575 0.999032 0.998931 0.000124991 8.17476e-05 0.999903
0.3625 0.999078 0.998821 0.000124978 0.000212267 0.999749
0.3675 0.999175 0.998567 0.000124946 0.000512686 0.999394
0.3725 0.999365 0.998028 0.000124878 0.00115273 0.998638
0.3775 0.999702 0.996963 0.000124745 0.00241536 0.997147
0.3825 1.00025 0.995019 0.000124502 0.00472365 0.994429
0.3875 1.00108 0.991726 0.00012409 0.00864138 0.989829
0.3925 1.00222 0.986537 0.000123441 0.0148328 0.982599
0.3975 1.00367 0.978903 0.000122485 0.0239824 0.971999
0.4025 1.00542 0.968365 0.000121167 0.0366958 0.957433
0.4075 1.0074 0.95463 0.000119448 0.0534129 0.938563
0.4125 1.00953 0.937617 0.000117319 0.0743598 0.915364
0.4175 1.01178 0.917454 0.000114797 0.0995471 0.888113
0.4225 1.01408 0.894435 0.000111916 0.128806 0.857323
0.4275 1.01643 0.868969 0.00010873 0.161841 0.823652
0.4325 1.01881 0.841516 0.000105295 0.198286 0.787815
0.4375 1.02125 0.812545 0.00010167 0.23775 0.750517
0.4425 1.02377 0.782498 9.79101e-05 0.279849 0.712403
0.4475 1.02641 0.751774 9.40658e-05 0.324222 0.674036
0.4525 1.02921 0.720722 9.01804e-05 0.37054 0.63589
0.4575 1.03223 0.689641 8.62915e-05 0.418509 0.598354
0.4625 1.03551 0.658787 8.24308e-05 0.467859 0.561743
0.4675 1.0391 0.628375 7.86256e-05 0.518338 0.526307
0.4725 1.04306 0.5986 7.48999e-05 0.569695 0.492251
0.4775 1.04742 0.569638 7.1276e-05 0.621657 0.459747
0.4825 1.05217 0.541671 6.77766e-05 0.673893 0.428958
0.4875 1.05714 0.514911 6.44283e-05 0.725951 0.400066
0.4925 1.06188 0.489649 6.12674e-05 0.777135 0.373319
0.4975 1.06513 0.466349 5.8352e-05 0.826244 0.349129
0.5025 1.06383 0.445863 5.61495e-05 0.871008 0.328281
0.5075 1.0532 0.429842 5.75612e-05 0.906939 0.312348
0.5125 1.04028 0.420946 7.58887e-05 0.926667 0.303904
0.5175 1.04035 0.418799 0.000162286 0.929866 0.302571
0.5225 1.04416 0.417521 0.000473718 0.929616 0.302697
0.5275 1.04806 0.415037 0.001398 0.929269 0.302867
0.5325 1.05102 0.410036 0.00371024 0.928964 0.303022
0.5375 1.05182 0.400568 0.00866557 0.928717 0.303157
0.5425 1.04919 0.384199 0.0178811 0.928552 0.303262
0.5475 1.04242 0.358712 0.0329149 0.928423 0.303358
0.5525 1.03149 0.323048 0.0546221 0.9283 0.303458
0.5575 1.01663 0.278143 0.0825626 0.928225 0.303546
0.5625 0.998052 0.227185 0.11482 0.928205 0.30362
0.5675 0.975746 0.174923 0.148403 0.928194 0.303702
0.5725 0.949552 0.126341 0.180063 0.928194 0.30379
0.5775 0.919525 0.0853117 0.207176 0.928252 0.303863
0.5825 0.886618 0.0537872 0.228329 0.928324 0.303919
0.5875 0.852991 0.0317319 0.243393 0.928246 0.30395
0.5925 0.821436 0.0176837 0.253141 0.927753 0.303851
0.5975 0.794181 0.00955183 0.258675 0.926117 0.30332
0.6025 0.771662 0.00529011 0.260857 0.921141 0.301643
0.6075 0.751143 0.00327468 0.259633 0.907241 0.297055
0.6125 0.724489 0.0023983 0.25317 0.871675 0.285504
0.6175 0.674279 0.0019868 0.237258 0.78888 0.259794
0.6225 0.569283 0.0016762 0.207722 0.623817 0.214033
0.6275 0.38384 0.00136249 0.170035 0.375628 0.158693
0.6325 0.178236 0.00113328 0.141516 0.146395 0.120083
0.6375 0.057829 0.00103487 0.12923 0.0377359 0.104992
0.6425 0.0157536 0.00100755 0.125818 0.00802185 0.101062
0.6475 0.00445005 0.00100152 0.125064 0.00160275 0.100213
0.6525 0.00175238 0.00100029 0.124912 0.000309638 0.100041
0.6575 0.00115434 0.00100005 0.124882 5.78993e-05 0.100008
0.6625 0.00102982 0.00100001 0.124876 1.04344e-05 0.100001
0.6675 0.00100542 0.001 0.124875 1.80245e-06 0.1
0.6725 -0.00240412 0.001 0.124875 2.9676e-07 0.1
0.6775 -0.0176566 0.001 0.124875 4.63107e-08 0.1
0.6825 -0.0549877 0.001 0.124875 6.81308e-09 0.1
0.6875 -0.104717 0.001 0.124875 9.39916e-10 0.1
0.6925 -0.129361 0.001 0.124875 1.20957e-10 0.1
0.6975 -0.0970385 0.001 0.124875 1.44432e-11 0.1
0.7025 -0.127785 0.001 0.124875 1.59148e-12 0.1
0.7075 -0.448654 0.001 0.124875 1.60904e-13 0.1
0.7125 -0.520115 0.001 0.124875 1.48842e-14 0.1
0.7175 -0.490868 0.001 0.124875 1.20117e-15 0.1
0.7225 0.494832 0.001 0.124875 2.69405e-17 0.1
0.7275 0.925282 0.001 0.124875 0 0.1
0.7325 0.0335277 0.001 0.124875 0 0.1
0.7375 0.439808 0.001 0.124875 1.85923e-17 0.1
0.7425 -0.340381 0.001 0.124875 0 0.1
0.7475 0.101129 0.001 0.124875 -1.85923e-17 0.1
0.7525 0.356379 0.001 0.124875 0 0.1
0.7575 -0.354327 0.001 0.124875 0 0.1
0.7625 0.356339 0.001 0.124875 0 0.1
0.7675 0.001 0.001 0.124875 0 0.1
0.7725 0.001 0.001 0.124875 0 0.1
0.7775 0.001 0.001 0.124875 0 0.1
0.7825 0.001 0.001 0.124875 0 0.1
0.7875 0.001 0.001 0.124875 0 0.1
0.7925 0.001 0.001 0.124875 0 0.1
0.7975 0.001 0.001 0.124875 0 0.1
0.8025 0.001 0.001 0.124875 0 0.1
0.8075 0.001 0.001 0.124875 0 0.1
0.8125 0.001 0.001 0.124875 0 0.1
0.8175 0.001 0.001 0.124875 0 0.1
0.8225 0.001 0.001 0.124875 0 0.1
0.8275 0.001 0.001 0.124875 0 0.1
0.8325 0.001 0.001 0.124875 0 0.1
0.8375 0.001 0.001 0.124875 0 0.1
0.8425 0.001 0.001 0.124875 0 0.1
0.8475 0.001 0.001 0.124875 0 0.1
0.8525 0.001 0.001 0.124875 0 0.1
0.8575 0.001 0.001 0.124875 0 0.1
0.8625 0.001 0.001 0.124875 0 0.1
0.8675 0.001 0.001 0.124875 0 0.1
0.8725 0.001 0.001 0.124875 0 0.1
0.8775 0.001 0.001 0.124875 0 0.1
0.8825 0.001 0.001 0.124875 0 0.1
0.8875 0.001 0.001 0.124875 0 0.1
0.8925 0.001 0.001 0.124875 0 0.1
0.8975 0.001 0.001 0.124875 0 0.1
0.9025 0.001 0.001 0.124875 0 0.1
0.9075 0.001 0.001 0.124875 0 0.1
0.9125 0.001 0.001 0.124875 0 0.1
0.9175 0.001 0.001 0.124875 0 0.1
0.9225 0.001 0.001 0.124875 0 0.1
0.9275 0.001 0.001 0.124875 0 0.1
0.9325 0.001 0.001 0.124875 0 0.1
0.9375 0.001 0.001 0.124875 0 0.1
0.9425 0.001 0.001 0.124875 0 0.1
0.9475 0.001 0.001 0.124875 0 0.1
0.9525 0.001 0.001 0.124875 0 0.1
0.9575 0.001 0.001 0.124875 0 0.1
0.9625 0.001 0.001 0.124875 0 0.1
0.9675 0.001 0.001 0.124875 0 0.1
0.9725 0.001 0.001 0.124875 0 0.1
0.9775 0.001 0.001 0.124875 0 0.1
0.9825 0.001 0.001 0.124875 0 0.1
0.9875 0.001 0.001 0.124875 0 0.1
0.9925 0.001 0.001 0.124875 0 0.1
0.9975 0.001 0.001 0.124875 0 0.1
