x alpha rho1 rho2 v p
0.0025 0.999999 1.3765 1.38e-07 0.3948 1.57
0.0075 0.999999 1.3765 1.38e-07 0.3948 1.57
0.0125 0.999999 1.3765 1.38e-07 0.3948 1.57
0.0175 0.999999 1.3765 1.38e-07 0.3948 1.57
0.0225 0.999999 1.3765 1.38e-07 0.3948 1.57
0.0275 0.999999 1.3765 1.38e-07 0.3948 1.57
0.0325 0.999999 1.3765 1.38e-07 0.3948 1.57
0.0375 0.999999 1.3765 1.38e-07 0.3948 1.57
0.0425 0.999999 1.3765 1.38e-07 0.3948 1.57
0.0475 0.999999 1.3765 1.38e-07 0.3948 1.57
0.0525 0.999999 1.3765 1.38e-07 0.3948 1.57
0.0575 0.999999 1.3765 1.38e-07 0.3948 1.57
0.0625 0.999999 1.3765 1.38e-07 0.3948 1.57
0.0675 0.999999 1.3765 1.38e-07 0.3948 1.57
0.0725 0.999999 1.3765 1.38e-07 0.3948 1.57
0.0775 0.999999 1.3765 1.38e-07 0.3948 1.57
0.0825 0.999999 1.3765 1.38e-07 0.3948 1.57
0.0875 0.999999 1.3765 1.38e-07 0.3948 1.57
0.0925 0.999999 1.3765 1.38e-07 0.3948 1.57
0.0975 0.999999 1.3765 1.38e-07 0.3948 1.57
0.1025 0.999999 1.3765 1.38e-07 0.394799 1.57
0.1075 0.999998 1.3765 1.38e-07 0.394799 1.57
0.1125 0.999998 1.3765 1.38e-07 0.394798 1.57
0.1175 0.999997 1.3765 1.38e-07 0.394796 1.57001
0.1225 0.999997 1.37651 1.38001e-07 0.394793 1.57001
0.1275 0.999996 1.37651 1.38001e-07 0.394789 1.57002
0.1325 0.999995 1.37652 1.38002e-07 0.394784 1.57003
0.1375 0.999995 1.37652 1.38002e-07 0.394779 1.57004
0.1425 0.999997 1.37652 1.38003e-07 0.394776 1.57004
0.1475 1 1.37652 1.38002e-07 0.394778 1.57004
0.1525 1.00001 1.37651 1.38001e-07 0.394793 1.57001
0.1575 1.00003 1.37647 1.37998e-07 0.394826 1.56994
0.1625 1.00005 1.37642 1.37992e-07 0.394884 1.56983
0.1675 1.00008 1.37632 1.37982e-07 0.394973 1.56967
0.1725 1.0001 1.3762 1.3797e-07 0.395095 1.56945
0.1775 1.00012 1.37604 1.37954e-07 0.395243 1.56919
0.1825 1.00013 1.37586 1.37936e-07 0.395408 1.5689
0.1875 1.00013 1.37568 1.37918e-07 0.395574 1.56862
0.1925 1.00011 1.37552 1.37902e-07 0.395722 1.56836
0.1975 1.00008 1.37539 1.37889e-07 0.395837 1.56818
0.2025 1.00005 1.37531 1.3788e-07 0.395907 1.56806
0.2075 1.00001 1.37527 1.37877e-07 0.395932 1.56803
0.2125 0.999977 1.37528 1.37878e-07 0.395913 1.56807
0.2175 0.999954 1.37533 1.37883e-07 0.395863 1.56817
0.2225 0.99994 1.37541 1.37891e-07 0.395792 1.5683
0.2275 0.999935 1.37549 1.37899e-07 0.395712 1.56843
0.2325 0.999937 1.37558 1.37908e-07 0.395632 1.56857
0.2375 0.999942 1.37566 1.37916e-07 0.395559 1.5687
0.2425 0.99995 1.37573 1.37923e-07 0.395493 1.56881
0.2475 0.999958 1.3758 1.3793e-07 0.395438 1.5689
0.2525 0.999945 1.37581 1.37998e-07 0.39539 1.56898
0.2575 0.999833 1.3756 1.38443e-07 0.39535 1.56905
0.2625 0.999531 1.3749 1.39969e-07 0.395315 1.56911
0.2675 0.999058 1.37353 1.43438e-07 0.395285 1.56916
0.2725 0.9986 1.37169 1.4928e-07 0.395258 1.56921
0.2775 0.998387 1.36991 1.57044e-07 0.395235 1.56925
0.2825 0.998519 1.36873 1.65525e-07 0.395214 1.56928
0.2875 0.998904 1.36839 1.73353e-07 0.395195 1.56932
0.2925 0.999355 1.3688 1.79585e-07 0.395177 1.56934
0.2975 0.999719 1.36964 1.83932e-07 0.395159 1.56937
0.3025 0.999936 1.37059 1.86625e-07 0.395137 1.56938
0.3075 1.00003 1.37145 1.88126e-07 0.395099 1.56936
0.3125 1.00004 1.37209 1.88883e-07 0.395016 1.56926
0.3175 1.00002 1.37244 1.89224e-07 0.394817 1.56895
0.3225 0.999996 1.37237 1.89329e-07 0.394347 1.56817
0.3275 0.999974 1.37158 1.8926e-07 0.393296 1.56639
0.3325 0.999958 1.36946 1.88981e-07 0.391091 1.56259
0.3375 0.999951 1.36499 1.88367e-07 0.386747 1.55511
0.3425 0.999957 1.35653 1.87201e-07 0.378716 1.54133
0.3475 0.999987 1.34181 1.8517e-07 0.36479 1.51763
0.3525 1.00007 1.31815 1.81904e-07 0.34223 1.47986
0.3575 1.00022 1.28331 1.77097e-07 0.308419 1.42471
0.3625 1.00044 1.23712 1.70722e-07 0.262313 1.35236
0.3675 1.00063 1.18311 1.6327e-07 0.206423 1.26905
0.3725 1.00067 1.12866 1.55755e-07 0.147747 1.18665
0.3775 1.00052 1.08187 1.49298e-07 0.0954459 1.11733
0.3825 1.00032 1.04747 1.44551e-07 0.0559916 1.06736
0.3875 1.00023 1.02534 1.41497e-07 0.0303926 1.03569
0.3925 1.00029 1.01242 1.39714e-07 0.0157864 1.01735
0.3975 1.0001 1.00537 1.38742e-07 0.00891121 1.0075
0.4025 0.0059281 0.00649729 0.137362 0.00703458 1.00351
0.4075 1.30415e-05 1.4459e-05 0.1382 0.00508515 1.00244
0.4125 1.01008e-06 1.0123e-06 0.138141 0.00356907 1.00171
0.4175 1e-06 1.00072e-06 0.138098 0.0024749 1.00119
0.4225 1e-06 1.00049e-06 0.138067 0.00169523 1.00081
0.4275 1e-06 1.00033e-06 0.138045 0.00114658 1.00055
0.4325 1e-06 1.00022e-06 0.13803 0.000765433 1.00037
0.4375 1e-06 1.00014e-06 0.13802 0.000504106 1.00024
0.4425 1e-06 1.00009e-06 0.138013 0.000327359 1.00016
0.4475 1e-06 1.00006e-06 0.138008 0.000209494 1.0001
0.4525 1e-06 1.00004e-06 0.138005 0.00013204 1.00006
0.4575 1e-06 1.00002e-06 0.138003 8.19145e-05 1.00004
0.4625 1e-06 1.00001e-06 0.138002 4.99871e-05 1.00002
0.4675 1e-06 1.00001e-06 0.138001 2.99851e-05 1.00001
0.4725 1e-06 1.00001e-06 0.138001 1.76686e-05 1.00001
0.4775 1e-06 1e-06 0.138 1.02197e-05 1
0.4825 1e-06 1e-06 0.138 5.79805e-06 1
0.4875 1e-06 1e-06 0.138 3.22406e-06 1
0.4925 1e-06 1e-06 0.138 1.7557e-06 1
0.4975 1e-06 1e-06 0.138 9.35539e-07 1
0.5025 1e-06 1e-06 0.138 4.8737e-07 1
0.5075 1e-06 1e-06 0.138 2.47998e-07 1
0.5125 1e-06 1e-06 0.138 1.23145e-07 1
0.5175 1e-06 1e-06 0.138 5.96127e-08 1
0.5225 1e-06 1e-06 0.138 2.81036e-08 1
0.5275 1e-06 1e-06 0.138 1.2889e-08 1
0.5325 1e-06 1e-06 0.138 5.74395e-09 1
0.5375 1e-06 1e-06 0.138 2.48439e-09 1
0.5425 1e-06 1e-06 0.138 1.04159e-09 1
0.5475 1e-06 1e-06 0.138 4.22729e-10 1
0.5525 1e-06 1e-06 0.138 1.65845e-10 1
0.5575 1e-06 1e-06 0.138 6.28011e-11 1
0.5625 1e-06 1e-06 0.138 2.2917e-11 1
0.5675 1e-06 1e-06 0.138 8.04519e-12 1
0.5725 1e-06 1e-06 0.138 2.71258e-12 1
0.5775 1e-06 1e-06 0.138 8.7678e-13 1
0.5825 1e-06 1e-06 0.138 2.70694e-13 1
0.5875 1e-06 1e-06 0.138 7.95871e-14 1
0.5925 1e-06 1e-06 0.138 2.2253e-14 1
0.5975 1e-06 1e-06 0.138 5.08867e-15 1
0.6025 0.999999 0.999999 1.38e-07 4.45489e-16 1
0.6075 0.999999 0.999999 1.38e-07 2.62992e-17 1
0.6125 0.999999 0.999999 1.38e-07 0 1
0.6175 0.999999 0.999999 1.38e-07 0 1
0.6225 0.999999 0.999999 1.38e-07 0 1
0.6275 0.999999 0.999999 1.38e-07 0 1
0.6325 0.999999 0.999999 1.38e-07 0 1
0.6375 0.999999 0.999999 1.38e-07 0 1
0.6425 0.999999 0.999999 1.38e-07 0 1
0.6475 0.999999 0.999999 1.38e-07 0 1
0.6525 0.999999 0.999999 1.38e-07 0 1
0.6575 0.999999 0.999999 1.38e-07 0 1
0.6625 0.999999 0.999999 1.38e-07 0 1
0.6675 0.999999 0.999999 1.38e-07 0 1
0.6725 0.999999 0.999999 1.38e-07 0 1
0.6775 0.999999 0.999999 1.38e-07 0 1
0.6825 0.999999 0.999999 1.38e-07 0 1
0.6875 0.999999 0.999999 1.38e-07 0 1
0.6925 0.999999 0.999999 1.38e-07 0 1
0.6975 0.999999 0.999999 1.38e-07 0 1
0.7025 0.999999 0.999999 1.38e-07 0 1
0.7075 0.999999 0.999999 1.38e-07 0 1
0.7125 0.999999 0.999999 1.38e-07 0 1
0.7175 0.999999 0.999999 1.38e-07 0 1
0.7225 0.999999 0.999999 1.38e-07 0 1
0.7275 0.999999 0.999999 1.38e-07 0 1
0.7325 0.999999 0.999999 1.38e-07 0 1
0.7375 0.999999 0.999999 1.38e-07 0 1
0.7425 0.999999 0.999999 1.38e-07 0 1
0.7475 0.999999 0.999999 1.38e-07 0 1
0.7525 0.999999 0.999999 1.38e-07 0 1
0.7575 0.999999 0.999999 1.38e-07 0 1
0.7625 0.999999 0.999999 1.38e-07 0 1
0.7675 0.999999 0.999999 1.38e-07 0 1
0.7725 0.999999 0.999999 1.38e-07 0 1
0.7775 0.999999 0.999999 1.38e-07 0 1
0.7825 0.999999 0.999999 1.38e-07 0 1
0.7875 0.999999 0.999999 1.38e-07 0 1
0.7925 0.999999 0.999999 1.38e-07 0 1
0.7975 0.999999 0.999999 1.38e-07 0 1
0.8025 0.999999 0.999999 1.38e-07 0 1
0.8075 0.999999 0.999999 1.38e-07 0 1
0.8125 0.999999 0.999999 1.38e-07 0 1
0.8175 0.999999 0.999999 1.38e-07 0 1
0.8225 0.999999 0.999999 1.38e-07 0 1
0.8275 0.999999 0.999999 1.38e-07 0 1
0.8325 0.999999 0.999999 1.38e-07 0 1
0.8375 0.999999 0.999999 1.38e-07 0 1
0.8425 0.999999 0.999999 1.38e-07 0 1
0.8475 0.999999 0.999999 1.38e-07 0 1
0.8525 0.999999 0.999999 1.38e-07 0 1
0.8575 0.999999 0.999999 1.38e-07 0 1
0.8625 0.999999 0.999999 1.38e-07 0 1
0.8675 0.999999 0.999999 1.38e-07 0 1
0.8725 0.999999 0.999999 1.38e-07 0 1
0.8775 0.999999 0.999999 1.38e-07 0 1
0.8825 0.999999 0.999999 1.38e-07 0 1
0.8875 0.999999 0.999999 1.38e-07 0 1
0.8925 0.999999 0.999999 1.38e-07 0 1
0.8975 0.999999 0.999999 1.38e-07 0 1
0.9025 0.999999 0.999999 1.38e-07 0 1
0.9075 0.999999 0.999999 1.38e-07 0 1
0.9125 0.999999 0.999999 1.38e-07 0 1
0.9175 0.999999 0.999999 1.38e-07 0 1
0.9225 0.999999 0.999999 1.38e-07 0 1
0.9275 0.999999 0.999999 1.38e-07 0 1
0.9325 0.999999 0.999999 1.38e-07 0 1
0.9375 0.999999 0.999999 1.38e-07 0 1
0.9425 0.999999 0.999999 1.38e-07 0 1
0.9475 0.999999 0.999999 1.38e-07 0 1
0.9525 0.999999 0.999999 1.38e-07 0 1
0.9575 0.999999 0.999999 1.38e-07 0 1
0.9625 0.999999 0.999999 1.38e-07 0 1
0.9675 0.999999 0.999999 1.38e-07 0 1
0.9725 0.999999 0.999999 1.38e-07 0 1
0.9775 0.999999 0.999999 1.38e-07 0 1
0.9825 0.999999 0.999999 1.38e-07 0 1
0.9875 0.999999 0.999999 1.38e-07 0 1
0.9925 0.999999 0.999999 1.38e-07 0 1
0.9975 0.999999 0.999999 1.38e-07 0 1
