x alpha rho1 rho2 v p
0.0025 0.999999 1.3765 1.38e-07 0.3948 1.57
0.0075 0.999999 1.3765 1.38e-07 0.3948 1.57
0.0125 0.999999 1.3765 1.38e-07 0.3948 1.57
0.0175 0.999999 1.3765 1.38e-07 0.3948 1.57
0.0225 0.999999 1.3765 1.38e-07 0.3948 1.57
0.0275 0.999999 1.3765 1.38e-07 0.3948 1.57
0.0325 0.999999 1.3765 1.38e-07 0.3948 1.57
0.0375 0.999999 1.3765 1.38e-07 0.3948 1.57
0.0425 0.999999 1.3765 1.38e-07 0.3948 1.57
0.0475 0.999999 1.3765 1.38e-07 0.3948 1.57
0.0525 0.999999 1.3765 1.38e-07 0.3948 1.57
0.0575 0.999999 1.3765 1.38e-07 0.3948 1.57
0.0625 0.999999 1.3765 1.38e-07 0.3948 1.57
0.0675 0.999999 1.3765 1.38e-07 0.3948 1.57
0.0725 0.999999 1.3765 1.38e-07 0.3948 1.57
0.0775 0.999999 1.3765 1.38e-07 0.3948 1.57
0.0825 0.999999 1.3765 1.38e-07 0.3948 1.57
0.0875 0.999999 1.3765 1.38e-07 0.3948 1.57
0.0925 0.999999 1.3765 1.38e-07 0.394799 1.57
0.0975 0.999998 1.3765 1.38e-07 0.394799 1.57
0.1025 0.999998 1.3765 1.38e-07 0.394797 1.57
0.1075 0.999997 1.3765 1.38e-07 0.394796 1.57001
0.1125 0.999997 1.37651 1.38001e-07 0.394793 1.57001
0.1175 0.999996 1.37651 1.38001e-07 0.394789 1.57002
0.1225 0.999996 1.37651 1.38002e-07 0.394786 1.57003
0.1275 0.999997 1.37652 1.38002e-07 0.394783 1.57003
0.1325 1 1.37652 1.38002e-07 0.394783 1.57003
0.1375 1.00001 1.37651 1.38001e-07 0.394789 1.57002
0.1425 1.00002 1.37649 1.38e-07 0.394807 1.56998
0.1475 1.00003 1.37646 1.37996e-07 0.394841 1.56992
0.1525 1.00005 1.3764 1.3799e-07 0.394897 1.56981
0.1575 1.00007 1.37632 1.37982e-07 0.394979 1.56966
0.1625 1.00009 1.3762 1.3797e-07 0.395088 1.56947
0.1675 1.00011 1.37606 1.37956e-07 0.39522 1.56923
0.1725 1.00012 1.3759 1.3794e-07 0.395367 1.56898
0.1775 1.00012 1.37574 1.37924e-07 0.395516 1.56872
0.1825 1.00011 1.37559 1.37909e-07 0.395654 1.56848
0.1875 1.00008 1.37546 1.37896e-07 0.395767 1.5683
0.1925 1.00005 1.37537 1.37887e-07 0.395846 1.56817
0.1975 1.00002 1.37532 1.37882e-07 0.395885 1.56811
0.2025 0.999993 1.37532 1.37882e-07 0.395886 1.56812
0.2075 0.999969 1.37535 1.37884e-07 0.395854 1.56818
0.2125 0.999952 1.3754 1.3789e-07 0.395799 1.56828
0.2175 0.999943 1.37547 1.37897e-07 0.395731 1.5684
0.2225 0.999941 1.37555 1.37905e-07 0.395657 1.56853
0.2275 0.999943 1.37563 1.37913e-07 0.395585 1.56865
0.2325 0.999948 1.3757 1.3792e-07 0.395519 1.56877
0.2375 0.999954 1.37577 1.37927e-07 0.39546 1.56886
0.2425 0.999961 1.37583 1.37933e-07 0.39541 1.56895
0.2475 0.999967 1.37587 1.37937e-07 0.395366 1.56903
0.2525 0.999963 1.3759 1.37969e-07 0.395329 1.56909
0.2575 0.999908 1.37581 1.3819e-07 0.395297 1.56914
0.2625 0.99973 1.37541 1.39038e-07 0.395269 1.56919
0.2675 0.99939 1.37451 1.41203e-07 0.395244 1.56923
0.2725 0.998962 1.37306 1.45313e-07 0.395222 1.56927
0.2775 0.998616 1.37136 1.51479e-07 0.395202 1.56931
0.2825 0.998509 1.36985 1.59098e-07 0.395184 1.56934
0.2875 0.998679 1.36893 1.67068e-07 0.395168 1.56936
0.2925 0.999031 1.36873 1.74273e-07 0.395153 1.56939
0.2975 0.999419 1.36916 1.7999e-07 0.395139 1.56941
0.3025 0.999729 1.36993 1.84024e-07 0.395125 1.56943
0.3075 0.999921 1.37081 1.86583e-07 0.395111 1.56945
0.3125 1.00001 1.37162 1.88059e-07 0.395095 1.56946
0.3175 1.00003 1.37228 1.88842e-07 0.395067 1.56945
0.3225 1.00001 1.37276 1.89228e-07 0.395009 1.56938
0.3275 0.999992 1.37304 1.89402e-07 0.394877 1.56918
0.3325 0.999972 1.37305 1.89454e-07 0.394573 1.56868
0.3375 0.999957 1.37259 1.8941e-07 0.393905 1.56755
0.3425 0.999947 1.3713 1.89238e-07 0.392512 1.56516
0.3475 0.999942 1.36851 1.88854e-07 0.389765 1.56042
0.3525 0.999945 1.36312 1.88111e-07 0.384636 1.55157
0.3575 0.999963 1.35349 1.86782e-07 0.375575 1.536
0.3625 1.00001 1.33743 1.84566e-07 0.360455 1.51026
0.3675 1.00013 1.31249 1.81124e-07 0.336763 1.47053
0.3725 1.00036 1.27677 1.76194e-07 0.302287 1.41408
0.3775 1.00072 1.23041 1.69797e-07 0.256527 1.34161
0.3825 1.00121 1.17698 1.62423e-07 0.202473 1.25929
0.3875 1.00183 1.12317 1.54998e-07 0.147253 1.17787
0.3925 1.0028 1.07592 1.48477e-07 0.0998767 1.10765
0.3975 1.00072 1.0398 1.43492e-07 0.06955 1.05621
0.4025 0.0610608 0.0677189 0.130905 0.0590296 1.03066
0.4075 0.00144049 0.00163228 0.139648 0.047185 1.02289
0.4125 1.69225e-05 1.89901e-05 0.13944 0.0362371 1.01753
0.4175 1.08803e-06 1.10702e-06 0.139092 0.0274641 1.01325
0.4225 1.00025e-06 1.0062e-06 0.138816 0.0205506 1.0099
0.4275 1e-06 1.00437e-06 0.138603 0.0151968 1.00732
0.4325 1e-06 1.0032e-06 0.138441 0.0111106 1.00534
0.4375 1e-06 1.00231e-06 0.138319 0.00803317 1.00386
0.4425 1e-06 1.00165e-06 0.138228 0.00574425 1.00276
0.4475 1e-06 1.00117e-06 0.138161 0.00406209 1.00195
0.4525 1e-06 1.00082e-06 0.138113 0.00284032 1.00136
0.4575 1e-06 1.00056e-06 0.138078 0.00196329 1.00094
0.4625 1e-06 1.00039e-06 0.138053 0.00134111 1.00064
0.4675 1e-06 1.00026e-06 0.138036 0.000904973 1.00043
0.4725 1e-06 1.00017e-06 0.138024 0.000602986 1.00029
0.4775 1e-06 1.00011e-06 0.138016 0.000396529 1.00019
0.4825 1e-06 1.00007e-06 0.13801 0.00025723 1.00012
0.4875 1e-06 1.00005e-06 0.138006 0.000164521 1.00008
0.4925 1e-06 1.00003e-06 0.138004 0.000103688 1.00005
0.4975 1e-06 1.00002e-06 0.138002 6.43583e-05 1.00003
0.5025 1e-06 1.00001e-06 0.138001 3.93177e-05 1.00002
0.5075 1e-06 1.00001e-06 0.138001 2.36273e-05 1.00001
0.5125 1e-06 1e-06 0.138 1.39577e-05 1.00001
0.5175 1e-06 1e-06 0.138 8.1003e-06 1
0.5225 1e-06 1e-06 0.138 4.61517e-06 1
0.5275 1e-06 1e-06 0.138 2.57973e-06 1
0.5325 1e-06 1e-06 0.138 1.41368e-06 1
0.5375 1e-06 1e-06 0.138 7.58917e-07 1
0.5425 1e-06 1e-06 0.138 3.98818e-07 1
0.5475 1e-06 1e-06 0.138 2.04997e-07 1
0.5525 1e-06 1e-06 0.138 1.02981e-07 1
0.5575 1e-06 1e-06 0.138 5.05158e-08 1
0.5625 1e-06 1e-06 0.138 2.41754e-08 1
0.5675 1e-06 1e-06 0.138 1.12769e-08 1
0.5725 1e-06 1e-06 0.138 5.12218e-09 1
0.5775 1e-06 1e-06 0.138 2.26305e-09 1
0.5825 1e-06 1e-06 0.138 9.71051e-10 1
0.5875 1e-06 1e-06 0.138 4.02881e-10 1
0.5925 1e-06 1e-06 0.138 1.57667e-10 1
0.5975 1e-06 1e-06 0.138 4.77702e-11 1
0.6025 0.999999 0.999999 1.38e-07 7.70233e-12 1
0.6075 0.999999 0.999999 1.38e-07 8.713e-13 1
0.6125 0.999999 0.999999 1.38e-07 1.22569e-13 1
0.6175 0.999999 0.999999 1.38e-07 1.69815e-14 1
0.6225 0.999999 0.999999 1.38e-07 2.18834e-15 1
0.6275 0.999999 0.999999 1.38e-07 2.64823e-16 1
0.6325 0.999999 0.999999 1.38e-07 0 1
0.6375 0.999999 0.999999 1.38e-07 0 1
0.6425 0.999999 0.999999 1.38e-07 0 1
0.6475 0.999999 0.999999 1.38e-07 0 1
0.6525 0.999999 0.999999 1.38e-07 0 1
0.6575 0.999999 0.999999 1.38e-07 0 1
0.6625 0.999999 0.999999 1.38e-07 0 1
0.6675 0.999999 0.999999 1.38e-07 0 1
0.6725 0.999999 0.999999 1.38e-07 0 1
0.6775 0.999999 0.999999 1.38e-07 0 1
0.6825 0.999999 0.999999 1.38e-07 0 1
0.6875 0.999999 0.999999 1.38e-07 0 1
0.6925 0.999999 0.999999 1.38e-07 0 1
0.6975 0.999999 0.999999 1.38e-07 0 1
0.7025 0.999999 0.999999 1.38e-07 0 1
0.7075 0.999999 0.999999 1.38e-07 0 1
0.7125 0.999999 0.999999 1.38e-07 0 1
0.7175 0.999999 0.999999 1.38e-07 0 1
0.7225 0.999999 0.999999 1.38e-07 0 1
0.7275 0.999999 0.999999 1.38e-07 0 1
0.7325 0.999999 0.999999 1.38e-07 0 1
0.7375 0.999999 0.999999 1.38e-07 0 1
0.7425 0.999999 0.999999 1.38e-07 0 1
0.7475 0.999999 0.999999 1.38e-07 0 1
0.7525 0.999999 0.999999 1.38e-07 0 1
0.7575 0.999999 0.999999 1.38e-07 0 1
0.7625 0.999999 0.999999 1.38e-07 0 1
0.7675 0.999999 0.999999 1.38e-07 0 1
0.7725 0.999999 0.999999 1.38e-07 0 1
0.7775 0.999999 0.999999 1.38e-07 0 1
0.7825 0.999999 0.999999 1.38e-07 0 1
0.7875 0.999999 0.999999 1.38e-07 0 1
0.7925 0.999999 0.999999 1.38e-07 0 1
0.7975 0.999999 0.999999 1.38e-07 0 1
0.8025 0.999999 0.999999 1.38e-07 0 1
0.8075 0.999999 0.999999 1.38e-07 0 1
0.8125 0.999999 0.999999 1.38e-07 0 1
0.8175 0.999999 0.999999 1.38e-07 0 1
0.8225 0.999999 0.999999 1.38e-07 0 1
0.8275 0.999999 0.999999 1.38e-07 0 1
0.8325 0.999999 0.999999 1.38e-07 0 1
0.8375 0.999999 0.999999 1.38e-07 0 1
0.8425 0.999999 0.999999 1.38e-07 0 1
0.8475 0.999999 0.999999 1.38e-07 0 1
0.8525 0.999999 0.999999 1.38e-07 0 1
0.8575 0.999999 0.999999 1.38e-07 0 1
0.8625 0.999999 0.999999 1.38e-07 0 1
0.8675 0.999999 0.999999 1.38e-07 0 1
0.8725 0.999999 0.999999 1.38e-07 0 1
0.8775 0.999999 0.999999 1.38e-07 0 1
0.8825 0.999999 0.999999 1.38e-07 0 1
0.8875 0.999999 0.999999 1.38e-07 0 1
0.8925 0.999999 0.999999 1.38e-07 0 1
0.8975 0.999999 0.999999 1.38e-07 0 1
0.9025 0.999999 0.999999 1.38e-07 0 1
0.9075 0.999999 0.999999 1.38e-07 0 1
0.9125 0.999999 0.999999 1.38e-07 0 1
0.9175 0.999999 0.999999 1.38e-07 0 1
0.9225 0.999999 0.999999 1.38e-07 0 1
0.9275 0.999999 0.999999 1.38e-07 0 1
0.9325 0.999999 0.999999 1.38e-07 0 1
0.9375 0.999999 0.999999 1.38e-07 0 1
0.9425 0.999999 0.999999 1.38e-07 0 1
0.9475 0.999999 0.999999 1.38e-07 0 1
0.9525 0.999999 0.999999 1.38e-07 0 1
0.9575 0.999999 0.999999 1.38e-07 0 1
0.9625 0.999999 0.999999 1.38e-07 0 1
0.9675 0.999999 0.999999 1.38e-07 0 1
0.9725 0.999999 0.999999 1.38e-07 0 1
0.9775 0.999999 0.999999 1.38e-07 0 1
0.9825 0.999999 0.999999 1.38e-07 0 1
0.9875 0.999999 0.999999 1.38e-07 0 1
0.9925 0.999999 0.999999 1.38e-07 0 1
0.9975 0.999999 0.999999 1.38e-07 0 1
