x alpha rho1 rho2 v p
0.0025 0.999 0.999 0.000125 0 1
0.0075 0.999 0.999 0.000125 0 1
0.0125 0.999 0.999 0.000125 0 1
0.0175 0.999 0.999 0.000125 0 1
0.0225 0.999 0.999 0.000125 0 1
0.0275 0.999 0.999 0.000125 0 1
0.0325 0.999 0.999 0.000125 0 1
0.0375 0.999 0.999 0.000125 0 1
0.0425 0.999 0.999 0.000125 0 1
0.0475 0.999 0.999 0.000125 0 1
0.0525 0.999 0.999 0.000125 0 1
0.0575 0.999 0.999 0.000125 0 1
0.0625 0.999 0.999 0.000125 0 1
0.0675 0.999 0.999 0.000125 0 1
0.0725 0.999 0.999 0.000125 0 1
0.0775 0.999 0.999 0.000125 0 1
0.0825 0.999 0.999 0.000125 0 1
0.0875 0.999 0.999 0.000125 0 1
0.0925 0.999 0.999 0.000125 0 1
0.0975 0.999 0.999 0.000125 0 1
0.1025 0.999 0.999 0.000125 0 1
0.1075 0.999 0.999 0.000125 0 1
0.1125 0.999 0.999 0.000125 0 1
0.1175 0.999 0.999 0.000125 0 1
0.1225 0.999 0.999 0.000125 0 1
0.1275 0.999 0.999 0.000125 0 1
0.1325 0.999 0.999 0.000125 0 1
0.1375 0.999 0.999 0.000125 0 1
0.1425 0.999 0.999 0.000125 0 1
0.1475 0.999 0.999 0.000125 0 1
0.1525 0.999 0.999 0.000125 0 1
0.1575 0.999 0.999 0.000125 0 1
0.1625 0.999 0.999 0.000125 0 1
0.1675 0.999 0.999 0.000125 0 1
0.1725 0.999 0.999 0.000125 0 1
0.1775 0.999 0.999 0.000125 0 1
0.1825 0.999 0.999 0.000125 0 1
0.1875 0.999 0.999 0.000125 0 1
0.1925 0.999 0.999 0.000125 0 1
0.1975 0.999 0.999 0.000125 0 1
0.2025 0.999 0.999 0.000125 0 1
0.2075 0.999 0.999 0.000125 6.7511e-17 1
0.2125 0.999 0.999 0.000125 3.28036e-16 1
0.2175 0.999 0.999 0.000125 1.91953e-15 1
0.2225 0.999 0.999 0.000125 1.1827e-14 1
0.2275 0.999 0.999 0.000125 6.80729e-14 1
0.2325 0.999 0.999 0.000125 3.67702e-13 1
0.2375 0.999 0.999 0.000125 1.873e-12 1
0.2425 0.999 0.999 0.000125 9.00119e-12 1
0.2475 0.999 0.999 0.000125 4.08547e-11 1
0.2525 0.999 0.999 0.000125 1.75303e-10 1
0.2575 0.999 0.999 0.000125 7.11745e-10 1
0.2625 0.999 0.999 0.000125 2.73647e-09 1
0.2675 0.999 0.999 0.000125 9.97001e-09 1
0.2725 0.999 0.999 0.000125 3.44435e-08 1
0.2775 0.999 0.999 0.000125 1.12892e-07 1
0.2825 0.999 0.999 0.000125 3.5121e-07 1
0.2875 0.999 0.998999 0.000125 1.03752e-06 0.999999
0.2925 0.999001 0.998998 0.000125 2.9114e-06 0.999997
0.2975 0.999003 0.998993 0.000124999 7.76254e-06 0.999991
0.3025 0.999007 0.998983 0.000124998 1.96699e-05 0.999977
0.3075 0.999016 0.99896 0.000124995 4.73785e-05 0.999944
0.3125 0.999035 0.998908 0.000124989 0.000108494 0.999872
0.3175 0.999072 0.998801 0.000124975 0.000236235 0.999721
0.3225 0.999141 0.998587 0.000124948 0.000489192 0.999422
0.3275 0.999259 0.998187 0.000124898 0.000963677 0.998861
0.3325 0.999452 0.997476 0.000124809 0.00180674 0.997865
0.3375 0.999748 0.99628 0.00012466 0.00322607 0.996191
0.3425 1.00017 0.994373 0.000124421 0.0054919 0.993524
0.3475 1.00075 0.991487 0.00012406 0.00892649 0.989493
0.3525 1.00148 0.987335 0.00012354 0.0138799 0.983705
0.3575 1.00237 0.981642 0.000122828 0.0206956 0.975788
0.3625 1.0034 0.974179 0.000121894 0.029673 0.965444
0.3675 1.00454 0.964791 0.00012072 0.0410365 0.952484
0.3725 1.00575 0.953413 0.000119296 0.0549176 0.936854
0.3775 1.00702 0.940071 0.000117627 0.0713511 0.918631
0.3825 1.0083 0.924871 0.000115725 0.0902862 0.898008
0.3875 1.00959 0.907981 0.000113611 0.111604 0.875262
0.3925 1.01088 0.889607 0.000111312 0.135139 0.850721
0.3975 1.01215 0.869976 0.000108856 0.1607 0.824734
0.4025 1.01342 0.849318 0.000106271 0.188085 0.797646
0.4075 1.01469 0.827851 0.000103585 0.217095 0.769783
0.4125 1.01596 0.805779 0.000100823 0.247543 0.741439
0.4175 1.01726 0.783286 9.80088e-05 0.279254 0.712874
0.4225 1.01859 0.760532 9.51616e-05 0.312074 0.68431
0.4275 1.01996 0.737656 9.22993e-05 0.34586 0.655934
0.4325 1.0214 0.71478 8.94369e-05 0.380491 0.627905
0.4375 1.02292 0.692005 8.65873e-05 0.415855 0.600351
0.4425 1.02452 0.669421 8.37614e-05 0.451853 0.573377
0.4475 1.02623 0.647103 8.09688e-05 0.488395 0.547069
0.4525 1.02806 0.625116 7.82177e-05 0.525396 0.521497
0.4575 1.03003 0.603519 7.55154e-05 0.562772 0.496717
0.4625 1.03214 0.582366 7.28687e-05 0.600437 0.47278
0.4675 1.03442 0.561711 7.02841e-05 0.638296 0.449728
0.4725 1.03684 0.541608 6.77688e-05 0.676235 0.427607
0.4775 1.03939 0.522123 6.53308e-05 0.714109 0.406467
0.4825 1.04198 0.503341 6.29807e-05 0.751714 0.386376
0.4875 1.04443 0.485384 6.07337e-05 0.788744 0.367438
0.4925 1.04635 0.468442 5.86139e-05 0.824703 0.349821
0.4975 1.04687 0.452847 5.66626e-05 0.85873 0.333828
0.5025 1.04428 0.439203 5.49562e-05 0.88925 0.320028
0.5075 1.03659 0.428609 5.36428e-05 0.913384 0.30947
0.5125 1.0273 0.422639 5.29918e-05 0.926971 0.303665
0.5175 1.02594 0.421308 5.3409e-05 0.929564 0.302574
0.5225 1.02756 0.42114 5.62702e-05 0.929285 0.302698
0.5275 1.02955 0.420927 6.81235e-05 0.928935 0.302853
0.5325 1.03183 0.420566 0.000109874 0.92863 0.302989
0.5375 1.03441 0.419933 0.000237368 0.928384 0.303102
0.5425 1.03716 0.418789 0.000579371 0.928192 0.303192
0.5475 1.03994 0.416704 0.00139389 0.92802 0.303274
0.5525 1.04242 0.412945 0.00313112 0.927864 0.303351
0.5575 1.04408 0.406426 0.0064732 0.927741 0.303414
0.5625 1.04436 0.395793 0.012309 0.927637 0.30347
0.5675 1.04285 0.379614 0.0216079 0.927541 0.303525
0.5725 1.03926 0.356727 0.0351913 0.927464 0.303572
0.5775 1.03354 0.326674 0.0534546 0.927408 0.303612
0.5825 1.02576 0.29003 0.0761385 0.927355 0.303651
0.5875 1.016 0.248484 0.102245 0.927311 0.303688
0.5925 1.00414 0.204624 0.13016 0.927289 0.303719
0.5975 0.989891 0.161449 0.157961 0.927275 0.303749
0.6025 0.972864 0.121761 0.183807 0.92726 0.303782
0.6075 0.9527 0.0876477 0.206275 0.927261 0.303813
0.6125 0.929338 0.0602021 0.22457 0.927289 0.303839
0.6175 0.903307 0.0395179 0.23855 0.927319 0.303869
0.6225 0.875813 0.0249069 0.248593 0.92734 0.303907
0.6275 0.848528 0.015231 0.25538 0.927375 0.30394
0.6325 0.823227 0.00922601 0.259699 0.927415 0.303954
0.6375 0.801418 0.0057364 0.262286 0.92734 0.303938
0.6425 0.783959 0.00384035 0.263707 0.926916 0.303831
0.6475 0.770743 0.00287865 0.264271 0.925655 0.303427
0.6525 0.76054 0.00242225 0.26397 0.922193 0.302243
0.6575 0.750698 0.00221252 0.262279 0.912992 0.299159
0.6625 0.735929 0.00209859 0.257637 0.889808 0.291548
0.6675 0.705286 0.00198461 0.246696 0.835033 0.274073
0.6725 0.636987 0.00179981 0.224545 0.718053 0.239409
0.6775 0.498367 0.00152217 0.19006 0.512437 0.1874
0.6825 0.292207 0.00124183 0.155073 0.259514 0.137878
0.6875 0.116723 0.00107701 0.134491 0.0842272 0.111278
0.6925 0.0328259 0.00101883 0.127227 0.0201612 0.102668
0.6975 0.0011519 0.00100411 0.125388 0.00434858 0.100577
0.7025 -0.0165198 0.00100086 0.124983 0.000911245 0.100121
0.7075 -0.0344037 0.00100018 0.124897 0.000188263 0.100025
0.7125 -0.0560775 0.00100004 0.12488 3.83896e-05 0.100005
0.7175 -0.0836701 0.00100001 0.124876 7.71171e-06 0.100001
0.7225 -0.121045 0.001 0.124875 1.52177e-06 0.1
0.7275 -0.168502 0.001 0.124875 2.94071e-07 0.1
0.7325 -0.211933 0.001 0.124875 5.54689e-08 0.1
0.7375 -0.223293 0.001 0.124875 1.01794e-08 0.1
0.7425 -0.197213 0.001 0.124875 1.81163e-09 0.1
0.7475 -0.19127 0.001 0.124875 3.11686e-10 0.1
0.7525 -0.274665 0.001 0.124875 5.16829e-11 0.1
0.7575 -0.426188 0.001 0.124875 8.2354e-12 0.1
0.7625 -0.57202 0.001 0.124875 1.25755e-12 0.1
0.7675 -0.569558 0.001 0.124875 1.83556e-13 0.1
0.7725 -0.291228 0.001 0.124875 2.55909e-14 0.1
0.7775 -0.343057 0.001 0.124875 3.35884e-15 0.1
0.7825 -0.068107 0.001 0.124875 3.92405e-16 0.1
0.7875 -0.86101 0.001 0.124875 4.79619e-17 0.1
0.7925 0.015027 0.001 0.124875 -2.53726e-19 0.1
0.7975 -0.108638 0.001 0.124875 -9.76512e-18 0.1
0.8025 0.406839 0.001 0.124875 -2.87892e-17 0.1
0.8075 0.489549 0.001 0.124875 -3.80588e-17 0.1
0.8125 0.788091 0.001 0.124875 9.36602e-18 0.1
0.8175 0.159324 0.001 0.124875 -1.69023e-21 0.1
0.8225 0.49276 0.001 0.124875 -3.82141e-17 0.1
0.8275 -0.308996 0.001 0.124875 0 0.1
0.8325 -0.32585 0.001 0.124875 9.44819e-18 0.1
0.8375 0.743342 0.001 0.124875 2.87659e-17 0.1
0.8425 -0.0447135 0.001 0.124875 -3.96242e-21 0.1
0.8475 0.372724 0.001 0.124875 -1.91117e-17 0.1
0.8525 0.241822 0.001 0.124875 -2.87694e-17 0.1
0.8575 0.753407 0.001 0.124875 -3.8427e-17 0.1
0.8625 0.497153 0.001 0.124875 0 0.1
0.8675 0.0997522 0.001 0.124875 -1.91078e-17 0.1
0.8725 0.462297 0.001 0.124875 0 0.1
0.8775 0.0287229 0.001 0.124875 0 0.1
0.8825 0.00100795 0.001 0.124875 0 0.1
0.8875 0.001 0.001 0.124875 0 0.1
0.8925 0.001 0.001 0.124875 0 0.1
0.8975 0.001 0.001 0.124875 0 0.1
0.9025 0.001 0.001 0.124875 0 0.1
0.9075 0.001 0.001 0.124875 0 0.1
0.9125 0.001 0.001 0.124875 0 0.1
0.9175 0.001 0.001 0.124875 0 0.1
0.9225 0.001 0.001 0.124875 0 0.1
0.9275 0.001 0.001 0.124875 0 0.1
0.9325 0.001 0.001 0.124875 0 0.1
0.9375 0.001 0.001 0.124875 0 0.1
0.9425 0.001 0.001 0.124875 0 0.1
0.9475 0.001 0.001 0.124875 0 0.1
0.9525 0.001 0.001 0.124875 0 0.1
0.9575 0.001 0.001 0.124875 0 0.1
0.9625 0.001 0.001 0.124875 0 0.1
0.9675 0.001 0.001 0.124875 0 0.1
0.9725 0.001 0.001 0.124875 0 0.1
0.9775 0.001 0.001 0.124875 0 0.1
0.9825 0.001 0.001 0.124875 0 0.1
0.9875 0.001 0.001 0.124875 0 0.1
0.9925 0.001 0.001 0.124875 0 0.1
0.9975 0.001 0.001 0.124875 0 0.1
