x alpha rho1 rho2 v p
0.0025 0.999999 1.3765 1.38e-07 0.3948 1.57
0.0075 0.999999 1.3765 1.38e-07 0.3948 1.57
0.0125 0.999999 1.3765 1.38e-07 0.3948 1.57
0.0175 0.999999 1.3765 1.38e-07 0.3948 1.57
0.0225 0.999999 1.3765 1.38e-07 0.3948 1.57
0.0275 0.999999 1.3765 1.38e-07 0.3948 1.57
0.0325 0.999999 1.3765 1.38e-07 0.3948 1.57
0.0375 0.999999 1.3765 1.38e-07 0.3948 1.57
0.0425 0.999999 1.3765 1.38e-07 0.3948 1.57
0.0475 0.999999 1.3765 1.38e-07 0.3948 1.57
0.0525 0.999999 1.3765 1.38e-07 0.3948 1.57
0.0575 0.999999 1.3765 1.38e-07 0.3948 1.57
0.0625 0.999999 1.3765 1.38e-07 0.3948 1.57
0.0675 0.999999 1.3765 1.38e-07 0.394799 1.57
0.0725 0.999999 1.3765 1.38e-07 0.394799 1.57
0.0775 0.999998 1.3765 1.38e-07 0.394798 1.57
0.0825 0.999998 1.3765 1.38e-07 0.394797 1.57001
0.0875 0.999998 1.3765 1.38e-07 0.394795 1.57001
0.0925 0.999997 1.37651 1.38001e-07 0.394793 1.57001
0.0975 0.999997 1.37651 1.38001e-07 0.394791 1.57002
0.1025 0.999998 1.37651 1.38001e-07 0.39479 1.57002
0.1075 1 1.37651 1.38001e-07 0.394791 1.57002
0.1125 1 1.3765 1.38001e-07 0.394795 1.57001
0.1175 1.00001 1.37649 1.37999e-07 0.394806 1.56999
0.1225 1.00002 1.37647 1.37997e-07 0.394827 1.56995
0.1275 1.00003 1.37644 1.37994e-07 0.394861 1.56988
0.1325 1.00004 1.37638 1.37988e-07 0.394913 1.56979
0.1375 1.00006 1.37631 1.37981e-07 0.394983 1.56966
0.1425 1.00007 1.37621 1.37971e-07 0.395074 1.5695
0.1475 1.00009 1.3761 1.3796e-07 0.395181 1.56931
0.1525 1.0001 1.37597 1.37947e-07 0.395301 1.5691
0.1575 1.0001 1.37584 1.37934e-07 0.395426 1.56888
0.1625 1.00009 1.37571 1.37921e-07 0.395546 1.56867
0.1675 1.00008 1.37559 1.37909e-07 0.395652 1.5685
0.1725 1.00006 1.37549 1.37899e-07 0.395736 1.56836
0.1775 1.00004 1.37543 1.37893e-07 0.395793 1.56826
0.1825 1.00001 1.37539 1.37889e-07 0.39582 1.56823
0.1875 0.999992 1.37539 1.37889e-07 0.395818 1.56824
0.1925 0.999974 1.37542 1.37891e-07 0.395791 1.56829
0.1975 0.99996 1.37546 1.37896e-07 0.395746 1.56837
0.2025 0.999952 1.37552 1.37902e-07 0.39569 1.56847
0.2075 0.999949 1.37559 1.37909e-07 0.395627 1.56858
0.2125 0.99995 1.37566 1.37916e-07 0.395565 1.56869
0.2175 0.999953 1.37572 1.37922e-07 0.395505 1.56879
0.2225 0.999957 1.37578 1.37928e-07 0.395451 1.56888
0.2275 0.999962 1.37583 1.37933e-07 0.395402 1.56896
0.2325 0.999967 1.37588 1.37938e-07 0.39536 1.56904
0.2375 0.999971 1.37592 1.37942e-07 0.395323 1.5691
0.2425 0.999975 1.37596 1.37946e-07 0.395291 1.56915
0.2475 0.999978 1.37599 1.37949e-07 0.395263 1.5692
0.2525 0.999979 1.37601 1.37957e-07 0.395239 1.56924
0.2575 0.999967 1.37601 1.38011e-07 0.395217 1.56928
0.2625 0.999912 1.3759 1.38256e-07 0.395197 1.56931
0.2675 0.99977 1.37556 1.39019e-07 0.395179 1.56934
0.2725 0.999518 1.37485 1.40791e-07 0.395163 1.56937
0.2775 0.999189 1.37373 1.44054e-07 0.395148 1.5694
0.2825 0.998881 1.37234 1.49017e-07 0.395135 1.56942
0.2875 0.998706 1.37094 1.55426e-07 0.395122 1.56944
0.2925 0.998726 1.36986 1.62596e-07 0.39511 1.56946
0.2975 0.998923 1.36931 1.69657e-07 0.395099 1.56948
0.3025 0.999217 1.36931 1.75854e-07 0.395089 1.5695
0.3075 0.999515 1.36974 1.80749e-07 0.39508 1.56951
0.3125 0.999751 1.37043 1.84263e-07 0.395071 1.56953
0.3175 0.999904 1.37118 1.86571e-07 0.395064 1.56954
0.3225 0.999981 1.37189 1.87971e-07 0.395059 1.56955
0.3275 1.00001 1.37248 1.88763e-07 0.395058 1.56954
0.3325 1.00002 1.37295 1.89184e-07 0.395066 1.56951
0.3375 1.00002 1.37329 1.89397e-07 0.395094 1.56943
0.3425 1.00006 1.37348 1.89495e-07 0.395161 1.56921
0.3475 1.00014 1.37346 1.89522e-07 0.395305 1.56873
0.3525 1.00033 1.3731 1.89483e-07 0.395597 1.56772
0.3575 1.00069 1.37213 1.89353e-07 0.396153 1.56566
0.3625 1.00134 1.37007 1.8907e-07 0.397148 1.56173
0.3675 1.00241 1.36614 1.88527e-07 0.398815 1.55459
0.3725 1.00406 1.35918 1.87568e-07 0.401387 1.54234
0.3775 1.00635 1.34766 1.85977e-07 0.404964 1.52252
0.3825 1.00921 1.32972 1.83502e-07 0.409259 1.49242
0.3875 1.0123 1.30357 1.79893e-07 0.413256 1.44959
0.3925 1.01501 1.2679 1.74971e-07 0.414897 1.39275
0.3975 1.00481 1.22077 1.68466e-07 0.41305 1.32571
0.4025 0.639591 0.785115 0.0514181 0.408834 1.26549
0.4075 0.255513 0.320792 0.110915 0.399814 1.22421
0.4125 0.0678701 0.0862946 0.141834 0.384008 1.20176
0.4175 0.0123976 0.0157693 0.150662 0.362629 1.18708
0.4225 0.0015825 0.00200337 0.151547 0.338013 1.17325
0.4275 0.000143146 0.000180015 0.150678 0.311414 1.15871
0.4325 1.00283e-05 1.23712e-05 0.149515 0.283147 1.14348
0.4375 1.40352e-06 1.57535e-06 0.148289 0.253672 1.12781
0.4425 1.01259e-06 1.08102e-06 0.147044 0.223633 1.11202
0.4475 1.00029e-06 1.05696e-06 0.145815 0.193781 1.09651
0.4525 1.00002e-06 1.04808e-06 0.144634 0.16493 1.08169
0.4575 1.00002e-06 1.04008e-06 0.143531 0.137858 1.06792
0.4625 1.00001e-06 1.03284e-06 0.142532 0.113203 1.05551
0.4675 1.00001e-06 1.02646e-06 0.141652 0.0913913 1.04463
0.4725 1.00001e-06 1.02099e-06 0.140897 0.0726154 1.03534
0.4775 1.00001e-06 1.01641e-06 0.140265 0.0568523 1.02758
0.4825 1e-06 1.01267e-06 0.139748 0.0439121 1.02125
0.4875 1e-06 1.00965e-06 0.139332 0.0334979 1.01618
0.4925 1e-06 1.00728e-06 0.139004 0.0252617 1.01218
0.4975 1e-06 1.00543e-06 0.138749 0.0188471 1.00908
0.5025 1e-06 1.00401e-06 0.138553 0.0139186 1.0067
0.5075 1e-06 1.00293e-06 0.138404 0.0101777 1.0049
0.5125 1e-06 1.00212e-06 0.138292 0.00737011 1.00354
0.5175 1e-06 1.00152e-06 0.13821 0.00528522 1.00254
0.5225 1e-06 1.00108e-06 0.138149 0.00375291 1.0018
0.5275 1e-06 1.00076e-06 0.138105 0.00263816 1.00127
0.5325 1e-06 1.00053e-06 0.138073 0.00183547 1.00088
0.5375 1e-06 1.00036e-06 0.13805 0.00126347 1.00061
0.5425 1e-06 1.00025e-06 0.138034 0.000860208 1.00041
0.5475 1e-06 1.00017e-06 0.138023 0.000579013 1.00028
0.5525 1e-06 1.00011e-06 0.138015 0.000385157 1.00018
0.5575 1e-06 1.00007e-06 0.13801 0.00025308 1.00012
0.5625 1e-06 1.00005e-06 0.138006 0.000164185 1.00008
0.5675 1e-06 1.00003e-06 0.138004 0.000105101 1.00005
0.5725 1e-06 1.00002e-06 0.138003 6.6326e-05 1.00003
0.5775 1e-06 1.00001e-06 0.138002 4.11913e-05 1.00002
0.5825 1e-06 1.00001e-06 0.138001 2.50652e-05 1.00001
0.5875 1e-06 1e-06 0.138 1.47591e-05 1.00001
0.5925 1e-06 1e-06 0.138 8.08028e-06 1
0.5975 1e-06 1e-06 0.138 3.49701e-06 1
0.6025 0.999998 0.999999 2.45995e-07 1.17417e-06 1
0.6075 0.999999 0.999999 1.38e-07 2.61978e-07 1
0.6125 0.999999 0.999999 1.38e-07 7.09526e-08 1
0.6175 0.999999 0.999999 1.38e-07 1.91394e-08 1
0.6225 0.999999 0.999999 1.38e-07 4.97087e-09 1
0.6275 0.999999 0.999999 1.38e-07 1.23701e-09 1
0.6325 0.999999 0.999999 1.38e-07 2.94742e-10 1
0.6375 0.999999 0.999999 1.38e-07 6.72305e-11 1
0.6425 0.999999 0.999999 1.38e-07 1.46791e-11 1
0.6475 0.999999 0.999999 1.38e-07 3.06749e-12 1
0.6525 0.999999 0.999999 1.38e-07 6.13377e-13 1
0.6575 0.999999 0.999999 1.38e-07 1.17306e-13 1
0.6625 0.999999 0.999999 1.38e-07 2.14577e-14 1
0.6675 0.999999 0.999999 1.38e-07 3.71842e-15 1
0.6725 0.999999 0.999999 1.38e-07 5.47482e-16 1
0.6775 0.999999 0.999999 1.38e-07 7.21414e-17 1
0.6825 0.999999 0.999999 1.38e-07 0 1
0.6875 0.999999 0.999999 1.38e-07 0 1
0.6925 0.999999 0.999999 1.38e-07 0 1
0.6975 0.999999 0.999999 1.38e-07 0 1
0.7025 0.999999 0.999999 1.38e-07 0 1
0.7075 0.999999 0.999999 1.38e-07 0 1
0.7125 0.999999 0.999999 1.38e-07 0 1
0.7175 0.999999 0.999999 1.38e-07 0 1
0.7225 0.999999 0.999999 1.38e-07 0 1
0.7275 0.999999 0.999999 1.38e-07 0 1
0.7325 0.999999 0.999999 1.38e-07 0 1
0.7375 0.999999 0.999999 1.38e-07 0 1
0.7425 0.999999 0.999999 1.38e-07 0 1
0.7475 0.999999 0.999999 1.38e-07 0 1
0.7525 0.999999 0.999999 1.38e-07 0 1
0.7575 0.999999 0.999999 1.38e-07 0 1
0.7625 0.999999 0.999999 1.38e-07 0 1
0.7675 0.999999 0.999999 1.38e-07 0 1
0.7725 0.999999 0.999999 1.38e-07 0 1
0.7775 0.999999 0.999999 1.38e-07 0 1
0.7825 0.999999 0.999999 1.38e-07 0 1
0.7875 0.999999 0.999999 1.38e-07 0 1
0.7925 0.999999 0.999999 1.38e-07 0 1
0.7975 0.999999 0.999999 1.38e-07 0 1
0.8025 0.999999 0.999999 1.38e-07 0 1
0.8075 0.999999 0.999999 1.38e-07 0 1
0.8125 0.999999 0.999999 1.38e-07 0 1
0.8175 0.999999 0.999999 1.38e-07 0 1
0.8225 0.999999 0.999999 1.38e-07 0 1
0.8275 0.999999 0.999999 1.38e-07 0 1
0.8325 0.999999 0.999999 1.38e-07 0 1
0.8375 0.999999 0.999999 1.38e-07 0 1
0.8425 0.999999 0.999999 1.38e-07 0 1
0.8475 0.999999 0.999999 1.38e-07 0 1
0.8525 0.999999 0.999999 1.38e-07 0 1
0.8575 0.999999 0.999999 1.38e-07 0 1
0.8625 0.999999 0.999999 1.38e-07 0 1
0.8675 0.999999 0.999999 1.38e-07 0 1
0.8725 0.999999 0.999999 1.38e-07 0 1
0.8775 0.999999 0.999999 1.38e-07 0 1
0.8825 0.999999 0.999999 1.38e-07 0 1
0.8875 0.999999 0.999999 1.38e-07 0 1
0.8925 0.999999 0.999999 1.38e-07 0 1
0.8975 0.999999 0.999999 1.38e-07 0 1
0.9025 0.999999 0.999999 1.38e-07 0 1
0.9075 0.999999 0.999999 1.38e-07 0 1
0.9125 0.999999 0.999999 1.38e-07 0 1
0.9175 0.999999 0.999999 1.38e-07 0 1
0.9225 0.999999 0.999999 1.38e-07 0 1
0.9275 0.999999 0.999999 1.38e-07 0 1
0.9325 0.999999 0.999999 1.38e-07 0 1
0.9375 0.999999 0.999999 1.38e-07 0 1
0.9425 0.999999 0.999999 1.38e-07 0 1
0.9475 0.999999 0.999999 1.38e-07 0 1
0.9525 0.999999 0.999999 1.38e-07 0 1
0.9575 0.999999 0.999999 1.38e-07 0 1
0.9625 0.999999 0.999999 1.38e-07 0 1
0.9675 0.999999 0.999999 1.38e-07 0 1
0.9725 0.999999 0.999999 1.38e-07 0 1
0.9775 0.999999 0.999999 1.38e-07 0 1
0.9825 0.999999 0.999999 1.38e-07 0 1
0.9875 0.999999 0.999999 1.38e-07 0 1
0.9925 0.999999 0.999999 1.38e-07 0 1
0.9975 0.999999 0.999999 1.38e-07 0 1
