x alpha rho1 rho2 v p
0.0025 0.999 0.999 0.000125 0 1
0.0075 0.999 0.999 0.000125 0 1
0.0125 0.999 0.999 0.000125 0 1
0.0175 0.999 0.999 0.000125 0 1
0.0225 0.999 0.999 0.000125 0 1
0.0275 0.999 0.999 0.000125 0 1
0.0325 0.999 0.999 0.000125 0 1
0.0375 0.999 0.999 0.000125 0 1
0.0425 0.999 0.999 0.000125 0 1
0.0475 0.999 0.999 0.000125 0 1
0.0525 0.999 0.999 0.000125 0 1
0.0575 0.999 0.999 0.000125 0 1
0.0625 0.999 0.999 0.000125 0 1
0.0675 0.999 0.999 0.000125 0 1
0.0725 0.999 0.999 0.000125 0 1
0.0775 0.999 0.999 0.000125 0 1
0.0825 0.999 0.999 0.000125 0 1
0.0875 0.999 0.999 0.000125 0 1
0.0925 0.999 0.999 0.000125 0 1
0.0975 0.999 0.999 0.000125 0 1
0.1025 0.999 0.999 0.000125 0 1
0.1075 0.999 0.999 0.000125 0 1
0.1125 0.999 0.999 0.000125 0 1
0.1175 0.999 0.999 0.000125 0 1
0.1225 0.999 0.999 0.000125 0 1
0.1275 0.999 0.999 0.000125 0 1
0.1325 0.999 0.999 0.000125 0 1
0.1375 0.999 0.999 0.000125 0 1
0.1425 0.999 0.999 0.000125 0 1
0.1475 0.999 0.999 0.000125 0 1
0.1525 0.999 0.999 0.000125 0 1
0.1575 0.999 0.999 0.000125 0 1
0.1625 0.999 0.999 0.000125 0 1
0.1675 0.999 0.999 0.000125 6.76016e-17 1
0.1725 0.999 0.999 0.000125 3.28387e-16 1
0.1775 0.999 0.999 0.000125 1.75783e-15 1
0.1825 0.999 0.999 0.000125 8.99217e-15 1
0.1875 0.999 0.999 0.000125 4.4102e-14 1
0.1925 0.999 0.999 0.000125 2.056e-13 1
0.1975 0.999 0.999 0.000125 9.13209e-13 1
0.2025 0.999 0.999 0.000125 3.87243e-12 1
0.2075 0.999 0.999 0.000125 1.56871e-11 1
0.2125 0.999 0.999 0.000125 6.0733e-11 1
0.2175 0.999 0.999 0.000125 2.24825e-10 1
0.2225 0.999 0.999 0.000125 7.96145e-10 1
0.2275 0.999 0.999 0.000125 2.69798e-09 1
0.2325 0.999 0.999 0.000125 8.75265e-09 1
0.2375 0.999 0.999 0.000125 2.71912e-08 1
0.2425 0.999 0.999 0.000125 8.09139e-08 1
0.2475 0.999 0.999 0.000125 2.30689e-07 1
0.2525 0.999 0.998999 0.000125 6.30267e-07 0.999999
0.2575 0.999001 0.998999 0.000125 1.6504e-06 0.999998
0.2625 0.999001 0.998997 0.000125 4.14264e-06 0.999995
0.2675 0.999003 0.998992 0.000124999 9.96854e-06 0.999988
0.2725 0.999008 0.998981 0.000124998 2.29978e-05 0.999973
0.2775 0.999016 0.998957 0.000124995 5.08703e-05 0.99994
0.2825 0.999032 0.998909 0.000124989 0.000107891 0.999872
0.2875 0.999062 0.998815 0.000124977 0.000219418 0.999741
0.2925 0.999114 0.998639 0.000124955 0.000427919 0.999494
0.2975 0.9992 0.998325 0.000124915 0.000800427 0.999054
0.3025 0.999336 0.997788 0.000124848 0.00143638 0.998303
0.3075 0.99954 0.996914 0.000124739 0.002474 0.997078
0.3125 0.999829 0.99555 0.000124568 0.00409267 0.99517
0.3175 1.00022 0.993518 0.000124314 0.00650897 0.992329
0.3225 1.00072 0.990615 0.000123951 0.00996498 0.988277
0.3275 1.00133 0.98664 0.000123453 0.0147099 0.982737
0.3325 1.00205 0.981407 0.000122799 0.0209775 0.975459
0.3375 1.00286 0.974767 0.000121968 0.0289648 0.966252
0.3425 1.00373 0.966624 0.000120949 0.0388153 0.955
0.3475 1.00466 0.956939 0.000119737 0.0506099 0.941673
0.3525 1.00561 0.945734 0.000118335 0.0643673 0.926328
0.3575 1.00658 0.933081 0.000116752 0.0800499 0.909095
0.3625 1.00754 0.919093 0.000115002 0.0975756 0.89016
0.3675 1.00849 0.90391 0.000113102 0.11683 0.869745
0.3725 1.00943 0.887687 0.000111072 0.13768 0.848089
0.3775 1.01035 0.870584 0.000108932 0.159983 0.825435
0.3825 1.01127 0.852757 0.000106701 0.183596 0.802016
0.3875 1.01217 0.834353 0.000104398 0.208382 0.778047
0.3925 1.01307 0.815507 0.00010204 0.234211 0.753724
0.3975 1.01398 0.796342 9.96423e-05 0.260965 0.72922
0.4025 1.0149 0.776964 9.72177e-05 0.288538 0.704683
0.4075 1.01584 0.757468 9.47783e-05 0.316834 0.680242
0.4125 1.0168 0.737937 9.23344e-05 0.345768 0.656006
0.4175 1.0178 0.71844 8.98949e-05 0.375265 0.632066
0.4225 1.01885 0.699039 8.74673e-05 0.405259 0.608497
0.4275 1.01994 0.679785 8.50582e-05 0.435689 0.585361
0.4325 1.02109 0.660725 8.26732e-05 0.4665 0.562709
0.4375 1.02231 0.641896 8.03174e-05 0.497643 0.540585
0.4425 1.0236 0.623335 7.79949e-05 0.52907 0.519021
0.4475 1.02497 0.605072 7.57097e-05 0.560736 0.498047
0.4525 1.02643 0.587135 7.34653e-05 0.592593 0.477688
0.4575 1.02799 0.569551 7.12652e-05 0.624591 0.457964
0.4625 1.02965 0.552351 6.9113e-05 0.656673 0.438897
0.4675 1.03139 0.535564 6.70125e-05 0.68877 0.420511
0.4725 1.03321 0.519228 6.49685e-05 0.720793 0.402832
0.4775 1.03507 0.503392 6.2987e-05 0.752624 0.385899
0.4825 1.03688 0.488125 6.10767e-05 0.784086 0.369769
0.4875 1.03845 0.47353 5.92505e-05 0.814913 0.354533
0.4925 1.03945 0.459777 5.75296e-05 0.844668 0.340344
0.4975 1.03915 0.447157 5.59506e-05 0.872598 0.327475
0.5025 1.03631 0.436192 5.45786e-05 0.89736 0.316421
0.5075 1.02973 0.427785 5.35269e-05 0.916619 0.308049
0.5125 1.02233 0.423109 5.29443e-05 0.927312 0.303487
0.5175 1.02093 0.422066 5.2831e-05 0.929423 0.302597
0.5225 1.02196 0.422016 5.29255e-05 0.929134 0.302723
0.5275 1.02322 0.421962 5.34109e-05 0.928794 0.302871
0.5325 1.02464 0.421854 5.5455e-05 0.928502 0.302999
0.5375 1.02621 0.421674 6.29261e-05 0.928266 0.303103
0.5425 1.02796 0.421393 8.69765e-05 0.928074 0.303189
0.5475 1.02993 0.420958 0.000155962 0.927901 0.303268
0.5525 1.03211 0.420244 0.000333883 0.927748 0.303338
0.5575 1.03442 0.419016 0.000749538 0.927622 0.303397
0.5625 1.03673 0.416884 0.00163465 0.927512 0.30345
0.5675 1.03881 0.413244 0.00336186 0.927412 0.3035
0.5725 1.04033 0.407248 0.00646471 0.927329 0.303542
0.5775 1.04094 0.397863 0.0116173 0.92726 0.303579
0.5825 1.04036 0.383993 0.019555 0.927196 0.303614
0.5875 1.03837 0.364696 0.030935 0.927144 0.303645
0.5925 1.03491 0.339455 0.0461616 0.927103 0.303671
0.5975 1.03002 0.308416 0.065224 0.927065 0.303697
0.6025 1.02375 0.272506 0.0876036 0.927033 0.303721
0.6075 1.01608 0.233379 0.112292 0.927012 0.303741
0.6125 1.00689 0.193192 0.137933 0.926995 0.303759
0.6175 0.995895 0.154238 0.163044 0.926979 0.303779
0.6225 0.982704 0.118567 0.18627 0.92697 0.303797
0.6275 0.966907 0.0876796 0.206583 0.926973 0.303812
0.6325 0.948261 0.0623692 0.223407 0.926978 0.303828
0.6375 0.926859 0.0427274 0.236619 0.926979 0.303848
0.6425 0.903231 0.0282837 0.246468 0.926993 0.303866
0.6475 0.878349 0.0182161 0.253443 0.927027 0.303882
0.6525 0.853538 0.0115637 0.25815 0.927058 0.303901
0.6575 0.830223 0.00739682 0.261185 0.927076 0.303927
0.6625 0.809607 0.00492356 0.263053 0.927097 0.303946
0.6675 0.792458 0.00353368 0.264148 0.927108 0.303943
0.6725 0.779062 0.00279513 0.264751 0.926983 0.303903
0.6775 0.7692 0.00242443 0.265015 0.926476 0.30376
0.6825 0.762078 0.0022479 0.264928 0.925081 0.303305
0.6875 0.756227 0.00216497 0.26426 0.921421 0.302051
0.6925 0.74913 0.00211794 0.26235 0.911972 0.29888
0.6975 0.735867 0.00206788 0.257576 0.888571 0.291197
0.7025 0.705946 0.00197608 0.246601 0.833849 0.273751
0.7075 0.637902 0.0017986 0.224571 0.71764 0.239337
0.7125 0.498492 0.00152413 0.190323 0.51372 0.187725
0.7175 0.287227 0.00124464 0.155424 0.262109 0.138331
0.7225 0.0992546 0.00107873 0.134707 0.0860789 0.111538
0.7275 -0.00128554 0.00101949 0.127309 0.0208664 0.102762
0.7325 -0.0505916 0.00100431 0.125413 0.00456185 0.100605
0.7375 -0.0859927 0.00100092 0.12499 0.00097181 0.100129
0.7425 -0.120085 0.00100019 0.124899 0.000205034 0.100027
0.7475 -0.152247 0.00100004 0.12488 4.29434e-05 0.100006
0.7525 -0.177967 0.00100001 0.124876 8.92238e-06 0.100001
0.7575 -0.197175 0.001 0.124875 1.83597e-06 0.1
0.7625 -0.219227 0.001 0.124875 3.73407e-07 0.1
0.7675 -0.258271 0.001 0.124875 7.4899e-08 0.1
0.7725 -0.318519 0.001 0.124875 1.47818e-08 0.1
0.7775 -0.383137 0.001 0.124875 2.86339e-09 0.1
0.7825 -0.422427 0.001 0.124875 5.43076e-10 0.1
0.7875 -0.428689 0.001 0.124875 1.00601e-10 0.1
0.7925 -0.451335 0.001 0.124875 1.81577e-11 0.1
0.7975 -0.539768 0.001 0.124875 3.18589e-12 0.1
0.8025 -0.693517 0.001 0.124875 5.42149e-13 0.1
0.8075 -0.780465 0.001 0.124875 8.91772e-14 0.1
0.8125 -0.632536 0.001 0.124875 1.40958e-14 0.1
0.8175 -0.534193 0.001 0.124875 2.15608e-15 0.1
0.8225 -0.190406 0.001 0.124875 3.06752e-16 0.1
0.8275 0.0368914 0.001 0.124875 4.79167e-17 0.1
0.8325 -0.52133 0.001 0.124875 1.90691e-17 0.1
0.8375 0.614687 0.001 0.124875 -2.87633e-17 0.1
0.8425 0.146678 0.001 0.124875 9.59302e-18 0.1
0.8475 -0.46923 0.001 0.124875 2.88072e-17 0.1
0.8525 0.316874 0.001 0.124875 9.53979e-18 0.1
0.8575 0.376776 0.001 0.124875 -2.88141e-17 0.1
0.8625 0.218534 0.001 0.124875 -3.83844e-17 0.1
0.8675 0.533943 0.001 0.124875 -9.48894e-18 0.1
0.8725 0.026618 0.001 0.124875 -9.6199e-18 0.1
0.8775 0.0694269 0.001 0.124875 -2.87665e-17 0.1
0.8825 0.56046 0.001 0.124875 -4.79075e-17 0.1
0.8875 0.743677 0.001 0.124875 -2.87646e-17 0.1
0.8925 0.193446 0.001 0.124875 -1.98804e-21 0.1
0.8975 0.138141 0.001 0.124875 -3.8372e-17 0.1
0.9025 0.860429 0.001 0.124875 -4.79181e-17 0.1
0.9075 0.274582 0.001 0.124875 2.87634e-17 0.1
0.9125 0.840311 0.001 0.124875 -7.91076e-22 0.1
0.9175 0.65033 0.001 0.124875 2.8764e-17 0.1
0.9225 -0.687687 0.001 0.124875 -5.05614e-22 0.1
0.9275 0.603238 0.001 0.124875 -2.87635e-17 0.1
0.9325 0.701813 0.001 0.124875 -2.87632e-17 0.1
0.9375 -0.112001 0.001 0.124875 9.60832e-18 0.1
0.9425 0.172811 0.001 0.124875 -9.60832e-18 0.1
0.9475 0.394368 0.001 0.124875 0 0.1
0.9525 0.102216 0.001 0.124875 0 0.1
0.9575 -0.364996 0.001 0.124875 0 0.1
0.9625 0.36709 0.001 0.124875 0 0.1
0.9675 0.001 0.001 0.124875 0 0.1
0.9725 0.001 0.001 0.124875 0 0.1
0.9775 0.001 0.001 0.124875 0 0.1
0.9825 0.001 0.001 0.124875 0 0.1
0.9875 0.001 0.001 0.124875 0 0.1
0.9925 0.001 0.001 0.124875 0 0.1
0.9975 0.001 0.001 0.124875 0 0.1
