x alpha rho1 rho2 v p
0.0025 0.999999 1.3765 1.38e-07 0.3948 1.57
0.0075 0.999999 1.3765 1.38e-07 0.3948 1.57
0.0125 0.999999 1.3765 1.38e-07 0.3948 1.57
0.0175 0.999999 1.3765 1.38e-07 0.3948 1.57
0.0225 0.999999 1.3765 1.38e-07 0.3948 1.57
0.0275 0.999999 1.3765 1.38e-07 0.3948 1.57
0.0325 0.999999 1.3765 1.38e-07 0.3948 1.57
0.0375 0.999999 1.3765 1.38e-07 0.3948 1.57
0.0425 0.999999 1.3765 1.38e-07 0.394799 1.57
0.0475 0.999999 1.3765 1.38e-07 0.394799 1.57
0.0525 0.999999 1.3765 1.38e-07 0.394799 1.57
0.0575 0.999998 1.3765 1.38e-07 0.394798 1.57
0.0625 0.999998 1.3765 1.38e-07 0.394797 1.57001
0.0675 0.999998 1.3765 1.38e-07 0.394796 1.57001
0.0725 0.999998 1.3765 1.38001e-07 0.394795 1.57001
0.0775 0.999999 1.3765 1.38001e-07 0.394794 1.57001
0.0825 1 1.3765 1.38001e-07 0.394795 1.57001
0.0875 1 1.3765 1.38e-07 0.394798 1.57
0.0925 1.00001 1.37649 1.38e-07 0.394805 1.56999
0.0975 1.00001 1.37648 1.37998e-07 0.394819 1.56996
0.1025 1.00002 1.37646 1.37996e-07 0.394841 1.56992
0.1075 1.00003 1.37642 1.37992e-07 0.394874 1.56986
0.1125 1.00004 1.37637 1.37987e-07 0.394921 1.56978
0.1175 1.00005 1.37631 1.37981e-07 0.394982 1.56966
0.1225 1.00006 1.37623 1.37973e-07 0.395059 1.56953
0.1275 1.00007 1.37613 1.37963e-07 0.39515 1.56937
0.1325 1.00008 1.37602 1.37952e-07 0.395251 1.56919
0.1375 1.00008 1.37591 1.37941e-07 0.395357 1.569
0.1425 1.00008 1.37579 1.37929e-07 0.395463 1.56882
0.1475 1.00007 1.37569 1.37919e-07 0.395561 1.56865
0.1525 1.00006 1.37559 1.37909e-07 0.395644 1.56851
0.1575 1.00005 1.37552 1.37902e-07 0.395709 1.56841
0.1625 1.00003 1.37547 1.37897e-07 0.39575 1.56834
0.1675 1.00001 1.37545 1.37895e-07 0.395768 1.56832
0.1725 0.999991 1.37545 1.37895e-07 0.395763 1.56833
0.1775 0.999977 1.37547 1.37897e-07 0.39574 1.56837
0.1825 0.999966 1.37551 1.37901e-07 0.395701 1.56844
0.1875 0.999959 1.37556 1.37906e-07 0.395652 1.56853
0.1925 0.999956 1.37562 1.37912e-07 0.395598 1.56863
0.1975 0.999955 1.37568 1.37918e-07 0.395543 1.56872
0.2025 0.999957 1.37574 1.37924e-07 0.395489 1.56881
0.2075 0.99996 1.37579 1.37929e-07 0.395439 1.5689
0.2125 0.999964 1.37584 1.37934e-07 0.395394 1.56898
0.2175 0.999968 1.37589 1.37939e-07 0.395353 1.56905
0.2225 0.999972 1.37593 1.37943e-07 0.395317 1.56911
0.2275 0.999975 1.37596 1.37946e-07 0.395286 1.56916
0.2325 0.999978 1.376 1.3795e-07 0.395258 1.56921
0.2375 0.99998 1.37602 1.37952e-07 0.395234 1.56925
0.2425 0.999983 1.37605 1.37955e-07 0.395212 1.56929
0.2475 0.999984 1.37607 1.37957e-07 0.395192 1.56932
0.2525 0.999985 1.37609 1.3796e-07 0.395175 1.56935
0.2575 0.999984 1.3761 1.37973e-07 0.395159 1.56938
0.2625 0.999969 1.37608 1.38041e-07 0.395144 1.5694
0.2675 0.999919 1.37597 1.38286e-07 0.395131 1.56943
0.2725 0.999806 1.37569 1.38956e-07 0.395118 1.56945
0.2775 0.999612 1.37512 1.40417e-07 0.395107 1.56947
0.2825 0.999353 1.37423 1.43054e-07 0.395097 1.56949
0.2875 0.999086 1.37308 1.47101e-07 0.395088 1.5695
0.2925 0.99889 1.37183 1.52493e-07 0.39508 1.56951
0.2975 0.998827 1.37072 1.58829e-07 0.395076 1.56952
0.3025 0.998915 1.36996 1.65475e-07 0.395079 1.56951
0.3075 0.999122 1.36962 1.7176e-07 0.395096 1.56948
0.3125 0.999394 1.36968 1.77163e-07 0.39514 1.56939
0.3175 0.999679 1.37002 1.81411e-07 0.395237 1.5692
0.3225 0.999956 1.37042 1.84479e-07 0.395434 1.56882
0.3275 1.00024 1.3707 1.86512e-07 0.395813 1.56811
0.3325 1.00058 1.37061 1.87726e-07 0.396502 1.5668
0.3375 1.00105 1.36993 1.88333e-07 0.397696 1.56457
0.3425 1.00173 1.36835 1.8849e-07 0.399667 1.56091
0.3475 1.0027 1.36552 1.88288e-07 0.40276 1.55522
0.3525 1.004 1.36105 1.87759e-07 0.40737 1.54683
0.3575 1.00563 1.35454 1.869e-07 0.413886 1.53513
0.3625 1.00755 1.34568 1.85694e-07 0.422618 1.51967
0.3675 1.00959 1.33433 1.84135e-07 0.433702 1.50034
0.3725 1.01154 1.3206 1.82242e-07 0.447019 1.47749
0.3775 1.01313 1.30489 1.80075e-07 0.462134 1.45196
0.3825 1.01403 1.28789 1.77729e-07 0.47828 1.425
0.3875 1.01399 1.27048 1.75326e-07 0.49441 1.3981
0.3925 1.01289 1.25356 1.72991e-07 0.509304 1.37268
0.3975 1.00792 1.23694 1.70698e-07 0.521844 1.34985
0.4025 0.951915 1.16973 0.0065599 0.531204 1.33041
0.4075 0.796741 0.990093 0.0283159 0.536917 1.31474
0.4125 0.564605 0.713174 0.0640169 0.539364 1.30283
0.4175 0.33269 0.427061 0.102062 0.539186 1.29444
0.4225 0.162529 0.211335 0.131244 0.537115 1.28884
0.4275 0.0660536 0.0866664 0.14822 0.533744 1.2849
0.4325 0.0224552 0.0296352 0.155921 0.52939 1.28161
0.4375 0.00642075 0.00850499 0.15863 0.524166 1.27832
0.4425 0.00155168 0.00206005 0.159263 0.518076 1.2747
0.4475 0.000318473 0.0004233 0.159184 0.511042 1.27059
0.4525 5.6185e-05 7.45947e-05 0.15888 0.502958 1.26589
0.4575 9.14548e-06 1.19929e-05 0.158483 0.49366 1.26051
0.4625 2.01931e-06 2.50209e-06 0.15802 0.482983 1.25435
0.4675 1.10779e-06 1.28467e-06 0.157489 0.470738 1.24732
0.4725 1.00958e-06 1.14958e-06 0.156883 0.456714 1.2393
0.4775 1.00072e-06 1.13277e-06 0.156192 0.440692 1.2302
0.4825 1.00005e-06 1.1262e-06 0.155408 0.422448 1.21989
0.4875 1.00001e-06 1.11974e-06 0.154523 0.401781 1.2083
0.4925 1.00001e-06 1.11256e-06 0.153533 0.37855 1.19538
0.4975 1.00002e-06 1.10461e-06 0.152437 0.352722 1.18114
0.5025 1.00002e-06 1.09596e-06 0.151242 0.324428 1.1657
0.5075 1.00002e-06 1.08671e-06 0.149966 0.294018 1.14929
0.5125 1.00002e-06 1.07706e-06 0.148634 0.262089 1.13226
0.5175 1.00003e-06 1.06727e-06 0.147282 0.229471 1.11507
0.5225 1.00003e-06 1.05762e-06 0.145952 0.197158 1.09825
0.5275 1.00002e-06 1.04843e-06 0.144683 0.166179 1.08232
0.5325 1.00002e-06 1.03996e-06 0.143514 0.137458 1.06772
0.5375 1.00001e-06 1.0324e-06 0.142471 0.111686 1.05476
0.5425 1.00001e-06 1.02585e-06 0.141567 0.0892552 1.04359
0.5475 1.00001e-06 1.02032e-06 0.140804 0.0702627 1.0342
0.5525 1e-06 1.01577e-06 0.140177 0.054564 1.0265
0.5575 9.99997e-07 1.01211e-06 0.13967 0.0418513 1.02031
0.5625 9.99993e-07 1.0092e-06 0.139269 0.0317311 1.01542
0.5675 9.99987e-07 1.00693e-06 0.138957 0.0237851 1.01161
0.5725 9.9998e-07 1.00519e-06 0.138717 0.017611 1.00869
0.5775 9.99971e-07 1.00388e-06 0.138536 0.0128454 1.00649
0.5825 9.99958e-07 1.00291e-06 0.138401 0.00917186 1.00486
0.5875 9.9994e-07 1.00221e-06 0.138305 0.00632147 1.00369
0.5925 9.99916e-07 1.00173e-06 0.138239 0.00406739 1.00289
0.5975 9.99883e-07 1.00143e-06 0.138197 0.00221727 1.00239
0.6025 0.998807 0.999453 0.000145537 0.00111194 1.00077
0.6075 1.00013 1.00033 1.74155e-07 0.00037823 1.00042
0.6125 1.00001 1.00013 1.3802e-07 0.000151464 1.00018
0.6175 0.999999 1.00005 1.38007e-07 6.05328e-05 1.00007
0.6225 0.999999 1.00002 1.38003e-07 2.34986e-05 1.00003
0.6275 0.999999 1.00001 1.38001e-07 8.82526e-06 1.00001
0.6325 0.999999 1 1.38e-07 3.20428e-06 1
0.6375 0.999999 1 1.38e-07 1.12448e-06 1
0.6425 0.999999 0.999999 1.38e-07 3.81372e-07 1
0.6475 0.999999 0.999999 1.38e-07 1.24993e-07 1
0.6525 0.999999 0.999999 1.38e-07 3.95872e-08 1
0.6575 0.999999 0.999999 1.38e-07 1.21156e-08 1
0.6625 0.999999 0.999999 1.38e-07 3.58307e-09 1
0.6675 0.999999 0.999999 1.38e-07 1.02397e-09 1
0.6725 0.999999 0.999999 1.38e-07 2.82777e-10 1
0.6775 0.999999 0.999999 1.38e-07 7.54616e-11 1
0.6825 0.999999 0.999999 1.38e-07 1.94594e-11 1
0.6875 0.999999 0.999999 1.38e-07 4.84898e-12 1
0.6925 0.999999 0.999999 1.38e-07 1.1674e-12 1
0.6975 0.999999 0.999999 1.38e-07 2.71475e-13 1
0.7025 0.999999 0.999999 1.38e-07 6.10129e-14 1
0.7075 0.999999 0.999999 1.38e-07 1.3273e-14 1
0.7125 0.999999 0.999999 1.38e-07 2.78564e-15 1
0.7175 0.999999 0.999999 1.38e-07 5.06959e-16 1
0.7225 0.999999 0.999999 1.38e-07 6.10619e-17 1
0.7275 0.999999 0.999999 1.38e-07 0 1
0.7325 0.999999 0.999999 1.38e-07 0 1
0.7375 0.999999 0.999999 1.38e-07 0 1
0.7425 0.999999 0.999999 1.38e-07 0 1
0.7475 0.999999 0.999999 1.38e-07 0 1
0.7525 0.999999 0.999999 1.38e-07 0 1
0.7575 0.999999 0.999999 1.38e-07 0 1
0.7625 0.999999 0.999999 1.38e-07 0 1
0.7675 0.999999 0.999999 1.38e-07 0 1
0.7725 0.999999 0.999999 1.38e-07 0 1
0.7775 0.999999 0.999999 1.38e-07 0 1
0.7825 0.999999 0.999999 1.38e-07 0 1
0.7875 0.999999 0.999999 1.38e-07 0 1
0.7925 0.999999 0.999999 1.38e-07 0 1
0.7975 0.999999 0.999999 1.38e-07 0 1
0.8025 0.999999 0.999999 1.38e-07 0 1
0.8075 0.999999 0.999999 1.38e-07 0 1
0.8125 0.999999 0.999999 1.38e-07 0 1
0.8175 0.999999 0.999999 1.38e-07 0 1
0.8225 0.999999 0.999999 1.38e-07 0 1
0.8275 0.999999 0.999999 1.38e-07 0 1
0.8325 0.999999 0.999999 1.38e-07 0 1
0.8375 0.999999 0.999999 1.38e-07 0 1
0.8425 0.999999 0.999999 1.38e-07 0 1
0.8475 0.999999 0.999999 1.38e-07 0 1
0.8525 0.999999 0.999999 1.38e-07 0 1
0.8575 0.999999 0.999999 1.38e-07 0 1
0.8625 0.999999 0.999999 1.38e-07 0 1
0.8675 0.999999 0.999999 1.38e-07 0 1
0.8725 0.999999 0.999999 1.38e-07 0 1
0.8775 0.999999 0.999999 1.38e-07 0 1
0.8825 0.999999 0.999999 1.38e-07 0 1
0.8875 0.999999 0.999999 1.38e-07 0 1
0.8925 0.999999 0.999999 1.38e-07 0 1
0.8975 0.999999 0.999999 1.38e-07 0 1
0.9025 0.999999 0.999999 1.38e-07 0 1
0.9075 0.999999 0.999999 1.38e-07 0 1
0.9125 0.999999 0.999999 1.38e-07 0 1
0.9175 0.999999 0.999999 1.38e-07 0 1
0.9225 0.999999 0.999999 1.38e-07 0 1
0.9275 0.999999 0.999999 1.38e-07 0 1
0.9325 0.999999 0.999999 1.38e-07 0 1
0.9375 0.999999 0.999999 1.38e-07 0 1
0.9425 0.999999 0.999999 1.38e-07 0 1
0.9475 0.999999 0.999999 1.38e-07 0 1
0.9525 0.999999 0.999999 1.38e-07 0 1
0.9575 0.999999 0.999999 1.38e-07 0 1
0.9625 0.999999 0.999999 1.38e-07 0 1
0.9675 0.999999 0.999999 1.38e-07 0 1
0.9725 0.999999 0.999999 1.38e-07 0 1
0.9775 0.999999 0.999999 1.38e-07 0 1
0.9825 0.999999 0.999999 1.38e-07 0 1
0.9875 0.999999 0.999999 1.38e-07 0 1
0.9925 0.999999 0.999999 1.38e-07 0 1
0.9975 0.999999 0.999999 1.38e-07 0 1
