x alpha rho1 rho2 v p
0.0025 0.999999 1.3765 1.38e-07 0.3948 1.57
0.0075 0.999999 1.3765 1.38e-07 0.3948 1.57
0.0125 0.999999 1.3765 1.38e-07 0.3948 1.57
0.0175 0.999999 1.3765 1.38e-07 0.3948 1.57
0.0225 0.999999 1.3765 1.38e-07 0.3948 1.57
0.0275 0.999999 1.3765 1.38e-07 0.3948 1.57
0.0325 0.999999 1.3765 1.38e-07 0.394799 1.57
0.0375 0.999999 1.3765 1.38e-07 0.394799 1.57
0.0425 0.999999 1.3765 1.38e-07 0.394799 1.57
0.0475 0.999998 1.3765 1.38e-07 0.394798 1.57
0.0525 0.999998 1.3765 1.38e-07 0.394797 1.57001
0.0575 0.999998 1.3765 1.38e-07 0.394796 1.57001
0.0625 0.999999 1.3765 1.38e-07 0.394796 1.57001
0.0675 0.999999 1.3765 1.38e-07 0.394796 1.57001
0.0725 1 1.3765 1.38e-07 0.394797 1.57
0.0775 1 1.3765 1.38e-07 0.394801 1.57
0.0825 1.00001 1.37649 1.37999e-07 0.39481 1.56998
0.0875 1.00001 1.37647 1.37998e-07 0.394824 1.56995
0.0925 1.00002 1.37645 1.37995e-07 0.394846 1.56991
0.0975 1.00003 1.37642 1.37992e-07 0.394878 1.56985
0.1025 1.00004 1.37637 1.37987e-07 0.394923 1.56977
0.1075 1.00005 1.37631 1.37981e-07 0.394981 1.56967
0.1125 1.00006 1.37623 1.37974e-07 0.395052 1.56954
0.1175 1.00007 1.37615 1.37965e-07 0.395136 1.56939
0.1225 1.00007 1.37605 1.37955e-07 0.39523 1.56923
0.1275 1.00008 1.37594 1.37944e-07 0.395329 1.56906
0.1325 1.00008 1.37583 1.37933e-07 0.395428 1.56888
0.1375 1.00007 1.37573 1.37923e-07 0.395522 1.56872
0.1425 1.00006 1.37564 1.37914e-07 0.395604 1.56858
0.1475 1.00005 1.37556 1.37906e-07 0.39567 1.56847
0.1525 1.00003 1.37551 1.37901e-07 0.395716 1.5684
0.1575 1.00001 1.37548 1.37898e-07 0.395741 1.56836
0.1625 0.999998 1.37547 1.37897e-07 0.395745 1.56836
0.1675 0.999984 1.37548 1.37898e-07 0.395731 1.56839
0.1725 0.999973 1.37551 1.37901e-07 0.3957 1.56844
0.1775 0.999964 1.37556 1.37906e-07 0.395659 1.56852
0.1825 0.99996 1.37561 1.37911e-07 0.39561 1.5686
0.1875 0.999958 1.37566 1.37916e-07 0.395559 1.56869
0.1925 0.999958 1.37572 1.37922e-07 0.395507 1.56878
0.1975 0.99996 1.37578 1.37928e-07 0.395457 1.56887
0.2025 0.999963 1.37583 1.37933e-07 0.39541 1.56895
0.2075 0.999967 1.37587 1.37937e-07 0.395369 1.56902
0.2125 0.99997 1.37591 1.37941e-07 0.395331 1.56909
0.2175 0.999974 1.37595 1.37945e-07 0.395298 1.56914
0.2225 0.999977 1.37598 1.37948e-07 0.395269 1.56919
0.2275 0.999979 1.37601 1.37951e-07 0.395243 1.56924
0.2325 0.999982 1.37604 1.37954e-07 0.39522 1.56927
0.2375 0.999983 1.37606 1.37956e-07 0.3952 1.56931
0.2425 0.999985 1.37608 1.37958e-07 0.395181 1.56934
0.2475 0.999986 1.3761 1.3796e-07 0.395165 1.56937
0.2525 0.999987 1.37612 1.37962e-07 0.395149 1.5694
0.2575 0.999987 1.37613 1.37969e-07 0.395136 1.56942
0.2625 0.99998 1.37612 1.38004e-07 0.395123 1.56944
0.2675 0.999952 1.37607 1.38139e-07 0.395111 1.56946
0.2725 0.999881 1.3759 1.38537e-07 0.395101 1.56948
0.2775 0.999746 1.37552 1.3947e-07 0.395092 1.56949
0.2825 0.999543 1.37487 1.41286e-07 0.395087 1.5695
0.2875 0.9993 1.37392 1.44293e-07 0.395086 1.5695
0.2925 0.999077 1.37277 1.4862e-07 0.395095 1.56948
0.2975 0.998943 1.37158 1.54112e-07 0.395125 1.56942
0.3025 0.998949 1.37054 1.60337e-07 0.395191 1.5693
0.3075 0.999109 1.36976 1.66702e-07 0.395326 1.56904
0.3125 0.999407 1.36927 1.72612e-07 0.395582 1.56855
0.3175 0.999816 1.36895 1.77623e-07 0.396045 1.56768
0.3225 1.00032 1.36856 1.81505e-07 0.396843 1.56619
0.3275 1.00094 1.3678 1.84235e-07 0.398155 1.56375
0.3325 1.0017 1.36629 1.85925e-07 0.400218 1.55995
0.3375 1.00265 1.36368 1.86749e-07 0.403315 1.5543
0.3425 1.00383 1.35961 1.86878e-07 0.407753 1.54628
0.3475 1.00523 1.35375 1.86448e-07 0.413822 1.53544
0.3525 1.00682 1.34588 1.85558e-07 0.421746 1.52148
0.3575 1.00849 1.33591 1.84278e-07 0.431625 1.50434
0.3625 1.01012 1.32395 1.82671e-07 0.443392 1.48426
0.3675 1.01153 1.31028 1.80805e-07 0.456778 1.46184
0.3725 1.01254 1.29542 1.78762e-07 0.471317 1.43796
0.3775 1.01298 1.28001 1.7664e-07 0.486364 1.41376
0.3825 1.01273 1.26483 1.74546e-07 0.501162 1.39042
0.3875 1.01177 1.25062 1.72585e-07 0.514933 1.36906
0.3925 1.01018 1.23798 1.70842e-07 0.526993 1.35053
0.3975 1.00711 1.22696 1.6932e-07 0.536867 1.33526
0.4025 0.98597 1.20058 0.00211285 0.544411 1.32332
0.4075 0.913883 1.11976 0.0115223 0.549577 1.31439
0.4125 0.769994 0.954596 0.0324636 0.552708 1.30785
0.4175 0.573063 0.720646 0.0631935 0.554226 1.30318
0.4225 0.37129 0.473494 0.0963183 0.554555 1.29989
0.4275 0.208418 0.269036 0.124073 0.554065 1.29761
0.4325 0.101418 0.1322 0.142791 0.553022 1.29596
0.4375 0.0429152 0.0563632 0.153193 0.551572 1.29463
0.4425 0.0158542 0.0209415 0.158024 0.54977 1.29336
0.4475 0.00513397 0.00681086 0.159894 0.547624 1.29202
0.4525 0.0014627 0.00194692 0.160461 0.545111 1.29052
0.4575 0.000368119 0.00049117 0.160536 0.54219 1.28879
0.4625 8.24899e-05 0.000110167 0.16044 0.538801 1.2868
0.4675 1.70064e-05 2.26104e-05 0.16028 0.534875 1.2845
0.4725 3.78329e-06 4.89518e-06 0.160083 0.530329 1.28183
0.4775 1.42826e-06 1.73378e-06 0.159852 0.525067 1.27875
0.4825 1.05823e-06 1.23475e-06 0.159586 0.51898 1.2752
0.4875 1.00698e-06 1.16359e-06 0.159278 0.511939 1.2711
0.4925 1.00073e-06 1.15261e-06 0.158923 0.503798 1.26638
0.4975 1.00007e-06 1.14874e-06 0.158513 0.494382 1.26093
0.5025 1e-06 1.14523e-06 0.15804 0.483494 1.25465
0.5075 9.99999e-07 1.14127e-06 0.157495 0.470908 1.24744
0.5125 9.99999e-07 1.13672e-06 0.156867 0.456376 1.23914
0.5175 1e-06 1.1315e-06 0.156147 0.43963 1.22965
0.5225 1e-06 1.12553e-06 0.155323 0.420405 1.21882
0.5275 9.99999e-07 1.11875e-06 0.154388 0.398469 1.20658
0.5325 9.99998e-07 1.11113e-06 0.153336 0.373671 1.19286
0.5375 9.99995e-07 1.10269e-06 0.152171 0.34601 1.17774
0.5425 9.99989e-07 1.09351e-06 0.150904 0.315704 1.16137
0.5475 9.99978e-07 1.08376e-06 0.149559 0.283247 1.14409
0.5525 9.9996e-07 1.07371e-06 0.148171 0.249422 1.12638
0.5575 9.99934e-07 1.06367e-06 0.146786 0.215245 1.1088
0.5625 9.99895e-07 1.054e-06 0.145452 0.181837 1.09197
0.5675 9.99843e-07 1.04503e-06 0.144214 0.150254 1.07645
0.5725 9.99774e-07 1.03702e-06 0.143108 0.121319 1.06267
0.5775 9.99685e-07 1.03014e-06 0.142159 0.0955192 1.0509
0.5825 9.9957e-07 1.02447e-06 0.141376 0.072979 1.04123
0.5875 9.99424e-07 1.01999e-06 0.140759 0.053505 1.03364
0.5925 9.99239e-07 1.01667e-06 0.1403 0.03667 1.02801
0.5975 9.99005e-07 1.01442e-06 0.139989 0.0219088 1.0242
0.6025 0.98458 0.99224 0.00190388 0.0124591 1.00918
0.6075 1.0016 1.00431 6.99535e-06 0.00492028 1.00545
0.6125 1.00011 1.00191 1.45034e-07 0.00224377 1.00263
0.6175 1.00001 1.00087 1.38122e-07 0.00102375 1.00121
0.6225 0.999999 1.00038 1.38053e-07 0.000455977 1.00054
0.6275 0.999999 1.00017 1.38023e-07 0.000197517 1.00023
0.6325 0.999999 1.00007 1.3801e-07 8.31263e-05 1.0001
0.6375 0.999999 1.00003 1.38004e-07 3.39698e-05 1.00004
0.6425 0.999999 1.00001 1.38002e-07 1.34734e-05 1.00002
0.6475 0.999999 1 1.38001e-07 5.1849e-06 1.00001
0.6525 0.999999 1 1.38e-07 1.93543e-06 1
0.6575 0.999999 1 1.38e-07 7.00667e-07 1
0.6625 0.999999 0.999999 1.38e-07 2.45975e-07 1
0.6675 0.999999 0.999999 1.38e-07 8.37301e-08 1
0.6725 0.999999 0.999999 1.38e-07 2.76353e-08 1
0.6775 0.999999 0.999999 1.38e-07 8.84363e-09 1
0.6825 0.999999 0.999999 1.38e-07 2.74395e-09 1
0.6875 0.999999 0.999999 1.38e-07 8.25472e-10 1
0.6925 0.999999 0.999999 1.38e-07 2.40776e-10 1
0.6975 0.999999 0.999999 1.38e-07 6.80948e-11 1
0.7025 0.999999 0.999999 1.38e-07 1.86727e-11 1
0.7075 0.999999 0.999999 1.38e-07 4.96471e-12 1
0.7125 0.999999 0.999999 1.38e-07 1.2799e-12 1
0.7175 0.999999 0.999999 1.38e-07 3.19904e-13 1
0.7225 0.999999 0.999999 1.38e-07 7.74703e-14 1
0.7275 0.999999 0.999999 1.38e-07 1.81596e-14 1
0.7325 0.999999 0.999999 1.38e-07 4.09723e-15 1
0.7375 0.999999 0.999999 1.38e-07 9.1693e-16 1
0.7425 0.999999 0.999999 1.38e-07 1.62644e-16 1
0.7475 0.999999 0.999999 1.38e-07 0 1
0.7525 0.999999 0.999999 1.38e-07 0 1
0.7575 0.999999 0.999999 1.38e-07 0 1
0.7625 0.999999 0.999999 1.38e-07 0 1
0.7675 0.999999 0.999999 1.38e-07 0 1
0.7725 0.999999 0.999999 1.38e-07 0 1
0.7775 0.999999 0.999999 1.38e-07 0 1
0.7825 0.999999 0.999999 1.38e-07 0 1
0.7875 0.999999 0.999999 1.38e-07 0 1
0.7925 0.999999 0.999999 1.38e-07 0 1
0.7975 0.999999 0.999999 1.38e-07 0 1
0.8025 0.999999 0.999999 1.38e-07 0 1
0.8075 0.999999 0.999999 1.38e-07 0 1
0.8125 0.999999 0.999999 1.38e-07 0 1
0.8175 0.999999 0.999999 1.38e-07 0 1
0.8225 0.999999 0.999999 1.38e-07 0 1
0.8275 0.999999 0.999999 1.38e-07 0 1
0.8325 0.999999 0.999999 1.38e-07 0 1
0.8375 0.999999 0.999999 1.38e-07 0 1
0.8425 0.999999 0.999999 1.38e-07 0 1
0.8475 0.999999 0.999999 1.38e-07 0 1
0.8525 0.999999 0.999999 1.38e-07 0 1
0.8575 0.999999 0.999999 1.38e-07 0 1
0.8625 0.999999 0.999999 1.38e-07 0 1
0.8675 0.999999 0.999999 1.38e-07 0 1
0.8725 0.999999 0.999999 1.38e-07 0 1
0.8775 0.999999 0.999999 1.38e-07 0 1
0.8825 0.999999 0.999999 1.38e-07 0 1
0.8875 0.999999 0.999999 1.38e-07 0 1
0.8925 0.999999 0.999999 1.38e-07 0 1
0.8975 0.999999 0.999999 1.38e-07 0 1
0.9025 0.999999 0.999999 1.38e-07 0 1
0.9075 0.999999 0.999999 1.38e-07 0 1
0.9125 0.999999 0.999999 1.38e-07 0 1
0.9175 0.999999 0.999999 1.38e-07 0 1
0.9225 0.999999 0.999999 1.38e-07 0 1
0.9275 0.999999 0.999999 1.38e-07 0 1
0.9325 0.999999 0.999999 1.38e-07 0 1
0.9375 0.999999 0.999999 1.38e-07 0 1
0.9425 0.999999 0.999999 1.38e-07 0 1
0.9475 0.999999 0.999999 1.38e-07 0 1
0.9525 0.999999 0.999999 1.38e-07 0 1
0.9575 0.999999 0.999999 1.38e-07 0 1
0.9625 0.999999 0.999999 1.38e-07 0 1
0.9675 0.999999 0.999999 1.38e-07 0 1
0.9725 0.999999 0.999999 1.38e-07 0 1
0.9775 0.999999 0.999999 1.38e-07 0 1
0.9825 0.999999 0.999999 1.38e-07 0 1
0.9875 0.999999 0.999999 1.38e-07 0 1
0.9925 0.999999 0.999999 1.38e-07 0 1
0.9975 0.999999 0.999999 1.38e-07 0 1
