x alpha rho1 rho2 v p
0.0025 0.999999 1.3765 1.38e-07 0.3948 1.57
0.0075 0.999999 1.3765 1.38e-07 0.3948 1.57
0.0125 0.999999 1.3765 1.38e-07 0.3948 1.57
0.0175 0.999999 1.3765 1.38e-07 0.3948 1.57
0.0225 0.999999 1.3765 1.38e-07 0.394799 1.57
0.0275 0.999999 1.3765 1.38e-07 0.394799 1.57
0.0325 0.999999 1.3765 1.38e-07 0.394799 1.57
0.0375 0.999999 1.3765 1.38e-07 0.394798 1.57
0.0425 0.999998 1.3765 1.38e-07 0.394797 1.57
0.0475 0.999999 1.3765 1.38e-07 0.394797 1.57001
0.0525 0.999999 1.3765 1.38e-07 0.394797 1.57001
0.0575 1 1.3765 1.38e-07 0.394797 1.57
0.0625 1 1.3765 1.38e-07 0.3948 1.57
0.0675 1 1.37649 1.38e-07 0.394804 1.56999
0.0725 1.00001 1.37649 1.37999e-07 0.394813 1.56997
0.0775 1.00001 1.37647 1.37997e-07 0.394828 1.56995
0.0825 1.00002 1.37645 1.37995e-07 0.39485 1.56991
0.0875 1.00003 1.37641 1.37992e-07 0.394882 1.56985
0.0925 1.00003 1.37637 1.37987e-07 0.394924 1.56977
0.0975 1.00004 1.37631 1.37981e-07 0.394979 1.56967
0.1025 1.00005 1.37624 1.37974e-07 0.395046 1.56955
0.1075 1.00006 1.37616 1.37966e-07 0.395124 1.56942
0.1125 1.00007 1.37606 1.37957e-07 0.395211 1.56926
0.1175 1.00007 1.37596 1.37946e-07 0.395303 1.5691
0.1225 1.00007 1.37586 1.37936e-07 0.395397 1.56894
0.1275 1.00007 1.37577 1.37926e-07 0.395487 1.56878
0.1325 1.00006 1.37568 1.37918e-07 0.395567 1.56865
0.1375 1.00005 1.3756 1.3791e-07 0.395634 1.56854
0.1425 1.00003 1.37554 1.37904e-07 0.395684 1.56845
0.1475 1.00002 1.37551 1.37901e-07 0.395714 1.56841
0.1525 1 1.37549 1.37899e-07 0.395726 1.56839
0.1575 0.99999 1.3755 1.379e-07 0.395719 1.56841
0.1625 0.999979 1.37552 1.37902e-07 0.395697 1.56845
0.1675 0.99997 1.37555 1.37905e-07 0.395662 1.56851
0.1725 0.999964 1.3756 1.3791e-07 0.395619 1.56859
0.1775 0.999961 1.37565 1.37915e-07 0.395571 1.56867
0.1825 0.99996 1.3757 1.3792e-07 0.395522 1.56876
0.1875 0.999961 1.37576 1.37926e-07 0.395473 1.56884
0.1925 0.999963 1.37581 1.37931e-07 0.395427 1.56892
0.1975 0.999966 1.37586 1.37936e-07 0.395384 1.56899
0.2025 0.999969 1.3759 1.3794e-07 0.395345 1.56906
0.2075 0.999973 1.37594 1.37944e-07 0.395311 1.56912
0.2125 0.999976 1.37597 1.37947e-07 0.39528 1.56917
0.2175 0.999978 1.376 1.3795e-07 0.395253 1.56922
0.2225 0.999981 1.37603 1.37953e-07 0.395229 1.56926
0.2275 0.999983 1.37605 1.37955e-07 0.395207 1.5693
0.2325 0.999984 1.37607 1.37957e-07 0.395188 1.56933
0.2375 0.999986 1.37609 1.37959e-07 0.395171 1.56936
0.2425 0.999987 1.37611 1.37961e-07 0.395155 1.56939
0.2475 0.999988 1.37613 1.37963e-07 0.39514 1.56941
0.2525 0.999989 1.37614 1.37964e-07 0.395127 1.56943
0.2575 0.99999 1.37615 1.37968e-07 0.395116 1.56945
0.2625 0.999987 1.37615 1.37986e-07 0.395106 1.56947
0.2675 0.999973 1.37612 1.3806e-07 0.395098 1.56948
0.2725 0.999933 1.37602 1.38291e-07 0.395094 1.56949
0.2775 0.999848 1.37577 1.38871e-07 0.395098 1.56948
0.2825 0.999707 1.37528 1.40082e-07 0.395116 1.56944
0.2875 0.999522 1.37451 1.42233e-07 0.39516 1.56936
0.2925 0.999334 1.37345 1.45554e-07 0.395251 1.56918
0.2975 0.99921 1.37218 1.50078e-07 0.395424 1.56885
0.3025 0.99922 1.37079 1.55583e-07 0.395737 1.56826
0.3075 0.999418 1.36938 1.61618e-07 0.396274 1.56726
0.3125 0.999828 1.36795 1.67618e-07 0.397157 1.56562
0.3175 1.00045 1.36637 1.7305e-07 0.398549 1.56305
0.3225 1.00127 1.36438 1.77521e-07 0.400655 1.5592
0.3275 1.00227 1.36165 1.80833e-07 0.403707 1.55366
0.3325 1.00344 1.35782 1.82971e-07 0.407948 1.54604
0.3375 1.00475 1.35253 1.84044e-07 0.413604 1.53598
0.3425 1.00616 1.34557 1.84224e-07 0.420842 1.52326
0.3475 1.00761 1.33681 1.83695e-07 0.42974 1.50783
0.3525 1.00901 1.3263 1.82627e-07 0.440255 1.48986
0.3575 1.01026 1.31424 1.81168e-07 0.452208 1.46977
0.3625 1.01124 1.301 1.79444e-07 0.465275 1.44818
0.3675 1.01184 1.28705 1.7757e-07 0.479009 1.42592
0.3725 1.01196 1.27297 1.75651e-07 0.492866 1.40388
0.3775 1.01157 1.25935 1.73783e-07 0.506258 1.383
0.3825 1.01068 1.24678 1.72052e-07 0.51862 1.36408
0.3875 1.00938 1.23569 1.70525e-07 0.529486 1.34774
0.3925 1.0078 1.22639 1.69242e-07 0.53855 1.33431
0.3975 1.00577 1.21884 1.682e-07 0.545708 1.32379
0.4025 0.997518 1.20734 0.000668573 0.551067 1.31595
0.4075 0.966395 1.17306 0.00441772 0.55483 1.31038
0.4125 0.889941 1.08821 0.0149589 0.557305 1.30654
0.4175 0.757805 0.936558 0.0346222 0.558804 1.30394
0.4225 0.584643 0.7314 0.0618162 0.559592 1.30217
0.4275 0.403891 0.511429 0.0913898 0.559883 1.30097
0.4325 0.248596 0.31828 0.117617 0.55984 1.30012
0.4375 0.136221 0.176075 0.137064 0.559571 1.2995
0.4425 0.0665574 0.0867183 0.149342 0.55914 1.299
0.4475 0.0290751 0.038131 0.156032 0.558574 1.29854
0.4525 0.0113907 0.0150188 0.159205 0.55788 1.29808
0.4575 0.00401446 0.0053164 0.160517 0.55705 1.29757
0.4625 0.00127661 0.00169675 0.160978 0.556072 1.29698
0.4675 0.000367568 0.000489934 0.161096 0.554924 1.29631
0.4725 9.64298e-05 0.000128749 0.161087 0.55358 1.29552
0.4775 2.3541e-05 3.13722e-05 0.161032 0.55201 1.29461
0.4825 5.83606e-06 7.66004e-06 0.160956 0.550175 1.29354
0.4875 1.94298e-06 2.43422e-06 0.160864 0.548034 1.29231
0.4925 1.16713e-06 1.39013e-06 0.160757 0.545535 1.29088
0.4975 1.0269e-06 1.20034e-06 0.160634 0.542619 1.28923
0.5025 1.00391e-06 1.1683e-06 0.160491 0.539213 1.28732
0.5075 1.00049e-06 1.16249e-06 0.160326 0.535232 1.28512
0.5125 1.00001e-06 1.16049e-06 0.160136 0.530576 1.28259
0.5175 9.99937e-07 1.15883e-06 0.159918 0.525123 1.27967
0.5225 9.99904e-07 1.15701e-06 0.159667 0.518727 1.27632
0.5275 9.99867e-07 1.15492e-06 0.159379 0.511213 1.27248
0.5325 9.99818e-07 1.15252e-06 0.159048 0.502369 1.26809
0.5375 9.99752e-07 1.14978e-06 0.15867 0.49194 1.26306
0.5425 9.99666e-07 1.14665e-06 0.158238 0.479619 1.25731
0.5475 9.99553e-07 1.14308e-06 0.157744 0.465046 1.25077
0.5525 9.99407e-07 1.13901e-06 0.157183 0.447803 1.24334
0.5575 9.9922e-07 1.1344e-06 0.156547 0.427424 1.23494
0.5625 9.98986e-07 1.12921e-06 0.155831 0.403423 1.22551
0.5675 9.98699e-07 1.12344e-06 0.155035 0.375338 1.21505
0.5725 9.98356e-07 1.11711e-06 0.154161 0.342817 1.20362
0.5775 9.97959e-07 1.11032e-06 0.153223 0.305724 1.19138
0.5825 9.97522e-07 1.10322e-06 0.152244 0.264261 1.17866
0.5875 9.97069e-07 1.09606e-06 0.151257 0.219079 1.16587
0.5925 9.96642e-07 1.08913e-06 0.1503 0.171312 1.15355
0.5975 9.96216e-07 1.08275e-06 0.149419 0.122589 1.14223
0.6025 0.881269 0.93273 0.0156097 0.0846242 1.07091
0.6075 1.00787 1.0319 0.000509524 0.0407573 1.04558
0.6125 1.00124 1.0179 5.48353e-06 0.0209584 1.02474
0.6175 1.00009 1.00902 1.58735e-07 0.0106547 1.01263
0.6225 1.00001 1.00446 1.3864e-07 0.00527217 1.00625
0.6275 1 1.00215 1.38297e-07 0.00254252 1.00301
0.6325 0.999999 1.00101 1.3814e-07 0.00119658 1.00142
0.6375 0.999999 1.00046 1.38064e-07 0.000549654 1.00065
0.6425 0.999999 1.00021 1.38029e-07 0.00024633 1.00029
0.6475 0.999999 1.00009 1.38013e-07 0.000107632 1.00013
0.6525 0.999999 1.00004 1.38005e-07 4.58226e-05 1.00005
0.6575 0.999999 1.00002 1.38002e-07 1.89972e-05 1.00002
0.6625 0.999999 1.00001 1.38001e-07 7.666e-06 1.00001
0.6675 0.999999 1 1.38e-07 3.01e-06 1
0.6725 0.999999 1 1.38e-07 1.14966e-06 1
0.6775 0.999999 0.999999 1.38e-07 4.2706e-07 1
0.6825 0.999999 0.999999 1.38e-07 1.54266e-07 1
0.6875 0.999999 0.999999 1.38e-07 5.41847e-08 1
0.6925 0.999999 0.999999 1.38e-07 1.85046e-08 1
0.6975 0.999999 0.999999 1.38e-07 6.14422e-09 1
0.7025 0.999999 0.999999 1.38e-07 1.9835e-09 1
0.7075 0.999999 0.999999 1.38e-07 6.22549e-10 1
0.7125 0.999999 0.999999 1.38e-07 1.89975e-10 1
0.7175 0.999999 0.999999 1.38e-07 5.6364e-11 1
0.7225 0.999999 0.999999 1.38e-07 1.62593e-11 1
0.7275 0.999999 0.999999 1.38e-07 4.56034e-12 1
0.7325 0.999999 0.999999 1.38e-07 1.24356e-12 1
0.7375 0.999999 0.999999 1.38e-07 3.29661e-13 1
0.7425 0.999999 0.999999 1.38e-07 8.49567e-14 1
0.7475 0.999999 0.999999 1.38e-07 2.12714e-14 1
0.7525 0.999999 0.999999 1.38e-07 5.1177e-15 1
0.7575 0.999999 0.999999 1.38e-07 1.12113e-15 1
0.7625 0.999999 0.999999 1.38e-07 2.27555e-16 1
0.7675 0.999999 0.999999 1.38e-07 0 1
0.7725 0.999999 0.999999 1.38e-07 0 1
0.7775 0.999999 0.999999 1.38e-07 0 1
0.7825 0.999999 0.999999 1.38e-07 0 1
0.7875 0.999999 0.999999 1.38e-07 0 1
0.7925 0.999999 0.999999 1.38e-07 0 1
0.7975 0.999999 0.999999 1.38e-07 0 1
0.8025 0.999999 0.999999 1.38e-07 0 1
0.8075 0.999999 0.999999 1.38e-07 0 1
0.8125 0.999999 0.999999 1.38e-07 0 1
0.8175 0.999999 0.999999 1.38e-07 0 1
0.8225 0.999999 0.999999 1.38e-07 0 1
0.8275 0.999999 0.999999 1.38e-07 0 1
0.8325 0.999999 0.999999 1.38e-07 0 1
0.8375 0.999999 0.999999 1.38e-07 0 1
0.8425 0.999999 0.999999 1.38e-07 0 1
0.8475 0.999999 0.999999 1.38e-07 0 1
0.8525 0.999999 0.999999 1.38e-07 0 1
0.8575 0.999999 0.999999 1.38e-07 0 1
0.8625 0.999999 0.999999 1.38e-07 0 1
0.8675 0.999999 0.999999 1.38e-07 0 1
0.8725 0.999999 0.999999 1.38e-07 0 1
0.8775 0.999999 0.999999 1.38e-07 0 1
0.8825 0.999999 0.999999 1.38e-07 0 1
0.8875 0.999999 0.999999 1.38e-07 0 1
0.8925 0.999999 0.999999 1.38e-07 0 1
0.8975 0.999999 0.999999 1.38e-07 0 1
0.9025 0.999999 0.999999 1.38e-07 0 1
0.9075 0.999999 0.999999 1.38e-07 0 1
0.9125 0.999999 0.999999 1.38e-07 0 1
0.9175 0.999999 0.999999 1.38e-07 0 1
0.9225 0.999999 0.999999 1.38e-07 0 1
0.9275 0.999999 0.999999 1.38e-07 0 1
0.9325 0.999999 0.999999 1.38e-07 0 1
0.9375 0.999999 0.999999 1.38e-07 0 1
0.9425 0.999999 0.999999 1.38e-07 0 1
0.9475 0.999999 0.999999 1.38e-07 0 1
0.9525 0.999999 0.999999 1.38e-07 0 1
0.9575 0.999999 0.999999 1.38e-07 0 1
0.9625 0.999999 0.999999 1.38e-07 0 1
0.9675 0.999999 0.999999 1.38e-07 0 1
0.9725 0.999999 0.999999 1.38e-07 0 1
0.9775 0.999999 0.999999 1.38e-07 0 1
0.9825 0.999999 0.999999 1.38e-07 0 1
0.9875 0.999999 0.999999 1.38e-07 0 1
0.9925 0.999999 0.999999 1.38e-07 0 1
0.9975 0.999999 0.999999 1.38e-07 0 1
