x alpha rho1 rho2 v p
0.0025 0.999 0.999 0.000125 0 1
0.0075 0.999 0.999 0.000125 0 1
0.0125 0.999 0.999 0.000125 0 1
0.0175 0.999 0.999 0.000125 0 1
0.0225 0.999 0.999 0.000125 0 1
0.0275 0.999 0.999 0.000125 0 1
0.0325 0.999 0.999 0.000125 0 1
0.0375 0.999 0.999 0.000125 0 1
0.0425 0.999 0.999 0.000125 0 1
0.0475 0.999 0.999 0.000125 0 1
0.0525 0.999 0.999 0.000125 0 1
0.0575 0.999 0.999 0.000125 0 1
0.0625 0.999 0.999 0.000125 0 1
0.0675 0.999 0.999 0.000125 0 1
0.0725 0.999 0.999 0.000125 0 1
0.0775 0.999 0.999 0.000125 0 1
0.0825 0.999 0.999 0.000125 0 1
0.0875 0.999 0.999 0.000125 4.82729e-17 1
0.0925 0.999 0.999 0.000125 1.2554e-16 1
0.0975 0.999 0.999 0.000125 4.82726e-16 1
0.1025 0.999 0.999 0.000125 2.02761e-15 1
0.1075 0.999 0.999 0.000125 7.93633e-15 1
0.1125 0.999 0.999 0.000125 3.10226e-14 1
0.1175 0.999 0.999 0.000125 1.16939e-13 1
0.1225 0.999 0.999 0.000125 4.26952e-13 1
0.1275 0.999 0.999 0.000125 1.5086e-12 1
0.1325 0.999 0.999 0.000125 5.1577e-12 1
0.1375 0.999 0.999 0.000125 1.70664e-11 1
0.1425 0.999 0.999 0.000125 5.46635e-11 1
0.1475 0.999 0.999 0.000125 1.69513e-10 1
0.1525 0.999 0.999 0.000125 5.09002e-10 1
0.1575 0.999 0.999 0.000125 1.48015e-09 1
0.1625 0.999 0.999 0.000125 4.16879e-09 1
0.1675 0.999 0.999 0.000125 1.1373e-08 1
0.1725 0.999 0.999 0.000125 3.00568e-08 1
0.1775 0.999 0.999 0.000125 7.69551e-08 1
0.1825 0.999 0.999 0.000125 1.90892e-07 1
0.1875 0.999 0.999 0.000125 4.58783e-07 0.999999
0.1925 0.999 0.998999 0.000125 1.06835e-06 0.999999
0.1975 0.999001 0.998998 0.000125 2.41052e-06 0.999997
0.2025 0.999002 0.998996 0.000124999 5.26987e-06 0.999994
0.2075 0.999003 0.998991 0.000124999 1.11629e-05 0.999987
0.2125 0.999007 0.998981 0.000124998 2.29107e-05 0.999973
0.2175 0.999013 0.998962 0.000124995 4.55587e-05 0.999946
0.2225 0.999023 0.998926 0.000124991 8.77741e-05 0.999896
0.2275 0.999041 0.998862 0.000124983 0.000163839 0.999806
0.2325 0.999071 0.99875 0.000124969 0.000296296 0.99965
0.2375 0.999117 0.998562 0.000124945 0.000519174 0.999386
0.2425 0.999188 0.998256 0.000124907 0.000881501 0.998958
0.2475 0.999292 0.997776 0.000124847 0.00145057 0.998286
0.2525 0.999437 0.997048 0.000124756 0.00231414 0.997266
0.2575 0.999633 0.995981 0.000124622 0.00358078 0.995773
0.2625 0.999887 0.994469 0.000124433 0.00537738 0.993658
0.2675 1.0002 0.992396 0.000124174 0.00784379 0.990761
0.2725 1.00059 0.989643 0.000123829 0.0111246 0.986919
0.2775 1.00103 0.986098 0.000123386 0.0153594 0.981978
0.2825 1.00153 0.981663 0.000122831 0.0206727 0.975809
0.2875 1.00207 0.976263 0.000122155 0.0271649 0.968316
0.2925 1.00265 0.969853 0.000121353 0.0349072 0.959445
0.2975 1.00325 0.962415 0.000120422 0.0439382 0.949184
0.3025 1.00386 0.953963 0.000119365 0.0542646 0.937566
0.3075 1.00448 0.944536 0.000118185 0.0658651 0.924659
0.3125 1.00509 0.934192 0.000116891 0.0786946 0.91056
0.3175 1.00569 0.923007 0.000115491 0.0926905 0.895389
0.3225 1.00628 0.911066 0.000113997 0.107778 0.879277
0.3275 1.00686 0.898457 0.00011242 0.123877 0.862358
0.3325 1.00742 0.885271 0.00011077 0.140902 0.844769
0.3375 1.00797 0.871593 0.000109058 0.158772 0.826638
0.3425 1.0085 0.857508 0.000107296 0.177405 0.808087
0.3475 1.00903 0.843092 0.000105492 0.196728 0.789227
0.3525 1.00955 0.828414 0.000103655 0.216671 0.770159
0.3575 1.01007 0.813538 0.000101794 0.237171 0.750971
0.3625 1.01059 0.79852 9.99149e-05 0.25817 0.731743
0.3675 1.01111 0.78341 9.80242e-05 0.279616 0.712542
0.3725 1.01163 0.768252 9.61276e-05 0.301463 0.693428
0.3775 1.01217 0.753084 9.42298e-05 0.32367 0.674452
0.3825 1.01272 0.737941 9.2335e-05 0.3462 0.655657
0.3875 1.01328 0.722852 9.04469e-05 0.36902 0.637081
0.3925 1.01386 0.707842 8.85688e-05 0.3921 0.618754
0.3975 1.01445 0.692933 8.67034e-05 0.415415 0.600703
0.4025 1.01507 0.678146 8.48532e-05 0.438939 0.58295
0.4075 1.01572 0.663498 8.30203e-05 0.462652 0.565513
0.4125 1.0164 0.649003 8.12066e-05 0.486533 0.548408
0.4175 1.0171 0.634676 7.94139e-05 0.510563 0.531647
0.4225 1.01784 0.620527 7.76435e-05 0.534724 0.515241
0.4275 1.01862 0.606567 7.58968e-05 0.558999 0.499198
0.4325 1.01943 0.592808 7.41752e-05 0.58337 0.483526
0.4375 1.02029 0.579258 7.24797e-05 0.607818 0.468231
0.4425 1.02119 0.565927 7.08117e-05 0.632325 0.45332
0.4475 1.02214 0.552825 6.91724e-05 0.656868 0.438798
0.4525 1.02313 0.539964 6.7563e-05 0.681421 0.424673
0.4575 1.02417 0.527354 6.59853e-05 0.705954 0.410952
0.4625 1.02524 0.515013 6.44411e-05 0.730428 0.397646
0.4675 1.02633 0.50296 6.2933e-05 0.754791 0.384771
0.4725 1.02741 0.491223 6.14643e-05 0.778973 0.372349
0.4775 1.02845 0.47984 6.004e-05 0.802874 0.360412
0.4825 1.02934 0.46887 5.86674e-05 0.826345 0.349013
0.4875 1.02994 0.458404 5.73578e-05 0.849151 0.338235
0.4925 1.02995 0.448591 5.613e-05 0.870913 0.32822
0.4975 1.02884 0.439684 5.50155e-05 0.890994 0.319207
0.5025 1.02589 0.432107 5.40675e-05 0.908312 0.311606
0.5075 1.02083 0.426521 5.33685e-05 0.921196 0.306054
0.5125 1.01602 0.423589 5.30017e-05 0.927926 0.30319
0.5175 1.01499 0.422974 5.29246e-05 0.929191 0.302656
0.5225 1.01554 0.423013 5.29296e-05 0.928893 0.302784
0.5275 1.0162 0.423051 5.2935e-05 0.928578 0.302919
0.5325 1.0169 0.42306 5.29392e-05 0.928313 0.303033
0.5375 1.01765 0.423038 5.29513e-05 0.928095 0.303128
0.5425 1.01845 0.422991 5.30086e-05 0.927911 0.303208
0.5475 1.01932 0.42292 5.32414e-05 0.927746 0.30328
0.5525 1.02027 0.422823 5.40632e-05 0.927603 0.303343
0.5575 1.0213 0.422692 5.66681e-05 0.927481 0.303397
0.5625 1.02245 0.42252 6.41952e-05 0.927372 0.303446
0.5675 1.02372 0.422288 8.4187e-05 0.927276 0.303489
0.5725 1.02511 0.421957 0.000133277 0.927194 0.303527
0.5775 1.02664 0.421462 0.000245225 0.927122 0.30356
0.5825 1.02829 0.420689 0.000483207 0.927057 0.303591
0.5875 1.03002 0.419444 0.000956345 0.927002 0.303617
0.5925 1.03173 0.417438 0.00183862 0.926954 0.303641
0.5975 1.03333 0.414253 0.00338572 0.92691 0.303663
0.6025 1.03464 0.409341 0.00594276 0.926873 0.303682
0.6075 1.0355 0.402043 0.00993467 0.926841 0.3037
0.6125 1.03576 0.391645 0.0158325 0.926812 0.303716
0.6175 1.03528 0.377475 0.0240933 0.926788 0.303731
0.6225 1.03402 0.359027 0.0350803 0.926767 0.303743
0.6275 1.03196 0.336092 0.0489768 0.926749 0.303755
0.6325 1.02914 0.308859 0.0657142 0.926733 0.303767
0.6375 1.02561 0.27796 0.0849351 0.926721 0.303777
0.6425 1.02137 0.244445 0.106005 0.926711 0.303786
0.6475 1.01639 0.20967 0.128076 0.926701 0.303794
0.6525 1.01053 0.175132 0.150192 0.926694 0.303803
0.6575 1.00359 0.142275 0.171407 0.92669 0.30381
0.6625 0.995252 0.112319 0.190911 0.926687 0.303816
0.6675 0.9852 0.0861277 0.208106 0.926683 0.303824
0.6725 0.973109 0.0641563 0.222657 0.926682 0.303831
0.6775 0.95875 0.0464633 0.234483 0.926686 0.303836
0.6825 0.942085 0.0327808 0.243724 0.926689 0.303843
0.6875 0.923327 0.0226157 0.250673 0.926691 0.303851
0.6925 0.902958 0.0153584 0.255703 0.926697 0.303858
0.6975 0.881695 0.0103782 0.259213 0.926711 0.303863
0.7025 0.860418 0.00709297 0.26158 0.926723 0.303871
0.7075 0.840047 0.00500965 0.263127 0.92673 0.303882
0.7125 0.821392 0.00373968 0.264106 0.926745 0.303891
0.7175 0.805052 0.00299571 0.264709 0.926775 0.303898
0.7225 0.791383 0.00257709 0.265077 0.926798 0.303907
0.7275 0.780487 0.00235099 0.265301 0.926801 0.30392
0.7325 0.772195 0.00223386 0.265434 0.926796 0.303925
0.7375 0.766128 0.00217565 0.265499 0.926765 0.303902
0.7425 0.761775 0.00214781 0.265508 0.926575 0.303836
0.7475 0.758515 0.00213451 0.265429 0.925971 0.303654
0.7525 0.75547 0.0021267 0.265135 0.924429 0.303144
0.7575 0.751261 0.00211798 0.264324 0.92056 0.301817
0.7625 0.743483 0.00210091 0.262299 0.910841 0.298554
0.7675 0.727161 0.00206162 0.25743 0.887152 0.29078
0.7725 0.69115 0.00197321 0.246401 0.832264 0.273299
0.7775 0.611614 0.00179716 0.224419 0.716331 0.239009
0.7825 0.449902 0.00152421 0.190336 0.513441 0.187692
0.7875 0.202527 0.00124576 0.155564 0.263039 0.138502
0.7925 -0.023226 0.00107966 0.134822 0.0870528 0.111676
0.7975 -0.150278 0.0010199 0.12736 0.0213015 0.10282
0.8025 -0.215905 0.00100445 0.12543 0.00470611 0.100624
0.8075 -0.261583 0.00100096 0.124995 0.00101543 0.100135
0.8125 -0.303299 0.00100021 0.124901 0.000217726 0.100029
0.8175 -0.345566 0.00100004 0.124881 4.65505e-05 0.100006
0.8225 -0.389955 0.00100001 0.124876 9.92805e-06 0.100001
0.8275 -0.437003 0.001 0.124875 2.11132e-06 0.1
0.8325 -0.484759 0.001 0.124875 4.47403e-07 0.1
0.8375 -0.527913 0.001 0.124875 9.43931e-08 0.1
0.8425 -0.561169 0.001 0.124875 1.98085e-08 0.1
0.8475 -0.584284 0.001 0.124875 4.12997e-09 0.1
0.8525 -0.605557 0.001 0.124875 8.54439e-10 0.1
0.8575 -0.64758 0.001 0.124875 1.7517e-10 0.1
0.8625 -0.738815 0.001 0.124875 3.55339e-11 0.1
0.8675 -0.869418 0.001 0.124875 7.12144e-12 0.1
0.8725 -0.998094 0.001 0.124875 1.40789e-12 0.1
0.8775 -1.09439 0.001 0.124875 2.74069e-13 0.1
0.8825 -1.13842 0.001 0.124875 5.2363e-14 0.1
0.8875 -0.951439 0.001 0.124875 9.75975e-15 0.1
0.8925 -0.870131 0.001 0.124875 1.69505e-15 0.1
0.8975 -0.295479 0.001 0.124875 2.10547e-16 0.1
0.9025 0.541688 0.001 0.124875 3.83702e-17 0.1
0.9075 0.219044 0.001 0.124875 1.91697e-17 0.1
0.9125 -0.0645302 0.001 0.124875 -2.87853e-17 0.1
0.9175 0.5887 0.001 0.124875 -5.75252e-17 0.1
0.9225 0.209123 0.001 0.124875 -1.77746e-20 0.1
0.9275 0.509933 0.001 0.124875 3.18852e-23 0.1
0.9325 0.204164 0.001 0.124875 -3.84061e-17 0.1
0.9375 0.696828 0.001 0.124875 -3.82944e-17 0.1
0.9425 0.385285 0.001 0.124875 -2.88382e-17 0.1
0.9475 0.962416 0.001 0.124875 -9.5349e-18 0.1
0.9525 0.99226 0.001 0.124875 -2.8653e-17 0.1
0.9575 0.583894 0.001 0.124875 3.82744e-17 0.1
0.9625 0.228093 0.001 0.124875 9.6293e-18 0.1
0.9675 0.19738 0.001 0.124875 -2.87494e-17 0.1
0.9725 -0.72638 0.001 0.124875 -2.87384e-17 0.1
0.9775 -0.00598483 0.001 0.124875 9.48147e-18 0.1
0.9825 -0.846149 0.001 0.124875 2.59313e-21 0.1
0.9875 0.736712 0.001 0.124875 -3.83864e-17 0.1
0.9925 -0.125247 0.001 0.124875 -4.79029e-17 0.1
0.9975 0.707769 0.001 0.124875 -4.79137e-17 0.1
