x alpha rho1 rho2 v p
0.0025 0.999 0.999 0.000125 0 1
0.0075 0.999 0.999 0.000125 0 1
0.0125 0.999 0.999 0.000125 0 1
0.0175 0.999 0.999 0.000125 0 1
0.0225 0.999 0.999 0.000125 0 1
0.0275 0.999 0.999 0.000125 0 1
0.0325 0.999 0.999 0.000125 0 1
0.0375 0.999 0.999 0.000125 0 1
0.0425 0.999 0.999 0.000125 0 1
0.0475 0.999 0.999 0.000125 0 1
0.0525 0.999 0.999 0.000125 0 1
0.0575 0.999 0.999 0.000125 0 1
0.0625 0.999 0.999 0.000125 0 1
0.0675 0.999 0.999 0.000125 1.92675e-17 1
0.0725 0.999 0.999 0.000125 1.25524e-16 1
0.0775 0.999 0.999 0.000125 3.0904e-16 1
0.0825 0.999 0.999 0.000125 1.20659e-15 1
0.0875 0.999 0.999 0.000125 4.68197e-15 1
0.0925 0.999 0.999 0.000125 1.76958e-14 1
0.0975 0.999 0.999 0.000125 6.50599e-14 1
0.1025 0.999 0.999 0.000125 2.31594e-13 1
0.1075 0.999 0.999 0.000125 7.99199e-13 1
0.1125 0.999 0.999 0.000125 2.67403e-12 1
0.1175 0.999 0.999 0.000125 8.67703e-12 1
0.1225 0.999 0.999 0.000125 2.73109e-11 1
0.1275 0.999 0.999 0.000125 8.33905e-11 1
0.1325 0.999 0.999 0.000125 2.47037e-10 1
0.1375 0.999 0.999 0.000125 7.10103e-10 1
0.1425 0.999 0.999 0.000125 1.98077e-09 1
0.1475 0.999 0.999 0.000125 5.36216e-09 1
0.1525 0.999 0.999 0.000125 1.40886e-08 1
0.1575 0.999 0.999 0.000125 3.59286e-08 1
0.1625 0.999 0.999 0.000125 8.8937e-08 1
0.1675 0.999 0.999 0.000125 2.13702e-07 1
0.1725 0.999 0.999 0.000125 4.98456e-07 0.999999
0.1775 0.999 0.998999 0.000125 1.12861e-06 0.999999
0.1825 0.999001 0.998998 0.000125 2.48063e-06 0.999997
0.1875 0.999002 0.998996 0.000124999 5.29269e-06 0.999994
0.1925 0.999003 0.998991 0.000124999 1.09617e-05 0.999987
0.1975 0.999006 0.998981 0.000124998 2.20374e-05 0.999974
0.2025 0.999012 0.998964 0.000124995 4.30037e-05 0.999949
0.2075 0.999021 0.998931 0.000124991 8.14526e-05 0.999904
0.2125 0.999037 0.998874 0.000124984 0.000149744 0.999823
0.2175 0.999062 0.998775 0.000124972 0.000267199 0.999684
0.2225 0.999103 0.998609 0.000124951 0.000462783 0.999453
0.2275 0.999163 0.998344 0.000124918 0.000778055 0.99908
0.2325 0.999252 0.997929 0.000124866 0.00126999 0.998499
0.2375 0.999375 0.997302 0.000124788 0.00201305 0.997622
0.2425 0.999542 0.996386 0.000124673 0.00309985 0.99634
0.2475 0.99976 0.99509 0.000124511 0.00463965 0.994526
0.2525 1.00003 0.993311 0.000124288 0.00675446 0.99204
0.2575 1.00036 0.990945 0.000123992 0.00957272 0.988735
0.2625 1.00075 0.987887 0.000123609 0.0132213 0.98447
0.2675 1.00118 0.984044 0.000123129 0.0178171 0.97912
0.2725 1.00166 0.979343 0.00012254 0.0234588 0.972587
0.2775 1.00218 0.973729 0.000121838 0.0302213 0.964805
0.2825 1.00272 0.967177 0.000121018 0.0381518 0.955747
0.2875 1.00327 0.959684 0.000120081 0.0472695 0.945421
0.2925 1.00384 0.951274 0.000119028 0.0575675 0.933874
0.2975 1.0044 0.941991 0.000117867 0.0690158 0.921177
0.3025 1.00495 0.931893 0.000116603 0.0815668 0.907427
0.3075 1.00549 0.921052 0.000115247 0.0951593 0.892734
0.3125 1.00602 0.909543 0.000113807 0.109724 0.877215
0.3175 1.00653 0.897448 0.000112293 0.125187 0.860991
0.3225 1.00704 0.884844 0.000110716 0.141475 0.844181
0.3275 1.00753 0.871807 0.000109085 0.158512 0.826897
0.3325 1.008 0.858411 0.000107409 0.17623 0.809245
0.3375 1.00847 0.844721 0.000105696 0.194563 0.791321
0.3425 1.00894 0.830798 0.000103954 0.21345 0.773211
0.3475 1.0094 0.816697 0.000102189 0.232836 0.754994
0.3525 1.00986 0.802467 0.000100409 0.25267 0.736738
0.3575 1.01032 0.788151 9.86175e-05 0.272907 0.718502
0.3625 1.01078 0.773788 9.68203e-05 0.293507 0.700338
0.3675 1.01125 0.759412 9.50215e-05 0.314433 0.682292
0.3725 1.01173 0.745052 9.32247e-05 0.335652 0.664402
0.3775 1.01222 0.730735 9.14333e-05 0.357136 0.6467
0.3825 1.01273 0.716483 8.965e-05 0.378858 0.629215
0.3875 1.01324 0.702316 8.78774e-05 0.400796 0.611971
0.3925 1.01378 0.688252 8.61176e-05 0.422928 0.594987
0.3975 1.01434 0.674306 8.43726e-05 0.445234 0.578281
0.4025 1.01491 0.660491 8.2644e-05 0.467698 0.561866
0.4075 1.01552 0.646819 8.09334e-05 0.490303 0.545753
0.4125 1.01614 0.633302 7.92419e-05 0.513034 0.529954
0.4175 1.0168 0.619947 7.75709e-05 0.535876 0.514475
0.4225 1.01749 0.606764 7.59215e-05 0.558814 0.499323
0.4275 1.01821 0.593762 7.42945e-05 0.581835 0.484504
0.4325 1.01897 0.580947 7.2691e-05 0.604924 0.470024
0.4375 1.01976 0.568327 7.1112e-05 0.628066 0.455886
0.4425 1.02059 0.55591 6.95584e-05 0.651241 0.442095
0.4475 1.02146 0.543705 6.80312e-05 0.674432 0.428656
0.4525 1.02237 0.531722 6.65317e-05 0.697615 0.415575
0.4575 1.02331 0.519971 6.50614e-05 0.72076 0.40286
0.4625 1.02428 0.508467 6.3622e-05 0.74383 0.39052
0.4675 1.02526 0.497229 6.22159e-05 0.766775 0.378572
0.4725 1.02622 0.486285 6.08465e-05 0.789528 0.367036
0.4775 1.02711 0.475672 5.95185e-05 0.81199 0.355946
0.4825 1.02786 0.465447 5.82391e-05 0.834015 0.345354
0.4875 1.0283 0.4557 5.70196e-05 0.855372 0.335343
0.4925 1.02815 0.446579 5.58783e-05 0.875692 0.326052
0.4975 1.02693 0.438329 5.4846e-05 0.894352 0.317716
0.5025 1.02399 0.431359 5.39738e-05 0.91032 0.31073
0.5075 1.01923 0.426281 5.33385e-05 0.922044 0.305687
0.5125 1.0149 0.423667 5.30114e-05 0.928046 0.303133
0.5175 1.01397 0.423134 5.29447e-05 0.929139 0.302672
0.5225 1.01446 0.423184 5.2951e-05 0.92884 0.3028
0.5275 1.01504 0.423232 5.29571e-05 0.928532 0.302932
0.5325 1.01565 0.423253 5.29602e-05 0.928273 0.303043
0.5375 1.0163 0.423246 5.29623e-05 0.928059 0.303136
0.5425 1.01698 0.423217 5.29717e-05 0.927878 0.303214
0.5475 1.01772 0.423169 5.30185e-05 0.927715 0.303285
0.5525 1.01853 0.423099 5.32037e-05 0.927575 0.303347
0.5575 1.01939 0.423005 5.38401e-05 0.927454 0.3034
0.5625 1.02034 0.422884 5.58119e-05 0.927347 0.303447
0.5675 1.02139 0.422729 6.14063e-05 0.927252 0.30349
0.5725 1.02253 0.422523 7.60685e-05 0.927171 0.303526
0.5775 1.0238 0.422241 0.000111764 0.927099 0.303559
0.5825 1.02518 0.421835 0.000192822 0.927035 0.303589
0.5875 1.02668 0.421216 0.000365089 0.92698 0.303615
0.5925 1.02827 0.420242 0.000708748 0.926932 0.303638
0.5975 1.0299 0.418693 0.00135396 0.926888 0.303659
0.6025 1.03148 0.416244 0.00249669 0.926851 0.303678
0.6075 1.03288 0.412455 0.00440994 0.926819 0.303695
0.6125 1.03398 0.406776 0.00744406 0.926789 0.303711
0.6175 1.03461 0.398574 0.0120096 0.926764 0.303725
0.6225 1.03467 0.387201 0.0185386 0.926743 0.303737
0.6275 1.03405 0.372086 0.0274255 0.926724 0.303749
0.6325 1.03274 0.352845 0.0389547 0.926707 0.30376
0.6375 1.03073 0.32939 0.0532284 0.926693 0.30377
0.6425 1.02808 0.302004 0.0701126 0.926682 0.303778
0.6475 1.02482 0.271364 0.0892155 0.926671 0.303787
0.6525 1.02095 0.238502 0.109909 0.926663 0.303794
0.6575 1.01644 0.204692 0.131391 0.926657 0.303801
0.6625 1.01116 0.171308 0.152782 0.926651 0.303808
0.6675 1.00492 0.139653 0.173229 0.926646 0.303814
0.6725 0.997434 0.110812 0.192007 0.926644 0.30382
0.6775 0.988398 0.0855517 0.208585 0.926644 0.303825
0.6825 0.977501 0.0642722 0.222668 0.926643 0.303831
0.6875 0.964501 0.0470234 0.234186 0.926642 0.303837
0.6925 0.949292 0.0335645 0.243261 0.926646 0.303842
0.6975 0.931976 0.0234521 0.250156 0.926652 0.303846
0.7025 0.912904 0.0161337 0.255212 0.926655 0.303853
0.7075 0.892655 0.0110308 0.258793 0.926658 0.303859
0.7125 0.871972 0.00760233 0.261246 0.92667 0.303865
0.7175 0.851682 0.00538252 0.262874 0.926684 0.30387
0.7225 0.83259 0.00399753 0.263926 0.926693 0.303878
0.7275 0.815368 0.00316489 0.264589 0.926701 0.303888
0.7325 0.800472 0.00268267 0.264997 0.926724 0.303894
0.7375 0.788112 0.00241377 0.265245 0.926752 0.3039
0.7425 0.778287 0.00226951 0.2654 0.926761 0.30391
0.7475 0.77081 0.00219512 0.265496 0.926754 0.303919
0.7525 0.765286 0.00215821 0.265547 0.926739 0.303909
0.7575 0.7612 0.00214053 0.265557 0.926643 0.303865
0.7625 0.757973 0.00213207 0.265512 0.926275 0.303751
0.7675 0.754891 0.00212714 0.265336 0.925281 0.303438
0.7725 0.750896 0.00212159 0.264826 0.922816 0.302598
0.7775 0.744262 0.0021106 0.263524 0.916633 0.300494
0.7825 0.731659 0.00208501 0.260354 0.901326 0.295418
0.7875 0.705592 0.00202549 0.25293 0.864907 0.283609
0.7925 0.649113 0.00189786 0.236995 0.783752 0.258512
0.7975 0.528467 0.00166933 0.208457 0.625375 0.214657
0.8025 0.308852 0.00137608 0.171838 0.386886 0.161024
0.8075 0.0437707 0.00114582 0.143085 0.159269 0.122038
0.8125 -0.142193 0.0010407 0.129958 0.0440394 0.10584
0.8175 -0.238082 0.00100948 0.126059 0.0100746 0.101335
0.8225 -0.295 0.00100208 0.125134 0.00219326 0.100291
0.8275 -0.341367 0.00100045 0.124931 0.000472104 0.100063
0.8325 -0.38653 0.0010001 0.124887 0.000101266 0.100013
0.8375 -0.432287 0.00100002 0.124878 2.16785e-05 0.100003
0.8425 -0.477 0.001 0.124876 4.63166e-06 0.100001
0.8475 -0.517429 0.001 0.124875 9.87217e-07 0.1
0.8525 -0.55124 0.001 0.124875 2.09802e-07 0.1
0.8575 -0.580596 0.001 0.124875 4.4425e-08 0.1
0.8625 -0.615373 0.001 0.124875 9.36502e-09 0.1
0.8675 -0.670443 0.001 0.124875 1.96355e-09 0.1
0.8725 -0.754496 0.001 0.124875 4.09035e-10 0.1
0.8775 -0.860446 0.001 0.124875 8.45575e-11 0.1
0.8825 -0.967518 0.001 0.124875 1.73243e-11 0.1
0.8875 -1.03672 0.001 0.124875 3.51304e-12 0.1
0.8925 -1.03554 0.001 0.124875 7.04042e-13 0.1
0.8975 -0.931613 0.001 0.124875 1.39086e-13 0.1
0.9025 -0.658405 0.001 0.124875 2.70143e-14 0.1
0.9075 -0.53271 0.001 0.124875 5.11349e-15 0.1
0.9125 -0.707776 0.001 0.124875 8.42445e-16 0.1
0.9175 -0.241447 0.001 0.124875 1.53136e-16 0.1
0.9225 -0.374222 0.001 0.124875 9.63446e-18 0.1
0.9275 0.475301 0.001 0.124875 -2.87698e-17 0.1
0.9325 0.162243 0.001 0.124875 -9.63685e-18 0.1
0.9375 0.817151 0.001 0.124875 -6.70635e-17 0.1
0.9425 0.921944 0.001 0.124875 -2.88378e-17 0.1
0.9475 0.842876 0.001 0.124875 -9.53397e-18 0.1
0.9525 0.866353 0.001 0.124875 -2.8654e-17 0.1
0.9575 0.237858 0.001 0.124875 -1.92644e-17 0.1
0.9625 0.414044 0.001 0.124875 9.62939e-18 0.1
0.9675 -0.406856 0.001 0.124875 3.84419e-17 0.1
0.9725 -0.760509 0.001 0.124875 -9.62184e-18 0.1
0.9775 -0.03877 0.001 0.124875 -1.92876e-17 0.1
0.9825 0.379692 0.001 0.124875 -2.87663e-17 0.1
0.9875 -0.85425 0.001 0.124875 -3.83862e-17 0.1
0.9925 0.636238 0.001 0.124875 -7.66724e-17 0.1
0.9975 0.707769 0.001 0.124875 -7.66829e-17 0.1
