x alpha rho1 rho2 v p
0.0025 0.999998 1.3765 1.38e-07 0.394799 1.57
0.0075 0.999998 1.3765 1.38e-07 0.394799 1.57
0.0125 0.999999 1.3765 1.38e-07 0.394799 1.57
0.0175 0.999999 1.3765 1.38e-07 0.394799 1.57
0.0225 1 1.3765 1.38e-07 0.3948 1.57
0.0275 1 1.3765 1.38e-07 0.394802 1.57
0.0325 1 1.37649 1.37999e-07 0.394806 1.56999
0.0375 1 1.37649 1.37999e-07 0.394812 1.56998
0.0425 1.00001 1.37648 1.37998e-07 0.394822 1.56996
0.0475 1.00001 1.37646 1.37996e-07 0.394837 1.56993
0.0525 1.00002 1.37644 1.37994e-07 0.394858 1.56989
0.0575 1.00002 1.37641 1.37991e-07 0.394887 1.56984
0.0625 1.00003 1.37637 1.37987e-07 0.394924 1.56977
0.0675 1.00004 1.37632 1.37982e-07 0.394971 1.56969
0.0725 1.00004 1.37626 1.37976e-07 0.395026 1.56959
0.0775 1.00005 1.37619 1.37969e-07 0.395091 1.56948
0.0825 1.00006 1.37611 1.37962e-07 0.395163 1.56935
0.0875 1.00006 1.37603 1.37953e-07 0.39524 1.56922
0.0925 1.00006 1.37595 1.37945e-07 0.39532 1.56908
0.0975 1.00006 1.37586 1.37936e-07 0.395398 1.56894
0.1025 1.00006 1.37578 1.37928e-07 0.395472 1.56881
0.1075 1.00005 1.37571 1.3792e-07 0.395538 1.5687
0.1125 1.00004 1.37564 1.37914e-07 0.395593 1.56861
0.1175 1.00003 1.3756 1.3791e-07 0.395635 1.56854
0.1225 1.00002 1.37557 1.37906e-07 0.395661 1.5685
0.1275 1.00001 1.37555 1.37905e-07 0.395673 1.56848
0.1325 0.999994 1.37555 1.37905e-07 0.39567 1.56849
0.1375 0.999984 1.37557 1.37906e-07 0.395655 1.56852
0.1425 0.999977 1.37559 1.37909e-07 0.395629 1.56857
0.1475 0.999971 1.37563 1.37913e-07 0.395594 1.56863
0.1525 0.999967 1.37567 1.37917e-07 0.395555 1.5687
0.1575 0.999965 1.37572 1.37922e-07 0.395513 1.56877
0.1625 0.999965 1.37576 1.37926e-07 0.39547 1.56885
0.1675 0.999966 1.37581 1.37931e-07 0.395427 1.56892
0.1725 0.999968 1.37585 1.37935e-07 0.395387 1.56899
0.1775 0.99997 1.37589 1.37939e-07 0.39535 1.56905
0.1825 0.999973 1.37593 1.37943e-07 0.395316 1.56911
0.1875 0.999975 1.37597 1.37947e-07 0.395285 1.56916
0.1925 0.999978 1.376 1.3795e-07 0.395257 1.56921
0.1975 0.99998 1.37602 1.37952e-07 0.395232 1.56925
0.2025 0.999982 1.37605 1.37955e-07 0.39521 1.56929
0.2075 0.999984 1.37607 1.37957e-07 0.395191 1.56933
0.2125 0.999985 1.37609 1.37959e-07 0.395173 1.56936
0.2175 0.999987 1.37611 1.37961e-07 0.395157 1.56938
0.2225 0.999989 1.37612 1.37962e-07 0.395144 1.56941
0.2275 0.999991 1.37613 1.37964e-07 0.395132 1.56942
0.2325 0.999994 1.37614 1.37964e-07 0.395125 1.56944
0.2375 0.999999 1.37615 1.37965e-07 0.395123 1.56944
0.2425 1.00001 1.37614 1.37964e-07 0.39513 1.56942
0.2475 1.00002 1.37612 1.37962e-07 0.395153 1.56938
0.2525 1.00004 1.37607 1.37957e-07 0.395202 1.56928
0.2575 1.00008 1.37597 1.37947e-07 0.395296 1.5691
0.2625 1.00014 1.3758 1.37933e-07 0.39546 1.5688
0.2675 1.00024 1.37551 1.37915e-07 0.395734 1.56828
0.2725 1.00037 1.37504 1.3791e-07 0.396175 1.56747
0.2775 1.00056 1.37427 1.37963e-07 0.396857 1.56621
0.2825 1.0008 1.37308 1.38167e-07 0.397877 1.56433
0.2875 1.0011 1.37128 1.38674e-07 0.399352 1.56164
0.2925 1.00146 1.3687 1.39686e-07 0.401415 1.5579
0.2975 1.00191 1.36516 1.41404e-07 0.404208 1.55288
0.3025 1.00245 1.36053 1.43962e-07 0.407867 1.54635
0.3075 1.00312 1.35477 1.47358e-07 0.412516 1.53813
0.3125 1.00392 1.34789 1.51423e-07 0.418244 1.5281
0.3175 1.00484 1.33998 1.5584e-07 0.425098 1.51623
0.3225 1.00584 1.33113 1.60212e-07 0.43307 1.50257
0.3275 1.00687 1.32149 1.6416e-07 0.442095 1.4873
0.3325 1.00783 1.31117 1.67394e-07 0.452044 1.47067
0.3375 1.00865 1.30033 1.69761e-07 0.462732 1.45305
0.3425 1.00926 1.28915 1.71243e-07 0.473921 1.43486
0.3475 1.00961 1.27786 1.71932e-07 0.485332 1.41657
0.3525 1.00966 1.2667 1.71983e-07 0.49666 1.39868
0.3575 1.00942 1.25595 1.71578e-07 0.507591 1.38167
0.3625 1.00889 1.24589 1.7089e-07 0.517826 1.36597
0.3675 1.00814 1.23676 1.70068e-07 0.527105 1.35194
0.3725 1.00721 1.22875 1.69227e-07 0.535233 1.3398
0.3775 1.0062 1.22197 1.68446e-07 0.542097 1.32968
0.3825 1.00519 1.21645 1.67771e-07 0.547674 1.32154
0.3875 1.00425 1.21213 1.67223e-07 0.552032 1.31524
0.3925 1.00342 1.20887 1.668e-07 0.555304 1.31054
0.3975 1.00272 1.20652 1.66487e-07 0.557669 1.30717
0.4025 1.00191 1.20468 2.04195e-05 0.559316 1.30483
0.4075 0.999709 1.20199 0.00020619 0.560424 1.30326
0.4125 0.992362 1.19434 0.0010601 0.561144 1.30224
0.4175 0.972423 1.17326 0.0036741 0.561591 1.30162
0.4225 0.929837 1.12669 0.00965254 0.561846 1.30127
0.4275 0.856045 1.04351 0.0205238 0.561949 1.30114
0.4325 0.749221 0.920022 0.0368651 0.561896 1.30122
0.4375 0.61706 0.763954 0.0577202 0.561632 1.30155
0.4425 0.474863 0.592948 0.080763 0.561039 1.30221
0.4475 0.339989 0.428164 0.103139 0.559938 1.30329
0.4525 0.22598 0.286927 0.122466 0.558112 1.30488
0.4575 0.139336 0.178274 0.137464 0.555344 1.30702
0.4625 0.079712 0.1027 0.14802 0.551453 1.30968
0.4675 0.0423397 0.0548875 0.154828 0.546311 1.31286
0.4725 0.0208999 0.0272386 0.158913 0.539826 1.31662
0.4775 0.00959753 0.012564 0.161264 0.531928 1.32104
0.4825 0.00410405 0.00539132 0.162637 0.522577 1.32624
0.4875 0.00163564 0.00215388 0.163531 0.511789 1.33231
0.4925 0.000608108 0.000801742 0.164225 0.499677 1.33923
0.4975 0.000211248 0.000278438 0.164858 0.486487 1.34688
0.5025 6.88876e-05 9.05997e-05 0.165481 0.472589 1.35505
0.5075 2.14325e-05 2.80402e-05 0.166103 0.458445 1.36346
0.5125 6.72912e-06 8.70566e-06 0.166712 0.444534 1.3718
0.5175 2.49481e-06 3.16154e-06 0.167292 0.431274 1.37979
0.5225 1.36159e-06 1.68779e-06 0.167831 0.418962 1.38723
0.5275 1.07989e-06 1.32593e-06 0.168321 0.407746 1.39401
0.5325 1.01497e-06 1.24517e-06 0.16876 0.397635 1.4001
0.5375 1.00123e-06 1.23008e-06 0.169151 0.388546 1.40554
0.5425 9.98676e-07 1.22905e-06 0.1695 0.380351 1.41039
0.5475 9.98375e-07 1.23064e-06 0.16981 0.372922 1.41471
0.5525 9.98483e-07 1.23252e-06 0.170085 0.366161 1.41855
0.5575 9.98653e-07 1.23426e-06 0.170327 0.359999 1.42194
0.5625 9.98828e-07 1.23579e-06 0.170538 0.354388 1.42488
0.5675 9.99e-07 1.23709e-06 0.170718 0.349288 1.4274
0.5725 9.99165e-07 1.23817e-06 0.170867 0.344647 1.42948
0.5775 9.99319e-07 1.23904e-06 0.170987 0.340402 1.43117
0.5825 9.9946e-07 1.2397e-06 0.171079 0.336476 1.43246
0.5875 9.99584e-07 1.24018e-06 0.171145 0.332787 1.43339
0.5925 9.9969e-07 1.24048e-06 0.171186 0.329247 1.43397
0.5975 9.99718e-07 1.24061e-06 0.171204 0.325775 1.43422
0.6025 0.159377 0.215017 0.142047 0.322365 1.43297
0.6075 0.492082 0.633894 0.086652 0.317154 1.42888
0.6125 0.793555 1.00191 0.0377677 0.307899 1.41847
0.6175 0.946273 1.1848 0.011674 0.292468 1.39741
0.6225 0.992121 1.22803 0.00252253 0.268985 1.36262
0.6275 0.999877 1.21033 0.00036983 0.236178 1.31343
0.6325 1.00046 1.17268 3.51414e-05 0.194799 1.25297
0.6375 1.00046 1.13008 2.15476e-06 0.148794 1.18858
0.6425 1.00039 1.09011 2.14184e-07 0.104427 1.12936
0.6475 1.00026 1.05765 1.47002e-07 0.0674481 1.08205
0.6525 1.00013 1.03443 1.42759e-07 0.0405119 1.04868
0.6575 1.00005 1.01945 1.40685e-07 0.022963 1.02739
0.6625 1.00002 1.01054 1.39454e-07 0.0124559 1.0148
0.6675 1.00001 1.00552 1.38763e-07 0.00653502 1.00775
0.6725 1 1.00282 1.3839e-07 0.00333967 1.00396
0.6775 0.999999 1.00141 1.38195e-07 0.00166942 1.00198
0.6825 0.999999 1.00069 1.38095e-07 0.000818107 1.00097
0.6875 0.999999 1.00033 1.38046e-07 0.000393428 1.00047
0.6925 0.999999 1.00016 1.38022e-07 0.000185711 1.00022
0.6975 0.999999 1.00007 1.3801e-07 8.60295e-05 1.0001
0.7025 0.999999 1.00003 1.38005e-07 3.90952e-05 1.00005
0.7075 0.999999 1.00001 1.38002e-07 1.74205e-05 1.00002
0.7125 0.999999 1.00001 1.38001e-07 7.60765e-06 1.00001
0.7175 0.999999 1 1.38e-07 3.25466e-06 1
0.7225 0.999999 1 1.38e-07 1.36352e-06 1
0.7275 0.999999 0.999999 1.38e-07 5.59215e-07 1
0.7325 0.999999 0.999999 1.38e-07 2.24465e-07 1
0.7375 0.999999 0.999999 1.38e-07 8.8162e-08 1
0.7425 0.999999 0.999999 1.38e-07 3.38774e-08 1
0.7475 0.999999 0.999999 1.38e-07 1.27345e-08 1
0.7525 0.999999 0.999999 1.38e-07 4.68234e-09 1
0.7575 0.999999 0.999999 1.38e-07 1.68393e-09 1
0.7625 0.999999 0.999999 1.38e-07 5.92309e-10 1
0.7675 0.999999 0.999999 1.38e-07 2.03763e-10 1
0.7725 0.999999 0.999999 1.38e-07 6.8557e-11 1
0.7775 0.999999 0.999999 1.38e-07 2.25593e-11 1
0.7825 0.999999 0.999999 1.38e-07 7.26009e-12 1
0.7875 0.999999 0.999999 1.38e-07 2.28516e-12 1
0.7925 0.999999 0.999999 1.38e-07 7.03472e-13 1
0.7975 0.999999 0.999999 1.38e-07 2.11769e-13 1
0.8025 0.999999 0.999999 1.38e-07 6.23504e-14 1
0.8075 0.999999 0.999999 1.38e-07 1.78475e-14 1
0.8125 0.999999 0.999999 1.38e-07 4.95178e-15 1
0.8175 0.999999 0.999999 1.38e-07 1.35015e-15 1
0.8225 0.999999 0.999999 1.38e-07 2.99039e-16 1
0.8275 0.999999 0.999999 1.38e-07 2.18065e-17 1
0.8325 0.999999 0.999999 1.38e-07 0 1
0.8375 0.999999 0.999999 1.38e-07 0 1
0.8425 0.999999 0.999999 1.38e-07 0 1
0.8475 0.999999 0.999999 1.38e-07 0 1
0.8525 0.999999 0.999999 1.38e-07 0 1
0.8575 0.999999 0.999999 1.38e-07 0 1
0.8625 0.999999 0.999999 1.38e-07 0 1
0.8675 0.999999 0.999999 1.38e-07 0 1
0.8725 0.999999 0.999999 1.38e-07 0 1
0.8775 0.999999 0.999999 1.38e-07 0 1
0.8825 0.999999 0.999999 1.38e-07 0 1
0.8875 0.999999 0.999999 1.38e-07 0 1
0.8925 0.999999 0.999999 1.38e-07 0 1
0.8975 0.999999 0.999999 1.38e-07 0 1
0.9025 0.999999 0.999999 1.38e-07 0 1
0.9075 0.999999 0.999999 1.38e-07 0 1
0.9125 0.999999 0.999999 1.38e-07 0 1
0.9175 0.999999 0.999999 1.38e-07 0 1
0.9225 0.999999 0.999999 1.38e-07 0 1
0.9275 0.999999 0.999999 1.38e-07 0 1
0.9325 0.999999 0.999999 1.38e-07 0 1
0.9375 0.999999 0.999999 1.38e-07 0 1
0.9425 0.999999 0.999999 1.38e-07 0 1
0.9475 0.999999 0.999999 1.38e-07 0 1
0.9525 0.999999 0.999999 1.38e-07 0 1
0.9575 0.999999 0.999999 1.38e-07 0 1
0.9625 0.999999 0.999999 1.38e-07 0 1
0.9675 0.999999 0.999999 1.38e-07 0 1
0.9725 0.999999 0.999999 1.38e-07 0 1
0.9775 0.999999 0.999999 1.38e-07 0 1
0.9825 0.999999 0.999999 1.38e-07 0 1
0.9875 0.999999 0.999999 1.38e-07 0 1
0.9925 0.999999 0.999999 1.38e-07 0 1
0.9975 0.999999 0.999999 1.38e-07 0 1
