x alpha rho1 rho2 v p
0.0025 0.999 0.999 0.000125 0 1
0.0075 0.999 0.999 0.000125 0 1
0.0125 0.999 0.999 0.000125 0 1
0.0175 0.999 0.999 0.000125 0 1
0.0225 0.999 0.999 0.000125 0 1
0.0275 0.999 0.999 0.000125 0 1
0.0325 0.999 0.999 0.000125 4.82491e-17 1
0.0375 0.999 0.999 0.000125 1.44747e-16 1
0.0425 0.999 0.999 0.000125 4.24738e-16 1
0.0475 0.999 0.999 0.000125 1.56371e-15 1
0.0525 0.999 0.999 0.000125 5.49187e-15 1
0.0575 0.999 0.999 0.000125 1.91405e-14 1
0.0625 0.999 0.999 0.000125 6.51843e-14 1
0.0675 0.999 0.999 0.000125 2.16217e-13 1
0.0725 0.999 0.999 0.000125 6.97885e-13 1
0.0775 0.999 0.999 0.000125 2.19183e-12 1
0.0825 0.999 0.999 0.000125 6.69961e-12 1
0.0875 0.999 0.999 0.000125 1.99319e-11 1
0.0925 0.999 0.999 0.000125 5.77214e-11 1
0.0975 0.999 0.999 0.000125 1.62724e-10 1
0.1025 0.999 0.999 0.000125 4.46602e-10 1
0.1075 0.999 0.999 0.000125 1.19336e-09 1
0.1125 0.999 0.999 0.000125 3.10475e-09 1
0.1175 0.999 0.999 0.000125 7.86511e-09 1
0.1225 0.999 0.999 0.000125 1.94008e-08 1
0.1275 0.999 0.999 0.000125 4.65995e-08 1
0.1325 0.999 0.999 0.000125 1.08993e-07 1
0.1375 0.999 0.999 0.000125 2.48243e-07 1
0.1425 0.999 0.999 0.000125 5.50571e-07 0.999999
0.1475 0.999 0.998999 0.000125 1.18907e-06 0.999999
0.1525 0.999001 0.998998 0.000125 2.50064e-06 0.999997
0.1575 0.999001 0.998996 0.000124999 5.12078e-06 0.999994
0.1625 0.999003 0.998991 0.000124999 1.02106e-05 0.999988
0.1675 0.999005 0.998983 0.000124998 1.98234e-05 0.999977
0.1725 0.99901 0.998968 0.000124996 3.74719e-05 0.999956
0.1775 0.999017 0.998942 0.000124993 6.89631e-05 0.999918
0.1825 0.999029 0.998896 0.000124987 0.000123566 0.999854
0.1875 0.999048 0.998818 0.000124977 0.00021555 0.999745
0.1925 0.999078 0.998691 0.000124961 0.000366071 0.999567
0.1975 0.999123 0.998489 0.000124936 0.000605299 0.999284
0.2025 0.999188 0.998178 0.000124897 0.000974553 0.998848
0.2075 0.999279 0.997711 0.000124839 0.00152808 0.998194
0.2125 0.999401 0.997032 0.000124754 0.00233402 0.997243
0.2175 0.999562 0.996071 0.000124634 0.00347411 0.995899
0.2225 0.999764 0.994752 0.000124468 0.00504177 0.994053
0.2275 1.00001 0.992989 0.000124248 0.00713844 0.991589
0.2325 1.00031 0.990697 0.000123961 0.00986841 0.988388
0.2375 1.00064 0.987793 0.000123598 0.0133327 0.984339
0.2425 1.00102 0.984207 0.000123149 0.017623 0.979345
0.2475 1.00143 0.979879 0.000122607 0.0228159 0.973329
0.2525 1.00187 0.974768 0.000121968 0.0289688 0.966241
0.2575 1.00233 0.968856 0.000121228 0.036118 0.958061
0.2625 1.0028 0.96214 0.000120388 0.0442782 0.948796
0.2675 1.00327 0.954639 0.000119449 0.0534436 0.938481
0.2725 1.00375 0.946387 0.000118417 0.063591 0.927173
0.2775 1.00421 0.937429 0.000117296 0.0746829 0.914944
0.2825 1.00467 0.92782 0.000116094 0.0866713 0.901882
0.2875 1.00511 0.917622 0.000114818 0.099501 0.88808
0.2925 1.00554 0.906898 0.000113476 0.113113 0.873634
0.2975 1.00596 0.895712 0.000112076 0.127446 0.85864
0.3025 1.00637 0.884125 0.000110626 0.14244 0.84319
0.3075 1.00677 0.872197 0.000109134 0.158038 0.827372
0.3125 1.00716 0.859983 0.000107606 0.174185 0.811265
0.3175 1.00754 0.847536 0.000106048 0.190828 0.794944
0.3225 1.00791 0.8349 0.000104467 0.207922 0.778475
0.3275 1.00828 0.822119 0.000102868 0.225422 0.761918
0.3325 1.00865 0.80923 0.000101255 0.24329 0.745326
0.3375 1.00902 0.796267 9.9633e-05 0.261489 0.728745
0.3425 1.00939 0.78326 9.80055e-05 0.279989 0.712215
0.3475 1.00976 0.770236 9.63758e-05 0.29876 0.695774
0.3525 1.01014 0.757218 9.47469e-05 0.317777 0.67945
0.3575 1.01052 0.744226 9.31214e-05 0.337016 0.663271
0.3625 1.01091 0.73128 9.15015e-05 0.356458 0.647259
0.3675 1.01131 0.718395 8.98893e-05 0.376082 0.631434
0.3725 1.01172 0.705585 8.82864e-05 0.395873 0.615812
0.3775 1.01215 0.692863 8.66946e-05 0.415815 0.600408
0.3825 1.01258 0.680239 8.5115e-05 0.435895 0.585234
0.3875 1.01304 0.667724 8.3549e-05 0.4561 0.570299
0.3925 1.01351 0.655325 8.19976e-05 0.476417 0.555612
0.3975 1.01399 0.643051 8.04618e-05 0.496836 0.54118
0.4025 1.0145 0.630908 7.89424e-05 0.517348 0.527009
0.4075 1.01503 0.618902 7.74402e-05 0.53794 0.513104
0.4125 1.01558 0.607039 7.59559e-05 0.558605 0.499468
0.4175 1.01616 0.595325 7.44901e-05 0.579333 0.486105
0.4225 1.01676 0.583764 7.30436e-05 0.600113 0.473018
0.4275 1.01739 0.572362 7.16168e-05 0.620935 0.46021
0.4325 1.01804 0.561123 7.02105e-05 0.641787 0.447684
0.4375 1.01873 0.550052 6.88254e-05 0.662658 0.435441
0.4425 1.01944 0.539156 6.7462e-05 0.683533 0.423485
0.4475 1.02018 0.528442 6.61214e-05 0.704395 0.41182
0.4525 1.02094 0.517917 6.48044e-05 0.725221 0.400452
0.4575 1.02173 0.507592 6.35125e-05 0.745987 0.389386
0.4625 1.02252 0.49748 6.22472e-05 0.766657 0.378635
0.4675 1.02331 0.487599 6.10109e-05 0.787183 0.368212
0.4725 1.02407 0.477975 5.98067e-05 0.807499 0.35814
0.4775 1.02474 0.468646 5.86394e-05 0.827512 0.348451
0.4825 1.02524 0.459668 5.7516e-05 0.847076 0.339199
0.4875 1.02542 0.451129 5.64475e-05 0.865968 0.330466
0.4925 1.02502 0.443172 5.54519e-05 0.883829 0.322389
0.4975 1.02362 0.436033 5.45587e-05 0.900065 0.315195
0.5025 1.02074 0.430093 5.38154e-05 0.913724 0.309251
0.5075 1.01652 0.425879 5.32882e-05 0.92347 0.305069
0.5125 1.01299 0.4238 5.3028e-05 0.928244 0.30304
0.5175 1.01227 0.423407 5.29788e-05 0.929039 0.302704
0.5225 1.01266 0.423474 5.29872e-05 0.92874 0.302832
0.5275 1.01312 0.423535 5.29948e-05 0.928445 0.302958
0.5325 1.01361 0.423571 5.29994e-05 0.928198 0.303064
0.5375 1.01411 0.423584 5.30012e-05 0.927993 0.303152
0.5425 1.01463 0.42358 5.30011e-05 0.927816 0.303229
0.5475 1.01519 0.42356 5.3001e-05 0.927659 0.303296
0.5525 1.01579 0.423525 5.3006e-05 0.927523 0.303355
0.5575 1.01642 0.423473 5.30348e-05 0.927406 0.303407
0.5625 1.01711 0.423405 5.31476e-05 0.927302 0.303452
0.5675 1.01785 0.42332 5.35214e-05 0.92721 0.303493
0.5725 1.01865 0.423214 5.46382e-05 0.927131 0.303528
0.5775 1.01953 0.423084 5.77148e-05 0.92706 0.30356
0.5825 1.02048 0.42292 6.56039e-05 0.926998 0.303588
0.5875 1.02153 0.422708 8.45378e-05 0.926944 0.303613
0.5925 1.02267 0.42242 0.000127228 0.926896 0.303635
0.5975 1.02392 0.422009 0.000217919 0.926853 0.303655
0.6025 1.02526 0.421394 0.000399896 0.926816 0.303673
0.6075 1.02667 0.420447 0.000745551 0.926783 0.303689
0.6125 1.02812 0.418976 0.00136827 0.926754 0.303704
0.6175 1.02953 0.416706 0.00243422 0.926728 0.303717
0.6225 1.03081 0.41327 0.00417077 0.926706 0.303729
0.6275 1.03187 0.408211 0.0068673 0.926686 0.30374
0.6325 1.03258 0.401002 0.0108638 0.926668 0.30375
0.6375 1.03285 0.391091 0.0165247 0.926653 0.303759
0.6425 1.0326 0.37797 0.024197 0.92664 0.303768
0.6475 1.03181 0.361252 0.0341577 0.926628 0.303776
0.6525 1.03046 0.340756 0.0465575 0.926619 0.303783
0.6575 1.0286 0.316583 0.0613734 0.92661 0.303789
0.6625 1.02626 0.289143 0.0783799 0.926603 0.303795
0.6675 1.02347 0.259155 0.0971487 0.926597 0.303801
0.6725 1.02023 0.22759 0.11708 0.926592 0.303806
0.6775 1.01651 0.195575 0.137462 0.926588 0.303811
0.6825 1.01218 0.164269 0.157546 0.926585 0.303816
0.6875 1.00709 0.134745 0.176628 0.926583 0.30382
0.6925 1.00101 0.107877 0.194122 0.926582 0.303824
0.6975 0.993673 0.0842731 0.209606 0.926581 0.303828
0.7025 0.984791 0.0642474 0.222844 0.92658 0.303832
0.7075 0.974108 0.0478333 0.233784 0.926582 0.303835
0.7125 0.961452 0.0348312 0.242527 0.926584 0.303839
0.7175 0.946789 0.0248746 0.249289 0.926585 0.303843
0.7225 0.930261 0.0175017 0.254355 0.926587 0.303847
0.7275 0.912199 0.0122211 0.258031 0.926593 0.30385
0.7325 0.893115 0.0085624 0.26062 0.9266 0.303854
0.7375 0.873653 0.00610976 0.262393 0.926604 0.303859
0.7425 0.854513 0.00451887 0.263573 0.926608 0.303864
0.7475 0.83636 0.00352033 0.264339 0.92662 0.303868
0.7525 0.819761 0.00291394 0.264826 0.926634 0.303872
0.7575 0.805137 0.0025577 0.265133 0.926641 0.303879
0.7625 0.79272 0.00235529 0.265326 0.926648 0.303887
0.7675 0.782521 0.00224411 0.265444 0.926668 0.303891
0.7725 0.774392 0.00218511 0.265519 0.926693 0.303895
0.7775 0.768076 0.00215492 0.26557 0.926697 0.303903
0.7825 0.763195 0.00214004 0.265605 0.926683 0.303909
0.7875 0.759252 0.0021329 0.265618 0.926658 0.303894
0.7925 0.755718 0.00212944 0.265603 0.926548 0.303844
0.7975 0.752082 0.00212747 0.26554 0.926159 0.303723
0.8025 0.747761 0.00212531 0.265348 0.925136 0.3034
0.8075 0.741881 0.00212083 0.264821 0.922627 0.302544
0.8125 0.732895 0.00211016 0.2635 0.916377 0.300418
0.8175 0.717481 0.00208454 0.260305 0.900967 0.295308
0.8225 0.687692 0.00202479 0.252846 0.864386 0.28345
0.8275 0.625076 0.00189684 0.236868 0.782995 0.258294
0.8325 0.49244 0.00166808 0.208301 0.624379 0.214409
0.8375 0.251181 0.00137505 0.171709 0.385911 0.160837
0.8425 -0.0401755 0.00114535 0.143025 0.158742 0.12196
0.8475 -0.245552 0.00104058 0.129943 0.0439039 0.105822
0.8525 -0.352347 0.00100946 0.126056 0.0100554 0.101332
0.8575 -0.414532 0.00100208 0.125134 0.00219269 0.100291
0.8625 -0.461386 0.00100045 0.124931 0.000472958 0.100063
0.8675 -0.502199 0.0010001 0.124887 0.000101712 0.100014
0.8725 -0.540605 0.00100002 0.124878 2.18442e-05 0.100003
0.8775 -0.580721 0.001 0.124876 4.68604e-06 0.100001
0.8825 -0.628183 0.001 0.124875 1.00391e-06 0.1
0.8875 -0.687969 0.001 0.124875 2.14717e-07 0.1
0.8925 -0.76055 0.001 0.124875 4.58303e-08 0.1
0.8975 -0.838471 0.001 0.124875 9.75756e-09 0.1
0.9025 -0.904947 0.001 0.124875 2.07101e-09 0.1
0.9075 -0.936929 0.001 0.124875 4.37904e-10 0.1
0.9125 -0.917662 0.001 0.124875 9.21705e-11 0.1
0.9175 -0.850404 0.001 0.124875 1.92947e-11 0.1
0.9225 -0.784991 0.001 0.124875 4.01318e-12 0.1
0.9275 -0.775289 0.001 0.124875 8.28447e-13 0.1
0.9325 -0.813532 0.001 0.124875 1.69423e-13 0.1
0.9375 -0.740106 0.001 0.124875 3.42822e-14 0.1
0.9425 -0.507821 0.001 0.124875 6.77763e-15 0.1
0.9475 -0.522202 0.001 0.124875 1.25398e-15 0.1
0.9525 0.171981 0.001 0.124875 1.81923e-16 0.1
0.9575 0.317913 0.001 0.124875 -1.92659e-17 0.1
0.9625 0.020715 0.001 0.124875 -3.43965e-20 0.1
0.9675 -1.94729 0.001 0.124875 -1.90995e-17 0.1
0.9725 0.0151498 0.001 0.124875 -6.71655e-17 0.1
0.9775 0.49989 0.001 0.124875 -1.92952e-17 0.1
0.9825 -0.701288 0.001 0.124875 -9.65833e-18 0.1
0.9875 0.4084 0.001 0.124875 -2.87214e-17 0.1
0.9925 0.669021 0.001 0.124875 -9.57714e-17 0.1
0.9975 0.707769 0.001 0.124875 -1.05454e-16 0.1
