x alpha rho1 rho2 v p
0.0025 1 1.3765 1.38e-07 0.394801 1.57
0.0075 1 1.37649 1.38e-07 0.394804 1.56999
0.0125 1 1.37649 1.37999e-07 0.394809 1.56998
0.0175 1 1.37648 1.37998e-07 0.394816 1.56997
0.0225 1.00001 1.37647 1.37997e-07 0.394826 1.56995
0.0275 1.00001 1.37646 1.37996e-07 0.394841 1.56992
0.0325 1.00002 1.37643 1.37994e-07 0.394862 1.56989
0.0375 1.00002 1.37641 1.37991e-07 0.394889 1.56984
0.0425 1.00003 1.37637 1.37987e-07 0.394923 1.56978
0.0475 1.00003 1.37633 1.37983e-07 0.394965 1.5697
0.0525 1.00004 1.37627 1.37977e-07 0.395015 1.56961
0.0575 1.00005 1.37621 1.37971e-07 0.395072 1.56951
0.0625 1.00005 1.37614 1.37964e-07 0.395136 1.5694
0.0675 1.00005 1.37607 1.37957e-07 0.395206 1.56928
0.0725 1.00006 1.37599 1.37949e-07 0.395278 1.56915
0.0775 1.00006 1.37591 1.37941e-07 0.39535 1.56903
0.0825 1.00005 1.37583 1.37933e-07 0.39542 1.56891
0.0875 1.00005 1.37576 1.37926e-07 0.395484 1.5688
0.0925 1.00004 1.3757 1.3792e-07 0.39554 1.5687
0.0975 1.00003 1.37565 1.37915e-07 0.395585 1.56863
0.1025 1.00002 1.37561 1.37911e-07 0.395618 1.56857
0.1075 1.00001 1.37559 1.37909e-07 0.395638 1.56854
0.1125 1 1.37558 1.37908e-07 0.395645 1.56853
0.1175 0.999993 1.37558 1.37908e-07 0.39564 1.56854
0.1225 0.999984 1.3756 1.3791e-07 0.395624 1.56857
0.1275 0.999978 1.37562 1.37912e-07 0.395599 1.56862
0.1325 0.999973 1.37566 1.37916e-07 0.395567 1.56867
0.1375 0.99997 1.3757 1.3792e-07 0.395531 1.56874
0.1425 0.999968 1.37574 1.37924e-07 0.395492 1.56881
0.1475 0.999968 1.37578 1.37928e-07 0.395452 1.56888
0.1525 0.999968 1.37582 1.37932e-07 0.395413 1.56894
0.1575 0.99997 1.37587 1.37937e-07 0.395375 1.56901
0.1625 0.999972 1.3759 1.3794e-07 0.39534 1.56907
0.1675 0.999974 1.37594 1.37944e-07 0.395308 1.56912
0.1725 0.999976 1.37597 1.37947e-07 0.395278 1.56918
0.1775 0.999978 1.376 1.3795e-07 0.395251 1.56922
0.1825 0.999981 1.37603 1.37953e-07 0.395227 1.56926
0.1875 0.999983 1.37605 1.37955e-07 0.395206 1.5693
0.1925 0.999985 1.37607 1.37957e-07 0.395187 1.56933
0.1975 0.999987 1.37609 1.37959e-07 0.39517 1.56936
0.2025 0.999989 1.37611 1.37961e-07 0.395157 1.56938
0.2075 0.999992 1.37612 1.37962e-07 0.395147 1.5694
0.2125 0.999997 1.37612 1.37963e-07 0.395142 1.5694
0.2175 1 1.37612 1.37962e-07 0.395146 1.5694
0.2225 1.00002 1.37611 1.37961e-07 0.395163 1.56936
0.2275 1.00003 1.37607 1.37957e-07 0.395201 1.56929
0.2325 1.00006 1.37599 1.37949e-07 0.395272 1.56915
0.2375 1.00011 1.37587 1.37937e-07 0.395397 1.56892
0.2425 1.00018 1.37565 1.37915e-07 0.395601 1.56854
0.2475 1.00028 1.37532 1.37882e-07 0.395925 1.56794
0.2525 1.00043 1.37481 1.3783e-07 0.396418 1.56703
0.2575 1.00063 1.37405 1.37754e-07 0.397147 1.56569
0.2625 1.0009 1.37296 1.37646e-07 0.398192 1.56379
0.2675 1.00124 1.37144 1.37496e-07 0.399647 1.56115
0.2725 1.00167 1.36937 1.37302e-07 0.401614 1.5576
0.2775 1.00218 1.36664 1.3707e-07 0.4042 1.55296
0.2825 1.00277 1.36312 1.36833e-07 0.407508 1.54707
0.2875 1.00341 1.35869 1.3666e-07 0.411628 1.53979
0.2925 1.00408 1.35323 1.36669e-07 0.416628 1.53103
0.2975 1.00474 1.34668 1.37014e-07 0.422548 1.52075
0.3025 1.00539 1.33902 1.3786e-07 0.42939 1.50897
0.3075 1.00598 1.33029 1.3934e-07 0.43712 1.49581
0.3125 1.00653 1.32064 1.41502e-07 0.445663 1.48143
0.3175 1.00701 1.31025 1.44287e-07 0.454902 1.46607
0.3225 1.00743 1.29939 1.47529e-07 0.464688 1.45
0.3275 1.00777 1.28832 1.50986e-07 0.474839 1.43354
0.3325 1.008 1.27732 1.54392e-07 0.485149 1.41704
0.3375 1.00809 1.26663 1.57513e-07 0.495399 1.40086
0.3425 1.00801 1.25646 1.6018e-07 0.50536 1.38534
0.3475 1.00776 1.247 1.62306e-07 0.514814 1.3708
0.3525 1.00733 1.2384 1.63884e-07 0.523561 1.35751
0.3575 1.00674 1.23076 1.64966e-07 0.531436 1.34569
0.3625 1.00604 1.22414 1.65642e-07 0.538322 1.33546
0.3675 1.00527 1.21859 1.66011e-07 0.544159 1.32688
0.3725 1.00449 1.21406 1.66171e-07 0.548948 1.31991
0.3775 1.00375 1.21049 1.66203e-07 0.552746 1.31442
0.3825 1.0031 1.20778 1.66167e-07 0.555655 1.31024
0.3875 1.00255 1.2058 1.66105e-07 0.557807 1.30717
0.3925 1.00212 1.2044 1.6604e-07 0.559341 1.30498
0.3975 1.00178 1.20346 1.65987e-07 0.560391 1.3035
0.4025 1.00148 1.20286 2.10081e-06 0.561068 1.30254
0.4075 1.00101 1.20236 2.45549e-05 0.561444 1.30202
0.4125 0.9996 1.20122 0.000155001 0.561542 1.30192
0.4175 0.995205 1.19739 0.000659853 0.561309 1.30233
0.4225 0.983714 1.18654 0.00212223 0.560568 1.30354
0.4275 0.958861 1.16175 0.00550149 0.558953 1.30609
0.4325 0.913557 1.11472 0.0119907 0.555818 1.31085
0.4375 0.842608 1.03853 0.02265 0.55021 1.31894
0.4425 0.74557 0.930726 0.0379507 0.541039 1.33133
0.4475 0.628003 0.795175 0.0574326 0.527585 1.34812
0.4525 0.500288 0.642087 0.0796147 0.510186 1.36792
0.4575 0.374765 0.486197 0.102244 0.490488 1.38804
0.4625 0.262647 0.343188 0.122918 0.470784 1.40565
0.4675 0.171565 0.22509 0.139866 0.452862 1.41916
0.4725 0.104259 0.137073 0.152409 0.437392 1.42858
0.4775 0.0589343 0.0775509 0.160861 0.424166 1.43483
0.4825 0.0310117 0.0408052 0.166088 0.412671 1.43895
0.4875 0.0152074 0.0199908 0.169077 0.402463 1.44174
0.4925 0.00695753 0.00912938 0.170668 0.393254 1.44366
0.4975 0.00297337 0.00389139 0.171464 0.384886 1.445
0.5025 0.0011886 0.00155046 0.171842 0.377272 1.44592
0.5075 0.000445254 0.000578549 0.172015 0.370362 1.44653
0.5125 0.000156788 0.000202825 0.172091 0.364121 1.44691
0.5175 5.22779e-05 6.72905e-05 0.172122 0.358517 1.4471
0.5225 1.68623e-05 2.15778e-05 0.172133 0.353515 1.44717
0.5275 5.61696e-06 7.13531e-06 0.172133 0.349082 1.44716
0.5325 2.26583e-06 2.85357e-06 0.172129 0.345179 1.4471
0.5375 1.32717e-06 1.6605e-06 0.172124 0.341768 1.44703
0.5425 1.07973e-06 1.34759e-06 0.172118 0.338808 1.44697
0.5475 1.01828e-06 1.27024e-06 0.172114 0.336258 1.44692
0.5525 1.00391e-06 1.25219e-06 0.172112 0.334075 1.4469
0.5575 1.00076e-06 1.24822e-06 0.172112 0.332217 1.4469
0.5625 1.00013e-06 1.2474e-06 0.172114 0.330643 1.44693
0.5675 1.00003e-06 1.24726e-06 0.172117 0.329314 1.44698
0.5725 1.00004e-06 1.24727e-06 0.172122 0.328192 1.44705
0.5775 1.00007e-06 1.2473e-06 0.172127 0.327243 1.44713
0.5825 1.0001e-06 1.24734e-06 0.172132 0.326435 1.44721
0.5875 1.00013e-06 1.24738e-06 0.172138 0.325741 1.44729
0.5925 1.00016e-06 1.24741e-06 0.172142 0.325136 1.44737
0.5975 1.00017e-06 1.24744e-06 0.172146 0.324597 1.44743
0.6025 0.0418765 0.057039 0.164438 0.324118 1.44745
0.6075 0.187415 0.247376 0.139136 0.323658 1.4474
0.6125 0.426238 0.55245 0.098976 0.323121 1.44724
0.6175 0.672077 0.864324 0.0579961 0.322345 1.44665
0.6225 0.84971 1.09156 0.0278905 0.321016 1.44509
0.6275 0.945023 1.21562 0.0110184 0.318616 1.44164
0.6325 0.984095 1.26596 0.0035728 0.314336 1.43502
0.6375 0.996443 1.27724 0.000945108 0.307002 1.4234
0.6425 0.999435 1.27022 0.00020123 0.295077 1.40449
0.6475 1 1.25294 3.37793e-05 0.276853 1.3759
0.6525 1.00015 1.22735 4.42874e-06 0.250939 1.33607
0.6575 1.00025 1.19441 5.54817e-07 0.217073 1.28552
0.6625 1.00035 1.15639 1.83838e-07 0.176974 1.22786
0.6675 1.00037 1.11734 1.55147e-07 0.134586 1.16947
0.6725 1.00031 1.08188 1.49322e-07 0.0950027 1.11723
0.6775 1.0002 1.05333 1.4536e-07 0.0623956 1.07578
0.6825 1.00011 1.0327 1.42512e-07 0.0384611 1.0462
0.6875 1.00005 1.01908 1.40633e-07 0.0225087 1.02686
0.6925 1.00002 1.0107 1.39477e-07 0.0126446 1.01503
0.6975 1.00001 1.00582 1.38803e-07 0.00687743 1.00816
0.7025 1 1.00308 1.38425e-07 0.00364368 1.00432
0.7075 1 1.00159 1.3822e-07 0.00188786 1.00224
0.7125 0.999999 1.00081 1.38112e-07 0.000958959 1.00113
0.7175 0.999999 1.0004 1.38056e-07 0.000478285 1.00057
0.7225 0.999999 1.0002 1.38027e-07 0.000234422 1.00028
0.7275 0.999999 1.00009 1.38013e-07 0.000112956 1.00013
0.7325 0.999999 1.00004 1.38006e-07 5.35149e-05 1.00006
0.7375 0.999999 1.00002 1.38003e-07 2.4926e-05 1.00003
0.7425 0.999999 1.00001 1.38001e-07 1.14119e-05 1.00001
0.7475 0.999999 1 1.38001e-07 5.13421e-06 1.00001
0.7525 0.999999 1 1.38e-07 2.2692e-06 1
0.7575 0.999999 1 1.38e-07 9.84983e-07 1
0.7625 0.999999 0.999999 1.38e-07 4.1978e-07 1
0.7675 0.999999 0.999999 1.38e-07 1.75608e-07 1
0.7725 0.999999 0.999999 1.38e-07 7.20953e-08 1
0.7775 0.999999 0.999999 1.38e-07 2.90421e-08 1
0.7825 0.999999 0.999999 1.38e-07 1.14775e-08 1
0.7875 0.999999 0.999999 1.38e-07 4.44948e-09 1
0.7925 0.999999 0.999999 1.38e-07 1.69191e-09 1
0.7975 0.999999 0.999999 1.38e-07 6.30985e-10 1
0.8025 0.999999 0.999999 1.38e-07 2.30788e-10 1
0.8075 0.999999 0.999999 1.38e-07 8.27833e-11 1
0.8125 0.999999 0.999999 1.38e-07 2.91206e-11 1
0.8175 0.999999 0.999999 1.38e-07 1.00456e-11 1
0.8225 0.999999 0.999999 1.38e-07 3.39826e-12 1
0.8275 0.999999 0.999999 1.38e-07 1.12725e-12 1
0.8325 0.999999 0.999999 1.38e-07 3.66534e-13 1
0.8375 0.999999 0.999999 1.38e-07 1.16786e-13 1
0.8425 0.999999 0.999999 1.38e-07 3.64955e-14 1
0.8475 0.999999 0.999999 1.38e-07 1.11863e-14 1
0.8525 0.999999 0.999999 1.38e-07 3.33212e-15 1
0.8575 0.999999 0.999999 1.38e-07 9.41472e-16 1
0.8625 0.999999 0.999999 1.38e-07 2.20901e-16 1
0.8675 0.999999 0.999999 1.38e-07 4.97122e-17 1
0.8725 0.999999 0.999999 1.38e-07 0 1
0.8775 0.999999 0.999999 1.38e-07 0 1
0.8825 0.999999 0.999999 1.38e-07 0 1
0.8875 0.999999 0.999999 1.38e-07 0 1
0.8925 0.999999 0.999999 1.38e-07 0 1
0.8975 0.999999 0.999999 1.38e-07 0 1
0.9025 0.999999 0.999999 1.38e-07 0 1
0.9075 0.999999 0.999999 1.38e-07 0 1
0.9125 0.999999 0.999999 1.38e-07 0 1
0.9175 0.999999 0.999999 1.38e-07 0 1
0.9225 0.999999 0.999999 1.38e-07 0 1
0.9275 0.999999 0.999999 1.38e-07 0 1
0.9325 0.999999 0.999999 1.38e-07 0 1
0.9375 0.999999 0.999999 1.38e-07 0 1
0.9425 0.999999 0.999999 1.38e-07 0 1
0.9475 0.999999 0.999999 1.38e-07 0 1
0.9525 0.999999 0.999999 1.38e-07 0 1
0.9575 0.999999 0.999999 1.38e-07 0 1
0.9625 0.999999 0.999999 1.38e-07 0 1
0.9675 0.999999 0.999999 1.38e-07 0 1
0.9725 0.999999 0.999999 1.38e-07 0 1
0.9775 0.999999 0.999999 1.38e-07 0 1
0.9825 0.999999 0.999999 1.38e-07 0 1
0.9875 0.999999 0.999999 1.38e-07 0 1
0.9925 0.999999 0.999999 1.38e-07 0 1
0.9975 0.999999 0.999999 1.38e-07 0 1
