x alpha rho1 rho2 v p
0.0025 1.00001 1.37649 1.37999e-07 0.394809 1.56998
0.0075 1.00001 1.37648 1.37998e-07 0.394816 1.56997
0.0125 1.00001 1.37647 1.37997e-07 0.394827 1.56995
0.0175 1.00001 1.37645 1.37996e-07 0.394842 1.56992
0.0225 1.00002 1.37643 1.37993e-07 0.394862 1.56989
0.0275 1.00002 1.37641 1.37991e-07 0.394889 1.56984
0.0325 1.00003 1.37637 1.37987e-07 0.394921 1.56978
0.0375 1.00003 1.37633 1.37983e-07 0.394961 1.56971
0.0425 1.00004 1.37628 1.37978e-07 0.395009 1.56962
0.0475 1.00004 1.37622 1.37972e-07 0.395064 1.56953
0.0525 1.00005 1.37615 1.37966e-07 0.395125 1.56942
0.0575 1.00005 1.37608 1.37958e-07 0.395191 1.5693
0.0625 1.00005 1.37601 1.37951e-07 0.395259 1.56918
0.0675 1.00005 1.37593 1.37943e-07 0.395329 1.56906
0.0725 1.00005 1.37586 1.37936e-07 0.395396 1.56895
0.0775 1.00005 1.37579 1.37929e-07 0.395459 1.56884
0.0825 1.00004 1.37573 1.37923e-07 0.395515 1.56874
0.0875 1.00003 1.37568 1.37918e-07 0.395561 1.56867
0.0925 1.00002 1.37564 1.37914e-07 0.395596 1.56861
0.0975 1.00002 1.37561 1.37911e-07 0.39562 1.56857
0.1025 1.00001 1.3756 1.3791e-07 0.395631 1.56855
0.1075 0.999996 1.37559 1.37909e-07 0.39563 1.56856
0.1125 0.999988 1.37561 1.3791e-07 0.395619 1.56858
0.1175 0.999981 1.37563 1.37913e-07 0.395598 1.56862
0.1225 0.999976 1.37566 1.37915e-07 0.39557 1.56867
0.1275 0.999972 1.37569 1.37919e-07 0.395537 1.56873
0.1325 0.99997 1.37573 1.37923e-07 0.395501 1.56879
0.1375 0.999969 1.37577 1.37927e-07 0.395463 1.56886
0.1425 0.999969 1.37581 1.37931e-07 0.395425 1.56892
0.1475 0.99997 1.37585 1.37935e-07 0.395387 1.56899
0.1525 0.999971 1.37589 1.37939e-07 0.395352 1.56905
0.1575 0.999973 1.37593 1.37943e-07 0.395319 1.56911
0.1625 0.999976 1.37596 1.37946e-07 0.395289 1.56916
0.1675 0.999978 1.37599 1.37949e-07 0.395261 1.5692
0.1725 0.99998 1.37602 1.37952e-07 0.395236 1.56925
0.1775 0.999982 1.37604 1.37954e-07 0.395214 1.56928
0.1825 0.999984 1.37607 1.37957e-07 0.395195 1.56932
0.1875 0.999986 1.37608 1.37958e-07 0.395178 1.56935
0.1925 0.999989 1.3761 1.3796e-07 0.395165 1.56937
0.1975 0.999993 1.37611 1.37961e-07 0.395155 1.56938
0.2025 0.999998 1.37611 1.37961e-07 0.395153 1.56939
0.2075 1.00001 1.37611 1.37961e-07 0.395159 1.56937
0.2125 1.00002 1.37609 1.37959e-07 0.395181 1.56933
0.2175 1.00004 1.37604 1.37954e-07 0.395227 1.56924
0.2225 1.00007 1.37596 1.37946e-07 0.395309 1.56909
0.2275 1.00012 1.37581 1.37931e-07 0.395447 1.56883
0.2325 1.00019 1.37558 1.37908e-07 0.395669 1.56842
0.2375 1.0003 1.37523 1.37873e-07 0.396011 1.56778
0.2425 1.00044 1.3747 1.37819e-07 0.396523 1.56684
0.2475 1.00064 1.37392 1.37742e-07 0.397265 1.56549
0.2525 1.00089 1.37283 1.37632e-07 0.39831 1.56358
0.2575 1.00122 1.37133 1.37482e-07 0.399744 1.56099
0.2625 1.00162 1.36933 1.37281e-07 0.401657 1.55755
0.2675 1.0021 1.36672 1.37021e-07 0.404143 1.5531
0.2725 1.00266 1.36341 1.36696e-07 0.407292 1.5475
0.2775 1.00327 1.35931 1.36308e-07 0.411182 1.54062
0.2825 1.00393 1.35434 1.35877e-07 0.415876 1.5324
0.2875 1.00461 1.34846 1.35451e-07 0.421407 1.52278
0.2925 1.00528 1.34163 1.35115e-07 0.427785 1.51179
0.2975 1.0059 1.33386 1.34995e-07 0.434982 1.49951
0.3025 1.00645 1.32517 1.35237e-07 0.442942 1.48607
0.3075 1.00689 1.31567 1.35987e-07 0.451573 1.47165
0.3125 1.00723 1.30551 1.37348e-07 0.460752 1.45649
0.3175 1.00745 1.29489 1.39347e-07 0.470332 1.44086
0.3225 1.00757 1.28406 1.4192e-07 0.480142 1.42506
0.3275 1.00758 1.27329 1.44922e-07 0.489995 1.40939
0.3325 1.00749 1.26282 1.4815e-07 0.499696 1.39416
0.3375 1.00729 1.25292 1.51386e-07 0.509051 1.37966
0.3425 1.00697 1.24376 1.54434e-07 0.517873 1.36615
0.3475 1.00654 1.2355 1.57148e-07 0.525998 1.35385
0.3525 1.00601 1.22824 1.5944e-07 0.533294 1.34294
0.3575 1.0054 1.22203 1.61285e-07 0.53967 1.3335
0.3625 1.00475 1.21686 1.62703e-07 0.545082 1.32556
0.3675 1.00409 1.21269 1.63748e-07 0.549539 1.31908
0.3725 1.00346 1.20942 1.64486e-07 0.553093 1.31396
0.3775 1.0029 1.20696 1.64989e-07 0.555836 1.31003
0.3825 1.00241 1.20517 1.6532e-07 0.557881 1.30712
0.3875 1.00201 1.20393 1.65531e-07 0.559348 1.30504
0.3925 1.00169 1.20313 1.65667e-07 0.560345 1.30364
0.3975 1.00142 1.20268 1.65758e-07 0.560957 1.3028
0.4025 1.00114 1.20254 7.63019e-07 0.561218 1.30247
0.4075 1.00073 1.20267 8.42974e-06 0.561093 1.30274
0.4125 0.999774 1.20294 5.77062e-05 0.560435 1.30385
0.4175 0.997213 1.20266 0.000268919 0.55893 1.30631
0.4225 0.990718 1.19996 0.000947971 0.556028 1.31097
0.4275 0.976275 1.19101 0.00269564 0.550914 1.31903
0.4325 0.948453 1.16963 0.00645056 0.5426 1.33182
0.4375 0.901662 1.12787 0.0133823 0.530286 1.35012
0.4425 0.831971 1.05755 0.0245868 0.513957 1.37331
0.4475 0.738717 0.95342 0.0406013 0.49484 1.3989
0.4525 0.625594 0.817042 0.0608968 0.475166 1.42326
0.4575 0.501002 0.659195 0.0837041 0.457188 1.44324
0.4625 0.376794 0.497613 0.106484 0.442212 1.45752
0.4675 0.264974 0.350478 0.12684 0.430359 1.46658
0.4725 0.173926 0.230189 0.143265 0.421017 1.47182
0.4775 0.106545 0.141038 0.155333 0.413419 1.47459
0.4825 0.0609498 0.0806663 0.163455 0.40694 1.47589
0.4875 0.032587 0.0430986 0.168479 0.401163 1.4763
0.4925 0.0162979 0.0215271 0.171336 0.395831 1.47616
0.4975 0.00763189 0.0100613 0.172822 0.390794 1.47564
0.5025 0.00334966 0.00440482 0.173516 0.385969 1.47483
0.5075 0.00137967 0.00180873 0.173787 0.381308 1.4738
0.5125 0.000534147 0.000697783 0.173848 0.376786 1.47258
0.5175 0.000194895 0.000253586 0.173809 0.37239 1.47121
0.5225 6.74007e-05 8.73062e-05 0.173725 0.368116 1.46972
0.5275 2.24402e-05 2.89178e-05 0.17362 0.363967 1.46814
0.5325 7.53577e-06 9.6496e-06 0.173506 0.359955 1.4665
0.5375 2.88335e-06 3.66311e-06 0.173388 0.356094 1.46483
0.5425 1.51367e-06 1.90874e-06 0.17327 0.352404 1.46317
0.5475 1.13279e-06 1.4227e-06 0.173154 0.348903 1.46154
0.5525 1.0326e-06 1.2949e-06 0.173042 0.345613 1.45997
0.5575 1.00765e-06 1.26265e-06 0.172935 0.34255 1.45847
0.5625 1.00176e-06 1.25453e-06 0.172836 0.33973 1.45708
0.5675 1.00045e-06 1.25221e-06 0.172745 0.33716 1.4558
0.5725 1.00019e-06 1.25127e-06 0.172663 0.334845 1.45465
0.5775 1.00015e-06 1.25067e-06 0.17259 0.33278 1.45364
0.5825 1.00016e-06 1.2502e-06 0.172527 0.330957 1.45276
0.5875 1.00017e-06 1.24981e-06 0.172474 0.329358 1.45201
0.5925 1.00019e-06 1.24949e-06 0.17243 0.327964 1.4514
0.5975 1.00019e-06 1.24924e-06 0.172394 0.326749 1.45091
0.6025 0.0214834 0.0293127 0.168402 0.325699 1.45047
0.6075 0.110977 0.147313 0.15264 0.324802 1.44998
0.6125 0.289615 0.377682 0.122182 0.324054 1.4495
0.6175 0.517077 0.667983 0.0839781 0.323469 1.44907
0.6225 0.724502 0.933008 0.0490683 0.322972 1.44862
0.6275 0.868565 1.11931 0.024354 0.322387 1.44792
0.6325 0.947588 1.2236 0.0102887 0.321448 1.44658
0.6375 0.982565 1.2704 0.0037044 0.319766 1.44397
0.6425 0.995192 1.28589 0.00113497 0.316752 1.43917
0.6475 0.998915 1.28649 0.000294223 0.311544 1.43082
0.6525 0.99981 1.2793 6.38626e-05 0.302957 1.41709
0.6575 1 1.26602 1.14839e-05 0.289541 1.39583
0.6625 1.00008 1.24623 1.77243e-06 0.269802 1.36503
0.6675 1.00016 1.21941 3.4185e-07 0.242695 1.32367
0.6725 1.00026 1.18616 1.774e-07 0.208355 1.27285
0.6775 1.00033 1.14884 1.59281e-07 0.168784 1.21644
0.6825 1.00034 1.11133 1.53389e-07 0.127876 1.16052
0.6875 1.00028 1.07775 1.48731e-07 0.0902829 1.11118
0.6925 1.00018 1.0509 1.45025e-07 0.0595764 1.07228
0.6975 1.00009 1.0315 1.42347e-07 0.0370523 1.04449
0.7025 1.00004 1.0186 1.40568e-07 0.021949 1.02619
0.7075 1.00002 1.01058 1.39461e-07 0.0125072 1.01486
0.7125 1 1.00584 1.38806e-07 0.00690895 1.00819
0.7175 1 1.00314 1.38434e-07 0.00371998 1.00441
0.7225 1 1.00166 1.38229e-07 0.00195942 1.00232
0.7275 0.999999 1.00085 1.38118e-07 0.00101203 1.0012
0.7325 0.999999 1.00043 1.3806e-07 0.000513332 1.00061
0.7375 0.999999 1.00022 1.3803e-07 0.000255944 1.0003
0.7425 0.999999 1.00011 1.38015e-07 0.000125508 1.00015
0.7475 0.999999 1.00005 1.38007e-07 6.05488e-05 1.00007
0.7525 0.999999 1.00002 1.38003e-07 2.87398e-05 1.00003
0.7575 0.999999 1.00001 1.38002e-07 1.3421e-05 1.00002
0.7625 0.999999 1 1.38001e-07 6.16532e-06 1.00001
0.7675 0.999999 1 1.38e-07 2.78553e-06 1
0.7725 0.999999 1 1.38e-07 1.2375e-06 1
0.7775 0.999999 0.999999 1.38e-07 5.40467e-07 1
0.7825 0.999999 0.999999 1.38e-07 2.31997e-07 1
0.7875 0.999999 0.999999 1.38e-07 9.78571e-08 1
0.7925 0.999999 0.999999 1.38e-07 4.05527e-08 1
0.7975 0.999999 0.999999 1.38e-07 1.6508e-08 1
0.8025 0.999999 0.999999 1.38e-07 6.60017e-09 1
0.8075 0.999999 0.999999 1.38e-07 2.59152e-09 1
0.8125 0.999999 0.999999 1.38e-07 9.99199e-10 1
0.8175 0.999999 0.999999 1.38e-07 3.78283e-10 1
0.8225 0.999999 0.999999 1.38e-07 1.40613e-10 1
0.8275 0.999999 0.999999 1.38e-07 5.1317e-11 1
0.8325 0.999999 0.999999 1.38e-07 1.83869e-11 1
0.8375 0.999999 0.999999 1.38e-07 6.4679e-12 1
0.8425 0.999999 0.999999 1.38e-07 2.23357e-12 1
0.8475 0.999999 0.999999 1.38e-07 7.57164e-13 1
0.8525 0.999999 0.999999 1.38e-07 2.51906e-13 1
0.8575 0.999999 0.999999 1.38e-07 8.23329e-14 1
0.8625 0.999999 0.999999 1.38e-07 2.63848e-14 1
0.8675 0.999999 0.999999 1.38e-07 8.33393e-15 1
0.8725 0.999999 0.999999 1.38e-07 2.48689e-15 1
0.8775 0.999999 0.999999 1.38e-07 6.52253e-16 1
0.8825 0.999999 0.999999 1.38e-07 1.7197e-16 1
0.8875 0.999999 0.999999 1.38e-07 1.45217e-17 1
0.8925 0.999999 0.999999 1.38e-07 0 1
0.8975 0.999999 0.999999 1.38e-07 0 1
0.9025 0.999999 0.999999 1.38e-07 0 1
0.9075 0.999999 0.999999 1.38e-07 0 1
0.9125 0.999999 0.999999 1.38e-07 0 1
0.9175 0.999999 0.999999 1.38e-07 0 1
0.9225 0.999999 0.999999 1.38e-07 0 1
0.9275 0.999999 0.999999 1.38e-07 0 1
0.9325 0.999999 0.999999 1.38e-07 0 1
0.9375 0.999999 0.999999 1.38e-07 0 1
0.9425 0.999999 0.999999 1.38e-07 0 1
0.9475 0.999999 0.999999 1.38e-07 0 1
0.9525 0.999999 0.999999 1.38e-07 0 1
0.9575 0.999999 0.999999 1.38e-07 0 1
0.9625 0.999999 0.999999 1.38e-07 0 1
0.9675 0.999999 0.999999 1.38e-07 0 1
0.9725 0.999999 0.999999 1.38e-07 0 1
0.9775 0.999999 0.999999 1.38e-07 0 1
0.9825 0.999999 0.999999 1.38e-07 0 1
0.9875 0.999999 0.999999 1.38e-07 0 1
0.9925 0.999999 0.999999 1.38e-07 0 1
0.9975 0.999999 0.999999 1.38e-07 0 1
