x alpha rho1 rho2 v p
0.0025 1.00003 1.37647 1.37997e-07 0.394826 1.56994
0.0075 1.00002 1.37645 1.37995e-07 0.39484 1.56991
0.0125 1.00002 1.37643 1.37993e-07 0.394861 1.56988
0.0175 1.00002 1.3764 1.37991e-07 0.394886 1.56984
0.0225 1.00002 1.37637 1.37987e-07 0.394919 1.56978
0.0275 1.00003 1.37633 1.37983e-07 0.394957 1.56971
0.0325 1.00004 1.37628 1.37978e-07 0.395003 1.56963
0.0375 1.00004 1.37623 1.37973e-07 0.395055 1.56954
0.0425 1.00005 1.37617 1.37967e-07 0.395113 1.56944
0.0475 1.00005 1.3761 1.3796e-07 0.395176 1.56933
0.0525 1.00005 1.37603 1.37953e-07 0.395242 1.56921
0.0575 1.00005 1.37596 1.37946e-07 0.395309 1.5691
0.0625 1.00005 1.37588 1.37938e-07 0.395374 1.56899
0.0675 1.00005 1.37582 1.37932e-07 0.395436 1.56888
0.0725 1.00004 1.37576 1.37925e-07 0.395491 1.56879
0.0775 1.00003 1.3757 1.3792e-07 0.395538 1.56871
0.0825 1.00003 1.37566 1.37916e-07 0.395575 1.56864
0.0875 1.00002 1.37563 1.37913e-07 0.395602 1.5686
0.0925 1.00001 1.37561 1.37911e-07 0.395616 1.56858
0.0975 1 1.37561 1.37911e-07 0.39562 1.56858
0.1025 0.999991 1.37561 1.37911e-07 0.395612 1.56859
0.1075 0.999984 1.37563 1.37913e-07 0.395596 1.56862
0.1125 0.999979 1.37565 1.37915e-07 0.395572 1.56866
0.1175 0.999974 1.37569 1.37918e-07 0.395542 1.56872
0.1225 0.999972 1.37572 1.37922e-07 0.395509 1.56878
0.1275 0.99997 1.37576 1.37926e-07 0.395472 1.56884
0.1325 0.99997 1.3758 1.3793e-07 0.395435 1.5689
0.1375 0.99997 1.37584 1.37934e-07 0.395399 1.56897
0.1425 0.999971 1.37588 1.37938e-07 0.395364 1.56903
0.1475 0.999973 1.37592 1.37942e-07 0.39533 1.56909
0.1525 0.999975 1.37595 1.37945e-07 0.395299 1.56914
0.1575 0.999977 1.37598 1.37948e-07 0.395271 1.56919
0.1625 0.999979 1.37601 1.37951e-07 0.395246 1.56923
0.1675 0.999982 1.37603 1.37953e-07 0.395223 1.56927
0.1725 0.999984 1.37606 1.37956e-07 0.395203 1.5693
0.1775 0.999986 1.37608 1.37958e-07 0.395186 1.56933
0.1825 0.999989 1.37609 1.37959e-07 0.395173 1.56935
0.1875 0.999994 1.3761 1.3796e-07 0.395165 1.56937
0.1925 1 1.3761 1.3796e-07 0.395164 1.56937
0.1975 1.00001 1.37609 1.37959e-07 0.395174 1.56935
0.2025 1.00002 1.37607 1.37957e-07 0.395201 1.56929
0.2075 1.00005 1.37601 1.37951e-07 0.395253 1.56919
0.2125 1.00008 1.37592 1.37942e-07 0.395346 1.56902
0.2175 1.00013 1.37576 1.37926e-07 0.395497 1.56874
0.2225 1.00021 1.37552 1.37901e-07 0.395733 1.5683
0.2275 1.00031 1.37514 1.37864e-07 0.396092 1.56764
0.2325 1.00045 1.3746 1.37809e-07 0.396617 1.56668
0.2375 1.00064 1.37381 1.37731e-07 0.397366 1.56531
0.2425 1.00089 1.37273 1.37622e-07 0.398407 1.56342
0.2475 1.0012 1.37125 1.37474e-07 0.399815 1.56088
0.2525 1.00157 1.3693 1.37279e-07 0.401672 1.55754
0.2575 1.00202 1.36679 1.37027e-07 0.404061 1.55327
0.2625 1.00253 1.36364 1.36711e-07 0.407061 1.54794
0.2675 1.0031 1.35976 1.36323e-07 0.410743 1.54144
0.2725 1.00371 1.35511 1.3586e-07 0.415161 1.5337
0.2775 1.00436 1.34965 1.35325e-07 0.420347 1.52468
0.2825 1.00501 1.34337 1.34732e-07 0.426313 1.51439
0.2875 1.00564 1.33626 1.34116e-07 0.433039 1.50289
0.2925 1.00622 1.32838 1.33538e-07 0.44048 1.49029
0.2975 1.00672 1.31978 1.33094e-07 0.448563 1.47674
0.3025 1.00712 1.31054 1.32906e-07 0.45719 1.46243
0.3075 1.00739 1.30078 1.33111e-07 0.466237 1.44759
0.3125 1.00752 1.29064 1.33831e-07 0.475563 1.43247
0.3175 1.00752 1.28031 1.35146e-07 0.485011 1.41733
0.3225 1.00738 1.27001 1.37071e-07 0.494411 1.40246
0.3275 1.00713 1.25997 1.39545e-07 0.503592 1.38811
0.3325 1.00679 1.2504 1.42444e-07 0.512386 1.37452
0.3375 1.00636 1.24152 1.45594e-07 0.520635 1.36193
0.3425 1.00587 1.2335 1.48811e-07 0.528203 1.35051
0.3475 1.00533 1.22645 1.51918e-07 0.534983 1.3404
0.3525 1.00476 1.22042 1.54775e-07 0.540903 1.33165
0.3575 1.00419 1.21544 1.57288e-07 0.545934 1.32429
0.3625 1.00362 1.21144 1.59408e-07 0.550089 1.31826
0.3675 1.0031 1.20834 1.61131e-07 0.553418 1.31347
0.3725 1.00262 1.20604 1.62481e-07 0.556001 1.30978
0.3775 1.00221 1.2044 1.63506e-07 0.557935 1.30704
0.3825 1.00185 1.20331 1.64261e-07 0.559317 1.3051
0.3875 1.00154 1.20267 1.64808e-07 0.560229 1.30385
0.3925 1.00124 1.20241 1.65204e-07 0.560716 1.30322
0.3975 1.00089 1.20256 1.65508e-07 0.56076 1.30326
0.4025 1.00041 1.20319 3.50446e-07 0.560243 1.30417
0.4075 0.999633 1.20454 2.95483e-06 0.55891 1.30637
0.4125 0.998297 1.20689 2.13656e-05 0.556316 1.31057
0.4175 0.995854 1.21044 0.000108392 0.551809 1.31778
0.4225 0.991206 1.21474 0.00041809 0.544606 1.3292
0.4275 0.982348 1.21778 0.00130392 0.534019 1.34579
0.4325 0.966033 1.21485 0.00342507 0.519852 1.36769
0.4375 0.937642 1.19781 0.00778718 0.502784 1.39358
0.4425 0.891617 1.15603 0.0156044 0.484411 1.42066
0.4475 0.82296 1.07973 0.0278971 0.466752 1.44554
0.4525 0.729852 0.965112 0.0449143 0.451484 1.46555
0.4575 0.616128 0.818095 0.0657252 0.439404 1.4797
0.4625 0.491521 0.653665 0.0883444 0.430411 1.48851
0.4675 0.368853 0.490675 0.110381 0.423864 1.49333
0.4725 0.259774 0.345536 0.129801 0.418991 1.4956
0.4775 0.171557 0.228164 0.145409 0.415143 1.4964
0.4825 0.106238 0.141271 0.156917 0.411875 1.49642
0.4875 0.0617127 0.0820354 0.164733 0.408911 1.49603
0.4925 0.033645 0.044695 0.169634 0.406091 1.49541
0.4975 0.0172264 0.022859 0.17247 0.403326 1.49462
0.5025 0.00828918 0.0109823 0.173977 0.400566 1.49369
0.5075 0.00375176 0.00496063 0.174699 0.397779 1.49263
0.5125 0.00159882 0.00210878 0.174993 0.394946 1.49145
0.5175 0.000642358 0.000844804 0.175068 0.392055 1.49015
0.5225 0.000243814 0.000319604 0.175037 0.389095 1.48873
0.5275 8.77974e-05 0.000114662 0.174956 0.386061 1.48721
0.5325 3.03272e-05 3.94356e-05 0.17485 0.382946 1.48557
0.5375 1.03765e-05 1.34204e-05 0.174732 0.379751 1.48385
0.5425 3.83994e-06 4.93087e-06 0.174605 0.376478 1.48204
0.5475 1.81578e-06 2.31255e-06 0.174472 0.37313 1.48017
0.5525 1.22253e-06 1.54786e-06 0.174336 0.369717 1.47824
0.5575 1.05775e-06 1.33571e-06 0.174196 0.36625 1.47628
0.5625 1.01432e-06 1.27929e-06 0.174056 0.362744 1.47429
0.5675 1.00345e-06 1.26447e-06 0.173916 0.359216 1.47232
0.5725 1.00086e-06 1.2602e-06 0.173777 0.355685 1.47037
0.5775 1.00027e-06 1.25848e-06 0.173643 0.352175 1.46847
0.5825 1.00015e-06 1.25739e-06 0.173514 0.348708 1.46666
0.5875 1.00012e-06 1.25647e-06 0.173392 0.345308 1.46495
0.5925 1.00012e-06 1.25565e-06 0.17328 0.341996 1.46336
0.5975 1.00011e-06 1.25491e-06 0.173177 0.338794 1.46193
0.6025 0.0108789 0.0149167 0.171064 0.335727 1.46054
0.6075 0.0640036 0.0856073 0.161515 0.332814 1.45893
0.6125 0.189316 0.248786 0.139777 0.330065 1.45694
0.6175 0.379492 0.493186 0.107428 0.327637 1.45478
0.6225 0.588165 0.760134 0.072155 0.325753 1.4528
0.6275 0.764606 0.986726 0.0421444 0.324443 1.45122
0.6325 0.884214 1.1422 0.0214209 0.323548 1.45002
0.6375 0.950927 1.2306 0.00949848 0.322824 1.44896
0.6425 0.982065 1.27271 0.00368239 0.321991 1.44768
0.6475 0.994352 1.28913 0.00124892 0.320712 1.44564
0.6525 0.998469 1.2932 0.000369911 0.318529 1.44213
0.6575 0.99964 1.29132 9.52446e-05 0.314793 1.43612
0.6625 0.999924 1.28549 2.11969e-05 0.3086 1.42617
0.6675 0.999993 1.27558 4.11095e-06 0.298776 1.41049
0.6725 1.00003 1.26058 7.83684e-07 0.283958 1.38711
0.6775 1.00009 1.23942 2.4683e-07 0.262845 1.35436
0.6825 1.00017 1.2117 1.74465e-07 0.234693 1.31172
0.6875 1.00026 1.17827 1.63107e-07 0.199981 1.26077
0.6925 1.00032 1.14164 1.57571e-07 0.160946 1.20559
0.6975 1.00032 1.10555 1.52567e-07 0.121422 1.15195
0.7025 1.00025 1.07371 1.48172e-07 0.0856598 1.10527
0.7075 1.00016 1.04844 1.44685e-07 0.056712 1.06873
0.7125 1.00008 1.0302 1.42167e-07 0.0355237 1.04263
0.7175 1.00004 1.01802 1.40487e-07 0.0212598 1.02536
0.7225 1.00001 1.01038 1.39433e-07 0.0122659 1.01458
0.7275 1 1.00581 1.38802e-07 0.00687014 1.00815
0.7325 1 1.00317 1.38438e-07 0.00375404 1.00445
0.7375 1 1.0017 1.38234e-07 0.00200785 1.00238
0.7425 0.999999 1.00089 1.38123e-07 0.00105343 1.00125
0.7475 0.999999 1.00046 1.38063e-07 0.000542917 1.00064
0.7525 0.999999 1.00023 1.38032e-07 0.000275121 1.00033
0.7575 0.999999 1.00011 1.38016e-07 0.000137164 1.00016
0.7625 0.999999 1.00006 1.38008e-07 6.73045e-05 1.00008
0.7675 0.999999 1.00003 1.38004e-07 3.25108e-05 1.00004
0.7725 0.999999 1.00001 1.38002e-07 1.54605e-05 1.00002
0.7775 0.999999 1.00001 1.38001e-07 7.23816e-06 1.00001
0.7825 0.999999 1 1.38e-07 3.33581e-06 1
0.7875 0.999999 1 1.38e-07 1.51316e-06 1
0.7925 0.999999 1 1.38e-07 6.75473e-07 1
0.7975 0.999999 0.999999 1.38e-07 2.96682e-07 1
0.8025 0.999999 0.999999 1.38e-07 1.28191e-07 1
0.8075 0.999999 0.999999 1.38e-07 5.44795e-08 1
0.8125 0.999999 0.999999 1.38e-07 2.27691e-08 1
0.8175 0.999999 0.999999 1.38e-07 9.35694e-09 1
0.8225 0.999999 0.999999 1.38e-07 3.78046e-09 1
0.8275 0.999999 0.999999 1.38e-07 1.50152e-09 1
0.8325 0.999999 0.999999 1.38e-07 5.86215e-10 1
0.8375 0.999999 0.999999 1.38e-07 2.24952e-10 1
0.8425 0.999999 0.999999 1.38e-07 8.48412e-11 1
0.8475 0.999999 0.999999 1.38e-07 3.14475e-11 1
0.8525 0.999999 0.999999 1.38e-07 1.14554e-11 1
0.8575 0.999999 0.999999 1.38e-07 4.10089e-12 1
0.8625 0.999999 0.999999 1.38e-07 1.44279e-12 1
0.8675 0.999999 0.999999 1.38e-07 4.98839e-13 1
0.8725 0.999999 0.999999 1.38e-07 1.69449e-13 1
0.8775 0.999999 0.999999 1.38e-07 5.65227e-14 1
0.8825 0.999999 0.999999 1.38e-07 1.84671e-14 1
0.8875 0.999999 0.999999 1.38e-07 5.82416e-15 1
0.8925 0.999999 0.999999 1.38e-07 1.81171e-15 1
0.8975 0.999999 0.999999 1.38e-07 5.10316e-16 1
0.9025 0.999999 0.999999 1.38e-07 6.90208e-17 1
0.9075 0.999999 0.999999 1.38e-07 0 1
0.9125 0.999999 0.999999 1.38e-07 0 1
0.9175 0.999999 0.999999 1.38e-07 0 1
0.9225 0.999999 0.999999 1.38e-07 0 1
0.9275 0.999999 0.999999 1.38e-07 0 1
0.9325 0.999999 0.999999 1.38e-07 0 1
0.9375 0.999999 0.999999 1.38e-07 0 1
0.9425 0.999999 0.999999 1.38e-07 0 1
0.9475 0.999999 0.999999 1.38e-07 0 1
0.9525 0.999999 0.999999 1.38e-07 0 1
0.9575 0.999999 0.999999 1.38e-07 0 1
0.9625 0.999999 0.999999 1.38e-07 0 1
0.9675 0.999999 0.999999 1.38e-07 0 1
0.9725 0.999999 0.999999 1.38e-07 0 1
0.9775 0.999999 0.999999 1.38e-07 0 1
0.9825 0.999999 0.999999 1.38e-07 0 1
0.9875 0.999999 0.999999 1.38e-07 0 1
0.9925 0.999999 0.999999 1.38e-07 0 1
0.9975 0.999999 0.999999 1.38e-07 0 1
