x alpha rho1 rho2 v p
0.0025 1.00006 1.37644 1.37994e-07 0.394856 1.56986
0.0075 1.00005 1.37641 1.37991e-07 0.39488 1.56982
0.0125 1.00004 1.37637 1.37987e-07 0.394912 1.56977
0.0175 1.00003 1.37633 1.37983e-07 0.39495 1.56971
0.0225 1.00004 1.37629 1.37979e-07 0.394994 1.56964
0.0275 1.00004 1.37623 1.37973e-07 0.395044 1.56955
0.0325 1.00004 1.37617 1.37968e-07 0.395101 1.56945
0.0375 1.00005 1.37611 1.37961e-07 0.395161 1.56935
0.0425 1.00005 1.37604 1.37954e-07 0.395225 1.56924
0.0475 1.00005 1.37597 1.37947e-07 0.395289 1.56913
0.0525 1.00005 1.37591 1.37941e-07 0.395353 1.56902
0.0575 1.00005 1.37584 1.37934e-07 0.395413 1.56892
0.0625 1.00004 1.37578 1.37928e-07 0.395468 1.56882
0.0675 1.00004 1.37573 1.37923e-07 0.395516 1.56874
0.0725 1.00003 1.37568 1.37918e-07 0.395555 1.56868
0.0775 1.00002 1.37565 1.37915e-07 0.395583 1.56863
0.0825 1.00001 1.37563 1.37913e-07 0.395601 1.5686
0.0875 1 1.37562 1.37912e-07 0.395608 1.5686
0.0925 0.999995 1.37562 1.37912e-07 0.395605 1.5686
0.0975 0.999988 1.37563 1.37913e-07 0.395593 1.56863
0.1025 0.999982 1.37565 1.37915e-07 0.395572 1.56866
0.1075 0.999977 1.37568 1.37918e-07 0.395546 1.56871
0.1125 0.999974 1.37572 1.37921e-07 0.395515 1.56877
0.1175 0.999972 1.37575 1.37925e-07 0.395481 1.56883
0.1225 0.999971 1.37579 1.37929e-07 0.395445 1.56889
0.1275 0.999971 1.37583 1.37933e-07 0.39541 1.56895
0.1325 0.999972 1.37587 1.37937e-07 0.395375 1.56901
0.1375 0.999973 1.3759 1.3794e-07 0.395341 1.56907
0.1425 0.999975 1.37594 1.37944e-07 0.39531 1.56912
0.1475 0.999977 1.37597 1.37947e-07 0.395281 1.56917
0.1525 0.999979 1.376 1.3795e-07 0.395255 1.56921
0.1575 0.999981 1.37602 1.37952e-07 0.395232 1.56925
0.1625 0.999984 1.37605 1.37955e-07 0.395211 1.56929
0.1675 0.999986 1.37607 1.37957e-07 0.395194 1.56932
0.1725 0.99999 1.37608 1.37958e-07 0.395182 1.56934
0.1775 0.999995 1.37609 1.37959e-07 0.395175 1.56935
0.1825 1 1.37609 1.37959e-07 0.395176 1.56934
0.1875 1.00001 1.37608 1.37958e-07 0.395189 1.56932
0.1925 1.00003 1.37604 1.37954e-07 0.395221 1.56926
0.1975 1.00005 1.37598 1.37948e-07 0.395281 1.56914
0.2025 1.00009 1.37588 1.37938e-07 0.395382 1.56895
0.2075 1.00014 1.37571 1.37921e-07 0.395545 1.56865
0.2125 1.00022 1.37545 1.37895e-07 0.395794 1.56819
0.2175 1.00032 1.37507 1.37856e-07 0.396165 1.56751
0.2225 1.00046 1.37451 1.378e-07 0.396701 1.56653
0.2275 1.00064 1.37372 1.37721e-07 0.397453 1.56516
0.2325 1.00088 1.37264 1.37613e-07 0.398485 1.56329
0.2375 1.00117 1.37119 1.37468e-07 0.399864 1.5608
0.2425 1.00152 1.3693 1.37279e-07 0.401664 1.55757
0.2475 1.00193 1.36689 1.37037e-07 0.40396 1.55347
0.2525 1.00241 1.36388 1.36735e-07 0.406822 1.54839
0.2575 1.00293 1.3602 1.36366e-07 0.410313 1.54223
0.2625 1.0035 1.35581 1.35926e-07 0.414482 1.53493
0.2675 1.00409 1.35068 1.35412e-07 0.419359 1.52644
0.2725 1.0047 1.34479 1.34823e-07 0.424957 1.51678
0.2775 1.0053 1.33816 1.34165e-07 0.431262 1.50598
0.2825 1.00587 1.33083 1.3345e-07 0.43824 1.49414
0.2875 1.00639 1.32286 1.32705e-07 0.445831 1.48138
0.2925 1.00684 1.31433 1.31974e-07 0.453954 1.46786
0.2975 1.00719 1.30533 1.31328e-07 0.462508 1.45376
0.3025 1.00742 1.29596 1.30863e-07 0.471373 1.43932
0.3075 1.00752 1.28636 1.30693e-07 0.480416 1.42474
0.3125 1.00747 1.27665 1.30938e-07 0.489492 1.41028
0.3175 1.00728 1.26698 1.31701e-07 0.498451 1.39616
0.3225 1.00695 1.25754 1.33045e-07 0.507142 1.38263
0.3275 1.00651 1.2485 1.34979e-07 0.515418 1.36988
0.3325 1.00599 1.24004 1.37448e-07 0.523146 1.35812
0.3375 1.00542 1.23232 1.40342e-07 0.530211 1.34748
0.3425 1.00483 1.22545 1.43511e-07 0.536527 1.33807
0.3475 1.00423 1.21954 1.46786e-07 0.542038 1.32993
0.3525 1.00367 1.2146 1.50003e-07 0.546725 1.32308
0.3575 1.00314 1.21062 1.53023e-07 0.550604 1.31746
0.3625 1.00267 1.20753 1.5574e-07 0.55372 1.31298
0.3675 1.00226 1.20525 1.58091e-07 0.556143 1.30953
0.3725 1.00191 1.20366 1.60054e-07 0.557952 1.30698
0.3775 1.00159 1.20266 1.6164e-07 0.559219 1.30522
0.3825 1.00128 1.20217 1.6289e-07 0.55999 1.3042
0.3875 1.00093 1.20217 1.63863e-07 0.560262 1.30392
0.3925 1.00047 1.20271 1.64633e-07 0.559946 1.30455
0.3975 0.999786 1.20397 1.65289e-07 0.558839 1.30642
0.4025 0.998766 1.20627 2.23436e-07 0.556582 1.31009
0.4075 0.997285 1.21009 1.1121e-06 0.552655 1.31638
0.4125 0.995261 1.21601 8.00738e-06 0.546424 1.32628
0.4175 0.992651 1.22445 4.39314e-05 0.537305 1.34068
0.4225 0.989303 1.23515 0.000185293 0.525034 1.35997
0.4275 0.984513 1.24637 0.00063291 0.509966 1.38356
0.4325 0.976324 1.25389 0.00181688 0.493185 1.40972
0.4375 0.960842 1.25046 0.00449157 0.476281 1.43583
0.4425 0.932224 1.22638 0.00971975 0.460856 1.45919
0.4475 0.883933 1.17176 0.0186333 0.448035 1.47789
0.4525 0.811305 1.08038 0.0319716 0.43823 1.49126
0.4575 0.71434 0.95325 0.0496076 0.43122 1.49976
0.4625 0.598985 0.799759 0.0703757 0.42641 1.5045
0.4675 0.475858 0.635254 0.09235 0.423116 1.50674
0.4725 0.357016 0.476439 0.113421 0.420752 1.5075
0.4775 0.252508 0.336878 0.131872 0.418902 1.50749
0.4825 0.168222 0.22439 0.146712 0.417309 1.50713
0.4875 0.105541 0.140755 0.157729 0.415827 1.50661
0.4925 0.0623668 0.0831515 0.165303 0.414376 1.50602
0.4975 0.0347254 0.0462735 0.170135 0.41291 1.5054
0.5025 0.0182273 0.0242683 0.172998 0.411401 1.50473
0.5075 0.00902496 0.0120017 0.174569 0.409831 1.50402
0.5125 0.00421816 0.00560077 0.175361 0.408187 1.50325
0.5175 0.0018626 0.0024684 0.175717 0.406457 1.50243
0.5225 0.000777841 0.00102851 0.175844 0.404628 1.50154
0.5275 0.0003077 0.000405807 0.175858 0.402688 1.50058
0.5325 0.000115656 0.000152078 0.17582 0.400626 1.49956
0.5375 4.16209e-05 5.45368e-05 0.175756 0.39843 1.49848
0.5425 1.46504e-05 1.91125e-05 0.17568 0.396087 1.49734
0.5475 5.35468e-06 6.94337e-06 0.175597 0.393587 1.49614
0.5525 2.31994e-06 2.98427e-06 0.175509 0.39092 1.49489
0.5575 1.38047e-06 1.76279e-06 0.175417 0.388077 1.49359
0.5625 1.10439e-06 1.40477e-06 0.175322 0.385052 1.49225
0.5675 1.02729e-06 1.30469e-06 0.175224 0.381842 1.49086
0.5725 1.0068e-06 1.27768e-06 0.175124 0.378447 1.48944
0.5775 1.00162e-06 1.27032e-06 0.175021 0.374871 1.488
0.5825 1.00036e-06 1.26798e-06 0.174918 0.371122 1.48653
0.5875 1.00007e-06 1.26686e-06 0.174813 0.367213 1.48504
0.5925 1e-06 1.26601e-06 0.174707 0.363161 1.48355
0.5975 9.99987e-07 1.26524e-06 0.174602 0.35899 1.48206
0.6025 0.00531868 0.00736447 0.173499 0.354727 1.48051
0.6075 0.0354268 0.0479663 0.167946 0.350384 1.47862
0.6125 0.118136 0.157217 0.153288 0.34589 1.47596
0.6175 0.265019 0.348319 0.127841 0.341212 1.47228
0.6225 0.454455 0.592512 0.0953932 0.336603 1.46777
0.6275 0.643526 0.835416 0.0630538 0.3325 1.46302
0.6325 0.795636 1.03129 0.0368356 0.329217 1.45872
0.6375 0.897119 1.16298 0.0190522 0.326803 1.45527
0.6425 0.954417 1.23828 0.00875099 0.325104 1.4527
0.6475 0.982188 1.27531 0.00357937 0.323874 1.45078
0.6525 0.993853 1.29088 0.00130597 0.322826 1.44912
0.6575 0.998122 1.29605 0.000425132 0.321642 1.44721
0.6625 0.999486 1.29648 0.000123295 0.319931 1.44445
0.6675 0.999865 1.29432 3.17838e-05 0.317175 1.44
0.6725 0.999959 1.28988 7.30896e-06 0.31267 1.43275
0.6775 0.999985 1.28256 1.57353e-06 0.305484 1.42122
0.6825 1.00001 1.27133 4.08584e-07 0.29446 1.40369
0.6875 1.00004 1.25501 2.05548e-07 0.278319 1.37834
0.6925 1.0001 1.23267 1.7372e-07 0.255946 1.34385
0.6975 1.00018 1.20418 1.66487e-07 0.226873 1.30013
0.7025 1.00026 1.17066 1.6157e-07 0.191885 1.24919
0.7075 1.00031 1.13474 1.56595e-07 0.153412 1.19524
0.7125 1.0003 1.10001 1.51801e-07 0.115208 1.14375
0.7175 1.00023 1.06977 1.47629e-07 0.081158 1.09954
0.7225 1.00014 1.04598 1.44345e-07 0.053851 1.06519
0.7275 1.00007 1.02884 1.41979e-07 0.0339262 1.0407
0.7325 1.00003 1.01736 1.40396e-07 0.0204804 1.02442
0.7375 1.00001 1.01011 1.39395e-07 0.0119446 1.0142
0.7425 1 1.00573 1.38791e-07 0.00677314 1.00803
0.7475 1 1.00317 1.38438e-07 0.00375078 1.00444
0.7525 1 1.00172 1.38237e-07 0.00203452 1.00241
0.7575 0.999999 1.00091 1.38126e-07 0.00108309 1.00128
0.7625 0.999999 1.00048 1.38066e-07 0.000566616 1.00067
0.7675 0.999999 1.00025 1.38034e-07 0.000291554 1.00035
0.7725 0.999999 1.00012 1.38017e-07 0.000147644 1.00017
0.7775 0.999999 1.00006 1.38009e-07 7.36135e-05 1.00009
0.7825 0.999999 1.00003 1.38004e-07 3.6146e-05 1.00004
0.7875 0.999999 1.00001 1.38002e-07 1.74822e-05 1.00002
0.7925 0.999999 1.00001 1.38001e-07 8.3291e-06 1.00001
0.7975 0.999999 1 1.38e-07 3.90901e-06 1
0.8025 0.999999 1 1.38e-07 1.80709e-06 1
0.8075 0.999999 1 1.38e-07 8.22803e-07 1
0.8125 0.999999 0.999999 1.38e-07 3.68947e-07 1
0.8175 0.999999 0.999999 1.38e-07 1.62902e-07 1
0.8225 0.999999 0.999999 1.38e-07 7.08137e-08 1
0.8275 0.999999 0.999999 1.38e-07 3.03025e-08 1
0.8325 0.999999 0.999999 1.38e-07 1.27629e-08 1
0.8375 0.999999 0.999999 1.38e-07 5.29028e-09 1
0.8425 0.999999 0.999999 1.38e-07 2.15782e-09 1
0.8475 0.999999 0.999999 1.38e-07 8.66005e-10 1
0.8525 0.999999 0.999999 1.38e-07 3.41945e-10 1
0.8575 0.999999 0.999999 1.38e-07 1.32829e-10 1
0.8625 0.999999 0.999999 1.38e-07 5.07585e-11 1
0.8675 0.999999 0.999999 1.38e-07 1.90801e-11 1
0.8725 0.999999 0.999999 1.38e-07 7.05508e-12 1
0.8775 0.999999 0.999999 1.38e-07 2.566e-12 1
0.8825 0.999999 0.999999 1.38e-07 9.17964e-13 1
0.8875 0.999999 0.999999 1.38e-07 3.22987e-13 1
0.8925 0.999999 0.999999 1.38e-07 1.11742e-13 1
0.8975 0.999999 0.999999 1.38e-07 3.79782e-14 1
0.9025 0.999999 0.999999 1.38e-07 1.25566e-14 1
0.9075 0.999999 0.999999 1.38e-07 4.09641e-15 1
0.9125 0.999999 0.999999 1.38e-07 1.28819e-15 1
0.9175 0.999999 0.999999 1.38e-07 3.06639e-16 1
0.9225 0.999999 0.999999 1.38e-07 5.42457e-17 1
0.9275 0.999999 0.999999 1.38e-07 0 1
0.9325 0.999999 0.999999 1.38e-07 0 1
0.9375 0.999999 0.999999 1.38e-07 0 1
0.9425 0.999999 0.999999 1.38e-07 0 1
0.9475 0.999999 0.999999 1.38e-07 0 1
0.9525 0.999999 0.999999 1.38e-07 0 1
0.9575 0.999999 0.999999 1.38e-07 0 1
0.9625 0.999999 0.999999 1.38e-07 0 1
0.9675 0.999999 0.999999 1.38e-07 0 1
0.9725 0.999999 0.999999 1.38e-07 0 1
0.9775 0.999999 0.999999 1.38e-07 0 1
0.9825 0.999999 0.999999 1.38e-07 0 1
0.9875 0.999999 0.999999 1.38e-07 0 1
0.9925 0.999999 0.999999 1.38e-07 0 1
0.9975 0.999999 0.999999 1.38e-07 0 1
