x alpha rho1 rho2 v p
0.0025 1.00012 1.37639 1.37989e-07 0.394902 1.56975
0.0075 1.00008 1.37634 1.37984e-07 0.394936 1.5697
0.0125 1.00006 1.37629 1.37979e-07 0.394979 1.56963
0.0175 1.00005 1.37624 1.37974e-07 0.395029 1.56955
0.0225 1.00005 1.37618 1.37968e-07 0.395084 1.56946
0.0275 1.00005 1.37612 1.37962e-07 0.395142 1.56936
0.0325 1.00005 1.37605 1.37955e-07 0.395204 1.56926
0.0375 1.00005 1.37599 1.37949e-07 0.395268 1.56915
0.0425 1.00005 1.37592 1.37942e-07 0.39533 1.56905
0.0475 1.00004 1.37586 1.37936e-07 0.39539 1.56895
0.0525 1.00004 1.3758 1.3793e-07 0.395445 1.56886
0.0575 1.00004 1.37575 1.37925e-07 0.395493 1.56878
0.0625 1.00003 1.3757 1.3792e-07 0.395534 1.56871
0.0675 1.00002 1.37567 1.37917e-07 0.395565 1.56866
0.0725 1.00001 1.37565 1.37915e-07 0.395585 1.56863
0.0775 1.00001 1.37563 1.37913e-07 0.395596 1.56861
0.0825 0.999998 1.37563 1.37913e-07 0.395596 1.56862
0.0875 0.999991 1.37564 1.37914e-07 0.395588 1.56863
0.0925 0.999984 1.37566 1.37916e-07 0.395571 1.56866
0.0975 0.99998 1.37568 1.37918e-07 0.395548 1.56871
0.1025 0.999976 1.37571 1.37921e-07 0.39552 1.56876
0.1075 0.999973 1.37574 1.37924e-07 0.395488 1.56881
0.1125 0.999972 1.37578 1.37928e-07 0.395454 1.56887
0.1175 0.999972 1.37582 1.37932e-07 0.39542 1.56893
0.1225 0.999972 1.37586 1.37936e-07 0.395385 1.56899
0.1275 0.999973 1.37589 1.37939e-07 0.395352 1.56905
0.1325 0.999975 1.37593 1.37943e-07 0.395321 1.5691
0.1375 0.999976 1.37596 1.37946e-07 0.395292 1.56915
0.1425 0.999978 1.37599 1.37949e-07 0.395265 1.5692
0.1475 0.999981 1.37601 1.37951e-07 0.395241 1.56924
0.1525 0.999983 1.37604 1.37954e-07 0.39522 1.56927
0.1575 0.999986 1.37606 1.37956e-07 0.395203 1.5693
0.1625 0.99999 1.37607 1.37957e-07 0.395191 1.56932
0.1675 0.999996 1.37608 1.37958e-07 0.395185 1.56933
0.1725 1 1.37608 1.37958e-07 0.395189 1.56932
0.1775 1.00002 1.37606 1.37956e-07 0.395205 1.56929
0.1825 1.00003 1.37602 1.37952e-07 0.395242 1.56922
0.1875 1.00006 1.37595 1.37945e-07 0.395309 1.56909
0.1925 1.0001 1.37584 1.37934e-07 0.395419 1.56889
0.1975 1.00015 1.37566 1.37916e-07 0.395591 1.56857
0.2025 1.00022 1.37539 1.37889e-07 0.395851 1.56809
0.2075 1.00033 1.37499 1.37849e-07 0.396232 1.56739
0.2125 1.00046 1.37443 1.37792e-07 0.396774 1.5664
0.2175 1.00064 1.37364 1.37713e-07 0.397527 1.56503
0.2225 1.00086 1.37257 1.37606e-07 0.398546 1.56319
0.2275 1.00114 1.37116 1.37465e-07 0.399894 1.56076
0.2325 1.00147 1.36932 1.37281e-07 0.401638 1.55764
0.2375 1.00186 1.367 1.37048e-07 0.403845 1.5537
0.2425 1.00229 1.36412 1.36759e-07 0.406578 1.54885
0.2475 1.00278 1.36063 1.36409e-07 0.409893 1.54301
0.2525 1.0033 1.35647 1.35992e-07 0.413836 1.5361
0.2575 1.00385 1.35163 1.35507e-07 0.418435 1.52809
0.2625 1.00441 1.34608 1.3495e-07 0.423702 1.51899
0.2675 1.00497 1.33984 1.34325e-07 0.42963 1.50883
0.2725 1.00551 1.33295 1.33635e-07 0.436191 1.49767
0.2775 1.00602 1.32546 1.32888e-07 0.443338 1.48563
0.2825 1.00647 1.31745 1.32095e-07 0.451002 1.47283
0.2875 1.00685 1.30899 1.31276e-07 0.4591 1.45944
0.2925 1.00715 1.3002 1.30466e-07 0.46753 1.44564
0.2975 1.00734 1.29118 1.29714e-07 0.476178 1.43163
0.3025 1.00741 1.28205 1.29091e-07 0.484921 1.41761
0.3075 1.00735 1.27292 1.28689e-07 0.493627 1.40381
0.3125 1.00715 1.26391 1.2861e-07 0.502161 1.39042
0.3175 1.00682 1.25515 1.28959e-07 0.51039 1.37765
0.3225 1.00636 1.24676 1.29822e-07 0.518188 1.36568
0.3275 1.00581 1.23886 1.31251e-07 0.52544 1.35466
0.3325 1.00519 1.23159 1.3325e-07 0.53205 1.34472
0.3375 1.00454 1.22505 1.35769e-07 0.537948 1.33593
0.3425 1.0039 1.21931 1.38709e-07 0.54309 1.32835
0.3475 1.0033 1.21443 1.41934e-07 0.547463 1.32196
0.3525 1.00275 1.21043 1.45286e-07 0.551085 1.31671
0.3575 1.00228 1.20727 1.4861e-07 0.553996 1.31253
0.3625 1.00188 1.2049 1.51766e-07 0.556252 1.30932
0.3675 1.00153 1.20325 1.54646e-07 0.557911 1.30699
0.3725 1.00121 1.20225 1.57184e-07 0.559016 1.30549
0.3775 1.00087 1.20188 1.59354e-07 0.559568 1.30481
0.3825 1.00044 1.20215 1.61175e-07 0.559506 1.30507
0.3875 0.999838 1.20318 1.62703e-07 0.558668 1.30653
0.3925 0.998953 1.20521 1.64024e-07 0.556771 1.30965
0.3975 0.997693 1.20862 1.65252e-07 0.553393 1.31508
0.4025 0.996016 1.2139 1.84728e-07 0.548017 1.32362
0.4075 0.993998 1.22157 4.94195e-07 0.540131 1.33608
0.4125 0.991873 1.23195 3.12461e-06 0.529435 1.35291
0.4175 0.989969 1.24496 1.82119e-05 0.516074 1.3739
0.4225 0.988471 1.2597 8.35695e-05 0.500772 1.39795
0.4275 0.986992 1.27421 0.000310629 0.484758 1.42316
0.4325 0.984011 1.28504 0.000965645 0.469437 1.44727
0.4375 0.97637 1.28696 0.00256859 0.456004 1.4683
0.4425 0.959119 1.27283 0.00594363 0.445159 1.48502
0.4475 0.926165 1.23456 0.0121224 0.437051 1.49712
0.4525 0.871966 1.16519 0.0220467 0.431392 1.50507
0.4575 0.79384 1.06191 0.0361542 0.427652 1.50973
0.4625 0.6938 0.92826 0.0540584 0.425254 1.51211
0.4675 0.578769 0.774167 0.0745204 0.423692 1.51306
0.4725 0.45893 0.61365 0.0957485 0.422597 1.51323
0.4775 0.344958 0.461116 0.115882 0.421728 1.51301
0.4825 0.245386 0.327951 0.133442 0.420941 1.51265
0.4875 0.165055 0.220564 0.147596 0.42016 1.51226
0.4925 0.104948 0.140225 0.158181 0.419342 1.51188
0.4975 0.0630832 0.084269 0.165549 0.418464 1.51154
0.5025 0.0358572 0.0478803 0.170334 0.417513 1.51121
0.5075 0.0192821 0.0257311 0.173239 0.416477 1.5109
0.5125 0.00981474 0.0130855 0.174887 0.415348 1.51059
0.5175 0.00473173 0.00630107 0.175761 0.414117 1.51028
0.5225 0.00216215 0.00287497 0.176191 0.412776 1.50996
0.5275 0.000937244 0.00124401 0.176384 0.411316 1.50964
0.5325 0.000385884 0.000511119 0.176457 0.409726 1.50932
0.5375 0.000151246 0.000199844 0.176474 0.407999 1.50898
0.5425 5.67312e-05 7.47448e-05 0.176466 0.406127 1.50864
0.5475 2.06564e-05 2.71176e-05 0.176447 0.404103 1.50829
0.5525 7.59631e-06 9.92324e-06 0.176423 0.401924 1.50792
0.5575 3.10744e-06 4.03124e-06 0.176396 0.399585 1.50753
0.5625 1.64137e-06 2.11305e-06 0.176366 0.397084 1.50712
0.5675 1.18601e-06 1.51917e-06 0.176335 0.394422 1.50667
0.5725 1.0514e-06 1.34408e-06 0.1763 0.391598 1.50618
0.5775 1.01349e-06 1.29477e-06 0.176262 0.388615 1.50565
0.5825 1.00332e-06 1.28136e-06 0.176221 0.385477 1.50507
0.5875 1.00072e-06 1.27769e-06 0.176175 0.382188 1.50442
0.5925 1.00009e-06 1.27651e-06 0.176124 0.378753 1.5037
0.5975 9.99955e-07 1.27591e-06 0.176069 0.375178 1.50291
0.6025 0.00249743 0.00349625 0.175535 0.371473 1.50202
0.6075 0.0187067 0.025667 0.172495 0.367634 1.50087
0.6125 0.0699409 0.0944346 0.163266 0.363592 1.49917
0.6175 0.175024 0.233399 0.144766 0.359176 1.49648
0.6225 0.332169 0.438985 0.117466 0.354261 1.49245
0.6275 0.514627 0.676059 0.0859207 0.348943 1.48696
0.6325 0.685765 0.89759 0.0562538 0.343552 1.4804
0.6375 0.819108 1.06989 0.0329255 0.338513 1.47352
0.6425 0.90726 1.18368 0.0172653 0.334159 1.46711
0.6475 0.95753 1.2484 0.00813963 0.330641 1.46169
0.6525 0.982575 1.28031 0.00346202 0.327935 1.4574
0.6575 0.993577 1.29387 0.00133202 0.325898 1.45413
0.6625 0.997865 1.29856 0.000464304 0.324308 1.45157
0.6675 0.999353 1.29941 0.000146671 0.322886 1.44927
0.6725 0.999812 1.29855 4.19792e-05 0.321289 1.44669
0.6775 0.999938 1.29653 1.09181e-05 0.319083 1.44312
0.6825 0.999969 1.29313 2.64606e-06 0.315702 1.43766
0.6875 0.99998 1.28771 6.7967e-07 0.310399 1.42913
0.6925 0.999991 1.27933 2.65642e-07 0.302218 1.41604
0.6975 1.00001 1.26692 1.88358e-07 0.290022 1.39672
0.7025 1.00005 1.24938 1.74123e-07 0.272625 1.36953
0.7075 1.00011 1.22598 1.69359e-07 0.249087 1.33346
0.7125 1.00019 1.19682 1.65175e-07 0.219198 1.28884
0.7175 1.00026 1.1633 1.60536e-07 0.184022 1.23803
0.7225 1.0003 1.12811 1.55679e-07 0.146144 1.18532
0.7275 1.00028 1.09468 1.51065e-07 0.109222 1.13589
0.7325 1.00021 1.06596 1.47103e-07 0.07679 1.094
0.7375 1.00013 1.04354 1.44009e-07 0.0510241 1.06169
0.7425 1.00007 1.02744 1.41787e-07 0.0322949 1.03872
0.7475 1.00003 1.01665 1.40297e-07 0.0196396 1.02342
0.7525 1.00001 1.00979 1.39351e-07 0.0115628 1.01374
0.7575 1 1.00561 1.38774e-07 0.00662871 1.00786
0.7625 1 1.00314 1.38433e-07 0.00371524 1.0044
0.7675 1 1.00172 1.38238e-07 0.00204127 1.00242
0.7725 0.999999 1.00093 1.38128e-07 0.00110139 1.0013
0.7775 0.999999 1.00049 1.38068e-07 0.000584265 1.00069
0.7825 0.999999 1.00026 1.38036e-07 0.00030497 1.00036
0.7875 0.999999 1.00013 1.38018e-07 0.000156721 1.00019
0.7925 0.999999 1.00007 1.38009e-07 7.93218e-05 1.00009
0.7975 0.999999 1.00003 1.38005e-07 3.95533e-05 1.00005
0.8025 0.999999 1.00002 1.38002e-07 1.94351e-05 1.00002
0.8075 0.999999 1.00001 1.38001e-07 9.41152e-06 1.00001
0.8125 0.999999 1 1.38001e-07 4.49194e-06 1.00001
0.8175 0.999999 1 1.38e-07 2.11309e-06 1
0.8225 0.999999 1 1.38e-07 9.7971e-07 1
0.8275 0.999999 0.999999 1.38e-07 4.47659e-07 1
0.8325 0.999999 0.999999 1.38e-07 2.01572e-07 1
0.8375 0.999999 0.999999 1.38e-07 8.9434e-08 1
0.8425 0.999999 0.999999 1.38e-07 3.90943e-08 1
0.8475 0.999999 0.999999 1.38e-07 1.68351e-08 1
0.8525 0.999999 0.999999 1.38e-07 7.141e-09 1
0.8575 0.999999 0.999999 1.38e-07 2.98331e-09 1
0.8625 0.999999 0.999999 1.38e-07 1.22742e-09 1
0.8675 0.999999 0.999999 1.38e-07 4.97282e-10 1
0.8725 0.999999 0.999999 1.38e-07 1.9838e-10 1
0.8775 0.999999 0.999999 1.38e-07 7.79198e-11 1
0.8825 0.999999 0.999999 1.38e-07 3.01322e-11 1
0.8875 0.999999 0.999999 1.38e-07 1.14717e-11 1
0.8925 0.999999 0.999999 1.38e-07 4.29957e-12 1
0.8975 0.999999 0.999999 1.38e-07 1.58635e-12 1
0.9025 0.999999 0.999999 1.38e-07 5.76117e-13 1
0.9075 0.999999 0.999999 1.38e-07 2.05919e-13 1
0.9125 0.999999 0.999999 1.38e-07 7.23897e-14 1
0.9175 0.999999 0.999999 1.38e-07 2.49286e-14 1
0.9225 0.999999 0.999999 1.38e-07 8.42158e-15 1
0.9275 0.999999 0.999999 1.38e-07 2.75246e-15 1
0.9325 0.999999 0.999999 1.38e-07 8.33275e-16 1
0.9375 0.999999 0.999999 1.38e-07 2.87695e-16 1
0.9425 0.999999 0.999999 1.38e-07 2.03576e-17 1
0.9475 0.999999 0.999999 1.38e-07 0 1
0.9525 0.999999 0.999999 1.38e-07 0 1
0.9575 0.999999 0.999999 1.38e-07 0 1
0.9625 0.999999 0.999999 1.38e-07 0 1
0.9675 0.999999 0.999999 1.38e-07 0 1
0.9725 0.999999 0.999999 1.38e-07 0 1
0.9775 0.999999 0.999999 1.38e-07 0 1
0.9825 0.999999 0.999999 1.38e-07 0 1
0.9875 0.999999 0.999999 1.38e-07 0 1
0.9925 0.999999 0.999999 1.38e-07 0 1
0.9975 0.999999 0.999999 1.38e-07 0 1
