x alpha rho1 rho2 v p
0.0025 0.999 0.999 0.000125 2.07356e-10 1
0.0075 0.999 0.999 0.000125 4.9767e-10 1
0.0125 0.999 0.999 0.000125 1.17057e-09 1
0.0175 0.999 0.999 0.000125 2.69827e-09 1
0.0225 0.999 0.999 0.000125 6.09547e-09 1
0.0275 0.999 0.999 0.000125 1.34946e-08 1
0.0325 0.999 0.999 0.000125 2.9278e-08 1
0.0375 0.999 0.999 0.000125 6.22511e-08 1
0.0425 0.999 0.999 0.000125 1.29709e-07 1
0.0475 0.999 0.999 0.000125 2.64852e-07 1
0.0525 0.999 0.999 0.000125 5.29954e-07 0.999999
0.0575 0.999 0.998999 0.000125 1.03911e-06 0.999999
0.0625 0.999001 0.998998 0.000125 1.99648e-06 0.999998
0.0675 0.999001 0.998997 0.000125 3.75866e-06 0.999996
0.0725 0.999002 0.998994 0.000124999 6.93346e-06 0.999992
0.0775 0.999003 0.998989 0.000124999 1.25315e-05 0.999985
0.0825 0.999005 0.998981 0.000124998 2.21907e-05 0.999974
0.0875 0.999009 0.998968 0.000124996 3.84985e-05 0.999954
0.0925 0.999014 0.998945 0.000124993 6.5434e-05 0.999923
0.0975 0.999023 0.998908 0.000124988 0.000108953 0.999871
0.1025 0.999035 0.99885 0.000124981 0.000177721 0.99979
0.1075 0.999054 0.99876 0.00012497 0.000283992 0.999664
0.1125 0.999081 0.998625 0.000124953 0.000444573 0.999474
0.1175 0.999119 0.998425 0.000124928 0.000681822 0.999194
0.1225 0.99917 0.998136 0.000124892 0.00102454 0.998789
0.1275 0.999238 0.997727 0.000124841 0.00150858 0.998217
0.1325 0.999326 0.997164 0.00012477 0.00217712 0.997428
0.1375 0.999436 0.996403 0.000124675 0.00308019 0.996363
0.1425 0.999572 0.995398 0.000124549 0.00427373 0.994957
0.1475 0.999734 0.994099 0.000124387 0.00581774 0.99314
0.1525 0.999923 0.992455 0.000124181 0.00777396 0.990842
0.1575 1.00014 0.990416 0.000123926 0.0102031 0.987996
0.1625 1.00038 0.987937 0.000123616 0.0131619 0.984538
0.1675 1.00064 0.984978 0.000123245 0.0167006 0.980416
0.1725 1.00092 0.981508 0.000122811 0.0208601 0.97559
0.1775 1.00121 0.977507 0.000122311 0.0256713 0.970032
0.1825 1.00152 0.972962 0.000121742 0.0311535 0.963733
0.1875 1.00183 0.967873 0.000121105 0.0373148 0.956695
0.1925 1.00214 0.962249 0.000120402 0.0441526 0.948935
0.1975 1.00245 0.956108 0.000119633 0.051655 0.940483
0.2025 1.00275 0.949473 0.000118803 0.059802 0.931377
0.2075 1.00305 0.942374 0.000117915 0.0685673 0.921665
0.2125 1.00335 0.934845 0.000116973 0.0779202 0.911397
0.2175 1.00363 0.926921 0.000115981 0.0878268 0.900627
0.2225 1.00391 0.91864 0.000114945 0.0982514 0.889412
0.2275 1.00417 0.910038 0.000113869 0.109158 0.877807
0.2325 1.00443 0.901152 0.000112757 0.120511 0.865864
0.2375 1.00468 0.892015 0.000111613 0.132275 0.853636
0.2425 1.00492 0.882662 0.000110443 0.144417 0.841169
0.2475 1.00515 0.873122 0.000109249 0.156906 0.82851
0.2525 1.00538 0.863424 0.000108036 0.169713 0.815698
0.2575 1.00561 0.853595 0.000106806 0.182811 0.802771
0.2625 1.00583 0.843659 0.000105563 0.196173 0.789764
0.2675 1.00604 0.833637 0.000104309 0.209779 0.776707
0.2725 1.00626 0.823548 0.000103047 0.223605 0.763627
0.2775 1.00647 0.813412 0.000101778 0.237635 0.750549
0.2825 1.00668 0.803243 0.000100506 0.251849 0.737495
0.2875 1.00689 0.793057 9.92313e-05 0.266233 0.724484
0.2925 1.0071 0.782865 9.79561e-05 0.280772 0.711533
0.2975 1.00731 0.77268 9.66817e-05 0.295454 0.698657
0.3025 1.00753 0.762511 9.54093e-05 0.310266 0.68587
0.3075 1.00774 0.752369 9.41403e-05 0.325199 0.673183
0.3125 1.00796 0.742261 9.28755e-05 0.340242 0.660606
0.3175 1.00819 0.732194 9.16159e-05 0.355387 0.648149
0.3225 1.00841 0.722176 9.03623e-05 0.370625 0.635818
0.3275 1.00865 0.712211 8.91155e-05 0.385951 0.623621
0.3325 1.00888 0.702306 8.78761e-05 0.401356 0.611563
0.3375 1.00913 0.692464 8.66447e-05 0.416835 0.59965
0.3425 1.00937 0.682691 8.54218e-05 0.432383 0.587885
0.3475 1.00963 0.672989 8.42078e-05 0.447993 0.576273
0.3525 1.00989 0.663363 8.30033e-05 0.463662 0.564815
0.3575 1.01016 0.653814 8.18086e-05 0.479385 0.553516
0.3625 1.01044 0.644347 8.0624e-05 0.495158 0.542377
0.3675 1.01073 0.634963 7.94498e-05 0.510975 0.531399
0.3725 1.01103 0.625664 7.82863e-05 0.526835 0.520585
0.3775 1.01134 0.616453 7.71338e-05 0.542733 0.509935
0.3825 1.01165 0.607332 7.59925e-05 0.558665 0.499451
0.3875 1.01198 0.598303 7.48627e-05 0.574627 0.489133
0.3925 1.01232 0.589366 7.37445e-05 0.590617 0.478981
0.3975 1.01267 0.580524 7.26382e-05 0.60663 0.468997
0.4025 1.01304 0.571779 7.15439e-05 0.622662 0.459181
0.4075 1.01342 0.563132 7.04619e-05 0.638709 0.449532
0.4125 1.01381 0.554585 6.93925e-05 0.654766 0.440053
0.4175 1.01421 0.546139 6.83357e-05 0.670829 0.430742
0.4225 1.01463 0.537797 6.7292e-05 0.686892 0.421602
0.4275 1.01506 0.529562 6.62615e-05 0.702948 0.412633
0.4325 1.01551 0.521436 6.52448e-05 0.718989 0.403836
0.4375 1.01597 0.513423 6.42421e-05 0.735006 0.395214
0.4425 1.01643 0.505526 6.3254e-05 0.750987 0.38677
0.4475 1.01691 0.497752 6.22813e-05 0.766918 0.378507
0.4525 1.01738 0.490108 6.13248e-05 0.78278 0.370431
0.4575 1.01786 0.482602 6.03856e-05 0.798548 0.36255
0.4625 1.01831 0.475248 5.94655e-05 0.81419 0.354875
0.4675 1.01873 0.468064 5.85666e-05 0.82966 0.347423
0.4725 1.01908 0.461076 5.76922e-05 0.844892 0.340217
0.4775 1.01931 0.454322 5.68471e-05 0.859792 0.333293
0.4825 1.01934 0.447858 5.60383e-05 0.874216 0.326706
0.4875 1.01903 0.441775 5.52771e-05 0.887945 0.320541
0.4925 1.01817 0.43621 5.45808e-05 0.900632 0.314933
0.4975 1.01652 0.431378 5.39762e-05 0.911747 0.31009
0.5025 1.01395 0.427581 5.35012e-05 0.920537 0.306306
0.5075 1.01102 0.425139 5.31956e-05 0.9262 0.303889
0.5125 1.00914 0.424111 5.30669e-05 0.928549 0.302892
0.5175 1.00885 0.423988 5.30516e-05 0.928762 0.302802
0.5225 1.00909 0.424075 5.30625e-05 0.928478 0.302923
0.5275 1.00936 0.42415 5.30718e-05 0.92822 0.303033
0.5325 1.00963 0.424205 5.30787e-05 0.928004 0.303126
0.5375 1.00991 0.424244 5.30836e-05 0.92782 0.303205
0.5425 1.01019 0.424271 5.3087e-05 0.927659 0.303273
0.5475 1.01049 0.424288 5.30891e-05 0.927519 0.303334
0.5525 1.0108 0.424294 5.30899e-05 0.927396 0.303386
0.5575 1.01111 0.424292 5.30896e-05 0.927289 0.303433
0.5625 1.01145 0.424281 5.30882e-05 0.927194 0.303474
0.5675 1.0118 0.424262 5.30859e-05 0.927111 0.303509
0.5725 1.01217 0.424235 5.30828e-05 0.927038 0.303541
0.5775 1.01255 0.424201 5.30793e-05 0.926974 0.303569
0.5825 1.01296 0.424159 5.30767e-05 0.926917 0.303594
0.5875 1.01339 0.42411 5.3079e-05 0.926866 0.303617
0.5925 1.01385 0.424052 5.30975e-05 0.926822 0.303636
0.5975 1.01434 0.423987 5.31627e-05 0.926782 0.303654
0.6025 1.01487 0.423912 5.33517e-05 0.926747 0.30367
0.6075 1.01542 0.423826 5.38503e-05 0.926716 0.303684
0.6125 1.01602 0.423728 5.50816e-05 0.926688 0.303697
0.6175 1.01667 0.423615 5.79601e-05 0.926663 0.303709
0.6225 1.01736 0.42348 6.43647e-05 0.926641 0.303719
0.6275 1.01812 0.423315 7.79682e-05 0.926621 0.303728
0.6325 1.01893 0.423106 0.000105607 0.926603 0.303737
0.6375 1.0198 0.422827 0.000159409 0.926587 0.303745
0.6425 1.02074 0.42244 0.000259884 0.926573 0.303752
0.6475 1.02174 0.421886 0.000440108 0.92656 0.303759
0.6525 1.02279 0.421074 0.000750951 0.926549 0.303765
0.6575 1.02386 0.419879 0.00126698 0.926539 0.30377
0.6625 1.02492 0.418127 0.00209229 0.92653 0.303775
0.6675 1.02594 0.415593 0.00336508 0.926522 0.30378
0.6725 1.02685 0.412 0.00525931 0.926515 0.303785
0.6775 1.02761 0.407021 0.00798198 0.926509 0.303789
0.6825 1.02815 0.400299 0.0117642 0.926503 0.303792
0.6875 1.02842 0.391472 0.0168459 0.926498 0.303796
0.6925 1.02841 0.380205 0.0234532 0.926494 0.303799
0.6975 1.02807 0.366235 0.0317727 0.92649 0.303802
0.7025 1.02744 0.34941 0.0419225 0.926487 0.303805
0.7075 1.02651 0.329733 0.0539274 0.926485 0.303808
0.7125 1.02533 0.307377 0.0676999 0.926482 0.303811
0.7175 1.02392 0.282704 0.0830336 0.926481 0.303813
0.7225 1.02232 0.256242 0.0996091 0.926479 0.303815
0.7275 1.02053 0.228658 0.117014 0.926478 0.303818
0.7325 1.01855 0.200702 0.134773 0.926477 0.30382
0.7375 1.01635 0.173148 0.15239 0.926477 0.303822
0.7425 1.01386 0.14673 0.169387 0.926476 0.303824
0.7475 1.01098 0.122083 0.185342 0.926476 0.303825
0.7525 1.00758 0.0997011 0.199918 0.926477 0.303827
0.7575 1.0035 0.0799139 0.212885 0.926477 0.303829
0.7625 0.998555 0.0628784 0.224119 0.926478 0.30383
0.7675 0.992536 0.0485923 0.233603 0.926479 0.303832
0.7725 0.985251 0.03692 0.241407 0.92648 0.303834
0.7775 0.976531 0.0276266 0.247669 0.926482 0.303835
0.7825 0.966264 0.0204146 0.25257 0.926483 0.303837
0.7875 0.954417 0.0149584 0.256314 0.926485 0.303838
0.7925 0.941056 0.0109337 0.259107 0.926488 0.30384
0.7975 0.926354 0.00803864 0.261142 0.92649 0.303841
0.8025 0.910588 0.00600753 0.262593 0.926492 0.303843
0.8075 0.894124 0.0046176 0.263605 0.926495 0.303845
0.8125 0.877382 0.00368973 0.264297 0.926499 0.303847
0.8175 0.860804 0.00308544 0.264762 0.926503 0.303848
0.8225 0.844821 0.0027015 0.265069 0.926506 0.303851
0.8275 0.829806 0.0024635 0.265271 0.926509 0.303853
0.8325 0.816047 0.00231957 0.265402 0.926515 0.303855
0.8375 0.803724 0.00223467 0.265486 0.926522 0.303856
0.8425 0.792915 0.00218583 0.265543 0.926525 0.30386
0.8475 0.783588 0.00215844 0.265581 0.926529 0.303863
0.8525 0.775603 0.00214347 0.265607 0.926539 0.303865
0.8575 0.768738 0.00213551 0.265625 0.92655 0.303866
0.8625 0.762732 0.0021314 0.265641 0.926554 0.303871
0.8675 0.757284 0.00212936 0.265654 0.926556 0.303876
0.8725 0.752067 0.00212837 0.265662 0.926571 0.303878
0.8775 0.746771 0.0021279 0.265668 0.926587 0.303877
0.8825 0.741151 0.00212772 0.265675 0.926581 0.303881
0.8875 0.734973 0.00212765 0.265679 0.926554 0.303882
0.8925 0.728021 0.00212752 0.26567 0.926511 0.30386
0.8975 0.72012 0.00212723 0.265636 0.926376 0.303801
0.9025 0.711125 0.00212657 0.265555 0.92595 0.303667
0.9075 0.700783 0.00212487 0.265343 0.924873 0.303324
0.9125 0.688434 0.00212045 0.264791 0.922276 0.302438
0.9175 0.672462 0.00210956 0.263431 0.915868 0.300259
0.9225 0.648785 0.00208346 0.260172 0.900162 0.295054
0.9275 0.607097 0.00202279 0.252596 0.863011 0.283021
0.9325 0.522984 0.00189337 0.236435 0.780604 0.257591
0.9375 0.346929 0.00166316 0.207687 0.620644 0.213466
0.9425 0.0295756 0.00137039 0.171127 0.381628 0.160007
0.9475 -0.34584 0.00114282 0.14271 0.156002 0.121554
0.9525 -0.601727 0.00103977 0.129841 0.0430089 0.105703
0.9575 -0.725163 0.00100927 0.126033 0.00985434 0.101306
0.9625 -0.783727 0.00100204 0.125129 0.00215273 0.100286
0.9675 -0.812985 0.00100044 0.12493 0.000465466 0.100062
0.9725 -0.823939 0.0010001 0.124887 0.0001004 0.100013
0.9775 -0.819945 0.00100002 0.124878 2.16413e-05 0.100003
0.9825 -0.804189 0.001 0.124876 4.66332e-06 0.100001
0.9875 -0.78382 0.001 0.124875 1.00457e-06 0.1
0.9925 -0.772732 0.001 0.124875 2.1633e-07 0.1
0.9975 -0.789606 0.001 0.124875 4.65671e-08 0.1
