x alpha rho1 rho2 v p
0.0005 1.00007 1.37643 1.37993e-07 0.394861 1.56985
0.0015 1.00006 1.37642 1.37992e-07 0.394868 1.56984
0.0025 1.00005 1.37641 1.37991e-07 0.394877 1.56983
0.0035 1.00004 1.3764 1.3799e-07 0.394887 1.56981
0.0045 1.00003 1.37638 1.37988e-07 0.394897 1.56979
0.0055 1.00003 1.37637 1.37987e-07 0.394908 1.56978
0.0065 1.00002 1.37636 1.37986e-07 0.39492 1.56976
0.0075 1.00002 1.37634 1.37984e-07 0.394932 1.56974
0.0085 1.00002 1.37633 1.37983e-07 0.394945 1.56972
0.0095 1.00001 1.37632 1.37982e-07 0.394958 1.5697
0.0105 1.00001 1.3763 1.3798e-07 0.394971 1.56968
0.0115 1.00001 1.37629 1.37979e-07 0.394986 1.56965
0.0125 1.00001 1.37627 1.37977e-07 0.395 1.56963
0.0135 1.00001 1.37626 1.37976e-07 0.395015 1.5696
0.0145 1.00001 1.37624 1.37974e-07 0.39503 1.56958
0.0155 1.00001 1.37622 1.37973e-07 0.395045 1.56955
0.0165 1.00001 1.37621 1.37971e-07 0.39506 1.56953
0.0175 1.00001 1.37619 1.37969e-07 0.395075 1.5695
0.0185 1.00001 1.37618 1.37968e-07 0.395091 1.56948
0.0195 1.00001 1.37616 1.37966e-07 0.395106 1.56945
0.0205 1.00001 1.37615 1.37965e-07 0.39512 1.56943
0.0215 1.00001 1.37613 1.37963e-07 0.395135 1.5694
0.0225 1.00001 1.37611 1.37962e-07 0.395149 1.56938
0.0235 1.00001 1.3761 1.3796e-07 0.395163 1.56936
0.0245 1.00001 1.37609 1.37959e-07 0.395176 1.56934
0.0255 1.00001 1.37607 1.37957e-07 0.395188 1.56932
0.0265 1.00001 1.37606 1.37956e-07 0.395199 1.5693
0.0275 1.00001 1.37605 1.37955e-07 0.39521 1.56928
0.0285 1.00001 1.37604 1.37954e-07 0.39522 1.56926
0.0295 1.00001 1.37603 1.37953e-07 0.395229 1.56925
0.0305 1 1.37602 1.37952e-07 0.395237 1.56923
0.0315 1 1.37601 1.37951e-07 0.395243 1.56922
0.0325 1 1.37601 1.37951e-07 0.395249 1.56921
0.0335 1 1.376 1.3795e-07 0.395254 1.56921
0.0345 1 1.376 1.3795e-07 0.395257 1.5692
0.0355 1 1.376 1.3795e-07 0.39526 1.5692
0.0365 1 1.376 1.3795e-07 0.395261 1.5692
0.0375 0.999999 1.37599 1.37949e-07 0.395261 1.5692
0.0385 0.999998 1.376 1.3795e-07 0.39526 1.5692
0.0395 0.999997 1.376 1.3795e-07 0.395259 1.5692
0.0405 0.999997 1.376 1.3795e-07 0.395256 1.56921
0.0415 0.999996 1.376 1.37951e-07 0.395252 1.56921
0.0425 0.999995 1.37601 1.37951e-07 0.395247 1.56922
0.0435 0.999994 1.37602 1.37952e-07 0.395242 1.56923
0.0445 0.999994 1.37602 1.37952e-07 0.395236 1.56924
0.0455 0.999993 1.37603 1.37953e-07 0.395229 1.56926
0.0465 0.999993 1.37604 1.37954e-07 0.395221 1.56927
0.0475 0.999993 1.37605 1.37955e-07 0.395213 1.56928
0.0485 0.999992 1.37606 1.37956e-07 0.395205 1.5693
0.0495 0.999992 1.37607 1.37957e-07 0.395196 1.56931
0.0505 0.999992 1.37608 1.37958e-07 0.395187 1.56933
0.0515 0.999991 1.37609 1.37959e-07 0.395177 1.56935
0.0525 0.999991 1.3761 1.3796e-07 0.395167 1.56936
0.0535 0.999991 1.37611 1.37961e-07 0.395158 1.56938
0.0545 0.999991 1.37612 1.37962e-07 0.395148 1.5694
0.0555 0.999991 1.37613 1.37963e-07 0.395138 1.56941
0.0565 0.999991 1.37614 1.37964e-07 0.395128 1.56943
0.0575 0.999991 1.37615 1.37965e-07 0.395119 1.56945
0.0585 0.999991 1.37616 1.37966e-07 0.395109 1.56946
0.0595 0.999992 1.37617 1.37967e-07 0.3951 1.56948
0.0605 0.999992 1.37618 1.37968e-07 0.39509 1.5695
0.0615 0.999992 1.37619 1.37969e-07 0.395081 1.56951
0.0625 0.999992 1.3762 1.3797e-07 0.395073 1.56953
0.0635 0.999992 1.37621 1.37971e-07 0.395064 1.56954
0.0645 0.999993 1.37622 1.37972e-07 0.395056 1.56956
0.0655 0.999993 1.37623 1.37973e-07 0.395048 1.56957
0.0665 0.999993 1.37624 1.37974e-07 0.39504 1.56958
0.0675 0.999993 1.37624 1.37974e-07 0.395033 1.5696
0.0685 0.999993 1.37625 1.37975e-07 0.395026 1.56961
0.0695 0.999994 1.37626 1.37976e-07 0.395019 1.56962
0.0705 0.999994 1.37627 1.37977e-07 0.395013 1.56963
0.0715 0.999994 1.37627 1.37977e-07 0.395007 1.56964
0.0725 0.999994 1.37628 1.37978e-07 0.395001 1.56965
0.0735 0.999995 1.37629 1.37979e-07 0.394995 1.56966
0.0745 0.999995 1.37629 1.37979e-07 0.39499 1.56967
0.0755 0.999995 1.3763 1.3798e-07 0.394984 1.56968
0.0765 0.999995 1.3763 1.3798e-07 0.394979 1.56969
0.0775 0.999995 1.37631 1.37981e-07 0.394975 1.5697
0.0785 0.999995 1.37631 1.37981e-07 0.39497 1.56971
0.0795 0.999996 1.37632 1.37982e-07 0.394966 1.56971
0.0805 0.999996 1.37632 1.37982e-07 0.394962 1.56972
0.0815 0.999996 1.37633 1.37983e-07 0.394958 1.56973
0.0825 0.999996 1.37633 1.37983e-07 0.394954 1.56973
0.0835 0.999996 1.37633 1.37984e-07 0.39495 1.56974
0.0845 0.999996 1.37634 1.37984e-07 0.394947 1.56975
0.0855 0.999996 1.37634 1.37984e-07 0.394943 1.56975
0.0865 0.999997 1.37635 1.37985e-07 0.39494 1.56976
0.0875 0.999997 1.37635 1.37985e-07 0.394937 1.56976
0.0885 0.999997 1.37635 1.37985e-07 0.394934 1.56977
0.0895 0.999997 1.37635 1.37986e-07 0.394931 1.56977
0.0905 0.999997 1.37636 1.37986e-07 0.394929 1.56978
0.0915 0.999997 1.37636 1.37986e-07 0.394926 1.56978
0.0925 0.999997 1.37636 1.37986e-07 0.394924 1.56979
0.0935 0.999997 1.37637 1.37987e-07 0.394921 1.56979
0.0945 0.999997 1.37637 1.37987e-07 0.394919 1.56979
0.0955 0.999997 1.37637 1.37987e-07 0.394916 1.5698
0.0965 0.999997 1.37637 1.37987e-07 0.394914 1.5698
0.0975 0.999997 1.37638 1.37988e-07 0.394912 1.56981
0.0985 0.999997 1.37638 1.37988e-07 0.39491 1.56981
0.0995 0.999997 1.37638 1.37988e-07 0.394908 1.56981
0.1005 0.999997 1.37638 1.37988e-07 0.394906 1.56982
0.1015 0.999998 1.37638 1.37989e-07 0.394904 1.56982
0.1025 0.999998 1.37639 1.37989e-07 0.394902 1.56982
0.1035 0.999998 1.37639 1.37989e-07 0.394901 1.56983
0.1045 0.999998 1.37639 1.37989e-07 0.394899 1.56983
0.1055 0.999998 1.37639 1.37989e-07 0.394897 1.56983
0.1065 0.999998 1.37639 1.3799e-07 0.394896 1.56983
0.1075 0.999998 1.3764 1.3799e-07 0.394894 1.56984
0.1085 0.999998 1.3764 1.3799e-07 0.394893 1.56984
0.1095 0.999998 1.3764 1.3799e-07 0.394891 1.56984
0.1105 0.999998 1.3764 1.3799e-07 0.39489 1.56984
0.1115 0.999998 1.3764 1.3799e-07 0.394888 1.56985
0.1125 0.999998 1.3764 1.3799e-07 0.394887 1.56985
0.1135 0.999998 1.37641 1.37991e-07 0.394885 1.56985
0.1145 0.999998 1.37641 1.37991e-07 0.394884 1.56985
0.1155 0.999998 1.37641 1.37991e-07 0.394883 1.56986
0.1165 0.999998 1.37641 1.37991e-07 0.394882 1.56986
0.1175 0.999998 1.37641 1.37991e-07 0.39488 1.56986
0.1185 0.999998 1.37641 1.37991e-07 0.394879 1.56986
0.1195 0.999998 1.37641 1.37991e-07 0.394878 1.56986
0.1205 0.999998 1.37641 1.37992e-07 0.394877 1.56987
0.1215 0.999998 1.37642 1.37992e-07 0.394876 1.56987
0.1225 0.999998 1.37642 1.37992e-07 0.394875 1.56987
0.1235 0.999998 1.37642 1.37992e-07 0.394874 1.56987
0.1245 0.999998 1.37642 1.37992e-07 0.394873 1.56987
0.1255 0.999998 1.37642 1.37992e-07 0.394872 1.56988
0.1265 0.999998 1.37642 1.37992e-07 0.394871 1.56988
0.1275 0.999998 1.37642 1.37992e-07 0.39487 1.56988
0.1285 0.999998 1.37642 1.37992e-07 0.394869 1.56988
0.1295 0.999998 1.37642 1.37993e-07 0.394868 1.56988
0.1305 0.999998 1.37643 1.37993e-07 0.394867 1.56988
0.1315 0.999998 1.37643 1.37993e-07 0.394866 1.56989
0.1325 0.999998 1.37643 1.37993e-07 0.394865 1.56989
0.1335 0.999998 1.37643 1.37993e-07 0.394864 1.56989
0.1345 0.999998 1.37643 1.37993e-07 0.394864 1.56989
0.1355 0.999998 1.37643 1.37993e-07 0.394863 1.56989
0.1365 0.999998 1.37643 1.37993e-07 0.394862 1.56989
0.1375 0.999998 1.37643 1.37993e-07 0.394861 1.56989
0.1385 0.999998 1.37643 1.37993e-07 0.394861 1.56989
0.1395 0.999998 1.37643 1.37993e-07 0.39486 1.5699
0.1405 0.999998 1.37643 1.37994e-07 0.394859 1.5699
0.1415 0.999998 1.37643 1.37994e-07 0.394858 1.5699
0.1425 0.999998 1.37644 1.37994e-07 0.394858 1.5699
0.1435 0.999998 1.37644 1.37994e-07 0.394857 1.5699
0.1445 0.999998 1.37644 1.37994e-07 0.394856 1.5699
0.1455 0.999998 1.37644 1.37994e-07 0.394856 1.5699
0.1465 0.999999 1.37644 1.37994e-07 0.394855 1.5699
0.1475 0.999999 1.37644 1.37994e-07 0.394854 1.56991
0.1485 0.999999 1.37644 1.37994e-07 0.394854 1.56991
0.1495 0.999999 1.37644 1.37994e-07 0.394853 1.56991
0.1505 0.999999 1.37644 1.37994e-07 0.394853 1.56991
0.1515 0.999999 1.37644 1.37994e-07 0.394852 1.56991
0.1525 0.999999 1.37644 1.37994e-07 0.394851 1.56991
0.1535 0.999999 1.37644 1.37994e-07 0.394851 1.56991
0.1545 0.999999 1.37644 1.37994e-07 0.39485 1.56991
0.1555 0.999999 1.37644 1.37995e-07 0.39485 1.56991
0.1565 0.999999 1.37644 1.37995e-07 0.394849 1.56991
0.1575 0.999999 1.37645 1.37995e-07 0.394849 1.56992
0.1585 0.999999 1.37645 1.37995e-07 0.394848 1.56992
0.1595 0.999999 1.37645 1.37995e-07 0.394848 1.56992
0.1605 0.999999 1.37645 1.37995e-07 0.394847 1.56992
0.1615 0.999999 1.37645 1.37995e-07 0.394847 1.56992
0.1625 0.999999 1.37645 1.37995e-07 0.394846 1.56992
0.1635 0.999999 1.37645 1.37995e-07 0.394846 1.56992
0.1645 0.999999 1.37645 1.37995e-07 0.394845 1.56992
0.1655 0.999999 1.37645 1.37995e-07 0.394845 1.56992
0.1665 0.999999 1.37645 1.37995e-07 0.394844 1.56992
0.1675 0.999999 1.37645 1.37995e-07 0.394844 1.56992
0.1685 0.999999 1.37645 1.37995e-07 0.394844 1.56992
0.1695 0.999999 1.37645 1.37995e-07 0.394843 1.56992
0.1705 0.999999 1.37645 1.37995e-07 0.394843 1.56993
0.1715 0.999999 1.37645 1.37995e-07 0.394842 1.56993
0.1725 0.999999 1.37645 1.37995e-07 0.394842 1.56993
0.1735 0.999999 1.37645 1.37995e-07 0.394842 1.56993
0.1745 0.999999 1.37645 1.37995e-07 0.394841 1.56993
0.1755 0.999999 1.37645 1.37996e-07 0.394841 1.56993
0.1765 0.999999 1.37645 1.37996e-07 0.394841 1.56993
0.1775 0.999999 1.37645 1.37996e-07 0.39484 1.56993
0.1785 0.999999 1.37646 1.37996e-07 0.39484 1.56993
0.1795 0.999999 1.37646 1.37996e-07 0.394839 1.56993
0.1805 0.999999 1.37646 1.37996e-07 0.394839 1.56993
0.1815 0.999999 1.37646 1.37996e-07 0.394839 1.56993
0.1825 0.999999 1.37646 1.37996e-07 0.394838 1.56993
0.1835 0.999999 1.37646 1.37996e-07 0.394838 1.56993
0.1845 0.999999 1.37646 1.37996e-07 0.394838 1.56993
0.1855 0.999999 1.37646 1.37996e-07 0.394837 1.56993
0.1865 0.999999 1.37646 1.37996e-07 0.394837 1.56994
0.1875 0.999999 1.37646 1.37996e-07 0.394837 1.56994
0.1885 0.999999 1.37646 1.37996e-07 0.394837 1.56994
0.1895 0.999999 1.37646 1.37996e-07 0.394836 1.56994
0.1905 0.999999 1.37646 1.37996e-07 0.394836 1.56994
0.1915 0.999999 1.37646 1.37996e-07 0.394836 1.56994
0.1925 0.999999 1.37646 1.37996e-07 0.394835 1.56994
0.1935 0.999999 1.37646 1.37996e-07 0.394835 1.56994
0.1945 0.999999 1.37646 1.37996e-07 0.394835 1.56994
0.1955 0.999999 1.37646 1.37996e-07 0.394835 1.56994
0.1965 0.999999 1.37646 1.37996e-07 0.394834 1.56994
0.1975 0.999999 1.37646 1.37996e-07 0.394834 1.56994
0.1985 0.999999 1.37646 1.37996e-07 0.394834 1.56994
0.1995 0.999999 1.37646 1.37996e-07 0.394834 1.56994
0.2005 0.999999 1.37646 1.37996e-07 0.394834 1.56994
0.2015 0.999999 1.37646 1.37996e-07 0.394834 1.56994
0.2025 0.999999 1.37646 1.37996e-07 0.394833 1.56994
0.2035 0.999999 1.37646 1.37996e-07 0.394833 1.56994
0.2045 0.999999 1.37646 1.37996e-07 0.394833 1.56994
0.2055 0.999999 1.37646 1.37996e-07 0.394834 1.56994
0.2065 0.999999 1.37646 1.37996e-07 0.394834 1.56994
0.2075 0.999999 1.37646 1.37996e-07 0.394834 1.56994
0.2085 1 1.37646 1.37996e-07 0.394835 1.56994
0.2095 1 1.37646 1.37996e-07 0.394836 1.56994
0.2105 1 1.37646 1.37996e-07 0.394837 1.56993
0.2115 1 1.37646 1.37996e-07 0.394839 1.56993
0.2125 1 1.37645 1.37996e-07 0.394841 1.56993
0.2135 1 1.37645 1.37995e-07 0.394844 1.56992
0.2145 1 1.37645 1.37995e-07 0.394848 1.56991
0.2155 1 1.37644 1.37994e-07 0.394854 1.56991
0.2165 1 1.37643 1.37994e-07 0.39486 1.56989
0.2175 1.00001 1.37643 1.37993e-07 0.394869 1.56988
0.2185 1.00001 1.37641 1.37992e-07 0.394879 1.56986
0.2195 1.00001 1.3764 1.3799e-07 0.394893 1.56984
0.2205 1.00001 1.37638 1.37988e-07 0.394909 1.5698
0.2215 1.00002 1.37636 1.37986e-07 0.39493 1.56977
0.2225 1.00002 1.37633 1.37983e-07 0.394956 1.56972
0.2235 1.00003 1.3763 1.3798e-07 0.394987 1.56967
0.2245 1.00003 1.37626 1.37976e-07 0.395026 1.5696
0.2255 1.00004 1.37621 1.37971e-07 0.395073 1.56951
0.2265 1.00005 1.37615 1.37965e-07 0.395129 1.56941
0.2275 1.00006 1.37608 1.37958e-07 0.395197 1.56929
0.2285 1.00007 1.37599 1.37949e-07 0.395279 1.56914
0.2295 1.00008 1.37589 1.37939e-07 0.395375 1.56897
0.2305 1.00009 1.37576 1.37926e-07 0.39549 1.56877
0.2315 1.00011 1.37562 1.37912e-07 0.395625 1.56853
0.2325 1.00013 1.37545 1.37895e-07 0.395782 1.56825
0.2335 1.00015 1.37526 1.37875e-07 0.395966 1.56792
0.2345 1.00017 1.37503 1.37853e-07 0.396179 1.56754
0.2355 1.0002 1.37477 1.37826e-07 0.396425 1.56711
0.2365 1.00023 1.37447 1.37796e-07 0.396707 1.56661
0.2375 1.00026 1.37412 1.37762e-07 0.397028 1.56604
0.2385 1.0003 1.37373 1.37723e-07 0.397394 1.5654
0.2395 1.00034 1.37329 1.37678e-07 0.397807 1.56467
0.2405 1.00038 1.37279 1.37628e-07 0.398271 1.56385
0.2415 1.00042 1.37224 1.37573e-07 0.398791 1.56293
0.2425 1.00047 1.37162 1.37511e-07 0.39937 1.56191
0.2435 1.00052 1.37093 1.37442e-07 0.400012 1.56079
0.2445 1.00058 1.37017 1.37365e-07 0.400721 1.55954
0.2455 1.00063 1.36934 1.37282e-07 0.401499 1.55818
0.2465 1.00069 1.36842 1.3719e-07 0.402352 1.55669
0.2475 1.00075 1.36743 1.37091e-07 0.40328 1.55506
0.2485 1.00082 1.36635 1.36982e-07 0.404288 1.55331
0.2495 1.00088 1.36518 1.36865e-07 0.405376 1.55141
0.2505 1.00095 1.36393 1.3674e-07 0.406548 1.54937
0.2515 1.00102 1.36258 1.36605e-07 0.407804 1.54719
0.2525 1.00109 1.36115 1.36461e-07 0.409147 1.54486
0.2535 1.00116 1.35962 1.36307e-07 0.410576 1.54239
0.2545 1.00123 1.35799 1.36145e-07 0.412092 1.53977
0.2555 1.0013 1.35628 1.35973e-07 0.413696 1.53701
0.2565 1.00137 1.35447 1.35792e-07 0.415386 1.5341
0.2575 1.00145 1.35258 1.35602e-07 0.417162 1.53106
0.2585 1.00152 1.35059 1.35403e-07 0.419024 1.52787
0.2595 1.00159 1.34852 1.35195e-07 0.420968 1.52455
0.2605 1.00165 1.34636 1.34979e-07 0.422995 1.52109
0.2615 1.00172 1.34412 1.34754e-07 0.425101 1.51751
0.2625 1.00179 1.3418 1.34521e-07 0.427285 1.5138
0.2635 1.00185 1.3394 1.34281e-07 0.429544 1.50998
0.2645 1.00191 1.33693 1.34033e-07 0.431875 1.50604
0.2655 1.00197 1.33438 1.33778e-07 0.434276 1.502
0.2665 1.00203 1.33177 1.33516e-07 0.436742 1.49786
0.2675 1.00208 1.3291 1.33248e-07 0.439272 1.49362
0.2685 1.00213 1.32637 1.32974e-07 0.441861 1.48929
0.2695 1.00218 1.32358 1.32695e-07 0.444506 1.48489
0.2705 1.00223 1.32074 1.3241e-07 0.447203 1.48041
0.2715 1.00228 1.31786 1.32121e-07 0.449949 1.47586
0.2725 1.00232 1.31493 1.31827e-07 0.45274 1.47125
0.2735 1.00236 1.31196 1.3153e-07 0.455573 1.46658
0.2745 1.00239 1.30896 1.31229e-07 0.458442 1.46187
0.2755 1.00242 1.30593 1.30925e-07 0.461345 1.45712
0.2765 1.00245 1.30287 1.30618e-07 0.464277 1.45233
0.2775 1.00248 1.29979 1.3031e-07 0.467234 1.44752
0.2785 1.0025 1.2967 1.3e-07 0.470212 1.44269
0.2795 1.00252 1.29359 1.29688e-07 0.473207 1.43784
0.2805 1.00254 1.29048 1.29376e-07 0.476215 1.43299
0.2815 1.00255 1.28736 1.29063e-07 0.479231 1.42814
0.2825 1.00256 1.28424 1.28751e-07 0.482252 1.4233
0.2835 1.00257 1.28113 1.28439e-07 0.485273 1.41848
0.2845 1.00257 1.27803 1.28128e-07 0.488289 1.41367
0.2855 1.00257 1.27494 1.27818e-07 0.491296 1.4089
0.2865 1.00257 1.27187 1.27511e-07 0.49429 1.40416
0.2875 1.00256 1.26883 1.27205e-07 0.497267 1.39947
0.2885 1.00255 1.26581 1.26903e-07 0.500221 1.39482
0.2895 1.00253 1.26282 1.26604e-07 0.503147 1.39023
0.2905 1.00251 1.25988 1.26308e-07 0.506043 1.38571
0.2915 1.00249 1.25697 1.26017e-07 0.508901 1.38125
0.2925 1.00246 1.25411 1.2573e-07 0.511719 1.37687
0.2935 1.00243 1.2513 1.25449e-07 0.514491 1.37258
0.2945 1.00239 1.24855 1.25172e-07 0.517213 1.36837
0.2955 1.00235 1.24586 1.24902e-07 0.519879 1.36427
0.2965 1.00231 1.24323 1.24639e-07 0.522485 1.36027
0.2975 1.00226 1.24067 1.24382e-07 0.525026 1.35638
0.2985 1.00221 1.23818 1.24133e-07 0.527499 1.3526
0.2995 1.00215 1.23577 1.23891e-07 0.529898 1.34895
0.3005 1.00209 1.23344 1.23657e-07 0.532219 1.34542
0.3015 1.00203 1.23119 1.23432e-07 0.534459 1.34203
0.3025 1.00197 1.22903 1.23216e-07 0.536614 1.33877
0.3035 1.0019 1.22696 1.23008e-07 0.53868 1.33566
0.3045 1.00182 1.22499 1.2281e-07 0.540654 1.33269
0.3055 1.00175 1.22311 1.22622e-07 0.542534 1.32987
0.3065 1.00167 1.22133 1.22444e-07 0.544317 1.32721
0.3075 1.0016 1.21965 1.22275e-07 0.546003 1.32469
0.3085 1.00152 1.21806 1.22116e-07 0.547589 1.32233
0.3095 1.00144 1.21658 1.21968e-07 0.549075 1.32012
0.3105 1.00136 1.2152 1.21829e-07 0.550462 1.31806
0.3115 1.00128 1.21392 1.217e-07 0.551749 1.31616
0.3125 1.00121 1.21273 1.21581e-07 0.552939 1.3144
0.3135 1.00113 1.21164 1.21472e-07 0.554033 1.31279
0.3145 1.00106 1.21064 1.21372e-07 0.555034 1.31131
0.3155 1.00099 1.20973 1.21281e-07 0.555945 1.30997
0.3165 1.00092 1.20891 1.21199e-07 0.556769 1.30876
0.3175 1.00086 1.20817 1.21125e-07 0.557511 1.30768
0.3185 1.00079 1.20751 1.21059e-07 0.558174 1.30671
0.3195 1.00074 1.20692 1.21e-07 0.558765 1.30584
0.3205 1.00068 1.2064 1.20948e-07 0.559287 1.30508
0.3215 1.00064 1.20594 1.20903e-07 0.559745 1.30441
0.3225 1.00059 1.20554 1.20863e-07 0.560146 1.30383
0.3235 1.00055 1.20519 1.2083e-07 0.560493 1.30333
0.3245 1.00051 1.20489 1.20802e-07 0.560793 1.30289
0.3255 1.00048 1.20463 1.20779e-07 0.56105 1.30252
0.3265 1.00045 1.20441 1.20762e-07 0.561269 1.3022
0.3275 1.00043 1.20422 1.20749e-07 0.561455 1.30193
0.3285 1.00041 1.20406 1.20742e-07 0.561611 1.30171
0.3295 1.00039 1.20393 1.20741e-07 0.561741 1.30152
0.3305 1.00037 1.20381 1.20746e-07 0.561849 1.30136
0.3315 1.00035 1.20372 1.20758e-07 0.561938 1.30123
0.3325 1.00034 1.20364 1.20779e-07 0.562011 1.30113
0.3335 1.00033 1.20357 1.2081e-07 0.562071 1.30104
0.3345 1.00032 1.20351 1.20853e-07 0.562119 1.30097
0.3355 1.00031 1.20345 1.20911e-07 0.562158 1.30092
0.3365 1.0003 1.2034 1.20986e-07 0.562189 1.30087
0.3375 1.00029 1.20336 1.21082e-07 0.562214 1.30084
0.3385 1.00028 1.20331 1.21203e-07 0.562234 1.30081
0.3395 1.00027 1.20327 1.21353e-07 0.562249 1.30079
0.3405 1.00026 1.20322 1.21538e-07 0.562261 1.30077
0.3415 1.00025 1.20316 1.21761e-07 0.562271 1.30075
0.3425 1.00024 1.20311 1.2203e-07 0.562278 1.30074
0.3435 1.00023 1.20304 1.2235e-07 0.562284 1.30073
0.3445 1.00022 1.20297 1.22727e-07 0.562288 1.30073
0.3455 1.0002 1.20289 1.23166e-07 0.562292 1.30072
0.3465 1.00019 1.20281 1.23675e-07 0.562294 1.30072
0.3475 1.00017 1.20271 1.24257e-07 0.562296 1.30072
0.3485 1.00016 1.20261 1.24918e-07 0.562298 1.30071
0.3495 1.00014 1.2025 1.25662e-07 0.562299 1.30071
0.3505 1.00012 1.20239 1.26492e-07 0.5623 1.30071
0.3515 1.0001 1.20227 1.27409e-07 0.562301 1.30071
0.3525 1.00009 1.20214 1.28415e-07 0.562302 1.30071
0.3535 1.00007 1.20201 1.29508e-07 0.562303 1.30071
0.3545 1.00006 1.20187 1.30686e-07 0.562303 1.30071
0.3555 1.00004 1.20174 1.31945e-07 0.562304 1.3007
0.3565 1.00003 1.20161 1.33279e-07 0.562304 1.3007
0.3575 1.00002 1.20148 1.34682e-07 0.562304 1.3007
0.3585 1.00001 1.20135 1.36144e-07 0.562305 1.3007
0.3595 1 1.20124 1.37656e-07 0.562305 1.3007
0.3605 1 1.20113 1.39207e-07 0.562306 1.3007
0.3615 1 1.20103 1.40785e-07 0.562306 1.3007
0.3625 1 1.20095 1.42378e-07 0.562306 1.3007
0.3635 1.00001 1.20087 1.43974e-07 0.562307 1.3007
0.3645 1.00001 1.20081 1.45561e-07 0.562307 1.3007
0.3655 1.00002 1.20077 1.47125e-07 0.562307 1.3007
0.3665 1.00003 1.20074 1.48657e-07 0.562308 1.3007
0.3675 1.00004 1.20072 1.50144e-07 0.562308 1.3007
0.3685 1.00006 1.20072 1.51578e-07 0.562308 1.3007
0.3695 1.00007 1.20074 1.5295e-07 0.562309 1.3007
0.3705 1.00009 1.20076 1.54253e-07 0.562309 1.3007
0.3715 1.0001 1.2008 1.55481e-07 0.562309 1.3007
0.3725 1.00012 1.20085 1.56631e-07 0.56231 1.3007
0.3735 1.00014 1.20091 1.57699e-07 0.56231 1.3007
0.3745 1.00015 1.20098 1.58684e-07 0.562311 1.30069
0.3755 1.00017 1.20106 1.59587e-07 0.562311 1.30069
0.3765 1.00019 1.20114 1.60408e-07 0.562311 1.30069
0.3775 1.0002 1.20123 1.6115e-07 0.562312 1.30069
0.3785 1.00021 1.20132 1.61815e-07 0.562312 1.3007
0.3795 1.00023 1.20141 1.62408e-07 0.562311 1.3007
0.3805 1.00024 1.2015 1.62933e-07 0.562311 1.3007
0.3815 1.00025 1.20159 1.63394e-07 0.56231 1.3007
0.3825 1.00026 1.20168 1.63798e-07 0.562307 1.30071
0.3835 1.00026 1.20177 1.64148e-07 0.562303 1.30071
0.3845 1.00027 1.20186 1.6445e-07 0.562297 1.30072
0.3855 1.00027 1.20195 1.64709e-07 0.562286 1.30074
0.3865 1.00027 1.20204 1.64932e-07 0.562268 1.30077
0.3875 1.00027 1.20214 1.65121e-07 0.562241 1.30081
0.3885 1.00026 1.20225 1.65283e-07 0.5622 1.30088
0.3895 1.00025 1.20238 1.65422e-07 0.562137 1.30098
0.3905 1.00022 1.20252 1.65544e-07 0.562043 1.30113
0.3915 1.00018 1.20271 1.65652e-07 0.561904 1.30135
0.3925 1.00013 1.20296 1.65753e-07 0.561702 1.30167
0.3935 1.00005 1.20328 1.65852e-07 0.561411 1.30213
0.3945 0.999942 1.20371 1.65956e-07 0.560996 1.30277
0.3955 0.999794 1.2043 1.66072e-07 0.560414 1.30368
0.3965 0.999595 1.2051 1.6621e-07 0.559607 1.30494
0.3975 0.999335 1.20618 1.6638e-07 0.558503 1.30666
0.3985 0.999002 1.20762 1.66596e-07 0.557016 1.30897
0.3995 0.998584 1.20952 1.66872e-07 0.555044 1.31202
0.4005 0.998075 1.21199 1.67223e-07 0.552472 1.31601
0.4015 0.997476 1.21516 1.67668e-07 0.549181 1.32111
0.4025 0.996795 1.21913 1.68223e-07 0.545056 1.3275
0.4035 0.996058 1.22402 1.68902e-07 0.540002 1.33533
0.4045 0.995302 1.2299 1.69716e-07 0.533964 1.3447
0.4055 0.994581 1.23677 1.70668e-07 0.526943 1.35562
0.4065 0.993955 1.24459 1.71749e-07 0.519018 1.36797
0.4075 0.993484 1.25323 1.72942e-07 0.510347 1.38154
0.4085 0.993218 1.26246 1.74217e-07 0.501161 1.39597
0.4095 0.993184 1.27202 1.75538e-07 0.491744 1.41083
0.4105 0.993386 1.28161 1.76862e-07 0.482402 1.42564
0.4115 0.993799 1.29093 1.78148e-07 0.473423 1.43993
0.4125 0.994382 1.2997 1.79359e-07 0.465056 1.45332
0.4135 0.995082 1.30773 1.80466e-07 0.457481 1.46548
0.4145 0.995843 1.31486 1.81451e-07 0.450809 1.47623
0.4155 0.996616 1.32104 1.82303e-07 0.445081 1.48548
0.4165 0.99736 1.32626 1.83024e-07 0.440282 1.49324
0.4175 0.998048 1.33056 1.83618e-07 0.436353 1.49961
0.4185 0.998661 1.33403 1.84097e-07 0.43321 1.5047
0.4195 0.999191 1.33677 1.84474e-07 0.430751 1.50869
0.4205 0.999639 1.33887 1.84764e-07 0.428872 1.51173
0.4215 1.00001 1.34045 1.84983e-07 0.427473 1.51399
0.4225 1.0003 1.34161 1.85142e-07 0.426461 1.51562
0.4235 1.00054 1.34242 1.85254e-07 0.425755 1.51676
0.4245 1.00072 1.34297 1.85331e-07 0.425284 1.51751
0.4255 1.00086 1.34333 1.85379e-07 0.42499 1.51798
0.4265 1.00096 1.34353 1.85408e-07 0.424827 1.51823
0.4275 1.00104 1.34364 1.85422e-07 0.424756 1.51834
0.4285 1.0011 1.34366 1.85426e-07 0.42475 1.51835
0.4295 1.00113 1.34364 1.85423e-07 0.424785 1.51828
0.4305 1.00116 1.34359 1.85416e-07 0.424846 1.51818
0.4315 1.00118 1.34352 1.85407e-07 0.424922 1.51806
0.4325 1.0012 1.34345 1.85398e-07 0.425003 1.51792
0.4335 1.00121 1.34337 1.85392e-07 0.425085 1.51779
0.4345 1.00122 1.34329 1.85395e-07 0.425164 1.51766
0.4355 1.00122 1.34322 1.85421e-07 0.425238 1.51754
0.4365 1.00123 1.34315 1.8551e-07 0.425305 1.51743
0.4375 1.00124 1.3431 1.85752e-07 0.425365 1.51734
0.4385 1.00124 1.34304 1.8637e-07 0.425419 1.51725
0.4395 1.00125 1.343 1.87876e-07 0.425466 1.51717
0.4405 1.00126 1.34296 1.9142e-07 0.425507 1.51711
0.4415 1.00127 1.34293 1.99498e-07 0.425542 1.51705
0.4425 1.00128 1.3429 2.17374e-07 0.425573 1.517
0.4435 1.00129 1.34288 2.55819e-07 0.425598 1.51696
0.4445 1.0013 1.34286 3.36219e-07 0.42562 1.51693
0.4455 1.00132 1.34284 4.99832e-07 0.425638 1.5169
0.4465 1.00133 1.34282 8.23997e-07 0.425653 1.51688
0.4475 1.00134 1.34281 1.44966e-06 0.425665 1.51685
0.4485 1.00135 1.34279 2.62661e-06 0.425675 1.51684
0.4495 1.00136 1.34277 4.78551e-06 0.425683 1.51682
0.4505 1.00135 1.34273 8.64893e-06 0.42569 1.51681
0.4515 1.00133 1.34268 1.53968e-05 0.425694 1.5168
0.4525 1.00129 1.34259 2.69051e-05 0.425698 1.5168
0.4535 1.0012 1.34244 4.60777e-05 0.4257 1.51679
0.4545 1.00105 1.3422 7.72921e-05 0.425701 1.51679
0.4555 1.00079 1.34182 0.000126975 0.425702 1.51678
0.4565 1.00037 1.34124 0.000204312 0.425702 1.51678
0.4575 0.999733 1.34034 0.000322089 0.425702 1.51678
0.4585 0.998768 1.33901 0.000497631 0.425701 1.51678
0.4595 0.997349 1.33707 0.000753777 0.4257 1.51677
0.4605 0.995314 1.33429 0.00111981 0.425698 1.51677
0.4615 0.992456 1.33041 0.00163224 0.425696 1.51677
0.4625 0.988527 1.32509 0.0023352 0.425694 1.51677
0.4635 0.983238 1.31793 0.00328048 0.425692 1.51677
0.4645 0.976257 1.30849 0.00452683 0.42569 1.51677
0.4655 0.967224 1.29628 0.00613855 0.425687 1.51677
0.4665 0.955758 1.2808 0.00818327 0.425685 1.51676
0.4675 0.941476 1.26153 0.0107288 0.425682 1.51676
0.4685 0.924016 1.23797 0.0138394 0.42568 1.51676
0.4695 0.903058 1.20972 0.0175714 0.425678 1.51676
0.4705 0.878351 1.17642 0.0219686 0.425675 1.51676
0.4715 0.84974 1.13789 0.0270579 0.425673 1.51676
0.4725 0.817184 1.09406 0.0328454 0.42567 1.51676
0.4735 0.780776 1.04507 0.0393134 0.425668 1.51675
0.4745 0.740748 0.991236 0.0464193 0.425666 1.51675
0.4755 0.697478 0.93308 0.0540951 0.425663 1.51675
0.4765 0.651474 0.871288 0.0622493 0.425661 1.51675
0.4775 0.60336 0.806702 0.0707704 0.425659 1.51675
0.4785 0.553849 0.740282 0.0795317 0.425657 1.51674
0.4795 0.503708 0.673061 0.0883967 0.425655 1.51674
0.4805 0.453727 0.606095 0.097226 0.425653 1.51674
0.4815 0.404676 0.540417 0.105884 0.425651 1.51674
0.4825 0.357276 0.476985 0.114244 0.425648 1.51674
0.4835 0.312162 0.416648 0.122194 0.425646 1.51674
0.4845 0.269866 0.36011 0.129642 0.425644 1.51674
0.4855 0.230798 0.307912 0.136518 0.425642 1.51674
0.4865 0.195239 0.260424 0.142772 0.425639 1.51674
0.4875 0.163341 0.217842 0.148379 0.425636 1.51674
0.4885 0.135136 0.180203 0.153334 0.425633 1.51674
0.4895 0.110549 0.147402 0.157652 0.42563 1.51674
0.4905 0.0894162 0.119216 0.161362 0.425626 1.51674
0.4915 0.0715034 0.0953295 0.164507 0.425622 1.51674
0.4925 0.0565284 0.0753636 0.167134 0.425617 1.51674
0.4935 0.0441796 0.0589007 0.169301 0.425612 1.51675
0.4945 0.0341333 0.0455085 0.171064 0.425606 1.51675
0.4955 0.0260695 0.0347591 0.172478 0.425598 1.51675
0.4965 0.0196824 0.0262448 0.173599 0.42559 1.51675
0.4975 0.0146897 0.0195891 0.174475 0.425581 1.51676
0.4985 0.0108378 0.0144538 0.175151 0.425571 1.51676
0.4995 0.00790439 0.0105427 0.175666 0.425559 1.51677
0.5005 0.00569902 0.00760204 0.176053 0.425545 1.51678
0.5015 0.00406206 0.00541905 0.176341 0.42553 1.51679
0.5025 0.00286234 0.00381895 0.176552 0.425512 1.5168
0.5035 0.00199408 0.00266078 0.176705 0.425491 1.51681
0.5045 0.00137351 0.0018329 0.176815 0.425468 1.51682
0.5055 0.000935447 0.00124843 0.176893 0.425442 1.51684
0.5065 0.000630007 0.000840851 0.176947 0.425412 1.51686
0.5075 0.000419632 0.000560098 0.176985 0.425378 1.51688
0.5085 0.000276486 0.000369046 0.177012 0.42534 1.5169
0.5095 0.000180257 0.000240598 0.177031 0.425296 1.51693
0.5105 0.000116338 0.000155272 0.177044 0.425247 1.51696
0.5115 7.43859e-05 9.92648e-05 0.177053 0.425192 1.517
0.5125 4.71752e-05 6.29359e-05 0.177061 0.42513 1.51704
0.5135 2.9733e-05 3.96477e-05 0.177067 0.42506 1.51708
0.5145 1.86826e-05 2.48931e-05 0.177072 0.424982 1.51714
0.5155 1.17628e-05 1.56535e-05 0.177077 0.424896 1.51719
0.5165 7.47937e-06 9.9341e-06 0.177082 0.4248 1.51725
0.5175 4.85826e-06 6.43432e-06 0.177087 0.424694 1.51732
0.5185 3.27259e-06 4.31715e-06 0.177092 0.424576 1.5174
0.5195 2.32417e-06 3.05088e-06 0.177098 0.424447 1.51749
0.5205 1.76327e-06 2.30208e-06 0.177105 0.424305 1.51758
0.5215 1.43527e-06 1.86424e-06 0.177111 0.42415 1.51768
0.5225 1.24559e-06 1.61109e-06 0.177119 0.423981 1.5178
0.5235 1.13712e-06 1.46636e-06 0.177127 0.423796 1.51792
0.5245 1.07576e-06 1.38455e-06 0.177137 0.423596 1.51805
0.5255 1.04144e-06 1.33882e-06 0.177146 0.42338 1.5182
0.5265 1.02245e-06 1.31356e-06 0.177157 0.423146 1.51835
0.5275 1.01205e-06 1.29978e-06 0.177168 0.422895 1.51852
0.5285 1.00642e-06 1.29236e-06 0.177181 0.422626 1.5187
0.5295 1.0034e-06 1.28844e-06 0.177194 0.422339 1.51889
0.5305 1.0018e-06 1.28641e-06 0.177208 0.422032 1.51909
0.5315 1.00096e-06 1.2854e-06 0.177223 0.421707 1.51931
0.5325 1.00052e-06 1.28494e-06 0.177239 0.421362 1.51954
0.5335 1.00029e-06 1.28476e-06 0.177255 0.420997 1.51979
0.5345 1.00017e-06 1.28474e-06 0.177273 0.420613 1.52004
0.5355 1.00011e-06 1.2848e-06 0.177292 0.42021 1.52031
0.5365 1.00008e-06 1.2849e-06 0.177311 0.419787 1.52059
0.5375 1.00006e-06 1.28503e-06 0.177331 0.419346 1.52089
0.5385 1.00005e-06 1.28517e-06 0.177353 0.418886 1.5212
0.5395 1.00004e-06 1.28533e-06 0.177375 0.418408 1.52152
0.5405 1.00003e-06 1.28549e-06 0.177398 0.417913 1.52185
0.5415 1.00003e-06 1.28566e-06 0.177421 0.417401 1.52219
0.5425 1.00003e-06 1.28584e-06 0.177446 0.416873 1.52255
0.5435 1.00002e-06 1.28602e-06 0.177471 0.416331 1.52291
0.5445 1.00002e-06 1.28621e-06 0.177497 0.415774 1.52328
0.5455 1.00001e-06 1.2864e-06 0.177523 0.415204 1.52366
0.5465 1.00001e-06 1.28659e-06 0.17755 0.414623 1.52405
0.5475 1.00001e-06 1.28679e-06 0.177577 0.41403 1.52445
0.5485 1.00001e-06 1.287e-06 0.177605 0.413428 1.52486
0.5495 1e-06 1.2872e-06 0.177633 0.412817 1.52527
0.5505 1e-06 1.28741e-06 0.177662 0.412199 1.52568
0.5515 1e-06 1.28762e-06 0.177691 0.411575 1.5261
0.5525 1e-06 1.28783e-06 0.17772 0.410946 1.52652
0.5535 1e-06 1.28804e-06 0.177749 0.410313 1.52695
0.5545 9.99999e-07 1.28825e-06 0.177779 0.409677 1.52738
0.5555 9.99999e-07 1.28847e-06 0.177808 0.40904 1.5278
0.5565 1e-06 1.28868e-06 0.177838 0.408402 1.52823
0.5575 1e-06 1.2889e-06 0.177868 0.407765 1.52866
0.5585 1e-06 1.28911e-06 0.177897 0.407129 1.52909
0.5595 1e-06 1.28932e-06 0.177926 0.406495 1.52951
0.5605 1e-06 1.28954e-06 0.177956 0.405866 1.52994
0.5615 1e-06 1.28975e-06 0.177985 0.40524 1.53036
0.5625 1.00001e-06 1.28995e-06 0.178013 0.404619 1.53077
0.5635 1.00001e-06 1.29016e-06 0.178042 0.404004 1.53119
0.5645 1.00001e-06 1.29037e-06 0.17807 0.403395 1.5316
0.5655 1.00001e-06 1.29057e-06 0.178098 0.402794 1.532
0.5665 1.00001e-06 1.29077e-06 0.178126 0.402199 1.5324
0.5675 1.00002e-06 1.29096e-06 0.178153 0.401613 1.53279
0.5685 1.00002e-06 1.29116e-06 0.178179 0.401036 1.53318
0.5695 1.00002e-06 1.29135e-06 0.178206 0.400467 1.53356
0.5705 1.00002e-06 1.29153e-06 0.178232 0.399907 1.53394
0.5715 1.00003e-06 1.29172e-06 0.178257 0.399357 1.53431
0.5725 1.00003e-06 1.2919e-06 0.178282 0.398817 1.53467
0.5735 1.00003e-06 1.29208e-06 0.178306 0.398287 1.53502
0.5745 1.00004e-06 1.29225e-06 0.17833 0.397767 1.53537
0.5755 1.00004e-06 1.29242e-06 0.178353 0.397257 1.53571
0.5765 1.00004e-06 1.29258e-06 0.178376 0.396757 1.53604
0.5775 1.00005e-06 1.29275e-06 0.178399 0.396268 1.53637
0.5785 1.00005e-06 1.2929e-06 0.17842 0.395789 1.53669
0.5795 1.00005e-06 1.29306e-06 0.178442 0.395321 1.537
0.5805 1.00006e-06 1.29321e-06 0.178463 0.394864 1.5373
0.5815 1.00006e-06 1.29335e-06 0.178483 0.394416 1.5376
0.5825 1.00006e-06 1.2935e-06 0.178502 0.393979 1.53789
0.5835 1.00006e-06 1.29364e-06 0.178522 0.393553 1.53817
0.5845 1.00007e-06 1.29377e-06 0.17854 0.393136 1.53844
0.5855 1.00007e-06 1.2939e-06 0.178559 0.39273 1.53871
0.5865 1.00007e-06 1.29403e-06 0.178576 0.392333 1.53897
0.5875 1.00008e-06 1.29416e-06 0.178593 0.391946 1.53922
0.5885 1.00008e-06 1.29428e-06 0.17861 0.391569 1.53946
0.5895 1.00008e-06 1.29439e-06 0.178626 0.391201 1.5397
0.5905 1.00009e-06 1.29451e-06 0.178642 0.390843 1.53993
0.5915 1.00009e-06 1.29462e-06 0.178657 0.390493 1.54015
0.5925 1.00009e-06 1.29473e-06 0.178672 0.390152 1.54037
0.5935 1.0001e-06 1.29483e-06 0.178686 0.38982 1.54058
0.5945 1.0001e-06 1.29493e-06 0.1787 0.389496 1.54078
0.5955 1.0001e-06 1.29503e-06 0.178713 0.389181 1.54098
0.5965 1.0001e-06 1.29512e-06 0.178726 0.388873 1.54117
0.5975 1.00011e-06 1.29521e-06 0.178739 0.388574 1.54135
0.5985 1.00011e-06 1.2953e-06 0.178751 0.388281 1.54153
0.5995 1.00011e-06 1.29538e-06 0.178762 0.387996 1.5417
0.6005 1.00011e-06 1.29546e-06 0.178773 0.387719 1.54186
0.6015 1.00012e-06 1.29554e-06 0.178784 0.387447 1.54202
0.6025 1.00012e-06 1.29561e-06 0.178794 0.387183 1.54217
0.6035 1.00012e-06 1.29569e-06 0.178804 0.386925 1.54232
0.6045 1.00013e-06 1.29577e-06 0.178814 0.386673 1.54246
0.6055 1.0002e-06 1.29592e-06 0.178823 0.386426 1.54259
0.6065 1.00063e-06 1.29658e-06 0.178831 0.386186 1.54272
0.6075 1.003e-06 1.29994e-06 0.178839 0.38595 1.54284
0.6085 1.01434e-06 1.31578e-06 0.178847 0.38572 1.54296
0.6095 1.06266e-06 1.38289e-06 0.178854 0.385494 1.54307
0.6105 1.24725e-06 1.63845e-06 0.178861 0.385273 1.54317
0.6115 1.88607e-06 2.52052e-06 0.178868 0.385057 1.54327
0.6125 3.90554e-06 5.30225e-06 0.178873 0.384844 1.54337
0.6135 9.77784e-06 1.33727e-05 0.178878 0.384635 1.54346
0.6145 2.55779e-05 3.50407e-05 0.178881 0.38443 1.54354
0.6155 6.51153e-05 8.91521e-05 0.178879 0.384228 1.54362
0.6165 0.000157539 0.000215404 0.178867 0.384029 1.54369
0.6175 0.000360155 0.000491688 0.178834 0.383833 1.54376
0.6185 0.00077817 0.00106074 0.178763 0.383639 1.54382
0.6195 0.00159225 0.00216725 0.178621 0.383447 1.54388
0.6205 0.003093 0.00420417 0.178357 0.383258 1.54393
0.6215 0.00571841 0.00776292 0.177892 0.38307 1.54398
0.6225 0.0100868 0.0136773 0.177117 0.382883 1.54402
0.6235 0.0170142 0.0230465 0.175889 0.382697 1.54406
0.6245 0.0275043 0.0372213 0.17403 0.382512 1.54409
0.6255 0.0426988 0.0577376 0.171339 0.382327 1.54412
0.6265 0.0637843 0.0861922 0.167607 0.38214 1.54414
0.6275 0.0918585 0.124064 0.16264 0.381952 1.54415
0.6285 0.12777 0.172502 0.156287 0.38176 1.54416
0.6295 0.171959 0.232108 0.148468 0.381564 1.54416
0.6305 0.224322 0.302764 0.139198 0.381361 1.54414
0.6315 0.28414 0.383526 0.128599 0.381149 1.5441
0.6325 0.350084 0.472627 0.116901 0.380926 1.54403
0.6335 0.420297 0.567592 0.104425 0.380689 1.54393
0.6345 0.492567 0.66545 0.0915603 0.380433 1.54379
0.6355 0.564531 0.763019 0.0787224 0.380156 1.54359
0.6365 0.633908 0.857205 0.0663162 0.379852 1.54333
0.6375 0.698707 0.945288 0.0546987 0.379515 1.54298
0.6385 0.75738 1.02513 0.04415 0.379138 1.54254
0.6395 0.808916 1.09533 0.0348576 0.378714 1.542
0.6405 0.852852 1.15518 0.0269113 0.378234 1.54134
0.6415 0.88923 1.20471 0.0203116 0.377688 1.54054
0.6425 0.918496 1.24446 0.0149852 0.377065 1.53958
0.6435 0.941386 1.27539 0.0108058 0.376352 1.53845
0.6445 0.958799 1.2987 0.00761598 0.375533 1.53713
0.6455 0.971691 1.31566 0.00524672 0.374595 1.53558
0.6465 0.980983 1.3275 0.00353336 0.37352 1.53379
0.6475 0.987507 1.33535 0.00232646 0.372292 1.53173
0.6485 0.991971 1.34015 0.00149797 0.370895 1.52937
0.6495 0.994949 1.34268 0.000943452 0.369313 1.5267
0.6505 0.996887 1.34355 0.000581421 0.367536 1.5237
0.6515 0.998118 1.34322 0.00035074 0.365557 1.52035
0.6525 0.998881 1.34201 0.000207208 0.363377 1.51667
0.6535 0.999344 1.34018 0.000119952 0.361006 1.51268
0.6545 0.999618 1.3379 6.80938e-05 0.358461 1.5084
0.6555 0.999777 1.3353 3.79435e-05 0.35577 1.50388
0.6565 0.999867 1.33249 2.07837e-05 0.35297 1.4992
0.6575 0.999917 1.32956 1.12166e-05 0.350107 1.49442
0.6585 0.999944 1.32658 5.98762e-06 0.347231 1.48963
0.6595 0.999959 1.32364 3.18399e-06 0.344394 1.48492
0.6605 0.999966 1.32078 1.70825e-06 0.341647 1.48037
0.6615 0.999969 1.31806 9.45163e-07 0.339037 1.47606
0.6625 0.999971 1.31553 5.57265e-07 0.336604 1.47205
0.6635 0.999972 1.31322 3.63302e-07 0.334376 1.46839
0.6645 0.999972 1.31114 2.67826e-07 0.332373 1.4651
0.6655 0.999972 1.30931 2.21524e-07 0.330605 1.4622
0.6665 0.999972 1.30772 1.99374e-07 0.32907 1.4597
0.6675 0.999972 1.30637 1.88904e-07 0.32776 1.45756
0.6685 0.999971 1.30524 1.83999e-07 0.326661 1.45576
0.6695 0.999971 1.30431 1.81711e-07 0.325752 1.45428
0.6705 0.999971 1.30355 1.80639e-07 0.325012 1.45308
0.6715 0.999971 1.30295 1.80129e-07 0.324418 1.45211
0.6725 0.999971 1.30247 1.79878e-07 0.323949 1.45135
0.6735 0.999971 1.3021 1.79747e-07 0.323582 1.45075
0.6745 0.999971 1.30182 1.79675e-07 0.3233 1.4503
0.6755 0.999971 1.30161 1.79632e-07 0.323086 1.44995
0.6765 0.999971 1.30146 1.79605e-07 0.322925 1.44969
0.6775 0.999971 1.30135 1.79587e-07 0.322806 1.4495
0.6785 0.999971 1.30127 1.79575e-07 0.322719 1.44935
0.6795 0.999971 1.30121 1.79567e-07 0.322656 1.44925
0.6805 0.999971 1.30117 1.79562e-07 0.32261 1.44918
0.6815 0.999971 1.30115 1.79559e-07 0.322578 1.44913
0.6825 0.999971 1.30113 1.79557e-07 0.322556 1.44909
0.6835 0.999971 1.30113 1.79556e-07 0.32254 1.44907
0.6845 0.999971 1.30112 1.79555e-07 0.322529 1.44905
0.6855 0.999971 1.30112 1.79555e-07 0.322522 1.44904
0.6865 0.999971 1.30112 1.79555e-07 0.322517 1.44903
0.6875 0.999971 1.30113 1.79556e-07 0.322514 1.44903
0.6885 0.999971 1.30113 1.79556e-07 0.322511 1.44902
0.6895 0.999971 1.30114 1.79557e-07 0.32251 1.44902
0.6905 0.999971 1.30114 1.79558e-07 0.322509 1.44902
0.6915 0.999971 1.30115 1.79558e-07 0.322508 1.44902
0.6925 0.999971 1.30115 1.79559e-07 0.322507 1.44902
0.6935 0.999971 1.30116 1.7956e-07 0.322507 1.44902
0.6945 0.999971 1.30116 1.7956e-07 0.322507 1.44902
0.6955 0.999971 1.30117 1.79561e-07 0.322507 1.44902
0.6965 0.999971 1.30117 1.79562e-07 0.322506 1.44902
0.6975 0.999971 1.30118 1.79563e-07 0.322506 1.44902
0.6985 0.999971 1.30118 1.79563e-07 0.322506 1.44902
0.6995 0.999971 1.30119 1.79564e-07 0.322506 1.44902
0.7005 0.999972 1.30119 1.79565e-07 0.322506 1.44902
0.7015 0.999972 1.3012 1.79565e-07 0.322506 1.44902
0.7025 0.999972 1.3012 1.79566e-07 0.322506 1.44902
0.7035 0.999972 1.3012 1.79566e-07 0.322506 1.44902
0.7045 0.999972 1.30121 1.79567e-07 0.322505 1.44902
0.7055 0.999972 1.30121 1.79568e-07 0.322505 1.44902
0.7065 0.999972 1.30122 1.79568e-07 0.322505 1.44902
0.7075 0.999972 1.30122 1.79569e-07 0.322505 1.44902
0.7085 0.999972 1.30123 1.79569e-07 0.322505 1.44903
0.7095 0.999972 1.30123 1.7957e-07 0.322505 1.44903
0.7105 0.999972 1.30123 1.7957e-07 0.322505 1.44903
0.7115 0.999972 1.30124 1.79571e-07 0.322505 1.44903
0.7125 0.999972 1.30124 1.79571e-07 0.322505 1.44903
0.7135 0.999972 1.30124 1.79572e-07 0.322504 1.44903
0.7145 0.999972 1.30125 1.79572e-07 0.322504 1.44903
0.7155 0.999972 1.30125 1.79572e-07 0.322503 1.44903
0.7165 0.999972 1.30125 1.79573e-07 0.322502 1.44902
0.7175 0.999972 1.30125 1.79573e-07 0.3225 1.44902
0.7185 0.999972 1.30125 1.79573e-07 0.322498 1.44902
0.7195 0.999972 1.30125 1.79573e-07 0.322493 1.44901
0.7205 0.999972 1.30125 1.79572e-07 0.322486 1.449
0.7215 0.999972 1.30124 1.79571e-07 0.322475 1.44898
0.7225 0.999972 1.30122 1.79569e-07 0.322458 1.44895
0.7235 0.999972 1.3012 1.79566e-07 0.322433 1.44891
0.7245 0.999972 1.30116 1.7956e-07 0.322395 1.44885
0.7255 0.999972 1.30111 1.79553e-07 0.322338 1.44876
0.7265 0.999972 1.30102 1.79541e-07 0.322255 1.44863
0.7275 0.999972 1.3009 1.79524e-07 0.322133 1.44843
0.7285 0.999972 1.30072 1.79499e-07 0.321955 1.44814
0.7295 0.999972 1.30045 1.79462e-07 0.321698 1.44772
0.7305 0.999972 1.30007 1.79409e-07 0.321327 1.44712
0.7315 0.999972 1.29952 1.79334e-07 0.320797 1.44626
0.7325 0.999972 1.29873 1.79226e-07 0.320043 1.44504
0.7335 0.999973 1.29763 1.79073e-07 0.318976 1.44331
0.7345 0.999973 1.29607 1.78857e-07 0.317473 1.44088
0.7355 0.999974 1.29389 1.78557e-07 0.315371 1.43748
0.7365 0.999975 1.29087 1.7814e-07 0.312452 1.43278
0.7375 0.999977 1.28671 1.77566e-07 0.308427 1.42631
0.7385 0.999981 1.28105 1.76785e-07 0.302931 1.41752
0.7395 0.999987 1.27345 1.75736e-07 0.295513 1.40573
0.7405 0.999998 1.2634 1.7435e-07 0.285645 1.39018
0.7415 1.00001 1.25039 1.72554e-07 0.272764 1.37009
0.7425 1.00004 1.23397 1.70288e-07 0.256348 1.34485
0.7435 1.00007 1.21395 1.67525e-07 0.236061 1.31421
0.7445 1.00011 1.19052 1.64291e-07 0.211941 1.27857
0.7455 1.00015 1.16442 1.6069e-07 0.184594 1.23919
0.7465 1.00018 1.13699 1.56905e-07 0.155279 1.19816
0.7475 1.00018 1.10995 1.53173e-07 0.125787 1.15811
0.7485 1.00016 1.085 1.4973e-07 0.0980635 1.12154
0.7495 1.00012 1.06344 1.46755e-07 0.0737121 1.09026
0.7505 1.00008 1.04591 1.44336e-07 0.0536391 1.06504
0.7515 1.00005 1.03238 1.42469e-07 0.0379864 1.04572
0.7525 1.00003 1.02238 1.41088e-07 0.0263249 1.03151
0.7535 1.00001 1.01522 1.40101e-07 0.0179412 1.0214
0.7545 1.00001 1.01023 1.39412e-07 0.0120737 1.01436
0.7555 1 1.00681 1.3894e-07 0.00804729 1.00955
0.7565 1 1.0045 1.38622e-07 0.00532392 1.00631
0.7575 1 1.00296 1.38409e-07 0.00350131 1.00415
0.7585 0.999999 1.00194 1.38267e-07 0.00229124 1.00271
0.7595 0.999999 1.00126 1.38174e-07 0.00149284 1.00177
0.7605 0.999999 1.00082 1.38113e-07 0.000968758 1.00115
0.7615 0.999999 1.00053 1.38073e-07 0.000626261 1.00074
0.7625 0.999999 1.00034 1.38047e-07 0.000403334 1.00048
0.7635 0.999999 1.00022 1.3803e-07 0.000258788 1.00031
0.7645 0.999999 1.00014 1.38019e-07 0.000165413 1.0002
0.7655 0.999999 1.00009 1.38012e-07 0.00010532 1.00012
0.7665 0.999999 1.00006 1.38008e-07 6.67929e-05 1.00008
0.7675 0.999999 1.00003 1.38005e-07 4.21872e-05 1.00005
0.7685 0.999999 1.00002 1.38003e-07 2.65352e-05 1.00003
0.7695 0.999999 1.00001 1.38002e-07 1.66193e-05 1.00002
0.7705 0.999999 1.00001 1.38001e-07 1.03636e-05 1.00001
0.7715 0.999999 1 1.38001e-07 6.43396e-06 1.00001
0.7725 0.999999 1 1.38e-07 3.97636e-06 1
0.7735 0.999999 1 1.38e-07 2.44625e-06 1
0.7745 0.999999 1 1.38e-07 1.49795e-06 1
0.7755 0.999999 1 1.38e-07 9.12971e-07 1
0.7765 0.999999 0.999999 1.38e-07 5.5381e-07 1
0.7775 0.999999 0.999999 1.38e-07 3.34346e-07 1
0.7785 0.999999 0.999999 1.38e-07 2.0089e-07 1
0.7795 0.999999 0.999999 1.38e-07 1.20128e-07 1
0.7805 0.999999 0.999999 1.38e-07 7.14914e-08 1
0.7815 0.999999 0.999999 1.38e-07 4.23448e-08 1
0.7825 0.999999 0.999999 1.38e-07 2.49629e-08 1
0.7835 0.999999 0.999999 1.38e-07 1.46474e-08 1
0.7845 0.999999 0.999999 1.38e-07 8.55503e-09 1
0.7855 0.999999 0.999999 1.38e-07 4.97407e-09 1
0.7865 0.999999 0.999999 1.38e-07 2.8792e-09 1
0.7875 0.999999 0.999999 1.38e-07 1.65938e-09 1
0.7885 0.999999 0.999999 1.38e-07 9.52339e-10 1
0.7895 0.999999 0.999999 1.38e-07 5.44338e-10 1
0.7905 0.999999 0.999999 1.38e-07 3.09918e-10 1
0.7915 0.999999 0.999999 1.38e-07 1.75794e-10 1
0.7925 0.999999 0.999999 1.38e-07 9.93631e-11 1
0.7935 0.999999 0.999999 1.38e-07 5.5976e-11 1
0.7945 0.999999 0.999999 1.38e-07 3.14366e-11 1
0.7955 0.999999 0.999999 1.38e-07 1.76048e-11 1
0.7965 0.999999 0.999999 1.38e-07 9.83339e-12 1
0.7975 0.999999 0.999999 1.38e-07 5.47991e-12 1
0.7985 0.999999 0.999999 1.38e-07 3.04747e-12 1
0.7995 0.999999 0.999999 1.38e-07 1.69175e-12 1
0.8005 0.999999 0.999999 1.38e-07 9.37745e-13 1
0.8015 0.999999 0.999999 1.38e-07 5.19137e-13 1
0.8025 0.999999 0.999999 1.38e-07 2.87069e-13 1
0.8035 0.999999 0.999999 1.38e-07 1.58534e-13 1
0.8045 0.999999 0.999999 1.38e-07 8.74808e-14 1
0.8055 0.999999 0.999999 1.38e-07 4.82156e-14 1
0.8065 0.999999 0.999999 1.38e-07 2.6581e-14 1
0.8075 0.999999 0.999999 1.38e-07 1.46185e-14 1
0.8085 0.999999 0.999999 1.38e-07 8.04851e-15 1
0.8095 0.999999 0.999999 1.38e-07 4.35501e-15 1
0.8105 0.999999 0.999999 1.38e-07 2.32025e-15 1
0.8115 0.999999 0.999999 1.38e-07 1.32302e-15 1
0.8125 0.999999 0.999999 1.38e-07 7.21723e-16 1
0.8135 0.999999 0.999999 1.38e-07 3.10622e-16 1
0.8145 0.999999 0.999999 1.38e-07 4.50584e-17 1
0.8155 0.999999 0.999999 1.38e-07 0 1
0.8165 0.999999 0.999999 1.38e-07 0 1
0.8175 0.999999 0.999999 1.38e-07 0 1
0.8185 0.999999 0.999999 1.38e-07 0 1
0.8195 0.999999 0.999999 1.38e-07 0 1
0.8205 0.999999 0.999999 1.38e-07 0 1
0.8215 0.999999 0.999999 1.38e-07 0 1
0.8225 0.999999 0.999999 1.38e-07 0 1
0.8235 0.999999 0.999999 1.38e-07 0 1
0.8245 0.999999 0.999999 1.38e-07 0 1
0.8255 0.999999 0.999999 1.38e-07 0 1
0.8265 0.999999 0.999999 1.38e-07 0 1
0.8275 0.999999 0.999999 1.38e-07 0 1
0.8285 0.999999 0.999999 1.38e-07 0 1
0.8295 0.999999 0.999999 1.38e-07 0 1
0.8305 0.999999 0.999999 1.38e-07 0 1
0.8315 0.999999 0.999999 1.38e-07 0 1
0.8325 0.999999 0.999999 1.38e-07 0 1
0.8335 0.999999 0.999999 1.38e-07 0 1
0.8345 0.999999 0.999999 1.38e-07 0 1
0.8355 0.999999 0.999999 1.38e-07 0 1
0.8365 0.999999 0.999999 1.38e-07 0 1
0.8375 0.999999 0.999999 1.38e-07 0 1
0.8385 0.999999 0.999999 1.38e-07 0 1
0.8395 0.999999 0.999999 1.38e-07 0 1
0.8405 0.999999 0.999999 1.38e-07 0 1
0.8415 0.999999 0.999999 1.38e-07 0 1
0.8425 0.999999 0.999999 1.38e-07 0 1
0.8435 0.999999 0.999999 1.38e-07 0 1
0.8445 0.999999 0.999999 1.38e-07 0 1
0.8455 0.999999 0.999999 1.38e-07 0 1
0.8465 0.999999 0.999999 1.38e-07 0 1
0.8475 0.999999 0.999999 1.38e-07 0 1
0.8485 0.999999 0.999999 1.38e-07 0 1
0.8495 0.999999 0.999999 1.38e-07 0 1
0.8505 0.999999 0.999999 1.38e-07 0 1
0.8515 0.999999 0.999999 1.38e-07 0 1
0.8525 0.999999 0.999999 1.38e-07 0 1
0.8535 0.999999 0.999999 1.38e-07 0 1
0.8545 0.999999 0.999999 1.38e-07 0 1
0.8555 0.999999 0.999999 1.38e-07 0 1
0.8565 0.999999 0.999999 1.38e-07 0 1
0.8575 0.999999 0.999999 1.38e-07 0 1
0.8585 0.999999 0.999999 1.38e-07 0 1
0.8595 0.999999 0.999999 1.38e-07 0 1
0.8605 0.999999 0.999999 1.38e-07 0 1
0.8615 0.999999 0.999999 1.38e-07 0 1
0.8625 0.999999 0.999999 1.38e-07 0 1
0.8635 0.999999 0.999999 1.38e-07 0 1
0.8645 0.999999 0.999999 1.38e-07 0 1
0.8655 0.999999 0.999999 1.38e-07 0 1
0.8665 0.999999 0.999999 1.38e-07 0 1
0.8675 0.999999 0.999999 1.38e-07 0 1
0.8685 0.999999 0.999999 1.38e-07 0 1
0.8695 0.999999 0.999999 1.38e-07 0 1
0.8705 0.999999 0.999999 1.38e-07 0 1
0.8715 0.999999 0.999999 1.38e-07 0 1
0.8725 0.999999 0.999999 1.38e-07 0 1
0.8735 0.999999 0.999999 1.38e-07 0 1
0.8745 0.999999 0.999999 1.38e-07 0 1
0.8755 0.999999 0.999999 1.38e-07 0 1
0.8765 0.999999 0.999999 1.38e-07 0 1
0.8775 0.999999 0.999999 1.38e-07 0 1
0.8785 0.999999 0.999999 1.38e-07 0 1
0.8795 0.999999 0.999999 1.38e-07 0 1
0.8805 0.999999 0.999999 1.38e-07 0 1
0.8815 0.999999 0.999999 1.38e-07 0 1
0.8825 0.999999 0.999999 1.38e-07 0 1
0.8835 0.999999 0.999999 1.38e-07 0 1
0.8845 0.999999 0.999999 1.38e-07 0 1
0.8855 0.999999 0.999999 1.38e-07 0 1
0.8865 0.999999 0.999999 1.38e-07 0 1
0.8875 0.999999 0.999999 1.38e-07 0 1
0.8885 0.999999 0.999999 1.38e-07 0 1
0.8895 0.999999 0.999999 1.38e-07 0 1
0.8905 0.999999 0.999999 1.38e-07 0 1
0.8915 0.999999 0.999999 1.38e-07 0 1
0.8925 0.999999 0.999999 1.38e-07 0 1
0.8935 0.999999 0.999999 1.38e-07 0 1
0.8945 0.999999 0.999999 1.38e-07 0 1
0.8955 0.999999 0.999999 1.38e-07 0 1
0.8965 0.999999 0.999999 1.38e-07 0 1
0.8975 0.999999 0.999999 1.38e-07 0 1
0.8985 0.999999 0.999999 1.38e-07 0 1
0.8995 0.999999 0.999999 1.38e-07 0 1
0.9005 0.999999 0.999999 1.38e-07 0 1
0.9015 0.999999 0.999999 1.38e-07 0 1
0.9025 0.999999 0.999999 1.38e-07 0 1
0.9035 0.999999 0.999999 1.38e-07 0 1
0.9045 0.999999 0.999999 1.38e-07 0 1
0.9055 0.999999 0.999999 1.38e-07 0 1
0.9065 0.999999 0.999999 1.38e-07 0 1
0.9075 0.999999 0.999999 1.38e-07 0 1
0.9085 0.999999 0.999999 1.38e-07 0 1
0.9095 0.999999 0.999999 1.38e-07 0 1
0.9105 0.999999 0.999999 1.38e-07 0 1
0.9115 0.999999 0.999999 1.38e-07 0 1
0.9125 0.999999 0.999999 1.38e-07 0 1
0.9135 0.999999 0.999999 1.38e-07 0 1
0.9145 0.999999 0.999999 1.38e-07 0 1
0.9155 0.999999 0.999999 1.38e-07 0 1
0.9165 0.999999 0.999999 1.38e-07 0 1
0.9175 0.999999 0.999999 1.38e-07 0 1
0.9185 0.999999 0.999999 1.38e-07 0 1
0.9195 0.999999 0.999999 1.38e-07 0 1
0.9205 0.999999 0.999999 1.38e-07 0 1
0.9215 0.999999 0.999999 1.38e-07 0 1
0.9225 0.999999 0.999999 1.38e-07 0 1
0.9235 0.999999 0.999999 1.38e-07 0 1
0.9245 0.999999 0.999999 1.38e-07 0 1
0.9255 0.999999 0.999999 1.38e-07 0 1
0.9265 0.999999 0.999999 1.38e-07 0 1
0.9275 0.999999 0.999999 1.38e-07 0 1
0.9285 0.999999 0.999999 1.38e-07 0 1
0.9295 0.999999 0.999999 1.38e-07 0 1
0.9305 0.999999 0.999999 1.38e-07 0 1
0.9315 0.999999 0.999999 1.38e-07 0 1
0.9325 0.999999 0.999999 1.38e-07 0 1
0.9335 0.999999 0.999999 1.38e-07 0 1
0.9345 0.999999 0.999999 1.38e-07 0 1
0.9355 0.999999 0.999999 1.38e-07 0 1
0.9365 0.999999 0.999999 1.38e-07 0 1
0.9375 0.999999 0.999999 1.38e-07 0 1
0.9385 0.999999 0.999999 1.38e-07 0 1
0.9395 0.999999 0.999999 1.38e-07 0 1
0.9405 0.999999 0.999999 1.38e-07 0 1
0.9415 0.999999 0.999999 1.38e-07 0 1
0.9425 0.999999 0.999999 1.38e-07 0 1
0.9435 0.999999 0.999999 1.38e-07 0 1
0.9445 0.999999 0.999999 1.38e-07 0 1
0.9455 0.999999 0.999999 1.38e-07 0 1
0.9465 0.999999 0.999999 1.38e-07 0 1
0.9475 0.999999 0.999999 1.38e-07 0 1
0.9485 0.999999 0.999999 1.38e-07 0 1
0.9495 0.999999 0.999999 1.38e-07 0 1
0.9505 0.999999 0.999999 1.38e-07 0 1
0.9515 0.999999 0.999999 1.38e-07 0 1
0.9525 0.999999 0.999999 1.38e-07 0 1
0.9535 0.999999 0.999999 1.38e-07 0 1
0.9545 0.999999 0.999999 1.38e-07 0 1
0.9555 0.999999 0.999999 1.38e-07 0 1
0.9565 0.999999 0.999999 1.38e-07 0 1
0.9575 0.999999 0.999999 1.38e-07 0 1
0.9585 0.999999 0.999999 1.38e-07 0 1
0.9595 0.999999 0.999999 1.38e-07 0 1
0.9605 0.999999 0.999999 1.38e-07 0 1
0.9615 0.999999 0.999999 1.38e-07 0 1
0.9625 0.999999 0.999999 1.38e-07 0 1
0.9635 0.999999 0.999999 1.38e-07 0 1
0.9645 0.999999 0.999999 1.38e-07 0 1
0.9655 0.999999 0.999999 1.38e-07 0 1
0.9665 0.999999 0.999999 1.38e-07 0 1
0.9675 0.999999 0.999999 1.38e-07 0 1
0.9685 0.999999 0.999999 1.38e-07 0 1
0.9695 0.999999 0.999999 1.38e-07 0 1
0.9705 0.999999 0.999999 1.38e-07 0 1
0.9715 0.999999 0.999999 1.38e-07 0 1
0.9725 0.999999 0.999999 1.38e-07 0 1
0.9735 0.999999 0.999999 1.38e-07 0 1
0.9745 0.999999 0.999999 1.38e-07 0 1
0.9755 0.999999 0.999999 1.38e-07 0 1
0.9765 0.999999 0.999999 1.38e-07 0 1
0.9775 0.999999 0.999999 1.38e-07 0 1
0.9785 0.999999 0.999999 1.38e-07 0 1
0.9795 0.999999 0.999999 1.38e-07 0 1
0.9805 0.999999 0.999999 1.38e-07 0 1
0.9815 0.999999 0.999999 1.38e-07 0 1
0.9825 0.999999 0.999999 1.38e-07 0 1
0.9835 0.999999 0.999999 1.38e-07 0 1
0.9845 0.999999 0.999999 1.38e-07 0 1
0.9855 0.999999 0.999999 1.38e-07 0 1
0.9865 0.999999 0.999999 1.38e-07 0 1
0.9875 0.999999 0.999999 1.38e-07 0 1
0.9885 0.999999 0.999999 1.38e-07 0 1
0.9895 0.999999 0.999999 1.38e-07 0 1
0.9905 0.999999 0.999999 1.38e-07 0 1
0.9915 0.999999 0.999999 1.38e-07 0 1
0.9925 0.999999 0.999999 1.38e-07 0 1
0.9935 0.999999 0.999999 1.38e-07 0 1
0.9945 0.999999 0.999999 1.38e-07 0 1
0.9955 0.999999 0.999999 1.38e-07 0 1
0.9965 0.999999 0.999999 1.38e-07 0 1
0.9975 0.999999 0.999999 1.38e-07 0 1
0.9985 0.999999 0.999999 1.38e-07 0 1
0.9995 0.999999 0.999999 1.38e-07 0 1
