x alpha rho1 rho2 v p
0.0025 1.00036 1.37615 1.37965e-07 0.395118 1.56922
0.0075 1.00028 1.37607 1.37957e-07 0.395169 1.56914
0.0125 1.0002 1.37599 1.37949e-07 0.395228 1.56906
0.0175 1.00014 1.37591 1.37941e-07 0.395287 1.56897
0.0225 1.0001 1.37584 1.37934e-07 0.395344 1.56889
0.0275 1.00007 1.37578 1.37928e-07 0.395396 1.56882
0.0325 1.00005 1.37574 1.37923e-07 0.395442 1.56875
0.0375 1.00003 1.3757 1.3792e-07 0.395481 1.5687
0.0425 1.00002 1.37567 1.37917e-07 0.395512 1.56866
0.0475 1.00001 1.37565 1.37915e-07 0.395533 1.56864
0.0525 1.00001 1.37564 1.37914e-07 0.395546 1.56863
0.0575 0.999998 1.37564 1.37914e-07 0.39555 1.56864
0.0625 0.999992 1.37565 1.37915e-07 0.395546 1.56865
0.0675 0.999987 1.37567 1.37917e-07 0.395535 1.56868
0.0725 0.999982 1.37569 1.37919e-07 0.395517 1.56872
0.0775 0.999979 1.37572 1.37922e-07 0.395494 1.56877
0.0825 0.999976 1.37575 1.37925e-07 0.395468 1.56882
0.0875 0.999975 1.37579 1.37929e-07 0.395439 1.56888
0.0925 0.999974 1.37582 1.37932e-07 0.395409 1.56893
0.0975 0.999974 1.37586 1.37936e-07 0.395378 1.56899
0.1025 0.999975 1.37589 1.37939e-07 0.395349 1.56904
0.1075 0.999976 1.37592 1.37942e-07 0.39532 1.5691
0.1125 0.999978 1.37595 1.37945e-07 0.395293 1.56914
0.1175 0.99998 1.37598 1.37948e-07 0.395269 1.56919
0.1225 0.999983 1.376 1.37951e-07 0.395249 1.56922
0.1275 0.999987 1.37602 1.37952e-07 0.395233 1.56925
0.1325 0.999992 1.37604 1.37954e-07 0.395223 1.56927
0.1375 0.999999 1.37604 1.37954e-07 0.395221 1.56927
0.1425 1.00001 1.37603 1.37953e-07 0.395231 1.56925
0.1475 1.00002 1.376 1.3795e-07 0.395257 1.5692
0.1525 1.00004 1.37595 1.37945e-07 0.395307 1.5691
0.1575 1.00007 1.37587 1.37937e-07 0.395391 1.56895
0.1625 1.00011 1.37573 1.37923e-07 0.395521 1.5687
0.1675 1.00017 1.37553 1.37903e-07 0.395716 1.56835
0.1725 1.00024 1.37523 1.37873e-07 0.395999 1.56783
0.1775 1.00034 1.37482 1.37832e-07 0.396397 1.5671
0.1825 1.00046 1.37425 1.37774e-07 0.396944 1.56611
0.1875 1.00062 1.37347 1.37697e-07 0.397679 1.56478
0.1925 1.00082 1.37246 1.37595e-07 0.398648 1.56303
0.1975 1.00105 1.37114 1.37463e-07 0.399898 1.56079
0.2025 1.00133 1.36947 1.37296e-07 0.40148 1.55796
0.2075 1.00164 1.3674 1.37088e-07 0.403444 1.55447
0.2125 1.002 1.36487 1.36835e-07 0.405838 1.55023
0.2175 1.00239 1.36185 1.36531e-07 0.408704 1.54518
0.2225 1.00281 1.35828 1.36174e-07 0.412077 1.53927
0.2275 1.00326 1.35416 1.3576e-07 0.415983 1.53246
0.2325 1.00371 1.34946 1.35289e-07 0.420434 1.52475
0.2375 1.00417 1.34419 1.34761e-07 0.425432 1.51615
0.2425 1.00463 1.33837 1.34177e-07 0.430964 1.5067
0.2475 1.00506 1.33202 1.3354e-07 0.437003 1.49646
0.2525 1.00546 1.32519 1.32856e-07 0.443511 1.48552
0.2575 1.00583 1.31794 1.32129e-07 0.450436 1.47396
0.2625 1.00615 1.31034 1.31368e-07 0.457716 1.46192
0.2675 1.00641 1.30248 1.30579e-07 0.465278 1.44952
0.2725 1.00661 1.29442 1.29772e-07 0.473041 1.4369
0.2775 1.00673 1.28628 1.28956e-07 0.480917 1.42422
0.2825 1.00678 1.27814 1.28141e-07 0.488814 1.41163
0.2875 1.00674 1.27011 1.2734e-07 0.496633 1.39927
0.2925 1.00662 1.26227 1.26565e-07 0.504278 1.38731
0.2975 1.00642 1.25473 1.25835e-07 0.511651 1.37587
0.3025 1.00613 1.24757 1.25174e-07 0.518663 1.3651
0.3075 1.00576 1.24085 1.24614e-07 0.525228 1.3551
0.3125 1.00532 1.23464 1.242e-07 0.531275 1.34597
0.3175 1.00482 1.22898 1.23986e-07 0.536744 1.33778
0.3225 1.00426 1.22389 1.24039e-07 0.541595 1.33058
0.3275 1.00368 1.21938 1.24429e-07 0.545802 1.32438
0.3325 1.00307 1.21545 1.25225e-07 0.549359 1.31918
0.3375 1.00245 1.21209 1.26482e-07 0.552267 1.31497
0.3425 1.00184 1.20932 1.28235e-07 0.554532 1.31173
0.3475 1.00124 1.20715 1.30487e-07 0.556151 1.30946
0.3525 1.00061 1.20563 1.33209e-07 0.55709 1.30823
0.3575 0.999932 1.20487 1.36343e-07 0.55727 1.30814
0.3625 0.999151 1.20502 1.39808e-07 0.556546 1.30945
0.3675 0.998205 1.20633 1.43515e-07 0.554694 1.31249
0.3725 0.997044 1.2091 1.47379e-07 0.551415 1.31774
0.3775 0.995656 1.21367 1.51331e-07 0.54637 1.32572
0.3825 0.994106 1.22036 1.55319e-07 0.53926 1.33689
0.3875 0.992548 1.22934 1.59299e-07 0.529936 1.3515
0.3925 0.991219 1.24057 1.63223e-07 0.518525 1.36938
0.3975 0.990373 1.25363 1.67022e-07 0.505502 1.38982
0.4025 0.990195 1.2678 1.71327e-07 0.491652 1.41163
0.4075 0.990736 1.28214 1.90521e-07 0.477923 1.43334
0.4125 0.991896 1.2957 3.69111e-07 0.465214 1.45352
0.4175 0.99346 1.30771 1.65755e-06 0.454195 1.47108
0.4225 0.995154 1.31765 8.64505e-06 0.445217 1.48541
0.4275 0.996659 1.32527 3.855e-05 0.438319 1.49642
0.4325 0.997517 1.33029 0.00014328 0.433309 1.50441
0.4375 0.996914 1.33203 0.000451266 0.429863 1.50989
0.4425 0.993326 1.32887 0.00122676 0.427607 1.51345
0.4475 0.984206 1.31772 0.00292463 0.426184 1.51568
0.4525 0.965928 1.29398 0.00619802 0.425281 1.51708
0.4575 0.934247 1.25212 0.0118148 0.424645 1.51804
0.4625 0.88534 1.18709 0.0204717 0.424078 1.51887
0.4675 0.81715 1.09614 0.0325526 0.423432 1.51977
0.4725 0.730513 0.980367 0.0479253 0.422606 1.52085
0.4775 0.629539 0.845226 0.0658713 0.421547 1.52214
0.4825 0.520986 0.699747 0.0851926 0.420249 1.5236
0.4875 0.412842 0.554652 0.104464 0.418746 1.52513
0.4925 0.312611 0.420057 0.122339 0.4171 1.52661
0.4975 0.225889 0.303538 0.137813 0.415376 1.52797
0.5025 0.155638 0.20912 0.150352 0.41363 1.52917
0.5075 0.102215 0.137311 0.159893 0.411898 1.53018
0.5125 0.0639845 0.0859249 0.166726 0.4102 1.53102
0.5175 0.0381834 0.0512518 0.171344 0.408539 1.53174
0.5225 0.0217296 0.0291477 0.174299 0.406918 1.53235
0.5275 0.0117975 0.0158116 0.176092 0.405333 1.53289
0.5325 0.00611349 0.00818516 0.177129 0.403783 1.53338
0.5375 0.00302543 0.00404561 0.177705 0.402267 1.53383
0.5425 0.00143071 0.00191036 0.178014 0.400785 1.53425
0.5475 0.000647038 0.000862513 0.178178 0.399338 1.53464
0.5525 0.000280187 0.000372786 0.178267 0.397924 1.535
0.5575 0.000116448 0.000154599 0.178318 0.396545 1.53533
0.5625 4.6704e-05 6.185e-05 0.178351 0.3952 1.53564
0.5675 1.83306e-05 2.42012e-05 0.178374 0.393886 1.53591
0.5725 7.29762e-06 9.5963e-06 0.178393 0.392603 1.53616
0.5775 3.19405e-06 4.17806e-06 0.178408 0.391348 1.53638
0.5825 1.7332e-06 2.25441e-06 0.178421 0.390118 1.53656
0.5875 1.23513e-06 1.60042e-06 0.178431 0.38891 1.53671
0.5925 1.0724e-06 1.3874e-06 0.178439 0.387721 1.53683
0.5975 1.02143e-06 1.32089e-06 0.178444 0.386545 1.53691
0.6025 0.000233717 0.000333597 0.178402 0.385379 1.53696
0.6075 0.00233957 0.00328877 0.178007 0.384219 1.53696
0.6125 0.0116905 0.0162185 0.176286 0.383059 1.5369
0.6175 0.0388585 0.0533239 0.171376 0.381886 1.53676
0.6225 0.0969521 0.131891 0.161023 0.380669 1.53647
0.6275 0.194428 0.26278 0.143822 0.379353 1.53596
0.6325 0.328012 0.441387 0.120371 0.377871 1.53509
0.6375 0.481659 0.646486 0.0934085 0.37614 1.53366
0.6425 0.632911 0.848467 0.0667511 0.374067 1.53144
0.6475 0.762221 1.02133 0.0437634 0.371561 1.52824
0.6525 0.859328 1.15104 0.0262845 0.368556 1.52393
0.6575 0.923969 1.2367 0.014464 0.365027 1.51848
0.6625 0.962404 1.28628 0.00730195 0.361007 1.51203
0.6675 0.982954 1.31083 0.00338902 0.356591 1.50479
0.6725 0.992891 1.32031 0.00144994 0.351933 1.49709
0.6775 0.997261 1.32182 0.000573536 0.347224 1.48929
0.6825 0.999016 1.31972 0.000210407 0.342663 1.48175
0.6875 0.999662 1.31632 7.18267e-05 0.338426 1.47476
0.6925 0.999881 1.31274 2.29197e-05 0.33463 1.46853
0.6975 0.999948 1.30942 6.90784e-06 0.331311 1.46309
0.7025 0.999967 1.30647 2.03504e-06 0.328409 1.45835
0.7075 0.999971 1.30376 6.55672e-07 0.325768 1.45405
0.7125 0.999972 1.30105 2.9269e-07 0.323125 1.44976
0.7175 0.999973 1.29794 2.0393e-07 0.320101 1.44485
0.7225 0.999975 1.29391 1.83539e-07 0.316187 1.43853
0.7275 0.999978 1.28829 1.78688e-07 0.310722 1.42973
0.7325 0.999987 1.28024 1.7682e-07 0.302878 1.41718
0.7375 1 1.26882 1.75118e-07 0.29168 1.39941
0.7425 1.00003 1.25306 1.72925e-07 0.27609 1.37499
0.7475 1.00008 1.23222 1.70047e-07 0.255209 1.34284
0.7525 1.00014 1.20612 1.66445e-07 0.228623 1.30286
0.7575 1.00021 1.17556 1.62228e-07 0.196833 1.25641
0.7625 1.00026 1.14246 1.5766e-07 0.161582 1.20664
0.7675 1.00026 1.10962 1.53127e-07 0.125734 1.15783
0.7725 1.00022 1.07989 1.49025e-07 0.092539 1.11422
0.7775 1.00015 1.05531 1.45633e-07 0.064557 1.07859
0.7825 1.00009 1.03659 1.4305e-07 0.0429351 1.05174
0.7875 1.00005 1.02329 1.41215e-07 0.0274279 1.03282
0.7925 1.00002 1.01437 1.39983e-07 0.0169542 1.0202
0.7975 1.00001 1.00863 1.39192e-07 0.0102024 1.01212
0.8025 1 1.00508 1.38701e-07 0.00600354 1.00712
0.8075 1 1.00293 1.38404e-07 0.00346508 1.00411
0.8125 0.999999 1.00166 1.38229e-07 0.00196556 1.00233
0.8175 0.999999 1.00093 1.38128e-07 0.00109718 1.0013
0.8225 0.999999 1.00051 1.3807e-07 0.000603181 1.00071
0.8275 0.999999 1.00028 1.38038e-07 0.000326761 1.00039
0.8325 0.999999 1.00015 1.3802e-07 0.000174499 1.00021
0.8375 0.999999 1.00008 1.38011e-07 9.18882e-05 1.00011
0.8425 0.999999 1.00004 1.38006e-07 4.77235e-05 1.00006
0.8475 0.999999 1.00002 1.38003e-07 2.44509e-05 1.00003
0.8525 0.999999 1.00001 1.38001e-07 1.236e-05 1.00001
0.8575 0.999999 1 1.38001e-07 6.16539e-06 1.00001
0.8625 0.999999 1 1.38e-07 3.03509e-06 1
0.8675 0.999999 1 1.38e-07 1.47464e-06 1
0.8725 0.999999 1 1.38e-07 7.0718e-07 1
0.8775 0.999999 0.999999 1.38e-07 3.34748e-07 1
0.8825 0.999999 0.999999 1.38e-07 1.56407e-07 1
0.8875 0.999999 0.999999 1.38e-07 7.21338e-08 1
0.8925 0.999999 0.999999 1.38e-07 3.28364e-08 1
0.8975 0.999999 0.999999 1.38e-07 1.47533e-08 1
0.9025 0.999999 0.999999 1.38e-07 6.54214e-09 1
0.9075 0.999999 0.999999 1.38e-07 2.863e-09 1
0.9125 0.999999 0.999999 1.38e-07 1.23643e-09 1
0.9175 0.999999 0.999999 1.38e-07 5.26911e-10 1
0.9225 0.999999 0.999999 1.38e-07 2.21564e-10 1
0.9275 0.999999 0.999999 1.38e-07 9.19244e-11 1
0.9325 0.999999 0.999999 1.38e-07 3.76278e-11 1
0.9375 0.999999 0.999999 1.38e-07 1.51953e-11 1
0.9425 0.999999 0.999999 1.38e-07 6.05369e-12 1
0.9475 0.999999 0.999999 1.38e-07 2.37906e-12 1
0.9525 0.999999 0.999999 1.38e-07 9.2218e-13 1
0.9575 0.999999 0.999999 1.38e-07 3.52546e-13 1
0.9625 0.999999 0.999999 1.38e-07 1.32854e-13 1
0.9675 0.999999 0.999999 1.38e-07 4.93347e-14 1
0.9725 0.999999 0.999999 1.38e-07 1.79905e-14 1
0.9775 0.999999 0.999999 1.38e-07 6.39199e-15 1
0.9825 0.999999 0.999999 1.38e-07 2.2366e-15 1
0.9875 0.999999 0.999999 1.38e-07 7.12746e-16 1
0.9925 0.999999 0.999999 1.38e-07 1.48273e-16 1
0.9975 0.999999 0.999999 1.38e-07 0 1
