x alpha rho1 rho2 v p
0.0025 1.00046 1.37607 1.37957e-07 0.395197 1.56902
0.0075 1.00036 1.37599 1.37949e-07 0.395246 1.56895
0.0125 1.00027 1.3759 1.3794e-07 0.3953 1.56887
0.0175 1.00019 1.37582 1.37932e-07 0.395352 1.5688
0.0225 1.00013 1.37576 1.37926e-07 0.395399 1.56874
0.0275 1.00008 1.37571 1.37921e-07 0.39544 1.56869
0.0325 1.00005 1.37567 1.37917e-07 0.395473 1.56865
0.0375 1.00003 1.37565 1.37915e-07 0.395498 1.56862
0.0425 1.00001 1.37564 1.37914e-07 0.395515 1.56861
0.0475 1 1.37563 1.37913e-07 0.395523 1.56862
0.0525 0.999996 1.37564 1.37914e-07 0.395523 1.56863
0.0575 0.999989 1.37566 1.37915e-07 0.395516 1.56866
0.0625 0.999985 1.37568 1.37918e-07 0.395502 1.5687
0.0675 0.999981 1.3757 1.3792e-07 0.395484 1.56874
0.0725 0.999978 1.37573 1.37923e-07 0.395461 1.56879
0.0775 0.999976 1.37577 1.37927e-07 0.395435 1.56885
0.0825 0.999975 1.3758 1.3793e-07 0.395408 1.5689
0.0875 0.999975 1.37584 1.37934e-07 0.395379 1.56896
0.0925 0.999975 1.37587 1.37937e-07 0.395351 1.56902
0.0975 0.999976 1.37591 1.37941e-07 0.395324 1.56907
0.1025 0.999978 1.37594 1.37944e-07 0.395298 1.56912
0.1075 0.99998 1.37597 1.37947e-07 0.395275 1.56916
0.1125 0.999983 1.37599 1.37949e-07 0.395256 1.5692
0.1175 0.999987 1.37601 1.37951e-07 0.395241 1.56923
0.1225 0.999993 1.37602 1.37952e-07 0.395232 1.56924
0.1275 1 1.37602 1.37952e-07 0.395232 1.56924
0.1325 1.00001 1.37601 1.37951e-07 0.395244 1.56922
0.1375 1.00003 1.37598 1.37948e-07 0.395274 1.56916
0.1425 1.00005 1.37593 1.37943e-07 0.395328 1.56906
0.1475 1.00008 1.37584 1.37934e-07 0.395416 1.5689
0.1525 1.00012 1.3757 1.3792e-07 0.395552 1.56865
0.1575 1.00017 1.37549 1.37899e-07 0.395753 1.56828
0.1625 1.00024 1.37519 1.37869e-07 0.39604 1.56776
0.1675 1.00034 1.37477 1.37827e-07 0.39644 1.56703
0.1725 1.00046 1.3742 1.3777e-07 0.396985 1.56604
0.1775 1.00061 1.37344 1.37693e-07 0.397712 1.56473
0.1825 1.0008 1.37244 1.37593e-07 0.398661 1.56302
0.1875 1.00102 1.37116 1.37464e-07 0.399878 1.56084
0.1925 1.00128 1.36954 1.37303e-07 0.401409 1.5581
0.1975 1.00158 1.36755 1.37103e-07 0.403299 1.55474
0.2025 1.00191 1.36512 1.3686e-07 0.405594 1.55068
0.2075 1.00228 1.36223 1.3657e-07 0.408331 1.54585
0.2125 1.00268 1.35884 1.36229e-07 0.411544 1.54022
0.2175 1.00309 1.35491 1.35836e-07 0.415256 1.53375
0.2225 1.00352 1.35045 1.35388e-07 0.419482 1.52643
0.2275 1.00395 1.34545 1.34887e-07 0.424222 1.51827
0.2325 1.00438 1.33992 1.34333e-07 0.429469 1.50929
0.2375 1.00479 1.33389 1.33728e-07 0.4352 1.49956
0.2425 1.00518 1.32739 1.33077e-07 0.441383 1.48914
0.2475 1.00554 1.32049 1.32385e-07 0.447973 1.47811
0.2525 1.00585 1.31323 1.31657e-07 0.454918 1.46659
0.2575 1.00612 1.30569 1.30901e-07 0.462153 1.45469
0.2625 1.00633 1.29795 1.30125e-07 0.469609 1.44252
0.2675 1.00648 1.29008 1.29336e-07 0.477208 1.43024
0.2725 1.00655 1.28217 1.28544e-07 0.484867 1.41797
0.2775 1.00656 1.27432 1.27756e-07 0.4925 1.40585
0.2825 1.00649 1.26661 1.26984e-07 0.500018 1.39402
0.2875 1.00635 1.25913 1.26236e-07 0.507333 1.38261
0.2925 1.00613 1.25196 1.25523e-07 0.514359 1.37175
0.2975 1.00585 1.24518 1.24857e-07 0.521015 1.36155
0.3025 1.00549 1.23886 1.24255e-07 0.527226 1.35212
0.3075 1.00508 1.23305 1.23737e-07 0.532929 1.34353
0.3125 1.00462 1.22779 1.23334e-07 0.538074 1.33583
0.3175 1.00411 1.22311 1.23083e-07 0.542624 1.32909
0.3225 1.00357 1.219 1.23036e-07 0.546556 1.3233
0.3275 1.00301 1.21547 1.23251e-07 0.549856 1.31849
0.3325 1.00243 1.21252 1.23794e-07 0.552518 1.31464
0.3375 1.00181 1.21014 1.24729e-07 0.554527 1.31179
0.3425 1.00116 1.20836 1.26114e-07 0.555851 1.30997
0.3475 1.00043 1.20725 1.27989e-07 0.556423 1.3093
0.3525 0.999606 1.20695 1.30376e-07 0.556121 1.30996
0.3575 0.998634 1.20764 1.3327e-07 0.554761 1.31225
0.3625 0.99748 1.2096 1.36644e-07 0.552091 1.31655
0.3675 0.996133 1.21314 1.40452e-07 0.547817 1.32333
0.3725 0.994636 1.21858 1.44629e-07 0.541657 1.33301
0.3775 0.993106 1.22615 1.49097e-07 0.53343 1.3459
0.3825 0.991731 1.23589 1.53752e-07 0.523163 1.36197
0.3875 0.990732 1.24758 1.58471e-07 0.511172 1.38075
0.3925 0.990299 1.26068 1.63099e-07 0.498067 1.40134
0.3975 0.990525 1.2744 1.67474e-07 0.484667 1.42248
0.4025 0.991374 1.28788 1.71711e-07 0.471826 1.44282
0.4075 0.992697 1.30031 1.8154e-07 0.460265 1.46121
0.4125 0.994285 1.31112 2.59634e-07 0.450454 1.47685
0.4175 0.995924 1.31999 8.46293e-07 0.442582 1.48944
0.4225 0.997433 1.3269 4.20172e-06 0.436588 1.49902
0.4275 0.998649 1.33194 1.93252e-05 0.432246 1.50596
0.4325 0.999356 1.33518 7.50277e-05 0.42924 1.51077
0.4375 0.99911 1.33639 0.000247258 0.427233 1.51398
0.4425 0.996981 1.33463 0.0007035 0.425909 1.51611
0.4475 0.991239 1.32783 0.00175567 0.424995 1.5176
0.4525 0.97916 1.3125 0.00389566 0.424267 1.51881
0.4575 0.957144 1.2839 0.00777596 0.423548 1.52001
0.4625 0.921299 1.2368 0.014106 0.42271 1.52138
0.4675 0.868471 1.16688 0.0234694 0.421666 1.52303
0.4725 0.79739 1.0723 0.0361132 0.420375 1.52495
0.4775 0.709525 0.95487 0.0517894 0.418846 1.52707
0.4825 0.609222 0.82037 0.0697231 0.417126 1.52927
0.4875 0.503018 0.677609 0.0887347 0.41529 1.5314
0.4925 0.398333 0.536665 0.107481 0.413416 1.53333
0.4975 0.301958 0.406798 0.124733 0.411573 1.53499
0.5025 0.218854 0.29478 0.1396 0.409803 1.53635
0.5075 0.151555 0.20407 0.151629 0.408125 1.53744
0.5125 0.100246 0.134928 0.160796 0.40654 1.53829
0.5175 0.0633356 0.0852046 0.167388 0.405039 1.53896
0.5225 0.0382287 0.0513969 0.171874 0.403608 1.53949
0.5275 0.0220511 0.0296245 0.174768 0.402236 1.53992
0.5325 0.0121603 0.0163219 0.176541 0.400914 1.54028
0.5375 0.006414 0.00859983 0.177577 0.399635 1.54058
0.5425 0.00323752 0.00433541 0.178155 0.398396 1.54084
0.5475 0.00156476 0.00209241 0.178464 0.397195 1.54107
0.5525 0.000724707 0.000967522 0.178625 0.396029 1.54127
0.5575 0.000321977 0.000429082 0.178707 0.394897 1.54144
0.5625 0.000137498 0.000182867 0.178749 0.393799 1.54159
0.5675 5.66853e-05 7.52162e-05 0.178771 0.392734 1.54172
0.5725 2.28038e-05 3.01757e-05 0.178784 0.3917 1.54182
0.5775 9.19807e-06 1.2129e-05 0.178792 0.390695 1.54191
0.5825 3.96133e-06 5.19925e-06 0.178797 0.389718 1.54197
0.5875 2.02816e-06 2.64746e-06 0.1788 0.388768 1.54202
0.5925 1.34329e-06 1.74575e-06 0.178801 0.387842 1.54204
0.5975 1.1103e-06 1.43981e-06 0.178801 0.386938 1.54205
0.6025 0.000105852 0.000151473 0.17878 0.386053 1.54205
0.6075 0.00114274 0.00161288 0.178582 0.385184 1.54202
0.6125 0.00618617 0.00862313 0.177647 0.38433 1.54197
0.6175 0.0222688 0.0307161 0.17472 0.383485 1.54188
0.6225 0.0600926 0.0821772 0.167933 0.382638 1.54172
0.6275 0.130056 0.176667 0.155513 0.38177 1.54147
0.6325 0.23603 0.319088 0.136828 0.380851 1.54108
0.6375 0.37114 0.500232 0.113072 0.379848 1.54046
0.6425 0.519037 0.698515 0.087034 0.378711 1.53951
0.6475 0.660124 0.88802 0.0620652 0.377379 1.53809
0.6525 0.778772 1.04783 0.0408806 0.375774 1.53603
0.6575 0.867533 1.16759 0.0248376 0.373819 1.53322
0.6625 0.927038 1.24762 0.0139172 0.37144 1.52953
0.6675 0.963005 1.29512 0.00719653 0.368587 1.52492
0.6725 0.982706 1.31966 0.00343847 0.365244 1.5194
0.6775 0.99253 1.32989 0.00152063 0.361439 1.51306
0.6825 0.997008 1.33209 0.00062376 0.357254 1.50606
0.6875 0.998881 1.33026 0.000237921 0.352817 1.49865
0.6925 0.999602 1.32664 8.46421e-05 0.348292 1.49112
0.6975 0.999857 1.32241 2.82075e-05 0.343853 1.48376
0.7025 0.999941 1.31817 8.88471e-06 0.339654 1.47682
0.7075 0.999965 1.31422 2.71399e-06 0.335802 1.47048
0.7125 0.999971 1.31063 8.71834e-07 0.332331 1.46479
0.7175 0.999972 1.30739 3.57008e-07 0.329189 1.45965
0.7225 0.999972 1.30433 2.22174e-07 0.326221 1.45481
0.7275 0.999972 1.30117 1.88938e-07 0.323166 1.44985
0.7325 0.999973 1.29753 1.80988e-07 0.319636 1.44412
0.7375 0.999975 1.29287 1.78779e-07 0.315107 1.43681
0.7425 0.99998 1.28648 1.77596e-07 0.308898 1.42682
0.7475 0.99999 1.27753 1.76309e-07 0.300169 1.41288
0.7525 1.00001 1.26509 1.74584e-07 0.287951 1.39356
0.7575 1.00004 1.24826 1.7226e-07 0.271255 1.36751
0.7625 1.00009 1.22641 1.69245e-07 0.249289 1.33387
0.7675 1.00015 1.19957 1.6554e-07 0.221816 1.29281
0.7725 1.00022 1.1687 1.61281e-07 0.189559 1.24602
0.7775 1.00026 1.13588 1.56752e-07 0.154441 1.19679
0.7825 1.00025 1.10388 1.52336e-07 0.119359 1.14936
0.7875 1.0002 1.07535 1.48398e-07 0.0873888 1.1076
0.7925 1.00014 1.05204 1.45181e-07 0.060785 1.07387
0.7975 1.00008 1.03442 1.4275e-07 0.0404106 1.04864
0.8025 1.00004 1.02196 1.41031e-07 0.0258672 1.03093
0.8075 1.00002 1.0136 1.39877e-07 0.0160543 1.01912
0.8125 1.00001 1.00822 1.39135e-07 0.00971577 1.01154
0.8175 1 1.00487 1.38672e-07 0.00575696 1.00683
0.8225 1 1.00283 1.38391e-07 0.00334927 1.00397
0.8275 0.999999 1.00162 1.38224e-07 0.00191661 1.00227
0.8325 0.999999 1.00091 1.38126e-07 0.00108003 1.00128
0.8375 0.999999 1.00051 1.3807e-07 0.000599761 1.00071
0.8425 0.999999 1.00028 1.38038e-07 0.000328369 1.00039
0.8475 0.999999 1.00015 1.38021e-07 0.000177308 1.00021
0.8525 0.999999 1.00008 1.38011e-07 9.44467e-05 1.00011
0.8575 0.999999 1.00004 1.38006e-07 4.96386e-05 1.00006
0.8625 0.999999 1.00002 1.38003e-07 2.57455e-05 1.00003
0.8675 0.999999 1.00001 1.38002e-07 1.31794e-05 1.00002
0.8725 0.999999 1 1.38001e-07 6.65977e-06 1.00001
0.8775 0.999999 1 1.38e-07 3.32232e-06 1
0.8825 0.999999 1 1.38e-07 1.63638e-06 1
0.8875 0.999999 1 1.38e-07 7.95825e-07 1
0.8925 0.999999 0.999999 1.38e-07 3.8218e-07 1
0.8975 0.999999 0.999999 1.38e-07 1.81238e-07 1
0.9025 0.999999 0.999999 1.38e-07 8.48727e-08 1
0.9075 0.999999 0.999999 1.38e-07 3.92487e-08 1
0.9125 0.999999 0.999999 1.38e-07 1.79232e-08 1
0.9175 0.999999 0.999999 1.38e-07 8.08212e-09 1
0.9225 0.999999 0.999999 1.38e-07 3.59865e-09 1
0.9275 0.999999 0.999999 1.38e-07 1.58213e-09 1
0.9325 0.999999 0.999999 1.38e-07 6.86766e-10 1
0.9375 0.999999 0.999999 1.38e-07 2.94321e-10 1
0.9425 0.999999 0.999999 1.38e-07 1.24525e-10 1
0.9475 0.999999 0.999999 1.38e-07 5.20108e-11 1
0.9525 0.999999 0.999999 1.38e-07 2.14445e-11 1
0.9575 0.999999 0.999999 1.38e-07 8.72766e-12 1
0.9625 0.999999 0.999999 1.38e-07 3.50613e-12 1
0.9675 0.999999 0.999999 1.38e-07 1.39017e-12 1
0.9725 0.999999 0.999999 1.38e-07 5.43881e-13 1
0.9775 0.999999 0.999999 1.38e-07 2.09931e-13 1
0.9825 0.999999 0.999999 1.38e-07 7.99641e-14 1
0.9875 0.999999 0.999999 1.38e-07 3.00224e-14 1
0.9925 0.999999 0.999999 1.38e-07 1.11174e-14 1
0.9975 0.999999 0.999999 1.38e-07 4.02801e-15 1
