x alpha rho1 rho2 v p
0.0025 1.00054 1.37599 1.37949e-07 0.395269 1.56884
0.0075 1.00045 1.37591 1.37941e-07 0.395311 1.56878
0.0125 1.00034 1.37583 1.37933e-07 0.395356 1.56872
0.0175 1.00025 1.37576 1.37926e-07 0.395397 1.56867
0.0225 1.00017 1.37571 1.37921e-07 0.395431 1.56863
0.0275 1.00011 1.37567 1.37916e-07 0.395458 1.5686
0.0325 1.00006 1.37564 1.37914e-07 0.395478 1.56859
0.0375 1.00003 1.37563 1.37913e-07 0.395489 1.56859
0.0425 1.00001 1.37563 1.37913e-07 0.395493 1.5686
0.0475 0.999999 1.37564 1.37914e-07 0.395489 1.56862
0.0525 0.99999 1.37565 1.37915e-07 0.39548 1.56866
0.0575 0.999984 1.37568 1.37918e-07 0.395465 1.5687
0.0625 0.99998 1.37571 1.37921e-07 0.395445 1.56875
0.0675 0.999978 1.37574 1.37924e-07 0.395423 1.56881
0.0725 0.999976 1.37578 1.37928e-07 0.395398 1.56886
0.0775 0.999976 1.37581 1.37931e-07 0.395372 1.56892
0.0825 0.999976 1.37585 1.37935e-07 0.395346 1.56898
0.0875 0.999977 1.37588 1.37938e-07 0.395321 1.56903
0.0925 0.999978 1.37592 1.37942e-07 0.395297 1.56908
0.0975 0.999981 1.37594 1.37944e-07 0.395276 1.56913
0.1025 0.999984 1.37597 1.37947e-07 0.395258 1.56917
0.1075 0.999988 1.37599 1.37949e-07 0.395244 1.56919
0.1125 0.999994 1.376 1.3795e-07 0.395238 1.56921
0.1175 1 1.376 1.3795e-07 0.39524 1.56921
0.1225 1.00001 1.37599 1.37949e-07 0.395255 1.56918
0.1275 1.00003 1.37596 1.37946e-07 0.395288 1.56912
0.1325 1.00005 1.3759 1.3794e-07 0.395346 1.56902
0.1375 1.00008 1.37581 1.37931e-07 0.395439 1.56885
0.1425 1.00012 1.37566 1.37916e-07 0.39558 1.56859
0.1475 1.00017 1.37545 1.37895e-07 0.395786 1.56822
0.1525 1.00025 1.37515 1.37865e-07 0.396077 1.56769
0.1575 1.00034 1.37473 1.37823e-07 0.396478 1.56696
0.1625 1.00046 1.37416 1.37766e-07 0.397019 1.56598
0.1675 1.0006 1.37341 1.3769e-07 0.397736 1.56469
0.1725 1.00078 1.37243 1.37592e-07 0.398665 1.56302
0.1775 1.00099 1.37118 1.37467e-07 0.39985 1.5609
0.1825 1.00124 1.36962 1.3731e-07 0.401331 1.55825
0.1875 1.00152 1.3677 1.37118e-07 0.403152 1.55501
0.1925 1.00183 1.36537 1.36884e-07 0.405353 1.55112
0.1975 1.00218 1.3626 1.36607e-07 0.407971 1.54651
0.2025 1.00255 1.35936 1.36282e-07 0.411035 1.54114
0.2075 1.00294 1.35563 1.35907e-07 0.414569 1.53497
0.2125 1.00334 1.35138 1.35482e-07 0.418587 1.52801
0.2175 1.00375 1.34662 1.35005e-07 0.423091 1.52025
0.2225 1.00416 1.34137 1.34478e-07 0.428075 1.51171
0.2275 1.00455 1.33563 1.33903e-07 0.433523 1.50244
0.2325 1.00492 1.32945 1.33283e-07 0.439405 1.49251
0.2375 1.00527 1.32286 1.32622e-07 0.445685 1.48198
0.2425 1.00558 1.31592 1.31927e-07 0.452316 1.47095
0.2475 1.00585 1.30869 1.31202e-07 0.459243 1.45952
0.2525 1.00607 1.30125 1.30456e-07 0.466404 1.44779
0.2575 1.00623 1.29365 1.29694e-07 0.473731 1.4359
0.2625 1.00633 1.28598 1.28925e-07 0.48115 1.42396
0.2675 1.00637 1.27831 1.28157e-07 0.488585 1.41211
0.2725 1.00635 1.27074 1.27398e-07 0.495955 1.40045
0.2775 1.00625 1.26335 1.26656e-07 0.50318 1.38913
0.2825 1.00609 1.2562 1.2594e-07 0.510179 1.37825
0.2875 1.00586 1.24938 1.25257e-07 0.516875 1.36793
0.2925 1.00557 1.24295 1.24615e-07 0.523195 1.35828
0.2975 1.00522 1.23698 1.24024e-07 0.529075 1.34937
0.3025 1.00482 1.23152 1.23493e-07 0.534457 1.34127
0.3075 1.00439 1.22661 1.23036e-07 0.539298 1.33405
0.3125 1.00391 1.22226 1.22672e-07 0.543561 1.32774
0.3175 1.00341 1.2185 1.22427e-07 0.547223 1.32236
0.3225 1.00288 1.21533 1.22338e-07 0.550262 1.31794
0.3275 1.00232 1.21275 1.22453e-07 0.552657 1.3145
0.3325 1.0017 1.21079 1.2283e-07 0.554373 1.31209
0.3375 1.00101 1.20949 1.23536e-07 0.555347 1.31081
0.3425 1.00021 1.20894 1.24645e-07 0.555477 1.31082
0.3475 0.999272 1.20929 1.26223e-07 0.554606 1.31236
0.3525 0.998151 1.21073 1.28333e-07 0.552522 1.31576
0.3575 0.996839 1.21355 1.31017e-07 0.548967 1.32143
0.3625 0.995367 1.21802 1.34295e-07 0.543681 1.32976
0.3675 0.993825 1.22439 1.38153e-07 0.536465 1.34107
0.3725 0.99237 1.23277 1.42536e-07 0.527277 1.35544
0.3775 0.991199 1.24308 1.47343e-07 0.516307 1.37261
0.3825 0.990505 1.25495 1.52419e-07 0.504016 1.39188
0.3875 0.99041 1.26776 1.5757e-07 0.491088 1.41223
0.3925 0.990934 1.28076 1.62579e-07 0.478307 1.43242
0.3975 0.991982 1.29319 1.67238e-07 0.466409 1.4513
0.4025 0.993384 1.30442 1.71484e-07 0.455945 1.46796
0.4075 0.994944 1.31403 1.77633e-07 0.447222 1.48189
0.4125 0.996483 1.32187 2.13194e-07 0.440306 1.49294
0.4175 0.997869 1.32798 4.82673e-07 0.435072 1.50132
0.4225 0.99902 1.33255 2.0938e-06 0.431276 1.50739
0.4275 0.999878 1.33581 9.69997e-06 0.428617 1.51166
0.4325 1.00036 1.33796 3.9046e-05 0.426788 1.5146
0.4375 1.00023 1.33895 0.000134144 0.42551 1.51669
0.4425 0.998936 1.33825 0.000398441 0.424541 1.5183
0.4475 0.995344 1.3345 0.00103877 0.423686 1.51976
0.4525 0.987504 1.32519 0.00240899 0.422797 1.5213
0.4575 0.972567 1.30651 0.00502688 0.421767 1.52307
0.4625 0.947032 1.27368 0.0095328 0.420533 1.52514
0.4675 0.907393 1.22184 0.0165731 0.419075 1.52752
0.4725 0.851099 1.14734 0.0266233 0.417412 1.53011
0.4775 0.777545 1.04918 0.0398035 0.4156 1.53277
0.4825 0.688702 0.929932 0.0557583 0.413712 1.53535
0.4875 0.589105 0.795741 0.0736592 0.411829 1.5377
0.4925 0.485114 0.65532 0.0923441 0.410015 1.53973
0.4975 0.383672 0.518198 0.110551 0.408315 1.54139
0.5025 0.290954 0.392838 0.127167 0.406746 1.5427
0.5075 0.21134 0.28522 0.141412 0.405307 1.5437
0.5125 0.146952 0.198225 0.152915 0.403983 1.54445
0.5175 0.097794 0.131842 0.161687 0.402754 1.54501
0.5225 0.0622867 0.0839203 0.168018 0.401602 1.54542
0.5275 0.0379758 0.0511297 0.172349 0.400508 1.54573
0.5325 0.0221706 0.0298258 0.175164 0.399461 1.54596
0.5375 0.0123986 0.0166641 0.176905 0.398451 1.54614
0.5425 0.00664484 0.00892129 0.177931 0.397471 1.54628
0.5475 0.00341449 0.00457869 0.178508 0.396517 1.54638
0.5525 0.00168323 0.00225405 0.178817 0.395586 1.54646
0.5575 0.000796595 0.00106511 0.178976 0.394677 1.54651
0.5625 0.000362272 0.000483569 0.179054 0.393789 1.54654
0.5675 0.000158589 0.000211293 0.17909 0.392919 1.54656
0.5725 6.70671e-05 8.91666e-05 0.179105 0.392068 1.54655
0.5775 2.76331e-05 3.66474e-05 0.17911 0.391233 1.54653
0.5825 1.13286e-05 1.49772e-05 0.17911 0.390415 1.5465
0.5875 4.85524e-06 6.39219e-06 0.179107 0.389612 1.54645
0.5925 2.38566e-06 3.12445e-06 0.179103 0.388824 1.54639
0.5975 1.47981e-06 1.92867e-06 0.179097 0.388049 1.54632
0.6025 4.83011e-05 6.91912e-05 0.179082 0.387287 1.54624
0.6075 0.000554245 0.000784796 0.17898 0.386537 1.54615
0.6125 0.00322965 0.00451962 0.178476 0.385798 1.54605
0.6175 0.0125186 0.0173417 0.17677 0.385069 1.54592
0.6225 0.0363449 0.0499225 0.172465 0.384346 1.54577
0.6275 0.0845001 0.115279 0.163863 0.383621 1.54555
0.6325 0.164359 0.223072 0.149711 0.382883 1.54526
0.6375 0.276077 0.373374 0.130003 0.382123 1.54485
0.6425 0.410592 0.55415 0.1063 0.381327 1.54429
0.6475 0.552116 0.744533 0.0813025 0.380478 1.54352
0.6525 0.683761 0.922112 0.0579188 0.37954 1.54249
0.6575 0.79304 1.07009 0.0383374 0.378466 1.54111
0.6625 0.8746 1.18093 0.0235517 0.377192 1.53927
0.6675 0.929666 1.25581 0.0134246 0.375646 1.53687
0.6725 0.963468 1.30134 0.00710232 0.373759 1.53381
0.6775 0.982411 1.32593 0.00349002 0.371468 1.53001
0.6825 0.992138 1.33713 0.00159452 0.36873 1.52542
0.6875 0.996729 1.34053 0.000678235 0.365532 1.52003
0.6925 0.998726 1.33971 0.000269027 0.361899 1.51391
0.6975 0.999528 1.33673 9.97333e-05 0.357902 1.5072
0.7025 0.999827 1.33274 3.46746e-05 0.35365 1.50008
0.7075 0.99993 1.32833 1.13868e-05 0.349284 1.4928
0.7125 0.999962 1.32385 3.60088e-06 0.344953 1.48561
0.7175 0.999971 1.31952 1.16316e-06 0.340791 1.47872
0.7225 0.999973 1.31547 4.4666e-07 0.336892 1.4723
0.7275 0.999973 1.31172 2.48476e-07 0.333286 1.46638
0.7325 0.999972 1.30823 1.96675e-07 0.329918 1.46087
0.7375 0.999972 1.30483 1.83687e-07 0.326633 1.45551
0.7425 0.999972 1.30125 1.8033e-07 0.323167 1.44987
0.7475 0.999974 1.29707 1.79143e-07 0.319124 1.44331
0.7525 0.999976 1.29175 1.78288e-07 0.313965 1.43498
0.7575 0.999982 1.28458 1.77276e-07 0.306994 1.42379
0.7625 0.999994 1.27472 1.75912e-07 0.297364 1.40844
0.7675 1.00001 1.26126 1.74055e-07 0.28412 1.38756
0.7725 1.00005 1.24338 1.71586e-07 0.266328 1.35992
0.7775 1.0001 1.22057 1.68439e-07 0.243311 1.32486
0.7825 1.00016 1.19304 1.64639e-07 0.215014 1.28284
0.7875 1.00022 1.16195 1.60349e-07 0.18237 1.23582
0.7925 1.00025 1.12948 1.55869e-07 0.147463 1.18724
0.7975 1.00024 1.09835 1.51572e-07 0.113191 1.14121
0.8025 1.00019 1.071 1.47798e-07 0.0824411 1.10127
0.8075 1.00012 1.04891 1.44749e-07 0.057171 1.06937
0.8125 1.00007 1.03234 1.42463e-07 0.0379851 1.04568
0.8175 1.00003 1.02067 1.40853e-07 0.0243547 1.02911
0.8225 1.00002 1.01285 1.39774e-07 0.0151693 1.01806
0.8275 1.00001 1.00781 1.39078e-07 0.00922671 1.01096
0.8325 1 1.00465 1.38642e-07 0.00550147 1.00652
0.8375 1 1.00272 1.38376e-07 0.0032238 1.00382
0.8425 0.999999 1.00157 1.38217e-07 0.00185963 1.0022
0.8475 0.999999 1.00089 1.38123e-07 0.00105707 1.00125
0.8525 0.999999 1.0005 1.38069e-07 0.000592478 1.0007
0.8575 0.999999 1.00028 1.38038e-07 0.000327577 1.00039
0.8625 0.999999 1.00015 1.38021e-07 0.000178708 1.00021
0.8675 0.999999 1.00008 1.38011e-07 9.62173e-05 1.00011
0.8725 0.999999 1.00004 1.38006e-07 5.11341e-05 1.00006
0.8775 0.999999 1.00002 1.38003e-07 2.68274e-05 1.00003
0.8825 0.999999 1.00001 1.38002e-07 1.38967e-05 1.00002
0.8875 0.999999 1.00001 1.38001e-07 7.1082e-06 1.00001
0.8925 0.999999 1 1.38e-07 3.59064e-06 1
0.8975 0.999999 1 1.38e-07 1.79139e-06 1
0.9025 0.999999 1 1.38e-07 8.8277e-07 1
0.9075 0.999999 0.999999 1.38e-07 4.29709e-07 1
0.9125 0.999999 0.999999 1.38e-07 2.0663e-07 1
0.9175 0.999999 0.999999 1.38e-07 9.81565e-08 1
0.9225 0.999999 0.999999 1.38e-07 4.60639e-08 1
0.9275 0.999999 0.999999 1.38e-07 2.1356e-08 1
0.9325 0.999999 0.999999 1.38e-07 9.78129e-09 1
0.9375 0.999999 0.999999 1.38e-07 4.42568e-09 1
0.9425 0.999999 0.999999 1.38e-07 1.97816e-09 1
0.9475 0.999999 0.999999 1.38e-07 8.73428e-10 1
0.9525 0.999999 0.999999 1.38e-07 3.80943e-10 1
0.9575 0.999999 0.999999 1.38e-07 1.64113e-10 1
0.9625 0.999999 0.999999 1.38e-07 6.98329e-11 1
0.9675 0.999999 0.999999 1.38e-07 2.93488e-11 1
0.9725 0.999999 0.999999 1.38e-07 1.21821e-11 1
0.9775 0.999999 0.999999 1.38e-07 4.99378e-12 1
0.9825 0.999999 0.999999 1.38e-07 2.02159e-12 1
0.9875 0.999999 0.999999 1.38e-07 8.08022e-13 1
0.9925 0.999999 0.999999 1.38e-07 3.1888e-13 1
0.9975 0.999999 0.999999 1.38e-07 1.24302e-13 1
