x alpha rho1 rho2 v p
0.0025 1.00061 1.37592 1.37942e-07 0.395327 1.5687
0.0075 1.00052 1.37586 1.37936e-07 0.395359 1.56865
0.0125 1.00041 1.37579 1.37929e-07 0.395392 1.56861
0.0175 1.00031 1.37573 1.37923e-07 0.39542 1.56858
0.0225 1.00022 1.37569 1.37918e-07 0.39544 1.56856
0.0275 1.00014 1.37565 1.37915e-07 0.395454 1.56856
0.0325 1.00009 1.37563 1.37913e-07 0.39546 1.56856
0.0375 1.00005 1.37563 1.37913e-07 0.395459 1.56858
0.0425 1.00002 1.37564 1.37914e-07 0.395452 1.56862
0.0475 1 1.37566 1.37916e-07 0.39544 1.56865
0.0525 0.99999 1.37568 1.37918e-07 0.395423 1.5687
0.0575 0.999983 1.37571 1.37921e-07 0.395403 1.56875
0.0625 0.999979 1.37575 1.37924e-07 0.395381 1.56881
0.0675 0.999977 1.37578 1.37928e-07 0.395358 1.56887
0.0725 0.999977 1.37582 1.37932e-07 0.395334 1.56892
0.0775 0.999977 1.37585 1.37935e-07 0.39531 1.56898
0.0825 0.999979 1.37588 1.37938e-07 0.395288 1.56903
0.0875 0.999981 1.37591 1.37941e-07 0.395269 1.56908
0.0925 0.999984 1.37594 1.37944e-07 0.395253 1.56912
0.0975 0.999988 1.37596 1.37946e-07 0.395241 1.56915
0.1025 0.999994 1.37597 1.37947e-07 0.395237 1.56917
0.1075 1 1.37598 1.37948e-07 0.395242 1.56917
0.1125 1.00001 1.37597 1.37947e-07 0.39526 1.56914
0.1175 1.00003 1.37593 1.37943e-07 0.395297 1.56908
0.1225 1.00005 1.37587 1.37937e-07 0.395359 1.56897
0.1275 1.00008 1.37578 1.37928e-07 0.395457 1.56879
0.1325 1.00012 1.37563 1.37913e-07 0.395603 1.56853
0.1375 1.00018 1.37541 1.37891e-07 0.395813 1.56815
0.1425 1.00025 1.37511 1.37861e-07 0.396107 1.56762
0.1475 1.00034 1.37469 1.37819e-07 0.396508 1.5669
0.1525 1.00045 1.37413 1.37762e-07 0.397046 1.56593
0.1575 1.00059 1.37339 1.37688e-07 0.397751 1.56466
0.1625 1.00076 1.37243 1.37592e-07 0.398661 1.56302
0.1675 1.00096 1.37121 1.3747e-07 0.399813 1.56096
0.1725 1.0012 1.3697 1.37319e-07 0.401247 1.55841
0.1775 1.00146 1.36785 1.37133e-07 0.403002 1.55529
0.1825 1.00176 1.36561 1.36909e-07 0.405116 1.55155
0.1875 1.00208 1.36296 1.36643e-07 0.407622 1.54714
0.1925 1.00243 1.35987 1.36333e-07 0.410549 1.54201
0.1975 1.0028 1.3563 1.35975e-07 0.413918 1.53613
0.2025 1.00318 1.35226 1.3557e-07 0.417744 1.52949
0.2075 1.00357 1.34773 1.35116e-07 0.42203 1.5221
0.2125 1.00395 1.34272 1.34614e-07 0.426773 1.51397
0.2175 1.00432 1.33726 1.34066e-07 0.431958 1.50514
0.2225 1.00468 1.33136 1.33475e-07 0.437562 1.49565
0.2275 1.00502 1.32507 1.32844e-07 0.443553 1.48559
0.2325 1.00532 1.31843 1.32179e-07 0.44989 1.47502
0.2375 1.00559 1.3115 1.31484e-07 0.456526 1.46404
0.2425 1.00582 1.30434 1.30765e-07 0.463405 1.45274
0.2475 1.00599 1.297 1.3003e-07 0.470468 1.44124
0.2525 1.00612 1.28956 1.29285e-07 0.477649 1.42964
0.2575 1.00618 1.2821 1.28536e-07 0.484879 1.41806
0.2625 1.00619 1.27469 1.27793e-07 0.492086 1.40661
0.2675 1.00614 1.26739 1.27062e-07 0.499196 1.39541
0.2725 1.00602 1.2603 1.2635e-07 0.506136 1.38457
0.2775 1.00584 1.25347 1.25666e-07 0.512832 1.3742
0.2825 1.0056 1.24697 1.25015e-07 0.519215 1.36439
0.2875 1.00531 1.24088 1.24404e-07 0.52522 1.35524
0.2925 1.00496 1.23523 1.23839e-07 0.530787 1.34682
0.2975 1.00457 1.23009 1.23327e-07 0.535867 1.3392
0.3025 1.00415 1.22548 1.22874e-07 0.540417 1.33243
0.3075 1.00369 1.22143 1.22487e-07 0.544402 1.32654
0.3125 1.0032 1.21797 1.22181e-07 0.547792 1.32157
0.3175 1.00268 1.21512 1.21973e-07 0.550557 1.31757
0.3225 1.00212 1.21291 1.21891e-07 0.552657 1.31457
0.3275 1.00149 1.21137 1.21974e-07 0.554034 1.31268
0.3325 1.00076 1.21058 1.22275e-07 0.554597 1.31204
0.3375 0.999897 1.21065 1.22862e-07 0.55421 1.31284
0.3425 0.998866 1.21175 1.23814e-07 0.552692 1.31538
0.3475 0.997645 1.21408 1.25215e-07 0.549816 1.32
0.3525 0.996249 1.2179 1.27149e-07 0.545343 1.32708
0.3575 0.994739 1.22341 1.29686e-07 0.53907 1.33693
0.3625 0.993239 1.23076 1.32868e-07 0.530903 1.34972
0.3675 0.991924 1.23993 1.36694e-07 0.520938 1.36531
0.3725 0.990981 1.25068 1.41104e-07 0.509505 1.38321
0.3775 0.990558 1.26254 1.45979e-07 0.497162 1.40261
0.3825 0.990723 1.27488 1.5114e-07 0.484607 1.4224
0.3875 0.991439 1.28701 1.56371e-07 0.472557 1.44148
0.3925 0.992584 1.2983 1.61449e-07 0.461612 1.45888
0.3975 0.993986 1.30829 1.66169e-07 0.452174 1.47392
0.4025 0.995471 1.31673 1.70416e-07 0.444421 1.48631
0.4075 0.996891 1.32356 1.75114e-07 0.438328 1.49605
0.4125 0.998145 1.32889 1.92411e-07 0.433731 1.50341
0.4175 0.999176 1.33294 3.17296e-07 0.430377 1.50878
0.4225 0.999965 1.33595 1.0899e-06 0.427984 1.51262
0.4275 1.00051 1.33818 4.89438e-06 0.426274 1.51538
0.4325 1.00078 1.33981 2.02256e-05 0.424999 1.51748
0.4375 1.00067 1.34086 7.21716e-05 0.423948 1.51924
0.4425 0.999857 1.34103 0.000223303 0.422956 1.52094
0.4475 0.997622 1.33945 0.000607116 0.4219 1.52277
0.4525 0.992621 1.33434 0.00146917 0.4207 1.52486
0.4575 0.982719 1.3228 0.00319994 0.419317 1.52724
0.4625 0.964997 1.30077 0.00633368 0.417749 1.52989
0.4675 0.93609 1.26354 0.0114885 0.416027 1.53273
0.4725 0.892869 1.20669 0.01924 0.414208 1.53563
0.4775 0.833345 1.12736 0.0299532 0.412359 1.53844
0.4825 0.757513 1.02544 0.0436242 0.410551 1.54102
0.4875 0.667815 0.904299 0.0597986 0.408841 1.54328
0.4925 0.56897 0.77044 0.0776072 0.407265 1.54515
0.4975 0.467173 0.632428 0.095918 0.40584 1.54664
0.5025 0.368914 0.499191 0.113558 0.404562 1.54778
0.5075 0.279777 0.378371 0.129527 0.403416 1.54863
0.5125 0.203585 0.275165 0.14315 0.402379 1.54925
0.5175 0.142072 0.191907 0.15413 0.40143 1.54969
0.5225 0.0950655 0.128329 0.162509 0.400548 1.55001
0.5275 0.0609952 0.0822814 0.168574 0.399716 1.55023
0.5325 0.0375324 0.0505929 0.172747 0.398919 1.55038
0.5375 0.0221553 0.0298402 0.175479 0.398149 1.55049
0.5425 0.0125507 0.0168883 0.177184 0.397399 1.55056
0.5475 0.00682579 0.00917533 0.178198 0.396663 1.5506
0.5525 0.00356567 0.00478745 0.178774 0.395938 1.55062
0.5575 0.00179004 0.0024003 0.179087 0.395222 1.55062
0.5625 0.000864164 0.00115713 0.179248 0.394514 1.5506
0.5675 0.000401542 0.000536827 0.179326 0.393812 1.55057
0.5725 0.00017985 0.000240029 0.179361 0.393115 1.55053
0.5775 7.78821e-05 0.00010374 0.179374 0.392422 1.55047
0.5825 3.28316e-05 4.36335e-05 0.179377 0.391734 1.55039
0.5875 1.36996e-05 1.81557e-05 0.179374 0.391048 1.55031
0.5925 5.88443e-06 7.76918e-06 0.179368 0.390365 1.55022
0.5975 2.81189e-06 3.69424e-06 0.179361 0.389684 1.55012
0.6025 2.27867e-05 3.25667e-05 0.179349 0.389005 1.55001
0.6075 0.000267134 0.000379262 0.179294 0.388329 1.54989
0.6125 0.00166486 0.00233788 0.179024 0.387655 1.54977
0.6175 0.00691475 0.00961581 0.17805 0.386982 1.54963
0.6225 0.0215021 0.0296539 0.175395 0.38631 1.54946
0.6275 0.0534865 0.0732599 0.169646 0.385634 1.54925
0.6325 0.111121 0.15138 0.159377 0.384948 1.54898
0.6375 0.198884 0.269863 0.143832 0.384245 1.54861
0.6425 0.314121 0.425112 0.123477 0.383522 1.54813
0.6475 0.446607 0.603561 0.100071 0.382782 1.54752
0.6525 0.581571 0.785633 0.0761542 0.382024 1.54676
0.6575 0.704559 0.952068 0.054232 0.381238 1.54584
0.6625 0.805593 1.08938 0.0360704 0.380402 1.54474
0.6675 0.880889 1.19217 0.0223863 0.37948 1.54339
0.6725 0.932062 1.26224 0.0129614 0.37842 1.54174
0.6775 0.963916 1.30573 0.00700242 0.377163 1.5397
0.6825 0.982141 1.3301 0.00353157 0.375643 1.53717
0.6875 0.991755 1.34206 0.00166377 0.373796 1.53406
0.6925 0.996442 1.34661 0.000732771 0.371568 1.5303
0.6975 0.998558 1.34699 0.00030202 0.368921 1.52581
0.7025 0.999444 1.3451 0.000116657 0.365844 1.52061
0.7075 0.99979 1.34196 4.23291e-05 0.362358 1.51472
0.7125 0.999915 1.33812 1.45037e-05 0.358523 1.50827
0.7175 0.999957 1.33389 4.75939e-06 0.354432 1.50142
0.7225 0.99997 1.32947 1.56052e-06 0.350206 1.49436
0.7275 0.999973 1.32504 5.73831e-07 0.345972 1.48732
0.7325 0.999974 1.32073 2.87097e-07 0.341846 1.48049
0.7375 0.999973 1.31661 2.08256e-07 0.337906 1.47399
0.7425 0.999973 1.31273 1.87513e-07 0.334174 1.46786
0.7475 0.999972 1.309 1.82077e-07 0.33059 1.46198
0.7525 0.999972 1.30527 1.80432e-07 0.326996 1.45612
0.7575 0.999973 1.30126 1.79634e-07 0.323119 1.44981
0.7625 0.999974 1.29654 1.78934e-07 0.318556 1.44241
0.7675 0.999978 1.29055 1.78098e-07 0.312755 1.43305
0.7725 0.999985 1.28259 1.76997e-07 0.305007 1.42063
0.7775 0.999998 1.2718 1.75509e-07 0.294463 1.40386
0.7825 1.00002 1.25733 1.73512e-07 0.280187 1.38142
0.7875 1.00006 1.23841 1.70901e-07 0.261308 1.35222
0.7925 1.00011 1.21469 1.67627e-07 0.237276 1.31581
0.7975 1.00017 1.18654 1.63742e-07 0.208217 1.27293
0.8025 1.00023 1.15531 1.59433e-07 0.175269 1.22581
0.8075 1.00025 1.12326 1.55009e-07 0.140648 1.17797
0.8125 1.00023 1.09302 1.50837e-07 0.10723 1.13338
0.8175 1.00017 1.06683 1.47223e-07 0.077695 1.09522
0.8225 1.00011 1.04592 1.44336e-07 0.0537159 1.06507
0.8275 1.00006 1.03035 1.42189e-07 0.0356627 1.04284
0.8325 1.00003 1.01943 1.40682e-07 0.0228968 1.02735
0.8375 1.00001 1.01212 1.39673e-07 0.0143058 1.01702
0.8425 1 1.0074 1.39021e-07 0.00874113 1.01038
0.8475 1 1.00443 1.38612e-07 0.00524153 1.00621
0.8525 1 1.00261 1.38361e-07 0.00309172 1.00366
0.8575 0.999999 1.00152 1.3821e-07 0.00179656 1.00213
0.8625 0.999999 1.00087 1.3812e-07 0.0010294 1.00122
0.8675 0.999999 1.00049 1.38068e-07 0.000581926 1.00069
0.8725 0.999999 1.00027 1.38038e-07 0.000324676 1.00038
0.8775 0.999999 1.00015 1.38021e-07 0.000178825 1.00021
0.8825 0.999999 1.00008 1.38011e-07 9.72465e-05 1.00012
0.8875 0.999999 1.00004 1.38006e-07 5.22206e-05 1.00006
0.8925 0.999999 1.00002 1.38003e-07 2.76937e-05 1.00003
0.8975 0.999999 1.00001 1.38002e-07 1.45057e-05 1.00002
0.9025 0.999999 1.00001 1.38001e-07 7.50516e-06 1.00001
0.9075 0.999999 1 1.38e-07 3.83606e-06 1
0.9125 0.999999 1 1.38e-07 1.93711e-06 1
0.9175 0.999999 1 1.38e-07 9.66501e-07 1
0.9225 0.999999 0.999999 1.38e-07 4.76499e-07 1
0.9275 0.999999 0.999999 1.38e-07 2.32144e-07 1
0.9325 0.999999 0.999999 1.38e-07 1.11766e-07 1
0.9375 0.999999 0.999999 1.38e-07 5.31787e-08 1
0.9425 0.999999 0.999999 1.38e-07 2.50062e-08 1
0.9475 0.999999 0.999999 1.38e-07 1.1621e-08 1
0.9525 0.999999 0.999999 1.38e-07 5.33737e-09 1
0.9575 0.999999 0.999999 1.38e-07 2.42267e-09 1
0.9625 0.999999 0.999999 1.38e-07 1.08677e-09 1
0.9675 0.999999 0.999999 1.38e-07 4.81775e-10 1
0.9725 0.999999 0.999999 1.38e-07 2.1106e-10 1
0.9775 0.999999 0.999999 1.38e-07 9.13707e-11 1
0.9825 0.999999 0.999999 1.38e-07 3.90871e-11 1
0.9875 0.999999 0.999999 1.38e-07 1.65222e-11 1
0.9925 0.999999 0.999999 1.38e-07 6.90078e-12 1
0.9975 0.999999 0.999999 1.38e-07 2.8478e-12 1
