x alpha rho1 rho2 v p
-1.998 1 1000 5e-07 0 1e+09
-1.994 1 1000 5e-07 0 1e+09
-1.99 1 1000 5e-07 0 1e+09
-1.986 1 1000 5e-07 0 1e+09
-1.982 1 1000 5e-07 0 1e+09
-1.978 1 1000 5e-07 0 1e+09
-1.974 1 1000 5e-07 0 1e+09
-1.97 1 1000 5e-07 0 1e+09
-1.966 1 1000 5e-07 0 1e+09
-1.962 1 1000 5e-07 0 1e+09
-1.958 1 1000 5e-07 0 1e+09
-1.954 1 1000 5e-07 0 1e+09
-1.95 1 1000 5e-07 0 1e+09
-1.946 1 1000 5e-07 0 1e+09
-1.942 1 1000 5e-07 0 1e+09
-1.938 1 1000 5e-07 0 1e+09
-1.934 1 1000 5e-07 0 1e+09
-1.93 1 1000 5e-07 0 1e+09
-1.926 1 1000 5e-07 0 1e+09
-1.922 1 1000 5e-07 0 1e+09
-1.918 1 1000 5e-07 0 1e+09
-1.914 1 1000 5e-07 0 1e+09
-1.91 1 1000 5e-07 0 1e+09
-1.906 1 1000 5e-07 0 1e+09
-1.902 1 1000 5e-07 0 1e+09
-1.898 1 1000 5e-07 0 1e+09
-1.894 1 1000 5e-07 0 1e+09
-1.89 1 1000 5e-07 0 1e+09
-1.886 1 1000 5e-07 0 1e+09
-1.882 1 1000 5e-07 0 1e+09
-1.878 1 1000 5e-07 0 1e+09
-1.874 1 1000 5e-07 0 1e+09
-1.87 1 1000 5e-07 0 1e+09
-1.866 1 1000 5e-07 0 1e+09
-1.862 1 1000 5e-07 0 1e+09
-1.858 1 1000 5e-07 0 1e+09
-1.854 1 1000 5e-07 0 1e+09
-1.85 1 1000 5e-07 0 1e+09
-1.846 1 1000 5e-07 0 1e+09
-1.842 1 1000 5e-07 0 1e+09
-1.838 1 1000 5e-07 0 1e+09
-1.834 1 1000 5e-07 0 1e+09
-1.83 1 1000 5e-07 0 1e+09
-1.826 1 1000 5e-07 0 1e+09
-1.822 1 1000 5e-07 0 1e+09
-1.818 1 1000 5e-07 0 1e+09
-1.814 1 1000 5e-07 0 1e+09
-1.81 1 1000 5e-07 0 1e+09
-1.806 1 1000 5e-07 0 1e+09
-1.802 1 1000 5e-07 0 1e+09
-1.798 1 1000 5e-07 0 1e+09
-1.794 1 1000 5e-07 0 1e+09
-1.79 1 1000 5e-07 0 1e+09
-1.786 1 1000 5e-07 0 1e+09
-1.782 1 1000 5e-07 0 1e+09
-1.778 1 1000 5e-07 0 1e+09
-1.774 1 1000 5e-07 0 1e+09
-1.77 1 1000 5e-07 0 1e+09
-1.766 1 1000 5e-07 0 1e+09
-1.762 1 1000 5e-07 0 1e+09
-1.758 1 1000 5e-07 0 1e+09
-1.754 1 1000 5e-07 0 1e+09
-1.75 1 1000 5e-07 0 1e+09
-1.746 1 1000 5e-07 0 1e+09
-1.742 1 1000 5e-07 0 1e+09
-1.738 1 1000 5e-07 0 1e+09
-1.734 1 1000 5e-07 0 1e+09
-1.73 1 1000 5e-07 0 1e+09
-1.726 1 1000 5e-07 0 1e+09
-1.722 1 1000 5e-07 0 1e+09
-1.718 1 1000 5e-07 -4.93672e-14 1e+09
-1.714 1 1000 5e-07 -4.93672e-14 1e+09
-1.71 1 1000 5e-07 -2.10029e-14 1e+09
-1.706 1 1000 5e-07 -5.39144e-14 1e+09
-1.702 1 1000 5e-07 -1.79715e-14 1e+09
-1.698 1 1000 5e-07 -5.39144e-14 1e+09
-1.694 1 1000 5e-07 -1.79715e-14 1e+09
-1.69 1 1000 5e-07 -5.39144e-14 1e+09
-1.686 1 1000 5e-07 -1.79715e-14 1e+09
-1.682 1 1000 5e-07 -5.39144e-14 1e+09
-1.678 1 1000 5e-07 -1.79715e-14 1e+09
-1.674 1 1000 5e-07 -5.39144e-14 1e+09
-1.67 1 1000 5e-07 -3.44272e-14 1e+09
-1.666 1 1000 5e-07 -8.68259e-14 1e+09
-1.662 1 1000 5e-07 -1.0025e-13 1e+09
-1.658 1 1000 5e-07 -5.23987e-14 1e+09
-1.654 1 1000 5e-07 -3.1613e-14 1e+09
-1.65 1 1000 5e-07 -1.73652e-13 1e+09
-1.646 1 1000 5e-07 -1.03282e-13 1e+09
-1.642 1 1000 5e-07 -7.49173e-14 1e+09
-1.638 1 1000 5e-07 -1.76683e-13 1e+09
-1.634 1 1000 5e-07 -1.03282e-13 1e+09
-1.63 1 1000 5e-07 -1.4074e-13 1e+09
-1.626 1 1000 5e-07 -1.28832e-13 1e+09
-1.622 1 1000 5e-07 -7.64331e-14 1e+09
-1.618 1 1000 5e-07 -1.03282e-13 1e+09
-1.614 1 1000 5e-07 -7.18859e-14 1e+09
-1.61 1 1000 5e-07 -4.20059e-14 1e+09
-1.606 1 1000 5e-07 -9.13731e-14 1e+09
-1.602 1 1000 5e-07 -1.24285e-13 1e+09
-1.598 1 1000 5e-07 -6.88544e-14 1e+09
-1.594 1 1000 5e-07 -5.0883e-14 1e+09
-1.59 1 1000 5e-07 -7.49173e-14 1e+09
-1.586 1 1000 5e-07 -1.61743e-13 1e+09
-1.582 1 1000 5e-07 -1.34677e-13 1e+09
-1.578 1 1000 5e-07 4.32994e-15 1e+09
-1.574 1 1000 5e-07 -5.84616e-14 1e+09
-1.57 1 1000 5e-07 -8.68259e-14 1e+09
-1.566 1 1000 5e-07 -9.13731e-14 1e+09
-1.562 1 1000 5e-07 -1.73652e-13 1e+09
-1.558 1 1000 5e-07 -3.15908e-13 1e+09
-1.554 1 1000 5e-07 -1.69322e-13 1e+09
-1.55 1 1000 5e-07 -4.80688e-14 1e+09
-1.546 1 1000 5e-07 -2.54415e-13 1e+09
-1.542 1 1000 5e-07 -5.99773e-14 1e+09
-1.538 1 1000 5e-07 -3.46445e-14 1e+09
-1.534 1 1000 5e-07 -1.4507e-13 1e+09
-1.53 1 1000 5e-07 -9.09435e-15 1e+09
-1.526 1 1000 5e-07 9.87345e-14 1e+09
-1.522 1 1000 5e-07 -2.38171e-14 1e+09
-1.518 1 1000 5e-07 1.28832e-13 1e+09
-1.514 1 1000 5e-07 1.43772e-13 1e+09
-1.51 1 1000 5e-07 1.31863e-13 1e+09
-1.506 1 1000 5e-07 5.69459e-14 1e+09
-1.502 1 1000 5e-07 -1.51571e-15 1e+09
-1.498 1 1000 5e-07 -1.22769e-13 1e+09
-1.494 1 1000 5e-07 -3.29549e-13 1e+09
-1.49 1 1000 5e-07 -3.67008e-13 1e+09
-1.486 1 1000 5e-07 -5.02984e-13 1e+09
-1.482 1 1000 5e-07 -3.23269e-13 1e+09
-1.478 1 1000 5e-07 -1.82963e-13 1e+09
-1.474 1 1000 5e-07 -2.86028e-13 1e+09
-1.47 1 1000 5e-07 -2.37959e-13 1e+09
-1.466 1 1000 5e-07 -2.59179e-13 1e+09
-1.462 1 1000 5e-07 -2.63509e-13 1e+09
-1.458 1 1000 5e-07 5.84568e-15 1e+09
-1.454 1 1000 5e-07 -2.68056e-13 1e+09
-1.45 1 1000 5e-07 -2.72604e-13 1e+09
-1.446 1 1000 5e-07 -8.40117e-14 1e+09
-1.442 1 1000 5e-07 -1.8123e-13 1e+09
-1.438 1 1000 5e-07 -5.23987e-14 1e+09
-1.434 1 1000 5e-07 7.18859e-14 1e+09
-1.43 1 1000 5e-07 2.26051e-13 1e+09
-1.426 1 1000 5e-07 3.03999e-13 1e+09
-1.422 1 1000 5e-07 2.33629e-13 1e+09
-1.418 1 1000 5e-07 -1.67589e-13 1e+09
-1.414 1 1000 5e-07 -6.5823e-14 1e+09
-1.41 1 1000 5e-07 -1.37926e-13 1e+09
-1.406 1 1000 5e-07 -1.57196e-13 1e+09
-1.402 1 1000 5e-07 -1.04797e-13 1e+09
-1.398 1 1000 5e-07 -1.75168e-13 1e+09
-1.394 1 1000 5e-07 -1.57196e-13 1e+09
-1.39 1 1000 5e-07 -2.02233e-13 1e+09
-1.386 1 1000 5e-07 -1.91623e-13 1e+09
-1.382 1 1000 5e-07 -1.3013e-13 1e+09
-1.378 1 1000 5e-07 7.01529e-14 1e+09
-1.374 1 1000 5e-07 -2.10029e-14 1e+09
-1.37 1 1000 5e-07 -2.988e-14 1e+09
-1.366 1 1000 5e-07 -1.04797e-13 1e+09
-1.362 1 1000 5e-07 7.34016e-14 1e+09
-1.358 1 1000 5e-07 1.27316e-13 1e+09
-1.354 1 1000 5e-07 2.72604e-13 1e+09
-1.35 1 1000 5e-07 2.50085e-13 1e+09
-1.346 1 1000 5e-07 1.28615e-13 1e+09
-1.342 1 1000 5e-07 1.73652e-13 1e+09
-1.338 1 1000 5e-07 -1.03928e-14 1e+09
-1.334 1 1000 5e-07 -1.13892e-13 1e+09
-1.33 1 1000 5e-07 -2.48569e-13 1e+09
-1.326 1 1000 5e-07 -2.33629e-13 1e+09
-1.322 1 1000 5e-07 -1.30347e-13 1e+09
-1.318 1 1000 5e-07 -1.85778e-13 1e+09
-1.314 1 1000 5e-07 -1.12376e-13 1e+09
-1.31 1 1000 5e-07 -1.79715e-14 1e+09
-1.306 1 1000 5e-07 9.44046e-14 1e+09
-1.302 1 1000 5e-07 1.12376e-13 1e+09
-1.298 1 1000 5e-07 8.83417e-14 1e+09
-1.294 1 1000 5e-07 3.5943e-14 1e+09
-1.29 1 1000 5e-07 -3.89744e-14 1e+09
-1.286 1 1000 5e-07 -1.25583e-13 1e+09
-1.282 1 1000 5e-07 -7.79488e-14 1e+09
-1.278 1 1000 5e-07 -1.69322e-13 1e+09
-1.274 1 1000 5e-07 -1.84045e-13 1e+09
-1.27 1 1000 5e-07 -1.12376e-13 1e+09
-1.266 1 1000 5e-07 -8.98573e-14 1e+09
-1.262 1 1000 5e-07 -2.26268e-13 1e+09
-1.258 1 1000 5e-07 -2.68056e-13 1e+09
-1.254 1 1000 5e-07 -1.4507e-13 1e+09
-1.25 1 1000 5e-07 -5.69458e-14 1e+09
-1.246 1 1000 5e-07 -4.20058e-14 1e+09
-1.242 1 1000 5e-07 -1.1086e-13 1e+09
-1.238 1 1000 5e-07 -2.1111e-13 1e+09
-1.234 1 1000 5e-07 -3.98404e-13 1e+09
-1.23 1 1000 5e-07 -3.39942e-13 1e+09
-1.226 1 1000 5e-07 -2.1111e-13 1e+09
-1.222 1 1000 5e-07 -7.03701e-14 1e+09
-1.218 1 1000 5e-07 -6.45245e-14 1e+09
-1.214 1 1000 5e-07 2.53329e-14 1e+09
-1.21 1 1000 5e-07 6.88545e-14 1e+09
-1.206 1 1000 5e-07 7.64331e-14 1e+09
-1.202 1 1000 5e-07 1.49401e-14 1e+09
-1.198 1 1000 5e-07 2.98801e-14 1e+09
-1.194 1 1000 5e-07 -3.03142e-15 1e+09
-1.19 1 1000 5e-07 -1.21258e-14 1e+09
-1.186 1 1000 5e-07 3.74587e-14 1e+09
-1.182 1 1000 5e-07 1.24502e-13 1e+09
-1.178 1 1000 5e-07 2.74119e-13 1e+09
-1.174 1 1000 5e-07 2.44022e-13 1e+09
-1.17 1 1000 5e-07 2.72604e-13 1e+09
-1.166 1 1000 5e-07 3.83464e-13 1e+09
-1.162 1 1000 5e-07 4.10312e-13 1e+09
-1.158 1 1000 5e-07 1.96171e-13 1e+09
-1.154 1 1000 5e-07 4.20059e-14 1e+09
-1.15 1 1000 5e-07 -6.06292e-15 1e+09
-1.146 1 1000 5e-07 1.33162e-13 1e+09
-1.142 1 1000 5e-07 -7.36141e-15 1e+09
-1.138 1 1000 5e-07 -4.93673e-14 1e+09
-1.134 1 1000 5e-07 -1.34243e-14 1e+09
-1.13 1 1000 5e-07 -2.40991e-13 1e+09
-1.126 1 1000 5e-07 -5.0883e-14 1e+09
-1.122 1 1000 5e-07 3.44272e-14 1e+09
-1.118 1 1000 5e-07 1.03282e-13 1e+09
-1.114 1 1000 5e-07 2.68056e-13 1e+09
-1.11 1 1000 5e-07 -3.44272e-14 1e+09
-1.106 1 1000 5e-07 -1.21253e-13 1e+09
-1.102 1 1000 5e-07 -9.44045e-14 1e+09
-1.098 1 1000 5e-07 -1.5568e-13 1e+09
-1.094 1 1000 5e-07 -2.51601e-13 1e+09
-1.09 1 1000 5e-07 -3.11578e-13 1e+09
-1.086 1 1000 5e-07 -4.40192e-13 1e+09
-1.082 1 1000 5e-07 -2.80182e-13 1e+09
-1.078 1 1000 5e-07 -4.35862e-13 1e+09
-1.074 1 1000 5e-07 -4.53617e-13 1e+09
-1.07 1 1000 5e-07 -3.53366e-13 1e+09
-1.066 1 1000 5e-07 -3.39942e-13 1e+09
-1.062 1 1000 5e-07 -2.30598e-13 1e+09
-1.058 1 1000 5e-07 -2.44239e-13 1e+09
-1.054 1 1000 5e-07 -6.15107e-14 1e+09
-1.05 1 1000 5e-07 -2.37977e-13 1e+09
-1.046 1 1000 5e-07 -2.05192e-16 1e+09
-1.042 1 1000 5e-07 7.1886e-14 1e+09
-1.038 1 1000 5e-07 -1.79713e-14 1e+09
-1.034 1 1000 5e-07 1.6001e-13 1e+09
-1.03 1 1000 5e-07 4.2006e-14 1e+09
-1.026 1 1000 5e-07 1.03499e-13 1e+09
-1.022 1 1000 5e-07 2.08073e-13 1e+09
-1.018 1 1000 5e-07 7.33899e-14 1e+09
-1.014 1 1000 5e-07 5.10706e-14 1e+09
-1.01 1 1000 5e-07 2.35139e-13 1e+09
-1.006 1 1000 5e-07 4.96969e-13 1e+09
-1.002 1 1000 5e-07 3.62437e-13 1e+09
-0.998 1 1000 5e-07 3.08529e-13 1e+09
-0.994 1 1000 5e-07 1.79697e-13 1e+09
-0.99 1 1000 5e-07 1.22992e-13 1e+09
-0.986 1 1000 5e-07 4.50731e-14 1e+09
-0.982 1 1000 5e-07 8.68142e-14 1e+09
-0.978 1 1000 5e-07 3.59312e-14 1e+09
-0.974 1 1000 5e-07 -1.94752e-14 1e+09
-0.97 1 1000 5e-07 6.58231e-14 1e+09
-0.966 1 1000 5e-07 1.18228e-13 1e+09
-0.962 1 1000 5e-07 6.09869e-15 1e+09
-0.958 1 1000 5e-07 1.94613e-13 1e+09
-0.954 1 1000 5e-07 2.21539e-13 1e+09
-0.95 1 1000 5e-07 1.54177e-13 1e+09
-0.946 1 1000 5e-07 2.77097e-13 1e+09
-0.942 1 1000 5e-07 2.44227e-13 1e+09
-0.938 1 1000 5e-07 9.27014e-14 1e+09
-0.934 1 1000 5e-07 3.36887e-13 1e+09
-0.93 1 1000 5e-07 4.38701e-13 1e+09
-0.926 1 1000 5e-07 4.10336e-13 1e+09
-0.922 1 1000 5e-07 3.19127e-13 1e+09
-0.918 1 1000 5e-07 2.03574e-13 1e+09
-0.914 1 1000 5e-07 3.34061e-13 1e+09
-0.91 1 1000 5e-07 2.80164e-13 1e+09
-0.906 1 1000 5e-07 1.81272e-13 1e+09
-0.902 1 1000 5e-07 2.50097e-13 1e+09
-0.898 1 1000 5e-07 2.33775e-13 1e+09
-0.894 1 1000 5e-07 1.25982e-13 1e+09
-0.89 1 1000 5e-07 1.63289e-13 1e+09
-0.886 1 1000 5e-07 3.32358e-13 1e+09
-0.882 1 1000 5e-07 1.37721e-13 1e+09
-0.878 1 1000 5e-07 1.22775e-13 1e+09
-0.874 1 1000 5e-07 1.6001e-13 1e+09
-0.87 1 1000 5e-07 1.5719e-13 1e+09
-0.866 1 1000 5e-07 1.54188e-13 1e+09
-0.862 1 1000 5e-07 1.09157e-13 1e+09
-0.858 1 1000 5e-07 -4.48141e-14 1e+09
-0.854 1 1000 5e-07 -3.41482e-13 1e+09
-0.85 1 1000 5e-07 -2.11122e-13 1e+09
-0.846 1 1000 5e-07 -1.82717e-13 1e+09
-0.842 1 1000 5e-07 -1.0179e-13 1e+09
-0.838 1 1000 5e-07 -2.23031e-13 1e+09
-0.834 1 1000 5e-07 -3.87782e-13 1e+09
-0.83 1 1000 5e-07 -3.62461e-13 1e+09
-0.826 1 1000 5e-07 -1.12388e-13 1e+09
-0.822 1 1000 5e-07 -2.06334e-13 1e+09
-0.818 1 1000 5e-07 -1.45299e-13 1e+09
-0.814 1 1000 5e-07 -3.9156e-14 1e+09
-0.81 1 1000 5e-07 -9.26597e-14 1e+09
-0.806 1 1000 5e-07 -2.10327e-14 1e+09
-0.802 1 1000 5e-07 -1.96569e-14 1e+09
-0.798 1 1000 5e-07 8.53161e-14 1e+09
-0.794 1 1000 5e-07 1.31798e-13 1e+09
-0.79 1 1000 5e-07 2.91891e-13 1e+09
-0.786 1 1000 5e-07 6.54117e-13 1e+09
-0.782 1 1000 5e-07 1.13915e-12 1e+09
-0.778 1 1000 5e-07 1.97017e-12 1e+09
-0.774 1 1000 5e-07 3.70513e-12 1e+09
-0.77 1 1000 5e-07 6.28438e-12 1e+09
-0.766 1 1000 5e-07 1.10118e-11 1e+09
-0.762 1 1000 5e-07 1.93399e-11 1e+09
-0.758 1 1000 5e-07 3.36092e-11 1e+09
-0.754 1 1000 5e-07 5.83141e-11 1e+09
-0.75 1 1000 5e-07 1.00476e-10 1e+09
-0.746 1 1000 5e-07 1.72308e-10 1e+09
-0.742 1 1000 5e-07 2.9369e-10 1e+09
-0.738 1 1000 5e-07 4.97421e-10 1e+09
-0.734 1 1000 5e-07 8.38031e-10 1e+09
-0.73 1 1000 5e-07 1.4023e-09 1e+09
-0.726 1 1000 5e-07 2.33361e-09 1e+09
-0.722 1 1000 5e-07 3.85878e-09 1e+09
-0.718 1 1000 5e-07 6.34486e-09 1e+09
-0.714 1 1000 5e-07 1.03695e-08 1e+09
-0.71 1 1000 5e-07 1.68467e-08 1e+09
-0.706 1 1000 5e-07 2.72091e-08 1e+09
-0.702 1 1000 5e-07 4.36842e-08 1e+09
-0.698 1 1000 5e-07 6.97232e-08 1e+09
-0.694 1 1000 5e-07 1.10628e-07 1e+09
-0.69 1 1000 5e-07 1.745e-07 1e+09
-0.686 1 1000 5e-07 2.73634e-07 1e+09
-0.682 1 1000 5e-07 4.2657e-07 1e+09
-0.678 1 1000 5e-07 6.61093e-07 1e+09
-0.674 1 1000 5e-07 1.01857e-06 1e+09
-0.67 1 1000 5e-07 1.56018e-06 1e+09
-0.666 1 1000 5e-07 2.37586e-06 1e+09
-0.662 1 1000 5e-07 3.59695e-06 1e+09
-0.658 1 1000 5e-07 5.41397e-06 1e+09
-0.654 1 1000 5e-07 8.1016e-06 1e+09
-0.65 1 1000 5e-07 1.20532e-05 1e+09
-0.646 1 1000 5e-07 1.78286e-05 1e+09
-0.642 1 1000 5e-07 2.62189e-05 1e+09
-0.638 1 1000 5e-07 3.83356e-05 1e+09
-0.634 1 1000 5e-07 5.57294e-05 1e+09
-0.63 1 1000 5e-07 8.05498e-05 1e+09
-0.626 1 1000 5e-07 0.000115757 1e+09
-0.622 1 1000 5e-07 0.0001654 1e+09
-0.618 1 1000 5e-07 0.000234984 9.99999e+08
-0.614 1 1000 5e-07 0.000331937 9.99999e+08
-0.61 1 1000 5e-07 0.000466224 9.99999e+08
-0.606 1 1000 5e-07 0.000651118 9.99998e+08
-0.602 1 1000 5e-07 0.000904184 9.99998e+08
-0.598 1 1000 5e-07 0.0012485 9.99997e+08
-0.594 1 999.999 5e-07 0.00171422 9.99996e+08
-0.59 1 999.999 5e-07 0.00234039 9.99994e+08
-0.586 1 999.999 4.99999e-07 0.00317734 9.99992e+08
-0.582 1 999.998 4.99999e-07 0.00428942 9.9999e+08
-0.578 1 999.998 4.99999e-07 0.00575835 9.99986e+08
-0.574 1 999.997 4.99999e-07 0.00768721 9.99982e+08
-0.57 1 999.996 4.99998e-07 0.0102051 9.99976e+08
-0.566 1 999.995 4.99997e-07 0.0134725 9.99968e+08
-0.562 1 999.993 4.99997e-07 0.0176877 9.99957e+08
-0.558 1 999.991 4.99996e-07 0.0230936 9.99944e+08
-0.554 1 999.989 4.99994e-07 0.0299861 9.99927e+08
-0.55 1 999.985 4.99993e-07 0.0387223 9.99906e+08
-0.546 1 999.981 4.99991e-07 0.0497306 9.99879e+08
-0.542 1 999.976 4.99988e-07 0.0635212 9.99845e+08
-0.538 1 999.969 4.99985e-07 0.0806965 9.99803e+08
-0.534 1 999.961 4.99981e-07 0.101963 9.9975e+08
-0.53 1.00001 999.951 4.99976e-07 0.128142 9.99686e+08
-0.526 1.00001 999.939 4.9997e-07 0.160183 9.99606e+08
-0.522 1.00001 999.925 4.99962e-07 0.199171 9.99509e+08
-0.518 1.00001 999.907 4.99953e-07 0.246342 9.99391e+08
-0.514 1.00001 999.885 4.99943e-07 0.303085 9.9925e+08
-0.51 1.00001 999.86 4.9993e-07 0.370958 9.9908e+08
-0.506 1.00002 999.829 4.99915e-07 0.451682 9.98877e+08
-0.502 1.00002 999.793 4.99897e-07 0.547155 9.98637e+08
-0.498 1.00002 999.751 4.99875e-07 0.659441 9.98354e+08
-0.494 1.00003 999.701 4.99851e-07 0.790775 9.98023e+08
-0.49 1.00003 999.643 4.99822e-07 0.943548 9.97636e+08
-0.486 1.00003 999.577 4.99788e-07 1.1203 9.97188e+08
-0.482 1.00004 999.5 4.9975e-07 1.32371 9.96672e+08
-0.478 1.00004 999.412 4.99706e-07 1.55656 9.96079e+08
-0.474 1.00005 999.312 4.99656e-07 1.82175 9.95404e+08
-0.47 1.00006 999.198 4.99599e-07 2.1222 9.94637e+08
-0.466 1.00006 999.07 4.99535e-07 2.46094 9.93772e+08
-0.462 1.00007 998.927 4.99463e-07 2.84094 9.92799e+08
-0.458 1.00008 998.766 4.99383e-07 3.26521 9.91712e+08
-0.454 1.00009 998.588 4.99294e-07 3.73668 9.90503e+08
-0.45 1.0001 998.391 4.99196e-07 4.25821 9.89164e+08
-0.446 1.0001 998.174 4.99087e-07 4.83254 9.87687e+08
-0.442 1.00011 997.936 4.98968e-07 5.46229 9.86067e+08
-0.438 1.00012 997.677 4.98838e-07 6.1499 9.84296e+08
-0.434 1.00013 997.394 4.98697e-07 6.89764 9.8237e+08
-0.43 1.00014 997.088 4.98544e-07 7.70756 9.80282e+08
-0.426 1.00015 996.757 4.98379e-07 8.5815 9.78028e+08
-0.422 1.00016 996.402 4.98201e-07 9.52106 9.75604e+08
-0.418 1.00017 996.021 4.98011e-07 10.5276 9.73007e+08
-0.414 1.00018 995.615 4.97807e-07 11.6022 9.70234e+08
-0.41 1.0002 995.182 4.97591e-07 12.7458 9.67284e+08
-0.406 1.00021 994.723 4.97361e-07 13.959 9.64154e+08
-0.402 1.00022 994.237 4.97118e-07 15.2421 9.60845e+08
-0.398 1.00023 993.724 4.96862e-07 16.5953 9.57357e+08
-0.394 1.00024 993.184 4.96592e-07 18.0185 9.5369e+08
-0.39 1.00025 992.618 4.96309e-07 19.5115 9.49847e+08
-0.386 1.00026 992.026 4.96013e-07 21.0737 9.45828e+08
-0.382 1.00027 991.407 4.95703e-07 22.7044 9.41636e+08
-0.378 1.00028 990.762 4.95381e-07 24.4029 9.37275e+08
-0.374 1.00029 990.091 4.95046e-07 26.1682 9.32748e+08
-0.37 1.0003 989.395 4.94698e-07 27.9991 9.28057e+08
-0.366 1.00031 988.674 4.94337e-07 29.8943 9.23209e+08
-0.362 1.00032 987.929 4.93965e-07 31.8527 9.18206e+08
-0.358 1.00033 987.16 4.9358e-07 33.8727 9.13054e+08
-0.354 1.00034 986.367 4.93184e-07 35.9528 9.07757e+08
-0.35 1.00035 985.552 4.92776e-07 38.0915 9.0232e+08
-0.346 1.00035 984.715 4.92357e-07 40.2872 8.96748e+08
-0.342 1.00036 983.855 4.91928e-07 42.5383 8.91047e+08
-0.338 1.00037 982.975 4.91488e-07 44.8431 8.85222e+08
-0.334 1.00038 982.074 4.91037e-07 47.1999 8.79277e+08
-0.33 1.00038 981.154 4.90577e-07 49.607 8.73218e+08
-0.326 1.00039 980.214 4.90107e-07 52.0629 8.6705e+08
-0.322 1.0004 979.255 4.89628e-07 54.5659 8.60778e+08
-0.318 1.00041 978.278 4.89139e-07 57.1142 8.54408e+08
-0.314 1.00041 977.284 4.88642e-07 59.7064 8.47944e+08
-0.31 1.00042 976.273 4.88137e-07 62.3408 8.41391e+08
-0.306 1.00042 975.245 4.87623e-07 65.0159 8.34754e+08
-0.302 1.00043 974.202 4.87101e-07 67.7301 8.28038e+08
-0.298 1.00044 973.143 4.86572e-07 70.4821 8.21246e+08
-0.294 1.00044 972.07 4.86035e-07 73.2702 8.14384e+08
-0.29 1.00045 970.982 4.85491e-07 76.0933 8.07456e+08
-0.286 1.00045 969.88 4.8494e-07 78.9498 8.00465e+08
-0.282 1.00046 968.765 4.84383e-07 81.8385 7.93416e+08
-0.278 1.00046 967.638 4.83819e-07 84.7582 7.86313e+08
-0.274 1.00047 966.497 4.83249e-07 87.7075 7.79159e+08
-0.27 1.00047 965.345 4.82673e-07 90.6854 7.71958e+08
-0.266 1.00047 964.181 4.82091e-07 93.6906 7.64713e+08
-0.262 1.00048 963.006 4.81503e-07 96.7222 7.57428e+08
-0.258 1.00048 961.821 4.8091e-07 99.779 7.50105e+08
-0.254 1.00049 960.624 4.80312e-07 102.86 7.42748e+08
-0.25 1.00049 959.418 4.79709e-07 105.964 7.35359e+08
-0.246 1.00049 958.202 4.79101e-07 109.091 7.27942e+08
-0.242 1.0005 956.976 4.78488e-07 112.239 7.20499e+08
-0.238 1.0005 955.742 4.77871e-07 115.408 7.13032e+08
-0.234 1.00051 954.498 4.77249e-07 118.596 7.05544e+08
-0.23 1.00051 953.246 4.76623e-07 121.804 6.98038e+08
-0.226 1.00051 951.986 4.75993e-07 125.029 6.90515e+08
-0.222 1.00051 950.717 4.75359e-07 128.272 6.82978e+08
-0.218 1.00052 949.441 4.74721e-07 131.532 6.75428e+08
-0.214 1.00052 948.157 4.74079e-07 134.809 6.67868e+08
-0.21 1.00052 946.866 4.73433e-07 138.1 6.60299e+08
-0.206 1.00053 945.568 4.72784e-07 141.407 6.52723e+08
-0.202 1.00053 944.263 4.72132e-07 144.728 6.45143e+08
-0.198 1.00053 942.952 4.71476e-07 148.063 6.37558e+08
-0.194 1.00053 941.634 4.70817e-07 151.411 6.29972e+08
-0.19 1.00054 940.309 4.70155e-07 154.771 6.22385e+08
-0.186 1.00054 938.978 4.69489e-07 158.144 6.14799e+08
-0.182 1.00054 937.642 4.68821e-07 161.529 6.07215e+08
-0.178 1.00054 936.299 4.6815e-07 164.926 5.99635e+08
-0.174 1.00055 934.951 4.67476e-07 168.333 5.92059e+08
-0.17 1.00055 933.597 4.66799e-07 171.75 5.84489e+08
-0.166 1.00055 932.238 4.66119e-07 175.178 5.76926e+08
-0.162 1.00055 930.874 4.65437e-07 178.616 5.69371e+08
-0.158 1.00056 929.505 4.64752e-07 182.063 5.61825e+08
-0.154 1.00056 928.13 4.64065e-07 185.518 5.54289e+08
-0.15 1.00056 926.751 4.63376e-07 188.983 5.46764e+08
-0.146 1.00056 925.367 4.62684e-07 192.456 5.39251e+08
-0.142 1.00057 923.979 4.61989e-07 195.937 5.31751e+08
-0.138 1.00057 922.585 4.61293e-07 199.425 5.24264e+08
-0.134 1.00057 921.188 4.60594e-07 202.921 5.16792e+08
-0.13 1.00057 919.786 4.59893e-07 206.424 5.09334e+08
-0.126 1.00057 918.38 4.5919e-07 209.934 5.01893e+08
-0.122 1.00058 916.97 4.58485e-07 213.45 4.94469e+08
-0.118 1.00058 915.556 4.57778e-07 216.973 4.87062e+08
-0.114 1.00058 914.138 4.57069e-07 220.502 4.79672e+08
-0.11 1.00058 912.716 4.56358e-07 224.036 4.72302e+08
-0.106 1.00058 911.29 4.55645e-07 227.576 4.6495e+08
-0.102 1.00058 909.86 4.5493e-07 231.122 4.57618e+08
-0.098 1.00059 908.427 4.54214e-07 234.672 4.50307e+08
-0.094 1.00059 906.991 4.53495e-07 238.228 4.43016e+08
-0.09 1.00059 905.551 4.52775e-07 241.788 4.35747e+08
-0.086 1.00059 904.107 4.52054e-07 245.352 4.285e+08
-0.082 1.00059 902.66 4.5133e-07 248.921 4.21276e+08
-0.078 1.0006 901.21 4.50605e-07 252.493 4.14074e+08
-0.074 1.0006 899.757 4.49879e-07 256.07 4.06896e+08
-0.07 1.0006 898.301 4.49151e-07 259.65 3.99741e+08
-0.066 1.0006 896.842 4.48421e-07 263.233 3.92611e+08
-0.062 1.0006 895.38 4.4769e-07 266.82 3.85505e+08
-0.058 1.0006 893.915 4.46957e-07 270.41 3.78425e+08
-0.054 1.00061 892.447 4.46223e-07 274.002 3.7137e+08
-0.05 1.00061 890.976 4.45488e-07 277.597 3.64342e+08
-0.046 1.00061 889.503 4.44751e-07 281.195 3.57339e+08
-0.042 1.00061 888.027 4.44014e-07 284.794 3.50364e+08
-0.038 1.00061 886.549 4.43274e-07 288.396 3.43416e+08
-0.034 1.00061 885.068 4.42534e-07 291.999 3.36495e+08
-0.03 1.00061 883.585 4.41792e-07 295.604 3.29603e+08
-0.026 1.00062 882.099 4.4105e-07 299.21 3.22739e+08
-0.022 1.00062 880.612 4.40306e-07 302.818 3.15904e+08
-0.018 1.00062 879.122 4.39561e-07 306.426 3.09098e+08
-0.014 1.00062 877.63 4.38815e-07 310.035 3.02322e+08
-0.01 1.00062 876.137 4.38068e-07 313.645 2.95576e+08
-0.006 1.00062 874.641 4.37321e-07 317.254 2.8886e+08
-0.002 1.00062 873.144 4.36572e-07 320.863 2.82177e+08
0.002 1.00063 871.646 4.35823e-07 324.472 2.75524e+08
0.006 1.00063 870.146 4.35073e-07 328.079 2.68905e+08
0.01 1.00063 868.644 4.34322e-07 331.686 2.62318e+08
0.014 1.00063 867.142 4.33571e-07 335.291 2.55764e+08
0.018 1.00063 865.639 4.32819e-07 338.894 2.49244e+08
0.022 1.00063 864.134 4.32067e-07 342.495 2.42759e+08
0.026 1.00063 862.629 4.31315e-07 346.093 2.36309e+08
0.03 1.00063 861.124 4.30562e-07 349.689 2.29894e+08
0.034 1.00063 859.618 4.29809e-07 353.281 2.23515e+08
0.038 1.00064 858.111 4.29056e-07 356.869 2.17174e+08
0.042 1.00064 856.605 4.28303e-07 360.452 2.1087e+08
0.046 1.00064 855.099 4.2755e-07 364.031 2.04605e+08
0.05 1.00064 853.594 4.26797e-07 367.604 1.98379e+08
0.054 1.00064 852.089 4.26045e-07 371.171 1.92193e+08
0.058 1.00064 850.586 4.25293e-07 374.731 1.86049e+08
0.062 1.00064 849.084 4.24542e-07 378.283 1.79948e+08
0.066 1.00064 847.583 4.23792e-07 381.827 1.73889e+08
0.07 1.00064 846.085 4.23043e-07 385.362 1.67876e+08
0.074 1.00064 844.589 4.22295e-07 388.886 1.6191e+08
0.078 1.00064 843.097 4.21548e-07 392.399 1.55991e+08
0.082 1.00064 841.608 4.20804e-07 395.899 1.50122e+08
0.086 1.00064 840.123 4.20061e-07 399.386 1.44304e+08
0.09 1.00064 838.643 4.19321e-07 402.856 1.3854e+08
0.094 1.00064 837.168 4.18584e-07 406.31 1.32833e+08
0.098 1.00063 835.7 4.1785e-07 409.745 1.27184e+08
0.102 1.00063 834.239 4.17119e-07 413.159 1.21597e+08
0.106 1.00063 832.786 4.16393e-07 416.55 1.16075e+08
0.11 1.00063 831.342 4.15671e-07 419.915 1.10621e+08
0.114 1.00063 829.909 4.14955e-07 423.251 1.05241e+08
0.118 1.00062 828.488 4.14244e-07 426.556 9.99375e+07
0.122 1.00062 827.081 4.1354e-07 429.825 9.47166e+07
0.126 1.00061 825.689 4.12844e-07 433.054 8.9584e+07
0.13 1.00061 824.314 4.12157e-07 436.24 8.4546e+07
0.134 1.0006 822.959 4.11479e-07 439.377 7.96096e+07
0.138 1.0006 821.626 4.10813e-07 442.46 7.47827e+07
0.142 1.00059 820.317 4.10159e-07 445.482 7.00739e+07
0.146 1.00058 819.037 4.09518e-07 448.437 6.54928e+07
0.15 1.00057 817.787 4.08894e-07 451.318 6.10494e+07
0.154 1.00056 816.572 4.08286e-07 454.116 5.67549e+07
0.158 1.00055 815.395 4.07697e-07 456.824 5.26207e+07
0.162 1.00053 814.26 4.0713e-07 459.432 4.86591e+07
0.166 1.00052 813.172 4.06586e-07 461.931 4.48823e+07
0.17 1.0005 812.134 4.06067e-07 464.312 4.13027e+07
0.174 1.00048 811.15 4.05575e-07 466.567 3.7932e+07
0.178 1.00046 810.225 4.05112e-07 468.685 3.47812e+07
0.182 1.00044 809.362 4.04681e-07 470.66 3.18597e+07
0.186 1.00042 808.563 4.04282e-07 472.485 2.91751e+07
0.19 1.0004 807.832 4.03916e-07 474.155 2.67323e+07
0.194 1.00038 807.169 4.03585e-07 475.667 2.45333e+07
0.198 1.00035 806.576 4.03288e-07 477.02 2.2577e+07
0.202 1.00033 806.051 4.03025e-07 478.215 2.08583e+07
0.206 1.00031 805.592 4.02796e-07 479.257 1.93689e+07
0.21 1.00029 805.198 4.02599e-07 480.151 1.80971e+07
0.214 1.00027 804.864 4.02432e-07 480.908 1.7028e+07
0.218 1.00025 804.586 4.02293e-07 481.538 1.61445e+07
0.222 1.00023 804.358 4.02179e-07 482.052 1.54275e+07
0.226 1.00022 804.174 4.02087e-07 482.464 1.48572e+07
0.23 1.0002 804.03 4.02015e-07 482.787 1.44133e+07
0.234 1.00019 803.918 4.01959e-07 483.034 1.4076e+07
0.238 1.00019 803.835 4.01917e-07 483.219 1.38269e+07
0.242 1.00018 803.773 4.01887e-07 483.353 1.36487e+07
0.246 1.00017 803.729 4.01865e-07 483.446 1.35264e+07
0.25 1.00017 803.699 4.0185e-07 483.508 1.34468e+07
0.254 1.00017 803.68 4.0184e-07 483.547 1.33989e+07
0.258 1.00017 803.668 4.01834e-07 483.569 1.33734e+07
0.262 1.00017 803.66 4.0183e-07 483.579 1.33628e+07
0.266 1.00017 803.656 4.01828e-07 483.583 1.3361e+07
0.27 1.00017 803.653 4.01826e-07 483.583 1.33639e+07
0.274 1.00017 803.651 4.01826e-07 483.58 1.33714e+07
0.278 1.00017 803.652 4.01826e-07 483.574 1.33833e+07
0.282 1.00017 803.653 4.01827e-07 483.565 1.33986e+07
0.286 1.00017 803.655 4.01828e-07 483.554 1.34153e+07
0.29 1.00017 803.656 4.01828e-07 483.545 1.34288e+07
0.294 1.00017 803.657 4.01828e-07 483.539 1.34401e+07
0.298 1.00017 803.656 4.01828e-07 483.533 1.34491e+07
0.302 1.00018 803.656 4.01828e-07 483.529 1.34564e+07
0.306 1.00018 803.654 4.01827e-07 483.526 1.34627e+07
0.31 1.00018 803.653 4.01826e-07 483.523 1.34683e+07
0.314 1.00018 803.651 4.01825e-07 483.521 1.34736e+07
0.318 1.00018 803.649 4.01824e-07 483.518 1.34786e+07
0.322 1.00018 803.647 4.01823e-07 483.516 1.34836e+07
0.326 1.00018 803.645 4.01822e-07 483.514 1.34886e+07
0.33 1.00018 803.643 4.01821e-07 483.512 1.34936e+07
0.334 1.00019 803.641 4.0182e-07 483.509 1.34988e+07
0.338 1.00019 803.639 4.01819e-07 483.507 1.35042e+07
0.342 1.00019 803.637 4.01818e-07 483.504 1.35098e+07
0.346 1.00019 803.635 4.01817e-07 483.502 1.35156e+07
0.35 1.00019 803.633 4.01816e-07 483.499 1.35215e+07
0.354 1.00019 803.63 4.01815e-07 483.496 1.35272e+07
0.358 1.00019 803.628 4.01814e-07 483.494 1.35327e+07
0.362 1.0002 803.626 4.01813e-07 483.491 1.35379e+07
0.366 1.0002 803.623 4.01812e-07 483.489 1.35428e+07
0.37 1.0002 803.621 4.0181e-07 483.487 1.35476e+07
0.374 1.0002 803.618 4.01809e-07 483.485 1.35522e+07
0.378 1.0002 803.615 4.01807e-07 483.483 1.35567e+07
0.382 1.0002 803.612 4.01806e-07 483.481 1.35612e+07
0.386 1.00021 803.609 4.01804e-07 483.48 1.35656e+07
0.39 1.00021 803.605 4.01803e-07 483.478 1.357e+07
0.394 1.00021 803.602 4.01801e-07 483.476 1.35744e+07
0.398 1.00021 803.599 4.01799e-07 483.474 1.35789e+07
0.402 1.00021 803.595 4.01798e-07 483.473 1.35834e+07
0.406 1.00021 803.592 4.01796e-07 483.471 1.3588e+07
0.41 1.00021 803.588 4.01794e-07 483.469 1.35927e+07
0.414 1.00022 803.585 4.01792e-07 483.467 1.35976e+07
0.418 1.00022 803.581 4.01791e-07 483.465 1.36026e+07
0.422 1.00022 803.578 4.01789e-07 483.463 1.36078e+07
0.426 1.00022 803.574 4.01787e-07 483.46 1.36131e+07
0.43 1.00022 803.571 4.01785e-07 483.458 1.36187e+07
0.434 1.00022 803.567 4.01784e-07 483.455 1.36244e+07
0.438 1.00023 803.564 4.01782e-07 483.453 1.36303e+07
0.442 1.00023 803.56 4.0178e-07 483.45 1.36363e+07
0.446 1.00023 803.556 4.01778e-07 483.447 1.36425e+07
0.45 1.00023 803.552 4.01776e-07 483.444 1.36487e+07
0.454 1.00023 803.548 4.01774e-07 483.441 1.36551e+07
0.458 1.00024 803.544 4.01772e-07 483.438 1.36615e+07
0.462 1.00024 803.54 4.0177e-07 483.435 1.36679e+07
0.466 1.00024 803.536 4.01768e-07 483.432 1.36743e+07
0.47 1.00024 803.532 4.01766e-07 483.429 1.36806e+07
0.474 1.00024 803.527 4.01763e-07 483.426 1.36868e+07
0.478 1.00025 803.522 4.01761e-07 483.423 1.3693e+07
0.482 1.00025 803.517 4.01759e-07 483.42 1.36991e+07
0.486 1.00025 803.512 4.01756e-07 483.417 1.37051e+07
0.49 1.00025 803.507 4.01753e-07 483.415 1.3711e+07
0.494 1.00025 803.501 4.01751e-07 483.412 1.37169e+07
0.498 1.00025 803.496 4.01748e-07 483.409 1.37228e+07
0.502 1.00026 803.49 4.01745e-07 483.406 1.37285e+07
0.506 1.00026 803.484 4.01742e-07 483.404 1.37342e+07
0.51 1.00026 803.479 4.01739e-07 483.401 1.37399e+07
0.514 1.00026 803.473 4.01736e-07 483.398 1.37455e+07
0.518 1.00026 803.467 4.01733e-07 483.396 1.37511e+07
0.522 1.00027 803.46 4.0173e-07 483.393 1.37567e+07
0.526 1.00027 803.454 4.01727e-07 483.39 1.37622e+07
0.53 1.00027 803.448 4.01724e-07 483.388 1.37676e+07
0.534 1.00028 803.442 4.01721e-07 483.385 1.37731e+07
0.538 1.00028 803.436 4.01718e-07 483.383 1.37785e+07
0.542 1.00028 803.429 4.01715e-07 483.38 1.37839e+07
0.546 1.00029 803.423 4.01711e-07 483.378 1.37893e+07
0.55 1.00029 803.416 4.01708e-07 483.375 1.37947e+07
0.554 1.00029 803.409 4.01705e-07 483.373 1.38001e+07
0.558 1.0003 803.402 4.01701e-07 483.371 1.38054e+07
0.562 1.0003 803.395 4.01698e-07 483.369 1.38108e+07
0.566 1.0003 803.388 4.01694e-07 483.366 1.38162e+07
0.57 1.00031 803.381 4.0169e-07 483.364 1.38216e+07
0.574 1.00031 803.373 4.01686e-07 483.362 1.3827e+07
0.578 1.00032 803.365 4.01682e-07 483.36 1.38324e+07
0.582 1.00032 803.357 4.01678e-07 483.358 1.38378e+07
0.586 1.00033 803.349 4.01674e-07 483.356 1.38432e+07
0.59 1.00033 803.34 4.0167e-07 483.354 1.38486e+07
0.594 1.00034 803.331 4.01666e-07 483.352 1.38541e+07
0.598 1.00034 803.322 4.01661e-07 483.351 1.38595e+07
0.602 1.00035 803.313 4.01656e-07 483.349 1.38649e+07
0.606 1.00035 803.303 4.01651e-07 483.347 1.38703e+07
0.61 1.00036 803.293 4.01646e-07 483.345 1.38757e+07
0.614 1.00036 803.283 4.01641e-07 483.343 1.38811e+07
0.618 1.00037 803.272 4.01636e-07 483.342 1.38865e+07
0.622 1.00037 803.261 4.01631e-07 483.34 1.38918e+07
0.626 1.00038 803.25 4.01625e-07 483.338 1.38972e+07
0.63 1.00039 803.238 4.01619e-07 483.337 1.39025e+07
0.634 1.00039 803.226 4.01613e-07 483.335 1.39078e+07
0.638 1.0004 803.213 4.01607e-07 483.333 1.3913e+07
0.642 1.0004 803.2 4.016e-07 483.332 1.39183e+07
0.646 1.00041 803.187 4.01593e-07 483.33 1.39235e+07
0.65 1.00042 803.173 4.01587e-07 483.329 1.39286e+07
0.654 1.00043 803.159 4.01579e-07 483.327 1.39337e+07
0.658 1.00043 803.144 4.01572e-07 483.326 1.39388e+07
0.662 1.00044 803.128 4.01564e-07 483.325 1.39438e+07
0.666 1.00045 803.113 4.01556e-07 483.323 1.39488e+07
0.67 1.00046 803.096 4.01548e-07 483.322 1.39537e+07
0.674 1.00047 803.079 4.0154e-07 483.321 1.39585e+07
0.678 1.00048 803.062 4.01531e-07 483.32 1.39633e+07
0.682 1.00049 803.043 4.01522e-07 483.319 1.3968e+07
0.686 1.0005 803.025 4.01512e-07 483.318 1.39726e+07
0.69 1.00051 803.005 4.01503e-07 483.317 1.39772e+07
0.694 1.00052 802.985 4.01493e-07 483.316 1.39817e+07
0.698 1.00053 802.964 4.01482e-07 483.315 1.39862e+07
0.702 1.00054 802.943 4.01471e-07 483.314 1.39906e+07
0.706 1.00056 802.921 4.0146e-07 483.314 1.3995e+07
0.71 1.00057 802.897 4.01449e-07 483.313 1.39993e+07
0.714 1.00058 802.873 4.01437e-07 483.312 1.40036e+07
0.718 1.0006 802.848 4.01424e-07 483.312 1.40079e+07
0.722 1.00061 802.822 4.01411e-07 483.311 1.40122e+07
0.726 1.00063 802.794 4.01397e-07 483.311 1.40164e+07
0.73 1.00064 802.765 4.01382e-07 483.31 1.40207e+07
0.734 1.00066 802.734 4.01367e-07 483.31 1.40249e+07
0.738 1.00067 802.702 4.0135e-07 483.309 1.40291e+07
0.742 1.00069 802.667 4.01332e-07 483.309 1.40334e+07
0.746 1.0007 802.632 4.01307e-07 483.308 1.40376e+07
0.75 1.00072 802.594 4.01294e-07 483.308 1.40419e+07
0.754 1.00074 802.554 4.01312e-07 483.307 1.40462e+07
0.758 1.00076 802.513 4.01449e-07 483.307 1.40505e+07
0.762 1.00078 802.47 4.02088e-07 483.306 1.40548e+07
0.766 1.00081 802.424 4.04687e-07 483.306 1.40592e+07
0.77 1.00083 802.377 4.14484e-07 483.305 1.40636e+07
0.774 1.00086 802.327 4.49254e-07 483.305 1.4068e+07
0.778 1.00089 802.274 5.66205e-07 483.304 1.40724e+07
0.782 1.00092 802.219 9.40268e-07 483.304 1.40769e+07
0.786 1.00096 802.16 2.08084e-06 483.303 1.40814e+07
0.79 1.001 802.098 5.40332e-06 483.303 1.40858e+07
0.794 1.00104 802.031 1.46669e-05 483.303 1.40904e+07
0.798 1.00109 801.959 3.94294e-05 483.302 1.40949e+07
0.802 1.00114 801.881 0.000102988 483.302 1.40995e+07
0.806 1.0012 801.795 0.000259849 483.301 1.4104e+07
0.81 1.00127 801.7 0.000632551 483.301 1.41086e+07
0.814 1.00135 801.589 0.00148605 483.3 1.41132e+07
0.818 1.00142 801.457 0.00337187 483.3 1.41178e+07
0.822 1.00144 801.291 0.00739582 483.3 1.41224e+07
0.826 1.00141 801.066 0.0156951 483.299 1.4127e+07
0.83 1.0013 800.744 0.0322526 483.299 1.41316e+07
0.834 1.00103 800.257 0.0642291 483.299 1.41362e+07
0.838 1.00045 799.493 0.124045 483.298 1.41408e+07
0.842 0.999347 798.277 0.232487 483.298 1.41454e+07
0.846 0.997389 796.339 0.42312 483.298 1.415e+07
0.85 0.994072 793.283 0.748209 483.297 1.41546e+07
0.854 0.988685 788.552 1.2862 483.297 1.41592e+07
0.858 0.98026 781.388 2.15047 483.297 1.41638e+07
0.862 0.967537 770.816 3.49861 483.296 1.41683e+07
0.866 0.948965 755.635 5.54089 483.296 1.41728e+07
0.87 0.922739 734.46 8.5458 483.296 1.41771e+07
0.874 0.886909 705.791 12.8403 483.296 1.41814e+07
0.878 0.839552 668.162 18.8013 483.295 1.41855e+07
0.882 0.779023 620.318 26.8371 483.295 1.41894e+07
0.886 0.704266 561.459 37.3548 483.295 1.41932e+07
0.89 0.61514 491.489 50.7163 483.294 1.41967e+07
0.894 0.512718 411.236 67.184 483.294 1.41999e+07
0.898 0.399236 322.441 86.8621 483.295 1.42027e+07
0.902 0.286716 233.886 109.641 483.296 1.42052e+07
0.906 0.197495 163.163 135.158 483.301 1.42075e+07
0.91 0.130841 109.868 162.859 483.31 1.42097e+07
0.914 0.0833462 71.4578 189.906 483.312 1.4211e+07
0.918 0.0509709 44.8834 212.361 483.297 1.42105e+07
0.922 0.0298381 27.1964 230.349 483.228 1.42054e+07
0.926 0.0166333 15.8567 244.139 482.994 1.41874e+07
0.93 0.00875318 8.85095 253.815 482.316 1.4136e+07
0.934 0.004286 4.68515 259.148 480.523 1.40023e+07
0.938 0.00190618 2.31107 260.144 476.029 1.36746e+07
0.942 0.000739348 1.02853 256.055 465.177 1.29095e+07
0.946 0.000233242 0.388519 238.752 439.499 1.12313e+07
0.95 5.30209e-05 0.110349 195.286 378.6 7.9443e+06
0.954 6.41971e-06 0.0177171 118.78 232.781 3.03394e+06
0.958 1.74656e-07 0.000634737 59.8106 37.0349 298062
0.962 1.01497e-08 1.13684e-05 50.5169 0.810787 101988
0.966 9.99896e-09 1.00014e-05 50.0068 0.00726804 100019
0.97 9.99999e-09 1e-05 50.0001 6.59834e-05 100000
0.974 1e-08 1e-05 50 5.93946e-07 100000
0.978 1e-08 1e-05 50 5.33951e-09 100000
0.982 1e-08 1e-05 50 4.80791e-11 100000
0.986 1e-08 1e-05 50 4.32899e-13 100000
0.99 1e-08 1e-05 50 3.76008e-15 100000
0.994 1e-08 1e-05 50 0 100000
0.998 1e-08 1e-05 50 0 100000
1.002 1e-08 1e-05 50 0 100000
1.006 1e-08 1e-05 50 0 100000
1.01 1e-08 1e-05 50 0 100000
1.014 1e-08 1e-05 50 0 100000
1.018 1e-08 1e-05 50 0 100000
1.022 1e-08 1e-05 50 0 100000
1.026 1e-08 1e-05 50 0 100000
1.03 1e-08 1e-05 50 0 100000
1.034 1e-08 1e-05 50 0 100000
1.038 1e-08 1e-05 50 0 100000
1.042 1e-08 1e-05 50 0 100000
1.046 1e-08 1e-05 50 0 100000
1.05 1e-08 1e-05 50 0 100000
1.054 1e-08 1e-05 50 0 100000
1.058 1e-08 1e-05 50 0 100000
1.062 1e-08 1e-05 50 0 100000
1.066 1e-08 1e-05 50 0 100000
1.07 1e-08 1e-05 50 0 100000
1.074 1e-08 1e-05 50 0 100000
1.078 1e-08 1e-05 50 0 100000
1.082 1e-08 1e-05 50 0 100000
1.086 1e-08 1e-05 50 0 100000
1.09 1e-08 1e-05 50 0 100000
1.094 1e-08 1e-05 50 0 100000
1.098 1e-08 1e-05 50 0 100000
1.102 1e-08 1e-05 50 0 100000
1.106 1e-08 1e-05 50 0 100000
1.11 1e-08 1e-05 50 0 100000
1.114 1e-08 1e-05 50 0 100000
1.118 1e-08 1e-05 50 0 100000
1.122 1e-08 1e-05 50 0 100000
1.126 1e-08 1e-05 50 0 100000
1.13 1e-08 1e-05 50 0 100000
1.134 1e-08 1e-05 50 0 100000
1.138 1e-08 1e-05 50 0 100000
1.142 1e-08 1e-05 50 0 100000
1.146 1e-08 1e-05 50 0 100000
1.15 1e-08 1e-05 50 0 100000
1.154 1e-08 1e-05 50 0 100000
1.158 1e-08 1e-05 50 0 100000
1.162 1e-08 1e-05 50 0 100000
1.166 1e-08 1e-05 50 0 100000
1.17 1e-08 1e-05 50 0 100000
1.174 1e-08 1e-05 50 0 100000
1.178 1e-08 1e-05 50 0 100000
1.182 1e-08 1e-05 50 0 100000
1.186 1e-08 1e-05 50 0 100000
1.19 1e-08 1e-05 50 0 100000
1.194 1e-08 1e-05 50 0 100000
1.198 1e-08 1e-05 50 0 100000
1.202 1e-08 1e-05 50 0 100000
1.206 1e-08 1e-05 50 0 100000
1.21 1e-08 1e-05 50 0 100000
1.214 1e-08 1e-05 50 0 100000
1.218 1e-08 1e-05 50 0 100000
1.222 1e-08 1e-05 50 0 100000
1.226 1e-08 1e-05 50 0 100000
1.23 1e-08 1e-05 50 0 100000
1.234 1e-08 1e-05 50 0 100000
1.238 1e-08 1e-05 50 0 100000
1.242 1e-08 1e-05 50 0 100000
1.246 1e-08 1e-05 50 0 100000
1.25 1e-08 1e-05 50 0 100000
1.254 1e-08 1e-05 50 0 100000
1.258 1e-08 1e-05 50 0 100000
1.262 1e-08 1e-05 50 0 100000
1.266 1e-08 1e-05 50 0 100000
1.27 1e-08 1e-05 50 0 100000
1.274 1e-08 1e-05 50 0 100000
1.278 1e-08 1e-05 50 0 100000
1.282 1e-08 1e-05 50 0 100000
1.286 1e-08 1e-05 50 0 100000
1.29 1e-08 1e-05 50 0 100000
1.294 1e-08 1e-05 50 0 100000
1.298 1e-08 1e-05 50 0 100000
1.302 1e-08 1e-05 50 0 100000
1.306 1e-08 1e-05 50 0 100000
1.31 1e-08 1e-05 50 0 100000
1.314 1e-08 1e-05 50 0 100000
1.318 1e-08 1e-05 50 0 100000
1.322 1e-08 1e-05 50 0 100000
1.326 1e-08 1e-05 50 0 100000
1.33 1e-08 1e-05 50 0 100000
1.334 1e-08 1e-05 50 0 100000
1.338 1e-08 1e-05 50 0 100000
1.342 1e-08 1e-05 50 0 100000
1.346 1e-08 1e-05 50 0 100000
1.35 1e-08 1e-05 50 0 100000
1.354 1e-08 1e-05 50 0 100000
1.358 1e-08 1e-05 50 0 100000
1.362 1e-08 1e-05 50 0 100000
1.366 1e-08 1e-05 50 0 100000
1.37 1e-08 1e-05 50 0 100000
1.374 1e-08 1e-05 50 0 100000
1.378 1e-08 1e-05 50 0 100000
1.382 1e-08 1e-05 50 0 100000
1.386 1e-08 1e-05 50 0 100000
1.39 1e-08 1e-05 50 0 100000
1.394 1e-08 1e-05 50 0 100000
1.398 1e-08 1e-05 50 0 100000
1.402 1e-08 1e-05 50 0 100000
1.406 1e-08 1e-05 50 0 100000
1.41 1e-08 1e-05 50 0 100000
1.414 1e-08 1e-05 50 0 100000
1.418 1e-08 1e-05 50 0 100000
1.422 1e-08 1e-05 50 0 100000
1.426 1e-08 1e-05 50 0 100000
1.43 1e-08 1e-05 50 0 100000
1.434 1e-08 1e-05 50 0 100000
1.438 1e-08 1e-05 50 0 100000
1.442 1e-08 1e-05 50 0 100000
1.446 1e-08 1e-05 50 0 100000
1.45 1e-08 1e-05 50 0 100000
1.454 1e-08 1e-05 50 0 100000
1.458 1e-08 1e-05 50 0 100000
1.462 1e-08 1e-05 50 0 100000
1.466 1e-08 1e-05 50 0 100000
1.47 1e-08 1e-05 50 0 100000
1.474 1e-08 1e-05 50 0 100000
1.478 1e-08 1e-05 50 0 100000
1.482 1e-08 1e-05 50 0 100000
1.486 1e-08 1e-05 50 0 100000
1.49 1e-08 1e-05 50 0 100000
1.494 1e-08 1e-05 50 0 100000
1.498 1e-08 1e-05 50 0 100000
1.502 1e-08 1e-05 50 0 100000
1.506 1e-08 1e-05 50 0 100000
1.51 1e-08 1e-05 50 0 100000
1.514 1e-08 1e-05 50 0 100000
1.518 1e-08 1e-05 50 0 100000
1.522 1e-08 1e-05 50 0 100000
1.526 1e-08 1e-05 50 0 100000
1.53 1e-08 1e-05 50 0 100000
1.534 1e-08 1e-05 50 0 100000
1.538 1e-08 1e-05 50 0 100000
1.542 1e-08 1e-05 50 0 100000
1.546 1e-08 1e-05 50 0 100000
1.55 1e-08 1e-05 50 0 100000
1.554 1e-08 1e-05 50 0 100000
1.558 1e-08 1e-05 50 0 100000
1.562 1e-08 1e-05 50 0 100000
1.566 1e-08 1e-05 50 0 100000
1.57 1e-08 1e-05 50 0 100000
1.574 1e-08 1e-05 50 0 100000
1.578 1e-08 1e-05 50 0 100000
1.582 1e-08 1e-05 50 0 100000
1.586 1e-08 1e-05 50 0 100000
1.59 1e-08 1e-05 50 0 100000
1.594 1e-08 1e-05 50 0 100000
1.598 1e-08 1e-05 50 0 100000
1.602 1e-08 1e-05 50 0 100000
1.606 1e-08 1e-05 50 0 100000
1.61 1e-08 1e-05 50 0 100000
1.614 1e-08 1e-05 50 0 100000
1.618 1e-08 1e-05 50 0 100000
1.622 1e-08 1e-05 50 0 100000
1.626 1e-08 1e-05 50 0 100000
1.63 1e-08 1e-05 50 0 100000
1.634 1e-08 1e-05 50 0 100000
1.638 1e-08 1e-05 50 0 100000
1.642 1e-08 1e-05 50 0 100000
1.646 1e-08 1e-05 50 0 100000
1.65 1e-08 1e-05 50 0 100000
1.654 1e-08 1e-05 50 0 100000
1.658 1e-08 1e-05 50 0 100000
1.662 1e-08 1e-05 50 0 100000
1.666 1e-08 1e-05 50 0 100000
1.67 1e-08 1e-05 50 0 100000
1.674 1e-08 1e-05 50 0 100000
1.678 1e-08 1e-05 50 0 100000
1.682 1e-08 1e-05 50 0 100000
1.686 1e-08 1e-05 50 0 100000
1.69 1e-08 1e-05 50 0 100000
1.694 1e-08 1e-05 50 0 100000
1.698 1e-08 1e-05 50 0 100000
1.702 1e-08 1e-05 50 0 100000
1.706 1e-08 1e-05 50 0 100000
1.71 1e-08 1e-05 50 0 100000
1.714 1e-08 1e-05 50 0 100000
1.718 1e-08 1e-05 50 0 100000
1.722 1e-08 1e-05 50 0 100000
1.726 1e-08 1e-05 50 0 100000
1.73 1e-08 1e-05 50 0 100000
1.734 1e-08 1e-05 50 0 100000
1.738 1e-08 1e-05 50 0 100000
1.742 1e-08 1e-05 50 0 100000
1.746 1e-08 1e-05 50 0 100000
1.75 1e-08 1e-05 50 0 100000
1.754 1e-08 1e-05 50 0 100000
1.758 1e-08 1e-05 50 0 100000
1.762 1e-08 1e-05 50 0 100000
1.766 1e-08 1e-05 50 0 100000
1.77 1e-08 1e-05 50 0 100000
1.774 1e-08 1e-05 50 0 100000
1.778 1e-08 1e-05 50 0 100000
1.782 1e-08 1e-05 50 0 100000
1.786 1e-08 1e-05 50 0 100000
1.79 1e-08 1e-05 50 0 100000
1.794 1e-08 1e-05 50 0 100000
1.798 1e-08 1e-05 50 0 100000
1.802 1e-08 1e-05 50 0 100000
1.806 1e-08 1e-05 50 0 100000
1.81 1e-08 1e-05 50 0 100000
1.814 1e-08 1e-05 50 0 100000
1.818 1e-08 1e-05 50 0 100000
1.822 1e-08 1e-05 50 0 100000
1.826 1e-08 1e-05 50 0 100000
1.83 1e-08 1e-05 50 0 100000
1.834 1e-08 1e-05 50 0 100000
1.838 1e-08 1e-05 50 0 100000
1.842 1e-08 1e-05 50 0 100000
1.846 1e-08 1e-05 50 0 100000
1.85 1e-08 1e-05 50 0 100000
1.854 1e-08 1e-05 50 0 100000
1.858 1e-08 1e-05 50 0 100000
1.862 1e-08 1e-05 50 0 100000
1.866 1e-08 1e-05 50 0 100000
1.87 1e-08 1e-05 50 0 100000
1.874 1e-08 1e-05 50 0 100000
1.878 1e-08 1e-05 50 0 100000
1.882 1e-08 1e-05 50 0 100000
1.886 1e-08 1e-05 50 0 100000
1.89 1e-08 1e-05 50 0 100000
1.894 1e-08 1e-05 50 0 100000
1.898 1e-08 1e-05 50 0 100000
1.902 1e-08 1e-05 50 0 100000
1.906 1e-08 1e-05 50 0 100000
1.91 1e-08 1e-05 50 0 100000
1.914 1e-08 1e-05 50 0 100000
1.918 1e-08 1e-05 50 0 100000
1.922 1e-08 1e-05 50 0 100000
1.926 1e-08 1e-05 50 0 100000
1.93 1e-08 1e-05 50 0 100000
1.934 1e-08 1e-05 50 0 100000
1.938 1e-08 1e-05 50 0 100000
1.942 1e-08 1e-05 50 0 100000
1.946 1e-08 1e-05 50 0 100000
1.95 1e-08 1e-05 50 0 100000
1.954 1e-08 1e-05 50 0 100000
1.958 1e-08 1e-05 50 0 100000
1.962 1e-08 1e-05 50 0 100000
1.966 1e-08 1e-05 50 0 100000
1.97 1e-08 1e-05 50 0 100000
1.974 1e-08 1e-05 50 0 100000
1.978 1e-08 1e-05 50 0 100000
1.982 1e-08 1e-05 50 0 100000
1.986 1e-08 1e-05 50 0 100000
1.99 1e-08 1e-05 50 0 100000
1.994 1e-08 1e-05 50 0 100000
1.998 1e-08 1e-05 50 0 100000
