x alpha rho1 rho2 v p
-1.998 1 1000 5e-07 -1.18157e-12 1e+09
-1.994 1 1000 5e-07 -1.14108e-12 1e+09
-1.99 1 1000 5e-07 -9.75009e-13 1e+09
-1.986 1 1000 5e-07 -9.3755e-13 1e+09
-1.982 1 1000 5e-07 -8.55049e-13 1e+09
-1.978 1 1000 5e-07 -6.59104e-13 1e+09
-1.974 1 1000 5e-07 -5.58632e-13 1e+09
-1.97 1 1000 5e-07 -4.43221e-13 1e+09
-1.966 1 1000 5e-07 -6.25969e-13 1e+09
-1.962 1 1000 5e-07 -7.87712e-13 1e+09
-1.958 1 1000 5e-07 -9.71751e-13 1e+09
-1.954 1 1000 5e-07 -9.67427e-13 1e+09
-1.95 1 1000 5e-07 -8.71504e-13 1e+09
-1.946 1 1000 5e-07 -7.81647e-13 1e+09
-1.942 1 1000 5e-07 -7.53286e-13 1e+09
-1.938 1 1000 5e-07 -5.93059e-13 1e+09
-1.934 1 1000 5e-07 -6.34842e-13 1e+09
-1.93 1 1000 5e-07 -3.40167e-13 1e+09
-1.926 1 1000 5e-07 -3.44491e-13 1e+09
-1.922 1 1000 5e-07 -4.46029e-13 1e+09
-1.918 1 1000 5e-07 -2.11334e-13 1e+09
-1.914 1 1000 5e-07 -4.5816e-13 1e+09
-1.91 1 1000 5e-07 -1.16927e-13 1e+09
-1.906 1 1000 5e-07 -4.63325e-14 1e+09
-1.902 1 1000 5e-07 -1.3619e-13 1e+09
-1.898 1 1000 5e-07 1.40739e-13 1e+09
-1.894 1 1000 5e-07 9.09831e-15 1e+09
-1.89 1 1000 5e-07 -4.54914e-15 1e+09
-1.886 1 1000 5e-07 1.0912e-13 1e+09
-1.882 1 1000 5e-07 -7.79514e-14 1e+09
-1.878 1 1000 5e-07 -1.46805e-13 1e+09
-1.874 1 1000 5e-07 -3.42749e-13 1e+09
-1.87 1 1000 5e-07 -1.31866e-13 1e+09
-1.866 1 1000 5e-07 5.08817e-14 1e+09
-1.862 1 1000 5e-07 -1.49387e-14 1e+09
-1.858 1 1000 5e-07 -1.07829e-13 1e+09
-1.854 1 1000 5e-07 -3.71335e-13 1e+09
-1.85 1 1000 5e-07 -4.94103e-13 1e+09
-1.846 1 1000 5e-07 -4.65517e-13 1e+09
-1.842 1 1000 5e-07 -4.55127e-13 1e+09
-1.838 1 1000 5e-07 -2.86027e-13 1e+09
-1.834 1 1000 5e-07 -9.28901e-14 1e+09
-1.83 1 1000 5e-07 -1.48321e-13 1e+09
-1.826 1 1000 5e-07 -1.76682e-13 1e+09
-1.822 1 1000 5e-07 -8.70497e-14 1e+09
-1.818 1 1000 5e-07 -1.258e-13 1e+09
-1.814 1 1000 5e-07 -2.17174e-13 1e+09
-1.81 1 1000 5e-07 -3.03999e-13 1e+09
-1.806 1 1000 5e-07 1.94879e-14 1e+09
-1.802 1 1000 5e-07 1.8533e-13 1e+09
-1.798 1 1000 5e-07 -7.77263e-14 1e+09
-1.794 1 1000 5e-07 -1.0328e-13 1e+09
-1.79 1 1000 5e-07 -2.08076e-13 1e+09
-1.786 1 1000 5e-07 -6.27876e-14 1e+09
-1.782 1 1000 5e-07 5.2398e-14 1e+09
-1.778 1 1000 5e-07 8.37919e-14 1e+09
-1.774 1 1000 5e-07 1.28833e-13 1e+09
-1.77 1 1000 5e-07 6.4304e-14 1e+09
-1.766 1 1000 5e-07 -2.8361e-14 1e+09
-1.762 1 1000 5e-07 -9.56978e-14 1e+09
-1.758 1 1000 5e-07 9.11486e-14 1e+09
-1.754 1 1000 5e-07 -1.30349e-13 1e+09
-1.75 1 1000 5e-07 -8.81159e-14 1e+09
-1.746 1 1000 5e-07 -1.72133e-13 1e+09
-1.742 1 1000 5e-07 -4.35249e-14 1e+09
-1.738 1 1000 5e-07 6.73368e-14 1e+09
-1.734 1 1000 5e-07 3.44266e-14 1e+09
-1.73 1 1000 5e-07 9.13738e-14 1e+09
-1.726 1 1000 5e-07 1.00247e-13 1e+09
-1.722 1 1000 5e-07 1.48321e-13 1e+09
-1.718 1 1000 5e-07 1.33155e-13 1e+09
-1.714 1 1000 5e-07 1.39221e-13 1e+09
-1.71 1 1000 5e-07 -2.83597e-14 1e+09
-1.706 1 1000 5e-07 1.07829e-13 1e+09
-1.702 1 1000 5e-07 9.28902e-14 1e+09
-1.698 1 1000 5e-07 1.49387e-14 1e+09
-1.694 1 1000 5e-07 -2.38119e-14 1e+09
-1.69 1 1000 5e-07 9.0983e-15 1e+09
-1.686 1 1000 5e-07 -2.55534e-14 1e+09
-1.682 1 1000 5e-07 -3.00966e-13 1e+09
-1.678 1 1000 5e-07 -3.02482e-13 1e+09
-1.674 1 1000 5e-07 -2.38178e-13 1e+09
-1.67 1 1000 5e-07 -1.3423e-14 1e+09
-1.666 1 1000 5e-07 -1.03909e-14 1e+09
-1.662 1 1000 5e-07 1.00244e-13 1e+09
-1.658 1 1000 5e-07 3.44259e-14 1e+09
-1.654 1 1000 5e-07 -5.9974e-14 1e+09
-1.65 1 1000 5e-07 7.03669e-14 1e+09
-1.646 1 1000 5e-07 3.03082e-15 1e+09
-1.642 1 1000 5e-07 -9.44052e-14 1e+09
-1.638 1 1000 5e-07 -1.55679e-13 1e+09
-1.634 1 1000 5e-07 -3.32362e-13 1e+09
-1.63 1 1000 5e-07 -3.46009e-13 1e+09
-1.626 1 1000 5e-07 -3.28034e-13 1e+09
-1.622 1 1000 5e-07 -4.02952e-13 1e+09
-1.618 1 1000 5e-07 -4.86748e-13 1e+09
-1.614 1 1000 5e-07 -3.62462e-13 1e+09
-1.61 1 1000 5e-07 -3.41455e-13 1e+09
-1.606 1 1000 5e-07 -2.99224e-13 1e+09
-1.602 1 1000 5e-07 -1.03505e-13 1e+09
-1.598 1 1000 5e-07 -1.27318e-13 1e+09
-1.594 1 1000 5e-07 -3.63755e-13 1e+09
-1.59 1 1000 5e-07 -4.04469e-13 1e+09
-1.586 1 1000 5e-07 -3.86499e-13 1e+09
-1.582 1 1000 5e-07 -3.63983e-13 1e+09
-1.578 1 1000 5e-07 -3.47518e-13 1e+09
-1.574 1 1000 5e-07 -1.75164e-13 1e+09
-1.57 1 1000 5e-07 -7.18872e-14 1e+09
-1.566 1 1000 5e-07 9.72149e-14 1e+09
-1.562 1 1000 5e-07 2.40344e-14 1e+09
-1.558 1 1000 5e-07 1.34895e-13 1e+09
-1.554 1 1000 5e-07 2.33407e-13 1e+09
-1.55 1 1000 5e-07 3.42755e-13 1e+09
-1.546 1 1000 5e-07 4.67252e-13 1e+09
-1.542 1 1000 5e-07 3.90826e-13 1e+09
-1.538 1 1000 5e-07 4.53843e-13 1e+09
-1.534 1 1000 5e-07 5.6924e-13 1e+09
-1.53 1 1000 5e-07 2.4099e-13 1e+09
-1.526 1 1000 5e-07 3.03673e-15 1e+09
-1.522 1 1000 5e-07 -1.84044e-13 1e+09
-1.518 1 1000 5e-07 -2.66541e-13 1e+09
-1.514 1 1000 5e-07 -3.89757e-14 1e+09
-1.51 1 1000 5e-07 -1.96172e-13 1e+09
-1.506 1 1000 5e-07 -2.89061e-13 1e+09
-1.502 1 1000 5e-07 -2.21723e-13 1e+09
-1.498 1 1000 5e-07 -3.35394e-13 1e+09
-1.494 1 1000 5e-07 -4.49284e-13 1e+09
-1.49 1 1000 5e-07 -4.56866e-13 1e+09
-1.486 1 1000 5e-07 -4.94111e-13 1e+09
-1.482 1 1000 5e-07 -5.1489e-13 1e+09
-1.478 1 1000 5e-07 -3.95588e-13 1e+09
-1.474 1 1000 5e-07 -3.17422e-13 1e+09
-1.47 1 1000 5e-07 -1.91401e-13 1e+09
-1.466 1 1000 5e-07 -2.33626e-13 1e+09
-1.462 1 1000 5e-07 -4.63351e-14 1e+09
-1.458 1 1000 5e-07 2.07844e-14 1e+09
-1.454 1 1000 5e-07 -7.34029e-14 1e+09
-1.45 1 1000 5e-07 1.782e-13 1e+09
-1.446 1 1000 5e-07 3.87559e-14 1e+09
-1.442 1 1000 5e-07 -7.18852e-14 1e+09
-1.438 1 1000 5e-07 -7.31778e-14 1e+09
-1.434 1 1000 5e-07 4.63325e-14 1e+09
-1.43 1 1000 5e-07 1.56972e-13 1e+09
-1.426 1 1000 5e-07 -3.87499e-14 1e+09
-1.422 1 1000 5e-07 1.69325e-13 1e+09
-1.418 1 1000 5e-07 3.03994e-13 1e+09
-1.414 1 1000 5e-07 6.28806e-15 1e+09
-1.41 1 1000 5e-07 1.3597e-13 1e+09
-1.406 1 1000 5e-07 -4.65596e-14 1e+09
-1.402 1 1000 5e-07 -2.97934e-13 1e+09
-1.398 1 1000 5e-07 -3.473e-13 1e+09
-1.394 1 1000 5e-07 -3.13957e-14 1e+09
-1.39 1 1000 5e-07 8.96343e-14 1e+09
-1.386 1 1000 5e-07 1.3338e-13 1e+09
-1.382 1 1000 5e-07 1.51348e-13 1e+09
-1.378 1 1000 5e-07 1.19518e-13 1e+09
-1.374 1 1000 5e-07 -1.92614e-14 1e+09
-1.37 1 1000 5e-07 -5.67247e-14 1e+09
-1.366 1 1000 5e-07 -4.55043e-15 1e+09
-1.362 1 1000 5e-07 -6.27882e-14 1e+09
-1.358 1 1000 5e-07 -1.22768e-13 1e+09
-1.354 1 1000 5e-07 -6.43053e-14 1e+09
-1.35 1 1000 5e-07 -1.67808e-13 1e+09
-1.346 1 1000 5e-07 -2.77373e-13 1e+09
-1.342 1 1000 5e-07 -3.83464e-13 1e+09
-1.338 1 1000 5e-07 -3.71339e-13 1e+09
-1.334 1 1000 5e-07 -2.75635e-13 1e+09
-1.33 1 1000 5e-07 -1.87073e-13 1e+09
-1.326 1 1000 5e-07 -2.36662e-13 1e+09
-1.322 1 1000 5e-07 -2.20205e-13 1e+09
-1.318 1 1000 5e-07 -1.6629e-13 1e+09
-1.314 1 1000 5e-07 -3.29082e-14 1e+09
-1.31 1 1000 5e-07 1.3619e-13 1e+09
-1.306 1 1000 5e-07 9.09635e-15 1e+09
-1.302 1 1000 5e-07 1.06311e-13 1e+09
-1.298 1 1000 5e-07 -8.98567e-14 1e+09
-1.294 1 1000 5e-07 9.56978e-14 1e+09
-1.29 1 1000 5e-07 -7.18846e-14 1e+09
-1.286 1 1000 5e-07 -1.74948e-13 1e+09
-1.282 1 1000 5e-07 6.5823e-14 1e+09
-1.278 1 1000 5e-07 -8.98541e-14 1e+09
-1.274 1 1000 5e-07 8.68188e-14 1e+09
-1.27 1 1000 5e-07 4.20105e-14 1e+09
-1.266 1 1000 5e-07 1.90104e-13 1e+09
-1.262 1 1000 5e-07 2.13921e-13 1e+09
-1.258 1 1000 5e-07 6.45285e-14 1e+09
-1.254 1 1000 5e-07 3.46445e-14 1e+09
-1.25 1 1000 5e-07 6.73381e-14 1e+09
-1.246 1 1000 5e-07 2.98801e-14 1e+09
-1.242 1 1000 5e-07 -4.9589e-14 1e+09
-1.238 1 1000 5e-07 -1.60229e-13 1e+09
-1.234 1 1000 5e-07 -1.25799e-13 1e+09
-1.23 1 1000 5e-07 -1.60228e-13 1e+09
-1.226 1 1000 5e-07 -2.06336e-13 1e+09
-1.222 1 1000 5e-07 -1.517e-15 1e+09
-1.218 1 1000 5e-07 1.45068e-13 1e+09
-1.214 1 1000 5e-07 1.93142e-13 1e+09
-1.21 1 1000 5e-07 4.01214e-13 1e+09
-1.206 1 1000 5e-07 4.43445e-13 1e+09
-1.202 1 1000 5e-07 4.58161e-13 1e+09
-1.198 1 1000 5e-07 3.72629e-13 1e+09
-1.194 1 1000 5e-07 7.492e-14 1e+09
-1.19 1 1000 5e-07 -7.94625e-14 1e+09
-1.186 1 1000 5e-07 1.67808e-13 1e+09
-1.182 1 1000 5e-07 4.04464e-13 1e+09
-1.178 1 1000 5e-07 3.33874e-13 1e+09
-1.174 1 1000 5e-07 2.97937e-13 1e+09
-1.17 1 1000 5e-07 2.50083e-13 1e+09
-1.166 1 1000 5e-07 2.24753e-13 1e+09
-1.162 1 1000 5e-07 5.0883e-14 1e+09
-1.158 1 1000 5e-07 -6.06486e-15 1e+09
-1.154 1 1000 5e-07 1.97104e-14 1e+09
-1.15 1 1000 5e-07 1.0025e-13 1e+09
-1.146 1 1000 5e-07 2.34925e-13 1e+09
-1.142 1 1000 5e-07 2.17395e-13 1e+09
-1.138 1 1000 5e-07 3.71559e-13 1e+09
-1.134 1 1000 5e-07 5.64696e-13 1e+09
-1.13 1 1000 5e-07 6.02152e-13 1e+09
-1.126 1 1000 5e-07 6.07996e-13 1e+09
-1.122 1 1000 5e-07 3.71336e-13 1e+09
-1.118 1 1000 5e-07 5.16626e-13 1e+09
-1.114 1 1000 5e-07 6.36359e-13 1e+09
-1.11 1 1000 5e-07 5.51275e-13 1e+09
-1.106 1 1000 5e-07 8.9099e-13 1e+09
-1.102 1 1000 5e-07 1.10923e-12 1e+09
-1.098 1 1000 5e-07 1.51241e-12 1e+09
-1.094 1 1000 5e-07 2.39386e-12 1e+09
-1.09 1 1000 5e-07 3.60334e-12 1e+09
-1.086 1 1000 5e-07 5.89845e-12 1e+09
-1.082 1 1000 5e-07 9.41497e-12 1e+09
-1.078 1 1000 5e-07 1.5379e-11 1e+09
-1.074 1 1000 5e-07 2.55531e-11 1e+09
-1.07 1 1000 5e-07 4.12361e-11 1e+09
-1.066 1 1000 5e-07 6.75378e-11 1e+09
-1.062 1 1000 5e-07 1.08713e-10 1e+09
-1.058 1 1000 5e-07 1.75603e-10 1e+09
-1.054 1 1000 5e-07 2.8162e-10 1e+09
-1.05 1 1000 5e-07 4.49779e-10 1e+09
-1.046 1 1000 5e-07 7.15445e-10 1e+09
-1.042 1 1000 5e-07 1.1323e-09 1e+09
-1.038 1 1000 5e-07 1.78457e-09 1e+09
-1.034 1 1000 5e-07 2.79862e-09 1e+09
-1.03 1 1000 5e-07 4.36744e-09 1e+09
-1.026 1 1000 5e-07 6.78442e-09 1e+09
-1.022 1 1000 5e-07 1.04893e-08 1e+09
-1.018 1 1000 5e-07 1.61417e-08 1e+09
-1.014 1 1000 5e-07 2.4724e-08 1e+09
-1.01 1 1000 5e-07 3.76917e-08 1e+09
-1.006 1 1000 5e-07 5.71934e-08 1e+09
-1.002 1 1000 5e-07 8.63799e-08 1e+09
-0.998 1 1000 5e-07 1.29853e-07 1e+09
-0.994 1 1000 5e-07 1.94297e-07 1e+09
-0.99 1 1000 5e-07 2.89372e-07 1e+09
-0.986 1 1000 5e-07 4.2897e-07 1e+09
-0.982 1 1000 5e-07 6.32965e-07 1e+09
-0.978 1 1000 5e-07 9.29643e-07 1e+09
-0.974 1 1000 5e-07 1.35906e-06 1e+09
-0.97 1 1000 5e-07 1.97767e-06 1e+09
-0.966 1 1000 5e-07 2.86457e-06 1e+09
-0.962 1 1000 5e-07 4.13011e-06 1e+09
-0.958 1 1000 5e-07 5.92736e-06 1e+09
-0.954 1 1000 5e-07 8.46764e-06 1e+09
-0.95 1 1000 5e-07 1.20411e-05 1e+09
-0.946 1 1000 5e-07 1.70443e-05 1e+09
-0.942 1 1000 5e-07 2.4016e-05 1e+09
-0.938 1 1000 5e-07 3.3685e-05 1e+09
-0.934 1 1000 5e-07 4.70313e-05 1e+09
-0.93 1 1000 5e-07 6.53669e-05 1e+09
-0.926 1 1000 5e-07 9.04379e-05 1e+09
-0.922 1 1000 5e-07 0.000124557 1e+09
-0.918 1 1000 5e-07 0.000170772 1e+09
-0.914 1 1000 5e-07 0.000233076 9.99999e+08
-0.91 1 1000 5e-07 0.000316675 9.99999e+08
-0.906 1 1000 5e-07 0.000428321 9.99999e+08
-0.902 1 1000 5e-07 0.000576723 9.99999e+08
-0.898 1 1000 5e-07 0.000773059 9.99998e+08
-0.894 1 1000 5e-07 0.00103159 9.99998e+08
-0.89 1 999.999 5e-07 0.00137043 9.99997e+08
-0.886 1 999.999 5e-07 0.00181245 9.99996e+08
-0.882 1 999.999 5e-07 0.00238636 9.99994e+08
-0.878 1 999.999 4.99999e-07 0.00312803 9.99992e+08
-0.874 1 999.998 4.99999e-07 0.00408204 9.9999e+08
-0.87 1 999.998 4.99999e-07 0.00530343 9.99987e+08
-0.866 1 999.997 4.99999e-07 0.00685987 9.99983e+08
-0.862 1 999.997 4.99998e-07 0.00883401 9.99979e+08
-0.858 1 999.996 4.99998e-07 0.0113263 9.99972e+08
-0.854 1 999.995 4.99997e-07 0.0144581 9.99965e+08
-0.85 1 999.993 4.99997e-07 0.0183751 9.99955e+08
-0.846 1 999.991 4.99996e-07 0.0232516 9.99943e+08
-0.842 1 999.989 4.99994e-07 0.0292943 9.99928e+08
-0.838 1 999.986 4.99993e-07 0.0367475 9.9991e+08
-0.834 1 999.983 4.99991e-07 0.0458978 9.99887e+08
-0.83 1 999.978 4.99989e-07 0.0570797 9.99859e+08
-0.826 1 999.973 4.99987e-07 0.0706813 9.99826e+08
-0.822 1 999.967 4.99984e-07 0.0871499 9.99785e+08
-0.818 1 999.96 4.9998e-07 0.106998 9.99735e+08
-0.814 1 999.951 4.99975e-07 0.13081 9.99675e+08
-0.81 1.00001 999.94 4.9997e-07 0.159246 9.99604e+08
-0.806 1.00001 999.927 4.99963e-07 0.19305 9.99519e+08
-0.802 1.00001 999.912 4.99956e-07 0.233051 9.99419e+08
-0.798 1.00001 999.894 4.99947e-07 0.280174 9.993e+08
-0.794 1.00001 999.873 4.99937e-07 0.335434 9.99161e+08
-0.79 1.00001 999.849 4.99924e-07 0.399947 9.98998e+08
-0.786 1.00001 999.82 4.9991e-07 0.474928 9.98808e+08
-0.782 1.00002 999.788 4.99894e-07 0.561688 9.98588e+08
-0.778 1.00002 999.75 4.99875e-07 0.661638 9.98335e+08
-0.774 1.00002 999.707 4.99853e-07 0.776281 9.98043e+08
-0.77 1.00003 999.657 4.99829e-07 0.907211 9.9771e+08
-0.766 1.00003 999.601 4.99801e-07 1.0561 9.9733e+08
-0.762 1.00003 999.537 4.99769e-07 1.2247 9.969e+08
-0.758 1.00004 999.466 4.99733e-07 1.41483 9.96414e+08
-0.754 1.00004 999.385 4.99692e-07 1.62834 9.95868e+08
-0.75 1.00004 999.295 4.99647e-07 1.86714 9.95256e+08
-0.746 1.00005 999.194 4.99597e-07 2.13317 9.94573e+08
-0.742 1.00005 999.083 4.99541e-07 2.42837 9.93815e+08
-0.738 1.00006 998.96 4.9948e-07 2.75466 9.92976e+08
-0.734 1.00006 998.824 4.99412e-07 3.11396 9.92052e+08
-0.73 1.00007 998.675 4.99338e-07 3.50816 9.91036e+08
-0.726 1.00008 998.512 4.99256e-07 3.93906 9.89925e+08
-0.722 1.00008 998.335 4.99168e-07 4.40844 9.88715e+08
-0.718 1.00009 998.143 4.99071e-07 4.91795 9.87399e+08
-0.714 1.0001 997.935 4.98967e-07 5.46918 9.85976e+08
-0.71 1.0001 997.71 4.98855e-07 6.06359 9.8444e+08
-0.706 1.00011 997.469 4.98734e-07 6.70254 9.82788e+08
-0.702 1.00012 997.21 4.98605e-07 7.38724 9.81017e+08
-0.698 1.00013 996.933 4.98467e-07 8.11879 9.79124e+08
-0.694 1.00013 996.639 4.98319e-07 8.89813 9.77108e+08
-0.69 1.00014 996.326 4.98163e-07 9.72607 9.74966e+08
-0.686 1.00015 995.994 4.97997e-07 10.6033 9.72696e+08
-0.682 1.00016 995.643 4.97822e-07 11.5302 9.70298e+08
-0.678 1.00016 995.273 4.97637e-07 12.5074 9.6777e+08
-0.674 1.00017 994.884 4.97442e-07 13.5349 9.65113e+08
-0.67 1.00018 994.476 4.97238e-07 14.6129 9.62326e+08
-0.666 1.00019 994.049 4.97024e-07 15.7413 9.5941e+08
-0.662 1.00019 993.602 4.96801e-07 16.92 9.56365e+08
-0.658 1.0002 993.137 4.96568e-07 18.1487 9.53194e+08
-0.654 1.00021 992.652 4.96326e-07 19.427 9.49896e+08
-0.65 1.00022 992.149 4.96074e-07 20.7545 9.46475e+08
-0.646 1.00022 991.626 4.95813e-07 22.1305 9.42931e+08
-0.642 1.00023 991.086 4.95543e-07 23.5544 9.39267e+08
-0.638 1.00024 990.527 4.95264e-07 25.0254 9.35486e+08
-0.634 1.00025 989.951 4.94976e-07 26.5427 9.3159e+08
-0.63 1.00025 989.357 4.94679e-07 28.1054 9.27582e+08
-0.626 1.00026 988.746 4.94373e-07 29.7127 9.23465e+08
-0.622 1.00027 988.118 4.94059e-07 31.3636 9.19241e+08
-0.618 1.00027 987.473 4.93737e-07 33.0569 9.14915e+08
-0.614 1.00028 986.813 4.93406e-07 34.7918 9.10488e+08
-0.61 1.00028 986.136 4.93068e-07 36.5672 9.05965e+08
-0.606 1.00029 985.445 4.92722e-07 38.382 9.01349e+08
-0.602 1.0003 984.738 4.92369e-07 40.235 8.96643e+08
-0.598 1.0003 984.017 4.92008e-07 42.1253 8.91851e+08
-0.594 1.00031 983.281 4.91641e-07 44.0517 8.86975e+08
-0.59 1.00031 982.532 4.91266e-07 46.0131 8.82019e+08
-0.586 1.00032 981.769 4.90885e-07 48.0085 8.76987e+08
-0.582 1.00032 980.994 4.90497e-07 50.0368 8.71881e+08
-0.578 1.00033 980.205 4.90103e-07 52.097 8.66705e+08
-0.574 1.00033 979.405 4.89702e-07 54.1879 8.61462e+08
-0.57 1.00033 978.592 4.89296e-07 56.3087 8.56155e+08
-0.566 1.00034 977.768 4.88884e-07 58.4582 8.50787e+08
-0.562 1.00034 976.933 4.88467e-07 60.6355 8.45362e+08
-0.558 1.00035 976.087 4.88044e-07 62.8396 8.39881e+08
-0.554 1.00035 975.231 4.87615e-07 65.0697 8.34347e+08
-0.55 1.00035 974.364 4.87182e-07 67.3248 8.28764e+08
-0.546 1.00036 973.488 4.86744e-07 69.604 8.23135e+08
-0.542 1.00036 972.602 4.86301e-07 71.9064 8.1746e+08
-0.538 1.00037 971.707 4.85853e-07 74.2313 8.11744e+08
-0.534 1.00037 970.803 4.85401e-07 76.5778 8.05989e+08
-0.53 1.00037 969.89 4.84945e-07 78.9451 8.00196e+08
-0.526 1.00038 968.969 4.84485e-07 81.3325 7.94368e+08
-0.522 1.00038 968.04 4.8402e-07 83.7393 7.88507e+08
-0.518 1.00038 967.103 4.83551e-07 86.1648 7.82616e+08
-0.514 1.00038 966.158 4.83079e-07 88.6082 7.76696e+08
-0.51 1.00039 965.206 4.82603e-07 91.069 7.70749e+08
-0.506 1.00039 964.247 4.82124e-07 93.5465 7.64778e+08
-0.502 1.00039 963.281 4.81641e-07 96.04 7.58783e+08
-0.498 1.00039 962.309 4.81154e-07 98.5491 7.52767e+08
-0.494 1.0004 961.329 4.80665e-07 101.073 7.46731e+08
-0.49 1.0004 960.344 4.80172e-07 103.611 7.40676e+08
-0.486 1.0004 959.352 4.79676e-07 106.164 7.34606e+08
-0.482 1.0004 958.355 4.79177e-07 108.729 7.2852e+08
-0.478 1.00041 957.352 4.78676e-07 111.308 7.2242e+08
-0.474 1.00041 956.343 4.78171e-07 113.899 7.16308e+08
-0.47 1.00041 955.328 4.77664e-07 116.502 7.10184e+08
-0.466 1.00041 954.309 4.77154e-07 119.117 7.04051e+08
-0.462 1.00041 953.284 4.76642e-07 121.742 6.97909e+08
-0.458 1.00042 952.255 4.76127e-07 124.379 6.91759e+08
-0.454 1.00042 951.22 4.7561e-07 127.026 6.85603e+08
-0.45 1.00042 950.181 4.7509e-07 129.682 6.79442e+08
-0.446 1.00042 949.137 4.74569e-07 132.349 6.73276e+08
-0.442 1.00042 948.089 4.74044e-07 135.025 6.67106e+08
-0.438 1.00043 947.036 4.73518e-07 137.71 6.60934e+08
-0.434 1.00043 945.98 4.7299e-07 140.403 6.5476e+08
-0.43 1.00043 944.919 4.72459e-07 143.105 6.48586e+08
-0.426 1.00043 943.854 4.71927e-07 145.815 6.42411e+08
-0.422 1.00043 942.785 4.71392e-07 148.533 6.36238e+08
-0.418 1.00043 941.712 4.70856e-07 151.259 6.30065e+08
-0.414 1.00044 940.635 4.70318e-07 153.992 6.23895e+08
-0.41 1.00044 939.555 4.69778e-07 156.732 6.17728e+08
-0.406 1.00044 938.472 4.69236e-07 159.479 6.11564e+08
-0.402 1.00044 937.384 4.68692e-07 162.232 6.05405e+08
-0.398 1.00044 936.294 4.68147e-07 164.992 5.9925e+08
-0.394 1.00044 935.2 4.676e-07 167.758 5.93101e+08
-0.39 1.00044 934.103 4.67051e-07 170.53 5.86957e+08
-0.386 1.00045 933.002 4.66501e-07 173.308 5.8082e+08
-0.382 1.00045 931.899 4.65949e-07 176.091 5.7469e+08
-0.378 1.00045 930.792 4.65396e-07 178.88 5.68568e+08
-0.374 1.00045 929.683 4.64841e-07 181.674 5.62454e+08
-0.37 1.00045 928.57 4.64285e-07 184.473 5.56348e+08
-0.366 1.00045 927.455 4.63727e-07 187.277 5.50251e+08
-0.362 1.00045 926.337 4.63168e-07 190.086 5.44164e+08
-0.358 1.00046 925.216 4.62608e-07 192.899 5.38086e+08
-0.354 1.00046 924.092 4.62046e-07 195.717 5.32019e+08
-0.35 1.00046 922.966 4.61483e-07 198.539 5.25962e+08
-0.346 1.00046 921.837 4.60918e-07 201.365 5.19916e+08
-0.342 1.00046 920.705 4.60353e-07 204.195 5.13881e+08
-0.338 1.00046 919.571 4.59786e-07 207.029 5.07858e+08
-0.334 1.00046 918.435 4.59217e-07 209.867 5.01847e+08
-0.33 1.00046 917.296 4.58648e-07 212.709 4.95848e+08
-0.326 1.00047 916.155 4.58077e-07 215.554 4.89862e+08
-0.322 1.00047 915.011 4.57506e-07 218.402 4.83888e+08
-0.318 1.00047 913.865 4.56933e-07 221.253 4.77928e+08
-0.314 1.00047 912.717 4.56358e-07 224.108 4.71982e+08
-0.31 1.00047 911.566 4.55783e-07 226.966 4.66049e+08
-0.306 1.00047 910.414 4.55207e-07 229.826 4.6013e+08
-0.302 1.00047 909.259 4.5463e-07 232.69 4.54225e+08
-0.298 1.00047 908.102 4.54051e-07 235.556 4.48335e+08
-0.294 1.00048 906.943 4.53472e-07 238.425 4.4246e+08
-0.29 1.00048 905.782 4.52891e-07 241.296 4.36599e+08
-0.286 1.00048 904.619 4.5231e-07 244.17 4.30754e+08
-0.282 1.00048 903.454 4.51727e-07 247.046 4.24924e+08
-0.278 1.00048 902.287 4.51144e-07 249.925 4.1911e+08
-0.274 1.00048 901.118 4.50559e-07 252.805 4.13312e+08
-0.27 1.00048 899.948 4.49974e-07 255.688 4.0753e+08
-0.266 1.00048 898.775 4.49387e-07 258.572 4.01764e+08
-0.262 1.00048 897.601 4.488e-07 261.459 3.96014e+08
-0.258 1.00048 896.424 4.48212e-07 264.347 3.90281e+08
-0.254 1.00049 895.246 4.47623e-07 267.237 3.84565e+08
-0.25 1.00049 894.067 4.47033e-07 270.128 3.78866e+08
-0.246 1.00049 892.885 4.46443e-07 273.021 3.73184e+08
-0.242 1.00049 891.702 4.45851e-07 275.916 3.6752e+08
-0.238 1.00049 890.517 4.45259e-07 278.811 3.61873e+08
-0.234 1.00049 889.331 4.44665e-07 281.708 3.56244e+08
-0.23 1.00049 888.143 4.44071e-07 284.607 3.50632e+08
-0.226 1.00049 886.953 4.43477e-07 287.506 3.45039e+08
-0.222 1.00049 885.762 4.42881e-07 290.406 3.39464e+08
-0.218 1.00049 884.57 4.42285e-07 293.307 3.33907e+08
-0.214 1.0005 883.376 4.41688e-07 296.209 3.2837e+08
-0.21 1.0005 882.181 4.4109e-07 299.112 3.2285e+08
-0.206 1.0005 880.984 4.40492e-07 302.015 3.1735e+08
-0.202 1.0005 879.786 4.39893e-07 304.919 3.11869e+08
-0.198 1.0005 878.587 4.39293e-07 307.823 3.06407e+08
-0.194 1.0005 877.386 4.38693e-07 310.727 3.00965e+08
-0.19 1.0005 876.185 4.38092e-07 313.632 2.95542e+08
-0.186 1.0005 874.982 4.37491e-07 316.537 2.90139e+08
-0.182 1.0005 873.778 4.36889e-07 319.441 2.84756e+08
-0.178 1.0005 872.573 4.36286e-07 322.346 2.79394e+08
-0.174 1.0005 871.366 4.35683e-07 325.25 2.74053e+08
-0.17 1.0005 870.159 4.3508e-07 328.153 2.68732e+08
-0.166 1.00051 868.952 4.34476e-07 331.056 2.63432e+08
-0.162 1.00051 867.743 4.33871e-07 333.958 2.58153e+08
-0.158 1.00051 866.533 4.33267e-07 336.859 2.52896e+08
-0.154 1.00051 865.323 4.32662e-07 339.759 2.47661e+08
-0.15 1.00051 864.112 4.32056e-07 342.658 2.42447e+08
-0.146 1.00051 862.901 4.3145e-07 345.556 2.37256e+08
-0.142 1.00051 861.689 4.30844e-07 348.451 2.32087e+08
-0.138 1.00051 860.476 4.30238e-07 351.346 2.26941e+08
-0.134 1.00051 859.264 4.29632e-07 354.238 2.21817e+08
-0.13 1.00051 858.051 4.29025e-07 357.128 2.16718e+08
-0.126 1.00051 856.837 4.28419e-07 360.015 2.11641e+08
-0.122 1.00051 855.624 4.27812e-07 362.9 2.06589e+08
-0.118 1.00051 854.411 4.27206e-07 365.782 2.01562e+08
-0.114 1.00051 853.198 4.26599e-07 368.661 1.96559e+08
-0.11 1.00051 851.985 4.25993e-07 371.536 1.91581e+08
-0.106 1.00051 850.773 4.25386e-07 374.407 1.86629e+08
-0.102 1.00051 849.561 4.24781e-07 377.275 1.81703e+08
-0.098 1.00051 848.35 4.24175e-07 380.138 1.76804e+08
-0.094 1.00051 847.14 4.2357e-07 382.996 1.71932e+08
-0.09 1.00051 845.931 4.22965e-07 385.848 1.67088e+08
-0.086 1.00051 844.723 4.22361e-07 388.695 1.62273e+08
-0.082 1.00051 843.517 4.21758e-07 391.535 1.57486e+08
-0.078 1.00051 842.312 4.21156e-07 394.369 1.5273e+08
-0.074 1.00051 841.109 4.20555e-07 397.195 1.48005e+08
-0.07 1.00051 839.909 4.19954e-07 400.013 1.43312e+08
-0.066 1.00051 838.711 4.19356e-07 402.822 1.38652e+08
-0.062 1.00051 837.516 4.18758e-07 405.622 1.34026e+08
-0.058 1.00051 836.325 4.18162e-07 408.411 1.29435e+08
-0.054 1.00051 835.137 4.17569e-07 411.188 1.24881e+08
-0.05 1.00051 833.954 4.16977e-07 413.954 1.20365e+08
-0.046 1.00051 832.775 4.16387e-07 416.705 1.15889e+08
-0.042 1.00051 831.601 4.15801e-07 419.442 1.11454e+08
-0.038 1.00051 830.433 4.15217e-07 422.162 1.07063e+08
-0.034 1.00051 829.272 4.14636e-07 424.864 1.02719e+08
-0.03 1.0005 828.118 4.14059e-07 427.547 9.84222e+07
-0.026 1.0005 826.973 4.13486e-07 430.208 9.41771e+07
-0.022 1.0005 825.836 4.12918e-07 432.846 8.99861e+07
-0.018 1.0005 824.709 4.12355e-07 435.457 8.58527e+07
-0.014 1.00049 823.594 4.11797e-07 438.04 8.17806e+07
-0.01 1.00049 822.492 4.11246e-07 440.592 7.77738e+07
-0.006 1.00048 821.403 4.10701e-07 443.109 7.38367e+07
-0.002 1.00048 820.33 4.10165e-07 445.589 6.99744e+07
0.002 1.00047 819.273 4.09637e-07 448.026 6.61921e+07
0.006 1.00047 818.236 4.09118e-07 450.418 6.24956e+07
0.01 1.00046 817.22 4.0861e-07 452.76 5.88912e+07
0.014 1.00045 816.226 4.08113e-07 455.047 5.53857e+07
0.018 1.00045 815.258 4.07629e-07 457.273 5.19861e+07
0.022 1.00044 814.318 4.07159e-07 459.434 4.86999e+07
0.026 1.00043 813.408 4.06704e-07 461.524 4.55349e+07
0.03 1.00042 812.531 4.06265e-07 463.537 4.2499e+07
0.034 1.00041 811.689 4.05845e-07 465.468 3.96e+07
0.038 1.00039 810.885 4.05443e-07 467.31 3.68457e+07
0.042 1.00038 810.122 4.05061e-07 469.057 3.42433e+07
0.046 1.00037 809.402 4.04701e-07 470.705 3.17995e+07
0.05 1.00035 808.726 4.04363e-07 472.249 2.952e+07
0.054 1.00033 808.098 4.04049e-07 473.685 2.74091e+07
0.058 1.00032 807.518 4.03759e-07 475.01 2.54699e+07
0.062 1.0003 806.986 4.03493e-07 476.223 2.37036e+07
0.066 1.00029 806.504 4.03252e-07 477.322 2.21094e+07
0.07 1.00027 806.071 4.03035e-07 478.308 2.06848e+07
0.074 1.00025 805.685 4.02843e-07 479.185 1.94249e+07
0.078 1.00024 805.347 4.02673e-07 479.955 1.83231e+07
0.082 1.00022 805.052 4.02526e-07 480.623 1.73709e+07
0.086 1.00021 804.799 4.024e-07 481.197 1.65581e+07
0.09 1.0002 804.585 4.02292e-07 481.682 1.58734e+07
0.094 1.00018 804.405 4.02203e-07 482.087 1.53046e+07
0.098 1.00017 804.257 4.02129e-07 482.421 1.4839e+07
0.102 1.00017 804.137 4.02068e-07 482.691 1.44638e+07
0.106 1.00016 804.04 4.0202e-07 482.906 1.41666e+07
0.11 1.00015 803.965 4.01982e-07 483.075 1.39353e+07
0.114 1.00015 803.906 4.01953e-07 483.204 1.3759e+07
0.118 1.00014 803.861 4.01931e-07 483.301 1.36276e+07
0.122 1.00014 803.828 4.01914e-07 483.373 1.35323e+07
0.126 1.00014 803.804 4.01902e-07 483.423 1.34653e+07
0.13 1.00013 803.787 4.01894e-07 483.458 1.34201e+07
0.134 1.00013 803.775 4.01888e-07 483.481 1.33912e+07
0.138 1.00013 803.767 4.01884e-07 483.495 1.33743e+07
0.142 1.00013 803.762 4.01881e-07 483.503 1.33659e+07
0.146 1.00013 803.759 4.01879e-07 483.507 1.33628e+07
0.15 1.00013 803.756 4.01878e-07 483.508 1.33629e+07
0.154 1.00013 803.755 4.01877e-07 483.508 1.33648e+07
0.158 1.00013 803.754 4.01877e-07 483.506 1.33689e+07
0.162 1.00013 803.753 4.01877e-07 483.503 1.3375e+07
0.166 1.00013 803.753 4.01877e-07 483.499 1.33826e+07
0.17 1.00013 803.754 4.01877e-07 483.493 1.33913e+07
0.174 1.00014 803.754 4.01877e-07 483.488 1.33995e+07
0.178 1.00014 803.755 4.01877e-07 483.484 1.34068e+07
0.182 1.00014 803.754 4.01877e-07 483.48 1.34134e+07
0.186 1.00014 803.754 4.01877e-07 483.476 1.34194e+07
0.19 1.00014 803.754 4.01877e-07 483.473 1.3425e+07
0.194 1.00014 803.753 4.01877e-07 483.47 1.34304e+07
0.198 1.00014 803.752 4.01876e-07 483.467 1.34357e+07
0.202 1.00014 803.752 4.01876e-07 483.465 1.34409e+07
0.206 1.00014 803.751 4.01875e-07 483.462 1.3446e+07
0.21 1.00014 803.75 4.01875e-07 483.459 1.34511e+07
0.214 1.00014 803.749 4.01875e-07 483.456 1.34561e+07
0.218 1.00014 803.749 4.01874e-07 483.454 1.3461e+07
0.222 1.00014 803.748 4.01874e-07 483.451 1.34658e+07
0.226 1.00015 803.747 4.01873e-07 483.449 1.34706e+07
0.23 1.00015 803.746 4.01873e-07 483.446 1.34752e+07
0.234 1.00015 803.745 4.01872e-07 483.444 1.34798e+07
0.238 1.00015 803.744 4.01872e-07 483.441 1.34842e+07
0.242 1.00015 803.742 4.01871e-07 483.439 1.34886e+07
0.246 1.00015 803.741 4.01871e-07 483.437 1.34929e+07
0.25 1.00015 803.74 4.0187e-07 483.435 1.34972e+07
0.254 1.00015 803.739 4.01869e-07 483.432 1.35015e+07
0.258 1.00015 803.738 4.01869e-07 483.43 1.35058e+07
0.262 1.00015 803.736 4.01868e-07 483.428 1.35101e+07
0.266 1.00015 803.735 4.01867e-07 483.426 1.35144e+07
0.27 1.00015 803.733 4.01867e-07 483.423 1.35187e+07
0.274 1.00016 803.732 4.01866e-07 483.421 1.35231e+07
0.278 1.00016 803.731 4.01865e-07 483.419 1.35275e+07
0.282 1.00016 803.729 4.01865e-07 483.416 1.35321e+07
0.286 1.00016 803.728 4.01864e-07 483.414 1.35367e+07
0.29 1.00016 803.726 4.01863e-07 483.411 1.35415e+07
0.294 1.00016 803.725 4.01863e-07 483.409 1.35465e+07
0.298 1.00016 803.724 4.01862e-07 483.406 1.35515e+07
0.302 1.00016 803.723 4.01861e-07 483.403 1.35567e+07
0.306 1.00016 803.721 4.01861e-07 483.4 1.35621e+07
0.31 1.00016 803.72 4.0186e-07 483.397 1.35676e+07
0.314 1.00017 803.719 4.01859e-07 483.394 1.35732e+07
0.318 1.00017 803.717 4.01859e-07 483.391 1.35789e+07
0.322 1.00017 803.716 4.01858e-07 483.388 1.35847e+07
0.326 1.00017 803.715 4.01857e-07 483.385 1.35906e+07
0.33 1.00017 803.713 4.01857e-07 483.381 1.35965e+07
0.334 1.00017 803.712 4.01856e-07 483.378 1.36024e+07
0.338 1.00017 803.711 4.01855e-07 483.375 1.36082e+07
0.342 1.00017 803.709 4.01855e-07 483.372 1.3614e+07
0.346 1.00017 803.708 4.01854e-07 483.369 1.36198e+07
0.35 1.00018 803.706 4.01853e-07 483.365 1.36255e+07
0.354 1.00018 803.705 4.01852e-07 483.362 1.36311e+07
0.358 1.00018 803.703 4.01851e-07 483.359 1.36367e+07
0.362 1.00018 803.701 4.01851e-07 483.356 1.36423e+07
0.366 1.00018 803.699 4.0185e-07 483.353 1.36478e+07
0.37 1.00018 803.698 4.01849e-07 483.35 1.36533e+07
0.374 1.00018 803.696 4.01848e-07 483.348 1.36587e+07
0.378 1.00018 803.694 4.01847e-07 483.345 1.36641e+07
0.382 1.00019 803.692 4.01846e-07 483.342 1.36695e+07
0.386 1.00019 803.69 4.01845e-07 483.339 1.36748e+07
0.39 1.00019 803.688 4.01844e-07 483.336 1.36801e+07
0.394 1.00019 803.685 4.01843e-07 483.334 1.36854e+07
0.398 1.00019 803.683 4.01842e-07 483.331 1.36906e+07
0.402 1.00019 803.681 4.0184e-07 483.328 1.36959e+07
0.406 1.00019 803.678 4.01839e-07 483.326 1.37011e+07
0.41 1.0002 803.676 4.01838e-07 483.323 1.37063e+07
0.414 1.0002 803.674 4.01837e-07 483.321 1.37114e+07
0.418 1.0002 803.671 4.01835e-07 483.318 1.37166e+07
0.422 1.0002 803.668 4.01834e-07 483.316 1.37217e+07
0.426 1.0002 803.666 4.01833e-07 483.313 1.37268e+07
0.43 1.0002 803.663 4.01831e-07 483.311 1.3732e+07
0.434 1.00021 803.66 4.0183e-07 483.308 1.37371e+07
0.438 1.00021 803.657 4.01828e-07 483.306 1.37422e+07
0.442 1.00021 803.654 4.01827e-07 483.304 1.37473e+07
0.446 1.00021 803.651 4.01825e-07 483.302 1.37523e+07
0.45 1.00021 803.647 4.01824e-07 483.299 1.37574e+07
0.454 1.00021 803.644 4.01822e-07 483.297 1.37625e+07
0.458 1.00021 803.641 4.0182e-07 483.295 1.37675e+07
0.462 1.00022 803.637 4.01819e-07 483.293 1.37725e+07
0.466 1.00022 803.634 4.01817e-07 483.291 1.37775e+07
0.47 1.00022 803.63 4.01815e-07 483.289 1.37825e+07
0.474 1.00022 803.627 4.01813e-07 483.286 1.37874e+07
0.478 1.00022 803.623 4.01811e-07 483.284 1.37923e+07
0.482 1.00022 803.619 4.01809e-07 483.282 1.37972e+07
0.486 1.00023 803.615 4.01808e-07 483.28 1.38021e+07
0.49 1.00023 803.611 4.01806e-07 483.278 1.38069e+07
0.494 1.00023 803.607 4.01803e-07 483.276 1.38116e+07
0.498 1.00023 803.603 4.01801e-07 483.274 1.38164e+07
0.502 1.00023 803.598 4.01799e-07 483.272 1.3821e+07
0.506 1.00024 803.594 4.01797e-07 483.27 1.38256e+07
0.51 1.00024 803.589 4.01795e-07 483.268 1.38302e+07
0.514 1.00024 803.584 4.01792e-07 483.266 1.38347e+07
0.518 1.00024 803.579 4.0179e-07 483.265 1.38392e+07
0.522 1.00024 803.574 4.01787e-07 483.263 1.38436e+07
0.526 1.00025 803.569 4.01784e-07 483.261 1.38479e+07
0.53 1.00025 803.563 4.01782e-07 483.259 1.38521e+07
0.534 1.00025 803.558 4.01779e-07 483.257 1.38563e+07
0.538 1.00025 803.552 4.01776e-07 483.256 1.38605e+07
0.542 1.00025 803.546 4.01773e-07 483.254 1.38645e+07
0.546 1.00025 803.54 4.0177e-07 483.253 1.38685e+07
0.55 1.00026 803.534 4.01767e-07 483.251 1.38724e+07
0.554 1.00026 803.527 4.01764e-07 483.25 1.38763e+07
0.558 1.00026 803.521 4.0176e-07 483.248 1.38801e+07
0.562 1.00026 803.514 4.01757e-07 483.247 1.38838e+07
0.566 1.00027 803.508 4.01754e-07 483.246 1.38875e+07
0.57 1.00027 803.501 4.01751e-07 483.244 1.38911e+07
0.574 1.00027 803.494 4.01747e-07 483.243 1.38947e+07
0.578 1.00027 803.488 4.01744e-07 483.242 1.38983e+07
0.582 1.00028 803.481 4.0174e-07 483.241 1.39018e+07
0.586 1.00028 803.474 4.01737e-07 483.239 1.39053e+07
0.59 1.00028 803.467 4.01733e-07 483.238 1.39088e+07
0.594 1.00029 803.46 4.0173e-07 483.237 1.39123e+07
0.598 1.00029 803.453 4.01726e-07 483.236 1.39157e+07
0.602 1.00029 803.445 4.01723e-07 483.235 1.39192e+07
0.606 1.0003 803.438 4.01719e-07 483.234 1.39226e+07
0.61 1.0003 803.43 4.01715e-07 483.233 1.3926e+07
0.614 1.0003 803.422 4.01711e-07 483.232 1.39295e+07
0.618 1.00031 803.414 4.01707e-07 483.231 1.39329e+07
0.622 1.00031 803.406 4.01703e-07 483.229 1.39364e+07
0.626 1.00032 803.398 4.01699e-07 483.228 1.39398e+07
0.63 1.00032 803.389 4.01694e-07 483.227 1.39433e+07
0.634 1.00033 803.38 4.0169e-07 483.226 1.39467e+07
0.638 1.00033 803.371 4.01685e-07 483.225 1.39502e+07
0.642 1.00034 803.361 4.01681e-07 483.224 1.39537e+07
0.646 1.00034 803.352 4.01676e-07 483.223 1.39572e+07
0.65 1.00035 803.342 4.01671e-07 483.222 1.39607e+07
0.654 1.00035 803.331 4.01666e-07 483.221 1.39642e+07
0.658 1.00036 803.321 4.0166e-07 483.22 1.39678e+07
0.662 1.00036 803.31 4.01655e-07 483.219 1.39713e+07
0.666 1.00037 803.299 4.01649e-07 483.217 1.39748e+07
0.67 1.00037 803.287 4.01644e-07 483.216 1.39784e+07
0.674 1.00038 803.276 4.01638e-07 483.215 1.39819e+07
0.678 1.00038 803.263 4.01632e-07 483.214 1.39854e+07
0.682 1.00039 803.251 4.01625e-07 483.213 1.3989e+07
0.686 1.0004 803.238 4.01619e-07 483.212 1.39925e+07
0.69 1.0004 803.224 4.01612e-07 483.211 1.3996e+07
0.694 1.00041 803.21 4.01605e-07 483.21 1.39995e+07
0.698 1.00042 803.196 4.01598e-07 483.209 1.4003e+07
0.702 1.00043 803.181 4.01591e-07 483.207 1.40065e+07
0.706 1.00043 803.166 4.01583e-07 483.206 1.401e+07
0.71 1.00044 803.15 4.01575e-07 483.205 1.40135e+07
0.714 1.00045 803.134 4.01567e-07 483.204 1.40169e+07
0.718 1.00046 803.117 4.01558e-07 483.203 1.40204e+07
0.722 1.00047 803.099 4.0155e-07 483.202 1.40238e+07
0.726 1.00048 803.081 4.01541e-07 483.201 1.40272e+07
0.73 1.00049 803.063 4.01531e-07 483.2 1.40306e+07
0.734 1.0005 803.044 4.01522e-07 483.199 1.4034e+07
0.738 1.00051 803.024 4.01512e-07 483.198 1.40374e+07
0.742 1.00052 803.004 4.01502e-07 483.196 1.40408e+07
0.746 1.00053 802.982 4.01491e-07 483.195 1.40441e+07
0.75 1.00054 802.961 4.0148e-07 483.194 1.40475e+07
0.754 1.00056 802.938 4.01469e-07 483.193 1.40508e+07
0.758 1.00057 802.914 4.01457e-07 483.192 1.40542e+07
0.762 1.00058 802.89 4.01445e-07 483.191 1.40575e+07
0.766 1.0006 802.864 4.01432e-07 483.19 1.40608e+07
0.77 1.00061 802.837 4.01417e-07 483.189 1.40641e+07
0.774 1.00062 802.809 4.01401e-07 483.188 1.40674e+07
0.778 1.00064 802.78 4.01382e-07 483.187 1.40707e+07
0.782 1.00066 802.749 4.01382e-07 483.187 1.40739e+07
0.786 1.00067 802.716 4.0141e-07 483.186 1.40772e+07
0.79 1.00069 802.682 4.0155e-07 483.185 1.40804e+07
0.794 1.0007 802.646 4.0207e-07 483.184 1.40836e+07
0.798 1.00072 802.608 4.03831e-07 483.184 1.40868e+07
0.802 1.00074 802.569 4.09463e-07 483.183 1.40901e+07
0.806 1.00076 802.527 4.26722e-07 483.182 1.40933e+07
0.81 1.00078 802.483 4.77601e-07 483.182 1.40964e+07
0.814 1.00081 802.437 6.22229e-07 483.181 1.40996e+07
0.818 1.00083 802.389 1.01924e-06 483.181 1.41028e+07
0.822 1.00086 802.339 2.0729e-06 483.18 1.4106e+07
0.826 1.00089 802.285 4.77913e-06 483.18 1.41092e+07
0.83 1.00092 802.229 1.15119e-05 483.179 1.41124e+07
0.834 1.00096 802.169 2.77508e-05 483.179 1.41155e+07
0.838 1.001 802.105 6.575e-05 483.179 1.41187e+07
0.842 1.00104 802.036 0.000152079 483.178 1.41219e+07
0.846 1.00109 801.961 0.000342623 483.178 1.41251e+07
0.85 1.00115 801.877 0.000751456 483.178 1.41283e+07
0.854 1.00122 801.782 0.00160466 483.177 1.41315e+07
0.858 1.00128 801.67 0.00333745 483.177 1.41347e+07
0.862 1.0013 801.532 0.00676375 483.177 1.41379e+07
0.866 1.00128 801.353 0.0133629 483.177 1.41411e+07
0.87 1.00121 801.109 0.0257479 483.177 1.41443e+07
0.874 1.00104 800.758 0.0484057 483.176 1.41476e+07
0.878 1.00069 800.237 0.0888255 483.176 1.41508e+07
0.882 1.00003 799.446 0.159157 483.176 1.41541e+07
0.886 0.998884 798.235 0.278554 483.176 1.41573e+07
0.89 0.996974 796.385 0.476357 483.176 1.41606e+07
0.894 0.99391 793.588 0.796203 483.175 1.41639e+07
0.898 0.989155 789.421 1.30108 483.175 1.41671e+07
0.902 0.981993 783.325 2.07917 483.175 1.41704e+07
0.906 0.971513 774.588 3.24998 483.175 1.41736e+07
0.91 0.956595 762.344 4.97022 483.175 1.41768e+07
0.914 0.935928 745.578 7.43815 483.175 1.418e+07
0.918 0.908062 723.173 10.8951 483.175 1.41831e+07
0.922 0.871494 693.973 15.6226 483.174 1.41861e+07
0.926 0.824808 656.893 21.9331 483.174 1.41891e+07
0.93 0.766847 611.049 30.154 483.174 1.41918e+07
0.934 0.696922 555.916 40.6025 483.174 1.41945e+07
0.938 0.615029 491.499 53.5537 483.174 1.41969e+07
0.942 0.522043 418.469 69.2023 483.174 1.41991e+07
0.946 0.419812 338.257 87.6227 483.174 1.42011e+07
0.95 0.31445 255.34 108.731 483.173 1.42028e+07
0.954 0.226509 185.601 132.257 483.173 1.42043e+07
0.958 0.157975 130.912 157.735 483.173 1.42057e+07
0.962 0.106693 89.652 183.86 483.174 1.42071e+07
0.966 0.0697679 59.6334 206.455 483.176 1.42084e+07
0.97 0.0441376 38.5271 225.107 483.172 1.4209e+07
0.974 0.0269734 24.1641 240.129 483.154 1.42085e+07
0.978 0.0158822 14.6955 251.898 483.098 1.42049e+07
0.982 0.00897229 8.64648 260.754 482.938 1.41931e+07
0.986 0.00483049 4.9024 266.876 482.511 1.41611e+07
0.99 0.00245188 2.66012 270.219 481.432 1.40807e+07
0.994 0.00115305 1.36481 270.866 478.806 1.38869e+07
0.998 0.000488114 0.647923 268.443 472.57 1.34347e+07
1.002 0.000177156 0.273525 257.923 457.964 1.242e+07
1.006 5.06968e-05 0.0951823 229.908 423.724 1.0286e+07
1.01 9.75685e-06 0.0233501 172.696 341.851 6.36468e+06
1.014 8.28829e-07 0.0026629 91.4037 157.953 1.6256e+06
1.018 1.87795e-08 5.18563e-05 54.0732 12.5738 147657
1.022 9.98232e-09 1.00511e-05 50.1403 0.1701 100427
1.026 9.99978e-09 1.00003e-05 50.0014 0.00149777 100004
1.03 1e-08 1e-05 50 1.34695e-05 100000
1.034 1e-08 1e-05 50 1.21855e-07 100000
1.038 1e-08 1e-05 50 1.10554e-09 100000
1.042 1e-08 1e-05 50 1.00202e-11 100000
1.046 1e-08 1e-05 50 9.09828e-14 100000
1.05 1e-08 1e-05 50 7.92915e-16 100000
1.054 1e-08 1e-05 50 0 100000
1.058 1e-08 1e-05 50 0 100000
1.062 1e-08 1e-05 50 0 100000
1.066 1e-08 1e-05 50 0 100000
1.07 1e-08 1e-05 50 0 100000
1.074 1e-08 1e-05 50 0 100000
1.078 1e-08 1e-05 50 0 100000
1.082 1e-08 1e-05 50 0 100000
1.086 1e-08 1e-05 50 0 100000
1.09 1e-08 1e-05 50 0 100000
1.094 1e-08 1e-05 50 0 100000
1.098 1e-08 1e-05 50 0 100000
1.102 1e-08 1e-05 50 0 100000
1.106 1e-08 1e-05 50 0 100000
1.11 1e-08 1e-05 50 0 100000
1.114 1e-08 1e-05 50 0 100000
1.118 1e-08 1e-05 50 0 100000
1.122 1e-08 1e-05 50 0 100000
1.126 1e-08 1e-05 50 0 100000
1.13 1e-08 1e-05 50 0 100000
1.134 1e-08 1e-05 50 0 100000
1.138 1e-08 1e-05 50 0 100000
1.142 1e-08 1e-05 50 0 100000
1.146 1e-08 1e-05 50 0 100000
1.15 1e-08 1e-05 50 0 100000
1.154 1e-08 1e-05 50 0 100000
1.158 1e-08 1e-05 50 0 100000
1.162 1e-08 1e-05 50 0 100000
1.166 1e-08 1e-05 50 0 100000
1.17 1e-08 1e-05 50 0 100000
1.174 1e-08 1e-05 50 0 100000
1.178 1e-08 1e-05 50 0 100000
1.182 1e-08 1e-05 50 0 100000
1.186 1e-08 1e-05 50 0 100000
1.19 1e-08 1e-05 50 0 100000
1.194 1e-08 1e-05 50 0 100000
1.198 1e-08 1e-05 50 0 100000
1.202 1e-08 1e-05 50 0 100000
1.206 1e-08 1e-05 50 0 100000
1.21 1e-08 1e-05 50 0 100000
1.214 1e-08 1e-05 50 0 100000
1.218 1e-08 1e-05 50 0 100000
1.222 1e-08 1e-05 50 0 100000
1.226 1e-08 1e-05 50 0 100000
1.23 1e-08 1e-05 50 0 100000
1.234 1e-08 1e-05 50 0 100000
1.238 1e-08 1e-05 50 0 100000
1.242 1e-08 1e-05 50 0 100000
1.246 1e-08 1e-05 50 0 100000
1.25 1e-08 1e-05 50 0 100000
1.254 1e-08 1e-05 50 0 100000
1.258 1e-08 1e-05 50 0 100000
1.262 1e-08 1e-05 50 0 100000
1.266 1e-08 1e-05 50 0 100000
1.27 1e-08 1e-05 50 0 100000
1.274 1e-08 1e-05 50 0 100000
1.278 1e-08 1e-05 50 0 100000
1.282 1e-08 1e-05 50 0 100000
1.286 1e-08 1e-05 50 0 100000
1.29 1e-08 1e-05 50 0 100000
1.294 1e-08 1e-05 50 0 100000
1.298 1e-08 1e-05 50 0 100000
1.302 1e-08 1e-05 50 0 100000
1.306 1e-08 1e-05 50 0 100000
1.31 1e-08 1e-05 50 0 100000
1.314 1e-08 1e-05 50 0 100000
1.318 1e-08 1e-05 50 0 100000
1.322 1e-08 1e-05 50 0 100000
1.326 1e-08 1e-05 50 0 100000
1.33 1e-08 1e-05 50 0 100000
1.334 1e-08 1e-05 50 0 100000
1.338 1e-08 1e-05 50 0 100000
1.342 1e-08 1e-05 50 0 100000
1.346 1e-08 1e-05 50 0 100000
1.35 1e-08 1e-05 50 0 100000
1.354 1e-08 1e-05 50 0 100000
1.358 1e-08 1e-05 50 0 100000
1.362 1e-08 1e-05 50 0 100000
1.366 1e-08 1e-05 50 0 100000
1.37 1e-08 1e-05 50 0 100000
1.374 1e-08 1e-05 50 0 100000
1.378 1e-08 1e-05 50 0 100000
1.382 1e-08 1e-05 50 0 100000
1.386 1e-08 1e-05 50 0 100000
1.39 1e-08 1e-05 50 0 100000
1.394 1e-08 1e-05 50 0 100000
1.398 1e-08 1e-05 50 0 100000
1.402 1e-08 1e-05 50 0 100000
1.406 1e-08 1e-05 50 0 100000
1.41 1e-08 1e-05 50 0 100000
1.414 1e-08 1e-05 50 0 100000
1.418 1e-08 1e-05 50 0 100000
1.422 1e-08 1e-05 50 0 100000
1.426 1e-08 1e-05 50 0 100000
1.43 1e-08 1e-05 50 0 100000
1.434 1e-08 1e-05 50 0 100000
1.438 1e-08 1e-05 50 0 100000
1.442 1e-08 1e-05 50 0 100000
1.446 1e-08 1e-05 50 0 100000
1.45 1e-08 1e-05 50 0 100000
1.454 1e-08 1e-05 50 0 100000
1.458 1e-08 1e-05 50 0 100000
1.462 1e-08 1e-05 50 0 100000
1.466 1e-08 1e-05 50 0 100000
1.47 1e-08 1e-05 50 0 100000
1.474 1e-08 1e-05 50 0 100000
1.478 1e-08 1e-05 50 0 100000
1.482 1e-08 1e-05 50 0 100000
1.486 1e-08 1e-05 50 0 100000
1.49 1e-08 1e-05 50 0 100000
1.494 1e-08 1e-05 50 0 100000
1.498 1e-08 1e-05 50 0 100000
1.502 1e-08 1e-05 50 0 100000
1.506 1e-08 1e-05 50 0 100000
1.51 1e-08 1e-05 50 0 100000
1.514 1e-08 1e-05 50 0 100000
1.518 1e-08 1e-05 50 0 100000
1.522 1e-08 1e-05 50 0 100000
1.526 1e-08 1e-05 50 0 100000
1.53 1e-08 1e-05 50 0 100000
1.534 1e-08 1e-05 50 0 100000
1.538 1e-08 1e-05 50 0 100000
1.542 1e-08 1e-05 50 0 100000
1.546 1e-08 1e-05 50 0 100000
1.55 1e-08 1e-05 50 0 100000
1.554 1e-08 1e-05 50 0 100000
1.558 1e-08 1e-05 50 0 100000
1.562 1e-08 1e-05 50 0 100000
1.566 1e-08 1e-05 50 0 100000
1.57 1e-08 1e-05 50 0 100000
1.574 1e-08 1e-05 50 0 100000
1.578 1e-08 1e-05 50 0 100000
1.582 1e-08 1e-05 50 0 100000
1.586 1e-08 1e-05 50 0 100000
1.59 1e-08 1e-05 50 0 100000
1.594 1e-08 1e-05 50 0 100000
1.598 1e-08 1e-05 50 0 100000
1.602 1e-08 1e-05 50 0 100000
1.606 1e-08 1e-05 50 0 100000
1.61 1e-08 1e-05 50 0 100000
1.614 1e-08 1e-05 50 0 100000
1.618 1e-08 1e-05 50 0 100000
1.622 1e-08 1e-05 50 0 100000
1.626 1e-08 1e-05 50 0 100000
1.63 1e-08 1e-05 50 0 100000
1.634 1e-08 1e-05 50 0 100000
1.638 1e-08 1e-05 50 0 100000
1.642 1e-08 1e-05 50 0 100000
1.646 1e-08 1e-05 50 0 100000
1.65 1e-08 1e-05 50 0 100000
1.654 1e-08 1e-05 50 0 100000
1.658 1e-08 1e-05 50 0 100000
1.662 1e-08 1e-05 50 0 100000
1.666 1e-08 1e-05 50 0 100000
1.67 1e-08 1e-05 50 0 100000
1.674 1e-08 1e-05 50 0 100000
1.678 1e-08 1e-05 50 0 100000
1.682 1e-08 1e-05 50 0 100000
1.686 1e-08 1e-05 50 0 100000
1.69 1e-08 1e-05 50 0 100000
1.694 1e-08 1e-05 50 0 100000
1.698 1e-08 1e-05 50 0 100000
1.702 1e-08 1e-05 50 0 100000
1.706 1e-08 1e-05 50 0 100000
1.71 1e-08 1e-05 50 0 100000
1.714 1e-08 1e-05 50 0 100000
1.718 1e-08 1e-05 50 0 100000
1.722 1e-08 1e-05 50 0 100000
1.726 1e-08 1e-05 50 0 100000
1.73 1e-08 1e-05 50 0 100000
1.734 1e-08 1e-05 50 0 100000
1.738 1e-08 1e-05 50 0 100000
1.742 1e-08 1e-05 50 0 100000
1.746 1e-08 1e-05 50 0 100000
1.75 1e-08 1e-05 50 0 100000
1.754 1e-08 1e-05 50 0 100000
1.758 1e-08 1e-05 50 0 100000
1.762 1e-08 1e-05 50 0 100000
1.766 1e-08 1e-05 50 0 100000
1.77 1e-08 1e-05 50 0 100000
1.774 1e-08 1e-05 50 0 100000
1.778 1e-08 1e-05 50 0 100000
1.782 1e-08 1e-05 50 0 100000
1.786 1e-08 1e-05 50 0 100000
1.79 1e-08 1e-05 50 0 100000
1.794 1e-08 1e-05 50 0 100000
1.798 1e-08 1e-05 50 0 100000
1.802 1e-08 1e-05 50 0 100000
1.806 1e-08 1e-05 50 0 100000
1.81 1e-08 1e-05 50 0 100000
1.814 1e-08 1e-05 50 0 100000
1.818 1e-08 1e-05 50 0 100000
1.822 1e-08 1e-05 50 0 100000
1.826 1e-08 1e-05 50 0 100000
1.83 1e-08 1e-05 50 0 100000
1.834 1e-08 1e-05 50 0 100000
1.838 1e-08 1e-05 50 0 100000
1.842 1e-08 1e-05 50 0 100000
1.846 1e-08 1e-05 50 0 100000
1.85 1e-08 1e-05 50 0 100000
1.854 1e-08 1e-05 50 0 100000
1.858 1e-08 1e-05 50 0 100000
1.862 1e-08 1e-05 50 0 100000
1.866 1e-08 1e-05 50 0 100000
1.87 1e-08 1e-05 50 0 100000
1.874 1e-08 1e-05 50 0 100000
1.878 1e-08 1e-05 50 0 100000
1.882 1e-08 1e-05 50 0 100000
1.886 1e-08 1e-05 50 0 100000
1.89 1e-08 1e-05 50 0 100000
1.894 1e-08 1e-05 50 0 100000
1.898 1e-08 1e-05 50 0 100000
1.902 1e-08 1e-05 50 0 100000
1.906 1e-08 1e-05 50 0 100000
1.91 1e-08 1e-05 50 0 100000
1.914 1e-08 1e-05 50 0 100000
1.918 1e-08 1e-05 50 0 100000
1.922 1e-08 1e-05 50 0 100000
1.926 1e-08 1e-05 50 0 100000
1.93 1e-08 1e-05 50 0 100000
1.934 1e-08 1e-05 50 0 100000
1.938 1e-08 1e-05 50 0 100000
1.942 1e-08 1e-05 50 0 100000
1.946 1e-08 1e-05 50 0 100000
1.95 1e-08 1e-05 50 0 100000
1.954 1e-08 1e-05 50 0 100000
1.958 1e-08 1e-05 50 0 100000
1.962 1e-08 1e-05 50 0 100000
1.966 1e-08 1e-05 50 0 100000
1.97 1e-08 1e-05 50 0 100000
1.974 1e-08 1e-05 50 0 100000
1.978 1e-08 1e-05 50 0 100000
1.982 1e-08 1e-05 50 0 100000
1.986 1e-08 1e-05 50 0 100000
1.99 1e-08 1e-05 50 0 100000
1.994 1e-08 1e-05 50 0 100000
1.998 1e-08 1e-05 50 0 100000
