x alpha rho1 rho2 v p
-1.998 1 1000 5e-07 -2.73296e-12 1e+09
-1.994 1 1000 5e-07 -2.7598e-12 1e+09
-1.99 1 1000 5e-07 -2.65523e-12 1e+09
-1.986 1 1000 5e-07 -2.68253e-12 1e+09
-1.982 1 1000 5e-07 -2.75851e-12 1e+09
-1.978 1 1000 5e-07 -2.87089e-12 1e+09
-1.974 1 1000 5e-07 -2.6942e-12 1e+09
-1.97 1 1000 5e-07 -2.80203e-12 1e+09
-1.966 1 1000 5e-07 -2.79013e-12 1e+09
-1.962 1 1000 5e-07 -2.78255e-12 1e+09
-1.958 1 1000 5e-07 -2.59525e-12 1e+09
-1.954 1 1000 5e-07 -2.50691e-12 1e+09
-1.95 1 1000 5e-07 -2.43047e-12 1e+09
-1.946 1 1000 5e-07 -2.17129e-12 1e+09
-1.942 1 1000 5e-07 -2.22543e-12 1e+09
-1.938 1 1000 5e-07 -2.24947e-12 1e+09
-1.934 1 1000 5e-07 -2.3391e-12 1e+09
-1.93 1 1000 5e-07 -2.59092e-12 1e+09
-1.926 1 1000 5e-07 -2.63877e-12 1e+09
-1.922 1 1000 5e-07 -2.84511e-12 1e+09
-1.918 1 1000 5e-07 -2.58054e-12 1e+09
-1.914 1 1000 5e-07 -2.43654e-12 1e+09
-1.91 1 1000 5e-07 -2.56105e-12 1e+09
-1.906 1 1000 5e-07 -2.47703e-12 1e+09
-1.902 1 1000 5e-07 -2.56234e-12 1e+09
-1.898 1 1000 5e-07 -2.54308e-12 1e+09
-1.894 1 1000 5e-07 -2.53095e-12 1e+09
-1.89 1 1000 5e-07 -2.71824e-12 1e+09
-1.886 1 1000 5e-07 -2.68836e-12 1e+09
-1.882 1 1000 5e-07 -2.55802e-12 1e+09
-1.878 1 1000 5e-07 -2.42486e-12 1e+09
-1.874 1 1000 5e-07 -2.6431e-12 1e+09
-1.87 1 1000 5e-07 -2.71521e-12 1e+09
-1.866 1 1000 5e-07 -2.49804e-12 1e+09
-1.862 1 1000 5e-07 -2.53246e-12 1e+09
-1.858 1 1000 5e-07 -2.61929e-12 1e+09
-1.854 1 1000 5e-07 -2.68814e-12 1e+09
-1.85 1 1000 5e-07 -2.68359e-12 1e+09
-1.846 1 1000 5e-07 -2.6955e-12 1e+09
-1.842 1 1000 5e-07 -2.53527e-12 1e+09
-1.838 1 1000 5e-07 -2.37224e-12 1e+09
-1.834 1 1000 5e-07 -2.4426e-12 1e+09
-1.83 1 1000 5e-07 -2.4006e-12 1e+09
-1.826 1 1000 5e-07 -2.29299e-12 1e+09
-1.822 1 1000 5e-07 -2.28564e-12 1e+09
-1.818 1 1000 5e-07 -2.33758e-12 1e+09
-1.814 1 1000 5e-07 -2.05633e-12 1e+09
-1.81 1 1000 5e-07 -2.01887e-12 1e+09
-1.806 1 1000 5e-07 -2.06217e-12 1e+09
-1.802 1 1000 5e-07 -1.89784e-12 1e+09
-1.798 1 1000 5e-07 -1.82703e-12 1e+09
-1.794 1 1000 5e-07 -1.65944e-12 1e+09
-1.79 1 1000 5e-07 -1.79541e-12 1e+09
-1.786 1 1000 5e-07 -1.62782e-12 1e+09
-1.782 1 1000 5e-07 -1.33747e-12 1e+09
-1.778 1 1000 5e-07 -1.30737e-12 1e+09
-1.774 1 1000 5e-07 -1.10058e-12 1e+09
-1.77 1 1000 5e-07 -9.50971e-13 1e+09
-1.766 1 1000 5e-07 -9.08963e-13 1e+09
-1.762 1 1000 5e-07 -1.05099e-12 1e+09
-1.758 1 1000 5e-07 -1.11271e-12 1e+09
-1.754 1 1000 5e-07 -8.46402e-13 1e+09
-1.75 1 1000 5e-07 -9.70235e-13 1e+09
-1.746 1 1000 5e-07 -1.01073e-12 1e+09
-1.742 1 1000 5e-07 -9.9298e-13 1e+09
-1.738 1 1000 5e-07 -9.07446e-13 1e+09
-1.734 1 1000 5e-07 -8.76279e-13 1e+09
-1.73 1 1000 5e-07 -1.06464e-12 1e+09
-1.726 1 1000 5e-07 -7.72773e-13 1e+09
-1.722 1 1000 5e-07 -6.4394e-13 1e+09
-1.718 1 1000 5e-07 -6.96566e-13 1e+09
-1.714 1 1000 5e-07 -5.55601e-13 1e+09
-1.71 1 1000 5e-07 -5.58405e-13 1e+09
-1.706 1 1000 5e-07 -6.04964e-13 1e+09
-1.702 1 1000 5e-07 -4.82197e-13 1e+09
-1.698 1 1000 5e-07 -1.87297e-13 1e+09
-1.694 1 1000 5e-07 -1.55452e-13 1e+09
-1.69 1 1000 5e-07 -1.89878e-13 1e+09
-1.686 1 1000 5e-07 -4.35249e-14 1e+09
-1.682 1 1000 5e-07 8.98571e-14 1e+09
-1.678 1 1000 5e-07 1.3035e-13 1e+09
-1.674 1 1000 5e-07 2.47052e-13 1e+09
-1.67 1 1000 5e-07 2.21723e-13 1e+09
-1.666 1 1000 5e-07 2.87542e-13 1e+09
-1.662 1 1000 5e-07 3.08545e-13 1e+09
-1.658 1 1000 5e-07 2.95125e-13 1e+09
-1.654 1 1000 5e-07 3.68308e-13 1e+09
-1.65 1 1000 5e-07 3.75882e-13 1e+09
-1.646 1 1000 5e-07 3.9992e-13 1e+09
-1.642 1 1000 5e-07 3.66787e-13 1e+09
-1.638 1 1000 5e-07 2.50083e-13 1e+09
-1.634 1 1000 5e-07 8.24987e-14 1e+09
-1.63 1 1000 5e-07 1.19046e-14 1e+09
-1.626 1 1000 5e-07 -6.60446e-14 1e+09
-1.622 1 1000 5e-07 -2.62214e-13 1e+09
-1.618 1 1000 5e-07 -3.18939e-13 1e+09
-1.614 1 1000 5e-07 -3.1613e-13 1e+09
-1.61 1 1000 5e-07 -3.80431e-13 1e+09
-1.606 1 1000 5e-07 -3.27584e-13 1e+09
-1.602 1 1000 5e-07 -3.96889e-13 1e+09
-1.598 1 1000 5e-07 -2.30597e-13 1e+09
-1.594 1 1000 5e-07 -1.1822e-13 1e+09
-1.59 1 1000 5e-07 -2.59181e-13 1e+09
-1.586 1 1000 5e-07 -2.80187e-13 1e+09
-1.582 1 1000 5e-07 -9.59269e-14 1e+09
-1.578 1 1000 5e-07 -3.39935e-13 1e+09
-1.574 1 1000 5e-07 -1.03278e-13 1e+09
-1.57 1 1000 5e-07 8.87139e-15 1e+09
-1.566 1 1000 5e-07 -2.7069e-14 1e+09
-1.562 1 1000 5e-07 -1.70619e-13 1e+09
-1.558 1 1000 5e-07 -2.75416e-13 1e+09
-1.554 1 1000 5e-07 -1.88809e-13 1e+09
-1.55 1 1000 5e-07 -1.15631e-13 1e+09
-1.546 1 1000 5e-07 -6.88595e-14 1e+09
-1.542 1 1000 5e-07 -1.27088e-13 1e+09
-1.538 1 1000 5e-07 3.595e-14 1e+09
-1.534 1 1000 5e-07 -8.22829e-14 1e+09
-1.53 1 1000 5e-07 1.03937e-14 1e+09
-1.526 1 1000 5e-07 1.75169e-13 1e+09
-1.522 1 1000 5e-07 2.23234e-13 1e+09
-1.518 1 1000 5e-07 1.73647e-13 1e+09
-1.514 1 1000 5e-07 2.66539e-13 1e+09
-1.51 1 1000 5e-07 5.04715e-13 1e+09
-1.506 1 1000 5e-07 4.08793e-13 1e+09
-1.502 1 1000 5e-07 5.80928e-13 1e+09
-1.498 1 1000 5e-07 6.00639e-13 1e+09
-1.494 1 1000 5e-07 6.32037e-13 1e+09
-1.49 1 1000 5e-07 7.36608e-13 1e+09
-1.486 1 1000 5e-07 6.00633e-13 1e+09
-1.482 1 1000 5e-07 4.73541e-13 1e+09
-1.478 1 1000 5e-07 5.27023e-13 1e+09
-1.474 1 1000 5e-07 7.75805e-13 1e+09
-1.47 1 1000 5e-07 6.57581e-13 1e+09
-1.466 1 1000 5e-07 4.71811e-13 1e+09
-1.462 1 1000 5e-07 2.32336e-13 1e+09
-1.458 1 1000 5e-07 -2.27409e-14 1e+09
-1.454 1 1000 5e-07 9.59227e-14 1e+09
-1.45 1 1000 5e-07 1.57195e-13 1e+09
-1.446 1 1000 5e-07 1.46359e-13 1e+09
-1.442 1 1000 5e-07 9.0995e-15 1e+09
-1.438 1 1000 5e-07 2.92318e-13 1e+09
-1.434 1 1000 5e-07 5.58407e-13 1e+09
-1.43 1 1000 5e-07 4.17672e-13 1e+09
-1.426 1 1000 5e-07 5.34821e-13 1e+09
-1.422 1 1000 5e-07 2.33629e-13 1e+09
-1.418 1 1000 5e-07 5.16392e-13 1e+09
-1.414 1 1000 5e-07 8.68693e-13 1e+09
-1.41 1 1000 5e-07 1.04342e-12 1e+09
-1.406 1 1000 5e-07 2.02251e-12 1e+09
-1.402 1 1000 5e-07 3.15427e-12 1e+09
-1.398 1 1000 5e-07 4.67403e-12 1e+09
-1.394 1 1000 5e-07 7.61416e-12 1e+09
-1.39 1 1000 5e-07 1.20017e-11 1e+09
-1.386 1 1000 5e-07 1.88215e-11 1e+09
-1.382 1 1000 5e-07 2.91335e-11 1e+09
-1.378 1 1000 5e-07 4.56055e-11 1e+09
-1.374 1 1000 5e-07 7.08293e-11 1e+09
-1.37 1 1000 5e-07 1.10089e-10 1e+09
-1.366 1 1000 5e-07 1.69586e-10 1e+09
-1.362 1 1000 5e-07 2.6065e-10 1e+09
-1.358 1 1000 5e-07 3.99269e-10 1e+09
-1.354 1 1000 5e-07 6.09355e-10 1e+09
-1.35 1 1000 5e-07 9.26038e-10 1e+09
-1.346 1 1000 5e-07 1.40221e-09 1e+09
-1.342 1 1000 5e-07 2.11449e-09 1e+09
-1.338 1 1000 5e-07 3.17635e-09 1e+09
-1.334 1 1000 5e-07 4.75289e-09 1e+09
-1.33 1 1000 5e-07 7.08354e-09 1e+09
-1.326 1 1000 5e-07 1.05167e-08 1e+09
-1.322 1 1000 5e-07 1.55526e-08 1e+09
-1.318 1 1000 5e-07 2.29114e-08 1e+09
-1.314 1 1000 5e-07 3.36213e-08 1e+09
-1.31 1 1000 5e-07 4.91464e-08 1e+09
-1.306 1 1000 5e-07 7.15639e-08 1e+09
-1.302 1 1000 5e-07 1.03805e-07 1e+09
-1.298 1 1000 5e-07 1.49993e-07 1e+09
-1.294 1 1000 5e-07 2.15898e-07 1e+09
-1.29 1 1000 5e-07 3.09569e-07 1e+09
-1.286 1 1000 5e-07 4.42177e-07 1e+09
-1.282 1 1000 5e-07 6.29172e-07 1e+09
-1.278 1 1000 5e-07 8.91822e-07 1e+09
-1.274 1 1000 5e-07 1.25929e-06 1e+09
-1.27 1 1000 5e-07 1.77137e-06 1e+09
-1.266 1 1000 5e-07 2.48221e-06 1e+09
-1.262 1 1000 5e-07 3.46506e-06 1e+09
-1.258 1 1000 5e-07 4.81869e-06 1e+09
-1.254 1 1000 5e-07 6.67568e-06 1e+09
-1.25 1 1000 5e-07 9.21325e-06 1e+09
-1.246 1 1000 5e-07 1.26673e-05 1e+09
-1.242 1 1000 5e-07 1.73503e-05 1e+09
-1.238 1 1000 5e-07 2.36751e-05 1e+09
-1.234 1 1000 5e-07 3.21835e-05 1e+09
-1.23 1 1000 5e-07 4.35851e-05 1e+09
-1.226 1 1000 5e-07 5.88042e-05 1e+09
-1.222 1 1000 5e-07 7.90396e-05 1e+09
-1.218 1 1000 5e-07 0.00010584 1e+09
-1.214 1 1000 5e-07 0.000141198 1e+09
-1.21 1 1000 5e-07 0.000187664 1e+09
-1.206 1 1000 5e-07 0.000248491 9.99999e+08
-1.202 1 1000 5e-07 0.000327809 9.99999e+08
-1.198 1 1000 5e-07 0.000430838 9.99999e+08
-1.194 1 1000 5e-07 0.000564145 9.99999e+08
-1.19 1 1000 5e-07 0.000735964 9.99998e+08
-1.186 1 1000 5e-07 0.000956561 9.99998e+08
-1.182 1 1000 5e-07 0.00123869 9.99997e+08
-1.178 1 999.999 5e-07 0.00159812 9.99996e+08
-1.174 1 999.999 5e-07 0.00205425 9.99995e+08
-1.17 1 999.999 5e-07 0.00263088 9.99994e+08
-1.166 1 999.999 4.99999e-07 0.00335703 9.99992e+08
-1.162 1 999.998 4.99999e-07 0.00426792 9.9999e+08
-1.158 1 999.998 4.99999e-07 0.00540618 9.99987e+08
-1.154 1 999.997 4.99999e-07 0.00682305 9.99983e+08
-1.15 1 999.997 4.99998e-07 0.00857996 9.99979e+08
-1.146 1 999.996 4.99998e-07 0.0107501 9.99974e+08
-1.142 1 999.995 4.99997e-07 0.0134205 9.99967e+08
-1.138 1 999.994 4.99997e-07 0.0166936 9.99959e+08
-1.134 1 999.992 4.99996e-07 0.0206903 9.99949e+08
-1.13 1 999.99 4.99995e-07 0.0255516 9.99937e+08
-1.126 1 999.988 4.99994e-07 0.0314421 9.99922e+08
-1.122 1 999.985 4.99993e-07 0.0385523 9.99904e+08
-1.118 1 999.982 4.99991e-07 0.0471019 9.99883e+08
-1.114 1 999.978 4.99989e-07 0.057343 9.99858e+08
-1.11 1 999.974 4.99987e-07 0.0695636 9.99827e+08
-1.106 1 999.968 4.99984e-07 0.0840908 9.9979e+08
-1.102 1 999.962 4.99981e-07 0.101294 9.99747e+08
-1.098 1 999.954 4.99977e-07 0.12159 9.99696e+08
-1.094 1 999.945 4.99973e-07 0.145443 9.99636e+08
-1.09 1.00001 999.934 4.99967e-07 0.17337 9.99566e+08
-1.086 1.00001 999.922 4.99961e-07 0.205946 9.99483e+08
-1.082 1.00001 999.908 4.99954e-07 0.243802 9.99388e+08
-1.078 1.00001 999.891 4.99946e-07 0.287628 9.99277e+08
-1.074 1.00001 999.872 4.99936e-07 0.338179 9.99148e+08
-1.07 1.00001 999.85 4.99925e-07 0.39627 9.99001e+08
-1.066 1.00001 999.825 4.99913e-07 0.46278 9.98832e+08
-1.062 1.00001 999.797 4.99898e-07 0.538651 9.98638e+08
-1.058 1.00002 999.764 4.99882e-07 0.624886 9.98418e+08
-1.054 1.00002 999.727 4.99864e-07 0.722549 9.98169e+08
-1.05 1.00002 999.685 4.99843e-07 0.832758 9.97887e+08
-1.046 1.00002 999.639 4.99819e-07 0.956684 9.9757e+08
-1.042 1.00003 999.586 4.99793e-07 1.09555 9.97215e+08
-1.038 1.00003 999.528 4.99764e-07 1.25061 9.96817e+08
-1.034 1.00003 999.463 4.99731e-07 1.42316 9.96374e+08
-1.03 1.00004 999.39 4.99695e-07 1.61452 9.95882e+08
-1.026 1.00004 999.311 4.99655e-07 1.82605 9.95338e+08
-1.022 1.00004 999.223 4.99611e-07 2.05909 9.94738e+08
-1.018 1.00005 999.126 4.99563e-07 2.315 9.94079e+08
-1.014 1.00005 999.02 4.9951e-07 2.59513 9.93356e+08
-1.01 1.00005 998.905 4.99452e-07 2.90081 9.92568e+08
-1.006 1.00006 998.779 4.9939e-07 3.23335 9.91709e+08
-1.002 1.00006 998.643 4.99322e-07 3.59403 9.90777e+08
-0.998 1.00007 998.496 4.99248e-07 3.98406 9.89768e+08
-0.994 1.00007 998.337 4.99169e-07 4.40463 9.8868e+08
-0.99 1.00008 998.166 4.99083e-07 4.85685 9.87509e+08
-0.986 1.00008 997.983 4.98992e-07 5.34177 9.86253e+08
-0.982 1.00009 997.787 4.98894e-07 5.86036 9.8491e+08
-0.978 1.00009 997.578 4.98789e-07 6.41352 9.83476e+08
-0.974 1.0001 997.356 4.98678e-07 7.00205 9.81951e+08
-0.97 1.00011 997.12 4.9856e-07 7.62668 9.80332e+08
-0.966 1.00011 996.87 4.98435e-07 8.28805 9.78617e+08
-0.962 1.00012 996.606 4.98303e-07 8.98668 9.76805e+08
-0.958 1.00012 996.327 4.98164e-07 9.72303 9.74896e+08
-0.954 1.00013 996.035 4.98017e-07 10.4974 9.72888e+08
-0.95 1.00014 995.727 4.97864e-07 11.3102 9.70781e+08
-0.946 1.00014 995.405 4.97703e-07 12.1614 9.68575e+08
-0.942 1.00015 995.068 4.97534e-07 13.0513 9.6627e+08
-0.938 1.00015 994.717 4.97359e-07 13.9797 9.63865e+08
-0.934 1.00016 994.351 4.97175e-07 14.9465 9.61362e+08
-0.93 1.00016 993.97 4.96985e-07 15.9518 9.5876e+08
-0.926 1.00017 993.575 4.96788e-07 16.9951 9.56062e+08
-0.922 1.00018 993.165 4.96583e-07 18.0762 9.53267e+08
-0.918 1.00018 992.741 4.96371e-07 19.1947 9.50378e+08
-0.914 1.00019 992.303 4.96152e-07 20.3502 9.47395e+08
-0.91 1.00019 991.851 4.95926e-07 21.5422 9.4432e+08
-0.906 1.0002 991.385 4.95693e-07 22.7702 9.41156e+08
-0.902 1.0002 990.905 4.95453e-07 24.0336 9.37902e+08
-0.898 1.00021 990.413 4.95206e-07 25.3318 9.34563e+08
-0.894 1.00021 989.906 4.94953e-07 26.6641 9.31139e+08
-0.89 1.00022 989.387 4.94694e-07 28.0299 9.27633e+08
-0.886 1.00022 988.856 4.94428e-07 29.4285 9.24046e+08
-0.882 1.00023 988.312 4.94156e-07 30.8591 9.20382e+08
-0.878 1.00023 987.755 4.93878e-07 32.321 9.16642e+08
-0.874 1.00024 987.187 4.93594e-07 33.8135 9.12828e+08
-0.87 1.00024 986.608 4.93304e-07 35.3358 9.08943e+08
-0.866 1.00025 986.017 4.93008e-07 36.8871 9.0499e+08
-0.862 1.00025 985.415 4.92707e-07 38.4668 9.0097e+08
-0.858 1.00025 984.802 4.92401e-07 40.0739 8.96886e+08
-0.854 1.00026 984.179 4.92089e-07 41.7077 8.9274e+08
-0.85 1.00026 983.545 4.91773e-07 43.3676 8.88534e+08
-0.846 1.00027 982.902 4.91451e-07 45.0526 8.84272e+08
-0.842 1.00027 982.249 4.91124e-07 46.7622 8.79954e+08
-0.838 1.00027 981.586 4.90793e-07 48.4955 8.75583e+08
-0.834 1.00028 980.915 4.90457e-07 50.2518 8.71161e+08
-0.83 1.00028 980.234 4.90117e-07 52.0304 8.66691e+08
-0.826 1.00028 979.545 4.89773e-07 53.8307 8.62175e+08
-0.822 1.00029 978.848 4.89424e-07 55.6518 8.57614e+08
-0.818 1.00029 978.142 4.89071e-07 57.4933 8.5301e+08
-0.814 1.00029 977.429 4.88714e-07 59.3543 8.48366e+08
-0.81 1.00029 976.708 4.88354e-07 61.2343 8.43683e+08
-0.806 1.0003 975.979 4.8799e-07 63.1327 8.38963e+08
-0.802 1.0003 975.243 4.87622e-07 65.0488 8.34209e+08
-0.798 1.0003 974.501 4.8725e-07 66.9821 8.29421e+08
-0.794 1.00031 973.751 4.86876e-07 68.932 8.24601e+08
-0.79 1.00031 972.995 4.86497e-07 70.8979 8.19751e+08
-0.786 1.00031 972.232 4.86116e-07 72.8794 8.14873e+08
-0.782 1.00031 971.464 4.85732e-07 74.8758 8.09968e+08
-0.778 1.00031 970.689 4.85345e-07 76.8867 8.05037e+08
-0.774 1.00032 969.909 4.84954e-07 78.9116 8.00083e+08
-0.77 1.00032 969.122 4.84561e-07 80.95 7.95106e+08
-0.766 1.00032 968.331 4.84165e-07 83.0015 7.90107e+08
-0.762 1.00032 967.534 4.83767e-07 85.0656 7.85089e+08
-0.758 1.00033 966.732 4.83366e-07 87.142 7.80051e+08
-0.754 1.00033 965.924 4.82962e-07 89.2301 7.74996e+08
-0.75 1.00033 965.112 4.82556e-07 91.3296 7.69925e+08
-0.746 1.00033 964.295 4.82148e-07 93.4402 7.64838e+08
-0.742 1.00033 963.474 4.81737e-07 95.5614 7.59737e+08
-0.738 1.00033 962.648 4.81324e-07 97.6929 7.54623e+08
-0.734 1.00034 961.818 4.80909e-07 99.8343 7.49497e+08
-0.73 1.00034 960.983 4.80492e-07 101.985 7.44359e+08
-0.726 1.00034 960.144 4.80072e-07 104.146 7.39211e+08
-0.722 1.00034 959.302 4.79651e-07 106.315 7.34053e+08
-0.718 1.00034 958.455 4.79228e-07 108.493 7.28887e+08
-0.714 1.00034 957.605 4.78802e-07 110.68 7.23713e+08
-0.71 1.00035 956.751 4.78375e-07 112.874 7.18532e+08
-0.706 1.00035 955.893 4.77946e-07 115.077 7.13345e+08
-0.702 1.00035 955.032 4.77516e-07 117.287 7.08152e+08
-0.698 1.00035 954.167 4.77084e-07 119.504 7.02954e+08
-0.694 1.00035 953.299 4.7665e-07 121.729 6.97752e+08
-0.69 1.00035 952.428 4.76214e-07 123.961 6.92547e+08
-0.686 1.00035 951.553 4.75777e-07 126.199 6.87339e+08
-0.682 1.00035 950.676 4.75338e-07 128.444 6.82128e+08
-0.678 1.00036 949.795 4.74898e-07 130.695 6.76916e+08
-0.674 1.00036 948.912 4.74456e-07 132.952 6.71702e+08
-0.67 1.00036 948.026 4.74013e-07 135.215 6.66488e+08
-0.666 1.00036 947.136 4.73568e-07 137.483 6.61274e+08
-0.662 1.00036 946.245 4.73122e-07 139.758 6.56061e+08
-0.658 1.00036 945.35 4.72675e-07 142.037 6.50848e+08
-0.654 1.00036 944.453 4.72226e-07 144.322 6.45636e+08
-0.65 1.00036 943.553 4.71776e-07 146.612 6.40426e+08
-0.646 1.00036 942.65 4.71325e-07 148.907 6.35218e+08
-0.642 1.00037 941.746 4.70873e-07 151.206 6.30013e+08
-0.638 1.00037 940.838 4.70419e-07 153.51 6.24811e+08
-0.634 1.00037 939.929 4.69964e-07 155.819 6.19612e+08
-0.63 1.00037 939.017 4.69508e-07 158.132 6.14417e+08
-0.626 1.00037 938.102 4.69051e-07 160.449 6.09226e+08
-0.622 1.00037 937.186 4.68593e-07 162.77 6.04039e+08
-0.618 1.00037 936.267 4.68134e-07 165.096 5.98857e+08
-0.614 1.00037 935.346 4.67673e-07 167.425 5.9368e+08
-0.61 1.00037 934.423 4.67212e-07 169.757 5.88509e+08
-0.606 1.00038 933.498 4.66749e-07 172.094 5.83343e+08
-0.602 1.00038 932.571 4.66286e-07 174.434 5.78183e+08
-0.598 1.00038 931.642 4.65821e-07 176.777 5.73029e+08
-0.594 1.00038 930.711 4.65356e-07 179.124 5.67882e+08
-0.59 1.00038 929.778 4.64889e-07 181.474 5.62741e+08
-0.586 1.00038 928.844 4.64422e-07 183.827 5.57608e+08
-0.582 1.00038 927.907 4.63953e-07 186.183 5.52482e+08
-0.578 1.00038 926.968 4.63484e-07 188.542 5.47363e+08
-0.574 1.00038 926.028 4.63014e-07 190.904 5.42252e+08
-0.57 1.00038 925.086 4.62543e-07 193.268 5.37149e+08
-0.566 1.00038 924.142 4.62071e-07 195.636 5.32054e+08
-0.562 1.00039 923.197 4.61598e-07 198.006 5.26967e+08
-0.558 1.00039 922.249 4.61125e-07 200.378 5.21889e+08
-0.554 1.00039 921.3 4.6065e-07 202.753 5.16819e+08
-0.55 1.00039 920.35 4.60175e-07 205.131 5.11759e+08
-0.546 1.00039 919.398 4.59699e-07 207.51 5.06707e+08
-0.542 1.00039 918.444 4.59222e-07 209.892 5.01665e+08
-0.538 1.00039 917.488 4.58744e-07 212.277 4.96632e+08
-0.534 1.00039 916.532 4.58266e-07 214.663 4.91609e+08
-0.53 1.00039 915.573 4.57787e-07 217.051 4.86595e+08
-0.526 1.00039 914.613 4.57307e-07 219.442 4.81591e+08
-0.522 1.00039 913.652 4.56826e-07 221.834 4.76597e+08
-0.518 1.00039 912.689 4.56344e-07 224.229 4.71614e+08
-0.514 1.00039 911.725 4.55862e-07 226.625 4.6664e+08
-0.51 1.0004 910.759 4.55379e-07 229.023 4.61677e+08
-0.506 1.0004 909.792 4.54896e-07 231.422 4.56725e+08
-0.502 1.0004 908.823 4.54412e-07 233.824 4.51783e+08
-0.498 1.0004 907.853 4.53927e-07 236.227 4.46852e+08
-0.494 1.0004 906.882 4.53441e-07 238.631 4.41932e+08
-0.49 1.0004 905.909 4.52955e-07 241.037 4.37023e+08
-0.486 1.0004 904.935 4.52468e-07 243.445 4.32126e+08
-0.482 1.0004 903.96 4.5198e-07 245.854 4.27239e+08
-0.478 1.0004 902.983 4.51492e-07 248.264 4.22364e+08
-0.474 1.0004 902.005 4.51003e-07 250.676 4.175e+08
-0.47 1.0004 901.026 4.50513e-07 253.089 4.12648e+08
-0.466 1.0004 900.046 4.50023e-07 255.503 4.07808e+08
-0.462 1.0004 899.065 4.49532e-07 257.919 4.02979e+08
-0.458 1.0004 898.082 4.49041e-07 260.335 3.98163e+08
-0.454 1.00041 897.098 4.48549e-07 262.753 3.93358e+08
-0.45 1.00041 896.113 4.48056e-07 265.172 3.88565e+08
-0.446 1.00041 895.126 4.47563e-07 267.591 3.83785e+08
-0.442 1.00041 894.139 4.47069e-07 270.012 3.79017e+08
-0.438 1.00041 893.15 4.46575e-07 272.434 3.74261e+08
-0.434 1.00041 892.161 4.4608e-07 274.856 3.69517e+08
-0.43 1.00041 891.17 4.45585e-07 277.279 3.64787e+08
-0.426 1.00041 890.178 4.45089e-07 279.703 3.60068e+08
-0.422 1.00041 889.185 4.44593e-07 282.128 3.55363e+08
-0.418 1.00041 888.191 4.44096e-07 284.554 3.5067e+08
-0.414 1.00041 887.196 4.43598e-07 286.98 3.4599e+08
-0.41 1.00041 886.2 4.431e-07 289.407 3.41323e+08
-0.406 1.00041 885.203 4.42602e-07 291.834 3.36669e+08
-0.402 1.00041 884.205 4.42103e-07 294.262 3.32029e+08
-0.398 1.00041 883.206 4.41603e-07 296.69 3.27401e+08
-0.394 1.00041 882.206 4.41103e-07 299.119 3.22787e+08
-0.39 1.00042 881.205 4.40603e-07 301.548 3.18186e+08
-0.386 1.00042 880.204 4.40102e-07 303.977 3.13599e+08
-0.382 1.00042 879.201 4.396e-07 306.407 3.09025e+08
-0.378 1.00042 878.197 4.39099e-07 308.837 3.04465e+08
-0.374 1.00042 877.193 4.38596e-07 311.267 2.99918e+08
-0.37 1.00042 876.188 4.38094e-07 313.697 2.95385e+08
-0.366 1.00042 875.182 4.37591e-07 316.127 2.90867e+08
-0.362 1.00042 874.175 4.37087e-07 318.557 2.86362e+08
-0.358 1.00042 873.167 4.36584e-07 320.987 2.81872e+08
-0.354 1.00042 872.159 4.36079e-07 323.416 2.77396e+08
-0.35 1.00042 871.15 4.35575e-07 325.846 2.72934e+08
-0.346 1.00042 870.14 4.3507e-07 328.275 2.68486e+08
-0.342 1.00042 869.13 4.34565e-07 330.704 2.64054e+08
-0.338 1.00042 868.119 4.34059e-07 333.132 2.59636e+08
-0.334 1.00042 867.107 4.33554e-07 335.56 2.55232e+08
-0.33 1.00042 866.095 4.33048e-07 337.987 2.50844e+08
-0.326 1.00042 865.082 4.32541e-07 340.414 2.46471e+08
-0.322 1.00042 864.069 4.32035e-07 342.839 2.42112e+08
-0.318 1.00043 863.056 4.31528e-07 345.264 2.37769e+08
-0.314 1.00043 862.042 4.31021e-07 347.688 2.33442e+08
-0.31 1.00043 861.027 4.30514e-07 350.111 2.2913e+08
-0.306 1.00043 860.012 4.30006e-07 352.533 2.24834e+08
-0.302 1.00043 858.997 4.29499e-07 354.954 2.20553e+08
-0.298 1.00043 857.982 4.28991e-07 357.373 2.16289e+08
-0.294 1.00043 856.966 4.28483e-07 359.79 2.12041e+08
-0.29 1.00043 855.951 4.27975e-07 362.207 2.07809e+08
-0.286 1.00043 854.935 4.27467e-07 364.621 2.03594e+08
-0.282 1.00043 853.919 4.26959e-07 367.033 1.99395e+08
-0.278 1.00043 852.903 4.26451e-07 369.444 1.95214e+08
-0.274 1.00043 851.887 4.25944e-07 371.852 1.91049e+08
-0.27 1.00043 850.871 4.25436e-07 374.258 1.86902e+08
-0.266 1.00043 849.856 4.24928e-07 376.662 1.82773e+08
-0.262 1.00043 848.841 4.2442e-07 379.063 1.78661e+08
-0.258 1.00043 847.826 4.23913e-07 381.46 1.74568e+08
-0.254 1.00043 846.812 4.23406e-07 383.855 1.70494e+08
-0.25 1.00043 845.798 4.22899e-07 386.247 1.66438e+08
-0.246 1.00043 844.785 4.22393e-07 388.634 1.62401e+08
-0.242 1.00043 843.773 4.21886e-07 391.018 1.58385e+08
-0.238 1.00043 842.762 4.21381e-07 393.398 1.54388e+08
-0.234 1.00043 841.751 4.20876e-07 395.774 1.50411e+08
-0.23 1.00043 840.742 4.20371e-07 398.144 1.46456e+08
-0.226 1.00043 839.735 4.19867e-07 400.509 1.42522e+08
-0.222 1.00043 838.729 4.19364e-07 402.869 1.3861e+08
-0.218 1.00043 837.724 4.18862e-07 405.223 1.34721e+08
-0.214 1.00043 836.722 4.18361e-07 407.57 1.30855e+08
-0.21 1.00043 835.721 4.17861e-07 409.911 1.27013e+08
-0.206 1.00043 834.723 4.17362e-07 412.244 1.23196e+08
-0.202 1.00043 833.728 4.16864e-07 414.568 1.19405e+08
-0.198 1.00043 832.736 4.16368e-07 416.884 1.1564e+08
-0.194 1.00043 831.747 4.15873e-07 419.191 1.11903e+08
-0.19 1.00043 830.761 4.15381e-07 421.487 1.08195e+08
-0.186 1.00043 829.78 4.1489e-07 423.772 1.04517e+08
-0.182 1.00043 828.803 4.14401e-07 426.045 1.0087e+08
-0.178 1.00042 827.83 4.13915e-07 428.305 9.72565e+07
-0.174 1.00042 826.863 4.13432e-07 430.551 9.36772e+07
-0.17 1.00042 825.902 4.12951e-07 432.781 9.01342e+07
-0.166 1.00042 824.948 4.12474e-07 434.995 8.66294e+07
-0.162 1.00042 824 4.12e-07 437.19 8.31649e+07
-0.158 1.00041 823.06 4.1153e-07 439.366 7.97432e+07
-0.154 1.00041 822.129 4.11065e-07 441.52 7.63667e+07
-0.15 1.00041 821.208 4.10604e-07 443.65 7.30382e+07
-0.146 1.00041 820.297 4.10148e-07 445.754 6.97608e+07
-0.142 1.0004 819.397 4.09699e-07 447.83 6.65378e+07
-0.138 1.0004 818.51 4.09255e-07 449.876 6.33728e+07
-0.134 1.00039 817.637 4.08818e-07 451.889 6.02696e+07
-0.13 1.00039 816.779 4.08389e-07 453.865 5.72324e+07
-0.126 1.00038 815.937 4.07968e-07 455.802 5.42656e+07
-0.122 1.00038 815.113 4.07557e-07 457.696 5.1374e+07
-0.118 1.00037 814.309 4.07155e-07 459.544 4.85625e+07
-0.114 1.00036 813.526 4.06763e-07 461.342 4.58364e+07
-0.11 1.00036 812.766 4.06383e-07 463.087 4.32009e+07
-0.106 1.00035 812.031 4.06015e-07 464.773 4.06616e+07
-0.102 1.00034 811.322 4.05661e-07 466.397 3.82239e+07
-0.098 1.00033 810.642 4.05321e-07 467.956 3.58931e+07
-0.094 1.00032 809.991 4.04996e-07 469.445 3.36746e+07
-0.09 1.00031 809.373 4.04686e-07 470.86 3.1573e+07
-0.086 1.0003 808.788 4.04394e-07 472.199 2.95927e+07
-0.082 1.00029 808.237 4.04118e-07 473.457 2.77373e+07
-0.078 1.00028 807.722 4.03861e-07 474.633 2.60097e+07
-0.074 1.00026 807.244 4.03622e-07 475.725 2.44117e+07
-0.07 1.00025 806.802 4.03401e-07 476.731 2.2944e+07
-0.066 1.00024 806.398 4.03199e-07 477.652 2.16062e+07
-0.062 1.00023 806.032 4.03016e-07 478.488 2.03966e+07
-0.058 1.00021 805.701 4.02851e-07 479.239 1.93122e+07
-0.054 1.0002 805.407 4.02703e-07 479.91 1.83487e+07
-0.05 1.00019 805.146 4.02573e-07 480.503 1.75006e+07
-0.046 1.00018 804.917 4.02459e-07 481.021 1.67614e+07
-0.042 1.00017 804.719 4.0236e-07 481.47 1.61238e+07
-0.038 1.00016 804.55 4.02275e-07 481.854 1.55797e+07
-0.034 1.00015 804.406 4.02203e-07 482.18 1.51206e+07
-0.03 1.00014 804.285 4.02142e-07 482.452 1.47377e+07
-0.026 1.00014 804.184 4.02092e-07 482.678 1.44223e+07
-0.022 1.00013 804.102 4.02051e-07 482.862 1.41659e+07
-0.018 1.00013 804.036 4.02018e-07 483.011 1.39603e+07
-0.014 1.00012 803.983 4.01991e-07 483.128 1.37978e+07
-0.01 1.00012 803.941 4.01971e-07 483.221 1.36714e+07
-0.006 1.00012 803.909 4.01954e-07 483.292 1.35748e+07
-0.002 1.00011 803.884 4.01942e-07 483.345 1.35025e+07
0.002 1.00011 803.865 4.01933e-07 483.385 1.34496e+07
0.006 1.00011 803.852 4.01926e-07 483.413 1.34121e+07
0.01 1.00011 803.842 4.01921e-07 483.433 1.33863e+07
0.014 1.00011 803.835 4.01917e-07 483.446 1.33696e+07
0.018 1.00011 803.83 4.01915e-07 483.454 1.33596e+07
0.022 1.00011 803.827 4.01913e-07 483.459 1.33544e+07
0.026 1.00011 803.824 4.01912e-07 483.461 1.33524e+07
0.03 1.00011 803.823 4.01911e-07 483.462 1.33524e+07
0.034 1.00011 803.822 4.01911e-07 483.462 1.33535e+07
0.038 1.00011 803.821 4.0191e-07 483.461 1.33559e+07
0.042 1.00011 803.82 4.0191e-07 483.459 1.33598e+07
0.046 1.00011 803.82 4.0191e-07 483.456 1.33648e+07
0.05 1.00011 803.821 4.0191e-07 483.453 1.33708e+07
0.054 1.00011 803.821 4.01911e-07 483.449 1.33773e+07
0.058 1.00011 803.822 4.01911e-07 483.445 1.33839e+07
0.062 1.00011 803.822 4.01911e-07 483.441 1.33899e+07
0.066 1.00011 803.823 4.01911e-07 483.438 1.33956e+07
0.07 1.00011 803.823 4.01911e-07 483.434 1.3401e+07
0.074 1.00012 803.823 4.01912e-07 483.431 1.34062e+07
0.078 1.00012 803.823 4.01912e-07 483.428 1.34111e+07
0.082 1.00012 803.823 4.01912e-07 483.426 1.3416e+07
0.086 1.00012 803.823 4.01911e-07 483.423 1.34207e+07
0.09 1.00012 803.823 4.01911e-07 483.42 1.34254e+07
0.094 1.00012 803.823 4.01911e-07 483.418 1.34299e+07
0.098 1.00012 803.822 4.01911e-07 483.415 1.34344e+07
0.102 1.00012 803.822 4.01911e-07 483.413 1.34389e+07
0.106 1.00012 803.822 4.01911e-07 483.41 1.34433e+07
0.11 1.00012 803.822 4.01911e-07 483.408 1.34476e+07
0.114 1.00012 803.821 4.01911e-07 483.405 1.3452e+07
0.118 1.00012 803.821 4.0191e-07 483.403 1.34563e+07
0.122 1.00012 803.821 4.0191e-07 483.401 1.34607e+07
0.126 1.00012 803.82 4.0191e-07 483.398 1.3465e+07
0.13 1.00012 803.82 4.0191e-07 483.396 1.34694e+07
0.134 1.00012 803.819 4.0191e-07 483.393 1.34738e+07
0.138 1.00012 803.819 4.01909e-07 483.391 1.34783e+07
0.142 1.00012 803.818 4.01909e-07 483.389 1.34827e+07
0.146 1.00012 803.818 4.01909e-07 483.386 1.34873e+07
0.15 1.00013 803.818 4.01909e-07 483.384 1.34919e+07
0.154 1.00013 803.817 4.01909e-07 483.381 1.34966e+07
0.158 1.00013 803.817 4.01908e-07 483.378 1.35014e+07
0.162 1.00013 803.816 4.01908e-07 483.376 1.35064e+07
0.166 1.00013 803.816 4.01908e-07 483.373 1.35114e+07
0.17 1.00013 803.816 4.01908e-07 483.37 1.35165e+07
0.174 1.00013 803.815 4.01908e-07 483.367 1.35218e+07
0.178 1.00013 803.815 4.01907e-07 483.364 1.35271e+07
0.182 1.00013 803.815 4.01907e-07 483.361 1.35325e+07
0.186 1.00013 803.814 4.01907e-07 483.358 1.35381e+07
0.19 1.00013 803.814 4.01907e-07 483.355 1.35437e+07
0.194 1.00013 803.814 4.01907e-07 483.351 1.35493e+07
0.198 1.00013 803.813 4.01907e-07 483.348 1.3555e+07
0.202 1.00013 803.813 4.01907e-07 483.345 1.35607e+07
0.206 1.00013 803.813 4.01906e-07 483.342 1.35664e+07
0.21 1.00013 803.812 4.01906e-07 483.338 1.3572e+07
0.214 1.00013 803.812 4.01906e-07 483.335 1.35775e+07
0.218 1.00014 803.812 4.01906e-07 483.332 1.3583e+07
0.222 1.00014 803.811 4.01906e-07 483.329 1.35885e+07
0.226 1.00014 803.811 4.01905e-07 483.326 1.35939e+07
0.23 1.00014 803.81 4.01905e-07 483.322 1.35993e+07
0.234 1.00014 803.809 4.01905e-07 483.319 1.36046e+07
0.238 1.00014 803.809 4.01904e-07 483.316 1.36098e+07
0.242 1.00014 803.808 4.01904e-07 483.313 1.3615e+07
0.246 1.00014 803.807 4.01904e-07 483.31 1.36202e+07
0.25 1.00014 803.807 4.01903e-07 483.307 1.36253e+07
0.254 1.00014 803.806 4.01903e-07 483.304 1.36304e+07
0.258 1.00014 803.805 4.01903e-07 483.302 1.36355e+07
0.262 1.00014 803.804 4.01902e-07 483.299 1.36405e+07
0.266 1.00014 803.804 4.01902e-07 483.296 1.36455e+07
0.27 1.00014 803.803 4.01901e-07 483.293 1.36504e+07
0.274 1.00015 803.802 4.01901e-07 483.29 1.36554e+07
0.278 1.00015 803.801 4.019e-07 483.288 1.36602e+07
0.282 1.00015 803.8 4.019e-07 483.285 1.36651e+07
0.286 1.00015 803.799 4.01899e-07 483.282 1.367e+07
0.29 1.00015 803.798 4.01899e-07 483.279 1.36748e+07
0.294 1.00015 803.797 4.01898e-07 483.277 1.36796e+07
0.298 1.00015 803.796 4.01898e-07 483.274 1.36844e+07
0.302 1.00015 803.795 4.01897e-07 483.272 1.36892e+07
0.306 1.00015 803.794 4.01897e-07 483.269 1.36939e+07
0.31 1.00015 803.792 4.01896e-07 483.267 1.36987e+07
0.314 1.00015 803.791 4.01896e-07 483.264 1.37034e+07
0.318 1.00015 803.79 4.01895e-07 483.262 1.37081e+07
0.322 1.00016 803.789 4.01894e-07 483.259 1.37128e+07
0.326 1.00016 803.787 4.01894e-07 483.257 1.37175e+07
0.33 1.00016 803.786 4.01893e-07 483.254 1.37221e+07
0.334 1.00016 803.785 4.01892e-07 483.252 1.37268e+07
0.338 1.00016 803.783 4.01892e-07 483.25 1.37314e+07
0.342 1.00016 803.782 4.01891e-07 483.247 1.37359e+07
0.346 1.00016 803.78 4.0189e-07 483.245 1.37405e+07
0.35 1.00016 803.779 4.01889e-07 483.243 1.3745e+07
0.354 1.00016 803.777 4.01889e-07 483.241 1.37494e+07
0.358 1.00016 803.776 4.01888e-07 483.238 1.37539e+07
0.362 1.00017 803.774 4.01887e-07 483.236 1.37583e+07
0.366 1.00017 803.772 4.01886e-07 483.234 1.37626e+07
0.37 1.00017 803.771 4.01885e-07 483.232 1.37669e+07
0.374 1.00017 803.769 4.01884e-07 483.23 1.37711e+07
0.378 1.00017 803.767 4.01883e-07 483.228 1.37753e+07
0.382 1.00017 803.765 4.01883e-07 483.225 1.37794e+07
0.386 1.00017 803.763 4.01882e-07 483.223 1.37835e+07
0.39 1.00017 803.761 4.01881e-07 483.221 1.37875e+07
0.394 1.00017 803.759 4.0188e-07 483.22 1.37914e+07
0.398 1.00018 803.757 4.01878e-07 483.218 1.37953e+07
0.402 1.00018 803.755 4.01877e-07 483.216 1.37991e+07
0.406 1.00018 803.753 4.01876e-07 483.214 1.38028e+07
0.41 1.00018 803.75 4.01875e-07 483.212 1.38065e+07
0.414 1.00018 803.748 4.01874e-07 483.21 1.38101e+07
0.418 1.00018 803.746 4.01873e-07 483.209 1.38136e+07
0.422 1.00018 803.743 4.01872e-07 483.207 1.38171e+07
0.426 1.00018 803.741 4.0187e-07 483.205 1.38206e+07
0.43 1.00019 803.738 4.01869e-07 483.204 1.38239e+07
0.434 1.00019 803.735 4.01868e-07 483.202 1.38273e+07
0.438 1.00019 803.733 4.01866e-07 483.201 1.38305e+07
0.442 1.00019 803.73 4.01865e-07 483.199 1.38338e+07
0.446 1.00019 803.727 4.01863e-07 483.198 1.3837e+07
0.45 1.00019 803.724 4.01862e-07 483.196 1.38402e+07
0.454 1.00019 803.721 4.01861e-07 483.195 1.38433e+07
0.458 1.0002 803.718 4.01859e-07 483.193 1.38464e+07
0.462 1.0002 803.715 4.01857e-07 483.192 1.38495e+07
0.466 1.0002 803.712 4.01856e-07 483.191 1.38526e+07
0.47 1.0002 803.708 4.01854e-07 483.189 1.38557e+07
0.474 1.0002 803.705 4.01853e-07 483.188 1.38588e+07
0.478 1.0002 803.702 4.01851e-07 483.186 1.38618e+07
0.482 1.00021 803.698 4.01849e-07 483.185 1.38649e+07
0.486 1.00021 803.695 4.01847e-07 483.184 1.38679e+07
0.49 1.00021 803.691 4.01845e-07 483.182 1.3871e+07
0.494 1.00021 803.687 4.01844e-07 483.181 1.3874e+07
0.498 1.00021 803.683 4.01842e-07 483.18 1.38771e+07
0.502 1.00021 803.679 4.0184e-07 483.178 1.38801e+07
0.506 1.00021 803.676 4.01838e-07 483.177 1.38832e+07
0.51 1.00022 803.671 4.01836e-07 483.175 1.38862e+07
0.514 1.00022 803.667 4.01834e-07 483.174 1.38893e+07
0.518 1.00022 803.663 4.01832e-07 483.173 1.38923e+07
0.522 1.00022 803.659 4.0183e-07 483.171 1.38954e+07
0.526 1.00022 803.655 4.01827e-07 483.17 1.38985e+07
0.53 1.00022 803.65 4.01825e-07 483.168 1.39016e+07
0.534 1.00023 803.646 4.01823e-07 483.167 1.39047e+07
0.538 1.00023 803.641 4.01821e-07 483.166 1.39078e+07
0.542 1.00023 803.637 4.01818e-07 483.164 1.39109e+07
0.546 1.00023 803.632 4.01816e-07 483.163 1.3914e+07
0.55 1.00023 803.627 4.01814e-07 483.161 1.39171e+07
0.554 1.00024 803.622 4.01811e-07 483.16 1.39202e+07
0.558 1.00024 803.617 4.01809e-07 483.159 1.39233e+07
0.562 1.00024 803.612 4.01806e-07 483.157 1.39264e+07
0.566 1.00024 803.606 4.01803e-07 483.156 1.39295e+07
0.57 1.00024 803.601 4.018e-07 483.155 1.39327e+07
0.574 1.00025 803.595 4.01798e-07 483.153 1.39358e+07
0.578 1.00025 803.59 4.01795e-07 483.152 1.39389e+07
0.582 1.00025 803.584 4.01792e-07 483.151 1.3942e+07
0.586 1.00025 803.578 4.01789e-07 483.149 1.39451e+07
0.59 1.00025 803.571 4.01786e-07 483.148 1.39482e+07
0.594 1.00025 803.565 4.01783e-07 483.147 1.39513e+07
0.598 1.00026 803.559 4.01779e-07 483.145 1.39544e+07
0.602 1.00026 803.552 4.01776e-07 483.144 1.39575e+07
0.606 1.00026 803.545 4.01773e-07 483.143 1.39606e+07
0.61 1.00026 803.539 4.01769e-07 483.141 1.39637e+07
0.614 1.00027 803.532 4.01766e-07 483.14 1.39667e+07
0.618 1.00027 803.525 4.01763e-07 483.139 1.39698e+07
0.622 1.00027 803.518 4.01759e-07 483.138 1.39729e+07
0.626 1.00027 803.511 4.01756e-07 483.137 1.39759e+07
0.63 1.00028 803.504 4.01752e-07 483.135 1.3979e+07
0.634 1.00028 803.497 4.01749e-07 483.134 1.3982e+07
0.638 1.00028 803.49 4.01745e-07 483.133 1.3985e+07
0.642 1.00029 803.483 4.01741e-07 483.132 1.3988e+07
0.646 1.00029 803.475 4.01738e-07 483.131 1.3991e+07
0.65 1.00029 803.468 4.01734e-07 483.13 1.3994e+07
0.654 1.0003 803.46 4.0173e-07 483.129 1.3997e+07
0.658 1.0003 803.452 4.01726e-07 483.128 1.39999e+07
0.662 1.0003 803.444 4.01722e-07 483.127 1.40028e+07
0.666 1.00031 803.436 4.01718e-07 483.126 1.40057e+07
0.67 1.00031 803.428 4.01714e-07 483.126 1.40086e+07
0.674 1.00032 803.419 4.0171e-07 483.125 1.40115e+07
0.678 1.00032 803.41 4.01705e-07 483.124 1.40144e+07
0.682 1.00033 803.401 4.01701e-07 483.123 1.40172e+07
0.686 1.00033 803.392 4.01696e-07 483.122 1.402e+07
0.69 1.00034 803.382 4.01691e-07 483.122 1.40228e+07
0.694 1.00034 803.373 4.01686e-07 483.121 1.40256e+07
0.698 1.00035 803.362 4.01681e-07 483.12 1.40284e+07
0.702 1.00035 803.352 4.01676e-07 483.12 1.40311e+07
0.706 1.00036 803.341 4.01671e-07 483.119 1.40339e+07
0.71 1.00036 803.33 4.01665e-07 483.118 1.40366e+07
0.714 1.00037 803.319 4.01659e-07 483.118 1.40393e+07
0.718 1.00037 803.307 4.01653e-07 483.117 1.4042e+07
0.722 1.00038 803.295 4.01647e-07 483.116 1.40447e+07
0.726 1.00038 803.282 4.01641e-07 483.116 1.40474e+07
0.73 1.00039 803.269 4.01635e-07 483.115 1.40501e+07
0.734 1.0004 803.256 4.01628e-07 483.115 1.40527e+07
0.738 1.0004 803.242 4.01621e-07 483.114 1.40554e+07
0.742 1.00041 803.228 4.01614e-07 483.113 1.40581e+07
0.746 1.00042 803.214 4.01607e-07 483.113 1.40607e+07
0.75 1.00043 803.199 4.01599e-07 483.112 1.40634e+07
0.754 1.00043 803.183 4.01592e-07 483.112 1.4066e+07
0.758 1.00044 803.167 4.01584e-07 483.111 1.40686e+07
0.762 1.00045 803.151 4.01575e-07 483.11 1.40713e+07
0.766 1.00046 803.134 4.01567e-07 483.11 1.40739e+07
0.77 1.00047 803.116 4.01558e-07 483.109 1.40765e+07
0.774 1.00048 803.098 4.01549e-07 483.109 1.40791e+07
0.778 1.00049 803.079 4.0154e-07 483.108 1.40818e+07
0.782 1.0005 803.06 4.0153e-07 483.107 1.40844e+07
0.786 1.00051 803.04 4.0152e-07 483.107 1.4087e+07
0.79 1.00052 803.019 4.01509e-07 483.106 1.40896e+07
0.794 1.00053 802.998 4.01499e-07 483.106 1.40922e+07
0.798 1.00054 802.975 4.01487e-07 483.105 1.40948e+07
0.802 1.00055 802.952 4.01475e-07 483.104 1.40974e+07
0.806 1.00057 802.929 4.01461e-07 483.104 1.41e+07
0.81 1.00058 802.904 4.01445e-07 483.103 1.41026e+07
0.814 1.00059 802.878 4.01443e-07 483.103 1.41051e+07
0.818 1.00061 802.851 4.01459e-07 483.102 1.41077e+07
0.822 1.00062 802.823 4.01533e-07 483.102 1.41103e+07
0.826 1.00064 802.793 4.01786e-07 483.101 1.41128e+07
0.83 1.00065 802.762 4.02566e-07 483.101 1.41154e+07
0.834 1.00067 802.729 4.04838e-07 483.1 1.41179e+07
0.838 1.00069 802.695 4.11218e-07 483.1 1.41205e+07
0.842 1.0007 802.659 4.28573e-07 483.099 1.4123e+07
0.846 1.00072 802.621 4.7443e-07 483.099 1.41255e+07
0.85 1.00074 802.581 5.92274e-07 483.098 1.4128e+07
0.854 1.00076 802.539 8.87055e-07 483.098 1.41305e+07
0.858 1.00078 802.495 1.60532e-06 483.097 1.4133e+07
0.862 1.00081 802.449 3.31107e-06 483.097 1.41355e+07
0.866 1.00083 802.4 7.26124e-06 483.097 1.4138e+07
0.87 1.00086 802.349 1.61861e-05 483.096 1.41404e+07
0.874 1.00089 802.295 3.58679e-05 483.096 1.41429e+07
0.878 1.00093 802.237 7.82508e-05 483.095 1.41453e+07
0.882 1.00096 802.176 0.000167407 483.095 1.41477e+07
0.886 1.00101 802.109 0.000350684 483.095 1.41501e+07
0.89 1.00105 802.036 0.000718989 483.094 1.41525e+07
0.894 1.00111 801.954 0.00144274 483.094 1.41548e+07
0.898 1.00117 801.859 0.00283391 483.094 1.41571e+07
0.902 1.00119 801.746 0.00545031 483.093 1.41595e+07
0.906 1.00118 801.604 0.0102661 483.093 1.41618e+07
0.91 1.00115 801.42 0.018943 483.093 1.4164e+07
0.914 1.00105 801.167 0.0342503 483.093 1.41663e+07
0.918 1.00084 800.809 0.0606953 483.092 1.41685e+07
0.922 1.00046 800.288 0.105444 483.092 1.41707e+07
0.926 0.999797 799.518 0.179618 483.092 1.41729e+07
0.93 0.998693 798.374 0.300078 483.092 1.41751e+07
0.934 0.996931 796.681 0.491758 483.091 1.41772e+07
0.938 0.994203 794.195 0.790639 483.091 1.41793e+07
0.942 0.990096 790.59 1.24733 483.091 1.41813e+07
0.946 0.984068 785.441 1.93122 483.091 1.41834e+07
0.95 0.975433 778.212 2.93483 483.091 1.41854e+07
0.954 0.963351 768.25 4.37817 483.091 1.41874e+07
0.958 0.946833 754.787 6.41226 483.09 1.41893e+07
0.962 0.924764 736.96 9.22115 483.09 1.41911e+07
0.966 0.895951 713.848 13.0214 483.09 1.41929e+07
0.97 0.859199 684.53 18.0579 483.09 1.41946e+07
0.974 0.813416 648.169 24.5955 483.089 1.41963e+07
0.978 0.757747 604.107 32.9043 483.089 1.41978e+07
0.982 0.691719 551.984 43.2408 483.089 1.41993e+07
0.986 0.615395 491.852 55.8233 483.089 1.42006e+07
0.99 0.529509 424.277 70.8029 483.088 1.42018e+07
0.994 0.43558 350.435 88.2347 483.088 1.42029e+07
0.998 0.337002 272.81 108.05 483.087 1.42039e+07
1.002 0.250753 204.41 130.033 483.087 1.42047e+07
1.006 0.181478 149.192 153.806 483.086 1.42056e+07
1.01 0.127764 106.103 178.69 483.086 1.42064e+07
1.014 0.0875164 73.5627 201.168 483.086 1.42072e+07
1.018 0.0583233 49.7353 220.05 483.087 1.42081e+07
1.022 0.0378008 32.7931 235.575 483.087 1.4209e+07
1.026 0.0238072 21.0821 248.08 483.083 1.42094e+07
1.03 0.0145498 13.2068 257.944 483.068 1.42089e+07
1.034 0.00860966 8.05271 265.539 483.028 1.42065e+07
1.038 0.00491586 4.77001 271.167 482.923 1.41988e+07
1.042 0.00269403 2.73633 275.011 482.655 1.41788e+07
1.046 0.00140548 1.51237 277.098 481.999 1.41297e+07
1.05 0.000689005 0.798393 277.509 480.431 1.40129e+07
1.054 0.000310786 0.396589 276.058 476.747 1.37416e+07
1.058 0.000124565 0.180446 269.653 468.183 1.31259e+07
1.062 4.18058e-05 0.0715451 252.053 448.28 1.17816e+07
1.066 1.06142e-05 0.0224313 213.089 401.452 9.06824e+06
1.07 1.63041e-06 0.00449809 143.263 287.729 4.49716e+06
1.074 8.79722e-08 0.000307782 69.9171 80.938 675394
1.078 1.01284e-08 1.1918e-05 51.413 3.09966 108568
1.082 9.99588e-09 1.00056e-05 50.0272 0.0295591 100077
1.086 9.99996e-09 1.00001e-05 50.0003 0.000266517 100001
1.09 1e-08 1e-05 50 2.43167e-06 100000
1.094 1e-08 1e-05 50 2.21216e-08 100000
1.098 1e-08 1e-05 50 2.00451e-10 100000
1.102 1e-08 1e-05 50 1.81439e-12 100000
1.106 1e-08 1e-05 50 1.6213e-14 100000
1.11 1e-08 1e-05 50 8.03467e-17 100000
1.114 1e-08 1e-05 50 0 100000
1.118 1e-08 1e-05 50 0 100000
1.122 1e-08 1e-05 50 0 100000
1.126 1e-08 1e-05 50 0 100000
1.13 1e-08 1e-05 50 0 100000
1.134 1e-08 1e-05 50 0 100000
1.138 1e-08 1e-05 50 0 100000
1.142 1e-08 1e-05 50 0 100000
1.146 1e-08 1e-05 50 0 100000
1.15 1e-08 1e-05 50 0 100000
1.154 1e-08 1e-05 50 0 100000
1.158 1e-08 1e-05 50 0 100000
1.162 1e-08 1e-05 50 0 100000
1.166 1e-08 1e-05 50 0 100000
1.17 1e-08 1e-05 50 0 100000
1.174 1e-08 1e-05 50 0 100000
1.178 1e-08 1e-05 50 0 100000
1.182 1e-08 1e-05 50 0 100000
1.186 1e-08 1e-05 50 0 100000
1.19 1e-08 1e-05 50 0 100000
1.194 1e-08 1e-05 50 0 100000
1.198 1e-08 1e-05 50 0 100000
1.202 1e-08 1e-05 50 0 100000
1.206 1e-08 1e-05 50 0 100000
1.21 1e-08 1e-05 50 0 100000
1.214 1e-08 1e-05 50 0 100000
1.218 1e-08 1e-05 50 0 100000
1.222 1e-08 1e-05 50 0 100000
1.226 1e-08 1e-05 50 0 100000
1.23 1e-08 1e-05 50 0 100000
1.234 1e-08 1e-05 50 0 100000
1.238 1e-08 1e-05 50 0 100000
1.242 1e-08 1e-05 50 0 100000
1.246 1e-08 1e-05 50 0 100000
1.25 1e-08 1e-05 50 0 100000
1.254 1e-08 1e-05 50 0 100000
1.258 1e-08 1e-05 50 0 100000
1.262 1e-08 1e-05 50 0 100000
1.266 1e-08 1e-05 50 0 100000
1.27 1e-08 1e-05 50 0 100000
1.274 1e-08 1e-05 50 0 100000
1.278 1e-08 1e-05 50 0 100000
1.282 1e-08 1e-05 50 0 100000
1.286 1e-08 1e-05 50 0 100000
1.29 1e-08 1e-05 50 0 100000
1.294 1e-08 1e-05 50 0 100000
1.298 1e-08 1e-05 50 0 100000
1.302 1e-08 1e-05 50 0 100000
1.306 1e-08 1e-05 50 0 100000
1.31 1e-08 1e-05 50 0 100000
1.314 1e-08 1e-05 50 0 100000
1.318 1e-08 1e-05 50 0 100000
1.322 1e-08 1e-05 50 0 100000
1.326 1e-08 1e-05 50 0 100000
1.33 1e-08 1e-05 50 0 100000
1.334 1e-08 1e-05 50 0 100000
1.338 1e-08 1e-05 50 0 100000
1.342 1e-08 1e-05 50 0 100000
1.346 1e-08 1e-05 50 0 100000
1.35 1e-08 1e-05 50 0 100000
1.354 1e-08 1e-05 50 0 100000
1.358 1e-08 1e-05 50 0 100000
1.362 1e-08 1e-05 50 0 100000
1.366 1e-08 1e-05 50 0 100000
1.37 1e-08 1e-05 50 0 100000
1.374 1e-08 1e-05 50 0 100000
1.378 1e-08 1e-05 50 0 100000
1.382 1e-08 1e-05 50 0 100000
1.386 1e-08 1e-05 50 0 100000
1.39 1e-08 1e-05 50 0 100000
1.394 1e-08 1e-05 50 0 100000
1.398 1e-08 1e-05 50 0 100000
1.402 1e-08 1e-05 50 0 100000
1.406 1e-08 1e-05 50 0 100000
1.41 1e-08 1e-05 50 0 100000
1.414 1e-08 1e-05 50 0 100000
1.418 1e-08 1e-05 50 0 100000
1.422 1e-08 1e-05 50 0 100000
1.426 1e-08 1e-05 50 0 100000
1.43 1e-08 1e-05 50 0 100000
1.434 1e-08 1e-05 50 0 100000
1.438 1e-08 1e-05 50 0 100000
1.442 1e-08 1e-05 50 0 100000
1.446 1e-08 1e-05 50 0 100000
1.45 1e-08 1e-05 50 0 100000
1.454 1e-08 1e-05 50 0 100000
1.458 1e-08 1e-05 50 0 100000
1.462 1e-08 1e-05 50 0 100000
1.466 1e-08 1e-05 50 0 100000
1.47 1e-08 1e-05 50 0 100000
1.474 1e-08 1e-05 50 0 100000
1.478 1e-08 1e-05 50 0 100000
1.482 1e-08 1e-05 50 0 100000
1.486 1e-08 1e-05 50 0 100000
1.49 1e-08 1e-05 50 0 100000
1.494 1e-08 1e-05 50 0 100000
1.498 1e-08 1e-05 50 0 100000
1.502 1e-08 1e-05 50 0 100000
1.506 1e-08 1e-05 50 0 100000
1.51 1e-08 1e-05 50 0 100000
1.514 1e-08 1e-05 50 0 100000
1.518 1e-08 1e-05 50 0 100000
1.522 1e-08 1e-05 50 0 100000
1.526 1e-08 1e-05 50 0 100000
1.53 1e-08 1e-05 50 0 100000
1.534 1e-08 1e-05 50 0 100000
1.538 1e-08 1e-05 50 0 100000
1.542 1e-08 1e-05 50 0 100000
1.546 1e-08 1e-05 50 0 100000
1.55 1e-08 1e-05 50 0 100000
1.554 1e-08 1e-05 50 0 100000
1.558 1e-08 1e-05 50 0 100000
1.562 1e-08 1e-05 50 0 100000
1.566 1e-08 1e-05 50 0 100000
1.57 1e-08 1e-05 50 0 100000
1.574 1e-08 1e-05 50 0 100000
1.578 1e-08 1e-05 50 0 100000
1.582 1e-08 1e-05 50 0 100000
1.586 1e-08 1e-05 50 0 100000
1.59 1e-08 1e-05 50 0 100000
1.594 1e-08 1e-05 50 0 100000
1.598 1e-08 1e-05 50 0 100000
1.602 1e-08 1e-05 50 0 100000
1.606 1e-08 1e-05 50 0 100000
1.61 1e-08 1e-05 50 0 100000
1.614 1e-08 1e-05 50 0 100000
1.618 1e-08 1e-05 50 0 100000
1.622 1e-08 1e-05 50 0 100000
1.626 1e-08 1e-05 50 0 100000
1.63 1e-08 1e-05 50 0 100000
1.634 1e-08 1e-05 50 0 100000
1.638 1e-08 1e-05 50 0 100000
1.642 1e-08 1e-05 50 0 100000
1.646 1e-08 1e-05 50 0 100000
1.65 1e-08 1e-05 50 0 100000
1.654 1e-08 1e-05 50 0 100000
1.658 1e-08 1e-05 50 0 100000
1.662 1e-08 1e-05 50 0 100000
1.666 1e-08 1e-05 50 0 100000
1.67 1e-08 1e-05 50 0 100000
1.674 1e-08 1e-05 50 0 100000
1.678 1e-08 1e-05 50 0 100000
1.682 1e-08 1e-05 50 0 100000
1.686 1e-08 1e-05 50 0 100000
1.69 1e-08 1e-05 50 0 100000
1.694 1e-08 1e-05 50 0 100000
1.698 1e-08 1e-05 50 0 100000
1.702 1e-08 1e-05 50 0 100000
1.706 1e-08 1e-05 50 0 100000
1.71 1e-08 1e-05 50 0 100000
1.714 1e-08 1e-05 50 0 100000
1.718 1e-08 1e-05 50 0 100000
1.722 1e-08 1e-05 50 0 100000
1.726 1e-08 1e-05 50 0 100000
1.73 1e-08 1e-05 50 0 100000
1.734 1e-08 1e-05 50 0 100000
1.738 1e-08 1e-05 50 0 100000
1.742 1e-08 1e-05 50 0 100000
1.746 1e-08 1e-05 50 0 100000
1.75 1e-08 1e-05 50 0 100000
1.754 1e-08 1e-05 50 0 100000
1.758 1e-08 1e-05 50 0 100000
1.762 1e-08 1e-05 50 0 100000
1.766 1e-08 1e-05 50 0 100000
1.77 1e-08 1e-05 50 0 100000
1.774 1e-08 1e-05 50 0 100000
1.778 1e-08 1e-05 50 0 100000
1.782 1e-08 1e-05 50 0 100000
1.786 1e-08 1e-05 50 0 100000
1.79 1e-08 1e-05 50 0 100000
1.794 1e-08 1e-05 50 0 100000
1.798 1e-08 1e-05 50 0 100000
1.802 1e-08 1e-05 50 0 100000
1.806 1e-08 1e-05 50 0 100000
1.81 1e-08 1e-05 50 0 100000
1.814 1e-08 1e-05 50 0 100000
1.818 1e-08 1e-05 50 0 100000
1.822 1e-08 1e-05 50 0 100000
1.826 1e-08 1e-05 50 0 100000
1.83 1e-08 1e-05 50 0 100000
1.834 1e-08 1e-05 50 0 100000
1.838 1e-08 1e-05 50 0 100000
1.842 1e-08 1e-05 50 0 100000
1.846 1e-08 1e-05 50 0 100000
1.85 1e-08 1e-05 50 0 100000
1.854 1e-08 1e-05 50 0 100000
1.858 1e-08 1e-05 50 0 100000
1.862 1e-08 1e-05 50 0 100000
1.866 1e-08 1e-05 50 0 100000
1.87 1e-08 1e-05 50 0 100000
1.874 1e-08 1e-05 50 0 100000
1.878 1e-08 1e-05 50 0 100000
1.882 1e-08 1e-05 50 0 100000
1.886 1e-08 1e-05 50 0 100000
1.89 1e-08 1e-05 50 0 100000
1.894 1e-08 1e-05 50 0 100000
1.898 1e-08 1e-05 50 0 100000
1.902 1e-08 1e-05 50 0 100000
1.906 1e-08 1e-05 50 0 100000
1.91 1e-08 1e-05 50 0 100000
1.914 1e-08 1e-05 50 0 100000
1.918 1e-08 1e-05 50 0 100000
1.922 1e-08 1e-05 50 0 100000
1.926 1e-08 1e-05 50 0 100000
1.93 1e-08 1e-05 50 0 100000
1.934 1e-08 1e-05 50 0 100000
1.938 1e-08 1e-05 50 0 100000
1.942 1e-08 1e-05 50 0 100000
1.946 1e-08 1e-05 50 0 100000
1.95 1e-08 1e-05 50 0 100000
1.954 1e-08 1e-05 50 0 100000
1.958 1e-08 1e-05 50 0 100000
1.962 1e-08 1e-05 50 0 100000
1.966 1e-08 1e-05 50 0 100000
1.97 1e-08 1e-05 50 0 100000
1.974 1e-08 1e-05 50 0 100000
1.978 1e-08 1e-05 50 0 100000
1.982 1e-08 1e-05 50 0 100000
1.986 1e-08 1e-05 50 0 100000
1.99 1e-08 1e-05 50 0 100000
1.994 1e-08 1e-05 50 0 100000
1.998 1e-08 1e-05 50 0 100000
