x alpha rho1 rho2 v p
-1.998 1 1000 5e-07 -4.19184e-13 1e+09
-1.994 1 1000 5e-07 -4.73099e-13 1e+09
-1.99 1 1000 5e-07 -5.07751e-13 1e+09
-1.986 1 1000 5e-07 -6.039e-13 1e+09
-1.982 1 1000 5e-07 -8.29495e-13 1e+09
-1.978 1 1000 5e-07 -1.03196e-12 1e+09
-1.974 1 1000 5e-07 -1.25952e-12 1e+09
-1.97 1 1000 5e-07 -1.29243e-12 1e+09
-1.966 1 1000 5e-07 -1.22403e-12 1e+09
-1.962 1 1000 5e-07 -1.67264e-12 1e+09
-1.958 1 1000 5e-07 -1.87791e-12 1e+09
-1.954 1 1000 5e-07 -1.72678e-12 1e+09
-1.95 1 1000 5e-07 -1.81338e-12 1e+09
-1.946 1 1000 5e-07 -1.87487e-12 1e+09
-1.942 1 1000 5e-07 -2.05762e-12 1e+09
-1.938 1 1000 5e-07 -2.26744e-12 1e+09
-1.934 1 1000 5e-07 -2.32416e-12 1e+09
-1.93 1 1000 5e-07 -2.40666e-12 1e+09
-1.926 1 1000 5e-07 -2.25986e-12 1e+09
-1.922 1 1000 5e-07 -2.24598e-12 1e+09
-1.918 1 1000 5e-07 -2.18084e-12 1e+09
-1.914 1 1000 5e-07 -2.25682e-12 1e+09
-1.91 1 1000 5e-07 -2.17174e-12 1e+09
-1.906 1 1000 5e-07 -1.84977e-12 1e+09
-1.902 1 1000 5e-07 -2.20594e-12 1e+09
-1.898 1 1000 5e-07 -2.19252e-12 1e+09
-1.894 1 1000 5e-07 -2.09963e-12 1e+09
-1.89 1 1000 5e-07 -2.03836e-12 1e+09
-1.886 1 1000 5e-07 -2.18236e-12 1e+09
-1.882 1 1000 5e-07 -2.3573e-12 1e+09
-1.878 1 1000 5e-07 -2.31248e-12 1e+09
-1.874 1 1000 5e-07 -2.10721e-12 1e+09
-1.87 1 1000 5e-07 -2.36488e-12 1e+09
-1.866 1 1000 5e-07 -2.59828e-12 1e+09
-1.862 1 1000 5e-07 -2.43373e-12 1e+09
-1.858 1 1000 5e-07 -2.72408e-12 1e+09
-1.854 1 1000 5e-07 -2.59828e-12 1e+09
-1.85 1 1000 5e-07 -2.64332e-12 1e+09
-1.846 1 1000 5e-07 -2.87673e-12 1e+09
-1.842 1 1000 5e-07 -2.87369e-12 1e+09
-1.838 1 1000 5e-07 -3.04931e-12 1e+09
-1.834 1 1000 5e-07 -3.10755e-12 1e+09
-1.83 1 1000 5e-07 -3.08351e-12 1e+09
-1.826 1 1000 5e-07 -3.13614e-12 1e+09
-1.822 1 1000 5e-07 -3.00298e-12 1e+09
-1.818 1 1000 5e-07 -3.03263e-12 1e+09
-1.814 1 1000 5e-07 -3.10148e-12 1e+09
-1.81 1 1000 5e-07 -3.02808e-12 1e+09
-1.806 1 1000 5e-07 -3.03718e-12 1e+09
-1.802 1 1000 5e-07 -2.76199e-12 1e+09
-1.798 1 1000 5e-07 -2.69876e-12 1e+09
-1.794 1 1000 5e-07 -2.70179e-12 1e+09
-1.79 1 1000 5e-07 -2.6431e-12 1e+09
-1.786 1 1000 5e-07 -2.58638e-12 1e+09
-1.782 1 1000 5e-07 -2.63293e-12 1e+09
-1.778 1 1000 5e-07 -2.87218e-12 1e+09
-1.774 1 1000 5e-07 -2.8633e-12 1e+09
-1.77 1 1000 5e-07 -2.92048e-12 1e+09
-1.766 1 1000 5e-07 -3.14933e-12 1e+09
-1.762 1 1000 5e-07 -2.89622e-12 1e+09
-1.758 1 1000 5e-07 -3.04605e-12 1e+09
-1.754 1 1000 5e-07 -2.96855e-12 1e+09
-1.75 1 1000 5e-07 -2.90206e-12 1e+09
-1.746 1 1000 5e-07 -2.80332e-12 1e+09
-1.742 1 1000 5e-07 -2.7347e-12 1e+09
-1.738 1 1000 5e-07 -2.76283e-12 1e+09
-1.734 1 1000 5e-07 -2.65546e-12 1e+09
-1.73 1 1000 5e-07 -2.42463e-12 1e+09
-1.726 1 1000 5e-07 -2.07301e-12 1e+09
-1.722 1 1000 5e-07 -1.67461e-12 1e+09
-1.718 1 1000 5e-07 -1.13417e-12 1e+09
-1.714 1 1000 5e-07 -2.91031e-13 1e+09
-1.71 1 1000 5e-07 1.00247e-12 1e+09
-1.706 1 1000 5e-07 2.42024e-12 1e+09
-1.702 1 1000 5e-07 4.63157e-12 1e+09
-1.698 1 1000 5e-07 8.14656e-12 1e+09
-1.694 1 1000 5e-07 1.33901e-11 1e+09
-1.69 1 1000 5e-07 2.12541e-11 1e+09
-1.686 1 1000 5e-07 3.27626e-11 1e+09
-1.682 1 1000 5e-07 5.01382e-11 1e+09
-1.678 1 1000 5e-07 7.66044e-11 1e+09
-1.674 1 1000 5e-07 1.15541e-10 1e+09
-1.67 1 1000 5e-07 1.73145e-10 1e+09
-1.666 1 1000 5e-07 2.58816e-10 1e+09
-1.662 1 1000 5e-07 3.84966e-10 1e+09
-1.658 1 1000 5e-07 5.68948e-10 1e+09
-1.654 1 1000 5e-07 8.3874e-10 1e+09
-1.65 1 1000 5e-07 1.23068e-09 1e+09
-1.646 1 1000 5e-07 1.79996e-09 1e+09
-1.642 1 1000 5e-07 2.62323e-09 1e+09
-1.638 1 1000 5e-07 3.80929e-09 1e+09
-1.634 1 1000 5e-07 5.51438e-09 1e+09
-1.63 1 1000 5e-07 7.95454e-09 1e+09
-1.626 1 1000 5e-07 1.1437e-08 1e+09
-1.622 1 1000 5e-07 1.63889e-08 1e+09
-1.618 1 1000 5e-07 2.34077e-08 1e+09
-1.614 1 1000 5e-07 3.33223e-08 1e+09
-1.61 1 1000 5e-07 4.72801e-08 1e+09
-1.606 1 1000 5e-07 6.68636e-08 1e+09
-1.602 1 1000 5e-07 9.42486e-08 1e+09
-1.598 1 1000 5e-07 1.32415e-07 1e+09
-1.594 1 1000 5e-07 1.85427e-07 1e+09
-1.59 1 1000 5e-07 2.58814e-07 1e+09
-1.586 1 1000 5e-07 3.60067e-07 1e+09
-1.582 1 1000 5e-07 4.993e-07 1e+09
-1.578 1 1000 5e-07 6.90116e-07 1e+09
-1.574 1 1000 5e-07 9.50754e-07 1e+09
-1.57 1 1000 5e-07 1.30557e-06 1e+09
-1.566 1 1000 5e-07 1.78699e-06 1e+09
-1.562 1 1000 5e-07 2.438e-06 1e+09
-1.558 1 1000 5e-07 3.31541e-06 1e+09
-1.554 1 1000 5e-07 4.49402e-06 1e+09
-1.55 1 1000 5e-07 6.07195e-06 1e+09
-1.546 1 1000 5e-07 8.17745e-06 1e+09
-1.542 1 1000 5e-07 1.09776e-05 1e+09
-1.538 1 1000 5e-07 1.46892e-05 1e+09
-1.534 1 1000 5e-07 1.95925e-05 1e+09
-1.53 1 1000 5e-07 2.60487e-05 1e+09
-1.526 1 1000 5e-07 3.45216e-05 1e+09
-1.522 1 1000 5e-07 4.56039e-05 1e+09
-1.518 1 1000 5e-07 6.00516e-05 1e+09
-1.514 1 1000 5e-07 7.8824e-05 1e+09
-1.51 1 1000 5e-07 0.000103135 1e+09
-1.506 1 1000 5e-07 0.000134515 1e+09
-1.502 1 1000 5e-07 0.000174885 1e+09
-1.498 1 1000 5e-07 0.00022665 9.99999e+08
-1.494 1 1000 5e-07 0.000292806 9.99999e+08
-1.49 1 1000 5e-07 0.000377076 9.99999e+08
-1.486 1 1000 5e-07 0.000484066 9.99999e+08
-1.482 1 1000 5e-07 0.000619452 9.99998e+08
-1.478 1 1000 5e-07 0.000790209 9.99998e+08
-1.474 1 1000 5e-07 0.00100487 9.99998e+08
-1.47 1 1000 5e-07 0.00127383 9.99997e+08
-1.466 1 999.999 5e-07 0.00160972 9.99996e+08
-1.462 1 999.999 5e-07 0.00202782 9.99995e+08
-1.458 1 999.999 5e-07 0.00254654 9.99994e+08
-1.454 1 999.999 4.99999e-07 0.00318798 9.99992e+08
-1.45 1 999.998 4.99999e-07 0.00397857 9.9999e+08
-1.446 1 999.998 4.99999e-07 0.0049498 9.99988e+08
-1.442 1 999.998 4.99999e-07 0.00613903 9.99985e+08
-1.438 1 999.997 4.99999e-07 0.00759043 9.99981e+08
-1.434 1 999.996 4.99998e-07 0.00935599 9.99977e+08
-1.43 1 999.996 4.99998e-07 0.0114967 9.99972e+08
-1.426 1 999.995 4.99997e-07 0.0140837 9.99965e+08
-1.422 1 999.993 4.99997e-07 0.0172 9.99957e+08
-1.418 1 999.992 4.99996e-07 0.0209415 9.99948e+08
-1.414 1 999.99 4.99995e-07 0.0254189 9.99937e+08
-1.41 1 999.988 4.99994e-07 0.0307597 9.99923e+08
-1.406 1 999.986 4.99993e-07 0.0371094 9.99907e+08
-1.402 1 999.983 4.99992e-07 0.0446342 9.99889e+08
-1.398 1 999.98 4.9999e-07 0.0535224 9.99866e+08
-1.394 1 999.976 4.99988e-07 0.0639871 9.9984e+08
-1.39 1 999.971 4.99986e-07 0.076268 9.99809e+08
-1.386 1 999.966 4.99983e-07 0.0906335 9.99773e+08
-1.382 1 999.959 4.9998e-07 0.107383 9.9973e+08
-1.378 1 999.952 4.99976e-07 0.12685 9.99681e+08
-1.374 1 999.944 4.99972e-07 0.149402 9.99624e+08
-1.37 1.00001 999.934 4.99967e-07 0.175443 9.99558e+08
-1.366 1.00001 999.922 4.99961e-07 0.205419 9.99482e+08
-1.362 1.00001 999.909 4.99955e-07 0.239812 9.99395e+08
-1.358 1.00001 999.895 4.99947e-07 0.27915 9.99294e+08
-1.354 1.00001 999.878 4.99939e-07 0.323999 9.9918e+08
-1.35 1.00001 999.858 4.99929e-07 0.374972 9.9905e+08
-1.346 1.00001 999.837 4.99918e-07 0.432722 9.98903e+08
-1.342 1.00001 999.812 4.99906e-07 0.497947 9.98736e+08
-1.338 1.00001 999.784 4.99892e-07 0.571387 9.98548e+08
-1.334 1.00002 999.753 4.99877e-07 0.653821 9.98337e+08
-1.33 1.00002 999.718 4.99859e-07 0.746067 9.98101e+08
-1.326 1.00002 999.679 4.9984e-07 0.848983 9.97837e+08
-1.322 1.00002 999.636 4.99818e-07 0.963455 9.97543e+08
-1.318 1.00002 999.588 4.99794e-07 1.0904 9.97217e+08
-1.314 1.00003 999.535 4.99768e-07 1.23077 9.96855e+08
-1.31 1.00003 999.477 4.99738e-07 1.38553 9.96457e+08
-1.306 1.00003 999.413 4.99706e-07 1.55566 9.96019e+08
-1.302 1.00003 999.342 4.99671e-07 1.74216 9.95538e+08
-1.298 1.00004 999.265 4.99633e-07 1.94602 9.95011e+08
-1.294 1.00004 999.182 4.99591e-07 2.16826 9.94437e+08
-1.29 1.00004 999.09 4.99545e-07 2.40986 9.93813e+08
-1.286 1.00005 998.991 4.99496e-07 2.67181 9.93135e+08
-1.282 1.00005 998.885 4.99442e-07 2.95507 9.92402e+08
-1.278 1.00005 998.769 4.99385e-07 3.2606 9.91611e+08
-1.274 1.00006 998.645 4.99323e-07 3.58931 9.9076e+08
-1.27 1.00006 998.512 4.99256e-07 3.94207 9.89846e+08
-1.266 1.00007 998.369 4.99185e-07 4.31973 9.88866e+08
-1.262 1.00007 998.217 4.99109e-07 4.72307 9.8782e+08
-1.258 1.00007 998.055 4.99027e-07 5.15286 9.86705e+08
-1.254 1.00008 997.882 4.98941e-07 5.60977 9.85519e+08
-1.25 1.00008 997.699 4.9885e-07 6.09446 9.84261e+08
-1.246 1.00009 997.505 4.98753e-07 6.6075 9.82929e+08
-1.242 1.00009 997.301 4.9865e-07 7.1494 9.81521e+08
-1.238 1.0001 997.085 4.98542e-07 7.72063 9.80038e+08
-1.234 1.0001 996.858 4.98429e-07 8.32157 9.78477e+08
-1.23 1.00011 996.619 4.9831e-07 8.95256 9.76838e+08
-1.226 1.00011 996.369 4.98185e-07 9.61385 9.75121e+08
-1.222 1.00011 996.108 4.98054e-07 10.3057 9.73325e+08
-1.218 1.00012 995.834 4.97917e-07 11.0281 9.71449e+08
-1.214 1.00012 995.55 4.97775e-07 11.7813 9.69494e+08
-1.21 1.00013 995.253 4.97627e-07 12.5652 9.6746e+08
-1.206 1.00013 994.945 4.97472e-07 13.3798 9.65347e+08
-1.202 1.00014 994.625 4.97312e-07 14.225 9.63155e+08
-1.198 1.00014 994.293 4.97147e-07 15.1007 9.60886e+08
-1.194 1.00015 993.95 4.96975e-07 16.0066 9.58539e+08
-1.19 1.00015 993.596 4.96798e-07 16.9426 9.56115e+08
-1.186 1.00016 993.23 4.96615e-07 17.9083 9.53616e+08
-1.182 1.00016 992.853 4.96426e-07 18.9033 9.51043e+08
-1.178 1.00016 992.464 4.96232e-07 19.9275 9.48396e+08
-1.174 1.00017 992.065 4.96033e-07 20.9803 9.45677e+08
-1.17 1.00017 991.655 4.95828e-07 22.0613 9.42887e+08
-1.166 1.00018 991.234 4.95617e-07 23.17 9.40028e+08
-1.162 1.00018 990.803 4.95402e-07 24.3061 9.37101e+08
-1.158 1.00019 990.362 4.95181e-07 25.469 9.34108e+08
-1.154 1.00019 989.91 4.94955e-07 26.6581 9.3105e+08
-1.15 1.00019 989.448 4.94724e-07 27.873 9.27928e+08
-1.146 1.0002 988.977 4.94488e-07 29.1131 9.24746e+08
-1.142 1.0002 988.496 4.94248e-07 30.3779 9.21503e+08
-1.138 1.0002 988.006 4.94003e-07 31.6668 9.18202e+08
-1.134 1.00021 987.506 4.93753e-07 32.9792 9.14844e+08
-1.13 1.00021 986.998 4.93499e-07 34.3145 9.11432e+08
-1.126 1.00021 986.481 4.93241e-07 35.6723 9.07967e+08
-1.122 1.00022 985.956 4.92978e-07 37.0518 9.0445e+08
-1.118 1.00022 985.422 4.92711e-07 38.4527 9.00884e+08
-1.114 1.00022 984.88 4.9244e-07 39.8742 8.97269e+08
-1.11 1.00023 984.33 4.92165e-07 41.3159 8.93608e+08
-1.106 1.00023 983.772 4.91886e-07 42.7771 8.89903e+08
-1.102 1.00023 983.207 4.91604e-07 44.2573 8.86154e+08
-1.098 1.00023 982.635 4.91318e-07 45.7561 8.82364e+08
-1.094 1.00024 982.056 4.91028e-07 47.2728 8.78534e+08
-1.09 1.00024 981.469 4.90735e-07 48.8069 8.74666e+08
-1.086 1.00024 980.876 4.90438e-07 50.358 8.70761e+08
-1.082 1.00025 980.277 4.90138e-07 51.9255 8.6682e+08
-1.078 1.00025 979.671 4.89835e-07 53.5089 8.62846e+08
-1.074 1.00025 979.059 4.89529e-07 55.1077 8.58839e+08
-1.07 1.00025 978.44 4.8922e-07 56.7215 8.54801e+08
-1.066 1.00025 977.816 4.88908e-07 58.3499 8.50733e+08
-1.062 1.00026 977.187 4.88593e-07 59.9923 8.46637e+08
-1.058 1.00026 976.552 4.88276e-07 61.6484 8.42513e+08
-1.054 1.00026 975.911 4.87956e-07 63.3176 8.38364e+08
-1.05 1.00026 975.265 4.87633e-07 64.9997 8.3419e+08
-1.046 1.00026 974.614 4.87307e-07 66.6942 8.29992e+08
-1.042 1.00027 973.959 4.86979e-07 68.4007 8.25771e+08
-1.038 1.00027 973.298 4.86649e-07 70.1188 8.2153e+08
-1.034 1.00027 972.633 4.86316e-07 71.8482 8.17268e+08
-1.03 1.00027 971.963 4.85982e-07 73.5885 8.12986e+08
-1.026 1.00027 971.289 4.85645e-07 75.3394 8.08687e+08
-1.022 1.00027 970.611 4.85305e-07 77.1006 8.0437e+08
-1.018 1.00028 969.928 4.84964e-07 78.8716 8.00037e+08
-1.014 1.00028 969.241 4.84621e-07 80.6523 7.95688e+08
-1.01 1.00028 968.551 4.84275e-07 82.4423 7.91325e+08
-1.006 1.00028 967.857 4.83928e-07 84.2413 7.86948e+08
-1.002 1.00028 967.158 4.83579e-07 86.049 7.82558e+08
-0.998 1.00028 966.457 4.83228e-07 87.8652 7.78156e+08
-0.994 1.00029 965.751 4.82876e-07 89.6895 7.73742e+08
-0.99 1.00029 965.043 4.82521e-07 91.5218 7.69318e+08
-0.986 1.00029 964.331 4.82165e-07 93.3619 7.64884e+08
-0.982 1.00029 963.615 4.81808e-07 95.2093 7.6044e+08
-0.978 1.00029 962.897 4.81448e-07 97.064 7.55988e+08
-0.974 1.00029 962.175 4.81088e-07 98.9257 7.51528e+08
-0.97 1.00029 961.451 4.80725e-07 100.794 7.4706e+08
-0.966 1.00029 960.723 4.80362e-07 102.669 7.42586e+08
-0.962 1.00029 959.993 4.79996e-07 104.551 7.38106e+08
-0.958 1.0003 959.26 4.7963e-07 106.438 7.3362e+08
-0.954 1.0003 958.524 4.79262e-07 108.332 7.29129e+08
-0.95 1.0003 957.785 4.78893e-07 110.231 7.24633e+08
-0.946 1.0003 957.044 4.78522e-07 112.136 7.20133e+08
-0.942 1.0003 956.301 4.7815e-07 114.047 7.1563e+08
-0.938 1.0003 955.554 4.77777e-07 115.963 7.11123e+08
-0.934 1.0003 954.806 4.77403e-07 117.884 7.06614e+08
-0.93 1.0003 954.055 4.77027e-07 119.81 7.02102e+08
-0.926 1.0003 953.302 4.76651e-07 121.741 6.97588e+08
-0.922 1.0003 952.546 4.76273e-07 123.676 6.93073e+08
-0.918 1.00031 951.788 4.75894e-07 125.617 6.88557e+08
-0.914 1.00031 951.029 4.75514e-07 127.561 6.8404e+08
-0.91 1.00031 950.267 4.75133e-07 129.51 6.79523e+08
-0.906 1.00031 949.503 4.74751e-07 131.463 6.75006e+08
-0.902 1.00031 948.736 4.74368e-07 133.421 6.70489e+08
-0.898 1.00031 947.968 4.73984e-07 135.382 6.65972e+08
-0.894 1.00031 947.198 4.73599e-07 137.347 6.61457e+08
-0.89 1.00031 946.426 4.73213e-07 139.316 6.56943e+08
-0.886 1.00031 945.653 4.72826e-07 141.288 6.5243e+08
-0.882 1.00031 944.877 4.72438e-07 143.264 6.47919e+08
-0.878 1.00031 944.099 4.7205e-07 145.244 6.4341e+08
-0.874 1.00032 943.32 4.7166e-07 147.226 6.38904e+08
-0.87 1.00032 942.539 4.7127e-07 149.212 6.344e+08
-0.866 1.00032 941.757 4.70878e-07 151.202 6.29898e+08
-0.862 1.00032 940.972 4.70486e-07 153.194 6.254e+08
-0.858 1.00032 940.186 4.70093e-07 155.189 6.20905e+08
-0.854 1.00032 939.399 4.69699e-07 157.188 6.16414e+08
-0.85 1.00032 938.61 4.69305e-07 159.189 6.11926e+08
-0.846 1.00032 937.819 4.68909e-07 161.193 6.07442e+08
-0.842 1.00032 937.027 4.68513e-07 163.199 6.02963e+08
-0.838 1.00032 936.233 4.68117e-07 165.209 5.98487e+08
-0.834 1.00032 935.438 4.67719e-07 167.22 5.94016e+08
-0.83 1.00032 934.641 4.67321e-07 169.235 5.8955e+08
-0.826 1.00032 933.843 4.66922e-07 171.251 5.85089e+08
-0.822 1.00032 933.043 4.66522e-07 173.27 5.80632e+08
-0.818 1.00033 932.243 4.66121e-07 175.292 5.76181e+08
-0.814 1.00033 931.44 4.6572e-07 177.315 5.71735e+08
-0.81 1.00033 930.637 4.65318e-07 179.341 5.67295e+08
-0.806 1.00033 929.832 4.64916e-07 181.369 5.6286e+08
-0.802 1.00033 929.025 4.64513e-07 183.399 5.58431e+08
-0.798 1.00033 928.218 4.64109e-07 185.431 5.54008e+08
-0.794 1.00033 927.409 4.63705e-07 187.465 5.49592e+08
-0.79 1.00033 926.599 4.633e-07 189.501 5.45181e+08
-0.786 1.00033 925.788 4.62894e-07 191.538 5.40776e+08
-0.782 1.00033 924.975 4.62488e-07 193.578 5.36378e+08
-0.778 1.00033 924.161 4.62081e-07 195.619 5.31987e+08
-0.774 1.00033 923.347 4.61673e-07 197.662 5.27602e+08
-0.77 1.00033 922.53 4.61265e-07 199.707 5.23224e+08
-0.766 1.00033 921.713 4.60857e-07 201.753 5.18853e+08
-0.762 1.00033 920.895 4.60447e-07 203.801 5.14489e+08
-0.758 1.00033 920.075 4.60038e-07 205.851 5.10132e+08
-0.754 1.00033 919.255 4.59627e-07 207.902 5.05782e+08
-0.75 1.00034 918.433 4.59216e-07 209.954 5.0144e+08
-0.746 1.00034 917.61 4.58805e-07 212.008 4.97105e+08
-0.742 1.00034 916.786 4.58393e-07 214.064 4.92777e+08
-0.738 1.00034 915.961 4.57981e-07 216.12 4.88457e+08
-0.734 1.00034 915.135 4.57568e-07 218.179 4.84145e+08
-0.73 1.00034 914.308 4.57154e-07 220.238 4.7984e+08
-0.726 1.00034 913.48 4.5674e-07 222.299 4.75543e+08
-0.722 1.00034 912.651 4.56325e-07 224.36 4.71254e+08
-0.718 1.00034 911.821 4.5591e-07 226.424 4.66973e+08
-0.714 1.00034 910.99 4.55495e-07 228.488 4.62701e+08
-0.71 1.00034 910.157 4.55079e-07 230.553 4.58436e+08
-0.706 1.00034 909.324 4.54662e-07 232.62 4.54179e+08
-0.702 1.00034 908.49 4.54245e-07 234.687 4.49931e+08
-0.698 1.00034 907.655 4.53828e-07 236.756 4.45691e+08
-0.694 1.00034 906.819 4.5341e-07 238.826 4.4146e+08
-0.69 1.00034 905.983 4.52991e-07 240.896 4.37237e+08
-0.686 1.00034 905.145 4.52572e-07 242.968 4.33022e+08
-0.682 1.00034 904.306 4.52153e-07 245.04 4.28816e+08
-0.678 1.00034 903.466 4.51733e-07 247.114 4.24619e+08
-0.674 1.00035 902.626 4.51313e-07 249.188 4.20431e+08
-0.67 1.00035 901.785 4.50892e-07 251.263 4.16251e+08
-0.666 1.00035 900.942 4.50471e-07 253.339 4.1208e+08
-0.662 1.00035 900.099 4.5005e-07 255.416 4.07918e+08
-0.658 1.00035 899.255 4.49628e-07 257.494 4.03765e+08
-0.654 1.00035 898.41 4.49205e-07 259.572 3.99621e+08
-0.65 1.00035 897.564 4.48782e-07 261.651 3.95486e+08
-0.646 1.00035 896.718 4.48359e-07 263.731 3.9136e+08
-0.642 1.00035 895.871 4.47935e-07 265.811 3.87243e+08
-0.638 1.00035 895.022 4.47511e-07 267.892 3.83135e+08
-0.634 1.00035 894.173 4.47087e-07 269.974 3.79037e+08
-0.63 1.00035 893.324 4.46662e-07 272.056 3.74948e+08
-0.626 1.00035 892.473 4.46236e-07 274.139 3.70868e+08
-0.622 1.00035 891.622 4.45811e-07 276.222 3.66798e+08
-0.618 1.00035 890.769 4.45385e-07 278.306 3.62737e+08
-0.614 1.00035 889.916 4.44958e-07 280.391 3.58686e+08
-0.61 1.00035 889.063 4.44531e-07 282.475 3.54644e+08
-0.606 1.00035 888.208 4.44104e-07 284.561 3.50612e+08
-0.602 1.00035 887.353 4.43677e-07 286.646 3.46589e+08
-0.598 1.00035 886.497 4.43249e-07 288.732 3.42576e+08
-0.594 1.00035 885.641 4.4282e-07 290.819 3.38573e+08
-0.59 1.00036 884.783 4.42392e-07 292.906 3.3458e+08
-0.586 1.00036 883.925 4.41963e-07 294.993 3.30596e+08
-0.582 1.00036 883.066 4.41533e-07 297.08 3.26622e+08
-0.578 1.00036 882.207 4.41104e-07 299.168 3.22658e+08
-0.574 1.00036 881.347 4.40673e-07 301.256 3.18705e+08
-0.57 1.00036 880.486 4.40243e-07 303.344 3.14761e+08
-0.566 1.00036 879.625 4.39812e-07 305.432 3.10827e+08
-0.562 1.00036 878.763 4.39381e-07 307.52 3.06903e+08
-0.558 1.00036 877.9 4.3895e-07 309.609 3.02989e+08
-0.554 1.00036 877.037 4.38518e-07 311.698 2.99086e+08
-0.55 1.00036 876.173 4.38086e-07 313.786 2.95193e+08
-0.546 1.00036 875.308 4.37654e-07 315.875 2.9131e+08
-0.542 1.00036 874.443 4.37221e-07 317.963 2.87437e+08
-0.538 1.00036 873.577 4.36789e-07 320.052 2.83575e+08
-0.534 1.00036 872.711 4.36356e-07 322.14 2.79723e+08
-0.53 1.00036 871.844 4.35922e-07 324.229 2.75882e+08
-0.526 1.00036 870.977 4.35488e-07 326.317 2.72052e+08
-0.522 1.00036 870.109 4.35055e-07 328.405 2.68232e+08
-0.518 1.00036 869.241 4.3462e-07 330.493 2.64423e+08
-0.514 1.00036 868.372 4.34186e-07 332.58 2.60624e+08
-0.51 1.00036 867.503 4.33751e-07 334.667 2.56837e+08
-0.506 1.00036 866.633 4.33316e-07 336.754 2.5306e+08
-0.502 1.00036 865.763 4.32881e-07 338.84 2.49294e+08
-0.498 1.00037 864.892 4.32446e-07 340.926 2.4554e+08
-0.494 1.00037 864.021 4.32011e-07 343.011 2.41796e+08
-0.49 1.00037 863.15 4.31575e-07 345.096 2.38064e+08
-0.486 1.00037 862.278 4.31139e-07 347.18 2.34342e+08
-0.482 1.00037 861.406 4.30703e-07 349.264 2.30633e+08
-0.478 1.00037 860.534 4.30267e-07 351.346 2.26934e+08
-0.474 1.00037 859.661 4.29831e-07 353.428 2.23247e+08
-0.47 1.00037 858.788 4.29394e-07 355.51 2.19571e+08
-0.466 1.00037 857.915 4.28958e-07 357.59 2.15907e+08
-0.462 1.00037 857.042 4.28521e-07 359.669 2.12255e+08
-0.458 1.00037 856.168 4.28084e-07 361.747 2.08615e+08
-0.454 1.00037 855.295 4.27647e-07 363.824 2.04987e+08
-0.45 1.00037 854.421 4.2721e-07 365.9 2.0137e+08
-0.446 1.00037 853.547 4.26773e-07 367.975 1.97766e+08
-0.442 1.00037 852.673 4.26337e-07 370.049 1.94174e+08
-0.438 1.00037 851.799 4.259e-07 372.12 1.90595e+08
-0.434 1.00037 850.925 4.25463e-07 374.191 1.87028e+08
-0.43 1.00037 850.051 4.25026e-07 376.26 1.83474e+08
-0.426 1.00037 849.178 4.24589e-07 378.327 1.79933e+08
-0.422 1.00037 848.304 4.24152e-07 380.392 1.76404e+08
-0.418 1.00037 847.431 4.23715e-07 382.455 1.72889e+08
-0.414 1.00037 846.557 4.23279e-07 384.516 1.69387e+08
-0.41 1.00037 845.685 4.22842e-07 386.575 1.65899e+08
-0.406 1.00037 844.812 4.22406e-07 388.631 1.62425e+08
-0.402 1.00037 843.94 4.2197e-07 390.685 1.58964e+08
-0.398 1.00037 843.069 4.21535e-07 392.736 1.55518e+08
-0.394 1.00037 842.198 4.21099e-07 394.784 1.52086e+08
-0.39 1.00037 841.328 4.20664e-07 396.829 1.48669e+08
-0.386 1.00037 840.459 4.20229e-07 398.871 1.45268e+08
-0.382 1.00037 839.59 4.19795e-07 400.91 1.41881e+08
-0.378 1.00037 838.723 4.19361e-07 402.944 1.3851e+08
-0.374 1.00037 837.857 4.18928e-07 404.975 1.35155e+08
-0.37 1.00037 836.991 4.18496e-07 407.001 1.31817e+08
-0.366 1.00037 836.127 4.18064e-07 409.023 1.28496e+08
-0.362 1.00037 835.265 4.17633e-07 411.04 1.25191e+08
-0.358 1.00037 834.404 4.17202e-07 413.052 1.21905e+08
-0.354 1.00037 833.545 4.16773e-07 415.058 1.18637e+08
-0.35 1.00037 832.688 4.16344e-07 417.058 1.15388e+08
-0.346 1.00037 831.833 4.15917e-07 419.052 1.12159e+08
-0.342 1.00037 830.981 4.1549e-07 421.039 1.0895e+08
-0.338 1.00037 830.131 4.15065e-07 423.018 1.05761e+08
-0.334 1.00037 829.284 4.14642e-07 424.989 1.02595e+08
-0.33 1.00037 828.44 4.1422e-07 426.952 9.94512e+07
-0.326 1.00037 827.599 4.138e-07 428.906 9.63311e+07
-0.322 1.00036 826.762 4.13381e-07 430.849 9.32356e+07
-0.318 1.00036 825.929 4.12965e-07 432.782 9.01658e+07
-0.314 1.00036 825.101 4.1255e-07 434.704 8.7123e+07
-0.31 1.00036 824.277 4.12139e-07 436.613 8.41086e+07
-0.306 1.00036 823.459 4.11729e-07 438.508 8.11238e+07
-0.302 1.00036 822.646 4.11323e-07 440.389 7.81705e+07
-0.298 1.00036 821.839 4.1092e-07 442.254 7.52501e+07
-0.294 1.00035 821.04 4.1052e-07 444.102 7.23646e+07
-0.29 1.00035 820.248 4.10124e-07 445.932 6.9516e+07
-0.286 1.00035 819.464 4.09732e-07 447.741 6.67065e+07
-0.282 1.00035 818.688 4.09344e-07 449.53 6.39385e+07
-0.278 1.00034 817.923 4.08961e-07 451.294 6.12144e+07
-0.274 1.00034 817.168 4.08584e-07 453.033 5.8537e+07
-0.27 1.00034 816.424 4.08212e-07 454.745 5.59092e+07
-0.266 1.00033 815.693 4.07847e-07 456.428 5.33342e+07
-0.262 1.00033 814.975 4.07488e-07 458.079 5.08152e+07
-0.258 1.00032 814.272 4.07136e-07 459.695 4.83558e+07
-0.254 1.00032 813.584 4.06792e-07 461.274 4.59595e+07
-0.25 1.00031 812.914 4.06457e-07 462.814 4.36302e+07
-0.246 1.00031 812.261 4.0613e-07 464.311 4.13719e+07
-0.242 1.0003 811.628 4.05814e-07 465.762 3.91884e+07
-0.238 1.00029 811.015 4.05508e-07 467.166 3.70838e+07
-0.234 1.00029 810.425 4.05213e-07 468.518 3.5062e+07
-0.23 1.00028 809.858 4.04929e-07 469.816 3.31269e+07
-0.226 1.00027 809.315 4.04658e-07 471.057 3.12821e+07
-0.222 1.00026 808.799 4.04399e-07 472.239 2.9531e+07
-0.218 1.00025 808.309 4.04154e-07 473.359 2.78765e+07
-0.214 1.00024 807.846 4.03923e-07 474.415 2.63212e+07
-0.21 1.00023 807.413 4.03706e-07 475.406 2.48667e+07
-0.206 1.00022 807.008 4.03504e-07 476.329 2.35145e+07
-0.202 1.00021 806.632 4.03316e-07 477.186 2.22649e+07
-0.198 1.0002 806.286 4.03143e-07 477.975 2.11175e+07
-0.194 1.0002 805.97 4.02985e-07 478.696 2.00712e+07
-0.19 1.00019 805.682 4.02841e-07 479.351 1.91239e+07
-0.186 1.00018 805.422 4.02711e-07 479.942 1.82725e+07
-0.182 1.00017 805.19 4.02595e-07 480.471 1.75134e+07
-0.178 1.00016 804.983 4.02492e-07 480.94 1.68421e+07
-0.174 1.00015 804.802 4.02401e-07 481.352 1.62535e+07
-0.17 1.00014 804.643 4.02322e-07 481.712 1.57418e+07
-0.166 1.00014 804.506 4.02253e-07 482.022 1.53012e+07
-0.162 1.00013 804.388 4.02194e-07 482.288 1.49252e+07
-0.158 1.00012 804.289 4.02144e-07 482.514 1.46076e+07
-0.154 1.00012 804.205 4.02102e-07 482.703 1.43421e+07
-0.15 1.00011 804.135 4.02067e-07 482.86 1.41224e+07
-0.146 1.00011 804.077 4.02039e-07 482.989 1.39427e+07
-0.142 1.00011 804.03 4.02015e-07 483.094 1.37974e+07
-0.138 1.0001 803.992 4.01996e-07 483.178 1.36815e+07
-0.134 1.0001 803.962 4.01981e-07 483.244 1.35901e+07
-0.13 1.0001 803.939 4.01969e-07 483.296 1.35193e+07
-0.126 1.0001 803.92 4.0196e-07 483.336 1.34653e+07
-0.122 1.0001 803.906 4.01953e-07 483.366 1.3425e+07
-0.118 1.0001 803.896 4.01948e-07 483.388 1.33956e+07
-0.114 1.00009 803.888 4.01944e-07 483.404 1.33748e+07
-0.11 1.00009 803.882 4.01941e-07 483.415 1.33608e+07
-0.106 1.00009 803.878 4.01939e-07 483.422 1.33519e+07
-0.102 1.00009 803.875 4.01938e-07 483.427 1.33469e+07
-0.098 1.00009 803.873 4.01937e-07 483.429 1.33446e+07
-0.094 1.00009 803.872 4.01936e-07 483.43 1.33441e+07
-0.09 1.00009 803.871 4.01935e-07 483.43 1.33446e+07
-0.086 1.00009 803.87 4.01935e-07 483.43 1.3346e+07
-0.082 1.00009 803.87 4.01935e-07 483.429 1.33486e+07
-0.078 1.00009 803.869 4.01935e-07 483.427 1.33521e+07
-0.074 1.0001 803.87 4.01935e-07 483.425 1.33566e+07
-0.07 1.0001 803.87 4.01935e-07 483.422 1.33618e+07
-0.066 1.0001 803.871 4.01935e-07 483.418 1.33675e+07
-0.062 1.0001 803.872 4.01936e-07 483.414 1.33734e+07
-0.058 1.0001 803.872 4.01936e-07 483.411 1.3379e+07
-0.054 1.0001 803.873 4.01936e-07 483.408 1.33843e+07
-0.05 1.0001 803.873 4.01937e-07 483.405 1.33893e+07
-0.046 1.0001 803.873 4.01937e-07 483.402 1.33941e+07
-0.042 1.0001 803.874 4.01937e-07 483.399 1.33988e+07
-0.038 1.0001 803.874 4.01937e-07 483.396 1.34033e+07
-0.034 1.0001 803.874 4.01937e-07 483.394 1.34078e+07
-0.03 1.0001 803.874 4.01937e-07 483.391 1.34122e+07
-0.026 1.0001 803.874 4.01937e-07 483.388 1.34166e+07
-0.022 1.0001 803.875 4.01937e-07 483.386 1.3421e+07
-0.018 1.0001 803.875 4.01937e-07 483.383 1.34253e+07
-0.014 1.0001 803.875 4.01937e-07 483.381 1.34297e+07
-0.01 1.0001 803.875 4.01937e-07 483.378 1.3434e+07
-0.006 1.0001 803.875 4.01938e-07 483.376 1.34384e+07
-0.002 1.0001 803.875 4.01938e-07 483.373 1.34427e+07
0.002 1.0001 803.875 4.01938e-07 483.371 1.34471e+07
0.006 1.0001 803.875 4.01938e-07 483.368 1.34515e+07
0.01 1.0001 803.875 4.01938e-07 483.365 1.3456e+07
0.014 1.0001 803.875 4.01938e-07 483.363 1.34605e+07
0.018 1.0001 803.876 4.01938e-07 483.36 1.34651e+07
0.022 1.0001 803.876 4.01938e-07 483.357 1.34698e+07
0.026 1.0001 803.876 4.01938e-07 483.355 1.34745e+07
0.03 1.0001 803.876 4.01938e-07 483.352 1.34793e+07
0.034 1.0001 803.876 4.01938e-07 483.349 1.34842e+07
0.038 1.00011 803.876 4.01938e-07 483.346 1.34892e+07
0.042 1.00011 803.877 4.01938e-07 483.343 1.34943e+07
0.046 1.00011 803.877 4.01938e-07 483.34 1.34995e+07
0.05 1.00011 803.877 4.01939e-07 483.337 1.35047e+07
0.054 1.00011 803.877 4.01939e-07 483.333 1.351e+07
0.058 1.00011 803.878 4.01939e-07 483.33 1.35154e+07
0.062 1.00011 803.878 4.01939e-07 483.327 1.35208e+07
0.066 1.00011 803.878 4.01939e-07 483.323 1.35263e+07
0.07 1.00011 803.879 4.01939e-07 483.32 1.35318e+07
0.074 1.00011 803.879 4.01939e-07 483.317 1.35372e+07
0.078 1.00011 803.879 4.0194e-07 483.313 1.35427e+07
0.082 1.00011 803.879 4.0194e-07 483.31 1.35481e+07
0.086 1.00011 803.88 4.0194e-07 483.307 1.35534e+07
0.09 1.00011 803.88 4.0194e-07 483.304 1.35587e+07
0.094 1.00011 803.88 4.0194e-07 483.301 1.35639e+07
0.098 1.00011 803.88 4.0194e-07 483.297 1.35691e+07
0.102 1.00011 803.88 4.0194e-07 483.294 1.35743e+07
0.106 1.00011 803.88 4.0194e-07 483.291 1.35794e+07
0.11 1.00011 803.881 4.0194e-07 483.288 1.35845e+07
0.114 1.00011 803.881 4.0194e-07 483.285 1.35895e+07
0.118 1.00011 803.881 4.0194e-07 483.282 1.35945e+07
0.122 1.00012 803.881 4.0194e-07 483.279 1.35994e+07
0.126 1.00012 803.881 4.0194e-07 483.276 1.36043e+07
0.13 1.00012 803.881 4.0194e-07 483.273 1.36092e+07
0.134 1.00012 803.881 4.0194e-07 483.27 1.3614e+07
0.138 1.00012 803.88 4.0194e-07 483.267 1.36188e+07
0.142 1.00012 803.88 4.0194e-07 483.264 1.36236e+07
0.146 1.00012 803.88 4.0194e-07 483.262 1.36284e+07
0.15 1.00012 803.88 4.0194e-07 483.259 1.36331e+07
0.154 1.00012 803.88 4.0194e-07 483.256 1.36378e+07
0.158 1.00012 803.88 4.0194e-07 483.253 1.36424e+07
0.162 1.00012 803.879 4.0194e-07 483.251 1.36471e+07
0.166 1.00012 803.879 4.0194e-07 483.248 1.36517e+07
0.17 1.00012 803.879 4.01939e-07 483.245 1.36563e+07
0.174 1.00012 803.878 4.01939e-07 483.243 1.36609e+07
0.178 1.00012 803.878 4.01939e-07 483.24 1.36654e+07
0.182 1.00012 803.878 4.01939e-07 483.237 1.36699e+07
0.186 1.00012 803.877 4.01939e-07 483.235 1.36744e+07
0.19 1.00012 803.877 4.01938e-07 483.232 1.36789e+07
0.194 1.00012 803.876 4.01938e-07 483.23 1.36834e+07
0.198 1.00013 803.876 4.01938e-07 483.227 1.36878e+07
0.202 1.00013 803.875 4.01938e-07 483.225 1.36922e+07
0.206 1.00013 803.875 4.01937e-07 483.222 1.36966e+07
0.21 1.00013 803.874 4.01937e-07 483.22 1.37009e+07
0.214 1.00013 803.874 4.01937e-07 483.217 1.37052e+07
0.218 1.00013 803.873 4.01937e-07 483.215 1.37095e+07
0.222 1.00013 803.873 4.01936e-07 483.213 1.37137e+07
0.226 1.00013 803.872 4.01936e-07 483.21 1.37179e+07
0.23 1.00013 803.871 4.01936e-07 483.208 1.3722e+07
0.234 1.00013 803.871 4.01935e-07 483.206 1.37261e+07
0.238 1.00013 803.87 4.01935e-07 483.203 1.37302e+07
0.242 1.00013 803.869 4.01934e-07 483.201 1.37341e+07
0.246 1.00013 803.868 4.01934e-07 483.199 1.37381e+07
0.25 1.00013 803.867 4.01934e-07 483.197 1.37419e+07
0.254 1.00013 803.866 4.01933e-07 483.195 1.37457e+07
0.258 1.00013 803.865 4.01933e-07 483.193 1.37495e+07
0.262 1.00013 803.864 4.01932e-07 483.191 1.37531e+07
0.266 1.00014 803.863 4.01932e-07 483.189 1.37568e+07
0.27 1.00014 803.862 4.01931e-07 483.187 1.37603e+07
0.274 1.00014 803.861 4.01931e-07 483.185 1.37638e+07
0.278 1.00014 803.86 4.0193e-07 483.183 1.37673e+07
0.282 1.00014 803.859 4.0193e-07 483.181 1.37707e+07
0.286 1.00014 803.858 4.01929e-07 483.179 1.3774e+07
0.29 1.00014 803.857 4.01928e-07 483.177 1.37773e+07
0.294 1.00014 803.855 4.01928e-07 483.176 1.37805e+07
0.298 1.00014 803.854 4.01927e-07 483.174 1.37837e+07
0.302 1.00014 803.853 4.01926e-07 483.172 1.37869e+07
0.306 1.00014 803.851 4.01926e-07 483.171 1.379e+07
0.31 1.00014 803.85 4.01925e-07 483.169 1.37931e+07
0.314 1.00014 803.849 4.01924e-07 483.168 1.37962e+07
0.318 1.00014 803.847 4.01924e-07 483.166 1.37992e+07
0.322 1.00015 803.846 4.01923e-07 483.164 1.38023e+07
0.326 1.00015 803.844 4.01922e-07 483.163 1.38053e+07
0.33 1.00015 803.843 4.01921e-07 483.161 1.38083e+07
0.334 1.00015 803.841 4.01921e-07 483.16 1.38113e+07
0.338 1.00015 803.84 4.0192e-07 483.158 1.38142e+07
0.342 1.00015 803.838 4.01919e-07 483.157 1.38172e+07
0.346 1.00015 803.837 4.01918e-07 483.156 1.38202e+07
0.35 1.00015 803.835 4.01917e-07 483.154 1.38232e+07
0.354 1.00015 803.833 4.01917e-07 483.153 1.38261e+07
0.358 1.00015 803.831 4.01916e-07 483.151 1.38291e+07
0.362 1.00015 803.83 4.01915e-07 483.15 1.38321e+07
0.366 1.00015 803.828 4.01914e-07 483.148 1.38351e+07
0.37 1.00016 803.826 4.01913e-07 483.147 1.3838e+07
0.374 1.00016 803.824 4.01912e-07 483.145 1.3841e+07
0.378 1.00016 803.823 4.01911e-07 483.144 1.3844e+07
0.382 1.00016 803.821 4.0191e-07 483.143 1.3847e+07
0.386 1.00016 803.819 4.01909e-07 483.141 1.385e+07
0.39 1.00016 803.817 4.01908e-07 483.14 1.3853e+07
0.394 1.00016 803.815 4.01907e-07 483.138 1.3856e+07
0.398 1.00016 803.813 4.01906e-07 483.137 1.3859e+07
0.402 1.00016 803.811 4.01905e-07 483.135 1.3862e+07
0.406 1.00016 803.809 4.01904e-07 483.134 1.3865e+07
0.41 1.00017 803.807 4.01903e-07 483.132 1.3868e+07
0.414 1.00017 803.805 4.01902e-07 483.131 1.3871e+07
0.418 1.00017 803.803 4.01901e-07 483.129 1.3874e+07
0.422 1.00017 803.801 4.019e-07 483.128 1.3877e+07
0.426 1.00017 803.798 4.01899e-07 483.127 1.388e+07
0.43 1.00017 803.796 4.01898e-07 483.125 1.3883e+07
0.434 1.00017 803.794 4.01897e-07 483.124 1.3886e+07
0.438 1.00017 803.792 4.01896e-07 483.122 1.38889e+07
0.442 1.00017 803.789 4.01895e-07 483.121 1.38919e+07
0.446 1.00018 803.787 4.01893e-07 483.119 1.38949e+07
0.45 1.00018 803.784 4.01892e-07 483.118 1.38978e+07
0.454 1.00018 803.782 4.01891e-07 483.116 1.39007e+07
0.458 1.00018 803.779 4.0189e-07 483.115 1.39036e+07
0.462 1.00018 803.777 4.01888e-07 483.114 1.39066e+07
0.466 1.00018 803.774 4.01887e-07 483.112 1.39095e+07
0.47 1.00018 803.772 4.01886e-07 483.111 1.39123e+07
0.474 1.00018 803.769 4.01884e-07 483.109 1.39152e+07
0.478 1.00019 803.766 4.01883e-07 483.108 1.39181e+07
0.482 1.00019 803.763 4.01882e-07 483.107 1.39209e+07
0.486 1.00019 803.761 4.0188e-07 483.105 1.39237e+07
0.49 1.00019 803.758 4.01879e-07 483.104 1.39265e+07
0.494 1.00019 803.755 4.01877e-07 483.103 1.39293e+07
0.498 1.00019 803.752 4.01876e-07 483.101 1.39321e+07
0.502 1.00019 803.749 4.01874e-07 483.1 1.39348e+07
0.506 1.0002 803.745 4.01873e-07 483.099 1.39376e+07
0.51 1.0002 803.742 4.01871e-07 483.098 1.39403e+07
0.514 1.0002 803.739 4.01869e-07 483.096 1.39429e+07
0.518 1.0002 803.735 4.01868e-07 483.095 1.39456e+07
0.522 1.0002 803.732 4.01866e-07 483.094 1.39482e+07
0.526 1.0002 803.728 4.01864e-07 483.093 1.39509e+07
0.53 1.00021 803.725 4.01862e-07 483.092 1.39535e+07
0.534 1.00021 803.721 4.01861e-07 483.091 1.3956e+07
0.538 1.00021 803.717 4.01859e-07 483.09 1.39586e+07
0.542 1.00021 803.713 4.01857e-07 483.089 1.39611e+07
0.546 1.00021 803.709 4.01855e-07 483.088 1.39636e+07
0.55 1.00021 803.705 4.01853e-07 483.087 1.39661e+07
0.554 1.00021 803.701 4.01851e-07 483.086 1.39686e+07
0.558 1.00022 803.697 4.01849e-07 483.085 1.39711e+07
0.562 1.00022 803.693 4.01846e-07 483.084 1.39735e+07
0.566 1.00022 803.688 4.01844e-07 483.083 1.3976e+07
0.57 1.00022 803.684 4.01842e-07 483.082 1.39784e+07
0.574 1.00022 803.68 4.0184e-07 483.081 1.39808e+07
0.578 1.00022 803.675 4.01837e-07 483.08 1.39832e+07
0.582 1.00023 803.67 4.01835e-07 483.079 1.39856e+07
0.586 1.00023 803.666 4.01833e-07 483.078 1.3988e+07
0.59 1.00023 803.661 4.0183e-07 483.078 1.39903e+07
0.594 1.00023 803.656 4.01828e-07 483.077 1.39927e+07
0.598 1.00023 803.651 4.01825e-07 483.076 1.3995e+07
0.602 1.00024 803.645 4.01823e-07 483.075 1.39974e+07
0.606 1.00024 803.64 4.0182e-07 483.074 1.39997e+07
0.61 1.00024 803.635 4.01817e-07 483.073 1.4002e+07
0.614 1.00024 803.629 4.01815e-07 483.073 1.40044e+07
0.618 1.00024 803.623 4.01812e-07 483.072 1.40067e+07
0.622 1.00024 803.617 4.01809e-07 483.071 1.4009e+07
0.626 1.00025 803.611 4.01806e-07 483.07 1.40113e+07
0.63 1.00025 803.605 4.01803e-07 483.069 1.40136e+07
0.634 1.00025 803.599 4.018e-07 483.068 1.40159e+07
0.638 1.00025 803.593 4.01796e-07 483.068 1.40182e+07
0.642 1.00025 803.586 4.01793e-07 483.067 1.40205e+07
0.646 1.00026 803.579 4.0179e-07 483.066 1.40227e+07
0.65 1.00026 803.573 4.01786e-07 483.065 1.4025e+07
0.654 1.00026 803.566 4.01783e-07 483.064 1.40273e+07
0.658 1.00026 803.559 4.01779e-07 483.063 1.40295e+07
0.662 1.00027 803.552 4.01776e-07 483.063 1.40318e+07
0.666 1.00027 803.545 4.01772e-07 483.062 1.4034e+07
0.67 1.00027 803.538 4.01769e-07 483.061 1.40362e+07
0.674 1.00027 803.53 4.01765e-07 483.06 1.40384e+07
0.678 1.00028 803.523 4.01762e-07 483.059 1.40407e+07
0.682 1.00028 803.516 4.01758e-07 483.059 1.40429e+07
0.686 1.00028 803.508 4.01754e-07 483.058 1.4045e+07
0.69 1.00029 803.501 4.0175e-07 483.057 1.40472e+07
0.694 1.00029 803.493 4.01747e-07 483.056 1.40494e+07
0.698 1.00029 803.485 4.01743e-07 483.056 1.40515e+07
0.702 1.0003 803.478 4.01739e-07 483.055 1.40537e+07
0.706 1.0003 803.469 4.01735e-07 483.054 1.40558e+07
0.71 1.0003 803.461 4.01731e-07 483.053 1.40579e+07
0.714 1.00031 803.453 4.01726e-07 483.053 1.406e+07
0.718 1.00031 803.444 4.01722e-07 483.052 1.40621e+07
0.722 1.00032 803.435 4.01718e-07 483.051 1.40642e+07
0.726 1.00032 803.426 4.01713e-07 483.05 1.40663e+07
0.73 1.00033 803.417 4.01709e-07 483.05 1.40683e+07
0.734 1.00033 803.407 4.01704e-07 483.049 1.40704e+07
0.738 1.00033 803.398 4.01699e-07 483.048 1.40724e+07
0.742 1.00034 803.388 4.01694e-07 483.048 1.40744e+07
0.746 1.00034 803.377 4.01689e-07 483.047 1.40764e+07
0.75 1.00035 803.366 4.01683e-07 483.046 1.40783e+07
0.754 1.00036 803.355 4.01678e-07 483.046 1.40803e+07
0.758 1.00036 803.344 4.01672e-07 483.045 1.40822e+07
0.762 1.00037 803.333 4.01666e-07 483.045 1.40841e+07
0.766 1.00037 803.321 4.0166e-07 483.044 1.4086e+07
0.77 1.00038 803.308 4.01654e-07 483.043 1.40879e+07
0.774 1.00038 803.296 4.01648e-07 483.043 1.40898e+07
0.778 1.00039 803.282 4.01641e-07 483.042 1.40916e+07
0.782 1.0004 803.269 4.01634e-07 483.042 1.40935e+07
0.786 1.0004 803.255 4.01627e-07 483.041 1.40953e+07
0.79 1.00041 803.241 4.0162e-07 483.041 1.40971e+07
0.794 1.00042 803.226 4.01613e-07 483.04 1.40989e+07
0.798 1.00043 803.211 4.01605e-07 483.04 1.41006e+07
0.802 1.00043 803.195 4.01597e-07 483.039 1.41024e+07
0.806 1.00044 803.178 4.01589e-07 483.039 1.41042e+07
0.81 1.00045 803.162 4.01581e-07 483.039 1.41059e+07
0.814 1.00046 803.144 4.01572e-07 483.038 1.41076e+07
0.818 1.00047 803.127 4.01563e-07 483.038 1.41093e+07
0.822 1.00048 803.108 4.01554e-07 483.037 1.4111e+07
0.826 1.00049 803.089 4.01544e-07 483.037 1.41127e+07
0.83 1.0005 803.069 4.01534e-07 483.037 1.41144e+07
0.834 1.00051 803.049 4.01524e-07 483.036 1.41161e+07
0.838 1.00052 803.028 4.01512e-07 483.036 1.41178e+07
0.842 1.00053 803.006 4.01497e-07 483.036 1.41195e+07
0.846 1.00054 802.984 4.0149e-07 483.036 1.41212e+07
0.85 1.00055 802.961 4.01493e-07 483.035 1.41229e+07
0.854 1.00057 802.937 4.01519e-07 483.035 1.41246e+07
0.858 1.00058 802.911 4.0161e-07 483.035 1.41262e+07
0.862 1.00059 802.885 4.01883e-07 483.035 1.41279e+07
0.866 1.00061 802.858 4.02641e-07 483.034 1.41296e+07
0.87 1.00062 802.829 4.04657e-07 483.034 1.41313e+07
0.874 1.00064 802.799 4.09857e-07 483.034 1.4133e+07
0.878 1.00065 802.768 4.22936e-07 483.034 1.41348e+07
0.882 1.00067 802.735 4.5506e-07 483.034 1.41365e+07
0.886 1.00069 802.701 5.32189e-07 483.034 1.41382e+07
0.89 1.00071 802.665 7.13337e-07 483.033 1.414e+07
0.894 1.00072 802.626 1.1297e-06 483.033 1.41417e+07
0.898 1.00074 802.586 2.06659e-06 483.033 1.41435e+07
0.902 1.00076 802.544 4.13127e-06 483.033 1.41452e+07
0.906 1.00079 802.5 8.58874e-06 483.033 1.4147e+07
0.91 1.00081 802.453 1.80191e-05 483.033 1.41488e+07
0.914 1.00084 802.404 3.75758e-05 483.033 1.41506e+07
0.918 1.00086 802.352 7.73405e-05 483.033 1.41524e+07
0.922 1.0009 802.296 0.000156635 483.033 1.41542e+07
0.926 1.00093 802.237 0.000311742 483.033 1.4156e+07
0.93 1.00097 802.172 0.000609426 483.033 1.41578e+07
0.934 1.00102 802.101 0.00117009 483.032 1.41597e+07
0.938 1.00107 802.02 0.00220654 483.032 1.41615e+07
0.942 1.0011 801.927 0.00408747 483.032 1.41633e+07
0.946 1.0011 801.814 0.00743899 483.032 1.41652e+07
0.95 1.00109 801.672 0.0133033 483.032 1.4167e+07
0.954 1.00104 801.488 0.023381 483.032 1.41688e+07
0.958 1.00093 801.237 0.0403915 483.032 1.41707e+07
0.962 1.00071 800.887 0.068597 483.032 1.41725e+07
0.966 1.00033 800.386 0.114543 483.032 1.41743e+07
0.97 0.999692 799.664 0.188078 483.032 1.41762e+07
0.974 0.998674 798.616 0.303714 483.032 1.4178e+07
0.978 0.997096 797.101 0.482391 483.032 1.41798e+07
0.982 0.994714 794.925 0.753681 483.032 1.41816e+07
0.986 0.991206 791.832 1.15843 483.032 1.41835e+07
0.99 0.986151 787.494 1.75182 483.032 1.41853e+07
0.994 0.979022 781.496 2.60662 483.032 1.4187e+07
0.998 0.969171 773.333 3.81653 483.032 1.41888e+07
1.002 0.955833 762.409 5.49909 483.032 1.41905e+07
1.006 0.938132 748.044 7.79777 483.031 1.41922e+07
1.01 0.915108 729.495 10.8826 483.031 1.41939e+07
1.014 0.885763 705.99 14.9485 483.031 1.41955e+07
1.018 0.849121 676.775 20.2108 483.031 1.4197e+07
1.022 0.804315 641.183 26.8975 483.031 1.41985e+07
1.026 0.750688 598.709 35.2369 483.031 1.41999e+07
1.03 0.687903 549.095 45.4418 483.031 1.42012e+07
1.034 0.616059 492.419 57.6905 483.032 1.42024e+07
1.038 0.535787 429.17 72.104 483.032 1.42035e+07
1.042 0.448347 360.322 88.724 483.032 1.42044e+07
1.046 0.355812 287.407 107.491 483.032 1.42053e+07
1.05 0.27152 220.56 128.228 483.033 1.4206e+07
1.054 0.202156 165.31 150.623 483.033 1.42066e+07
1.058 0.14688 121.052 174.259 483.034 1.42072e+07
1.062 0.104175 86.6461 196.457 483.035 1.42078e+07
1.066 0.0721404 60.645 215.411 483.035 1.42083e+07
1.07 0.0487771 41.5168 231.242 483.035 1.42088e+07
1.074 0.0321958 27.8025 244.205 483.035 1.42093e+07
1.078 0.0207366 18.2114 254.623 483.034 1.42097e+07
1.082 0.0130224 11.6647 262.854 483.03 1.42099e+07
1.086 0.0079637 7.30131 269.243 483.018 1.42096e+07
1.09 0.00473363 4.46157 274.096 482.99 1.42079e+07
1.094 0.00272713 2.65728 277.652 482.923 1.4203e+07
1.098 0.00151642 1.53871 280.058 482.757 1.41905e+07
1.102 0.000808644 0.862859 281.36 482.358 1.41604e+07
1.106 0.000409478 0.465601 281.624 481.413 1.40897e+07
1.11 0.00019384 0.239184 280.753 479.212 1.39258e+07
1.114 8.3625e-05 0.114818 276.863 474.116 1.35519e+07
1.118 3.15074e-05 0.0497966 265.973 462.332 1.27191e+07
1.122 9.63987e-06 0.0183133 240.721 434.904 1.09459e+07
1.126 2.10929e-06 0.00503071 190.22 369.804 7.54268e+06
1.13 2.4364e-07 0.000764341 110.973 214.688 2.65408e+06
1.134 1.43604e-08 3.30087e-05 57.9116 28.7182 241029
1.138 9.94899e-09 1.01096e-05 50.3846 0.557319 101362
1.142 9.99928e-09 1.00009e-05 50.0047 0.00501215 100013
1.146 9.99999e-09 1e-05 50 4.55958e-05 100000
1.15 1e-08 1e-05 50 4.12263e-07 100000
1.154 1e-08 1e-05 50 3.73083e-09 100000
1.158 1e-08 1e-05 50 3.38383e-11 100000
1.162 1e-08 1e-05 50 3.07347e-13 100000
1.166 1e-08 1e-05 50 2.49926e-15 100000
1.17 1e-08 1e-05 50 0 100000
1.174 1e-08 1e-05 50 0 100000
1.178 1e-08 1e-05 50 0 100000
1.182 1e-08 1e-05 50 0 100000
1.186 1e-08 1e-05 50 0 100000
1.19 1e-08 1e-05 50 0 100000
1.194 1e-08 1e-05 50 0 100000
1.198 1e-08 1e-05 50 0 100000
1.202 1e-08 1e-05 50 0 100000
1.206 1e-08 1e-05 50 0 100000
1.21 1e-08 1e-05 50 0 100000
1.214 1e-08 1e-05 50 0 100000
1.218 1e-08 1e-05 50 0 100000
1.222 1e-08 1e-05 50 0 100000
1.226 1e-08 1e-05 50 0 100000
1.23 1e-08 1e-05 50 0 100000
1.234 1e-08 1e-05 50 0 100000
1.238 1e-08 1e-05 50 0 100000
1.242 1e-08 1e-05 50 0 100000
1.246 1e-08 1e-05 50 0 100000
1.25 1e-08 1e-05 50 0 100000
1.254 1e-08 1e-05 50 0 100000
1.258 1e-08 1e-05 50 0 100000
1.262 1e-08 1e-05 50 0 100000
1.266 1e-08 1e-05 50 0 100000
1.27 1e-08 1e-05 50 0 100000
1.274 1e-08 1e-05 50 0 100000
1.278 1e-08 1e-05 50 0 100000
1.282 1e-08 1e-05 50 0 100000
1.286 1e-08 1e-05 50 0 100000
1.29 1e-08 1e-05 50 0 100000
1.294 1e-08 1e-05 50 0 100000
1.298 1e-08 1e-05 50 0 100000
1.302 1e-08 1e-05 50 0 100000
1.306 1e-08 1e-05 50 0 100000
1.31 1e-08 1e-05 50 0 100000
1.314 1e-08 1e-05 50 0 100000
1.318 1e-08 1e-05 50 0 100000
1.322 1e-08 1e-05 50 0 100000
1.326 1e-08 1e-05 50 0 100000
1.33 1e-08 1e-05 50 0 100000
1.334 1e-08 1e-05 50 0 100000
1.338 1e-08 1e-05 50 0 100000
1.342 1e-08 1e-05 50 0 100000
1.346 1e-08 1e-05 50 0 100000
1.35 1e-08 1e-05 50 0 100000
1.354 1e-08 1e-05 50 0 100000
1.358 1e-08 1e-05 50 0 100000
1.362 1e-08 1e-05 50 0 100000
1.366 1e-08 1e-05 50 0 100000
1.37 1e-08 1e-05 50 0 100000
1.374 1e-08 1e-05 50 0 100000
1.378 1e-08 1e-05 50 0 100000
1.382 1e-08 1e-05 50 0 100000
1.386 1e-08 1e-05 50 0 100000
1.39 1e-08 1e-05 50 0 100000
1.394 1e-08 1e-05 50 0 100000
1.398 1e-08 1e-05 50 0 100000
1.402 1e-08 1e-05 50 0 100000
1.406 1e-08 1e-05 50 0 100000
1.41 1e-08 1e-05 50 0 100000
1.414 1e-08 1e-05 50 0 100000
1.418 1e-08 1e-05 50 0 100000
1.422 1e-08 1e-05 50 0 100000
1.426 1e-08 1e-05 50 0 100000
1.43 1e-08 1e-05 50 0 100000
1.434 1e-08 1e-05 50 0 100000
1.438 1e-08 1e-05 50 0 100000
1.442 1e-08 1e-05 50 0 100000
1.446 1e-08 1e-05 50 0 100000
1.45 1e-08 1e-05 50 0 100000
1.454 1e-08 1e-05 50 0 100000
1.458 1e-08 1e-05 50 0 100000
1.462 1e-08 1e-05 50 0 100000
1.466 1e-08 1e-05 50 0 100000
1.47 1e-08 1e-05 50 0 100000
1.474 1e-08 1e-05 50 0 100000
1.478 1e-08 1e-05 50 0 100000
1.482 1e-08 1e-05 50 0 100000
1.486 1e-08 1e-05 50 0 100000
1.49 1e-08 1e-05 50 0 100000
1.494 1e-08 1e-05 50 0 100000
1.498 1e-08 1e-05 50 0 100000
1.502 1e-08 1e-05 50 0 100000
1.506 1e-08 1e-05 50 0 100000
1.51 1e-08 1e-05 50 0 100000
1.514 1e-08 1e-05 50 0 100000
1.518 1e-08 1e-05 50 0 100000
1.522 1e-08 1e-05 50 0 100000
1.526 1e-08 1e-05 50 0 100000
1.53 1e-08 1e-05 50 0 100000
1.534 1e-08 1e-05 50 0 100000
1.538 1e-08 1e-05 50 0 100000
1.542 1e-08 1e-05 50 0 100000
1.546 1e-08 1e-05 50 0 100000
1.55 1e-08 1e-05 50 0 100000
1.554 1e-08 1e-05 50 0 100000
1.558 1e-08 1e-05 50 0 100000
1.562 1e-08 1e-05 50 0 100000
1.566 1e-08 1e-05 50 0 100000
1.57 1e-08 1e-05 50 0 100000
1.574 1e-08 1e-05 50 0 100000
1.578 1e-08 1e-05 50 0 100000
1.582 1e-08 1e-05 50 0 100000
1.586 1e-08 1e-05 50 0 100000
1.59 1e-08 1e-05 50 0 100000
1.594 1e-08 1e-05 50 0 100000
1.598 1e-08 1e-05 50 0 100000
1.602 1e-08 1e-05 50 0 100000
1.606 1e-08 1e-05 50 0 100000
1.61 1e-08 1e-05 50 0 100000
1.614 1e-08 1e-05 50 0 100000
1.618 1e-08 1e-05 50 0 100000
1.622 1e-08 1e-05 50 0 100000
1.626 1e-08 1e-05 50 0 100000
1.63 1e-08 1e-05 50 0 100000
1.634 1e-08 1e-05 50 0 100000
1.638 1e-08 1e-05 50 0 100000
1.642 1e-08 1e-05 50 0 100000
1.646 1e-08 1e-05 50 0 100000
1.65 1e-08 1e-05 50 0 100000
1.654 1e-08 1e-05 50 0 100000
1.658 1e-08 1e-05 50 0 100000
1.662 1e-08 1e-05 50 0 100000
1.666 1e-08 1e-05 50 0 100000
1.67 1e-08 1e-05 50 0 100000
1.674 1e-08 1e-05 50 0 100000
1.678 1e-08 1e-05 50 0 100000
1.682 1e-08 1e-05 50 0 100000
1.686 1e-08 1e-05 50 0 100000
1.69 1e-08 1e-05 50 0 100000
1.694 1e-08 1e-05 50 0 100000
1.698 1e-08 1e-05 50 0 100000
1.702 1e-08 1e-05 50 0 100000
1.706 1e-08 1e-05 50 0 100000
1.71 1e-08 1e-05 50 0 100000
1.714 1e-08 1e-05 50 0 100000
1.718 1e-08 1e-05 50 0 100000
1.722 1e-08 1e-05 50 0 100000
1.726 1e-08 1e-05 50 0 100000
1.73 1e-08 1e-05 50 0 100000
1.734 1e-08 1e-05 50 0 100000
1.738 1e-08 1e-05 50 0 100000
1.742 1e-08 1e-05 50 0 100000
1.746 1e-08 1e-05 50 0 100000
1.75 1e-08 1e-05 50 0 100000
1.754 1e-08 1e-05 50 0 100000
1.758 1e-08 1e-05 50 0 100000
1.762 1e-08 1e-05 50 0 100000
1.766 1e-08 1e-05 50 0 100000
1.77 1e-08 1e-05 50 0 100000
1.774 1e-08 1e-05 50 0 100000
1.778 1e-08 1e-05 50 0 100000
1.782 1e-08 1e-05 50 0 100000
1.786 1e-08 1e-05 50 0 100000
1.79 1e-08 1e-05 50 0 100000
1.794 1e-08 1e-05 50 0 100000
1.798 1e-08 1e-05 50 0 100000
1.802 1e-08 1e-05 50 0 100000
1.806 1e-08 1e-05 50 0 100000
1.81 1e-08 1e-05 50 0 100000
1.814 1e-08 1e-05 50 0 100000
1.818 1e-08 1e-05 50 0 100000
1.822 1e-08 1e-05 50 0 100000
1.826 1e-08 1e-05 50 0 100000
1.83 1e-08 1e-05 50 0 100000
1.834 1e-08 1e-05 50 0 100000
1.838 1e-08 1e-05 50 0 100000
1.842 1e-08 1e-05 50 0 100000
1.846 1e-08 1e-05 50 0 100000
1.85 1e-08 1e-05 50 0 100000
1.854 1e-08 1e-05 50 0 100000
1.858 1e-08 1e-05 50 0 100000
1.862 1e-08 1e-05 50 0 100000
1.866 1e-08 1e-05 50 0 100000
1.87 1e-08 1e-05 50 0 100000
1.874 1e-08 1e-05 50 0 100000
1.878 1e-08 1e-05 50 0 100000
1.882 1e-08 1e-05 50 0 100000
1.886 1e-08 1e-05 50 0 100000
1.89 1e-08 1e-05 50 0 100000
1.894 1e-08 1e-05 50 0 100000
1.898 1e-08 1e-05 50 0 100000
1.902 1e-08 1e-05 50 0 100000
1.906 1e-08 1e-05 50 0 100000
1.91 1e-08 1e-05 50 0 100000
1.914 1e-08 1e-05 50 0 100000
1.918 1e-08 1e-05 50 0 100000
1.922 1e-08 1e-05 50 0 100000
1.926 1e-08 1e-05 50 0 100000
1.93 1e-08 1e-05 50 0 100000
1.934 1e-08 1e-05 50 0 100000
1.938 1e-08 1e-05 50 0 100000
1.942 1e-08 1e-05 50 0 100000
1.946 1e-08 1e-05 50 0 100000
1.95 1e-08 1e-05 50 0 100000
1.954 1e-08 1e-05 50 0 100000
1.958 1e-08 1e-05 50 0 100000
1.962 1e-08 1e-05 50 0 100000
1.966 1e-08 1e-05 50 0 100000
1.97 1e-08 1e-05 50 0 100000
1.974 1e-08 1e-05 50 0 100000
1.978 1e-08 1e-05 50 0 100000
1.982 1e-08 1e-05 50 0 100000
1.986 1e-08 1e-05 50 0 100000
1.99 1e-08 1e-05 50 0 100000
1.994 1e-08 1e-05 50 0 100000
1.998 1e-08 1e-05 50 0 100000
