x alpha rho1 rho2 v p
-1.998 1 1000 5e-07 1.69047e-11 1e+09
-1.994 1 1000 5e-07 2.40986e-11 1e+09
-1.99 1 1000 5e-07 3.29378e-11 1e+09
-1.986 1 1000 5e-07 4.70678e-11 1e+09
-1.982 1 1000 5e-07 6.81318e-11 1e+09
-1.978 1 1000 5e-07 9.80435e-11 1e+09
-1.974 1 1000 5e-07 1.42103e-10 1e+09
-1.97 1 1000 5e-07 2.05159e-10 1e+09
-1.966 1 1000 5e-07 2.96694e-10 1e+09
-1.962 1 1000 5e-07 4.2649e-10 1e+09
-1.958 1 1000 5e-07 6.12355e-10 1e+09
-1.954 1 1000 5e-07 8.76876e-10 1e+09
-1.95 1 1000 5e-07 1.25192e-09 1e+09
-1.946 1 1000 5e-07 1.78268e-09 1e+09
-1.942 1 1000 5e-07 2.53145e-09 1e+09
-1.938 1 1000 5e-07 3.58379e-09 1e+09
-1.934 1 1000 5e-07 5.05969e-09 1e+09
-1.93 1 1000 5e-07 7.12184e-09 1e+09
-1.926 1 1000 5e-07 9.99658e-09 1e+09
-1.922 1 1000 5e-07 1.39918e-08 1e+09
-1.918 1 1000 5e-07 1.95268e-08 1e+09
-1.914 1 1000 5e-07 2.71749e-08 1e+09
-1.91 1 1000 5e-07 3.77095e-08 1e+09
-1.906 1 1000 5e-07 5.21785e-08 1e+09
-1.902 1 1000 5e-07 7.19945e-08 1e+09
-1.898 1 1000 5e-07 9.90524e-08 1e+09
-1.894 1 1000 5e-07 1.35892e-07 1e+09
-1.89 1 1000 5e-07 1.85903e-07 1e+09
-1.886 1 1000 5e-07 2.53597e-07 1e+09
-1.882 1 1000 5e-07 3.4496e-07 1e+09
-1.878 1 1000 5e-07 4.67909e-07 1e+09
-1.874 1 1000 5e-07 6.32881e-07 1e+09
-1.87 1 1000 5e-07 8.53599e-07 1e+09
-1.866 1 1000 5e-07 1.14804e-06 1e+09
-1.862 1 1000 5e-07 1.53969e-06 1e+09
-1.858 1 1000 5e-07 2.05914e-06 1e+09
-1.854 1 1000 5e-07 2.74608e-06 1e+09
-1.85 1 1000 5e-07 3.65189e-06 1e+09
-1.846 1 1000 5e-07 4.84286e-06 1e+09
-1.842 1 1000 5e-07 6.40421e-06 1e+09
-1.838 1 1000 5e-07 8.44523e-06 1e+09
-1.834 1 1000 5e-07 1.11056e-05 1e+09
-1.83 1 1000 5e-07 1.45631e-05 1e+09
-1.826 1 1000 5e-07 1.90438e-05 1e+09
-1.822 1 1000 5e-07 2.48337e-05 1e+09
-1.818 1 1000 5e-07 3.22937e-05 1e+09
-1.814 1 1000 5e-07 4.18779e-05 1e+09
-1.81 1 1000 5e-07 5.41558e-05 1e+09
-1.806 1 1000 5e-07 6.9839e-05 1e+09
-1.802 1 1000 5e-07 8.98146e-05 1e+09
-1.798 1 1000 5e-07 0.000115184 1e+09
-1.794 1 1000 5e-07 0.000147312 1e+09
-1.79 1 1000 5e-07 0.00018788 1e+09
-1.786 1 1000 5e-07 0.000238961 9.99999e+08
-1.782 1 1000 5e-07 0.000303094 9.99999e+08
-1.778 1 1000 5e-07 0.000383383 9.99999e+08
-1.774 1 1000 5e-07 0.000483609 9.99999e+08
-1.77 1 1000 5e-07 0.000608366 9.99999e+08
-1.766 1 1000 5e-07 0.000763212 9.99998e+08
-1.762 1 1000 5e-07 0.000954857 9.99998e+08
-1.758 1 1000 5e-07 0.00119136 9.99997e+08
-1.754 1 999.999 5e-07 0.00148241 9.99996e+08
-1.75 1 999.999 5e-07 0.00183953 9.99995e+08
-1.746 1 999.999 5e-07 0.00227649 9.99994e+08
-1.742 1 999.999 4.99999e-07 0.00280961 9.99993e+08
-1.738 1 999.999 4.99999e-07 0.0034582 9.99991e+08
-1.734 1 999.998 4.99999e-07 0.004245 9.99989e+08
-1.73 1 999.998 4.99999e-07 0.00519677 9.99987e+08
-1.726 1 999.998 4.99999e-07 0.0063448 9.99984e+08
-1.722 1 999.997 4.99999e-07 0.00772562 9.99981e+08
-1.718 1 999.996 4.99998e-07 0.00938171 9.99977e+08
-1.714 1 999.996 4.99998e-07 0.0113623 9.99972e+08
-1.71 1 999.995 4.99997e-07 0.0137242 9.99966e+08
-1.706 1 999.994 4.99997e-07 0.0165329 9.99959e+08
-1.702 1 999.992 4.99996e-07 0.0198634 9.9995e+08
-1.698 1 999.991 4.99996e-07 0.0238014 9.99941e+08
-1.694 1 999.989 4.99995e-07 0.0284445 9.99929e+08
-1.69 1 999.987 4.99994e-07 0.0339035 9.99915e+08
-1.686 1 999.985 4.99992e-07 0.0403035 9.99899e+08
-1.682 1 999.982 4.99991e-07 0.0477855 9.9988e+08
-1.678 1 999.979 4.99989e-07 0.0565078 9.99858e+08
-1.674 1 999.975 4.99987e-07 0.0666472 9.99832e+08
-1.67 1 999.97 4.99985e-07 0.0784008 9.99803e+08
-1.666 1 999.965 4.99983e-07 0.0919872 9.99768e+08
-1.662 1 999.959 4.9998e-07 0.107648 9.99728e+08
-1.658 1 999.953 4.99976e-07 0.125649 9.99683e+08
-1.654 1 999.945 4.99972e-07 0.146283 9.9963e+08
-1.65 1 999.936 4.99968e-07 0.169869 9.9957e+08
-1.646 1.00001 999.926 4.99963e-07 0.196752 9.99502e+08
-1.642 1.00001 999.914 4.99957e-07 0.227311 9.99424e+08
-1.638 1.00001 999.901 4.99951e-07 0.26195 9.99336e+08
-1.634 1.00001 999.886 4.99943e-07 0.301107 9.99236e+08
-1.63 1.00001 999.87 4.99935e-07 0.345249 9.99123e+08
-1.626 1.00001 999.851 4.99925e-07 0.394874 9.98996e+08
-1.622 1.00001 999.83 4.99915e-07 0.450514 9.98853e+08
-1.618 1.00001 999.806 4.99903e-07 0.512726 9.98694e+08
-1.614 1.00001 999.78 4.9989e-07 0.582102 9.98516e+08
-1.61 1.00001 999.751 4.99876e-07 0.659258 9.98317e+08
-1.606 1.00002 999.719 4.99859e-07 0.74484 9.98097e+08
-1.602 1.00002 999.683 4.99842e-07 0.839518 9.97854e+08
-1.598 1.00002 999.644 4.99822e-07 0.943986 9.97585e+08
-1.594 1.00002 999.6 4.998e-07 1.05896 9.97289e+08
-1.59 1.00002 999.553 4.99776e-07 1.18516 9.96963e+08
-1.586 1.00002 999.501 4.9975e-07 1.32335 9.96607e+08
-1.582 1.00003 999.444 4.99722e-07 1.47428 9.96217e+08
-1.578 1.00003 999.382 4.99691e-07 1.63871 9.95792e+08
-1.574 1.00003 999.314 4.99657e-07 1.81742 9.9533e+08
-1.57 1.00003 999.241 4.9962e-07 2.01117 9.94829e+08
-1.566 1.00004 999.162 4.99581e-07 2.22074 9.94286e+08
-1.562 1.00004 999.077 4.99538e-07 2.44688 9.937e+08
-1.558 1.00004 998.985 4.99492e-07 2.69034 9.93069e+08
-1.554 1.00005 998.886 4.99443e-07 2.95185 9.92391e+08
-1.55 1.00005 998.78 4.9939e-07 3.23211 9.91664e+08
-1.546 1.00005 998.667 4.99334e-07 3.53183 9.90886e+08
-1.542 1.00005 998.546 4.99273e-07 3.85166 9.90056e+08
-1.538 1.00006 998.418 4.99209e-07 4.19223 9.89171e+08
-1.534 1.00006 998.281 4.99141e-07 4.55413 9.88231e+08
-1.53 1.00007 998.136 4.99068e-07 4.93794 9.87234e+08
-1.526 1.00007 997.983 4.98991e-07 5.34416 9.86178e+08
-1.522 1.00007 997.821 4.9891e-07 5.77329 9.85062e+08
-1.518 1.00008 997.65 4.98825e-07 6.22575 9.83886e+08
-1.514 1.00008 997.47 4.98735e-07 6.70195 9.82648e+08
-1.51 1.00008 997.281 4.98641e-07 7.20224 9.81347e+08
-1.506 1.00009 997.083 4.98541e-07 7.7269 9.79982e+08
-1.502 1.00009 996.875 4.98438e-07 8.27621 9.78554e+08
-1.498 1.00009 996.658 4.98329e-07 8.85038 9.77061e+08
-1.494 1.0001 996.432 4.98216e-07 9.44956 9.75503e+08
-1.49 1.0001 996.196 4.98098e-07 10.0739 9.7388e+08
-1.486 1.00011 995.95 4.97975e-07 10.7234 9.72191e+08
-1.482 1.00011 995.695 4.97847e-07 11.3982 9.70438e+08
-1.478 1.00011 995.43 4.97715e-07 12.0981 9.68619e+08
-1.474 1.00012 995.156 4.97578e-07 12.8233 9.66736e+08
-1.47 1.00012 994.872 4.97436e-07 13.5736 9.64788e+08
-1.466 1.00013 994.578 4.97289e-07 14.3488 9.62776e+08
-1.462 1.00013 994.276 4.97138e-07 15.1488 9.60701e+08
-1.458 1.00013 993.963 4.96982e-07 15.9734 9.58563e+08
-1.454 1.00014 993.642 4.96821e-07 16.8223 9.56362e+08
-1.45 1.00014 993.311 4.96656e-07 17.6954 9.54101e+08
-1.446 1.00014 992.971 4.96486e-07 18.5923 9.51779e+08
-1.442 1.00015 992.622 4.96311e-07 19.5128 9.49398e+08
-1.438 1.00015 992.264 4.96132e-07 20.4564 9.46958e+08
-1.434 1.00015 991.898 4.95949e-07 21.4229 9.44461e+08
-1.43 1.00016 991.523 4.95761e-07 22.4119 9.41908e+08
-1.426 1.00016 991.139 4.9557e-07 23.423 9.393e+08
-1.422 1.00016 990.747 4.95374e-07 24.4558 9.36638e+08
-1.418 1.00017 990.347 4.95173e-07 25.5099 9.33923e+08
-1.414 1.00017 989.938 4.94969e-07 26.5849 9.31157e+08
-1.41 1.00017 989.522 4.94761e-07 27.6804 9.2834e+08
-1.406 1.00018 989.098 4.94549e-07 28.7959 9.25475e+08
-1.402 1.00018 988.667 4.94333e-07 29.931 9.22562e+08
-1.398 1.00018 988.228 4.94114e-07 31.0853 9.19603e+08
-1.394 1.00018 987.782 4.93891e-07 32.2583 9.16599e+08
-1.39 1.00019 987.328 4.93664e-07 33.4496 9.13552e+08
-1.386 1.00019 986.868 4.93434e-07 34.6588 9.10462e+08
-1.382 1.00019 986.401 4.93201e-07 35.8853 9.07331e+08
-1.378 1.00019 985.927 4.92964e-07 37.1289 9.0416e+08
-1.374 1.0002 985.447 4.92724e-07 38.389 9.00951e+08
-1.37 1.0002 984.961 4.9248e-07 39.6651 8.97705e+08
-1.366 1.0002 984.468 4.92234e-07 40.957 8.94422e+08
-1.362 1.0002 983.97 4.91985e-07 42.2642 8.91105e+08
-1.358 1.00021 983.465 4.91733e-07 43.5862 8.87754e+08
-1.354 1.00021 982.955 4.91477e-07 44.9226 8.84371e+08
-1.35 1.00021 982.439 4.9122e-07 46.2731 8.80957e+08
-1.346 1.00021 981.918 4.90959e-07 47.6373 8.77513e+08
-1.342 1.00021 981.392 4.90696e-07 49.0147 8.7404e+08
-1.338 1.00022 980.86 4.9043e-07 50.4051 8.70539e+08
-1.334 1.00022 980.323 4.90162e-07 51.8079 8.67012e+08
-1.33 1.00022 979.782 4.89891e-07 53.223 8.63459e+08
-1.326 1.00022 979.236 4.89618e-07 54.6498 8.59881e+08
-1.322 1.00022 978.685 4.89343e-07 56.0882 8.56279e+08
-1.318 1.00023 978.13 4.89065e-07 57.5377 8.52655e+08
-1.314 1.00023 977.57 4.88785e-07 58.998 8.49009e+08
-1.31 1.00023 977.006 4.88503e-07 60.4688 8.45342e+08
-1.306 1.00023 976.438 4.88219e-07 61.9497 8.41656e+08
-1.302 1.00023 975.866 4.87933e-07 63.4406 8.3795e+08
-1.298 1.00023 975.29 4.87645e-07 64.9411 8.34226e+08
-1.294 1.00023 974.71 4.87355e-07 66.4509 8.30485e+08
-1.29 1.00024 974.127 4.87063e-07 67.9697 8.26727e+08
-1.286 1.00024 973.54 4.8677e-07 69.4973 8.22954e+08
-1.282 1.00024 972.949 4.86475e-07 71.0334 8.19165e+08
-1.278 1.00024 972.355 4.86178e-07 72.5777 8.15362e+08
-1.274 1.00024 971.758 4.85879e-07 74.1301 8.11546e+08
-1.27 1.00024 971.157 4.85578e-07 75.6902 8.07716e+08
-1.266 1.00024 970.553 4.85277e-07 77.2579 8.03874e+08
-1.262 1.00025 969.946 4.84973e-07 78.8329 8.00021e+08
-1.258 1.00025 969.336 4.84668e-07 80.415 7.96157e+08
-1.254 1.00025 968.723 4.84362e-07 82.004 7.92282e+08
-1.25 1.00025 968.108 4.84054e-07 83.5997 7.88397e+08
-1.246 1.00025 967.489 4.83745e-07 85.2019 7.84503e+08
-1.242 1.00025 966.868 4.83434e-07 86.8104 7.80601e+08
-1.238 1.00025 966.244 4.83122e-07 88.425 7.7669e+08
-1.234 1.00025 965.617 4.82809e-07 90.0456 7.72771e+08
-1.23 1.00025 964.989 4.82494e-07 91.6719 7.68846e+08
-1.226 1.00025 964.357 4.82179e-07 93.3038 7.64913e+08
-1.222 1.00026 963.723 4.81862e-07 94.9412 7.60975e+08
-1.218 1.00026 963.087 4.81544e-07 96.5838 7.5703e+08
-1.214 1.00026 962.449 4.81224e-07 98.2316 7.5308e+08
-1.21 1.00026 961.808 4.80904e-07 99.8844 7.49125e+08
-1.206 1.00026 961.165 4.80583e-07 101.542 7.45166e+08
-1.202 1.00026 960.52 4.8026e-07 103.204 7.41202e+08
-1.198 1.00026 959.873 4.79937e-07 104.871 7.37235e+08
-1.194 1.00026 959.224 4.79612e-07 106.543 7.33264e+08
-1.19 1.00026 958.573 4.79286e-07 108.218 7.2929e+08
-1.186 1.00026 957.92 4.7896e-07 109.898 7.25314e+08
-1.182 1.00026 957.265 4.78632e-07 111.582 7.21334e+08
-1.178 1.00026 956.608 4.78304e-07 113.27 7.17353e+08
-1.174 1.00027 955.949 4.77975e-07 114.962 7.1337e+08
-1.17 1.00027 955.289 4.77645e-07 116.657 7.09386e+08
-1.166 1.00027 954.627 4.77313e-07 118.357 7.054e+08
-1.162 1.00027 953.963 4.76982e-07 120.059 7.01413e+08
-1.158 1.00027 953.297 4.76649e-07 121.765 6.97426e+08
-1.154 1.00027 952.63 4.76315e-07 123.475 6.93438e+08
-1.15 1.00027 951.962 4.75981e-07 125.188 6.8945e+08
-1.146 1.00027 951.291 4.75646e-07 126.904 6.85463e+08
-1.142 1.00027 950.619 4.7531e-07 128.623 6.81475e+08
-1.138 1.00027 949.946 4.74973e-07 130.345 6.77488e+08
-1.134 1.00027 949.271 4.74635e-07 132.07 6.73502e+08
-1.13 1.00027 948.595 4.74297e-07 133.798 6.69516e+08
-1.126 1.00027 947.917 4.73958e-07 135.529 6.65532e+08
-1.122 1.00027 947.238 4.73619e-07 137.263 6.61549e+08
-1.118 1.00028 946.557 4.73278e-07 138.999 6.57568e+08
-1.114 1.00028 945.875 4.72937e-07 140.738 6.53589e+08
-1.11 1.00028 945.192 4.72596e-07 142.479 6.49611e+08
-1.106 1.00028 944.507 4.72254e-07 144.223 6.45635e+08
-1.102 1.00028 943.821 4.71911e-07 145.969 6.41662e+08
-1.098 1.00028 943.134 4.71567e-07 147.718 6.37691e+08
-1.094 1.00028 942.446 4.71223e-07 149.469 6.33723e+08
-1.09 1.00028 941.756 4.70878e-07 151.222 6.29757e+08
-1.086 1.00028 941.065 4.70533e-07 152.977 6.25795e+08
-1.082 1.00028 940.373 4.70187e-07 154.734 6.21835e+08
-1.078 1.00028 939.68 4.6984e-07 156.494 6.17879e+08
-1.074 1.00028 938.985 4.69493e-07 158.255 6.13925e+08
-1.07 1.00028 938.29 4.69145e-07 160.019 6.09976e+08
-1.066 1.00028 937.593 4.68797e-07 161.784 6.0603e+08
-1.062 1.00028 936.896 4.68448e-07 163.551 6.02087e+08
-1.058 1.00028 936.197 4.68098e-07 165.32 5.98148e+08
-1.054 1.00028 935.497 4.67749e-07 167.091 5.94214e+08
-1.05 1.00028 934.796 4.67398e-07 168.863 5.90283e+08
-1.046 1.00028 934.094 4.67047e-07 170.638 5.86356e+08
-1.042 1.00029 933.391 4.66696e-07 172.414 5.82434e+08
-1.038 1.00029 932.687 4.66344e-07 174.191 5.78516e+08
-1.034 1.00029 931.982 4.65991e-07 175.97 5.74603e+08
-1.03 1.00029 931.276 4.65638e-07 177.751 5.70694e+08
-1.026 1.00029 930.569 4.65285e-07 179.533 5.6679e+08
-1.022 1.00029 929.861 4.64931e-07 181.317 5.6289e+08
-1.018 1.00029 929.152 4.64576e-07 183.102 5.58995e+08
-1.014 1.00029 928.443 4.64221e-07 184.888 5.55105e+08
-1.01 1.00029 927.732 4.63866e-07 186.676 5.51221e+08
-1.006 1.00029 927.02 4.6351e-07 188.466 5.47341e+08
-1.002 1.00029 926.308 4.63154e-07 190.256 5.43466e+08
-0.998 1.00029 925.594 4.62797e-07 192.048 5.39597e+08
-0.994 1.00029 924.88 4.6244e-07 193.841 5.35733e+08
-0.99 1.00029 924.165 4.62082e-07 195.635 5.31875e+08
-0.986 1.00029 923.449 4.61724e-07 197.431 5.28021e+08
-0.982 1.00029 922.732 4.61366e-07 199.227 5.24174e+08
-0.978 1.00029 922.014 4.61007e-07 201.025 5.20332e+08
-0.974 1.00029 921.296 4.60648e-07 202.824 5.16495e+08
-0.97 1.00029 920.576 4.60288e-07 204.624 5.12665e+08
-0.966 1.00029 919.856 4.59928e-07 206.425 5.0884e+08
-0.962 1.00029 919.135 4.59567e-07 208.228 5.05021e+08
-0.958 1.00029 918.413 4.59207e-07 210.031 5.01208e+08
-0.954 1.00029 917.69 4.58845e-07 211.835 4.97401e+08
-0.95 1.0003 916.967 4.58484e-07 213.64 4.93599e+08
-0.946 1.0003 916.243 4.58121e-07 215.446 4.89804e+08
-0.942 1.0003 915.518 4.57759e-07 217.253 4.86015e+08
-0.938 1.0003 914.792 4.57396e-07 219.061 4.82233e+08
-0.934 1.0003 914.066 4.57033e-07 220.87 4.78456e+08
-0.93 1.0003 913.338 4.56669e-07 222.679 4.74686e+08
-0.926 1.0003 912.61 4.56305e-07 224.49 4.70922e+08
-0.922 1.0003 911.882 4.55941e-07 226.301 4.67164e+08
-0.918 1.0003 911.152 4.55576e-07 228.113 4.63413e+08
-0.914 1.0003 910.422 4.55211e-07 229.926 4.59668e+08
-0.91 1.0003 909.691 4.54846e-07 231.74 4.5593e+08
-0.906 1.0003 908.96 4.5448e-07 233.555 4.52198e+08
-0.902 1.0003 908.227 4.54114e-07 235.37 4.48473e+08
-0.898 1.0003 907.494 4.53747e-07 237.186 4.44755e+08
-0.894 1.0003 906.761 4.5338e-07 239.002 4.41043e+08
-0.89 1.0003 906.026 4.53013e-07 240.82 4.37338e+08
-0.886 1.0003 905.291 4.52646e-07 242.637 4.33639e+08
-0.882 1.0003 904.556 4.52278e-07 244.456 4.29948e+08
-0.878 1.0003 903.819 4.5191e-07 246.275 4.26263e+08
-0.874 1.0003 903.082 4.51541e-07 248.095 4.22585e+08
-0.87 1.0003 902.344 4.51172e-07 249.915 4.18914e+08
-0.866 1.0003 901.606 4.50803e-07 251.736 4.1525e+08
-0.862 1.0003 900.867 4.50434e-07 253.558 4.11592e+08
-0.858 1.0003 900.127 4.50064e-07 255.38 4.07942e+08
-0.854 1.0003 899.387 4.49694e-07 257.203 4.04299e+08
-0.85 1.0003 898.646 4.49323e-07 259.026 4.00663e+08
-0.846 1.00031 897.905 4.48952e-07 260.849 3.97033e+08
-0.842 1.00031 897.162 4.48581e-07 262.673 3.93411e+08
-0.838 1.00031 896.42 4.4821e-07 264.498 3.89796e+08
-0.834 1.00031 895.676 4.47838e-07 266.323 3.86189e+08
-0.83 1.00031 894.932 4.47466e-07 268.148 3.82588e+08
-0.826 1.00031 894.188 4.47094e-07 269.974 3.78995e+08
-0.822 1.00031 893.442 4.46721e-07 271.801 3.75409e+08
-0.818 1.00031 892.697 4.46348e-07 273.627 3.7183e+08
-0.814 1.00031 891.95 4.45975e-07 275.454 3.68259e+08
-0.81 1.00031 891.203 4.45602e-07 277.282 3.64694e+08
-0.806 1.00031 890.456 4.45228e-07 279.109 3.61138e+08
-0.802 1.00031 889.708 4.44854e-07 280.938 3.57588e+08
-0.798 1.00031 888.959 4.44479e-07 282.766 3.54046e+08
-0.794 1.00031 888.21 4.44105e-07 284.595 3.50512e+08
-0.79 1.00031 887.46 4.4373e-07 286.424 3.46985e+08
-0.786 1.00031 886.709 4.43355e-07 288.253 3.43465e+08
-0.782 1.00031 885.959 4.42979e-07 290.082 3.39953e+08
-0.778 1.00031 885.207 4.42604e-07 291.912 3.36449e+08
-0.774 1.00031 884.455 4.42228e-07 293.742 3.32952e+08
-0.77 1.00031 883.703 4.41851e-07 295.572 3.29463e+08
-0.766 1.00031 882.95 4.41475e-07 297.403 3.25981e+08
-0.762 1.00031 882.196 4.41098e-07 299.233 3.22507e+08
-0.758 1.00031 881.442 4.40721e-07 301.064 3.19041e+08
-0.754 1.00031 880.687 4.40344e-07 302.895 3.15582e+08
-0.75 1.00031 879.932 4.39966e-07 304.725 3.12132e+08
-0.746 1.00031 879.177 4.39588e-07 306.556 3.08689e+08
-0.742 1.00031 878.421 4.3921e-07 308.388 3.05253e+08
-0.738 1.00031 877.664 4.38832e-07 310.219 3.01826e+08
-0.734 1.00032 876.907 4.38454e-07 312.05 2.98406e+08
-0.73 1.00032 876.15 4.38075e-07 313.881 2.94995e+08
-0.726 1.00032 875.392 4.37696e-07 315.713 2.91591e+08
-0.722 1.00032 874.634 4.37317e-07 317.544 2.88195e+08
-0.718 1.00032 873.875 4.36937e-07 319.375 2.84807e+08
-0.714 1.00032 873.115 4.36558e-07 321.206 2.81428e+08
-0.71 1.00032 872.356 4.36178e-07 323.037 2.78056e+08
-0.706 1.00032 871.596 4.35798e-07 324.868 2.74692e+08
-0.702 1.00032 870.835 4.35418e-07 326.699 2.71337e+08
-0.698 1.00032 870.074 4.35037e-07 328.53 2.6799e+08
-0.694 1.00032 869.313 4.34657e-07 330.36 2.64651e+08
-0.69 1.00032 868.551 4.34276e-07 332.191 2.6132e+08
-0.686 1.00032 867.789 4.33895e-07 334.021 2.57997e+08
-0.682 1.00032 867.027 4.33513e-07 335.851 2.54683e+08
-0.678 1.00032 866.264 4.33132e-07 337.68 2.51377e+08
-0.674 1.00032 865.501 4.32751e-07 339.51 2.48079e+08
-0.67 1.00032 864.738 4.32369e-07 341.339 2.4479e+08
-0.666 1.00032 863.974 4.31987e-07 343.167 2.41509e+08
-0.662 1.00032 863.21 4.31605e-07 344.995 2.38237e+08
-0.658 1.00032 862.445 4.31223e-07 346.823 2.34973e+08
-0.654 1.00032 861.681 4.3084e-07 348.651 2.31718e+08
-0.65 1.00032 860.916 4.30458e-07 350.478 2.28472e+08
-0.646 1.00032 860.151 4.30075e-07 352.304 2.25234e+08
-0.642 1.00032 859.385 4.29693e-07 354.13 2.22005e+08
-0.638 1.00032 858.62 4.2931e-07 355.955 2.18784e+08
-0.634 1.00032 857.854 4.28927e-07 357.78 2.15573e+08
-0.63 1.00032 857.088 4.28544e-07 359.604 2.1237e+08
-0.626 1.00032 856.322 4.28161e-07 361.427 2.09177e+08
-0.622 1.00032 855.555 4.27778e-07 363.249 2.05992e+08
-0.618 1.00032 854.789 4.27394e-07 365.071 2.02817e+08
-0.614 1.00032 854.022 4.27011e-07 366.892 1.9965e+08
-0.61 1.00032 853.255 4.26628e-07 368.712 1.96493e+08
-0.606 1.00032 852.489 4.26244e-07 370.531 1.93345e+08
-0.602 1.00032 851.722 4.25861e-07 372.349 1.90207e+08
-0.598 1.00032 850.955 4.25477e-07 374.166 1.87078e+08
-0.594 1.00033 850.188 4.25094e-07 375.981 1.83959e+08
-0.59 1.00033 849.421 4.24711e-07 377.796 1.80849e+08
-0.586 1.00033 848.654 4.24327e-07 379.609 1.77749e+08
-0.582 1.00033 847.888 4.23944e-07 381.421 1.74658e+08
-0.578 1.00033 847.121 4.2356e-07 383.232 1.71578e+08
-0.574 1.00033 846.354 4.23177e-07 385.041 1.68508e+08
-0.57 1.00033 845.588 4.22794e-07 386.848 1.65448e+08
-0.566 1.00033 844.822 4.22411e-07 388.654 1.62398e+08
-0.562 1.00033 844.056 4.22028e-07 390.458 1.59359e+08
-0.558 1.00033 843.291 4.21645e-07 392.26 1.5633e+08
-0.554 1.00033 842.526 4.21263e-07 394.061 1.53312e+08
-0.55 1.00033 841.761 4.20881e-07 395.859 1.50305e+08
-0.546 1.00033 840.997 4.20498e-07 397.655 1.47309e+08
-0.542 1.00033 840.233 4.20117e-07 399.448 1.44325e+08
-0.538 1.00033 839.47 4.19735e-07 401.239 1.41351e+08
-0.534 1.00033 838.708 4.19354e-07 403.027 1.3839e+08
-0.53 1.00033 837.946 4.18973e-07 404.813 1.3544e+08
-0.526 1.00033 837.185 4.18592e-07 406.596 1.32503e+08
-0.522 1.00033 836.425 4.18212e-07 408.375 1.29578e+08
-0.518 1.00033 835.666 4.17833e-07 410.151 1.26666e+08
-0.514 1.00033 834.908 4.17454e-07 411.924 1.23767e+08
-0.51 1.00033 834.151 4.17075e-07 413.692 1.20881e+08
-0.506 1.00033 833.395 4.16697e-07 415.457 1.18009e+08
-0.502 1.00033 832.641 4.1632e-07 417.217 1.15151e+08
-0.498 1.00033 831.888 4.15944e-07 418.973 1.12307e+08
-0.494 1.00033 831.137 4.15568e-07 420.724 1.09479e+08
-0.49 1.00032 830.387 4.15194e-07 422.47 1.06665e+08
-0.486 1.00032 829.64 4.1482e-07 424.21 1.03868e+08
-0.482 1.00032 828.894 4.14447e-07 425.944 1.01087e+08
-0.478 1.00032 828.151 4.14075e-07 427.672 9.83233e+07
-0.474 1.00032 827.41 4.13705e-07 429.394 9.55771e+07
-0.47 1.00032 826.672 4.13336e-07 431.107 9.28492e+07
-0.466 1.00032 825.937 4.12968e-07 432.814 9.01405e+07
-0.462 1.00032 825.205 4.12602e-07 434.511 8.74517e+07
-0.458 1.00032 824.476 4.12238e-07 436.2 8.47837e+07
-0.454 1.00032 823.751 4.11876e-07 437.879 8.21374e+07
-0.45 1.00032 823.03 4.11515e-07 439.548 7.95139e+07
-0.446 1.00032 822.314 4.11157e-07 441.206 7.69143e+07
-0.442 1.00031 821.602 4.10801e-07 442.852 7.43397e+07
-0.438 1.00031 820.895 4.10448e-07 444.485 7.17915e+07
-0.434 1.00031 820.194 4.10097e-07 446.105 6.92711e+07
-0.43 1.00031 819.499 4.0975e-07 447.709 6.67799e+07
-0.426 1.00031 818.81 4.09405e-07 449.298 6.43197e+07
-0.422 1.00031 818.129 4.09064e-07 450.869 6.18921e+07
-0.418 1.0003 817.455 4.08727e-07 452.422 5.94989e+07
-0.414 1.0003 816.789 4.08395e-07 453.955 5.71424e+07
-0.41 1.0003 816.132 4.08066e-07 455.467 5.48244e+07
-0.406 1.00029 815.485 4.07743e-07 456.956 5.25475e+07
-0.402 1.00029 814.848 4.07424e-07 458.42 5.03138e+07
-0.398 1.00029 814.223 4.07111e-07 459.857 4.81261e+07
-0.394 1.00028 813.609 4.06805e-07 461.267 4.5987e+07
-0.39 1.00028 813.009 4.06504e-07 462.645 4.38992e+07
-0.386 1.00027 812.422 4.06211e-07 463.992 4.18658e+07
-0.382 1.00027 811.85 4.05925e-07 465.304 3.98895e+07
-0.378 1.00026 811.293 4.05647e-07 466.579 3.79736e+07
-0.374 1.00026 810.754 4.05377e-07 467.815 3.61209e+07
-0.37 1.00025 810.232 4.05116e-07 469.01 3.43346e+07
-0.366 1.00025 809.729 4.04864e-07 470.162 3.26175e+07
-0.362 1.00024 809.245 4.04623e-07 471.268 3.09726e+07
-0.358 1.00023 808.782 4.04391e-07 472.326 2.94025e+07
-0.354 1.00023 808.341 4.0417e-07 473.336 2.79096e+07
-0.35 1.00022 807.922 4.03961e-07 474.294 2.6496e+07
-0.346 1.00021 807.525 4.03763e-07 475.199 2.51634e+07
-0.342 1.0002 807.152 4.03576e-07 476.051 2.39131e+07
-0.338 1.00019 806.802 4.03401e-07 476.849 2.27461e+07
-0.334 1.00019 806.477 4.03238e-07 477.591 2.16624e+07
-0.33 1.00018 806.175 4.03088e-07 478.279 2.06618e+07
-0.326 1.00017 805.898 4.02949e-07 478.911 1.97434e+07
-0.322 1.00016 805.644 4.02822e-07 479.49 1.89055e+07
-0.318 1.00016 805.413 4.02706e-07 480.016 1.81462e+07
-0.314 1.00015 805.204 4.02602e-07 480.491 1.74626e+07
-0.31 1.00014 805.017 4.02508e-07 480.916 1.68514e+07
-0.306 1.00013 804.85 4.02425e-07 481.295 1.6309e+07
-0.302 1.00013 804.703 4.02351e-07 481.63 1.58312e+07
-0.298 1.00012 804.573 4.02287e-07 481.923 1.54135e+07
-0.294 1.00012 804.461 4.0223e-07 482.178 1.50514e+07
-0.29 1.00011 804.363 4.02182e-07 482.398 1.47399e+07
-0.286 1.00011 804.28 4.0214e-07 482.586 1.44743e+07
-0.282 1.0001 804.209 4.02105e-07 482.745 1.42497e+07
-0.278 1.0001 804.15 4.02075e-07 482.879 1.40617e+07
-0.274 1.0001 804.1 4.0205e-07 482.991 1.39057e+07
-0.27 1.00009 804.059 4.0203e-07 483.083 1.37776e+07
-0.266 1.00009 804.026 4.02013e-07 483.158 1.36734e+07
-0.262 1.00009 803.998 4.01999e-07 483.218 1.35898e+07
-0.258 1.00009 803.977 4.01988e-07 483.267 1.35234e+07
-0.254 1.00009 803.959 4.0198e-07 483.304 1.34715e+07
-0.25 1.00008 803.946 4.01973e-07 483.334 1.34315e+07
-0.246 1.00008 803.935 4.01968e-07 483.356 1.34013e+07
-0.242 1.00008 803.927 4.01964e-07 483.373 1.3379e+07
-0.238 1.00008 803.921 4.01961e-07 483.385 1.3363e+07
-0.234 1.00008 803.917 4.01958e-07 483.394 1.33521e+07
-0.23 1.00008 803.913 4.01957e-07 483.399 1.3345e+07
-0.226 1.00008 803.911 4.01956e-07 483.403 1.3341e+07
-0.222 1.00008 803.91 4.01955e-07 483.405 1.33391e+07
-0.218 1.00008 803.909 4.01954e-07 483.406 1.33386e+07
-0.214 1.00008 803.908 4.01954e-07 483.406 1.3339e+07
-0.21 1.00008 803.907 4.01954e-07 483.406 1.33401e+07
-0.206 1.00008 803.907 4.01954e-07 483.405 1.33421e+07
-0.202 1.00008 803.907 4.01954e-07 483.403 1.3345e+07
-0.198 1.00008 803.907 4.01954e-07 483.401 1.33487e+07
-0.194 1.00008 803.908 4.01954e-07 483.399 1.33532e+07
-0.19 1.00008 803.909 4.01954e-07 483.396 1.33581e+07
-0.186 1.00008 803.909 4.01955e-07 483.392 1.33634e+07
-0.182 1.00008 803.91 4.01955e-07 483.389 1.33687e+07
-0.178 1.00008 803.911 4.01955e-07 483.386 1.33738e+07
-0.174 1.00008 803.912 4.01956e-07 483.383 1.33787e+07
-0.17 1.00008 803.912 4.01956e-07 483.38 1.33834e+07
-0.166 1.00009 803.913 4.01956e-07 483.377 1.3388e+07
-0.162 1.00009 803.913 4.01957e-07 483.374 1.33925e+07
-0.158 1.00009 803.914 4.01957e-07 483.371 1.3397e+07
-0.154 1.00009 803.914 4.01957e-07 483.369 1.34014e+07
-0.15 1.00009 803.915 4.01957e-07 483.366 1.34057e+07
-0.146 1.00009 803.915 4.01958e-07 483.363 1.34101e+07
-0.142 1.00009 803.916 4.01958e-07 483.361 1.34145e+07
-0.138 1.00009 803.916 4.01958e-07 483.358 1.34189e+07
-0.134 1.00009 803.916 4.01958e-07 483.355 1.34232e+07
-0.13 1.00009 803.917 4.01958e-07 483.353 1.34276e+07
-0.126 1.00009 803.917 4.01959e-07 483.35 1.34321e+07
-0.122 1.00009 803.918 4.01959e-07 483.347 1.34365e+07
-0.118 1.00009 803.918 4.01959e-07 483.344 1.34411e+07
-0.114 1.00009 803.918 4.01959e-07 483.342 1.34456e+07
-0.11 1.00009 803.919 4.01959e-07 483.339 1.34503e+07
-0.106 1.00009 803.919 4.0196e-07 483.336 1.3455e+07
-0.102 1.00009 803.92 4.0196e-07 483.333 1.34597e+07
-0.098 1.00009 803.92 4.0196e-07 483.33 1.34646e+07
-0.094 1.00009 803.921 4.0196e-07 483.327 1.34695e+07
-0.09 1.00009 803.921 4.01961e-07 483.324 1.34745e+07
-0.086 1.00009 803.922 4.01961e-07 483.321 1.34795e+07
-0.082 1.00009 803.922 4.01961e-07 483.317 1.34846e+07
-0.078 1.00009 803.923 4.01961e-07 483.314 1.34898e+07
-0.074 1.00009 803.923 4.01962e-07 483.311 1.3495e+07
-0.07 1.00009 803.924 4.01962e-07 483.308 1.35003e+07
-0.066 1.00009 803.925 4.01962e-07 483.304 1.35056e+07
-0.062 1.00009 803.925 4.01963e-07 483.301 1.35109e+07
-0.058 1.00009 803.926 4.01963e-07 483.298 1.35162e+07
-0.054 1.00009 803.926 4.01963e-07 483.294 1.35214e+07
-0.05 1.00009 803.927 4.01963e-07 483.291 1.35267e+07
-0.046 1.00009 803.927 4.01964e-07 483.288 1.35319e+07
-0.042 1.00009 803.928 4.01964e-07 483.284 1.3537e+07
-0.038 1.00009 803.928 4.01964e-07 483.281 1.35421e+07
-0.034 1.00009 803.929 4.01964e-07 483.278 1.35472e+07
-0.03 1.00009 803.929 4.01965e-07 483.275 1.35522e+07
-0.026 1.0001 803.93 4.01965e-07 483.272 1.35572e+07
-0.022 1.0001 803.93 4.01965e-07 483.268 1.35621e+07
-0.018 1.0001 803.93 4.01965e-07 483.265 1.3567e+07
-0.014 1.0001 803.931 4.01965e-07 483.262 1.35719e+07
-0.01 1.0001 803.931 4.01966e-07 483.259 1.35767e+07
-0.006 1.0001 803.931 4.01966e-07 483.256 1.35815e+07
-0.002 1.0001 803.932 4.01966e-07 483.253 1.35863e+07
0.002 1.0001 803.932 4.01966e-07 483.25 1.3591e+07
0.006 1.0001 803.932 4.01966e-07 483.247 1.35957e+07
0.01 1.0001 803.933 4.01966e-07 483.244 1.36003e+07
0.014 1.0001 803.933 4.01966e-07 483.241 1.3605e+07
0.018 1.0001 803.933 4.01967e-07 483.239 1.36096e+07
0.022 1.0001 803.933 4.01967e-07 483.236 1.36141e+07
0.026 1.0001 803.933 4.01967e-07 483.233 1.36187e+07
0.03 1.0001 803.934 4.01967e-07 483.23 1.36232e+07
0.034 1.0001 803.934 4.01967e-07 483.228 1.36278e+07
0.038 1.0001 803.934 4.01967e-07 483.225 1.36323e+07
0.042 1.0001 803.934 4.01967e-07 483.222 1.36367e+07
0.046 1.0001 803.934 4.01967e-07 483.219 1.36412e+07
0.05 1.0001 803.934 4.01967e-07 483.217 1.36456e+07
0.054 1.0001 803.934 4.01967e-07 483.214 1.365e+07
0.058 1.0001 803.935 4.01967e-07 483.212 1.36544e+07
0.062 1.0001 803.935 4.01967e-07 483.209 1.36588e+07
0.066 1.0001 803.935 4.01967e-07 483.207 1.36631e+07
0.07 1.0001 803.935 4.01967e-07 483.204 1.36674e+07
0.074 1.0001 803.935 4.01967e-07 483.202 1.36717e+07
0.078 1.0001 803.935 4.01967e-07 483.199 1.36759e+07
0.082 1.0001 803.935 4.01967e-07 483.197 1.36801e+07
0.086 1.00011 803.935 4.01967e-07 483.194 1.36843e+07
0.09 1.00011 803.935 4.01967e-07 483.192 1.36885e+07
0.094 1.00011 803.935 4.01967e-07 483.19 1.36925e+07
0.098 1.00011 803.934 4.01967e-07 483.187 1.36966e+07
0.102 1.00011 803.934 4.01967e-07 483.185 1.37006e+07
0.106 1.00011 803.934 4.01967e-07 483.183 1.37045e+07
0.11 1.00011 803.934 4.01967e-07 483.181 1.37084e+07
0.114 1.00011 803.934 4.01967e-07 483.178 1.37122e+07
0.118 1.00011 803.934 4.01967e-07 483.176 1.3716e+07
0.122 1.00011 803.933 4.01967e-07 483.174 1.37197e+07
0.126 1.00011 803.933 4.01967e-07 483.172 1.37234e+07
0.13 1.00011 803.933 4.01966e-07 483.17 1.3727e+07
0.134 1.00011 803.933 4.01966e-07 483.168 1.37305e+07
0.138 1.00011 803.932 4.01966e-07 483.166 1.3734e+07
0.142 1.00011 803.932 4.01966e-07 483.164 1.37375e+07
0.146 1.00011 803.932 4.01966e-07 483.162 1.37408e+07
0.15 1.00011 803.931 4.01966e-07 483.16 1.37442e+07
0.154 1.00011 803.931 4.01965e-07 483.159 1.37474e+07
0.158 1.00011 803.93 4.01965e-07 483.157 1.37506e+07
0.162 1.00011 803.93 4.01965e-07 483.155 1.37538e+07
0.166 1.00011 803.929 4.01965e-07 483.153 1.3757e+07
0.17 1.00012 803.929 4.01964e-07 483.152 1.37601e+07
0.174 1.00012 803.928 4.01964e-07 483.15 1.37631e+07
0.178 1.00012 803.928 4.01964e-07 483.148 1.37661e+07
0.182 1.00012 803.927 4.01963e-07 483.147 1.37691e+07
0.186 1.00012 803.926 4.01963e-07 483.145 1.37721e+07
0.19 1.00012 803.926 4.01963e-07 483.143 1.37751e+07
0.194 1.00012 803.925 4.01962e-07 483.142 1.3778e+07
0.198 1.00012 803.924 4.01962e-07 483.14 1.37809e+07
0.202 1.00012 803.924 4.01962e-07 483.139 1.37838e+07
0.206 1.00012 803.923 4.01961e-07 483.137 1.37867e+07
0.21 1.00012 803.922 4.01961e-07 483.136 1.37896e+07
0.214 1.00012 803.921 4.01961e-07 483.134 1.37924e+07
0.218 1.00012 803.92 4.0196e-07 483.133 1.37953e+07
0.222 1.00012 803.92 4.0196e-07 483.131 1.37982e+07
0.226 1.00012 803.919 4.01959e-07 483.129 1.3801e+07
0.23 1.00012 803.918 4.01959e-07 483.128 1.38039e+07
0.234 1.00012 803.917 4.01958e-07 483.126 1.38068e+07
0.238 1.00012 803.916 4.01958e-07 483.125 1.38096e+07
0.242 1.00013 803.915 4.01958e-07 483.123 1.38125e+07
0.246 1.00013 803.914 4.01957e-07 483.122 1.38153e+07
0.25 1.00013 803.913 4.01957e-07 483.12 1.38182e+07
0.254 1.00013 803.912 4.01956e-07 483.119 1.3821e+07
0.258 1.00013 803.911 4.01956e-07 483.117 1.38239e+07
0.262 1.00013 803.91 4.01955e-07 483.116 1.38268e+07
0.266 1.00013 803.909 4.01955e-07 483.114 1.38296e+07
0.27 1.00013 803.908 4.01954e-07 483.113 1.38325e+07
0.274 1.00013 803.907 4.01954e-07 483.111 1.38354e+07
0.278 1.00013 803.906 4.01953e-07 483.109 1.38382e+07
0.282 1.00013 803.905 4.01952e-07 483.108 1.38411e+07
0.286 1.00013 803.904 4.01952e-07 483.106 1.38439e+07
0.29 1.00013 803.903 4.01951e-07 483.105 1.38468e+07
0.294 1.00013 803.902 4.01951e-07 483.103 1.38496e+07
0.298 1.00013 803.9 4.0195e-07 483.102 1.38525e+07
0.302 1.00013 803.899 4.0195e-07 483.1 1.38553e+07
0.306 1.00013 803.898 4.01949e-07 483.099 1.38581e+07
0.31 1.00013 803.897 4.01948e-07 483.097 1.38609e+07
0.314 1.00014 803.895 4.01948e-07 483.096 1.38638e+07
0.318 1.00014 803.894 4.01947e-07 483.094 1.38666e+07
0.322 1.00014 803.893 4.01946e-07 483.093 1.38693e+07
0.326 1.00014 803.892 4.01946e-07 483.091 1.38721e+07
0.33 1.00014 803.89 4.01945e-07 483.09 1.38749e+07
0.334 1.00014 803.889 4.01944e-07 483.088 1.38776e+07
0.338 1.00014 803.887 4.01944e-07 483.087 1.38804e+07
0.342 1.00014 803.886 4.01943e-07 483.085 1.38831e+07
0.346 1.00014 803.885 4.01942e-07 483.084 1.38858e+07
0.35 1.00014 803.883 4.01942e-07 483.082 1.38885e+07
0.354 1.00014 803.882 4.01941e-07 483.081 1.38911e+07
0.358 1.00014 803.88 4.0194e-07 483.079 1.38938e+07
0.362 1.00014 803.879 4.01939e-07 483.078 1.38964e+07
0.366 1.00014 803.877 4.01939e-07 483.077 1.3899e+07
0.37 1.00015 803.876 4.01938e-07 483.075 1.39016e+07
0.374 1.00015 803.874 4.01937e-07 483.074 1.39041e+07
0.378 1.00015 803.872 4.01936e-07 483.073 1.39067e+07
0.382 1.00015 803.871 4.01935e-07 483.071 1.39092e+07
0.386 1.00015 803.869 4.01934e-07 483.07 1.39117e+07
0.39 1.00015 803.867 4.01934e-07 483.069 1.39141e+07
0.394 1.00015 803.865 4.01933e-07 483.068 1.39166e+07
0.398 1.00015 803.864 4.01932e-07 483.066 1.3919e+07
0.402 1.00015 803.862 4.01931e-07 483.065 1.39214e+07
0.406 1.00015 803.86 4.0193e-07 483.064 1.39238e+07
0.41 1.00015 803.858 4.01929e-07 483.063 1.39261e+07
0.414 1.00015 803.856 4.01928e-07 483.062 1.39285e+07
0.418 1.00016 803.854 4.01927e-07 483.061 1.39308e+07
0.422 1.00016 803.852 4.01926e-07 483.06 1.39331e+07
0.426 1.00016 803.85 4.01925e-07 483.059 1.39353e+07
0.43 1.00016 803.848 4.01924e-07 483.057 1.39376e+07
0.434 1.00016 803.846 4.01923e-07 483.056 1.39398e+07
0.438 1.00016 803.844 4.01922e-07 483.055 1.39421e+07
0.442 1.00016 803.841 4.01921e-07 483.054 1.39443e+07
0.446 1.00016 803.839 4.0192e-07 483.053 1.39465e+07
0.45 1.00016 803.837 4.01918e-07 483.052 1.39487e+07
0.454 1.00016 803.835 4.01917e-07 483.051 1.39509e+07
0.458 1.00017 803.832 4.01916e-07 483.05 1.3953e+07
0.462 1.00017 803.83 4.01915e-07 483.049 1.39552e+07
0.466 1.00017 803.828 4.01914e-07 483.048 1.39574e+07
0.47 1.00017 803.825 4.01913e-07 483.047 1.39595e+07
0.474 1.00017 803.823 4.01911e-07 483.047 1.39616e+07
0.478 1.00017 803.82 4.0191e-07 483.046 1.39638e+07
0.482 1.00017 803.818 4.01909e-07 483.045 1.39659e+07
0.486 1.00017 803.815 4.01908e-07 483.044 1.3968e+07
0.49 1.00017 803.813 4.01906e-07 483.043 1.39702e+07
0.494 1.00018 803.81 4.01905e-07 483.042 1.39723e+07
0.498 1.00018 803.807 4.01904e-07 483.041 1.39744e+07
0.502 1.00018 803.805 4.01902e-07 483.04 1.39765e+07
0.506 1.00018 803.802 4.01901e-07 483.039 1.39786e+07
0.51 1.00018 803.799 4.019e-07 483.038 1.39807e+07
0.514 1.00018 803.796 4.01898e-07 483.037 1.39828e+07
0.518 1.00018 803.793 4.01897e-07 483.036 1.39849e+07
0.522 1.00018 803.791 4.01895e-07 483.035 1.3987e+07
0.526 1.00019 803.788 4.01894e-07 483.034 1.3989e+07
0.53 1.00019 803.785 4.01892e-07 483.033 1.39911e+07
0.534 1.00019 803.781 4.01891e-07 483.032 1.39932e+07
0.538 1.00019 803.778 4.01889e-07 483.031 1.39953e+07
0.542 1.00019 803.775 4.01888e-07 483.031 1.39973e+07
0.546 1.00019 803.772 4.01886e-07 483.03 1.39994e+07
0.55 1.00019 803.769 4.01884e-07 483.029 1.40014e+07
0.554 1.0002 803.765 4.01883e-07 483.028 1.40035e+07
0.558 1.0002 803.762 4.01881e-07 483.027 1.40055e+07
0.562 1.0002 803.758 4.01879e-07 483.026 1.40076e+07
0.566 1.0002 803.755 4.01877e-07 483.025 1.40096e+07
0.57 1.0002 803.751 4.01876e-07 483.025 1.40116e+07
0.574 1.0002 803.747 4.01874e-07 483.024 1.40136e+07
0.578 1.0002 803.744 4.01872e-07 483.023 1.40156e+07
0.582 1.00021 803.74 4.0187e-07 483.022 1.40176e+07
0.586 1.00021 803.736 4.01868e-07 483.021 1.40196e+07
0.59 1.00021 803.732 4.01866e-07 483.021 1.40216e+07
0.594 1.00021 803.728 4.01864e-07 483.02 1.40235e+07
0.598 1.00021 803.723 4.01862e-07 483.019 1.40255e+07
0.602 1.00021 803.719 4.0186e-07 483.018 1.40274e+07
0.606 1.00022 803.715 4.01857e-07 483.018 1.40293e+07
0.61 1.00022 803.71 4.01855e-07 483.017 1.40312e+07
0.614 1.00022 803.706 4.01853e-07 483.016 1.40331e+07
0.618 1.00022 803.701 4.01851e-07 483.016 1.40349e+07
0.622 1.00022 803.696 4.01848e-07 483.015 1.40368e+07
0.626 1.00022 803.692 4.01846e-07 483.014 1.40386e+07
0.63 1.00023 803.687 4.01843e-07 483.014 1.40404e+07
0.634 1.00023 803.682 4.01841e-07 483.013 1.40422e+07
0.638 1.00023 803.677 4.01838e-07 483.012 1.4044e+07
0.642 1.00023 803.672 4.01836e-07 483.012 1.40457e+07
0.646 1.00023 803.667 4.01833e-07 483.011 1.40475e+07
0.65 1.00024 803.661 4.01831e-07 483.01 1.40492e+07
0.654 1.00024 803.656 4.01828e-07 483.01 1.40509e+07
0.658 1.00024 803.65 4.01825e-07 483.009 1.40525e+07
0.662 1.00024 803.644 4.01822e-07 483.009 1.40542e+07
0.666 1.00024 803.638 4.01819e-07 483.008 1.40558e+07
0.67 1.00024 803.632 4.01816e-07 483.008 1.40574e+07
0.674 1.00025 803.626 4.01813e-07 483.007 1.4059e+07
0.678 1.00025 803.62 4.0181e-07 483.007 1.40606e+07
0.682 1.00025 803.613 4.01807e-07 483.006 1.40621e+07
0.686 1.00025 803.607 4.01803e-07 483.006 1.40637e+07
0.69 1.00025 803.6 4.018e-07 483.005 1.40652e+07
0.694 1.00026 803.593 4.01797e-07 483.005 1.40667e+07
0.698 1.00026 803.586 4.01793e-07 483.004 1.40682e+07
0.702 1.00026 803.579 4.0179e-07 483.004 1.40697e+07
0.706 1.00026 803.572 4.01786e-07 483.003 1.40712e+07
0.71 1.00027 803.565 4.01782e-07 483.003 1.40727e+07
0.714 1.00027 803.557 4.01779e-07 483.003 1.40741e+07
0.718 1.00027 803.55 4.01775e-07 483.002 1.40756e+07
0.722 1.00027 803.542 4.01771e-07 483.002 1.4077e+07
0.726 1.00028 803.535 4.01767e-07 483.001 1.40785e+07
0.73 1.00028 803.527 4.01764e-07 483.001 1.40799e+07
0.734 1.00028 803.52 4.0176e-07 483.001 1.40814e+07
0.738 1.00029 803.512 4.01756e-07 483 1.40828e+07
0.742 1.00029 803.504 4.01752e-07 483 1.40843e+07
0.746 1.00029 803.496 4.01748e-07 482.999 1.40857e+07
0.75 1.0003 803.488 4.01744e-07 482.999 1.40872e+07
0.754 1.0003 803.48 4.0174e-07 482.999 1.40886e+07
0.758 1.0003 803.471 4.01736e-07 482.998 1.40901e+07
0.762 1.00031 803.463 4.01731e-07 482.998 1.40916e+07
0.766 1.00031 803.454 4.01727e-07 482.998 1.4093e+07
0.77 1.00032 803.445 4.01722e-07 482.998 1.40945e+07
0.774 1.00032 803.436 4.01718e-07 482.997 1.4096e+07
0.778 1.00033 803.426 4.01713e-07 482.997 1.40974e+07
0.782 1.00033 803.416 4.01708e-07 482.997 1.40989e+07
0.786 1.00033 803.406 4.01703e-07 482.996 1.41004e+07
0.79 1.00034 803.396 4.01698e-07 482.996 1.41019e+07
0.794 1.00034 803.386 4.01693e-07 482.996 1.41034e+07
0.798 1.00035 803.375 4.01687e-07 482.995 1.41049e+07
0.802 1.00036 803.364 4.01682e-07 482.995 1.41064e+07
0.806 1.00036 803.352 4.01676e-07 482.995 1.41079e+07
0.81 1.00037 803.341 4.0167e-07 482.995 1.41094e+07
0.814 1.00037 803.329 4.01664e-07 482.994 1.41109e+07
0.818 1.00038 803.316 4.01658e-07 482.994 1.41124e+07
0.822 1.00038 803.303 4.01652e-07 482.994 1.41139e+07
0.826 1.00039 803.29 4.01645e-07 482.993 1.41154e+07
0.83 1.0004 803.277 4.01638e-07 482.993 1.41169e+07
0.834 1.0004 803.262 4.01631e-07 482.993 1.41184e+07
0.838 1.00041 803.248 4.01624e-07 482.993 1.41199e+07
0.842 1.00042 803.233 4.01617e-07 482.992 1.41214e+07
0.846 1.00043 803.218 4.01609e-07 482.992 1.41229e+07
0.85 1.00043 803.202 4.01601e-07 482.992 1.41244e+07
0.854 1.00044 803.186 4.01593e-07 482.991 1.41259e+07
0.858 1.00045 803.169 4.01584e-07 482.991 1.41274e+07
0.862 1.00046 803.151 4.01576e-07 482.991 1.41289e+07
0.866 1.00047 803.134 4.01566e-07 482.991 1.41303e+07
0.87 1.00048 803.115 4.01556e-07 482.99 1.41318e+07
0.874 1.00049 803.096 4.01545e-07 482.99 1.41332e+07
0.878 1.0005 803.076 4.01532e-07 482.99 1.41347e+07
0.882 1.00051 803.056 4.01528e-07 482.99 1.41361e+07
0.886 1.00052 803.035 4.01532e-07 482.989 1.41375e+07
0.89 1.00053 803.013 4.01557e-07 482.989 1.41389e+07
0.894 1.00054 802.99 4.01637e-07 482.989 1.41403e+07
0.898 1.00055 802.967 4.01859e-07 482.989 1.41417e+07
0.902 1.00057 802.943 4.02435e-07 482.988 1.41431e+07
0.906 1.00058 802.917 4.03873e-07 482.988 1.41445e+07
0.91 1.00059 802.891 4.07371e-07 482.988 1.41459e+07
0.914 1.00061 802.864 4.15692e-07 482.988 1.41472e+07
0.918 1.00062 802.835 4.35085e-07 482.988 1.41486e+07
0.922 1.00064 802.805 4.79418e-07 482.987 1.41499e+07
0.926 1.00065 802.774 5.78881e-07 482.987 1.41513e+07
0.93 1.00067 802.741 7.97958e-07 482.987 1.41526e+07
0.934 1.00069 802.706 1.27184e-06 482.987 1.41539e+07
0.938 1.00071 802.67 2.27873e-06 482.986 1.41553e+07
0.942 1.00072 802.631 4.38072e-06 482.986 1.41566e+07
0.946 1.00074 802.591 8.69307e-06 482.986 1.41579e+07
0.95 1.00076 802.549 1.73888e-05 482.986 1.41592e+07
0.954 1.00079 802.504 3.46272e-05 482.986 1.41605e+07
0.958 1.00081 802.457 6.8228e-05 482.985 1.41618e+07
0.962 1.00084 802.407 0.000132636 482.985 1.41631e+07
0.966 1.00087 802.353 0.00025407 482.985 1.41644e+07
0.97 1.0009 802.296 0.000479286 482.985 1.41658e+07
0.974 1.00094 802.233 0.000890229 482.985 1.41671e+07
0.978 1.00098 802.164 0.00162803 482.985 1.41684e+07
0.982 1.00102 802.085 0.00293157 482.984 1.41697e+07
0.986 1.00103 801.993 0.00519817 482.984 1.4171e+07
0.99 1.00103 801.882 0.00907735 482.984 1.41723e+07
0.994 1.00101 801.743 0.0156124 482.984 1.41736e+07
0.998 1.00095 801.563 0.0264503 482.984 1.41749e+07
1.002 1.00083 801.321 0.044145 482.984 1.41762e+07
1.006 1.00062 800.987 0.0725882 482.983 1.41775e+07
1.01 1.00026 800.519 0.117604 482.983 1.41789e+07
1.014 0.999671 799.856 0.187753 482.983 1.41802e+07
1.018 0.998756 798.913 0.295388 482.983 1.41815e+07
1.022 0.997368 797.574 0.458007 482.983 1.41828e+07
1.026 0.995312 795.685 0.699927 482.983 1.41841e+07
1.03 0.992332 793.043 1.05429 482.982 1.41855e+07
1.034 0.988099 789.389 1.56538 482.982 1.41868e+07
1.038 0.982197 784.396 2.29114 482.982 1.41881e+07
1.042 0.974121 777.667 3.30579 482.982 1.41895e+07
1.046 0.963265 768.732 4.70226 482.982 1.41908e+07
1.05 0.948933 757.046 6.59418 482.982 1.41921e+07
1.054 0.930345 742.006 9.11694 482.981 1.41934e+07
1.058 0.906668 722.964 12.4275 482.981 1.41947e+07
1.062 0.877052 699.262 16.7021 482.981 1.41959e+07
1.066 0.840683 670.271 22.132 482.981 1.41972e+07
1.07 0.796858 635.449 28.9161 482.981 1.41984e+07
1.074 0.745055 594.394 37.2505 482.98 1.41995e+07
1.078 0.685032 546.919 47.3155 482.98 1.42006e+07
1.082 0.616904 493.116 59.2596 482.98 1.42016e+07
1.086 0.541224 433.413 73.1822 482.98 1.42026e+07
1.09 0.459051 368.629 89.115 482.979 1.42035e+07
1.094 0.371824 299.848 107.005 482.979 1.42043e+07
1.098 0.28963 234.666 126.703 482.98 1.4205e+07
1.102 0.220574 179.687 147.947 482.98 1.42056e+07
1.106 0.164322 134.706 170.42 482.981 1.42062e+07
1.11 0.119787 98.9127 192.227 482.982 1.42067e+07
1.114 0.0854731 71.1676 211.146 482.984 1.42072e+07
1.118 0.059708 50.1903 227.17 482.986 1.42077e+07
1.122 0.040837 34.7028 240.476 482.989 1.42081e+07
1.126 0.0273442 23.5274 251.329 482.992 1.42086e+07
1.13 0.0179212 15.6406 260.033 482.996 1.42092e+07
1.134 0.011491 10.1937 266.907 482.998 1.42096e+07
1.138 0.0072033 6.51131 272.255 482.996 1.42099e+07
1.142 0.0044097 4.0739 276.355 482.989 1.42098e+07
1.146 0.00263207 2.4944 279.439 482.971 1.42089e+07
1.15 0.00152822 1.49261 281.68 482.929 1.42059e+07
1.154 0.000860196 0.871098 283.187 482.827 1.41983e+07
1.158 0.00046703 0.494303 284 482.585 1.41799e+07
1.162 0.000242725 0.271417 284.168 482.015 1.41369e+07
1.166 0.000119335 0.143093 283.648 480.691 1.40376e+07
1.17 5.44642e-05 0.0714861 281.293 477.635 1.38107e+07
1.174 2.23714e-05 0.0330649 274.613 470.597 1.32992e+07
1.178 7.85006e-06 0.0135725 258.718 454.308 1.2178e+07
1.182 2.15429e-06 0.00455992 224.762 416.195 9.86162e+06
1.186 3.91417e-07 0.00106289 162.188 324.39 5.71364e+06
1.19 3.61954e-08 0.000114991 82.5168 128.72 1.21813e+06
1.194 9.91257e-09 1.16656e-05 52.8611 7.95789 126696
1.198 9.98777e-09 1.00165e-05 50.0807 0.0924111 100236
1.202 9.99988e-09 1.00002e-05 50.0008 0.000818403 100002
1.206 1e-08 1e-05 50 7.40004e-06 100000
1.21 1e-08 1e-05 50 6.7319e-08 100000
1.214 1e-08 1e-05 50 6.12567e-10 100000
1.218 1e-08 1e-05 50 5.56574e-12 100000
1.222 1e-08 1e-05 50 5.06016e-14 100000
1.226 1e-08 1e-05 50 2.88618e-16 100000
1.23 1e-08 1e-05 50 0 100000
1.234 1e-08 1e-05 50 0 100000
1.238 1e-08 1e-05 50 0 100000
1.242 1e-08 1e-05 50 0 100000
1.246 1e-08 1e-05 50 0 100000
1.25 1e-08 1e-05 50 0 100000
1.254 1e-08 1e-05 50 0 100000
1.258 1e-08 1e-05 50 0 100000
1.262 1e-08 1e-05 50 0 100000
1.266 1e-08 1e-05 50 0 100000
1.27 1e-08 1e-05 50 0 100000
1.274 1e-08 1e-05 50 0 100000
1.278 1e-08 1e-05 50 0 100000
1.282 1e-08 1e-05 50 0 100000
1.286 1e-08 1e-05 50 0 100000
1.29 1e-08 1e-05 50 0 100000
1.294 1e-08 1e-05 50 0 100000
1.298 1e-08 1e-05 50 0 100000
1.302 1e-08 1e-05 50 0 100000
1.306 1e-08 1e-05 50 0 100000
1.31 1e-08 1e-05 50 0 100000
1.314 1e-08 1e-05 50 0 100000
1.318 1e-08 1e-05 50 0 100000
1.322 1e-08 1e-05 50 0 100000
1.326 1e-08 1e-05 50 0 100000
1.33 1e-08 1e-05 50 0 100000
1.334 1e-08 1e-05 50 0 100000
1.338 1e-08 1e-05 50 0 100000
1.342 1e-08 1e-05 50 0 100000
1.346 1e-08 1e-05 50 0 100000
1.35 1e-08 1e-05 50 0 100000
1.354 1e-08 1e-05 50 0 100000
1.358 1e-08 1e-05 50 0 100000
1.362 1e-08 1e-05 50 0 100000
1.366 1e-08 1e-05 50 0 100000
1.37 1e-08 1e-05 50 0 100000
1.374 1e-08 1e-05 50 0 100000
1.378 1e-08 1e-05 50 0 100000
1.382 1e-08 1e-05 50 0 100000
1.386 1e-08 1e-05 50 0 100000
1.39 1e-08 1e-05 50 0 100000
1.394 1e-08 1e-05 50 0 100000
1.398 1e-08 1e-05 50 0 100000
1.402 1e-08 1e-05 50 0 100000
1.406 1e-08 1e-05 50 0 100000
1.41 1e-08 1e-05 50 0 100000
1.414 1e-08 1e-05 50 0 100000
1.418 1e-08 1e-05 50 0 100000
1.422 1e-08 1e-05 50 0 100000
1.426 1e-08 1e-05 50 0 100000
1.43 1e-08 1e-05 50 0 100000
1.434 1e-08 1e-05 50 0 100000
1.438 1e-08 1e-05 50 0 100000
1.442 1e-08 1e-05 50 0 100000
1.446 1e-08 1e-05 50 0 100000
1.45 1e-08 1e-05 50 0 100000
1.454 1e-08 1e-05 50 0 100000
1.458 1e-08 1e-05 50 0 100000
1.462 1e-08 1e-05 50 0 100000
1.466 1e-08 1e-05 50 0 100000
1.47 1e-08 1e-05 50 0 100000
1.474 1e-08 1e-05 50 0 100000
1.478 1e-08 1e-05 50 0 100000
1.482 1e-08 1e-05 50 0 100000
1.486 1e-08 1e-05 50 0 100000
1.49 1e-08 1e-05 50 0 100000
1.494 1e-08 1e-05 50 0 100000
1.498 1e-08 1e-05 50 0 100000
1.502 1e-08 1e-05 50 0 100000
1.506 1e-08 1e-05 50 0 100000
1.51 1e-08 1e-05 50 0 100000
1.514 1e-08 1e-05 50 0 100000
1.518 1e-08 1e-05 50 0 100000
1.522 1e-08 1e-05 50 0 100000
1.526 1e-08 1e-05 50 0 100000
1.53 1e-08 1e-05 50 0 100000
1.534 1e-08 1e-05 50 0 100000
1.538 1e-08 1e-05 50 0 100000
1.542 1e-08 1e-05 50 0 100000
1.546 1e-08 1e-05 50 0 100000
1.55 1e-08 1e-05 50 0 100000
1.554 1e-08 1e-05 50 0 100000
1.558 1e-08 1e-05 50 0 100000
1.562 1e-08 1e-05 50 0 100000
1.566 1e-08 1e-05 50 0 100000
1.57 1e-08 1e-05 50 0 100000
1.574 1e-08 1e-05 50 0 100000
1.578 1e-08 1e-05 50 0 100000
1.582 1e-08 1e-05 50 0 100000
1.586 1e-08 1e-05 50 0 100000
1.59 1e-08 1e-05 50 0 100000
1.594 1e-08 1e-05 50 0 100000
1.598 1e-08 1e-05 50 0 100000
1.602 1e-08 1e-05 50 0 100000
1.606 1e-08 1e-05 50 0 100000
1.61 1e-08 1e-05 50 0 100000
1.614 1e-08 1e-05 50 0 100000
1.618 1e-08 1e-05 50 0 100000
1.622 1e-08 1e-05 50 0 100000
1.626 1e-08 1e-05 50 0 100000
1.63 1e-08 1e-05 50 0 100000
1.634 1e-08 1e-05 50 0 100000
1.638 1e-08 1e-05 50 0 100000
1.642 1e-08 1e-05 50 0 100000
1.646 1e-08 1e-05 50 0 100000
1.65 1e-08 1e-05 50 0 100000
1.654 1e-08 1e-05 50 0 100000
1.658 1e-08 1e-05 50 0 100000
1.662 1e-08 1e-05 50 0 100000
1.666 1e-08 1e-05 50 0 100000
1.67 1e-08 1e-05 50 0 100000
1.674 1e-08 1e-05 50 0 100000
1.678 1e-08 1e-05 50 0 100000
1.682 1e-08 1e-05 50 0 100000
1.686 1e-08 1e-05 50 0 100000
1.69 1e-08 1e-05 50 0 100000
1.694 1e-08 1e-05 50 0 100000
1.698 1e-08 1e-05 50 0 100000
1.702 1e-08 1e-05 50 0 100000
1.706 1e-08 1e-05 50 0 100000
1.71 1e-08 1e-05 50 0 100000
1.714 1e-08 1e-05 50 0 100000
1.718 1e-08 1e-05 50 0 100000
1.722 1e-08 1e-05 50 0 100000
1.726 1e-08 1e-05 50 0 100000
1.73 1e-08 1e-05 50 0 100000
1.734 1e-08 1e-05 50 0 100000
1.738 1e-08 1e-05 50 0 100000
1.742 1e-08 1e-05 50 0 100000
1.746 1e-08 1e-05 50 0 100000
1.75 1e-08 1e-05 50 0 100000
1.754 1e-08 1e-05 50 0 100000
1.758 1e-08 1e-05 50 0 100000
1.762 1e-08 1e-05 50 0 100000
1.766 1e-08 1e-05 50 0 100000
1.77 1e-08 1e-05 50 0 100000
1.774 1e-08 1e-05 50 0 100000
1.778 1e-08 1e-05 50 0 100000
1.782 1e-08 1e-05 50 0 100000
1.786 1e-08 1e-05 50 0 100000
1.79 1e-08 1e-05 50 0 100000
1.794 1e-08 1e-05 50 0 100000
1.798 1e-08 1e-05 50 0 100000
1.802 1e-08 1e-05 50 0 100000
1.806 1e-08 1e-05 50 0 100000
1.81 1e-08 1e-05 50 0 100000
1.814 1e-08 1e-05 50 0 100000
1.818 1e-08 1e-05 50 0 100000
1.822 1e-08 1e-05 50 0 100000
1.826 1e-08 1e-05 50 0 100000
1.83 1e-08 1e-05 50 0 100000
1.834 1e-08 1e-05 50 0 100000
1.838 1e-08 1e-05 50 0 100000
1.842 1e-08 1e-05 50 0 100000
1.846 1e-08 1e-05 50 0 100000
1.85 1e-08 1e-05 50 0 100000
1.854 1e-08 1e-05 50 0 100000
1.858 1e-08 1e-05 50 0 100000
1.862 1e-08 1e-05 50 0 100000
1.866 1e-08 1e-05 50 0 100000
1.87 1e-08 1e-05 50 0 100000
1.874 1e-08 1e-05 50 0 100000
1.878 1e-08 1e-05 50 0 100000
1.882 1e-08 1e-05 50 0 100000
1.886 1e-08 1e-05 50 0 100000
1.89 1e-08 1e-05 50 0 100000
1.894 1e-08 1e-05 50 0 100000
1.898 1e-08 1e-05 50 0 100000
1.902 1e-08 1e-05 50 0 100000
1.906 1e-08 1e-05 50 0 100000
1.91 1e-08 1e-05 50 0 100000
1.914 1e-08 1e-05 50 0 100000
1.918 1e-08 1e-05 50 0 100000
1.922 1e-08 1e-05 50 0 100000
1.926 1e-08 1e-05 50 0 100000
1.93 1e-08 1e-05 50 0 100000
1.934 1e-08 1e-05 50 0 100000
1.938 1e-08 1e-05 50 0 100000
1.942 1e-08 1e-05 50 0 100000
1.946 1e-08 1e-05 50 0 100000
1.95 1e-08 1e-05 50 0 100000
1.954 1e-08 1e-05 50 0 100000
1.958 1e-08 1e-05 50 0 100000
1.962 1e-08 1e-05 50 0 100000
1.966 1e-08 1e-05 50 0 100000
1.97 1e-08 1e-05 50 0 100000
1.974 1e-08 1e-05 50 0 100000
1.978 1e-08 1e-05 50 0 100000
1.982 1e-08 1e-05 50 0 100000
1.986 1e-08 1e-05 50 0 100000
1.99 1e-08 1e-05 50 0 100000
1.994 1e-08 1e-05 50 0 100000
1.998 1e-08 1e-05 50 0 100000
