0.00125 1.33322 0.1379 -0.49875
0.00375 1.33322 0.1379 -0.496453
0.00625 1.33322 0.1379 -0.493953
0.00875 1.33323 0.1379 -0.491453
0.01125 1.33323 0.1379 -0.488953
0.01375 1.33323 0.1379 -0.486453
0.01625 1.33323 0.1379 -0.483953
0.01875 1.33323 0.1379 -0.481453
0.02125 1.33323 0.1379 -0.478953
0.02375 1.33323 0.1379 -0.476453
0.02625 1.33323 0.1379 -0.473953
0.02875 1.33323 0.1379 -0.471453
0.03125 1.33323 0.1379 -0.468953
0.03375 1.33323 0.1379 -0.466453
0.03625 1.33323 0.1379 -0.463953
0.03875 1.33323 0.1379 -0.461453
0.04125 1.33323 0.1379 -0.458953
0.04375 1.33323 0.1379 -0.456453
0.04625 1.33323 0.1379 -0.453953
0.04875 1.33323 0.1379 -0.451453
0.05125 1.33322 0.1379 -0.448953
0.05375 1.33321 0.1379 -0.446453
0.05625 1.3332 0.1379 -0.443953
0.05875 1.33318 0.1379 -0.441453
0.06125 1.33316 0.1379 -0.438953
0.06375 1.33314 0.1379 -0.436453
0.06625 1.33312 0.1379 -0.433953
0.06875 1.33309 0.1379 -0.431453
0.07125 1.33306 0.1379 -0.428953
0.07375 1.33302 0.1379 -0.426453
0.07625 1.33297 0.1379 -0.423953
0.07875 1.33293 0.1379 -0.421453
0.08125 1.33287 0.1379 -0.418953
0.08375 1.33281 0.1379 -0.416453
0.08625 1.33273 0.1379 -0.413953
0.08875 1.33265 0.1379 -0.411453
0.09125 1.33256 0.1379 -0.408953
0.09375 1.33245 0.1379 -0.406453
0.09625 1.33234 0.1379 -0.403953
0.09875 1.33222 0.1379 -0.401453
0.10125 1.33208 0.1379 -0.398953
0.10375 1.33192 0.1379 -0.396453
0.10625 1.33175 0.1379 -0.393953
0.10875 1.33155 0.1379 -0.391453
0.11125 1.33141 0.1379 -0.388953
0.11375 1.33135 0.1379 -0.386453
0.11625 1.33128 0.1379 -0.383953
0.11875 1.3312 0.1379 -0.381453
0.12125 1.33116 0.1379 -0.378953
0.12375 1.33115 0.1379 -0.376453
0.12625 1.33116 0.1379 -0.373953
0.12875 1.33117 0.1379 -0.371453
0.13125 1.3312 0.1379 -0.368953
0.13375 1.33124 0.1379 -0.366453
0.13625 1.3313 0.1379 -0.363953
0.13875 1.33139 0.1379 -0.361453
0.14125 1.33149 0.1379 -0.358953
0.14375 1.33162 0.1379 -0.356453
0.14625 1.33177 0.1379 -0.353953
0.14875 1.33195 0.1379 -0.351453
0.15125 1.33215 0.1379 -0.348953
0.15375 1.33238 0.1379 -0.346453
0.15625 1.33251 0.1379 -0.343953
0.15875 1.33256 0.1379 -0.341453
0.16125 1.33263 0.1379 -0.338953
0.16375 1.3327 0.1379 -0.336453
0.16625 1.33275 0.1379 -0.333953
0.16875 1.3328 0.1379 -0.331453
0.17125 1.33284 0.1379 -0.328953
0.17375 1.33288 0.1379 -0.326453
0.17625 1.33291 0.1379 -0.323953
0.17875 1.33294 0.1379 -0.321453
0.18125 1.33297 0.1379 -0.318953
0.18375 1.333 0.1379 -0.316453
0.18625 1.33303 0.1379 -0.313953
0.18875 1.33306 0.1379 -0.311453
0.19125 1.33308 0.1379 -0.308953
0.19375 1.3331 0.1379 -0.306453
0.19625 1.33312 0.1379 -0.303953
0.19875 1.33313 0.1379 -0.301453
0.20125 1.33315 0.1379 -0.298953
0.20375 1.33316 0.1379 -0.296453
0.20625 1.33317 0.1379 -0.293953
0.20875 1.33317 0.1379 -0.291453
0.21125 1.33318 0.1379 -0.288953
0.21375 1.33319 0.1379 -0.286453
0.21625 1.33319 0.1379 -0.283953
0.21875 1.3332 0.1379 -0.281453
0.22125 1.33321 0.1379 -0.278953
0.22375 1.33321 0.1379 -0.276453
0.22625 1.33322 0.1379 -0.273953
0.22875 1.33322 0.1379 -0.271453
0.23125 1.33323 0.1379 -0.268953
0.23375 1.33323 0.1379 -0.266453
0.23625 1.33322 0.1379 -0.263953
0.23875 1.33322 0.1379 -0.261453
0.24125 1.33322 0.1379 -0.258953
0.24375 1.33322 0.1379 -0.256453
0.24625 1.33322 0.1379 -0.253953
0.24875 1.33322 0.1379 -0.251453
0.25125 1.33323 0.1379 -0.248953
0.25375 1.33324 0.1379 -0.246453
0.25625 1.33325 0.1379 -0.243953
0.25875 1.33325 0.1379 -0.241453
0.26125 1.33326 0.1379 -0.238953
0.26375 1.33326 0.1379 -0.236453
0.26625 1.33326 0.1379 -0.233953
0.26875 1.33326 0.1379 -0.231453
0.27125 1.33325 0.1379 -0.228953
0.27375 1.33322 0.1379 -0.226453
0.27625 1.33318 0.1379 -0.223953
0.27875 1.33312 0.1379 -0.221453
0.28125 1.33303 0.1379 -0.218953
0.28375 1.33289 0.1379 -0.216453
0.28625 1.3327 0.1379 -0.213953
0.28875 1.33241 0.1379 -0.211453
0.29125 1.33196 0.1379 -0.208952
0.29375 1.33127 0.1379 -0.206452
0.29625 1.3302 0.1379 -0.203951
0.29875 1.32853 0.1379 -0.20145
0.30125 1.32596 0.1379 -0.198949
0.30375 1.32201 0.1379 -0.196446
0.30625 1.31598 0.1379 -0.193942
0.30875 1.30683 0.1379 -0.191437
0.31125 1.29308 0.1379 -0.188928
0.31375 1.27271 0.1379 -0.186415
0.31625 1.24298 0.1379 -0.183896
0.31875 1.20164 0.1379 -0.181368
0.32125 1.1441 0.1379 -0.17883
0.32375 1.07342 0.1379 -0.176285
0.32625 1.02329 0.1379 -0.173759
0.32875 1.00498 0.1379 -0.171252
0.33125 1.00082 0.1379 -0.16875
0.33375 1.00014 0.1379 -0.16625
0.33625 1.00003 0.1379 -0.16375
0.33875 1.00001 0.1379 -0.16125
0.34125 1 0.1379 -0.15875
0.34375 1 0.1379 -0.15625
0.34625 1 0.1379 -0.15375
0.34875 1 0.1379 -0.15125
0.35125 1 0.1379 -0.14875
0.35375 1 0.1379 -0.14625
0.35625 1 0.1379 -0.14375
0.35875 1 0.1379 -0.14125
0.36125 1 0.1379 -0.13875
0.36375 1 0.1379 -0.13625
0.36625 1 0.1379 -0.13375
0.36875 1 0.1379 -0.13125
0.37125 1 0.1379 -0.12875
0.37375 1 0.1379 -0.12625
0.37625 1 0.1379 -0.12375
0.37875 1 0.1379 -0.12125
0.38125 1 0.1379 -0.11875
0.38375 1 0.1379 -0.11625
0.38625 0.999999 0.1379 -0.11375
0.38875 0.999999 0.1379 -0.11125
0.39125 0.999999 0.1379 -0.10875
0.39375 0.999998 0.1379 -0.10625
0.39625 0.999997 0.1379 -0.10375
0.39875 0.999995 0.1379 -0.10125
0.40125 0.999993 0.1379 -0.09875
0.40375 0.99999 0.1379 -0.09625
0.40625 0.999984 0.1379 -0.09375
0.40875 0.999976 0.1379 -0.09125
0.41125 0.999965 0.1379 -0.08875
0.41375 0.999947 0.1379 -0.08625
0.41625 0.999922 0.1379 -0.08375
0.41875 0.999886 0.1379 -0.08125
0.42125 0.999834 0.1379 -0.07875
0.42375 0.999759 0.1379 -0.07625
0.42625 0.999654 0.1379 -0.07375
0.42875 0.999504 0.1379 -0.07125
0.43125 0.999294 0.1379 -0.06875
0.43375 0.999001 0.1379 -0.06625
0.43625 0.998596 0.1379 -0.06375
0.43875 0.998038 0.1379 -0.06125
0.44125 0.997275 0.1379 -0.05875
0.44375 0.99624 0.1379 -0.05625
0.44625 0.994845 0.1379 -0.05375
0.44875 0.992977 0.1379 -0.05125
0.45125 0.990493 0.1379 -0.04875
0.45375 0.987214 0.1379 -0.04625
0.45625 0.982916 0.1379 -0.04375
0.45875 0.977323 0.1379 -0.04125
0.46125 0.9701 0.1379 -0.03875
0.46375 0.96084 0.1379 -0.03625
0.46625 0.94906 0.1379 -0.03375
0.46875 0.93419 0.1379 -0.03125
0.47125 0.915568 0.1379 -0.02875
0.47375 0.892436 0.1379 -0.02625
0.47625 0.863931 0.1379 -0.02375
0.47875 0.829122 0.1379 -0.02125
0.48125 0.786927 0.1379 -0.01875
0.48375 0.736362 0.1379 -0.01625
0.48625 0.675997 0.1379 -0.01375
0.48875 0.605365 0.1379 -0.01125
0.49125 0.521723 0.1379 -0.00875
0.49375 0.427792 0.1379 -0.00625
0.49625 0.313725 0.1379 -0.00375
0.49875 0.197923 0.1379 -0.00125
0.50125 0.143033 0.1379 0.00125
0.50375 0.1379 0.1379 0.00375
0.50625 0.1379 0.1379 0.00625
0.50875 0.1379 0.1379 0.00875
0.51125 0.1379 0.1379 0.01125
0.51375 0.1379 0.1379 0.01375
0.51625 0.1379 0.1379 0.01625
0.51875 0.1379 0.1379 0.01875
0.52125 0.1379 0.1379 0.02125
0.52375 0.1379 0.1379 0.02375
0.52625 0.1379 0.1379 0.02625
0.52875 0.1379 0.1379 0.02875
0.53125 0.1379 0.1379 0.03125
0.53375 0.1379 0.1379 0.03375
0.53625 0.1379 0.1379 0.03625
0.53875 0.1379 0.1379 0.03875
0.54125 0.1379 0.1379 0.04125
0.54375 0.1379 0.1379 0.04375
0.54625 0.1379 0.1379 0.04625
0.54875 0.1379 0.1379 0.04875
0.55125 0.1379 0.1379 0.05125
0.55375 0.1379 0.1379 0.05375
0.55625 0.1379 0.1379 0.05625
0.55875 0.1379 0.1379 0.05875
0.56125 0.1379 0.1379 0.06125
0.56375 0.1379 0.1379 0.06375
0.56625 0.1379 0.1379 0.06625
0.56875 0.1379 0.1379 0.06875
0.57125 0.1379 0.1379 0.07125
0.57375 0.1379 0.1379 0.07375
0.57625 0.1379 0.1379 0.07625
0.57875 0.1379 0.1379 0.07875
0.58125 0.1379 0.1379 0.08125
0.58375 0.1379 0.1379 0.08375
0.58625 0.1379 0.1379 0.08625
0.58875 0.1379 0.1379 0.08875
0.59125 0.1379 0.1379 0.09125
0.59375 0.1379 0.1379 0.09375
0.59625 0.1379 0.1379 0.09625
0.59875 0.1379 0.1379 0.09875
0.60125 0.1379 0.1379 0.10125
0.60375 0.1379 0.1379 0.10375
0.60625 0.1379 0.1379 0.10625
0.60875 0.1379 0.1379 0.10875
0.61125 0.1379 0.1379 0.11125
0.61375 0.1379 0.1379 0.11375
0.61625 0.1379 0.1379 0.11625
0.61875 0.1379 0.1379 0.11875
0.62125 0.1379 0.1379 0.12125
0.62375 0.1379 0.1379 0.12375
0.62625 0.1379 0.1379 0.12625
0.62875 0.1379 0.1379 0.12875
0.63125 0.1379 0.1379 0.13125
0.63375 0.1379 0.1379 0.13375
0.63625 0.1379 0.1379 0.13625
0.63875 0.1379 0.1379 0.13875
0.64125 0.1379 0.1379 0.14125
0.64375 0.1379 0.1379 0.14375
0.64625 0.1379 0.1379 0.14625
0.64875 0.1379 0.1379 0.14875
0.65125 0.1379 0.1379 0.15125
0.65375 0.1379 0.1379 0.15375
0.65625 0.1379 0.1379 0.15625
0.65875 0.1379 0.1379 0.15875
0.66125 0.1379 0.1379 0.16125
0.66375 0.1379 0.1379 0.16375
0.66625 0.1379 0.1379 0.16625
0.66875 0.1379 0.1379 0.16875
0.67125 0.1379 0.1379 0.17125
0.67375 0.1379 0.1379 0.17375
0.67625 0.1379 0.1379 0.17625
0.67875 0.1379 0.1379 0.17875
0.68125 0.1379 0.1379 0.18125
0.68375 0.1379 0.1379 0.18375
0.68625 0.1379 0.1379 0.18625
0.68875 0.1379 0.1379 0.18875
0.69125 0.1379 0.1379 0.19125
0.69375 0.1379 0.1379 0.19375
0.69625 0.1379 0.1379 0.19625
0.69875 0.1379 0.1379 0.19875
0.70125 0.1379 0.1379 0.20125
0.70375 0.1379 0.1379 0.20375
0.70625 0.1379 0.1379 0.20625
0.70875 0.1379 0.1379 0.20875
0.71125 0.1379 0.1379 0.21125
0.71375 0.1379 0.1379 0.21375
0.71625 0.1379 0.1379 0.21625
0.71875 0.1379 0.1379 0.21875
0.72125 0.1379 0.1379 0.22125
0.72375 0.1379 0.1379 0.22375
0.72625 0.1379 0.1379 0.22625
0.72875 0.1379 0.1379 0.22875
0.73125 0.1379 0.1379 0.23125
0.73375 0.1379 0.1379 0.23375
0.73625 0.1379 0.1379 0.23625
0.73875 0.1379 0.1379 0.23875
0.74125 0.1379 0.1379 0.24125
0.74375 0.1379 0.1379 0.24375
0.74625 0.1379 0.1379 0.24625
0.74875 0.1379 0.1379 0.24875
0.75125 0.1379 0.1379 0.25125
0.75375 0.1379 0.1379 0.25375
0.75625 0.1379 0.1379 0.25625
0.75875 0.1379 0.1379 0.25875
0.76125 0.1379 0.1379 0.26125
0.76375 0.1379 0.1379 0.26375
0.76625 0.1379 0.1379 0.26625
0.76875 0.1379 0.1379 0.26875
0.77125 0.1379 0.1379 0.27125
0.77375 0.1379 0.1379 0.27375
0.77625 0.1379 0.1379 0.27625
0.77875 0.1379 0.1379 0.27875
0.78125 0.1379 0.1379 0.28125
0.78375 0.1379 0.1379 0.28375
0.78625 0.1379 0.1379 0.28625
0.78875 0.1379 0.1379 0.28875
0.79125 0.1379 0.1379 0.29125
0.79375 0.1379 0.1379 0.29375
0.79625 0.1379 0.1379 0.29625
0.79875 0.1379 0.1379 0.29875
0.80125 0.1379 0.1379 0.30125
0.80375 0.1379 0.1379 0.30375
0.80625 0.1379 0.1379 0.30625
0.80875 0.1379 0.1379 0.30875
0.81125 0.1379 0.1379 0.31125
0.81375 0.1379 0.1379 0.31375
0.81625 0.1379 0.1379 0.31625
0.81875 0.1379 0.1379 0.31875
0.82125 0.1379 0.1379 0.32125
0.82375 0.1379 0.1379 0.32375
0.82625 0.1379 0.1379 0.32625
0.82875 0.1379 0.1379 0.32875
0.83125 0.1379 0.1379 0.33125
0.83375 0.1379 0.1379 0.33375
0.83625 0.1379 0.1379 0.33625
0.83875 0.1379 0.1379 0.33875
0.84125 0.1379 0.1379 0.34125
0.84375 0.1379 0.1379 0.34375
0.84625 0.1379 0.1379 0.34625
0.84875 0.1379 0.1379 0.34875
0.85125 0.1379 0.1379 0.35125
0.85375 0.1379 0.1379 0.35375
0.85625 0.1379 0.1379 0.35625
0.85875 0.1379 0.1379 0.35875
0.86125 0.1379 0.1379 0.36125
0.86375 0.1379 0.1379 0.36375
0.86625 0.1379 0.1379 0.36625
0.86875 0.1379 0.1379 0.36875
0.87125 0.1379 0.1379 0.37125
0.87375 0.1379 0.1379 0.37375
0.87625 0.1379 0.1379 0.37625
0.87875 0.1379 0.1379 0.37875
0.88125 0.1379 0.1379 0.38125
0.88375 0.1379 0.1379 0.38375
0.88625 0.1379 0.1379 0.38625
0.88875 0.1379 0.1379 0.38875
0.89125 0.1379 0.1379 0.39125
0.89375 0.1379 0.1379 0.39375
0.89625 0.1379 0.1379 0.39625
0.89875 0.1379 0.1379 0.39875
0.90125 0.1379 0.1379 0.40125
0.90375 0.1379 0.1379 0.40375
0.90625 0.1379 0.1379 0.40625
0.90875 0.1379 0.1379 0.40875
0.91125 0.1379 0.1379 0.41125
0.91375 0.1379 0.1379 0.41375
0.91625 0.1379 0.1379 0.41625
0.91875 0.1379 0.1379 0.41875
0.92125 0.1379 0.1379 0.42125
0.92375 0.1379 0.1379 0.42375
0.92625 0.1379 0.1379 0.42625
0.92875 0.1379 0.1379 0.42875
0.93125 0.1379 0.1379 0.43125
0.93375 0.1379 0.1379 0.43375
0.93625 0.1379 0.1379 0.43625
0.93875 0.1379 0.1379 0.43875
0.94125 0.1379 0.1379 0.44125
0.94375 0.1379 0.1379 0.44375
0.94625 0.1379 0.1379 0.44625
0.94875 0.1379 0.1379 0.44875
0.95125 0.1379 0.1379 0.45125
0.95375 0.1379 0.1379 0.45375
0.95625 0.1379 0.1379 0.45625
0.95875 0.1379 0.1379 0.45875
0.96125 0.1379 0.1379 0.46125
0.96375 0.1379 0.1379 0.46375
0.96625 0.1379 0.1379 0.46625
0.96875 0.1379 0.1379 0.46875
0.97125 0.1379 0.1379 0.47125
0.97375 0.1379 0.1379 0.47375
0.97625 0.1379 0.1379 0.47625
0.97875 0.1379 0.1379 0.47875
0.98125 0.1379 0.1379 0.48125
0.98375 0.1379 0.1379 0.48375
0.98625 0.1379 0.1379 0.48625
0.98875 0.1379 0.1379 0.48875
0.99125 0.1379 0.1379 0.49125
0.99375 0.1379 0.1379 0.49375
0.99625 0.1379 0.1379 0.49625
0.99875 0.1379 0.1379 0.49875
