0.001 1000
0.003 1000
0.005 1000
0.007 1000
0.009 1000
0.011 1000
0.013 1000
0.015 1000
0.017 1000
0.019 1000
0.021 1000
0.023 1000
0.025 1000
0.027 1000
0.029 1000
0.031 1000
0.033 1000
0.035 1000
0.037 1000
0.039 1000
0.041 1000
0.043 1000
0.045 1000
0.047 1000
0.049 1000
0.051 1000
0.053 1000
0.055 1000
0.057 1000
0.059 1000
0.061 1000
0.063 1000
0.065 1000
0.067 1000
0.069 1000
0.071 1000
0.073 1000
0.075 1000
0.077 1000
0.079 1000
0.081 1000
0.083 1000
0.085 1000
0.087 1000
0.089 1000
0.091 1000
0.093 1000
0.095 1000
0.097 1000
0.099 1000
0.101 1000
0.103 1000
0.105 1000
0.107 1000
0.109 1000
0.111 1000
0.113 1000
0.115 1000
0.117 1000
0.119 1000
0.121 1000
0.123 1000
0.125 1000
0.127 1000
0.129 1000
0.131 1000
0.133 1000
0.135 1000
0.137 1000
0.139 1000
0.141 1000
0.143 1000
0.145 1000
0.147 1000
0.149 1000
0.151 1000
0.153 1000
0.155 1000
0.157 1000
0.159 1000
0.161 1000
0.163 1000
0.165 1000
0.167 1000
0.169 1000
0.171 1000
0.173 1000
0.175 1000
0.177 1000
0.179 1000
0.181 1000
0.183 1000
0.185 1000
0.187 1000
0.189 1000
0.191 1000
0.193 1000
0.195 1000
0.197 1000
0.199 1000
0.201 1000
0.203 1000
0.205 1000
0.207 1000
0.209 1000
0.211 1000
0.213 1000
0.215 1000
0.217 1000
0.219 1000
0.221 1000
0.223 1000
0.225 1000
0.227 1000
0.229 1000
0.231 1000
0.233 1000
0.235 1000
0.237 1000
0.239 1000
0.241 1000
0.243 1000
0.245 1000
0.247 1000
0.249 1000
0.251 1000
0.253 1000
0.255 1000
0.257 1000
0.259 1000
0.261 1000
0.263 1000
0.265 1000
0.267 1000
0.269 1000
0.271 1000
0.273 1000
0.275 1000
0.277 1000
0.279 1000
0.281 1000
0.283 1000
0.285 1000
0.287 1000
0.289 1000
0.291 1000
0.293 1000
0.295 1000
0.297 1000
0.299 1000
0.301 1000
0.303 1000
0.305 1000
0.307 1000
0.309 1000
0.311 1000
0.313 1000
0.315 1000
0.317 1000
0.319 1000
0.321 1000
0.323 1000
0.325 1000
0.327 1000
0.329 1000
0.331 1000
0.333 1000
0.335 1000
0.337 1000
0.339 1000
0.341 1000
0.343 1000
0.345 1000
0.347 1000
0.349 1000
0.351 1000
0.353 1000
0.355 1000
0.357 1000
0.359 1000
0.361 1000
0.363 1000
0.365 1000
0.367 1000
0.369 1000
0.371 1000
0.373 1000
0.375 1000
0.377 1000
0.379 1000
0.381 1000
0.383 1000
0.385 1000
0.387 1000
0.389 1000
0.391 1000
0.393 1000
0.395 1000
0.397 1000
0.399 1000
0.401 1000
0.403 1000
0.405 1000
0.407 1000
0.409 1000
0.411 1000
0.413 1000
0.415 1000
0.417 1000
0.419 1000
0.421 1000
0.423 1000
0.425 1000
0.427 1000
0.429 1000
0.431 1000
0.433 1000
0.435 1000
0.437 1000
0.439 1000
0.441 1000
0.443 1000
0.445 1000
0.447 1000
0.449 1000
0.451 1000
0.453 1000
0.455 1000
0.457 951.666
0.459 902.962
0.461 856.411
0.463 811.932
0.465 769.448
0.467 728.884
0.469 690.167
0.471 653.226
0.473 617.993
0.475 584.402
0.477 552.388
0.479 521.889
0.481 492.845
0.483 465.197
0.485 460.894
0.487 460.894
0.489 460.894
0.491 460.894
0.493 460.894
0.495 460.894
0.497 460.894
0.499 460.894
0.501 460.894
0.503 460.894
0.505 460.894
0.507 460.894
0.509 460.894
0.511 460.894
0.513 460.894
0.515 460.894
0.517 460.894
0.519 460.894
0.521 460.894
0.523 460.894
0.525 460.894
0.527 460.894
0.529 0.01
0.531 0.01
0.533 0.01
0.535 0.01
0.537 0.01
0.539 0.01
0.541 0.01
0.543 0.01
0.545 0.01
0.547 0.01
0.549 0.01
0.551 0.01
0.553 0.01
0.555 0.01
0.557 0.01
0.559 0.01
0.561 0.01
0.563 0.01
0.565 0.01
0.567 0.01
0.569 0.01
0.571 0.01
0.573 0.01
0.575 0.01
0.577 0.01
0.579 0.01
0.581 0.01
0.583 0.01
0.585 0.01
0.587 0.01
0.589 0.01
0.591 0.01
0.593 0.01
0.595 0.01
0.597 0.01
0.599 0.01
0.601 0.01
0.603 0.01
0.605 0.01
0.607 0.01
0.609 0.01
0.611 0.01
0.613 0.01
0.615 0.01
0.617 0.01
0.619 0.01
0.621 0.01
0.623 0.01
0.625 0.01
0.627 0.01
0.629 0.01
0.631 0.01
0.633 0.01
0.635 0.01
0.637 0.01
0.639 0.01
0.641 0.01
0.643 0.01
0.645 0.01
0.647 0.01
0.649 0.01
0.651 0.01
0.653 0.01
0.655 0.01
0.657 0.01
0.659 0.01
0.661 0.01
0.663 0.01
0.665 0.01
0.667 0.01
0.669 0.01
0.671 0.01
0.673 0.01
0.675 0.01
0.677 0.01
0.679 0.01
0.681 0.01
0.683 0.01
0.685 0.01
0.687 0.01
0.689 0.01
0.691 0.01
0.693 0.01
0.695 0.01
0.697 0.01
0.699 0.01
0.701 0.01
0.703 0.01
0.705 0.01
0.707 0.01
0.709 0.01
0.711 0.01
0.713 0.01
0.715 0.01
0.717 0.01
0.719 0.01
0.721 0.01
0.723 0.01
0.725 0.01
0.727 0.01
0.729 0.01
0.731 0.01
0.733 0.01
0.735 0.01
0.737 0.01
0.739 0.01
0.741 0.01
0.743 0.01
0.745 0.01
0.747 0.01
0.749 0.01
0.751 0.01
0.753 0.01
0.755 0.01
0.757 0.01
0.759 0.01
0.761 0.01
0.763 0.01
0.765 0.01
0.767 0.01
0.769 0.01
0.771 0.01
0.773 0.01
0.775 0.01
0.777 0.01
0.779 0.01
0.781 0.01
0.783 0.01
0.785 0.01
0.787 0.01
0.789 0.01
0.791 0.01
0.793 0.01
0.795 0.01
0.797 0.01
0.799 0.01
0.801 0.01
0.803 0.01
0.805 0.01
0.807 0.01
0.809 0.01
0.811 0.01
0.813 0.01
0.815 0.01
0.817 0.01
0.819 0.01
0.821 0.01
0.823 0.01
0.825 0.01
0.827 0.01
0.829 0.01
0.831 0.01
0.833 0.01
0.835 0.01
0.837 0.01
0.839 0.01
0.841 0.01
0.843 0.01
0.845 0.01
0.847 0.01
0.849 0.01
0.851 0.01
0.853 0.01
0.855 0.01
0.857 0.01
0.859 0.01
0.861 0.01
0.863 0.01
0.865 0.01
0.867 0.01
0.869 0.01
0.871 0.01
0.873 0.01
0.875 0.01
0.877 0.01
0.879 0.01
0.881 0.01
0.883 0.01
0.885 0.01
0.887 0.01
0.889 0.01
0.891 0.01
0.893 0.01
0.895 0.01
0.897 0.01
0.899 0.01
0.901 0.01
0.903 0.01
0.905 0.01
0.907 0.01
0.909 0.01
0.911 0.01
0.913 0.01
0.915 0.01
0.917 0.01
0.919 0.01
0.921 0.01
0.923 0.01
0.925 0.01
0.927 0.01
0.929 0.01
0.931 0.01
0.933 0.01
0.935 0.01
0.937 0.01
0.939 0.01
0.941 0.01
0.943 0.01
0.945 0.01
0.947 0.01
0.949 0.01
0.951 0.01
0.953 0.01
0.955 0.01
0.957 0.01
0.959 0.01
0.961 0.01
0.963 0.01
0.965 0.01
0.967 0.01
0.969 0.01
0.971 0.01
0.973 0.01
0.975 0.01
0.977 0.01
0.979 0.01
0.981 0.01
0.983 0.01
0.985 0.01
0.987 0.01
0.989 0.01
0.991 0.01
0.993 0.01
0.995 0.01
0.997 0.01
0.999 0.01
