0.0005 111.795 122.241 -0.4995
0.0015 111.795 122.241 -0.4995
0.0025 111.795 122.241 -0.4995
0.0035 111.795 122.241 -0.4995
0.0045 111.795 122.241 -0.4995
0.0055 111.795 122.241 -0.4995
0.0065 111.795 122.241 -0.4995
0.0075 111.795 122.241 -0.4995
0.0085 111.795 122.241 -0.4995
0.0095 111.795 122.241 -0.4995
0.0105 111.795 122.241 -0.4995
0.0115 111.795 122.241 -0.4995
0.0125 111.795 122.241 -0.4995
0.0135 111.795 122.241 -0.4995
0.0145 111.795 122.241 -0.4995
0.0155 111.795 122.241 -0.4995
0.0165 111.795 122.241 -0.4995
0.0175 111.795 122.241 -0.4995
0.0185 111.795 122.241 -0.4995
0.0195 111.795 122.241 -0.4995
0.0205 111.795 122.241 -0.4995
0.0215 111.795 122.241 -0.4995
0.0225 111.795 122.241 -0.4995
0.0235 111.795 122.241 -0.4995
0.0245 111.795 122.241 -0.4995
0.0255 111.795 122.241 -0.4995
0.0265 111.795 122.241 -0.4995
0.0275 111.795 122.241 -0.4995
0.0285 111.795 122.241 -0.4995
0.0295 111.795 122.241 -0.4995
0.0305 111.795 122.241 -0.4995
0.0315 111.795 122.241 -0.4995
0.0325 111.795 122.241 -0.4995
0.0335 111.795 122.241 -0.4995
0.0345 111.795 122.241 -0.4995
0.0355 111.795 122.241 -0.4995
0.0365 111.795 122.241 -0.4995
0.0375 111.795 122.241 -0.4995
0.0385 111.795 122.241 -0.4995
0.0395 111.795 122.241 -0.4995
0.0405 111.795 122.241 -0.4995
0.0415 111.795 122.241 -0.4995
0.0425 111.795 122.241 -0.4995
0.0435 111.795 122.241 -0.4995
0.0445 111.795 122.241 -0.4995
0.0455 111.795 122.241 -0.4995
0.0465 111.795 122.241 -0.4995
0.0475 111.795 122.241 -0.4995
0.0485 111.795 122.241 -0.4995
0.0495 111.796 122.241 -0.4995
0.0505 111.796 122.241 -0.4995
0.0515 111.796 122.241 -0.4995
0.0525 111.796 122.241 -0.4995
0.0535 111.796 122.241 -0.4995
0.0545 111.796 122.241 -0.4995
0.0555 111.796 122.241 -0.4995
0.0565 111.796 122.241 -0.4995
0.0575 111.796 122.241 -0.4995
0.0585 111.796 122.241 -0.4995
0.0595 111.795 122.241 -0.4995
0.0605 111.795 122.241 -0.4995
0.0615 111.795 122.241 -0.4995
0.0625 111.795 122.241 -0.4995
0.0635 111.795 122.241 -0.4995
0.0645 111.795 122.241 -0.4995
0.0655 111.795 122.241 -0.4995
0.0665 111.795 122.241 -0.4995
0.0675 111.795 122.241 -0.4995
0.0685 111.795 122.241 -0.4995
0.0695 111.795 122.241 -0.4995
0.0705 111.795 122.241 -0.4995
0.0715 111.795 122.241 -0.4995
0.0725 111.795 122.241 -0.4995
0.0735 111.795 122.241 -0.4995
0.0745 111.795 122.241 -0.4995
0.0755 111.795 122.241 -0.4995
0.0765 111.795 122.241 -0.4995
0.0775 111.795 122.241 -0.4995
0.0785 111.795 122.241 -0.499499
0.0795 111.795 122.241 -0.499499
0.0805 111.795 122.241 -0.499499
0.0815 111.795 122.241 -0.499498
0.0825 111.795 122.241 -0.499497
0.0835 111.795 122.241 -0.499496
0.0845 111.795 122.241 -0.499494
0.0855 111.795 122.241 -0.499491
0.0865 111.795 122.241 -0.499488
0.0875 111.795 122.241 -0.499483
0.0885 111.795 122.241 -0.499476
0.0895 111.795 122.241 -0.499467
0.0905 111.795 122.241 -0.499455
0.0915 111.795 122.241 -0.49944
0.0925 111.795 122.241 -0.499419
0.0935 111.795 122.241 -0.499393
0.0945 111.795 122.241 -0.499361
0.0955 111.795 122.241 -0.499319
0.0965 111.795 122.241 -0.499268
0.0975 111.795 122.241 -0.499205
0.0985 111.795 122.241 -0.499128
0.0995 111.795 122.241 -0.499035
0.1005 111.795 122.241 -0.498924
0.1015 111.795 122.241 -0.498793
0.1025 111.795 122.241 -0.498639
0.1035 111.795 122.241 -0.498459
0.1045 111.795 122.241 -0.498251
0.1055 111.795 122.241 -0.498014
0.1065 111.795 122.241 -0.497744
0.1075 111.795 122.241 -0.49744
0.1085 111.795 122.241 -0.497101
0.1095 111.795 122.241 -0.496724
0.1105 111.795 122.241 -0.496309
0.1115 111.795 122.241 -0.495855
0.1125 111.795 122.241 -0.495361
0.1135 111.795 122.241 -0.494829
0.1145 111.795 122.241 -0.494257
0.1155 111.795 122.241 -0.493648
0.1165 111.795 122.241 -0.493001
0.1175 111.795 122.241 -0.492319
0.1185 111.795 122.241 -0.491603
0.1195 111.795 122.241 -0.490855
0.1205 111.795 122.241 -0.490077
0.1215 111.795 122.241 -0.489272
0.1225 111.795 122.241 -0.488441
0.1235 111.796 122.241 -0.487587
0.1245 111.796 122.241 -0.486712
0.1255 111.796 122.241 -0.485818
0.1265 111.796 122.241 -0.484908
0.1275 111.796 122.241 -0.483984
0.1285 111.796 122.241 -0.483047
0.1295 111.796 122.241 -0.482099
0.1305 111.796 122.241 -0.481141
0.1315 111.796 122.241 -0.480176
0.1325 111.796 122.241 -0.479204
0.1335 111.796 122.241 -0.478226
0.1345 111.795 122.241 -0.477243
0.1355 111.795 122.241 -0.476256
0.1365 111.795 122.241 -0.475266
0.1375 111.795 122.241 -0.474272
0.1385 111.795 122.241 -0.473276
0.1395 111.795 122.241 -0.472278
0.1405 111.795 122.241 -0.471277
0.1415 111.795 122.241 -0.470273
0.1425 111.795 122.241 -0.469267
0.1435 111.795 122.241 -0.468258
0.1445 111.795 122.241 -0.467246
0.1455 111.795 122.241 -0.46623
0.1465 111.795 122.241 -0.46521
0.1475 111.795 122.241 -0.464186
0.1485 111.794 122.241 -0.463156
0.1495 111.794 122.241 -0.46212
0.1505 111.794 122.241 -0.461078
0.1515 111.794 122.241 -0.460028
0.1525 111.794 122.241 -0.458969
0.1535 111.794 122.241 -0.457902
0.1545 111.794 122.241 -0.456825
0.1555 111.794 122.241 -0.455737
0.1565 111.794 122.241 -0.454638
0.1575 111.795 122.241 -0.453527
0.1585 111.795 122.241 -0.452404
0.1595 111.795 122.241 -0.451269
0.1605 111.795 122.241 -0.45012
0.1615 111.795 122.241 -0.448959
0.1625 111.795 122.241 -0.447784
0.1635 111.795 122.241 -0.446597
0.1645 111.795 122.241 -0.445397
0.1655 111.795 122.241 -0.444185
0.1665 111.795 122.241 -0.442961
0.1675 111.795 122.241 -0.441726
0.1685 111.795 122.241 -0.44048
0.1695 111.795 122.241 -0.439224
0.1705 111.795 122.241 -0.437959
0.1715 111.795 122.241 -0.436685
0.1725 111.795 122.241 -0.435403
0.1735 111.795 122.241 -0.434114
0.1745 111.795 122.241 -0.432819
0.1755 111.795 122.241 -0.431518
0.1765 111.795 122.241 -0.430212
0.1775 111.795 122.241 -0.428902
0.1785 111.795 122.241 -0.427588
0.1795 111.795 122.241 -0.426271
0.1805 111.795 122.241 -0.424951
0.1815 111.795 122.241 -0.423629
0.1825 111.795 122.241 -0.422304
0.1835 111.795 122.241 -0.420978
0.1845 111.795 122.241 -0.419651
0.1855 111.795 122.241 -0.418322
0.1865 111.795 122.241 -0.416993
0.1875 111.795 122.241 -0.415663
0.1885 111.795 122.241 -0.414332
0.1895 111.795 122.241 -0.413001
0.1905 111.795 122.241 -0.411669
0.1915 111.795 122.241 -0.410337
0.1925 111.795 122.241 -0.409005
0.1935 111.795 122.241 -0.407672
0.1945 111.795 122.241 -0.40634
0.1955 111.796 122.241 -0.405007
0.1965 111.796 122.241 -0.403674
0.1975 111.796 122.241 -0.402342
0.1985 111.796 122.241 -0.401009
0.1995 111.796 122.241 -0.399676
0.2005 111.796 122.241 -0.398343
0.2015 111.796 122.241 -0.39701
0.2025 111.796 122.241 -0.395677
0.2035 111.796 122.241 -0.394344
0.2045 111.796 122.241 -0.39301
0.2055 111.796 122.241 -0.391677
0.2065 111.796 122.241 -0.390344
0.2075 111.795 122.241 -0.389011
0.2085 111.795 122.241 -0.387678
0.2095 111.795 122.241 -0.386345
0.2105 111.795 122.241 -0.385012
0.2115 111.795 122.241 -0.383678
0.2125 111.795 122.241 -0.382345
0.2135 111.795 122.241 -0.381012
0.2145 111.795 122.241 -0.379679
0.2155 111.795 122.241 -0.378345
0.2165 111.795 122.241 -0.377012
0.2175 111.795 122.241 -0.375679
0.2185 111.795 122.241 -0.374346
0.2195 111.795 122.241 -0.373013
0.2205 111.795 122.241 -0.371679
0.2215 111.794 122.241 -0.370346
0.2225 111.794 122.241 -0.369013
0.2235 111.794 122.241 -0.36768
0.2245 111.794 122.241 -0.366346
0.2255 111.794 122.241 -0.365013
0.2265 111.794 122.241 -0.36368
0.2275 111.794 122.241 -0.362347
0.2285 111.794 122.241 -0.361013
0.2295 111.794 122.241 -0.35968
0.2305 111.794 122.241 -0.358347
0.2315 111.794 122.241 -0.357014
0.2325 111.795 122.241 -0.35568
0.2335 111.795 122.241 -0.354347
0.2345 111.795 122.241 -0.353014
0.2355 111.795 122.241 -0.351681
0.2365 111.795 122.241 -0.350347
0.2375 111.795 122.241 -0.349014
0.2385 111.795 122.241 -0.347681
0.2395 111.795 122.241 -0.346347
0.2405 111.795 122.241 -0.345014
0.2415 111.795 122.241 -0.343681
0.2425 111.795 122.241 -0.342348
0.2435 111.795 122.241 -0.341014
0.2445 111.795 122.241 -0.339681
0.2455 111.795 122.241 -0.338348
0.2465 111.795 122.241 -0.337014
0.2475 111.795 122.241 -0.335681
0.2485 111.795 122.241 -0.334348
0.2495 111.795 122.241 -0.333014
0.2505 111.795 122.241 -0.331681
0.2515 111.795 122.241 -0.330348
0.2525 111.795 122.241 -0.329015
0.2535 111.795 122.241 -0.327681
0.2545 111.795 122.241 -0.326348
0.2555 111.795 122.241 -0.325015
0.2565 111.795 122.241 -0.323681
0.2575 111.795 122.241 -0.322348
0.2585 111.795 122.241 -0.321015
0.2595 111.795 122.241 -0.319681
0.2605 111.795 122.241 -0.318348
0.2615 111.795 122.241 -0.317015
0.2625 111.795 122.241 -0.315682
0.2635 111.795 122.241 -0.314348
0.2645 111.795 122.241 -0.313015
0.2655 111.795 122.241 -0.311682
0.2665 111.795 122.241 -0.310348
0.2675 111.795 122.241 -0.309015
0.2685 111.796 122.241 -0.307682
0.2695 111.796 122.241 -0.306349
0.2705 111.796 122.241 -0.305015
0.2715 111.796 122.241 -0.303682
0.2725 111.796 122.241 -0.302349
0.2735 111.796 122.241 -0.301015
0.2745 111.796 122.241 -0.299682
0.2755 111.796 122.241 -0.298349
0.2765 111.796 122.241 -0.297016
0.2775 111.796 122.241 -0.295682
0.2785 111.796 122.241 -0.294349
0.2795 111.796 122.241 -0.293016
0.2805 111.796 122.241 -0.291682
0.2815 111.796 122.241 -0.290349
0.2825 111.795 122.241 -0.289016
0.2835 111.795 122.241 -0.287682
0.2845 111.795 122.241 -0.286349
0.2855 111.795 122.241 -0.285016
0.2865 111.795 122.241 -0.283682
0.2875 111.795 122.241 -0.282349
0.2885 111.795 122.241 -0.281016
0.2895 111.795 122.241 -0.279682
0.2905 111.794 122.241 -0.278349
0.2915 111.794 122.241 -0.277016
0.2925 111.794 122.241 -0.275683
0.2935 111.794 122.241 -0.274349
0.2945 111.794 122.241 -0.273016
0.2955 111.794 122.241 -0.271683
0.2965 111.794 122.241 -0.270349
0.2975 111.794 122.241 -0.269016
0.2985 111.794 122.241 -0.267683
0.2995 111.794 122.241 -0.26635
0.3005 111.794 122.241 -0.265016
0.3015 111.794 122.241 -0.263683
0.3025 111.794 122.241 -0.26235
0.3035 111.795 122.241 -0.261016
0.3045 111.795 122.241 -0.259683
0.3055 111.795 122.241 -0.25835
0.3065 111.795 122.241 -0.257016
0.3075 111.795 122.241 -0.255683
0.3085 111.795 122.241 -0.25435
0.3095 111.795 122.241 -0.253017
0.3105 111.795 122.241 -0.251683
0.3115 111.795 122.241 -0.25035
0.3125 111.795 122.241 -0.249017
0.3135 111.795 122.241 -0.247683
0.3145 111.795 122.241 -0.24635
0.3155 111.795 122.241 -0.245017
0.3165 111.795 122.241 -0.243683
0.3175 111.795 122.241 -0.24235
0.3185 111.795 122.241 -0.241017
0.3195 111.795 122.241 -0.239683
0.3205 111.795 122.241 -0.23835
0.3215 111.795 122.241 -0.237017
0.3225 111.795 122.241 -0.235683
0.3235 111.795 122.241 -0.23435
0.3245 111.795 122.241 -0.233017
0.3255 111.795 122.241 -0.231683
0.3265 111.795 122.241 -0.23035
0.3275 111.795 122.241 -0.229017
0.3285 111.795 122.241 -0.227684
0.3295 111.795 122.241 -0.22635
0.3305 111.795 122.241 -0.225017
0.3315 111.795 122.241 -0.223684
0.3325 111.795 122.241 -0.22235
0.3335 111.795 122.241 -0.221017
0.3345 111.795 122.241 -0.219684
0.3355 111.795 122.241 -0.218351
0.3365 111.795 122.241 -0.217017
0.3375 111.795 122.241 -0.215684
0.3385 111.795 122.241 -0.214351
0.3395 111.795 122.241 -0.213017
0.3405 111.795 122.241 -0.211684
0.3415 111.796 122.241 -0.210351
0.3425 111.796 122.241 -0.209017
0.3435 111.796 122.241 -0.207684
0.3445 111.796 122.241 -0.206351
0.3455 111.796 122.241 -0.205018
0.3465 111.796 122.241 -0.203684
0.3475 111.796 122.241 -0.202351
0.3485 111.796 122.241 -0.201018
0.3495 111.796 122.241 -0.199684
0.3505 111.796 122.241 -0.198351
0.3515 111.796 122.241 -0.197018
0.3525 111.796 122.241 -0.195684
0.3535 111.796 122.241 -0.194351
0.3545 111.796 122.241 -0.193018
0.3555 111.796 122.241 -0.191684
0.3565 111.795 122.241 -0.190351
0.3575 111.795 122.241 -0.189018
0.3585 111.795 122.241 -0.187684
0.3595 111.795 122.241 -0.186351
0.3605 111.794 122.241 -0.185018
0.3615 111.794 122.241 -0.183684
0.3625 111.794 122.241 -0.182351
0.3635 111.794 122.241 -0.181018
0.3645 111.794 122.241 -0.179685
0.3655 111.794 122.241 -0.178351
0.3665 111.794 122.241 -0.177018
0.3675 111.794 122.241 -0.175685
0.3685 111.794 122.241 -0.174352
0.3695 111.794 122.241 -0.173018
0.3705 111.794 122.241 -0.171685
0.3715 111.794 122.241 -0.170352
0.3725 111.794 122.241 -0.169018
0.3735 111.794 122.241 -0.167685
0.3745 111.794 122.241 -0.166352
0.3755 111.794 122.241 -0.165018
0.3765 111.795 122.241 -0.163685
0.3775 111.795 122.241 -0.162352
0.3785 111.795 122.241 -0.161018
0.3795 111.795 122.241 -0.159685
0.3805 111.795 122.241 -0.158352
0.3815 111.795 122.241 -0.157019
0.3825 111.795 122.241 -0.155685
0.3835 111.795 122.241 -0.154352
0.3845 111.795 122.241 -0.153019
0.3855 111.795 122.241 -0.151685
0.3865 111.795 122.241 -0.150352
0.3875 111.795 122.241 -0.149018
0.3885 111.795 122.241 -0.147685
0.3895 111.795 122.241 -0.146352
0.3905 111.795 122.241 -0.145018
0.3915 111.795 122.241 -0.143685
0.3925 111.795 122.241 -0.142352
0.3935 111.795 122.241 -0.141019
0.3945 111.795 122.241 -0.139685
0.3955 111.795 122.241 -0.138352
0.3965 111.795 122.241 -0.137019
0.3975 111.795 122.241 -0.135685
0.3985 111.795 122.241 -0.134352
0.3995 111.795 122.241 -0.133019
0.4005 111.795 122.241 -0.131686
0.4015 111.796 122.241 -0.130352
0.4025 111.796 122.241 -0.129019
0.4035 111.796 122.241 -0.127686
0.4045 111.796 122.241 -0.126353
0.4055 111.796 122.241 -0.125019
0.4065 111.796 122.241 -0.123686
0.4075 111.796 122.241 -0.122353
0.4085 111.797 122.241 -0.121019
0.4095 111.797 122.241 -0.119686
0.4105 111.797 122.241 -0.118353
0.4115 111.798 122.241 -0.117019
0.4125 111.798 122.241 -0.115686
0.4135 111.799 122.241 -0.114353
0.4145 111.799 122.241 -0.11302
0.4155 111.8 122.241 -0.111686
0.4165 111.801 122.241 -0.110353
0.4175 111.802 122.241 -0.10902
0.4185 111.803 122.241 -0.107686
0.4195 111.805 122.241 -0.106353
0.4205 111.806 122.241 -0.10502
0.4215 111.808 122.241 -0.103686
0.4225 111.81 122.241 -0.102353
0.4235 111.812 122.241 -0.10102
0.4245 111.814 122.241 -0.0996865
0.4255 111.817 122.241 -0.0983532
0.4265 111.82 122.241 -0.0970199
0.4275 111.823 122.241 -0.0956867
0.4285 111.826 122.241 -0.0943536
0.4295 111.83 122.241 -0.0930204
0.4305 111.834 122.241 -0.0916873
0.4315 111.838 122.241 -0.0903542
0.4325 111.843 122.241 -0.0890211
0.4335 111.849 122.241 -0.0876881
0.4345 111.856 122.241 -0.086355
0.4355 111.864 122.241 -0.085022
0.4365 111.873 122.241 -0.0836889
0.4375 111.883 122.241 -0.0823559
0.4385 111.895 122.241 -0.0810229
0.4395 111.908 122.241 -0.07969
0.4405 111.923 122.241 -0.0783571
0.4415 111.94 122.241 -0.0770242
0.4425 111.958 122.241 -0.0756914
0.4435 111.978 122.241 -0.0743587
0.4445 112 122.241 -0.073026
0.4455 112.025 122.241 -0.0716934
0.4465 112.053 122.241 -0.0703609
0.4475 112.084 122.241 -0.0690285
0.4485 112.118 122.241 -0.0676961
0.4495 112.155 122.241 -0.066364
0.4505 112.197 122.241 -0.0650319
0.4515 112.244 122.241 -0.0637
0.4525 112.295 122.241 -0.0623682
0.4535 112.351 122.241 -0.0610366
0.4545 112.413 122.241 -0.0597052
0.4555 112.482 122.241 -0.058374
0.4565 112.557 122.241 -0.0570431
0.4575 112.641 122.241 -0.0557123
0.4585 112.732 122.241 -0.0543819
0.4595 112.833 122.241 -0.0530518
0.4605 112.944 122.241 -0.051722
0.4615 113.066 122.241 -0.0503927
0.4625 113.2 122.241 -0.0490639
0.4635 113.348 122.241 -0.0477356
0.4645 113.509 122.241 -0.0464078
0.4655 113.687 122.241 -0.0450805
0.4665 113.883 122.241 -0.0437539
0.4675 114.098 122.241 -0.0424278
0.4685 114.333 122.241 -0.0411025
0.4695 114.589 122.241 -0.039778
0.4705 114.868 122.241 -0.0384542
0.4715 115.168 122.241 -0.0371314
0.4725 115.508 122.241 -0.0358096
0.4735 115.843 122.241 -0.034489
0.4745 116.218 122.241 -0.0331698
0.4755 116.601 122.241 -0.0318522
0.4765 117.029 122.241 -0.0305365
0.4775 117.576 122.241 -0.0292226
0.4785 118.211 122.241 -0.0279105
0.4795 118.903 122.241 -0.0266004
0.4805 119.646 122.241 -0.0252925
0.4815 120.443 122.241 -0.0239871
0.4825 121.3 122.241 -0.0226845
0.4835 122.239 122.241 -0.0213851
0.4845 123.275 122.241 -0.0200891
0.4855 124.406 122.241 -0.0187969
0.4865 125.625 122.241 -0.0175089
0.4875 126.921 122.241 -0.0162255
0.4885 128.271 122.241 -0.0149471
0.4895 129.642 122.241 -0.013674
0.4905 130.986 122.241 -0.0124067
0.4915 132.233 122.241 -0.0111454
0.4925 133.289 122.241 -0.00989023
0.4935 134.028 122.241 -0.00864113
0.4945 134.316 122.241 -0.00739789
0.4955 133.982 122.241 -0.00616011
0.4965 132.886 122.241 -0.00492763
0.4975 131.017 122.241 -0.00370057
0.4985 128.101 120.655 -0.00247617
0.4995 123.445 118.822 -0.00125634
0.5005 120.873 118.202 -9.76379e-05
0.5015 121.565 116.136 0.00103152
0.5025 122.241 108.527 0.00214943
0.5035 122.241 97.2294 0.00325344
0.5045 122.241 82.7927 0.00433792
0.5055 122.241 65.0555 0.00540214
0.5065 122.241 45.0466 0.00644629
0.5075 122.241 26.6908 0.007473
0.5085 122.241 14.0168 0.00848683
0.5095 122.241 7.04865 0.00949353
0.5105 122.241 3.46501 0.0104968
0.5115 122.241 1.66397 0.0114984
0.5125 122.241 0.801301 0.0124992
0.5135 122.241 0.386034 0.0134996
0.5145 122.241 0.18541 0.0144998
0.5155 122.241 0.0889651 0.0154999
0.5165 122.241 0.0425734 0.0165
0.5175 122.241 0.0203388 0.0175
0.5185 122.241 0.00969995 0.0185
0.5195 122.241 0.0046123 0.0195
0.5205 122.241 0.00218856 0.0205
0.5215 122.241 0.00104125 0.0215
0.5225 122.241 0.000496061 0.0225
0.5235 122.241 0.000236525 0.0235
0.5245 122.241 0.000112729 0.0245
0.5255 122.241 5.35481e-05 0.0255
0.5265 122.241 2.53432e-05 0.0265
0.5275 122.241 1.19473e-05 0.0275
0.5285 122.241 5.6149e-06 0.0285
0.5295 122.241 2.63893e-06 0.0295
0.5305 122.241 1.24322e-06 0.0305
0.5315 122.241 5.86991e-07 0.0315
0.5325 122.241 2.77212e-07 0.0325
0.5335 122.241 1.3076e-07 0.0335
0.5345 122.241 6.16643e-08 0.0345
0.5355 122.241 2.91079e-08 0.0355
0.5365 122.241 1.37493e-08 0.0365
0.5375 122.241 6.49923e-09 0.0375
0.5385 122.241 3.07338e-09 0.0385
0.5395 122.241 1.45312e-09 0.0395
0.5405 122.241 6.87553e-10 0.0405
0.5415 122.241 3.26241e-10 0.0415
0.5425 122.241 1.55302e-10 0.0425
0.5435 122.241 7.40906e-11 0.0435
0.5445 122.241 3.55849e-11 0.0445
0.5455 122.241 1.70664e-11 0.0455
0.5465 122.241 8.08376e-12 0.0465
0.5475 122.241 3.71652e-12 0.0475
0.5485 122.241 1.61807e-12 0.0485
0.5495 122.241 9.08886e-13 0.0495
0.5505 122.241 7.01028e-13 0.0505
0.5515 122.241 6.00383e-13 0.0515
0.5525 122.241 5.59001e-13 0.0525
0.5535 122.241 3.83562e-13 0.0535
0.5545 122.241 3.83556e-13 0.0545
0.5555 122.241 3.83543e-13 0.0555
0.5565 122.241 3.8352e-13 0.0565
0.5575 122.241 3.83449e-13 0.0575
0.5585 122.241 3.83339e-13 0.0585
0.5595 122.241 3.8309e-13 0.0595
0.5605 122.241 3.82391e-13 0.0605
0.5615 122.241 3.18019e-13 0.0615
0.5625 122.241 2.93474e-13 0.0625
0.5635 122.241 2.52026e-13 0.0635
0.5645 122.241 7.64696e-14 0.0645
0.5655 122.241 7.6134e-14 0.0655
0.5665 122.241 4.38591e-14 0.0665
0.5675 122.241 0 0.0675
0.5685 122.241 0 0.0685
0.5695 122.241 0 0.0695
0.5705 122.241 0 0.0705
0.5715 122.241 0 0.0715
0.5725 122.241 0 0.0725
0.5735 122.241 0 0.0735
0.5745 122.241 0 0.0745
0.5755 122.241 0 0.0755
0.5765 122.241 0 0.0765
0.5775 122.241 0 0.0775
0.5785 122.241 0 0.0785
0.5795 122.241 0 0.0795
0.5805 122.241 0 0.0805
0.5815 122.241 0 0.0815
0.5825 122.241 0 0.0825
0.5835 122.241 0 0.0835
0.5845 122.241 0 0.0845
0.5855 122.241 0 0.0855
0.5865 122.241 0 0.0865
0.5875 122.241 0 0.0875
0.5885 122.241 0 0.0885
0.5895 122.241 0 0.0895
0.5905 122.241 0 0.0905
0.5915 122.241 0 0.0915
0.5925 122.241 0 0.0925
0.5935 122.241 0 0.0935
0.5945 122.241 0 0.0945
0.5955 122.241 0 0.0955
0.5965 122.241 0 0.0965
0.5975 122.241 0 0.0975
0.5985 122.241 0 0.0985
0.5995 122.241 0 0.0995
0.6005 122.241 0 0.1005
0.6015 122.241 0 0.1015
0.6025 122.241 0 0.1025
0.6035 122.241 0 0.1035
0.6045 122.241 0 0.1045
0.6055 122.241 0 0.1055
0.6065 122.241 0 0.1065
0.6075 122.241 0 0.1075
0.6085 122.241 0 0.1085
0.6095 122.241 0 0.1095
0.6105 122.241 0 0.1105
0.6115 122.241 0 0.1115
0.6125 122.241 0 0.1125
0.6135 122.241 0 0.1135
0.6145 122.241 0 0.1145
0.6155 122.241 0 0.1155
0.6165 122.241 0 0.1165
0.6175 122.241 0 0.1175
0.6185 122.241 0 0.1185
0.6195 122.241 0 0.1195
0.6205 122.241 0 0.1205
0.6215 122.241 0 0.1215
0.6225 122.241 0 0.1225
0.6235 122.241 0 0.1235
0.6245 122.241 0 0.1245
0.6255 122.241 0 0.1255
0.6265 122.241 0 0.1265
0.6275 122.241 0 0.1275
0.6285 122.241 0 0.1285
0.6295 122.241 0 0.1295
0.6305 122.241 0 0.1305
0.6315 122.241 0 0.1315
0.6325 122.241 0 0.1325
0.6335 122.241 0 0.1335
0.6345 122.241 0 0.1345
0.6355 122.241 0 0.1355
0.6365 122.241 0 0.1365
0.6375 122.241 0 0.1375
0.6385 122.241 0 0.1385
0.6395 122.241 0 0.1395
0.6405 122.241 0 0.1405
0.6415 122.241 0 0.1415
0.6425 122.241 0 0.1425
0.6435 122.241 0 0.1435
0.6445 122.241 0 0.1445
0.6455 122.241 0 0.1455
0.6465 122.241 0 0.1465
0.6475 122.241 0 0.1475
0.6485 122.241 0 0.1485
0.6495 122.241 0 0.1495
0.6505 122.241 0 0.1505
0.6515 122.241 0 0.1515
0.6525 122.241 0 0.1525
0.6535 122.241 0 0.1535
0.6545 122.241 0 0.1545
0.6555 122.241 0 0.1555
0.6565 122.241 0 0.1565
0.6575 122.241 0 0.1575
0.6585 122.241 0 0.1585
0.6595 122.241 0 0.1595
0.6605 122.241 0 0.1605
0.6615 122.241 0 0.1615
0.6625 122.241 0 0.1625
0.6635 122.241 0 0.1635
0.6645 122.241 0 0.1645
0.6655 122.241 0 0.1655
0.6665 122.241 0 0.1665
0.6675 122.241 0 0.1675
0.6685 122.241 0 0.1685
0.6695 122.241 0 0.1695
0.6705 122.241 0 0.1705
0.6715 122.241 0 0.1715
0.6725 122.241 0 0.1725
0.6735 122.241 0 0.1735
0.6745 122.241 0 0.1745
0.6755 122.241 0 0.1755
0.6765 122.241 0 0.1765
0.6775 122.241 0 0.1775
0.6785 122.241 0 0.1785
0.6795 122.241 0 0.1795
0.6805 122.241 0 0.1805
0.6815 122.241 0 0.1815
0.6825 122.241 0 0.1825
0.6835 122.241 0 0.1835
0.6845 122.241 0 0.1845
0.6855 122.241 0 0.1855
0.6865 122.241 0 0.1865
0.6875 122.241 0 0.1875
0.6885 122.241 0 0.1885
0.6895 122.241 0 0.1895
0.6905 122.241 0 0.1905
0.6915 122.241 0 0.1915
0.6925 122.241 0 0.1925
0.6935 122.241 0 0.1935
0.6945 122.241 0 0.1945
0.6955 122.241 0 0.1955
0.6965 122.241 0 0.1965
0.6975 122.241 0 0.1975
0.6985 122.241 0 0.1985
0.6995 122.241 0 0.1995
0.7005 122.241 0 0.2005
0.7015 122.241 0 0.2015
0.7025 122.241 0 0.2025
0.7035 122.241 0 0.2035
0.7045 122.241 0 0.2045
0.7055 122.241 0 0.2055
0.7065 122.241 0 0.2065
0.7075 122.241 0 0.2075
0.7085 122.241 0 0.2085
0.7095 122.241 0 0.2095
0.7105 122.241 0 0.2105
0.7115 122.241 0 0.2115
0.7125 122.241 0 0.2125
0.7135 122.241 0 0.2135
0.7145 122.241 0 0.2145
0.7155 122.241 0 0.2155
0.7165 122.241 0 0.2165
0.7175 122.241 0 0.2175
0.7185 122.241 0 0.2185
0.7195 122.241 0 0.2195
0.7205 122.241 0 0.2205
0.7215 122.241 0 0.2215
0.7225 122.241 0 0.2225
0.7235 122.241 0 0.2235
0.7245 122.241 0 0.2245
0.7255 122.241 0 0.2255
0.7265 122.241 0 0.2265
0.7275 122.241 0 0.2275
0.7285 122.241 0 0.2285
0.7295 122.241 0 0.2295
0.7305 122.241 0 0.2305
0.7315 122.241 0 0.2315
0.7325 122.241 0 0.2325
0.7335 122.241 0 0.2335
0.7345 122.241 0 0.2345
0.7355 122.241 0 0.2355
0.7365 122.241 0 0.2365
0.7375 122.241 0 0.2375
0.7385 122.241 0 0.2385
0.7395 122.241 0 0.2395
0.7405 122.241 0 0.2405
0.7415 122.241 0 0.2415
0.7425 122.241 0 0.2425
0.7435 122.241 0 0.2435
0.7445 122.241 0 0.2445
0.7455 122.241 0 0.2455
0.7465 122.241 0 0.2465
0.7475 122.241 0 0.2475
0.7485 122.241 0 0.2485
0.7495 122.241 0 0.2495
0.7505 122.241 0 0.2505
0.7515 122.241 0 0.2515
0.7525 122.241 0 0.2525
0.7535 122.241 0 0.2535
0.7545 122.241 0 0.2545
0.7555 122.241 0 0.2555
0.7565 122.241 0 0.2565
0.7575 122.241 0 0.2575
0.7585 122.241 0 0.2585
0.7595 122.241 0 0.2595
0.7605 122.241 0 0.2605
0.7615 122.241 0 0.2615
0.7625 122.241 0 0.2625
0.7635 122.241 0 0.2635
0.7645 122.241 0 0.2645
0.7655 122.241 0 0.2655
0.7665 122.241 0 0.2665
0.7675 122.241 0 0.2675
0.7685 122.241 0 0.2685
0.7695 122.241 0 0.2695
0.7705 122.241 0 0.2705
0.7715 122.241 0 0.2715
0.7725 122.241 0 0.2725
0.7735 122.241 0 0.2735
0.7745 122.241 0 0.2745
0.7755 122.241 0 0.2755
0.7765 122.241 0 0.2765
0.7775 122.241 0 0.2775
0.7785 122.241 0 0.2785
0.7795 122.241 0 0.2795
0.7805 122.241 0 0.2805
0.7815 122.241 0 0.2815
0.7825 122.241 0 0.2825
0.7835 122.241 0 0.2835
0.7845 122.241 0 0.2845
0.7855 122.241 0 0.2855
0.7865 122.241 0 0.2865
0.7875 122.241 0 0.2875
0.7885 122.241 0 0.2885
0.7895 122.241 0 0.2895
0.7905 122.241 0 0.2905
0.7915 122.241 0 0.2915
0.7925 122.241 0 0.2925
0.7935 122.241 0 0.2935
0.7945 122.241 0 0.2945
0.7955 122.241 0 0.2955
0.7965 122.241 0 0.2965
0.7975 122.241 0 0.2975
0.7985 122.241 0 0.2985
0.7995 122.241 0 0.2995
0.8005 122.241 0 0.3005
0.8015 122.241 0 0.3015
0.8025 122.241 0 0.3025
0.8035 122.241 0 0.3035
0.8045 122.241 0 0.3045
0.8055 122.241 0 0.3055
0.8065 122.241 0 0.3065
0.8075 122.241 0 0.3075
0.8085 122.241 0 0.3085
0.8095 122.241 0 0.3095
0.8105 122.241 0 0.3105
0.8115 122.241 0 0.3115
0.8125 122.241 0 0.3125
0.8135 122.241 0 0.3135
0.8145 122.241 0 0.3145
0.8155 122.241 0 0.3155
0.8165 122.241 0 0.3165
0.8175 122.241 0 0.3175
0.8185 122.241 0 0.3185
0.8195 122.241 0 0.3195
0.8205 122.241 0 0.3205
0.8215 122.241 0 0.3215
0.8225 122.241 0 0.3225
0.8235 122.241 0 0.3235
0.8245 122.241 0 0.3245
0.8255 122.241 0 0.3255
0.8265 122.241 0 0.3265
0.8275 122.241 0 0.3275
0.8285 122.241 0 0.3285
0.8295 122.241 0 0.3295
0.8305 122.241 0 0.3305
0.8315 122.241 0 0.3315
0.8325 122.241 0 0.3325
0.8335 122.241 0 0.3335
0.8345 122.241 0 0.3345
0.8355 122.241 0 0.3355
0.8365 122.241 0 0.3365
0.8375 122.241 0 0.3375
0.8385 122.241 0 0.3385
0.8395 122.241 0 0.3395
0.8405 122.241 0 0.3405
0.8415 122.241 0 0.3415
0.8425 122.241 0 0.3425
0.8435 122.241 0 0.3435
0.8445 122.241 0 0.3445
0.8455 122.241 0 0.3455
0.8465 122.241 0 0.3465
0.8475 122.241 0 0.3475
0.8485 122.241 0 0.3485
0.8495 122.241 0 0.3495
0.8505 122.241 0 0.3505
0.8515 122.241 0 0.3515
0.8525 122.241 0 0.3525
0.8535 122.241 0 0.3535
0.8545 122.241 0 0.3545
0.8555 122.241 0 0.3555
0.8565 122.241 0 0.3565
0.8575 122.241 0 0.3575
0.8585 122.241 0 0.3585
0.8595 122.241 0 0.3595
0.8605 122.241 0 0.3605
0.8615 122.241 0 0.3615
0.8625 122.241 0 0.3625
0.8635 122.241 0 0.3635
0.8645 122.241 0 0.3645
0.8655 122.241 0 0.3655
0.8665 122.241 0 0.3665
0.8675 122.241 0 0.3675
0.8685 122.241 0 0.3685
0.8695 122.241 0 0.3695
0.8705 122.241 0 0.3705
0.8715 122.241 0 0.3715
0.8725 122.241 0 0.3725
0.8735 122.241 0 0.3735
0.8745 122.241 0 0.3745
0.8755 122.241 0 0.3755
0.8765 122.241 0 0.3765
0.8775 122.241 0 0.3775
0.8785 122.241 0 0.3785
0.8795 122.241 0 0.3795
0.8805 122.241 0 0.3805
0.8815 122.241 0 0.3815
0.8825 122.241 0 0.3825
0.8835 122.241 0 0.3835
0.8845 122.241 0 0.3845
0.8855 122.241 0 0.3855
0.8865 122.241 0 0.3865
0.8875 122.241 0 0.3875
0.8885 122.241 0 0.3885
0.8895 122.241 0 0.3895
0.8905 122.241 0 0.3905
0.8915 122.241 0 0.3915
0.8925 122.241 0 0.3925
0.8935 122.241 0 0.3935
0.8945 122.241 0 0.3945
0.8955 122.241 0 0.3955
0.8965 122.241 0 0.3965
0.8975 122.241 0 0.3975
0.8985 122.241 0 0.3985
0.8995 122.241 0 0.3995
0.9005 122.241 0 0.4005
0.9015 122.241 0 0.4015
0.9025 122.241 0 0.4025
0.9035 122.241 0 0.4035
0.9045 122.241 0 0.4045
0.9055 122.241 0 0.4055
0.9065 122.241 0 0.4065
0.9075 122.241 0 0.4075
0.9085 122.241 0 0.4085
0.9095 122.241 0 0.4095
0.9105 122.241 0 0.4105
0.9115 122.241 0 0.4115
0.9125 122.241 0 0.4125
0.9135 122.241 0 0.4135
0.9145 122.241 0 0.4145
0.9155 122.241 0 0.4155
0.9165 122.241 0 0.4165
0.9175 122.241 0 0.4175
0.9185 122.241 0 0.4185
0.9195 122.241 0 0.4195
0.9205 122.241 0 0.4205
0.9215 122.241 0 0.4215
0.9225 122.241 0 0.4225
0.9235 122.241 0 0.4235
0.9245 122.241 0 0.4245
0.9255 122.241 0 0.4255
0.9265 122.241 0 0.4265
0.9275 122.241 0 0.4275
0.9285 122.241 0 0.4285
0.9295 122.241 0 0.4295
0.9305 122.241 0 0.4305
0.9315 122.241 0 0.4315
0.9325 122.241 0 0.4325
0.9335 122.241 0 0.4335
0.9345 122.241 0 0.4345
0.9355 122.241 0 0.4355
0.9365 122.241 0 0.4365
0.9375 122.241 0 0.4375
0.9385 122.241 0 0.4385
0.9395 122.241 0 0.4395
0.9405 122.241 0 0.4405
0.9415 122.241 0 0.4415
0.9425 122.241 0 0.4425
0.9435 122.241 0 0.4435
0.9445 122.241 0 0.4445
0.9455 122.241 0 0.4455
0.9465 122.241 0 0.4465
0.9475 122.241 0 0.4475
0.9485 122.241 0 0.4485
0.9495 122.241 0 0.4495
0.9505 122.241 0 0.4505
0.9515 122.241 0 0.4515
0.9525 122.241 0 0.4525
0.9535 122.241 0 0.4535
0.9545 122.241 0 0.4545
0.9555 122.241 0 0.4555
0.9565 122.241 0 0.4565
0.9575 122.241 0 0.4575
0.9585 122.241 0 0.4585
0.9595 122.241 0 0.4595
0.9605 122.241 0 0.4605
0.9615 122.241 0 0.4615
0.9625 122.241 0 0.4625
0.9635 122.241 0 0.4635
0.9645 122.241 0 0.4645
0.9655 122.241 0 0.4655
0.9665 122.241 0 0.4665
0.9675 122.241 0 0.4675
0.9685 122.241 0 0.4685
0.9695 122.241 0 0.4695
0.9705 122.241 0 0.4705
0.9715 122.241 0 0.4715
0.9725 122.241 0 0.4725
0.9735 122.241 0 0.4735
0.9745 122.241 0 0.4745
0.9755 122.241 0 0.4755
0.9765 122.241 0 0.4765
0.9775 122.241 0 0.4775
0.9785 122.241 0 0.4785
0.9795 122.241 0 0.4795
0.9805 122.241 0 0.4805
0.9815 122.241 0 0.4815
0.9825 122.241 0 0.4825
0.9835 122.241 0 0.4835
0.9845 122.241 0 0.4845
0.9855 122.241 0 0.4855
0.9865 122.241 0 0.4865
0.9875 122.241 0 0.4875
0.9885 122.241 0 0.4885
0.9895 122.241 0 0.4895
0.9905 122.241 0 0.4905
0.9915 122.241 0 0.4915
0.9925 122.241 0 0.4925
0.9935 122.241 0 0.4935
0.9945 122.241 0 0.4945
0.9955 122.241 0 0.4955
0.9965 122.241 0 0.4965
0.9975 122.241 0 0.4975
0.9985 122.241 0 0.4985
0.9995 122.241 0 0.4995
