0.0005 111.795 159.718 -0.4995
0.0015 111.795 159.718 -0.4995
0.0025 111.795 159.718 -0.4995
0.0035 111.795 159.718 -0.4995
0.0045 111.795 159.718 -0.4995
0.0055 111.795 159.718 -0.4995
0.0065 111.795 159.718 -0.4995
0.0075 111.795 159.718 -0.4995
0.0085 111.795 159.718 -0.4995
0.0095 111.795 159.718 -0.4995
0.0105 111.795 159.718 -0.4995
0.0115 111.795 159.718 -0.4995
0.0125 111.795 159.718 -0.4995
0.0135 111.795 159.718 -0.4995
0.0145 111.795 159.718 -0.4995
0.0155 111.795 159.718 -0.4995
0.0165 111.795 159.718 -0.4995
0.0175 111.795 159.718 -0.4995
0.0185 111.795 159.718 -0.4995
0.0195 111.795 159.718 -0.4995
0.0205 111.795 159.718 -0.4995
0.0215 111.796 159.718 -0.4995
0.0225 111.796 159.718 -0.4995
0.0235 111.796 159.718 -0.4995
0.0245 111.796 159.718 -0.4995
0.0255 111.796 159.718 -0.4995
0.0265 111.796 159.718 -0.4995
0.0275 111.796 159.718 -0.4995
0.0285 111.795 159.718 -0.4995
0.0295 111.795 159.718 -0.4995
0.0305 111.795 159.718 -0.4995
0.0315 111.795 159.718 -0.4995
0.0325 111.795 159.718 -0.4995
0.0335 111.795 159.718 -0.4995
0.0345 111.795 159.718 -0.4995
0.0355 111.795 159.718 -0.4995
0.0365 111.795 159.718 -0.4995
0.0375 111.795 159.718 -0.4995
0.0385 111.795 159.718 -0.4995
0.0395 111.795 159.718 -0.4995
0.0405 111.795 159.718 -0.4995
0.0415 111.795 159.718 -0.4995
0.0425 111.795 159.718 -0.4995
0.0435 111.795 159.718 -0.4995
0.0445 111.795 159.718 -0.4995
0.0455 111.795 159.718 -0.4995
0.0465 111.795 159.718 -0.4995
0.0475 111.795 159.718 -0.4995
0.0485 111.795 159.718 -0.4995
0.0495 111.795 159.718 -0.4995
0.0505 111.795 159.718 -0.4995
0.0515 111.795 159.718 -0.4995
0.0525 111.795 159.718 -0.4995
0.0535 111.795 159.718 -0.4995
0.0545 111.795 159.718 -0.4995
0.0555 111.795 159.718 -0.4995
0.0565 111.795 159.718 -0.4995
0.0575 111.795 159.718 -0.4995
0.0585 111.795 159.718 -0.4995
0.0595 111.795 159.718 -0.4995
0.0605 111.795 159.718 -0.4995
0.0615 111.795 159.718 -0.4995
0.0625 111.795 159.718 -0.4995
0.0635 111.795 159.718 -0.4995
0.0645 111.795 159.718 -0.4995
0.0655 111.795 159.718 -0.4995
0.0665 111.795 159.718 -0.4995
0.0675 111.795 159.718 -0.4995
0.0685 111.795 159.718 -0.4995
0.0695 111.795 159.718 -0.4995
0.0705 111.795 159.718 -0.4995
0.0715 111.795 159.718 -0.4995
0.0725 111.795 159.718 -0.4995
0.0735 111.795 159.718 -0.4995
0.0745 111.795 159.718 -0.4995
0.0755 111.795 159.718 -0.4995
0.0765 111.795 159.718 -0.4995
0.0775 111.795 159.718 -0.4995
0.0785 111.795 159.718 -0.4995
0.0795 111.795 159.718 -0.4995
0.0805 111.795 159.718 -0.4995
0.0815 111.795 159.718 -0.4995
0.0825 111.795 159.718 -0.4995
0.0835 111.795 159.718 -0.4995
0.0845 111.795 159.718 -0.4995
0.0855 111.795 159.718 -0.4995
0.0865 111.795 159.718 -0.4995
0.0875 111.795 159.718 -0.4995
0.0885 111.795 159.718 -0.499499
0.0895 111.795 159.718 -0.499499
0.0905 111.795 159.718 -0.499498
0.0915 111.795 159.718 -0.499498
0.0925 111.795 159.718 -0.499497
0.0935 111.795 159.718 -0.499495
0.0945 111.795 159.718 -0.499493
0.0955 111.795 159.718 -0.49949
0.0965 111.795 159.718 -0.499486
0.0975 111.795 159.718 -0.499481
0.0985 111.795 159.718 -0.499475
0.0995 111.795 159.718 -0.499465
0.1005 111.795 159.718 -0.499454
0.1015 111.795 159.718 -0.499438
0.1025 111.795 159.718 -0.499419
0.1035 111.795 159.718 -0.499394
0.1045 111.795 159.718 -0.499363
0.1055 111.795 159.718 -0.499325
0.1065 111.795 159.718 -0.499277
0.1075 111.795 159.718 -0.499219
0.1085 111.795 159.718 -0.499148
0.1095 111.795 159.718 -0.499064
0.1105 111.795 159.718 -0.498963
0.1115 111.795 159.718 -0.498844
0.1125 111.795 159.718 -0.498704
0.1135 111.795 159.718 -0.498542
0.1145 111.795 159.718 -0.498355
0.1155 111.795 159.718 -0.498141
0.1165 111.795 159.718 -0.497898
0.1175 111.795 159.718 -0.497625
0.1185 111.795 159.718 -0.497318
0.1195 111.795 159.718 -0.496978
0.1205 111.795 159.718 -0.496602
0.1215 111.795 159.718 -0.496189
0.1225 111.795 159.718 -0.49574
0.1235 111.795 159.718 -0.495253
0.1245 111.795 159.718 -0.494728
0.1255 111.795 159.718 -0.494167
0.1265 111.795 159.718 -0.493568
0.1275 111.795 159.718 -0.492935
0.1285 111.795 159.718 -0.492266
0.1295 111.795 159.718 -0.491565
0.1305 111.795 159.718 -0.490833
0.1315 111.795 159.718 -0.490071
0.1325 111.795 159.718 -0.489281
0.1335 111.795 159.718 -0.488466
0.1345 111.795 159.718 -0.487627
0.1355 111.795 159.718 -0.486767
0.1365 111.795 159.718 -0.485888
0.1375 111.795 159.718 -0.484991
0.1385 111.795 159.718 -0.484079
0.1395 111.795 159.718 -0.483153
0.1405 111.795 159.718 -0.482215
0.1415 111.795 159.718 -0.481267
0.1425 111.795 159.718 -0.480309
0.1435 111.795 159.718 -0.479344
0.1445 111.795 159.718 -0.478372
0.1455 111.795 159.718 -0.477395
0.1465 111.795 159.718 -0.476412
0.1475 111.795 159.718 -0.475425
0.1485 111.795 159.718 -0.474434
0.1495 111.795 159.718 -0.47344
0.1505 111.795 159.718 -0.472443
0.1515 111.795 159.718 -0.471442
0.1525 111.795 159.718 -0.470439
0.1535 111.795 159.718 -0.469432
0.1545 111.795 159.718 -0.468422
0.1555 111.795 159.718 -0.467409
0.1565 111.795 159.718 -0.466392
0.1575 111.795 159.718 -0.46537
0.1585 111.795 159.718 -0.464343
0.1595 111.795 159.718 -0.463311
0.1605 111.795 159.718 -0.462273
0.1615 111.795 159.718 -0.461228
0.1625 111.795 159.718 -0.460175
0.1635 111.795 159.718 -0.459115
0.1645 111.795 159.718 -0.458045
0.1655 111.795 159.718 -0.456966
0.1665 111.795 159.718 -0.455877
0.1675 111.795 159.718 -0.454777
0.1685 111.795 159.718 -0.453666
0.1695 111.796 159.718 -0.452543
0.1705 111.796 159.718 -0.451408
0.1715 111.796 159.718 -0.450261
0.1725 111.796 159.718 -0.449102
0.1735 111.796 159.718 -0.44793
0.1745 111.796 159.718 -0.446746
0.1755 111.796 159.718 -0.44555
0.1765 111.796 159.718 -0.444342
0.1775 111.796 159.718 -0.443123
0.1785 111.795 159.718 -0.441892
0.1795 111.795 159.718 -0.440651
0.1805 111.795 159.718 -0.4394
0.1815 111.795 159.718 -0.43814
0.1825 111.795 159.718 -0.436871
0.1835 111.795 159.718 -0.435595
0.1845 111.795 159.718 -0.434311
0.1855 111.795 159.718 -0.43302
0.1865 111.795 159.718 -0.431724
0.1875 111.795 159.718 -0.430422
0.1885 111.795 159.718 -0.429116
0.1895 111.795 159.718 -0.427805
0.1905 111.795 159.718 -0.426491
0.1915 111.795 159.718 -0.425174
0.1925 111.795 159.718 -0.423854
0.1935 111.794 159.718 -0.422532
0.1945 111.794 159.718 -0.421208
0.1955 111.794 159.718 -0.419882
0.1965 111.794 159.718 -0.418555
0.1975 111.794 159.718 -0.417227
0.1985 111.794 159.718 -0.415898
0.1995 111.794 159.718 -0.414568
0.2005 111.794 159.718 -0.413237
0.2015 111.794 159.718 -0.411906
0.2025 111.795 159.718 -0.410574
0.2035 111.795 159.718 -0.409243
0.2045 111.795 159.718 -0.407911
0.2055 111.795 159.718 -0.406578
0.2065 111.795 159.718 -0.405246
0.2075 111.795 159.718 -0.403913
0.2085 111.795 159.718 -0.40258
0.2095 111.795 159.718 -0.401248
0.2105 111.795 159.718 -0.399915
0.2115 111.795 159.718 -0.398582
0.2125 111.795 159.718 -0.397249
0.2135 111.795 159.718 -0.395916
0.2145 111.795 159.718 -0.394583
0.2155 111.795 159.718 -0.39325
0.2165 111.795 159.718 -0.391916
0.2175 111.795 159.718 -0.390583
0.2185 111.795 159.718 -0.38925
0.2195 111.795 159.718 -0.387917
0.2205 111.795 159.718 -0.386584
0.2215 111.795 159.718 -0.385251
0.2225 111.795 159.718 -0.383918
0.2235 111.795 159.718 -0.382584
0.2245 111.795 159.718 -0.381251
0.2255 111.795 159.718 -0.379918
0.2265 111.795 159.718 -0.378585
0.2275 111.795 159.718 -0.377251
0.2285 111.795 159.718 -0.375918
0.2295 111.795 159.718 -0.374585
0.2305 111.795 159.718 -0.373252
0.2315 111.795 159.718 -0.371919
0.2325 111.795 159.718 -0.370585
0.2335 111.795 159.718 -0.369252
0.2345 111.795 159.718 -0.367919
0.2355 111.795 159.718 -0.366586
0.2365 111.795 159.718 -0.365252
0.2375 111.795 159.718 -0.363919
0.2385 111.795 159.718 -0.362586
0.2395 111.795 159.718 -0.361253
0.2405 111.796 159.718 -0.359919
0.2415 111.796 159.718 -0.358586
0.2425 111.796 159.718 -0.357253
0.2435 111.796 159.718 -0.35592
0.2445 111.796 159.718 -0.354586
0.2455 111.796 159.718 -0.353253
0.2465 111.796 159.718 -0.35192
0.2475 111.796 159.718 -0.350587
0.2485 111.796 159.718 -0.349253
0.2495 111.796 159.718 -0.34792
0.2505 111.796 159.718 -0.346587
0.2515 111.795 159.718 -0.345253
0.2525 111.795 159.718 -0.34392
0.2535 111.795 159.718 -0.342587
0.2545 111.795 159.718 -0.341254
0.2555 111.795 159.718 -0.33992
0.2565 111.795 159.718 -0.338587
0.2575 111.795 159.718 -0.337254
0.2585 111.795 159.718 -0.33592
0.2595 111.795 159.718 -0.334587
0.2605 111.795 159.718 -0.333254
0.2615 111.795 159.718 -0.33192
0.2625 111.795 159.718 -0.330587
0.2635 111.795 159.718 -0.329254
0.2645 111.795 159.718 -0.327921
0.2655 111.795 159.718 -0.326587
0.2665 111.795 159.718 -0.325254
0.2675 111.794 159.718 -0.323921
0.2685 111.794 159.718 -0.322587
0.2695 111.794 159.718 -0.321254
0.2705 111.794 159.718 -0.319921
0.2715 111.794 159.718 -0.318587
0.2725 111.794 159.718 -0.317254
0.2735 111.794 159.718 -0.315921
0.2745 111.794 159.718 -0.314588
0.2755 111.795 159.718 -0.313254
0.2765 111.795 159.718 -0.311921
0.2775 111.795 159.718 -0.310588
0.2785 111.795 159.718 -0.309254
0.2795 111.795 159.718 -0.307921
0.2805 111.795 159.718 -0.306588
0.2815 111.795 159.718 -0.305255
0.2825 111.795 159.718 -0.303921
0.2835 111.795 159.718 -0.302588
0.2845 111.795 159.718 -0.301255
0.2855 111.795 159.718 -0.299921
0.2865 111.795 159.718 -0.298588
0.2875 111.795 159.718 -0.297255
0.2885 111.795 159.718 -0.295922
0.2895 111.795 159.718 -0.294588
0.2905 111.795 159.718 -0.293255
0.2915 111.795 159.718 -0.291922
0.2925 111.795 159.718 -0.290588
0.2935 111.795 159.718 -0.289255
0.2945 111.795 159.718 -0.287922
0.2955 111.795 159.718 -0.286588
0.2965 111.795 159.718 -0.285255
0.2975 111.795 159.718 -0.283922
0.2985 111.795 159.718 -0.282588
0.2995 111.795 159.718 -0.281255
0.3005 111.795 159.718 -0.279922
0.3015 111.795 159.718 -0.278588
0.3025 111.795 159.718 -0.277255
0.3035 111.795 159.718 -0.275922
0.3045 111.795 159.718 -0.274589
0.3055 111.795 159.718 -0.273255
0.3065 111.795 159.718 -0.271922
0.3075 111.795 159.718 -0.270589
0.3085 111.795 159.718 -0.269255
0.3095 111.795 159.718 -0.267922
0.3105 111.795 159.718 -0.266589
0.3115 111.795 159.718 -0.265256
0.3125 111.795 159.718 -0.263922
0.3135 111.796 159.718 -0.262589
0.3145 111.796 159.718 -0.261256
0.3155 111.796 159.718 -0.259922
0.3165 111.796 159.718 -0.258589
0.3175 111.796 159.718 -0.257256
0.3185 111.796 159.718 -0.255922
0.3195 111.796 159.718 -0.254589
0.3205 111.796 159.718 -0.253256
0.3215 111.796 159.718 -0.251923
0.3225 111.796 159.718 -0.250589
0.3235 111.796 159.718 -0.249256
0.3245 111.796 159.718 -0.247923
0.3255 111.796 159.718 -0.246589
0.3265 111.796 159.718 -0.245256
0.3275 111.795 159.718 -0.243923
0.3285 111.795 159.718 -0.242589
0.3295 111.795 159.718 -0.241256
0.3305 111.795 159.718 -0.239923
0.3315 111.795 159.718 -0.238589
0.3325 111.795 159.718 -0.237256
0.3335 111.795 159.718 -0.235923
0.3345 111.794 159.718 -0.234589
0.3355 111.794 159.718 -0.233256
0.3365 111.794 159.718 -0.231923
0.3375 111.794 159.718 -0.230589
0.3385 111.794 159.718 -0.229256
0.3395 111.794 159.718 -0.227923
0.3405 111.794 159.718 -0.22659
0.3415 111.794 159.718 -0.225256
0.3425 111.794 159.718 -0.223923
0.3435 111.794 159.718 -0.22259
0.3445 111.794 159.718 -0.221256
0.3455 111.794 159.718 -0.219923
0.3465 111.794 159.718 -0.21859
0.3475 111.794 159.718 -0.217257
0.3485 111.794 159.718 -0.215923
0.3495 111.795 159.718 -0.21459
0.3505 111.795 159.718 -0.213257
0.3515 111.795 159.718 -0.211923
0.3525 111.795 159.718 -0.21059
0.3535 111.795 159.718 -0.209257
0.3545 111.795 159.718 -0.207923
0.3555 111.795 159.718 -0.20659
0.3565 111.795 159.718 -0.205257
0.3575 111.795 159.718 -0.203924
0.3585 111.795 159.718 -0.20259
0.3595 111.795 159.718 -0.201257
0.3605 111.795 159.718 -0.199924
0.3615 111.795 159.718 -0.19859
0.3625 111.795 159.718 -0.197257
0.3635 111.795 159.718 -0.195924
0.3645 111.795 159.718 -0.19459
0.3655 111.795 159.718 -0.193257
0.3665 111.795 159.718 -0.191924
0.3675 111.795 159.718 -0.19059
0.3685 111.795 159.718 -0.189257
0.3695 111.795 159.718 -0.187924
0.3705 111.795 159.718 -0.18659
0.3715 111.795 159.718 -0.185257
0.3725 111.796 159.718 -0.183924
0.3735 111.796 159.718 -0.18259
0.3745 111.796 159.718 -0.181257
0.3755 111.796 159.718 -0.179924
0.3765 111.796 159.718 -0.178591
0.3775 111.796 159.718 -0.177257
0.3785 111.797 159.718 -0.175924
0.3795 111.797 159.718 -0.174591
0.3805 111.797 159.718 -0.173258
0.3815 111.798 159.718 -0.171924
0.3825 111.798 159.718 -0.170591
0.3835 111.799 159.718 -0.169258
0.3845 111.799 159.718 -0.167924
0.3855 111.8 159.718 -0.166591
0.3865 111.8 159.718 -0.165258
0.3875 111.801 159.718 -0.163925
0.3885 111.802 159.718 -0.162591
0.3895 111.804 159.718 -0.161258
0.3905 111.805 159.718 -0.159925
0.3915 111.806 159.718 -0.158591
0.3925 111.808 159.718 -0.157258
0.3935 111.81 159.718 -0.155925
0.3945 111.812 159.718 -0.154592
0.3955 111.814 159.718 -0.153258
0.3965 111.817 159.718 -0.151925
0.3975 111.82 159.718 -0.150592
0.3985 111.823 159.718 -0.149259
0.3995 111.827 159.718 -0.147925
0.4005 111.831 159.718 -0.146592
0.4015 111.835 159.718 -0.145259
0.4025 111.84 159.718 -0.143926
0.4035 111.846 159.718 -0.142593
0.4045 111.852 159.718 -0.141259
0.4055 111.859 159.718 -0.139926
0.4065 111.867 159.718 -0.138593
0.4075 111.876 159.718 -0.13726
0.4085 111.886 159.718 -0.135927
0.4095 111.897 159.718 -0.134594
0.4105 111.91 159.718 -0.133261
0.4115 111.924 159.718 -0.131929
0.4125 111.94 159.718 -0.130596
0.4135 111.958 159.718 -0.129263
0.4145 111.978 159.718 -0.12793
0.4155 112 159.718 -0.126598
0.4165 112.025 159.718 -0.125265
0.4175 112.053 159.718 -0.123933
0.4185 112.084 159.718 -0.1226
0.4195 112.118 159.718 -0.121268
0.4205 112.155 159.718 -0.119936
0.4215 112.197 159.718 -0.118604
0.4225 112.243 159.718 -0.117272
0.4235 112.293 159.718 -0.11594
0.4245 112.349 159.718 -0.114608
0.4255 112.41 159.718 -0.113277
0.4265 112.478 159.718 -0.111946
0.4275 112.552 159.718 -0.110615
0.4285 112.633 159.718 -0.109284
0.4295 112.723 159.718 -0.107954
0.4305 112.821 159.718 -0.106624
0.4315 112.929 159.718 -0.105294
0.4325 113.048 159.718 -0.103965
0.4335 113.178 159.718 -0.102636
0.4345 113.321 159.718 -0.101307
0.4355 113.477 159.718 -0.0999793
0.4365 113.648 159.718 -0.0986519
0.4375 113.835 159.718 -0.0973251
0.4385 114.04 159.718 -0.0959989
0.4395 114.263 159.718 -0.0946735
0.4405 114.508 159.718 -0.0933489
0.4415 114.774 159.718 -0.0920251
0.4425 115.065 159.718 -0.0907022
0.4435 115.382 159.718 -0.0893804
0.4445 115.729 159.718 -0.0880597
0.4455 116.106 159.718 -0.0867401
0.4465 116.517 159.718 -0.0854219
0.4475 116.966 159.718 -0.0841051
0.4485 117.453 159.718 -0.0827898
0.4495 117.984 159.718 -0.0814762
0.4505 118.561 159.718 -0.0801645
0.4515 119.187 159.718 -0.0788547
0.4525 119.865 159.718 -0.0775471
0.4535 120.6 159.718 -0.0762418
0.4545 121.393 159.718 -0.0749391
0.4555 122.248 159.718 -0.073639
0.4565 123.166 159.718 -0.0723419
0.4575 124.151 159.718 -0.0710479
0.4585 125.203 159.718 -0.0697573
0.4595 126.323 159.718 -0.0684703
0.4605 127.512 159.718 -0.067187
0.4615 128.769 159.718 -0.0659078
0.4625 130.092 159.718 -0.0646328
0.4635 131.483 159.718 -0.0633622
0.4645 132.939 159.718 -0.0620962
0.4655 134.459 159.718 -0.060835
0.4665 136.044 159.718 -0.0595789
0.4675 137.693 159.718 -0.0583279
0.4685 139.407 159.718 -0.0570823
0.4695 141.181 159.718 -0.0558423
0.4705 143.024 159.718 -0.054608
0.4715 144.916 159.718 -0.0533797
0.4725 146.873 159.718 -0.0521575
0.4735 148.812 159.718 -0.0509415
0.4745 150.576 159.718 -0.0497312
0.4755 152.102 159.718 -0.0485259
0.4765 153.39 159.718 -0.0473247
0.4775 154.468 159.718 -0.0461267
0.4785 155.366 159.718 -0.0449313
0.4795 156.039 159.718 -0.0437375
0.4805 156.604 159.718 -0.0425449
0.4815 157.093 159.718 -0.0413531
0.4825 157.542 159.779 -0.0401621
0.4835 157.994 159.957 -0.038972
0.4845 158.493 160.2 -0.0377832
0.4855 158.991 160.337 -0.036596
0.4865 159.45 160.354 -0.0354105
0.4875 159.826 160.338 -0.0342267
0.4885 160.094 160.321 -0.0330442
0.4895 160.228 160.3 -0.0318622
0.4905 160.229 160.282 -0.0306804
0.4915 160.182 160.263 -0.0294985
0.4925 160.126 160.25 -0.0283168
0.4935 160.075 160.238 -0.0271358
0.4945 160.033 160.221 -0.0259558
0.4955 159.996 160.206 -0.0247774
0.4965 159.962 160.195 -0.0236007
0.4975 159.93 160.187 -0.0224257
0.4985 159.9 160.183 -0.0212524
0.4995 159.873 160.177 -0.0200801
0.5005 159.849 160.165 -0.0189082
0.5015 159.828 160.156 -0.0177362
0.5025 159.81 160.15 -0.0165635
0.5035 159.794 160.148 -0.0153897
0.5045 159.779 160.147 -0.0142147
0.5055 159.765 160.146 -0.0130385
0.5065 159.753 160.143 -0.0118612
0.5075 159.742 160.139 -0.0106827
0.5085 159.733 160.139 -0.00950314
0.5095 159.726 160.141 -0.00832249
0.5105 159.72 160.143 -0.00714101
0.5115 159.718 160.149 -0.00595929
0.5125 159.719 160.16 -0.0047785
0.5135 159.724 160.17 -0.00360041
0.5145 159.729 160.178 -0.00242717
0.5155 159.732 160.191 -0.0012607
0.5165 159.729 160.208 -0.00010166
0.5175 159.721 160.225 0.0010561
0.5185 159.718 160.244 0.00221436
0.5195 159.718 160.268 0.00337266
0.5205 159.718 160.292 0.00453044
0.5215 159.718 160.316 0.00568732
0.5225 159.718 160.346 0.00684315
0.5235 159.718 160.381 0.00799804
0.5245 159.718 160.415 0.00915216
0.5255 159.718 160.446 0.0103057
0.5265 159.718 160.48 0.0114589
0.5275 159.718 160.515 0.0126119
0.5285 159.718 160.552 0.0137647
0.5295 159.718 160.588 0.0149175
0.5305 159.718 160.629 0.0160703
0.5315 159.718 160.662 0.0172231
0.5325 159.718 160.709 0.018376
0.5335 159.718 160.749 0.019529
0.5345 159.718 160.805 0.0206821
0.5355 159.718 160.844 0.0218353
0.5365 159.718 160.882 0.0229886
0.5375 159.718 160.922 0.0241419
0.5385 159.718 160.971 0.0252954
0.5395 159.718 161.016 0.0264489
0.5405 159.718 161.068 0.0276024
0.5415 159.718 161.118 0.028756
0.5425 159.718 161.18 0.0299096
0.5435 159.718 161.224 0.0310633
0.5445 159.718 161.281 0.0322171
0.5455 159.718 161.323 0.0333708
0.5465 159.718 161.381 0.0345247
0.5475 159.718 161.428 0.0356785
0.5485 159.718 161.488 0.0368324
0.5495 159.718 161.537 0.0379864
0.5505 159.718 161.585 0.0391404
0.5515 159.718 161.657 0.0402944
0.5525 159.718 161.713 0.0414485
0.5535 159.718 161.775 0.0426027
0.5545 159.718 161.832 0.0437568
0.5555 159.718 161.887 0.0449111
0.5565 159.718 161.944 0.0460653
0.5575 159.718 161.998 0.0472196
0.5585 159.718 162.063 0.048374
0.5595 159.718 162.117 0.0495284
0.5605 159.718 162.186 0.0506828
0.5615 159.718 162.241 0.0518373
0.5625 159.718 162.308 0.0529919
0.5635 159.718 162.362 0.0541466
0.5645 159.718 162.43 0.0553013
0.5655 159.718 162.488 0.056456
0.5665 159.718 162.559 0.0576109
0.5675 159.718 162.623 0.0587658
0.5685 159.718 162.703 0.0599207
0.5695 159.718 162.767 0.0610758
0.5705 159.718 162.845 0.0622309
0.5715 159.718 162.909 0.0633861
0.5725 159.718 162.984 0.0645413
0.5735 159.718 163.051 0.0656967
0.5745 159.718 163.119 0.0668521
0.5755 159.718 163.202 0.0680076
0.5765 159.718 163.269 0.0691631
0.5775 159.718 163.356 0.0703188
0.5785 159.718 163.429 0.0714745
0.5795 159.718 163.509 0.0726304
0.5805 159.718 163.582 0.0737862
0.5815 159.718 163.669 0.0749422
0.5825 159.718 163.741 0.0760982
0.5835 159.718 163.825 0.0772543
0.5845 159.718 163.896 0.0784104
0.5855 159.718 163.977 0.0795666
0.5865 159.718 164.045 0.0807229
0.5875 159.718 164.115 0.0818793
0.5885 159.718 164.178 0.0830357
0.5895 159.718 164.237 0.0841922
0.5905 159.718 164.294 0.0853487
0.5915 159.718 164.355 0.0865053
0.5925 159.718 164.415 0.087662
0.5935 159.718 164.468 0.0888187
0.5945 159.718 164.503 0.0899755
0.5955 159.718 164.517 0.0911323
0.5965 159.718 164.521 0.0922891
0.5975 159.718 164.52 0.0934459
0.5985 159.718 164.515 0.0946027
0.5995 159.718 164.501 0.0957595
0.6005 159.718 164.476 0.0969162
0.6015 159.718 164.437 0.098073
0.6025 159.718 164.38 0.0992297
0.6035 159.718 164.302 0.100386
0.6045 159.718 164.194 0.101543
0.6055 159.718 164.069 0.102699
0.6065 159.718 163.889 0.103855
0.6075 159.718 163.723 0.105011
0.6085 159.718 163.469 0.106167
0.6095 159.718 163.234 0.107322
0.6105 159.718 162.857 0.108477
0.6115 159.718 162.518 0.109632
0.6125 159.718 161.977 0.110787
0.6135 159.718 161.499 0.11194
0.6145 159.718 160.756 0.113093
0.6155 159.718 160.101 0.114246
0.6165 159.718 159.082 0.115397
0.6175 159.718 158.133 0.116547
0.6185 159.718 156.505 0.117696
0.6195 159.718 154.699 0.118843
0.6205 159.718 150.924 0.119987
0.6215 159.718 145.959 0.121125
0.6225 159.718 135.452 0.122254
0.6235 159.718 118.953 0.123366
0.6245 159.718 86.3914 0.124448
0.6255 159.718 39.9899 0.125489
0.6265 159.718 7.60809 0.126498
0.6275 159.718 1.1381 0.1275
0.6285 159.718 0.169874 0.1285
0.6295 159.718 0.0296398 0.1295
0.6305 159.718 0.00746022 0.1305
0.6315 159.718 0.00284407 0.1315
0.6325 159.718 0.00136827 0.1325
0.6335 159.718 0.000687029 0.1335
0.6345 159.718 0.000334094 0.1345
0.6355 159.718 0.00015815 0.1355
0.6365 159.718 7.4623e-05 0.1365
0.6375 159.718 3.53821e-05 0.1375
0.6385 159.718 1.6816e-05 0.1385
0.6395 159.718 7.98342e-06 0.1395
0.6405 159.718 3.78269e-06 0.1405
0.6415 159.718 1.78943e-06 0.1415
0.6425 159.718 8.45461e-07 0.1425
0.6435 159.718 3.99048e-07 0.1435
0.6445 159.718 1.88198e-07 0.1445
0.6455 159.718 8.87223e-08 0.1455
0.6465 159.718 4.18269e-08 0.1465
0.6475 159.718 1.97255e-08 0.1475
0.6485 159.718 9.30755e-09 0.1485
0.6495 159.718 4.3945e-09 0.1495
0.6505 159.718 2.07602e-09 0.1505
0.6515 159.718 9.81443e-10 0.1515
0.6525 159.718 4.64154e-10 0.1525
0.6535 159.718 2.19651e-10 0.1535
0.6545 159.718 1.03888e-10 0.1545
0.6555 159.718 4.94099e-11 0.1555
0.6565 159.718 2.33933e-11 0.1565
0.6575 159.718 1.12193e-11 0.1575
0.6585 159.718 5.47189e-12 0.1585
0.6595 159.718 2.73594e-12 0.1595
0.6605 159.718 1.46615e-12 0.1605
0.6615 159.718 7.84853e-13 0.1615
0.6625 159.718 4.89475e-13 0.1625
0.6635 159.718 4.25532e-13 0.1635
0.6645 159.718 3.83659e-13 0.1645
0.6655 159.718 4.25532e-13 0.1655
0.6665 159.718 4.05728e-13 0.1665
0.6675 159.718 4.47601e-13 0.1675
0.6685 159.718 4.47601e-13 0.1685
0.6695 159.718 4.47601e-13 0.1695
0.6705 159.718 4.47601e-13 0.1705
0.6715 159.718 4.05727e-13 0.1715
0.6725 159.718 5.09276e-13 0.1725
0.6735 159.718 4.05727e-13 0.1735
0.6745 159.718 4.05727e-13 0.1745
0.6755 159.718 3.83657e-13 0.1755
0.6765 159.718 3.61587e-13 0.1765
0.6775 159.718 2.33702e-13 0.1775
0.6785 159.718 1.47689e-13 0.1785
0.6795 159.718 8.60126e-14 0.1795
0.6805 159.718 1.98032e-14 0.1805
0.6815 159.718 -1.98032e-14 0.1815
0.6825 159.718 1.98032e-14 0.1825
0.6835 159.718 -1.98032e-14 0.1835
0.6845 159.718 4.1873e-14 0.1845
0.6855 159.718 0 0.1855
0.6865 159.718 0 0.1865
0.6875 159.718 0 0.1875
0.6885 159.718 0 0.1885
0.6895 159.718 0 0.1895
0.6905 159.718 0 0.1905
0.6915 159.718 0 0.1915
0.6925 159.718 0 0.1925
0.6935 159.718 0 0.1935
0.6945 159.718 0 0.1945
0.6955 159.718 0 0.1955
0.6965 159.718 0 0.1965
0.6975 159.718 0 0.1975
0.6985 159.718 0 0.1985
0.6995 159.718 0 0.1995
0.7005 159.718 0 0.2005
0.7015 159.718 0 0.2015
0.7025 159.718 0 0.2025
0.7035 159.718 0 0.2035
0.7045 159.718 0 0.2045
0.7055 159.718 0 0.2055
0.7065 159.718 0 0.2065
0.7075 159.718 0 0.2075
0.7085 159.718 0 0.2085
0.7095 159.718 0 0.2095
0.7105 159.718 0 0.2105
0.7115 159.718 0 0.2115
0.7125 159.718 0 0.2125
0.7135 159.718 0 0.2135
0.7145 159.718 0 0.2145
0.7155 159.718 0 0.2155
0.7165 159.718 0 0.2165
0.7175 159.718 0 0.2175
0.7185 159.718 0 0.2185
0.7195 159.718 0 0.2195
0.7205 159.718 0 0.2205
0.7215 159.718 0 0.2215
0.7225 159.718 0 0.2225
0.7235 159.718 0 0.2235
0.7245 159.718 0 0.2245
0.7255 159.718 0 0.2255
0.7265 159.718 0 0.2265
0.7275 159.718 0 0.2275
0.7285 159.718 0 0.2285
0.7295 159.718 0 0.2295
0.7305 159.718 0 0.2305
0.7315 159.718 0 0.2315
0.7325 159.718 0 0.2325
0.7335 159.718 0 0.2335
0.7345 159.718 0 0.2345
0.7355 159.718 0 0.2355
0.7365 159.718 0 0.2365
0.7375 159.718 0 0.2375
0.7385 159.718 0 0.2385
0.7395 159.718 0 0.2395
0.7405 159.718 0 0.2405
0.7415 159.718 0 0.2415
0.7425 159.718 0 0.2425
0.7435 159.718 0 0.2435
0.7445 159.718 0 0.2445
0.7455 159.718 0 0.2455
0.7465 159.718 0 0.2465
0.7475 159.718 0 0.2475
0.7485 159.718 0 0.2485
0.7495 159.718 0 0.2495
0.7505 159.718 0 0.2505
0.7515 159.718 0 0.2515
0.7525 159.718 0 0.2525
0.7535 159.718 0 0.2535
0.7545 159.718 0 0.2545
0.7555 159.718 0 0.2555
0.7565 159.718 0 0.2565
0.7575 159.718 0 0.2575
0.7585 159.718 0 0.2585
0.7595 159.718 0 0.2595
0.7605 159.718 0 0.2605
0.7615 159.718 0 0.2615
0.7625 159.718 0 0.2625
0.7635 159.718 0 0.2635
0.7645 159.718 0 0.2645
0.7655 159.718 0 0.2655
0.7665 159.718 0 0.2665
0.7675 159.718 0 0.2675
0.7685 159.718 0 0.2685
0.7695 159.718 0 0.2695
0.7705 159.718 0 0.2705
0.7715 159.718 0 0.2715
0.7725 159.718 0 0.2725
0.7735 159.718 0 0.2735
0.7745 159.718 0 0.2745
0.7755 159.718 0 0.2755
0.7765 159.718 0 0.2765
0.7775 159.718 0 0.2775
0.7785 159.718 0 0.2785
0.7795 159.718 0 0.2795
0.7805 159.718 0 0.2805
0.7815 159.718 0 0.2815
0.7825 159.718 0 0.2825
0.7835 159.718 0 0.2835
0.7845 159.718 0 0.2845
0.7855 159.718 0 0.2855
0.7865 159.718 0 0.2865
0.7875 159.718 0 0.2875
0.7885 159.718 0 0.2885
0.7895 159.718 0 0.2895
0.7905 159.718 0 0.2905
0.7915 159.718 0 0.2915
0.7925 159.718 0 0.2925
0.7935 159.718 0 0.2935
0.7945 159.718 0 0.2945
0.7955 159.718 0 0.2955
0.7965 159.718 0 0.2965
0.7975 159.718 0 0.2975
0.7985 159.718 0 0.2985
0.7995 159.718 0 0.2995
0.8005 159.718 0 0.3005
0.8015 159.718 0 0.3015
0.8025 159.718 0 0.3025
0.8035 159.718 0 0.3035
0.8045 159.718 0 0.3045
0.8055 159.718 0 0.3055
0.8065 159.718 0 0.3065
0.8075 159.718 0 0.3075
0.8085 159.718 0 0.3085
0.8095 159.718 0 0.3095
0.8105 159.718 0 0.3105
0.8115 159.718 0 0.3115
0.8125 159.718 0 0.3125
0.8135 159.718 0 0.3135
0.8145 159.718 0 0.3145
0.8155 159.718 0 0.3155
0.8165 159.718 0 0.3165
0.8175 159.718 0 0.3175
0.8185 159.718 0 0.3185
0.8195 159.718 0 0.3195
0.8205 159.718 0 0.3205
0.8215 159.718 0 0.3215
0.8225 159.718 0 0.3225
0.8235 159.718 0 0.3235
0.8245 159.718 0 0.3245
0.8255 159.718 0 0.3255
0.8265 159.718 0 0.3265
0.8275 159.718 0 0.3275
0.8285 159.718 0 0.3285
0.8295 159.718 0 0.3295
0.8305 159.718 0 0.3305
0.8315 159.718 0 0.3315
0.8325 159.718 0 0.3325
0.8335 159.718 0 0.3335
0.8345 159.718 0 0.3345
0.8355 159.718 0 0.3355
0.8365 159.718 0 0.3365
0.8375 159.718 0 0.3375
0.8385 159.718 0 0.3385
0.8395 159.718 0 0.3395
0.8405 159.718 0 0.3405
0.8415 159.718 0 0.3415
0.8425 159.718 0 0.3425
0.8435 159.718 0 0.3435
0.8445 159.718 0 0.3445
0.8455 159.718 0 0.3455
0.8465 159.718 0 0.3465
0.8475 159.718 0 0.3475
0.8485 159.718 0 0.3485
0.8495 159.718 0 0.3495
0.8505 159.718 0 0.3505
0.8515 159.718 0 0.3515
0.8525 159.718 0 0.3525
0.8535 159.718 0 0.3535
0.8545 159.718 0 0.3545
0.8555 159.718 0 0.3555
0.8565 159.718 0 0.3565
0.8575 159.718 0 0.3575
0.8585 159.718 0 0.3585
0.8595 159.718 0 0.3595
0.8605 159.718 0 0.3605
0.8615 159.718 0 0.3615
0.8625 159.718 0 0.3625
0.8635 159.718 0 0.3635
0.8645 159.718 0 0.3645
0.8655 159.718 0 0.3655
0.8665 159.718 0 0.3665
0.8675 159.718 0 0.3675
0.8685 159.718 0 0.3685
0.8695 159.718 0 0.3695
0.8705 159.718 0 0.3705
0.8715 159.718 0 0.3715
0.8725 159.718 0 0.3725
0.8735 159.718 0 0.3735
0.8745 159.718 0 0.3745
0.8755 159.718 0 0.3755
0.8765 159.718 0 0.3765
0.8775 159.718 0 0.3775
0.8785 159.718 0 0.3785
0.8795 159.718 0 0.3795
0.8805 159.718 0 0.3805
0.8815 159.718 0 0.3815
0.8825 159.718 0 0.3825
0.8835 159.718 0 0.3835
0.8845 159.718 0 0.3845
0.8855 159.718 0 0.3855
0.8865 159.718 0 0.3865
0.8875 159.718 0 0.3875
0.8885 159.718 0 0.3885
0.8895 159.718 0 0.3895
0.8905 159.718 0 0.3905
0.8915 159.718 0 0.3915
0.8925 159.718 0 0.3925
0.8935 159.718 0 0.3935
0.8945 159.718 0 0.3945
0.8955 159.718 0 0.3955
0.8965 159.718 0 0.3965
0.8975 159.718 0 0.3975
0.8985 159.718 0 0.3985
0.8995 159.718 0 0.3995
0.9005 159.718 0 0.4005
0.9015 159.718 0 0.4015
0.9025 159.718 0 0.4025
0.9035 159.718 0 0.4035
0.9045 159.718 0 0.4045
0.9055 159.718 0 0.4055
0.9065 159.718 0 0.4065
0.9075 159.718 0 0.4075
0.9085 159.718 0 0.4085
0.9095 159.718 0 0.4095
0.9105 159.718 0 0.4105
0.9115 159.718 0 0.4115
0.9125 159.718 0 0.4125
0.9135 159.718 0 0.4135
0.9145 159.718 0 0.4145
0.9155 159.718 0 0.4155
0.9165 159.718 0 0.4165
0.9175 159.718 0 0.4175
0.9185 159.718 0 0.4185
0.9195 159.718 0 0.4195
0.9205 159.718 0 0.4205
0.9215 159.718 0 0.4215
0.9225 159.718 0 0.4225
0.9235 159.718 0 0.4235
0.9245 159.718 0 0.4245
0.9255 159.718 0 0.4255
0.9265 159.718 0 0.4265
0.9275 159.718 0 0.4275
0.9285 159.718 0 0.4285
0.9295 159.718 0 0.4295
0.9305 159.718 0 0.4305
0.9315 159.718 0 0.4315
0.9325 159.718 0 0.4325
0.9335 159.718 0 0.4335
0.9345 159.718 0 0.4345
0.9355 159.718 0 0.4355
0.9365 159.718 0 0.4365
0.9375 159.718 0 0.4375
0.9385 159.718 0 0.4385
0.9395 159.718 0 0.4395
0.9405 159.718 0 0.4405
0.9415 159.718 0 0.4415
0.9425 159.718 0 0.4425
0.9435 159.718 0 0.4435
0.9445 159.718 0 0.4445
0.9455 159.718 0 0.4455
0.9465 159.718 0 0.4465
0.9475 159.718 0 0.4475
0.9485 159.718 0 0.4485
0.9495 159.718 0 0.4495
0.9505 159.718 0 0.4505
0.9515 159.718 0 0.4515
0.9525 159.718 0 0.4525
0.9535 159.718 0 0.4535
0.9545 159.718 0 0.4545
0.9555 159.718 0 0.4555
0.9565 159.718 0 0.4565
0.9575 159.718 0 0.4575
0.9585 159.718 0 0.4585
0.9595 159.718 0 0.4595
0.9605 159.718 0 0.4605
0.9615 159.718 0 0.4615
0.9625 159.718 0 0.4625
0.9635 159.718 0 0.4635
0.9645 159.718 0 0.4645
0.9655 159.718 0 0.4655
0.9665 159.718 0 0.4665
0.9675 159.718 0 0.4675
0.9685 159.718 0 0.4685
0.9695 159.718 0 0.4695
0.9705 159.718 0 0.4705
0.9715 159.718 0 0.4715
0.9725 159.718 0 0.4725
0.9735 159.718 0 0.4735
0.9745 159.718 0 0.4745
0.9755 159.718 0 0.4755
0.9765 159.718 0 0.4765
0.9775 159.718 0 0.4775
0.9785 159.718 0 0.4785
0.9795 159.718 0 0.4795
0.9805 159.718 0 0.4805
0.9815 159.718 0 0.4815
0.9825 159.718 0 0.4825
0.9835 159.718 0 0.4835
0.9845 159.718 0 0.4845
0.9855 159.718 0 0.4855
0.9865 159.718 0 0.4865
0.9875 159.718 0 0.4875
0.9885 159.718 0 0.4885
0.9895 159.718 0 0.4895
0.9905 159.718 0 0.4905
0.9915 159.718 0 0.4915
0.9925 159.718 0 0.4925
0.9935 159.718 0 0.4935
0.9945 159.718 0 0.4945
0.9955 159.718 0 0.4955
0.9965 159.718 0 0.4965
0.9975 159.718 0 0.4975
0.9985 159.718 0 0.4985
0.9995 159.718 0 0.4995
