0.005 2500
0.015 2500
0.025 2500
0.035 2500
0.045 2500
0.055 2492.58
0.065 2474.09
0.075 2455.66
0.085 2437.3
0.095 2419.01
0.105 2400.78
0.115 2382.63
0.125 2364.55
0.135 2346.53
0.145 2328.58
0.155 2310.71
0.165 2292.9
0.175 2275.16
0.185 2257.49
0.195 2239.88
0.205 2222.35
0.215 2204.89
0.225 2187.49
0.235 2170.16
0.245 2152.91
0.255 2135.72
0.265 2118.6
0.275 2101.55
0.285 2084.56
0.295 2067.65
0.305 2050.81
0.315 2034.03
0.325 2017.32
0.335 2003.67
0.345 2003.67
0.355 2003.67
0.365 2003.67
0.375 2003.67
0.385 2003.67
0.395 2003.67
0.405 2003.67
0.415 2003.67
0.425 2003.67
0.435 2003.67
0.445 2003.67
0.455 2003.67
0.465 2003.67
0.475 2003.67
0.485 2003.67
0.495 2003.67
0.505 2003.67
0.515 2003.67
0.525 2003.67
0.535 2003.67
0.545 2003.67
0.555 2003.67
0.565 2003.67
0.575 2003.67
0.585 2003.67
0.595 2003.67
0.605 2003.67
0.615 2003.67
0.625 2003.67
0.635 2003.67
0.645 2003.67
0.655 2003.67
0.665 2003.67
0.675 2003.67
0.685 2003.67
0.695 2003.67
0.705 2003.67
0.715 2003.67
0.725 2003.67
0.735 2003.67
0.745 192.063
0.755 192.063
0.765 192.063
0.775 192.063
0.785 0.025
0.795 0.025
0.805 0.025
0.815 0.025
0.825 0.025
0.835 0.025
0.845 0.025
0.855 0.025
0.865 0.025
0.875 0.025
0.885 0.025
0.895 0.025
0.905 0.025
0.915 0.025
0.925 0.025
0.935 0.025
0.945 0.025
0.955 0.025
0.965 0.025
0.975 0.025
0.985 0.025
0.995 0.025
