0.0025 -2 0.0254938 -0.484965
0.0075 -2 0.0254938 -0.479965
0.0125 -2 0.0254938 -0.474965
0.0175 -2 0.0254938 -0.469965
0.0225 -2 0.0254938 -0.464965
0.0275 -2 0.0254938 -0.459965
0.0325 -2 0.0254938 -0.454965
0.0375 -2 0.0254938 -0.449965
0.0425 -2 0.0254938 -0.444965
0.0475 -2 0.0254938 -0.439965
0.0525 -2 0.0254938 -0.434965
0.0575 -2 0.0254938 -0.429965
0.0625 -2 0.0254938 -0.424965
0.0675 -2 0.0254938 -0.419965
0.0725 -2 0.0254938 -0.414965
0.0775 -2 0.0254938 -0.409965
0.0825 -2 0.0254938 -0.404965
0.0875 -2 0.0254938 -0.399965
0.0925 -2 0.0254938 -0.394965
0.0975 -2 0.0254938 -0.389965
0.1025 -2 0.0254938 -0.384965
0.1075 -2 0.0254938 -0.379965
0.1125 -2 0.0254938 -0.374965
0.1175 -2 0.0254938 -0.369965
0.1225 -2 0.0254938 -0.364965
0.1275 -2 0.0254938 -0.359965
0.1325 -2 0.0254938 -0.354965
0.1375 -2 0.0254938 -0.349965
0.1425 -2 0.0254938 -0.344965
0.1475 -2 0.0254938 -0.339965
0.1525 -2 0.0254938 -0.334965
0.1575 -2 0.0254938 -0.329965
0.1625 -2 0.0254938 -0.324965
0.1675 -2 0.0254938 -0.319965
0.1725 -2 0.0254938 -0.314965
0.1775 -2 0.0254938 -0.309965
0.1825 -2 0.0254938 -0.304965
0.1875 -2 0.0254938 -0.299965
0.1925 -2 0.0254938 -0.294965
0.1975 -2 0.0254938 -0.289965
0.2025 -2 0.0254938 -0.284965
0.2075 -2 0.0254938 -0.279965
0.2125 -2 0.0254938 -0.274965
0.2175 -2 0.0254938 -0.269965
0.2225 -2 0.0254938 -0.264965
0.2275 -2 0.0254938 -0.259965
0.2325 -2 0.0254938 -0.254965
0.2375 -2 0.0254938 -0.249965
0.2425 -2 0.0254938 -0.244965
0.2475 -2 0.0254938 -0.239965
0.2525 -2 0.0254938 -0.234965
0.2575 -2 0.0254938 -0.229965
0.2625 -2 0.0254938 -0.224965
0.2675 -2 0.0254938 -0.219965
0.2725 -2 0.0254938 -0.214965
0.2775 -2 0.0254938 -0.209965
0.2825 -2 0.0254938 -0.204965
0.2875 -2 0.0254938 -0.199965
0.2925 -2 0.0254938 -0.194965
0.2975 -2 0.0254938 -0.189965
0.3025 -2 0.0254938 -0.184965
0.3075 -2 0.0254938 -0.179965
0.3125 -2 0.0254938 -0.174965
0.3175 -2 0.0254938 -0.169965
0.3225 -2 0.0254938 -0.164965
0.3275 -2 0.0254938 -0.159965
0.3325 -2 0.0254938 -0.154965
0.3375 -2 0.0254938 -0.149965
0.3425 -2 0.0254938 -0.144965
0.3475 -2 0.0254938 -0.139965
0.3525 -2 0.0254938 -0.134965
0.3575 -2 0.0254938 -0.129965
0.3625 -2 0.0254938 -0.124965
0.3675 -2 0.0254938 -0.119965
0.3725 -2 0.0254938 -0.114965
0.3775 -2 0.0254938 -0.109965
0.3825 -2 0.0254938 -0.104965
0.3875 -2 0.0254938 -0.0999651
0.3925 -2 0.0254938 -0.0949651
0.3975 -2 0.0254938 -0.0899651
0.4025 -2 0.0254938 -0.0849651
0.4075 -2 0.0254938 -0.0799651
0.4125 -2 0.0254938 -0.0749651
0.4175 -2 0.0254938 -0.0699651
0.4225 -2 0.0254938 -0.0649651
0.4275 -2 0.0254938 -0.0599651
0.4325 -2 0.0254938 -0.0549651
0.4375 -2 0.0254938 -0.0499651
0.4425 -2 0.0254938 -0.0449651
0.4475 -2 0.0254938 -0.0399651
0.4525 -2 0.0254938 -0.0349651
0.4575 -2 0.0254938 -0.0299651
0.4625 -2 0.0254938 -0.0249651
0.4675 -1.94186 0.0254938 -0.0199651
0.4725 -1.81307 0.0254938 -0.0150764
0.4775 -1.63415 0.0254938 -0.0102854
0.4825 -1.4118 0.0254938 -0.00549614
0.4875 -1.13716 0.0254938 -0.00159229
0.4925 0.0254938 0.0254938 -7.52554e-08
0.4975 0.0254938 0.0254938 0.00745163
0.5025 0.0254938 0.0254938 0.0124677
0.5075 0.0254938 0.0224701 0.0174677
0.5125 0.0254938 1.13563 0.020902
0.5175 0.0254938 1.41169 0.0255552
0.5225 0.0254938 1.63416 0.0302854
0.5275 0.0254938 1.81307 0.0350764
0.5325 0.0254938 1.94186 0.0399651
0.5375 0.0254938 2 0.0449651
0.5425 0.0254938 2 0.0499651
0.5475 0.0254938 2 0.0549651
0.5525 0.0254938 2 0.0599651
0.5575 0.0254938 2 0.0649651
0.5625 0.0254938 2 0.0699651
0.5675 0.0254938 2 0.0749651
0.5725 0.0254938 2 0.0799651
0.5775 0.0254938 2 0.0849651
0.5825 0.0254938 2 0.0899651
0.5875 0.0254938 2 0.0949651
0.5925 0.0254938 2 0.0999651
0.5975 0.0254938 2 0.104965
0.6025 0.0254938 2 0.109965
0.6075 0.0254938 2 0.114965
0.6125 0.0254938 2 0.119965
0.6175 0.0254938 2 0.124965
0.6225 0.0254938 2 0.129965
0.6275 0.0254938 2 0.134965
0.6325 0.0254938 2 0.139965
0.6375 0.0254938 2 0.144965
0.6425 0.0254938 2 0.149965
0.6475 0.0254938 2 0.154965
0.6525 0.0254938 2 0.159965
0.6575 0.0254938 2 0.164965
0.6625 0.0254938 2 0.169965
0.6675 0.0254938 2 0.174965
0.6725 0.0254938 2 0.179965
0.6775 0.0254938 2 0.184965
0.6825 0.0254938 2 0.189965
0.6875 0.0254938 2 0.194965
0.6925 0.0254938 2 0.199965
0.6975 0.0254938 2 0.204965
0.7025 0.0254938 2 0.209965
0.7075 0.0254938 2 0.214965
0.7125 0.0254938 2 0.219965
0.7175 0.0254938 2 0.224965
0.7225 0.0254938 2 0.229965
0.7275 0.0254938 2 0.234965
0.7325 0.0254938 2 0.239965
0.7375 0.0254938 2 0.244965
0.7425 0.0254938 2 0.249965
0.7475 0.0254938 2 0.254965
0.7525 0.0254938 2 0.259965
0.7575 0.0254938 2 0.264965
0.7625 0.0254938 2 0.269965
0.7675 0.0254938 2 0.274965
0.7725 0.0254938 2 0.279965
0.7775 0.0254938 2 0.284965
0.7825 0.0254938 2 0.289965
0.7875 0.0254938 2 0.294965
0.7925 0.0254938 2 0.299965
0.7975 0.0254938 2 0.304965
0.8025 0.0254938 2 0.309965
0.8075 0.0254938 2 0.314965
0.8125 0.0254938 2 0.319965
0.8175 0.0254938 2 0.324965
0.8225 0.0254938 2 0.329965
0.8275 0.0254938 2 0.334965
0.8325 0.0254938 2 0.339965
0.8375 0.0254938 2 0.344965
0.8425 0.0254938 2 0.349965
0.8475 0.0254938 2 0.354965
0.8525 0.0254938 2 0.359965
0.8575 0.0254938 2 0.364965
0.8625 0.0254938 2 0.369965
0.8675 0.0254938 2 0.374965
0.8725 0.0254938 2 0.379965
0.8775 0.0254938 2 0.384965
0.8825 0.0254938 2 0.389965
0.8875 0.0254938 2 0.394965
0.8925 0.0254938 2 0.399965
0.8975 0.0254938 2 0.404965
0.9025 0.0254938 2 0.409965
0.9075 0.0254938 2 0.414965
0.9125 0.0254938 2 0.419965
0.9175 0.0254938 2 0.424965
0.9225 0.0254938 2 0.429965
0.9275 0.0254938 2 0.434965
0.9325 0.0254938 2 0.439965
0.9375 0.0254938 2 0.444965
0.9425 0.0254938 2 0.449965
0.9475 0.0254938 2 0.454965
0.9525 0.0254938 2 0.459965
0.9575 0.0254938 2 0.464965
0.9625 0.0254938 2 0.469965
0.9675 0.0254938 2 0.474965
0.9725 0.0254938 2 0.479965
0.9775 0.0254938 2 0.484965
0.9825 0.0254938 2 0.489965
0.9875 0.0254938 2 0.494965
0.9925 0.0254938 2 0.499965
0.9975 0.0254938 2 0.504965
