0.0025 112.124 0 -0.4975
0.0075 112.137 0 -0.492709
0.0125 112.127 0 -0.487709
0.0175 112.101 0 -0.482708
0.0225 112.068 0 -0.477708
0.0275 112.034 0 -0.472708
0.0325 112.006 0 -0.467708
0.0375 111.983 0 -0.462708
0.0425 111.965 0 -0.457708
0.0475 111.951 0 -0.452708
0.0525 111.94 0 -0.447708
0.0575 111.931 0 -0.442708
0.0625 111.923 0 -0.437708
0.0675 111.916 0 -0.432708
0.0725 111.909 0 -0.427708
0.0775 111.903 0 -0.422708
0.0825 111.896 0 -0.417708
0.0875 111.885 0 -0.412708
0.0925 111.861 0 -0.407708
0.0975 111.794 0 -0.402708
0.1025 111.611 0 -0.397707
0.1075 111.155 0 -0.392707
0.1125 110.114 0 -0.387704
0.1175 107.947 0 -0.3827
0.1225 103.833 0 -0.377692
0.1275 96.7241 0 -0.372677
0.1325 85.6698 0 -0.367655
0.1375 70.498 0 -0.362626
0.1425 52.6092 0 -0.357592
0.1475 34.9684 0 -0.35256
0.1525 20.6168 0 -0.347534
0.1575 10.895 0 -0.342518
0.1625 5.25026 0 -0.337508
0.1675 2.34266 0 -0.332504
0.1725 0.977259 0 -0.327502
0.1775 0.382922 0 -0.322501
0.1825 0.141146 0 -0.3175
0.1875 0.0489367 0 -0.3125
0.1925 0.0159453 0 -0.3075
0.1975 0.00487718 0 -0.3025
0.2025 0.0013986 0 -0.2975
0.2075 0.000375528 0 -0.2925
0.2125 9.42792e-05 0 -0.2875
0.2175 2.20998e-05 0 -0.2825
0.2225 4.82929e-06 0 -0.2775
0.2275 9.82104e-07 0 -0.2725
0.2325 1.85521e-07 0 -0.2675
0.2375 3.24842e-08 0 -0.2625
0.2425 5.2597e-09 0 -0.2575
0.2475 7.85438e-10 0 -0.2525
0.2525 1.07836e-10 0 -0.2475
0.2575 1.35699e-11 0 -0.2425
0.2625 1.52652e-12 0 -0.2375
0.2675 1.44656e-13 0 -0.2325
0.2725 5.41226e-15 0 -0.2275
0.2775 0 0 -0.2225
0.2825 0 0 -0.2175
0.2875 0 0 -0.2125
0.2925 0 0 -0.2075
0.2975 0 0 -0.2025
0.3025 0 0 -0.1975
0.3075 0 0 -0.1925
0.3125 0 0 -0.1875
0.3175 0 0 -0.1825
0.3225 0 0 -0.1775
0.3275 0 0 -0.1725
0.3325 0 0 -0.1675
0.3375 0 0 -0.1625
0.3425 0 0 -0.1575
0.3475 0 0 -0.1525
0.3525 0 0 -0.1475
0.3575 0 0 -0.1425
0.3625 0 0 -0.1375
0.3675 0 0 -0.1325
0.3725 0 0 -0.1275
0.3775 0 0 -0.1225
0.3825 0 0 -0.1175
0.3875 0 0 -0.1125
0.3925 0 0 -0.1075
0.3975 0 0 -0.1025
0.4025 0 0 -0.0975
0.4075 0 0 -0.0925
0.4125 0 0 -0.0875
0.4175 0 0 -0.0825
0.4225 0 0 -0.0775
0.4275 0 0 -0.0725
0.4325 0 0 -0.0675
0.4375 0 0 -0.0625
0.4425 0 0 -0.0575
0.4475 0 0 -0.0525
0.4525 0 0 -0.0475
0.4575 0 0 -0.0425
0.4625 0 0 -0.0375
0.4675 0 0 -0.0325
0.4725 0 0 -0.0275
0.4775 0 0 -0.0225
0.4825 0 0 -0.0175
0.4875 0 0 -0.0125
0.4925 0 0 -0.0075
0.4975 0 0 -0.0025
0.5025 0 0 0.0025
0.5075 0 0 0.0075
0.5125 0 0 0.0125
0.5175 0 0 0.0175
0.5225 0 0 0.0225
0.5275 0 0 0.0275
0.5325 0 0 0.0325
0.5375 0 0 0.0375
0.5425 0 0 0.0425
0.5475 0 0 0.0475
0.5525 0 0 0.0525
0.5575 0 0 0.0575
0.5625 0 0 0.0625
0.5675 0 0 0.0675
0.5725 0 0 0.0725
0.5775 0 0 0.0775
0.5825 0 0 0.0825
0.5875 0 0 0.0875
0.5925 0 0 0.0925
0.5975 0 0 0.0975
0.6025 0 0 0.1025
0.6075 0 0 0.1075
0.6125 0 0 0.1125
0.6175 0 0 0.1175
0.6225 0 0 0.1225
0.6275 0 0 0.1275
0.6325 0 0 0.1325
0.6375 0 0 0.1375
0.6425 0 0 0.1425
0.6475 0 0 0.1475
0.6525 0 0 0.1525
0.6575 0 0 0.1575
0.6625 0 0 0.1625
0.6675 0 0 0.1675
0.6725 0 0 0.1725
0.6775 0 0 0.1775
0.6825 0 0 0.1825
0.6875 0 0 0.1875
0.6925 0 0 0.1925
0.6975 0 0 0.1975
0.7025 0 0 0.2025
0.7075 0 0 0.2075
0.7125 0 0 0.2125
0.7175 0 0 0.2175
0.7225 0 0 0.2225
0.7275 0 0 0.2275
0.7325 0 0 0.2325
0.7375 0 0 0.2375
0.7425 0 0 0.2425
0.7475 0 0 0.2475
0.7525 0 0 0.2525
0.7575 0 0 0.2575
0.7625 0 0 0.2625
0.7675 0 0 0.2675
0.7725 0 0 0.2725
0.7775 0 0 0.2775
0.7825 0 0 0.2825
0.7875 0 0 0.2875
0.7925 0 0 0.2925
0.7975 0 0 0.2975
0.8025 0 0 0.3025
0.8075 0 0 0.3075
0.8125 0 0 0.3125
0.8175 0 0 0.3175
0.8225 0 0 0.3225
0.8275 0 0 0.3275
0.8325 0 0 0.3325
0.8375 0 0 0.3375
0.8425 0 0 0.3425
0.8475 0 0 0.3475
0.8525 0 0 0.3525
0.8575 0 0 0.3575
0.8625 0 0 0.3625
0.8675 0 0 0.3675
0.8725 0 0 0.3725
0.8775 0 0 0.3775
0.8825 0 0 0.3825
0.8875 0 0 0.3875
0.8925 0 0 0.3925
0.8975 0 0 0.3975
0.9025 0 0 0.4025
0.9075 0 0 0.4075
0.9125 0 0 0.4125
0.9175 0 0 0.4175
0.9225 0 0 0.4225
0.9275 0 0 0.4275
0.9325 0 0 0.4325
0.9375 0 0 0.4375
0.9425 0 0 0.4425
0.9475 0 0 0.4475
0.9525 0 0 0.4525
0.9575 0 0 0.4575
0.9625 0 0 0.4625
0.9675 0 0 0.4675
0.9725 0 0 0.4725
0.9775 0 0 0.4775
0.9825 0 0 0.4825
0.9875 0 0 0.4875
0.9925 0 0 0.4925
0.9975 0 0 0.4975
