0.0025 -2 0.016732 -0.489965
0.0075 -2 0.016732 -0.484965
0.0125 -2 0.016732 -0.479965
0.0175 -2 0.016732 -0.474965
0.0225 -2 0.016732 -0.469965
0.0275 -2 0.016732 -0.464965
0.0325 -2 0.016732 -0.459965
0.0375 -2 0.016732 -0.454965
0.0425 -2 0.016732 -0.449965
0.0475 -2 0.016732 -0.444965
0.0525 -2 0.016732 -0.439965
0.0575 -2 0.016732 -0.434965
0.0625 -2 0.016732 -0.429965
0.0675 -2 0.016732 -0.424965
0.0725 -2 0.016732 -0.419965
0.0775 -2 0.016732 -0.414965
0.0825 -2 0.016732 -0.409965
0.0875 -2 0.016732 -0.404965
0.0925 -2 0.016732 -0.399965
0.0975 -2 0.016732 -0.394965
0.1025 -2 0.016732 -0.389965
0.1075 -2 0.016732 -0.384965
0.1125 -2 0.016732 -0.379965
0.1175 -2 0.016732 -0.374965
0.1225 -2 0.016732 -0.369965
0.1275 -2 0.016732 -0.364965
0.1325 -2 0.016732 -0.359965
0.1375 -2 0.016732 -0.354965
0.1425 -2 0.016732 -0.349965
0.1475 -2 0.016732 -0.344965
0.1525 -2 0.016732 -0.339965
0.1575 -2 0.016732 -0.334965
0.1625 -2 0.016732 -0.329965
0.1675 -2 0.016732 -0.324965
0.1725 -2 0.016732 -0.319965
0.1775 -2 0.016732 -0.314965
0.1825 -2 0.016732 -0.309965
0.1875 -2 0.016732 -0.304965
0.1925 -2 0.016732 -0.299965
0.1975 -2 0.016732 -0.294965
0.2025 -2 0.016732 -0.289965
0.2075 -2 0.016732 -0.284965
0.2125 -2 0.016732 -0.279965
0.2175 -2 0.016732 -0.274965
0.2225 -2 0.016732 -0.269965
0.2275 -2 0.016732 -0.264965
0.2325 -2 0.016732 -0.259965
0.2375 -2 0.016732 -0.254965
0.2425 -2 0.016732 -0.249965
0.2475 -2 0.016732 -0.244965
0.2525 -2 0.016732 -0.239965
0.2575 -2 0.016732 -0.234965
0.2625 -2 0.016732 -0.229965
0.2675 -2 0.016732 -0.224965
0.2725 -2 0.016732 -0.219965
0.2775 -2 0.016732 -0.214965
0.2825 -2 0.016732 -0.209965
0.2875 -2 0.016732 -0.204965
0.2925 -2 0.016732 -0.199965
0.2975 -2 0.016732 -0.194965
0.3025 -2 0.016732 -0.189965
0.3075 -2 0.016732 -0.184965
0.3125 -2 0.016732 -0.179965
0.3175 -2 0.016732 -0.174965
0.3225 -2 0.016732 -0.169965
0.3275 -2 0.016732 -0.164965
0.3325 -2 0.016732 -0.159965
0.3375 -2 0.016732 -0.154965
0.3425 -2 0.016732 -0.149965
0.3475 -2 0.016732 -0.144965
0.3525 -2 0.016732 -0.139965
0.3575 -2 0.016732 -0.134965
0.3625 -2 0.016732 -0.129965
0.3675 -2 0.016732 -0.124965
0.3725 -2 0.016732 -0.119965
0.3775 -2 0.016732 -0.114965
0.3825 -2 0.016732 -0.109965
0.3875 -2 0.016732 -0.104965
0.3925 -2 0.016732 -0.0999651
0.3975 -1.99826 0.016732 -0.0949651
0.4025 -1.98915 0.016732 -0.0899683
0.4075 -1.96576 0.016732 -0.0849836
0.4125 -1.92482 0.016732 -0.0800203
0.4175 -1.86739 0.016732 -0.0750808
0.4225 -1.7964 0.016732 -0.0701626
0.4275 -1.71467 0.016732 -0.0652612
0.4325 -1.62423 0.016732 -0.0603732
0.4375 -1.52623 0.016732 -0.0554962
0.4425 -1.42121 0.016732 -0.0506292
0.4475 -1.30921 0.016732 -0.0457717
0.4525 -1.18991 0.016732 -0.040924
0.4575 -1.06257 0.016732 -0.0360869
0.4625 -0.92605 0.016732 -0.0312619
0.4675 -0.778621 0.016732 -0.0264512
0.4725 -0.619082 0.016732 -0.0216573
0.4775 -0.446013 0.016732 -0.0168811
0.4825 -0.257899 0.016732 -0.012126
0.4875 -0.0738459 0.016732 -0.00732068
0.4925 0.0202388 0.016732 -0.000425298
0.4975 0.016732 0.016732 0.00701861
0.5025 0.016732 0.0152431 0.00749809
0.5075 0.016732 -0.0022374 0.0124984
0.5125 0.016732 0.0832876 0.017363
0.5175 0.016732 0.261385 0.0221223
0.5225 0.016732 0.447289 0.0268798
0.5275 0.016732 0.619575 0.0316569
0.5325 0.016732 0.778811 0.0364511
0.5375 0.016732 0.926111 0.0412619
0.5425 0.016732 1.06258 0.0460869
0.5475 0.016732 1.1899 0.050924
0.5525 0.016732 1.3092 0.0557717
0.5575 0.016732 1.4212 0.0606292
0.5625 0.016732 1.52622 0.0654962
0.5675 0.016732 1.62422 0.0703732
0.5725 0.016732 1.71467 0.0752612
0.5775 0.016732 1.7964 0.0801626
0.5825 0.016732 1.86739 0.0850808
0.5875 0.016732 1.92482 0.0900203
0.5925 0.016732 1.96576 0.0949836
0.5975 0.016732 1.98915 0.0999683
0.6025 0.016732 1.99826 0.104965
0.6075 0.016732 2 0.109965
0.6125 0.016732 2 0.114965
0.6175 0.016732 2 0.119965
0.6225 0.016732 2 0.124965
0.6275 0.016732 2 0.129965
0.6325 0.016732 2 0.134965
0.6375 0.016732 2 0.139965
0.6425 0.016732 2 0.144965
0.6475 0.016732 2 0.149965
0.6525 0.016732 2 0.154965
0.6575 0.016732 2 0.159965
0.6625 0.016732 2 0.164965
0.6675 0.016732 2 0.169965
0.6725 0.016732 2 0.174965
0.6775 0.016732 2 0.179965
0.6825 0.016732 2 0.184965
0.6875 0.016732 2 0.189965
0.6925 0.016732 2 0.194965
0.6975 0.016732 2 0.199965
0.7025 0.016732 2 0.204965
0.7075 0.016732 2 0.209965
0.7125 0.016732 2 0.214965
0.7175 0.016732 2 0.219965
0.7225 0.016732 2 0.224965
0.7275 0.016732 2 0.229965
0.7325 0.016732 2 0.234965
0.7375 0.016732 2 0.239965
0.7425 0.016732 2 0.244965
0.7475 0.016732 2 0.249965
0.7525 0.016732 2 0.254965
0.7575 0.016732 2 0.259965
0.7625 0.016732 2 0.264965
0.7675 0.016732 2 0.269965
0.7725 0.016732 2 0.274965
0.7775 0.016732 2 0.279965
0.7825 0.016732 2 0.284965
0.7875 0.016732 2 0.289965
0.7925 0.016732 2 0.294965
0.7975 0.016732 2 0.299965
0.8025 0.016732 2 0.304965
0.8075 0.016732 2 0.309965
0.8125 0.016732 2 0.314965
0.8175 0.016732 2 0.319965
0.8225 0.016732 2 0.324965
0.8275 0.016732 2 0.329965
0.8325 0.016732 2 0.334965
0.8375 0.016732 2 0.339965
0.8425 0.016732 2 0.344965
0.8475 0.016732 2 0.349965
0.8525 0.016732 2 0.354965
0.8575 0.016732 2 0.359965
0.8625 0.016732 2 0.364965
0.8675 0.016732 2 0.369965
0.8725 0.016732 2 0.374965
0.8775 0.016732 2 0.379965
0.8825 0.016732 2 0.384965
0.8875 0.016732 2 0.389965
0.8925 0.016732 2 0.394965
0.8975 0.016732 2 0.399965
0.9025 0.016732 2 0.404965
0.9075 0.016732 2 0.409965
0.9125 0.016732 2 0.414965
0.9175 0.016732 2 0.419965
0.9225 0.016732 2 0.424965
0.9275 0.016732 2 0.429965
0.9325 0.016732 2 0.434965
0.9375 0.016732 2 0.439965
0.9425 0.016732 2 0.444965
0.9475 0.016732 2 0.449965
0.9525 0.016732 2 0.454965
0.9575 0.016732 2 0.459965
0.9625 0.016732 2 0.464965
0.9675 0.016732 2 0.469965
0.9725 0.016732 2 0.474965
0.9775 0.016732 2 0.479965
0.9825 0.016732 2 0.484965
0.9875 0.016732 2 0.489965
0.9925 0.016732 2 0.494965
0.9975 0.016732 2 0.499965
