0.0025 -2 0.0489856 -0.489965
0.0075 -2 0.0489856 -0.484965
0.0125 -2 0.0489856 -0.479965
0.0175 -2 0.0489856 -0.474965
0.0225 -2 0.0489856 -0.469965
0.0275 -2 0.0489856 -0.464965
0.0325 -2 0.0489856 -0.459965
0.0375 -2 0.0489856 -0.454965
0.0425 -2 0.0489856 -0.449965
0.0475 -2 0.0489856 -0.444965
0.0525 -2 0.0489856 -0.439965
0.0575 -2 0.0489856 -0.434965
0.0625 -2 0.0489856 -0.429965
0.0675 -2 0.0489856 -0.424965
0.0725 -2 0.0489856 -0.419965
0.0775 -2 0.0489856 -0.414965
0.0825 -2 0.0489856 -0.409965
0.0875 -2 0.0489856 -0.404965
0.0925 -2 0.0489856 -0.399965
0.0975 -2 0.0489856 -0.394965
0.1025 -2 0.0489856 -0.389965
0.1075 -2 0.0489856 -0.384965
0.1125 -2 0.0489856 -0.379965
0.1175 -2 0.0489856 -0.374965
0.1225 -2 0.0489856 -0.369965
0.1275 -2 0.0489856 -0.364965
0.1325 -2 0.0489856 -0.359965
0.1375 -2 0.0489856 -0.354965
0.1425 -2 0.0489856 -0.349965
0.1475 -2 0.0489856 -0.344965
0.1525 -2 0.0489856 -0.339965
0.1575 -2 0.0489856 -0.334965
0.1625 -2 0.0489856 -0.329965
0.1675 -2 0.0489856 -0.324965
0.1725 -2 0.0489856 -0.319965
0.1775 -2 0.0489856 -0.314965
0.1825 -2 0.0489856 -0.309965
0.1875 -2 0.0489856 -0.304965
0.1925 -2 0.0489856 -0.299965
0.1975 -2 0.0489856 -0.294965
0.2025 -2 0.0489856 -0.289965
0.2075 -2 0.0489856 -0.284965
0.2125 -2 0.0489856 -0.279965
0.2175 -2 0.0489856 -0.274965
0.2225 -2 0.0489856 -0.269965
0.2275 -2 0.0489856 -0.264965
0.2325 -2 0.0489856 -0.259965
0.2375 -2 0.0489856 -0.254965
0.2425 -2 0.0489856 -0.249965
0.2475 -2 0.0489856 -0.244965
0.2525 -2 0.0489856 -0.239965
0.2575 -2 0.0489856 -0.234965
0.2625 -2 0.0489856 -0.229965
0.2675 -2 0.0489856 -0.224965
0.2725 -2 0.0489856 -0.219965
0.2775 -2 0.0489856 -0.214965
0.2825 -2 0.0489856 -0.209965
0.2875 -2 0.0489856 -0.204965
0.2925 -2 0.0489856 -0.199965
0.2975 -2 0.0489856 -0.194965
0.3025 -2 0.0489856 -0.189965
0.3075 -2 0.0489856 -0.184965
0.3125 -2 0.0489856 -0.179965
0.3175 -2 0.0489856 -0.174965
0.3225 -2 0.0489856 -0.169965
0.3275 -2 0.0489856 -0.164965
0.3325 -2 0.0489856 -0.159965
0.3375 -2 0.0489856 -0.154965
0.3425 -2 0.0489856 -0.149965
0.3475 -2 0.0489856 -0.144965
0.3525 -2 0.0489856 -0.139965
0.3575 -2 0.0489856 -0.134965
0.3625 -1.99968 0.0489856 -0.129965
0.3675 -1.99744 0.0489856 -0.124966
0.3725 -1.98982 0.0489856 -0.11997
0.3775 -1.97287 0.0489856 -0.114982
0.3825 -1.94428 0.0489856 -0.110008
0.3875 -1.90409 0.0489856 -0.105049
0.3925 -1.85377 0.0489856 -0.100106
0.3975 -1.79521 0.0489856 -0.0951755
0.4025 -1.73003 0.0489856 -0.0902551
0.4075 -1.65943 0.0489856 -0.0853428
0.4125 -1.58422 0.0489856 -0.0804372
0.4175 -1.50488 0.0489856 -0.0755376
0.4225 -1.42165 0.0489856 -0.0706433
0.4275 -1.3346 0.0489856 -0.0657542
0.4325 -1.24367 0.0489856 -0.0608703
0.4375 -1.14869 0.0489856 -0.0559918
0.4425 -1.04936 0.0489856 -0.051119
0.4475 -0.945316 0.0489856 -0.0462524
0.4525 -0.83605 0.0489856 -0.0413927
0.4575 -0.720925 0.0489856 -0.0365407
0.4625 -0.599543 0.0489856 -0.0316972
0.4675 -0.471525 0.0489856 -0.0268625
0.4725 -0.335968 0.0489856 -0.0220381
0.4775 -0.194053 0.0489856 -0.0172232
0.4825 -0.0554507 0.0489856 -0.0124071
0.4875 0.0440177 0.0489856 -0.0075445
0.4925 0.0526281 0.0489856 -0.000892335
0.4975 0.0489856 0.0489856 0.0065104
0.5025 0.0489856 0.0433557 0.00748885
0.5075 0.0489856 -0.0203705 0.0125244
0.5125 0.0489856 -0.0262238 0.0175239
0.5175 0.0489856 0.06324 0.022398
0.5225 0.0489856 0.197599 0.0272191
0.5275 0.0489856 0.337693 0.0320361
0.5325 0.0489856 0.472406 0.0368615
0.5375 0.0489856 0.600006 0.0416967
0.5425 0.0489856 0.721168 0.0465404
0.5475 0.0489856 0.836172 0.0513926
0.5525 0.0489856 0.945373 0.0562524
0.5575 0.0489856 1.04938 0.061119
0.5625 0.0489856 1.14869 0.0659918
0.5675 0.0489856 1.24367 0.0708703
0.5725 0.0489856 1.3346 0.0757542
0.5775 0.0489856 1.42164 0.0806433
0.5825 0.0489856 1.50487 0.0855376
0.5875 0.0489856 1.58422 0.0904372
0.5925 0.0489856 1.65943 0.0953428
0.5975 0.0489856 1.73003 0.100255
0.6025 0.0489856 1.79521 0.105176
0.6075 0.0489856 1.85377 0.110106
0.6125 0.0489856 1.90409 0.115049
0.6175 0.0489856 1.94428 0.120008
0.6225 0.0489856 1.97287 0.124982
0.6275 0.0489856 1.98982 0.12997
0.6325 0.0489856 1.99744 0.134966
0.6375 0.0489856 1.99968 0.139965
0.6425 0.0489856 2 0.144965
0.6475 0.0489856 2 0.149965
0.6525 0.0489856 2 0.154965
0.6575 0.0489856 2 0.159965
0.6625 0.0489856 2 0.164965
0.6675 0.0489856 2 0.169965
0.6725 0.0489856 2 0.174965
0.6775 0.0489856 2 0.179965
0.6825 0.0489856 2 0.184965
0.6875 0.0489856 2 0.189965
0.6925 0.0489856 2 0.194965
0.6975 0.0489856 2 0.199965
0.7025 0.0489856 2 0.204965
0.7075 0.0489856 2 0.209965
0.7125 0.0489856 2 0.214965
0.7175 0.0489856 2 0.219965
0.7225 0.0489856 2 0.224965
0.7275 0.0489856 2 0.229965
0.7325 0.0489856 2 0.234965
0.7375 0.0489856 2 0.239965
0.7425 0.0489856 2 0.244965
0.7475 0.0489856 2 0.249965
0.7525 0.0489856 2 0.254965
0.7575 0.0489856 2 0.259965
0.7625 0.0489856 2 0.264965
0.7675 0.0489856 2 0.269965
0.7725 0.0489856 2 0.274965
0.7775 0.0489856 2 0.279965
0.7825 0.0489856 2 0.284965
0.7875 0.0489856 2 0.289965
0.7925 0.0489856 2 0.294965
0.7975 0.0489856 2 0.299965
0.8025 0.0489856 2 0.304965
0.8075 0.0489856 2 0.309965
0.8125 0.0489856 2 0.314965
0.8175 0.0489856 2 0.319965
0.8225 0.0489856 2 0.324965
0.8275 0.0489856 2 0.329965
0.8325 0.0489856 2 0.334965
0.8375 0.0489856 2 0.339965
0.8425 0.0489856 2 0.344965
0.8475 0.0489856 2 0.349965
0.8525 0.0489856 2 0.354965
0.8575 0.0489856 2 0.359965
0.8625 0.0489856 2 0.364965
0.8675 0.0489856 2 0.369965
0.8725 0.0489856 2 0.374965
0.8775 0.0489856 2 0.379965
0.8825 0.0489856 2 0.384965
0.8875 0.0489856 2 0.389965
0.8925 0.0489856 2 0.394965
0.8975 0.0489856 2 0.399965
0.9025 0.0489856 2 0.404965
0.9075 0.0489856 2 0.409965
0.9125 0.0489856 2 0.414965
0.9175 0.0489856 2 0.419965
0.9225 0.0489856 2 0.424965
0.9275 0.0489856 2 0.429965
0.9325 0.0489856 2 0.434965
0.9375 0.0489856 2 0.439965
0.9425 0.0489856 2 0.444965
0.9475 0.0489856 2 0.449965
0.9525 0.0489856 2 0.454965
0.9575 0.0489856 2 0.459965
0.9625 0.0489856 2 0.464965
0.9675 0.0489856 2 0.469965
0.9725 0.0489856 2 0.474965
0.9775 0.0489856 2 0.479965
0.9825 0.0489856 2 0.484965
0.9875 0.0489856 2 0.489965
0.9925 0.0489856 2 0.494965
0.9975 0.0489856 2 0.499965
