0.0025 -2 0.0770454 -0.489965
0.0075 -2 0.0770454 -0.484965
0.0125 -2 0.0770454 -0.479965
0.0175 -2 0.0770454 -0.474965
0.0225 -2 0.0770454 -0.469965
0.0275 -2 0.0770454 -0.464965
0.0325 -2 0.0770454 -0.459965
0.0375 -2 0.0770454 -0.454965
0.0425 -2 0.0770454 -0.449965
0.0475 -2 0.0770454 -0.444965
0.0525 -2 0.0770454 -0.439965
0.0575 -2 0.0770454 -0.434965
0.0625 -2 0.0770454 -0.429965
0.0675 -2 0.0770454 -0.424965
0.0725 -2 0.0770454 -0.419965
0.0775 -2 0.0770454 -0.414965
0.0825 -2 0.0770454 -0.409965
0.0875 -2 0.0770454 -0.404965
0.0925 -2 0.0770454 -0.399965
0.0975 -2 0.0770454 -0.394965
0.1025 -2 0.0770454 -0.389965
0.1075 -2 0.0770454 -0.384965
0.1125 -2 0.0770454 -0.379965
0.1175 -2 0.0770454 -0.374965
0.1225 -2 0.0770454 -0.369965
0.1275 -2 0.0770454 -0.364965
0.1325 -2 0.0770454 -0.359965
0.1375 -2 0.0770454 -0.354965
0.1425 -2 0.0770454 -0.349965
0.1475 -2 0.0770454 -0.344965
0.1525 -2 0.0770454 -0.339965
0.1575 -2 0.0770454 -0.334965
0.1625 -2 0.0770454 -0.329965
0.1675 -2 0.0770454 -0.324965
0.1725 -2 0.0770454 -0.319965
0.1775 -2 0.0770454 -0.314965
0.1825 -2 0.0770454 -0.309965
0.1875 -2 0.0770454 -0.304965
0.1925 -2 0.0770454 -0.299965
0.1975 -2 0.0770454 -0.294965
0.2025 -2 0.0770454 -0.289965
0.2075 -2 0.0770454 -0.284965
0.2125 -2 0.0770454 -0.279965
0.2175 -2 0.0770454 -0.274965
0.2225 -2 0.0770454 -0.269965
0.2275 -2 0.0770454 -0.264965
0.2325 -2 0.0770454 -0.259965
0.2375 -2 0.0770454 -0.254965
0.2425 -2 0.0770454 -0.249965
0.2475 -2 0.0770454 -0.244965
0.2525 -2 0.0770454 -0.239965
0.2575 -2 0.0770454 -0.234965
0.2625 -2 0.0770454 -0.229965
0.2675 -2 0.0770454 -0.224965
0.2725 -2 0.0770454 -0.219965
0.2775 -2 0.0770454 -0.214965
0.2825 -2 0.0770454 -0.209965
0.2875 -2 0.0770454 -0.204965
0.2925 -2 0.0770454 -0.199965
0.2975 -2 0.0770454 -0.194965
0.3025 -2 0.0770454 -0.189965
0.3075 -2 0.0770454 -0.184965
0.3125 -2 0.0770454 -0.179965
0.3175 -2 0.0770454 -0.174965
0.3225 -2 0.0770454 -0.169965
0.3275 -1.99994 0.0770454 -0.164965
0.3325 -1.99942 0.0770454 -0.159965
0.3375 -1.99718 0.0770454 -0.154966
0.3425 -1.99093 0.0770454 -0.14997
0.3475 -1.9781 0.0770454 -0.14498
0.3525 -1.95695 0.0770454 -0.139999
0.3575 -1.92713 0.0770454 -0.13503
0.3625 -1.88934 0.0770454 -0.130071
0.3675 -1.8448 0.0770454 -0.125123
0.3725 -1.79475 0.0770454 -0.120184
0.3775 -1.74022 0.0770454 -0.115251
0.3825 -1.682 0.0770454 -0.110323
0.3875 -1.62065 0.0770454 -0.1054
0.3925 -1.55654 0.0770454 -0.100481
0.3975 -1.48992 0.0770454 -0.0955659
0.4025 -1.4209 0.0770454 -0.0906537
0.4075 -1.34955 0.0770454 -0.0857447
0.4125 -1.27584 0.0770454 -0.0808388
0.4175 -1.19974 0.0770454 -0.075936
0.4225 -1.12114 0.0770454 -0.0710366
0.4275 -1.03991 0.0770454 -0.0661406
0.4325 -0.955887 0.0770454 -0.0612483
0.4375 -0.868877 0.0770454 -0.0563599
0.4425 -0.778644 0.0770454 -0.0514758
0.4475 -0.684916 0.0770454 -0.0465962
0.4525 -0.587529 0.0770454 -0.0417216
0.4575 -0.486354 0.0770454 -0.0368519
0.4625 -0.381082 0.0770454 -0.0319878
0.4675 -0.27196 0.0770454 -0.0271291
0.4725 -0.160419 0.0770454 -0.0222742
0.4775 -0.0516954 0.0770454 -0.0174172
0.4825 0.0393059 0.0770454 -0.0125393
0.4875 0.0860395 0.0770454 -0.00760482
0.4925 0.0792855 0.0770454 -0.0017035
0.4975 0.0770454 0.0770454 0.00554979
0.5025 0.0770454 0.067496 0.00746469
0.5075 0.0770454 -0.0199435 0.0125262
0.5125 0.0770454 -0.0493919 0.0175621
0.5175 0.0770454 -0.0224025 0.02252
0.5225 0.0770454 0.058959 0.0274088
0.5275 0.0770454 0.163924 0.0322701
0.5325 0.0770454 0.27385 0.0371269
0.5375 0.0770454 0.382178 0.0419865
0.5425 0.0770454 0.487012 0.0468512
0.5475 0.0770454 0.587932 0.0517211
0.5525 0.0770454 0.685163 0.0565959
0.5575 0.0770454 0.778792 0.0614756
0.5625 0.0770454 0.868964 0.0663598
0.5675 0.0770454 0.955935 0.0712483
0.5725 0.0770454 1.03993 0.0761406
0.5775 0.0770454 1.12115 0.0810366
0.5825 0.0770454 1.19974 0.085936
0.5875 0.0770454 1.27584 0.0908388
0.5925 0.0770454 1.34954 0.0957447
0.5975 0.0770454 1.4209 0.100654
0.6025 0.0770454 1.48991 0.105566
0.6075 0.0770454 1.55654 0.110481
0.6125 0.0770454 1.62065 0.1154
0.6175 0.0770454 1.682 0.120323
0.6225 0.0770454 1.74022 0.125251
0.6275 0.0770454 1.79475 0.130184
0.6325 0.0770454 1.8448 0.135123
0.6375 0.0770454 1.88934 0.140071
0.6425 0.0770454 1.92713 0.14503
0.6475 0.0770454 1.95695 0.149999
0.6525 0.0770454 1.9781 0.15498
0.6575 0.0770454 1.99093 0.15997
0.6625 0.0770454 1.99718 0.164966
0.6675 0.0770454 1.99942 0.169965
0.6725 0.0770454 1.99994 0.174965
0.6775 0.0770454 2 0.179965
0.6825 0.0770454 2 0.184965
0.6875 0.0770454 2 0.189965
0.6925 0.0770454 2 0.194965
0.6975 0.0770454 2 0.199965
0.7025 0.0770454 2 0.204965
0.7075 0.0770454 2 0.209965
0.7125 0.0770454 2 0.214965
0.7175 0.0770454 2 0.219965
0.7225 0.0770454 2 0.224965
0.7275 0.0770454 2 0.229965
0.7325 0.0770454 2 0.234965
0.7375 0.0770454 2 0.239965
0.7425 0.0770454 2 0.244965
0.7475 0.0770454 2 0.249965
0.7525 0.0770454 2 0.254965
0.7575 0.0770454 2 0.259965
0.7625 0.0770454 2 0.264965
0.7675 0.0770454 2 0.269965
0.7725 0.0770454 2 0.274965
0.7775 0.0770454 2 0.279965
0.7825 0.0770454 2 0.284965
0.7875 0.0770454 2 0.289965
0.7925 0.0770454 2 0.294965
0.7975 0.0770454 2 0.299965
0.8025 0.0770454 2 0.304965
0.8075 0.0770454 2 0.309965
0.8125 0.0770454 2 0.314965
0.8175 0.0770454 2 0.319965
0.8225 0.0770454 2 0.324965
0.8275 0.0770454 2 0.329965
0.8325 0.0770454 2 0.334965
0.8375 0.0770454 2 0.339965
0.8425 0.0770454 2 0.344965
0.8475 0.0770454 2 0.349965
0.8525 0.0770454 2 0.354965
0.8575 0.0770454 2 0.359965
0.8625 0.0770454 2 0.364965
0.8675 0.0770454 2 0.369965
0.8725 0.0770454 2 0.374965
0.8775 0.0770454 2 0.379965
0.8825 0.0770454 2 0.384965
0.8875 0.0770454 2 0.389965
0.8925 0.0770454 2 0.394965
0.8975 0.0770454 2 0.399965
0.9025 0.0770454 2 0.404965
0.9075 0.0770454 2 0.409965
0.9125 0.0770454 2 0.414965
0.9175 0.0770454 2 0.419965
0.9225 0.0770454 2 0.424965
0.9275 0.0770454 2 0.429965
0.9325 0.0770454 2 0.434965
0.9375 0.0770454 2 0.439965
0.9425 0.0770454 2 0.444965
0.9475 0.0770454 2 0.449965
0.9525 0.0770454 2 0.454965
0.9575 0.0770454 2 0.459965
0.9625 0.0770454 2 0.464965
0.9675 0.0770454 2 0.469965
0.9725 0.0770454 2 0.474965
0.9775 0.0770454 2 0.479965
0.9825 0.0770454 2 0.484965
0.9875 0.0770454 2 0.489965
0.9925 0.0770454 2 0.494965
0.9975 0.0770454 2 0.499965
