0.0025 -2 0.0949711 -0.489965
0.0075 -2 0.0949711 -0.484965
0.0125 -2 0.0949711 -0.479965
0.0175 -2 0.0949711 -0.474965
0.0225 -2 0.0949711 -0.469965
0.0275 -2 0.0949711 -0.464965
0.0325 -2 0.0949711 -0.459965
0.0375 -2 0.0949711 -0.454965
0.0425 -2 0.0949711 -0.449965
0.0475 -2 0.0949711 -0.444965
0.0525 -2 0.0949711 -0.439965
0.0575 -2 0.0949711 -0.434965
0.0625 -2 0.0949711 -0.429965
0.0675 -2 0.0949711 -0.424965
0.0725 -2 0.0949711 -0.419965
0.0775 -2 0.0949711 -0.414965
0.0825 -2 0.0949711 -0.409965
0.0875 -2 0.0949711 -0.404965
0.0925 -2 0.0949711 -0.399965
0.0975 -2 0.0949711 -0.394965
0.1025 -2 0.0949711 -0.389965
0.1075 -2 0.0949711 -0.384965
0.1125 -2 0.0949711 -0.379965
0.1175 -2 0.0949711 -0.374965
0.1225 -2 0.0949711 -0.369965
0.1275 -2 0.0949711 -0.364965
0.1325 -2 0.0949711 -0.359965
0.1375 -2 0.0949711 -0.354965
0.1425 -2 0.0949711 -0.349965
0.1475 -2 0.0949711 -0.344965
0.1525 -2 0.0949711 -0.339965
0.1575 -2 0.0949711 -0.334965
0.1625 -2 0.0949711 -0.329965
0.1675 -2 0.0949711 -0.324965
0.1725 -2 0.0949711 -0.319965
0.1775 -2 0.0949711 -0.314965
0.1825 -2 0.0949711 -0.309965
0.1875 -2 0.0949711 -0.304965
0.1925 -2 0.0949711 -0.299965
0.1975 -2 0.0949711 -0.294965
0.2025 -2 0.0949711 -0.289965
0.2075 -2 0.0949711 -0.284965
0.2125 -2 0.0949711 -0.279965
0.2175 -2 0.0949711 -0.274965
0.2225 -2 0.0949711 -0.269965
0.2275 -2 0.0949711 -0.264965
0.2325 -2 0.0949711 -0.259965
0.2375 -2 0.0949711 -0.254965
0.2425 -2 0.0949711 -0.249965
0.2475 -2 0.0949711 -0.244965
0.2525 -2 0.0949711 -0.239965
0.2575 -2 0.0949711 -0.234965
0.2625 -2 0.0949711 -0.229965
0.2675 -2 0.0949711 -0.224965
0.2725 -2 0.0949711 -0.219965
0.2775 -2 0.0949711 -0.214965
0.2825 -2 0.0949711 -0.209965
0.2875 -2 0.0949711 -0.204965
0.2925 -1.99999 0.0949711 -0.199965
0.2975 -1.99987 0.0949711 -0.194965
0.3025 -1.99927 0.0949711 -0.189965
0.3075 -1.9972 0.0949711 -0.184966
0.3125 -1.99208 0.0949711 -0.17997
0.3175 -1.98208 0.0949711 -0.174978
0.3225 -1.96585 0.0949711 -0.169992
0.3275 -1.94287 0.0949711 -0.165016
0.3325 -1.91344 0.0949711 -0.160048
0.3375 -1.87832 0.0949711 -0.155088
0.3425 -1.83842 0.0949711 -0.150136
0.3475 -1.79459 0.0949711 -0.145189
0.3525 -1.74754 0.0949711 -0.140247
0.3575 -1.69782 0.0949711 -0.13531
0.3625 -1.64582 0.0949711 -0.130375
0.3675 -1.59184 0.0949711 -0.125443
0.3725 -1.53608 0.0949711 -0.120514
0.3775 -1.47866 0.0949711 -0.115587
0.3825 -1.41966 0.0949711 -0.110662
0.3875 -1.35912 0.0949711 -0.105739
0.3925 -1.29703 0.0949711 -0.100818
0.3975 -1.23339 0.0949711 -0.0958997
0.4025 -1.16815 0.0949711 -0.0909831
0.4075 -1.10126 0.0949711 -0.0860686
0.4125 -1.03265 0.0949711 -0.0811565
0.4175 -0.962239 0.0949711 -0.0762466
0.4225 -0.889929 0.0949711 -0.0713393
0.4275 -0.815614 0.0949711 -0.0664346
0.4325 -0.739176 0.0949711 -0.0615327
0.4375 -0.660486 0.0949711 -0.0566337
0.4425 -0.579462 0.0949711 -0.0517378
0.4475 -0.496049 0.0949711 -0.0468451
0.4525 -0.410134 0.0949711 -0.0419557
0.4575 -0.32179 0.0949711 -0.0370697
0.4625 -0.231419 0.0949711 -0.0321865
0.4675 -0.140238 0.0949711 -0.0273048
0.4725 -0.0514614 0.0949711 -0.0224208
0.4775 0.0272959 0.0949711 -0.017525
0.4825 0.082301 0.0949711 -0.0125996
0.4875 0.102593 0.0949711 -0.00762827
0.4925 0.0961559 0.0949711 -0.0026423
0.4975 0.0949711 0.0949711 0.00429857
0.5025 0.0949711 0.0825418 0.00742698
0.5075 0.0949711 -0.0125735 0.0125172
0.5125 0.0949711 -0.041122 0.0175543
0.5175 0.0949711 -0.0471216 0.0225585
0.5225 0.0949711 -0.0109815 0.0275064
0.5275 0.0949711 0.0587931 0.0324124
0.5325 0.0949711 0.143887 0.0373006
0.5375 0.0949711 0.233455 0.0421841
0.5425 0.0949711 0.323029 0.0470682
0.5475 0.0949711 0.410929 0.0519548
0.5525 0.0949711 0.496574 0.0568445
0.5575 0.0949711 0.579814 0.0617374
0.5625 0.0949711 0.660724 0.0666334
0.5675 0.0949711 0.739334 0.0715325
0.5725 0.0949711 0.815719 0.0764345
0.5775 0.0949711 0.889997 0.0813392
0.5825 0.0949711 0.962282 0.0862466
0.5875 0.0949711 1.03268 0.0911564
0.5925 0.0949711 1.10128 0.0960686
0.5975 0.0949711 1.16816 0.100983
0.6025 0.0949711 1.23339 0.1059
0.6075 0.0949711 1.29703 0.110818
0.6125 0.0949711 1.35911 0.115739
0.6175 0.0949711 1.41966 0.120662
0.6225 0.0949711 1.47866 0.125587
0.6275 0.0949711 1.53608 0.130514
0.6325 0.0949711 1.59184 0.135443
0.6375 0.0949711 1.64582 0.140375
0.6425 0.0949711 1.69781 0.14531
0.6475 0.0949711 1.74754 0.150247
0.6525 0.0949711 1.79459 0.155189
0.6575 0.0949711 1.83841 0.160136
0.6625 0.0949711 1.87832 0.165088
0.6675 0.0949711 1.91344 0.170048
0.6725 0.0949711 1.94287 0.175016
0.6775 0.0949711 1.96585 0.179992
0.6825 0.0949711 1.98208 0.184978
0.6875 0.0949711 1.99208 0.18997
0.6925 0.0949711 1.9972 0.194966
0.6975 0.0949711 1.99927 0.199965
0.7025 0.0949711 1.99987 0.204965
0.7075 0.0949711 1.99999 0.209965
0.7125 0.0949711 2 0.214965
0.7175 0.0949711 2 0.219965
0.7225 0.0949711 2 0.224965
0.7275 0.0949711 2 0.229965
0.7325 0.0949711 2 0.234965
0.7375 0.0949711 2 0.239965
0.7425 0.0949711 2 0.244965
0.7475 0.0949711 2 0.249965
0.7525 0.0949711 2 0.254965
0.7575 0.0949711 2 0.259965
0.7625 0.0949711 2 0.264965
0.7675 0.0949711 2 0.269965
0.7725 0.0949711 2 0.274965
0.7775 0.0949711 2 0.279965
0.7825 0.0949711 2 0.284965
0.7875 0.0949711 2 0.289965
0.7925 0.0949711 2 0.294965
0.7975 0.0949711 2 0.299965
0.8025 0.0949711 2 0.304965
0.8075 0.0949711 2 0.309965
0.8125 0.0949711 2 0.314965
0.8175 0.0949711 2 0.319965
0.8225 0.0949711 2 0.324965
0.8275 0.0949711 2 0.329965
0.8325 0.0949711 2 0.334965
0.8375 0.0949711 2 0.339965
0.8425 0.0949711 2 0.344965
0.8475 0.0949711 2 0.349965
0.8525 0.0949711 2 0.354965
0.8575 0.0949711 2 0.359965
0.8625 0.0949711 2 0.364965
0.8675 0.0949711 2 0.369965
0.8725 0.0949711 2 0.374965
0.8775 0.0949711 2 0.379965
0.8825 0.0949711 2 0.384965
0.8875 0.0949711 2 0.389965
0.8925 0.0949711 2 0.394965
0.8975 0.0949711 2 0.399965
0.9025 0.0949711 2 0.404965
0.9075 0.0949711 2 0.409965
0.9125 0.0949711 2 0.414965
0.9175 0.0949711 2 0.419965
0.9225 0.0949711 2 0.424965
0.9275 0.0949711 2 0.429965
0.9325 0.0949711 2 0.434965
0.9375 0.0949711 2 0.439965
0.9425 0.0949711 2 0.444965
0.9475 0.0949711 2 0.449965
0.9525 0.0949711 2 0.454965
0.9575 0.0949711 2 0.459965
0.9625 0.0949711 2 0.464965
0.9675 0.0949711 2 0.469965
0.9725 0.0949711 2 0.474965
0.9775 0.0949711 2 0.479965
0.9825 0.0949711 2 0.484965
0.9875 0.0949711 2 0.489965
0.9925 0.0949711 2 0.494965
0.9975 0.0949711 2 0.499965
