0.0025 111.895 0 -0.4975
0.0075 111.89 0 -0.492708
0.0125 111.886 0 -0.487708
0.0175 111.882 0 -0.482708
0.0225 111.878 0 -0.477708
0.0275 111.875 0 -0.472708
0.0325 111.872 0 -0.467708
0.0375 111.869 0 -0.462708
0.0425 111.867 0 -0.457708
0.0475 111.864 0 -0.452708
0.0525 111.862 0 -0.447708
0.0575 111.86 0 -0.442708
0.0625 111.858 0 -0.437708
0.0675 111.856 0 -0.432708
0.0725 111.854 0 -0.427708
0.0775 111.852 0 -0.422708
0.0825 111.85 0 -0.417708
0.0875 111.848 0 -0.412708
0.0925 111.847 0 -0.407708
0.0975 111.845 0 -0.402708
0.1025 111.844 0 -0.397708
0.1075 111.843 0 -0.392708
0.1125 111.842 0 -0.387708
0.1175 111.841 0 -0.382708
0.1225 111.84 0 -0.377708
0.1275 111.839 0 -0.372708
0.1325 111.838 0 -0.367708
0.1375 111.836 0 -0.362708
0.1425 111.835 0 -0.357708
0.1475 111.834 0 -0.352708
0.1525 111.833 0 -0.347708
0.1575 111.832 0 -0.342708
0.1625 111.831 0 -0.337708
0.1675 111.83 0 -0.332708
0.1725 111.829 0 -0.327708
0.1775 111.829 0 -0.322708
0.1825 111.828 0 -0.317708
0.1875 111.827 0 -0.312708
0.1925 111.824 0 -0.307708
0.1975 111.82 0 -0.302708
0.2025 111.811 0 -0.297708
0.2075 111.792 0 -0.292708
0.2125 111.754 0 -0.287708
0.2175 111.679 0 -0.282708
0.2225 111.537 0 -0.277707
0.2275 111.276 0 -0.272707
0.2325 110.811 0 -0.267706
0.2375 110.004 0 -0.262704
0.2425 108.647 0 -0.257702
0.2475 106.439 0 -0.252697
0.2525 102.966 0 -0.24769
0.2575 97.7241 0 -0.24268
0.2625 90.1937 0 -0.237665
0.2675 80.0395 0 -0.232645
0.2725 67.4112 0 -0.227621
0.2775 53.2107 0 -0.222594
0.2825 39.0244 0 -0.217568
0.2875 26.551 0 -0.212546
0.2925 16.8633 0 -0.207529
0.2975 10.1107 0 -0.202517
0.3025 5.79142 0 -0.19751
0.3075 3.20014 0 -0.192505
0.3125 1.71712 0 -0.187503
0.3175 0.898208 0 -0.182501
0.3225 0.458953 0 -0.177501
0.3275 0.229263 0 -0.1725
0.3325 0.111982 0 -0.1675
0.3375 0.0534723 0 -0.1625
0.3425 0.0249533 0 -0.1575
0.3475 0.0113756 0 -0.1525
0.3525 0.00506391 0 -0.1475
0.3575 0.0022004 0 -0.1425
0.3625 0.000932971 0 -0.1375
0.3675 0.000385872 0 -0.1325
0.3725 0.000155633 0 -0.1275
0.3775 6.11973e-05 0 -0.1225
0.3825 2.34545e-05 0 -0.1175
0.3875 8.75975e-06 0 -0.1125
0.3925 3.18741e-06 0 -0.1075
0.3975 1.12975e-06 0 -0.1025
0.4025 3.89986e-07 0 -0.0975
0.4075 1.31087e-07 0 -0.0925
0.4125 4.28984e-08 0 -0.0875
0.4175 1.36654e-08 0 -0.0825
0.4225 4.23679e-09 0 -0.0775
0.4275 1.27821e-09 0 -0.0725
0.4325 3.75176e-10 0 -0.0675
0.4375 1.07142e-10 0 -0.0625
0.4425 2.9749e-11 0 -0.0575
0.4475 8.01618e-12 0 -0.0525
0.4525 2.07096e-12 0 -0.0475
0.4575 4.95475e-13 0 -0.0425
0.4625 1.12183e-13 0 -0.0375
0.4675 5.41226e-15 0 -0.0325
0.4725 0 0 -0.0275
0.4775 0 0 -0.0225
0.4825 0 0 -0.0175
0.4875 0 0 -0.0125
0.4925 0 0 -0.0075
0.4975 0 0 -0.0025
0.5025 0 0 0.0025
0.5075 0 0 0.0075
0.5125 0 0 0.0125
0.5175 0 0 0.0175
0.5225 0 0 0.0225
0.5275 0 0 0.0275
0.5325 0 0 0.0325
0.5375 0 0 0.0375
0.5425 0 0 0.0425
0.5475 0 0 0.0475
0.5525 0 0 0.0525
0.5575 0 0 0.0575
0.5625 0 0 0.0625
0.5675 0 0 0.0675
0.5725 0 0 0.0725
0.5775 0 0 0.0775
0.5825 0 0 0.0825
0.5875 0 0 0.0875
0.5925 0 0 0.0925
0.5975 0 0 0.0975
0.6025 0 0 0.1025
0.6075 0 0 0.1075
0.6125 0 0 0.1125
0.6175 0 0 0.1175
0.6225 0 0 0.1225
0.6275 0 0 0.1275
0.6325 0 0 0.1325
0.6375 0 0 0.1375
0.6425 0 0 0.1425
0.6475 0 0 0.1475
0.6525 0 0 0.1525
0.6575 0 0 0.1575
0.6625 0 0 0.1625
0.6675 0 0 0.1675
0.6725 0 0 0.1725
0.6775 0 0 0.1775
0.6825 0 0 0.1825
0.6875 0 0 0.1875
0.6925 0 0 0.1925
0.6975 0 0 0.1975
0.7025 0 0 0.2025
0.7075 0 0 0.2075
0.7125 0 0 0.2125
0.7175 0 0 0.2175
0.7225 0 0 0.2225
0.7275 0 0 0.2275
0.7325 0 0 0.2325
0.7375 0 0 0.2375
0.7425 0 0 0.2425
0.7475 0 0 0.2475
0.7525 0 0 0.2525
0.7575 0 0 0.2575
0.7625 0 0 0.2625
0.7675 0 0 0.2675
0.7725 0 0 0.2725
0.7775 0 0 0.2775
0.7825 0 0 0.2825
0.7875 0 0 0.2875
0.7925 0 0 0.2925
0.7975 0 0 0.2975
0.8025 0 0 0.3025
0.8075 0 0 0.3075
0.8125 0 0 0.3125
0.8175 0 0 0.3175
0.8225 0 0 0.3225
0.8275 0 0 0.3275
0.8325 0 0 0.3325
0.8375 0 0 0.3375
0.8425 0 0 0.3425
0.8475 0 0 0.3475
0.8525 0 0 0.3525
0.8575 0 0 0.3575
0.8625 0 0 0.3625
0.8675 0 0 0.3675
0.8725 0 0 0.3725
0.8775 0 0 0.3775
0.8825 0 0 0.3825
0.8875 0 0 0.3875
0.8925 0 0 0.3925
0.8975 0 0 0.3975
0.9025 0 0 0.4025
0.9075 0 0 0.4075
0.9125 0 0 0.4125
0.9175 0 0 0.4175
0.9225 0 0 0.4225
0.9275 0 0 0.4275
0.9325 0 0 0.4325
0.9375 0 0 0.4375
0.9425 0 0 0.4425
0.9475 0 0 0.4475
0.9525 0 0 0.4525
0.9575 0 0 0.4575
0.9625 0 0 0.4625
0.9675 0 0 0.4675
0.9725 0 0 0.4725
0.9775 0 0 0.4775
0.9825 0 0 0.4825
0.9875 0 0 0.4875
0.9925 0 0 0.4925
0.9975 0 0 0.4975
