0.0025 -2 0.105148 -0.489965
0.0075 -2 0.105148 -0.484965
0.0125 -2 0.105148 -0.479965
0.0175 -2 0.105148 -0.474965
0.0225 -2 0.105148 -0.469965
0.0275 -2 0.105148 -0.464965
0.0325 -2 0.105148 -0.459965
0.0375 -2 0.105148 -0.454965
0.0425 -2 0.105148 -0.449965
0.0475 -2 0.105148 -0.444965
0.0525 -2 0.105148 -0.439965
0.0575 -2 0.105148 -0.434965
0.0625 -2 0.105148 -0.429965
0.0675 -2 0.105148 -0.424965
0.0725 -2 0.105148 -0.419965
0.0775 -2 0.105148 -0.414965
0.0825 -2 0.105148 -0.409965
0.0875 -2 0.105148 -0.404965
0.0925 -2 0.105148 -0.399965
0.0975 -2 0.105148 -0.394965
0.1025 -2 0.105148 -0.389965
0.1075 -2 0.105148 -0.384965
0.1125 -2 0.105148 -0.379965
0.1175 -2 0.105148 -0.374965
0.1225 -2 0.105148 -0.369965
0.1275 -2 0.105148 -0.364965
0.1325 -2 0.105148 -0.359965
0.1375 -2 0.105148 -0.354965
0.1425 -2 0.105148 -0.349965
0.1475 -2 0.105148 -0.344965
0.1525 -2 0.105148 -0.339965
0.1575 -2 0.105148 -0.334965
0.1625 -2 0.105148 -0.329965
0.1675 -2 0.105148 -0.324965
0.1725 -2 0.105148 -0.319965
0.1775 -2 0.105148 -0.314965
0.1825 -2 0.105148 -0.309965
0.1875 -2 0.105148 -0.304965
0.1925 -2 0.105148 -0.299965
0.1975 -2 0.105148 -0.294965
0.2025 -2 0.105148 -0.289965
0.2075 -2 0.105148 -0.284965
0.2125 -2 0.105148 -0.279965
0.2175 -2 0.105148 -0.274965
0.2225 -2 0.105148 -0.269965
0.2275 -2 0.105148 -0.264965
0.2325 -2 0.105148 -0.259965
0.2375 -2 0.105148 -0.254965
0.2425 -2 0.105148 -0.249965
0.2475 -2 0.105148 -0.244965
0.2525 -2 0.105148 -0.239965
0.2575 -2 0.105148 -0.234965
0.2625 -1.99997 0.105148 -0.229965
0.2675 -1.99982 0.105148 -0.224965
0.2725 -1.9992 0.105148 -0.219965
0.2775 -1.99736 0.105148 -0.214966
0.2825 -1.99314 0.105148 -0.209969
0.2875 -1.98518 0.105148 -0.204976
0.2925 -1.9724 0.105148 -0.199988
0.2975 -1.95423 0.105148 -0.195006
0.3025 -1.93073 0.105148 -0.190031
0.3075 -1.90235 0.105148 -0.185064
0.3125 -1.86975 0.105148 -0.180102
0.3175 -1.83362 0.105148 -0.175146
0.3225 -1.79456 0.105148 -0.170193
0.3275 -1.75308 0.105148 -0.165245
0.3325 -1.70958 0.105148 -0.160299
0.3375 -1.66435 0.105148 -0.155356
0.3425 -1.61762 0.105148 -0.150415
0.3475 -1.56955 0.105148 -0.145476
0.3525 -1.52025 0.105148 -0.140539
0.3575 -1.4698 0.105148 -0.135603
0.3625 -1.41825 0.105148 -0.130669
0.3675 -1.36562 0.105148 -0.125736
0.3725 -1.31192 0.105148 -0.120804
0.3775 -1.25714 0.105148 -0.115874
0.3825 -1.20128 0.105148 -0.110946
0.3875 -1.1443 0.105148 -0.106018
0.3925 -1.08616 0.105148 -0.101093
0.3975 -1.02684 0.105148 -0.0961687
0.4025 -0.966273 0.105148 -0.0912462
0.4075 -0.904419 0.105148 -0.0863254
0.4125 -0.841218 0.105148 -0.0814063
0.4175 -0.776609 0.105148 -0.0764891
0.4225 -0.710529 0.105148 -0.0715738
0.4275 -0.642912 0.105148 -0.0666606
0.4325 -0.573708 0.105148 -0.0617494
0.4375 -0.50289 0.105148 -0.0568403
0.4425 -0.430414 0.105148 -0.0519335
0.4475 -0.356308 0.105148 -0.0470288
0.4525 -0.280729 0.105148 -0.0421262
0.4575 -0.204079 0.105148 -0.0372251
0.4625 -0.127299 0.105148 -0.0323245
0.4675 -0.0524899 0.105148 -0.0274218
0.4725 0.0158927 0.105148 -0.0225115
0.4775 0.0700956 0.105148 -0.0175838
0.4825 0.101233 0.105148 -0.0126263
0.4875 0.10974 0.105148 -0.00763831
0.4925 0.105746 0.105148 -0.00354042
0.4975 0.105148 0.105148 0.00293382
0.5025 0.105148 0.0906975 0.00738294
0.5075 0.105148 -0.00624509 0.0125087
0.5125 0.105148 -0.0268798 0.0175362
0.5175 0.105148 -0.042973 0.0225561
0.5225 0.105148 -0.037132 0.0275451
0.5275 0.105148 5.86984e-05 0.0324931
0.5325 0.105148 0.0600931 0.037413
0.5375 0.105148 0.131206 0.04232
0.5425 0.105148 0.206299 0.0472225
0.5475 0.105148 0.282105 0.0521246
0.5525 0.105148 0.357215 0.0570277
0.5575 0.105148 0.431037 0.0619327
0.5625 0.105148 0.503328 0.0668398
0.5675 0.105148 0.57402 0.071749
0.5725 0.105148 0.643136 0.0766603
0.5775 0.105148 0.710689 0.0815736
0.5825 0.105148 0.776723 0.086489
0.5875 0.105148 0.841297 0.0914062
0.5925 0.105148 0.904474 0.0963253
0.5975 0.105148 0.96631 0.101246
0.6025 0.105148 1.02686 0.106169
0.6075 0.105148 1.08618 0.111093
0.6125 0.105148 1.14431 0.116018
0.6175 0.105148 1.20128 0.120946
0.6225 0.105148 1.25715 0.125874
0.6275 0.105148 1.31192 0.130804
0.6325 0.105148 1.36561 0.135736
0.6375 0.105148 1.41824 0.140669
0.6425 0.105148 1.46979 0.145603
0.6475 0.105148 1.52024 0.150539
0.6525 0.105148 1.56954 0.155476
0.6575 0.105148 1.61761 0.160415
0.6625 0.105148 1.66435 0.165356
0.6675 0.105148 1.70957 0.170299
0.6725 0.105148 1.75308 0.175245
0.6775 0.105148 1.79456 0.180193
0.6825 0.105148 1.83362 0.185146
0.6875 0.105148 1.86975 0.190102
0.6925 0.105148 1.90235 0.195064
0.6975 0.105148 1.93073 0.200031
0.7025 0.105148 1.95423 0.205006
0.7075 0.105148 1.9724 0.209988
0.7125 0.105148 1.98518 0.214976
0.7175 0.105148 1.99314 0.219969
0.7225 0.105148 1.99736 0.224966
0.7275 0.105148 1.9992 0.229965
0.7325 0.105148 1.99982 0.234965
0.7375 0.105148 1.99997 0.239965
0.7425 0.105148 2 0.244965
0.7475 0.105148 2 0.249965
0.7525 0.105148 2 0.254965
0.7575 0.105148 2 0.259965
0.7625 0.105148 2 0.264965
0.7675 0.105148 2 0.269965
0.7725 0.105148 2 0.274965
0.7775 0.105148 2 0.279965
0.7825 0.105148 2 0.284965
0.7875 0.105148 2 0.289965
0.7925 0.105148 2 0.294965
0.7975 0.105148 2 0.299965
0.8025 0.105148 2 0.304965
0.8075 0.105148 2 0.309965
0.8125 0.105148 2 0.314965
0.8175 0.105148 2 0.319965
0.8225 0.105148 2 0.324965
0.8275 0.105148 2 0.329965
0.8325 0.105148 2 0.334965
0.8375 0.105148 2 0.339965
0.8425 0.105148 2 0.344965
0.8475 0.105148 2 0.349965
0.8525 0.105148 2 0.354965
0.8575 0.105148 2 0.359965
0.8625 0.105148 2 0.364965
0.8675 0.105148 2 0.369965
0.8725 0.105148 2 0.374965
0.8775 0.105148 2 0.379965
0.8825 0.105148 2 0.384965
0.8875 0.105148 2 0.389965
0.8925 0.105148 2 0.394965
0.8975 0.105148 2 0.399965
0.9025 0.105148 2 0.404965
0.9075 0.105148 2 0.409965
0.9125 0.105148 2 0.414965
0.9175 0.105148 2 0.419965
0.9225 0.105148 2 0.424965
0.9275 0.105148 2 0.429965
0.9325 0.105148 2 0.434965
0.9375 0.105148 2 0.439965
0.9425 0.105148 2 0.444965
0.9475 0.105148 2 0.449965
0.9525 0.105148 2 0.454965
0.9575 0.105148 2 0.459965
0.9625 0.105148 2 0.464965
0.9675 0.105148 2 0.469965
0.9725 0.105148 2 0.474965
0.9775 0.105148 2 0.479965
0.9825 0.105148 2 0.484965
0.9875 0.105148 2 0.489965
0.9925 0.105148 2 0.494965
0.9975 0.105148 2 0.499965
