0.0025 111.813 0 -0.4975
0.0075 111.812 0 -0.492708
0.0125 111.811 0 -0.487708
0.0175 111.81 0 -0.482708
0.0225 111.809 0 -0.477708
0.0275 111.808 0 -0.472708
0.0325 111.808 0 -0.467708
0.0375 111.807 0 -0.462708
0.0425 111.807 0 -0.457708
0.0475 111.806 0 -0.452708
0.0525 111.806 0 -0.447708
0.0575 111.806 0 -0.442708
0.0625 111.805 0 -0.437708
0.0675 111.805 0 -0.432708
0.0725 111.805 0 -0.427708
0.0775 111.804 0 -0.422708
0.0825 111.803 0 -0.417708
0.0875 111.803 0 -0.412708
0.0925 111.802 0 -0.407708
0.0975 111.802 0 -0.402708
0.1025 111.802 0 -0.397708
0.1075 111.801 0 -0.392708
0.1125 111.801 0 -0.387708
0.1175 111.801 0 -0.382708
0.1225 111.801 0 -0.377708
0.1275 111.801 0 -0.372708
0.1325 111.801 0 -0.367708
0.1375 111.801 0 -0.362708
0.1425 111.801 0 -0.357708
0.1475 111.801 0 -0.352708
0.1525 111.8 0 -0.347708
0.1575 111.8 0 -0.342708
0.1625 111.799 0 -0.337708
0.1675 111.799 0 -0.332708
0.1725 111.798 0 -0.327708
0.1775 111.798 0 -0.322708
0.1825 111.798 0 -0.317708
0.1875 111.798 0 -0.312708
0.1925 111.798 0 -0.307708
0.1975 111.798 0 -0.302708
0.2025 111.798 0 -0.297708
0.2075 111.799 0 -0.292708
0.2125 111.799 0 -0.287708
0.2175 111.799 0 -0.282708
0.2225 111.798 0 -0.277708
0.2275 111.798 0 -0.272708
0.2325 111.797 0 -0.267708
0.2375 111.797 0 -0.262708
0.2425 111.797 0 -0.257708
0.2475 111.797 0 -0.252708
0.2525 111.797 0 -0.247708
0.2575 111.797 0 -0.242708
0.2625 111.797 0 -0.237708
0.2675 111.796 0 -0.232708
0.2725 111.796 0 -0.227708
0.2775 111.796 0 -0.222708
0.2825 111.796 0 -0.217708
0.2875 111.795 0 -0.212708
0.2925 111.794 0 -0.207708
0.2975 111.791 0 -0.202708
0.3025 111.784 0 -0.197708
0.3075 111.772 0 -0.192708
0.3125 111.748 0 -0.187708
0.3175 111.701 0 -0.182708
0.3225 111.607 0 -0.177708
0.3275 111.419 0 -0.172707
0.3325 111.049 0 -0.167706
0.3375 110.325 0 -0.162705
0.3425 108.921 0 -0.157702
0.3475 106.229 0 -0.152696
0.3525 101.14 0 -0.147686
0.3575 91.753 0 -0.142667
0.3625 75.1482 0 -0.137633
0.3675 47.9316 0 -0.132578
0.3725 13.5844 0 -0.127518
0.3775 1.4917 0 -0.122502
0.3825 0.103691 0 -0.1175
0.3875 0.00652219 0 -0.1125
0.3925 0.000401901 0 -0.1075
0.3975 2.4599e-05 0 -0.1025
0.4025 1.49721e-06 0 -0.0975
0.4075 9.07979e-08 0 -0.0925
0.4125 5.49639e-09 0 -0.0875
0.4175 3.32744e-10 0 -0.0825
0.4225 2.03821e-11 0 -0.0775
0.4275 1.25271e-12 0 -0.0725
0.4325 1.06279e-13 0 -0.0675
0.4375 1.5991e-14 0 -0.0625
0.4425 0 0 -0.0575
0.4475 0 0 -0.0525
0.4525 0 0 -0.0475
0.4575 0 0 -0.0425
0.4625 0 0 -0.0375
0.4675 0 0 -0.0325
0.4725 0 0 -0.0275
0.4775 0 0 -0.0225
0.4825 0 0 -0.0175
0.4875 0 0 -0.0125
0.4925 0 0 -0.0075
0.4975 0 0 -0.0025
0.5025 0 0 0.0025
0.5075 0 0 0.0075
0.5125 0 0 0.0125
0.5175 0 0 0.0175
0.5225 0 0 0.0225
0.5275 0 0 0.0275
0.5325 0 0 0.0325
0.5375 0 0 0.0375
0.5425 0 0 0.0425
0.5475 0 0 0.0475
0.5525 0 0 0.0525
0.5575 0 0 0.0575
0.5625 0 0 0.0625
0.5675 0 0 0.0675
0.5725 0 0 0.0725
0.5775 0 0 0.0775
0.5825 0 0 0.0825
0.5875 0 0 0.0875
0.5925 0 0 0.0925
0.5975 0 0 0.0975
0.6025 0 0 0.1025
0.6075 0 0 0.1075
0.6125 0 0 0.1125
0.6175 0 0 0.1175
0.6225 0 0 0.1225
0.6275 0 0 0.1275
0.6325 0 0 0.1325
0.6375 0 0 0.1375
0.6425 0 0 0.1425
0.6475 0 0 0.1475
0.6525 0 0 0.1525
0.6575 0 0 0.1575
0.6625 0 0 0.1625
0.6675 0 0 0.1675
0.6725 0 0 0.1725
0.6775 0 0 0.1775
0.6825 0 0 0.1825
0.6875 0 0 0.1875
0.6925 0 0 0.1925
0.6975 0 0 0.1975
0.7025 0 0 0.2025
0.7075 0 0 0.2075
0.7125 0 0 0.2125
0.7175 0 0 0.2175
0.7225 0 0 0.2225
0.7275 0 0 0.2275
0.7325 0 0 0.2325
0.7375 0 0 0.2375
0.7425 0 0 0.2425
0.7475 0 0 0.2475
0.7525 0 0 0.2525
0.7575 0 0 0.2575
0.7625 0 0 0.2625
0.7675 0 0 0.2675
0.7725 0 0 0.2725
0.7775 0 0 0.2775
0.7825 0 0 0.2825
0.7875 0 0 0.2875
0.7925 0 0 0.2925
0.7975 0 0 0.2975
0.8025 0 0 0.3025
0.8075 0 0 0.3075
0.8125 0 0 0.3125
0.8175 0 0 0.3175
0.8225 0 0 0.3225
0.8275 0 0 0.3275
0.8325 0 0 0.3325
0.8375 0 0 0.3375
0.8425 0 0 0.3425
0.8475 0 0 0.3475
0.8525 0 0 0.3525
0.8575 0 0 0.3575
0.8625 0 0 0.3625
0.8675 0 0 0.3675
0.8725 0 0 0.3725
0.8775 0 0 0.3775
0.8825 0 0 0.3825
0.8875 0 0 0.3875
0.8925 0 0 0.3925
0.8975 0 0 0.3975
0.9025 0 0 0.4025
0.9075 0 0 0.4075
0.9125 0 0 0.4125
0.9175 0 0 0.4175
0.9225 0 0 0.4225
0.9275 0 0 0.4275
0.9325 0 0 0.4325
0.9375 0 0 0.4375
0.9425 0 0 0.4425
0.9475 0 0 0.4475
0.9525 0 0 0.4525
0.9575 0 0 0.4575
0.9625 0 0 0.4625
0.9675 0 0 0.4675
0.9725 0 0 0.4725
0.9775 0 0 0.4775
0.9825 0 0 0.4825
0.9875 0 0 0.4875
0.9925 0 0 0.4925
0.9975 0 0 0.4975
