0.0025 -2 0.113129 -0.489965
0.0075 -2 0.113129 -0.484965
0.0125 -2 0.113129 -0.479965
0.0175 -2 0.113129 -0.474965
0.0225 -2 0.113129 -0.469965
0.0275 -2 0.113129 -0.464965
0.0325 -2 0.113129 -0.459965
0.0375 -2 0.113129 -0.454965
0.0425 -2 0.113129 -0.449965
0.0475 -2 0.113129 -0.444965
0.0525 -2 0.113129 -0.439965
0.0575 -2 0.113129 -0.434965
0.0625 -2 0.113129 -0.429965
0.0675 -2 0.113129 -0.424965
0.0725 -2 0.113129 -0.419965
0.0775 -2 0.113129 -0.414965
0.0825 -2 0.113129 -0.409965
0.0875 -2 0.113129 -0.404965
0.0925 -2 0.113129 -0.399965
0.0975 -2 0.113129 -0.394965
0.1025 -2 0.113129 -0.389965
0.1075 -2 0.113129 -0.384965
0.1125 -2 0.113129 -0.379965
0.1175 -2 0.113129 -0.374965
0.1225 -2 0.113129 -0.369965
0.1275 -2 0.113129 -0.364965
0.1325 -2 0.113129 -0.359965
0.1375 -2 0.113129 -0.354965
0.1425 -2 0.113129 -0.349965
0.1475 -2 0.113129 -0.344965
0.1525 -2 0.113129 -0.339965
0.1575 -2 0.113129 -0.334965
0.1625 -2 0.113129 -0.329965
0.1675 -2 0.113129 -0.324965
0.1725 -2 0.113129 -0.319965
0.1775 -2 0.113129 -0.314965
0.1825 -2 0.113129 -0.309965
0.1875 -2 0.113129 -0.304965
0.1925 -2 0.113129 -0.299965
0.1975 -1.99999 0.113129 -0.294965
0.2025 -1.99994 0.113129 -0.289965
0.2075 -1.99976 0.113129 -0.284965
0.2125 -1.9992 0.113129 -0.279966
0.2175 -1.9978 0.113129 -0.274966
0.2225 -1.99489 0.113129 -0.269969
0.2275 -1.98963 0.113129 -0.264973
0.2325 -1.98128 0.113129 -0.259981
0.2375 -1.96932 0.113129 -0.254993
0.2425 -1.95357 0.113129 -0.250009
0.2475 -1.93413 0.113129 -0.245031
0.2525 -1.91132 0.113129 -0.240057
0.2575 -1.88556 0.113129 -0.235088
0.2625 -1.85727 0.113129 -0.230122
0.2675 -1.82686 0.113129 -0.225159
0.2725 -1.79466 0.113129 -0.220199
0.2775 -1.76096 0.113129 -0.215241
0.2825 -1.726 0.113129 -0.210285
0.2875 -1.68994 0.113129 -0.20533
0.2925 -1.65293 0.113129 -0.200377
0.2975 -1.61508 0.113129 -0.195425
0.3025 -1.57646 0.113129 -0.190474
0.3075 -1.53715 0.113129 -0.185524
0.3125 -1.49718 0.113129 -0.180575
0.3175 -1.45658 0.113129 -0.175627
0.3225 -1.41538 0.113129 -0.170679
0.3275 -1.3736 0.113129 -0.165732
0.3325 -1.33123 0.113129 -0.160786
0.3375 -1.28828 0.113129 -0.155841
0.3425 -1.24475 0.113129 -0.150897
0.3475 -1.20063 0.113129 -0.145953
0.3525 -1.1559 0.113129 -0.14101
0.3575 -1.11056 0.113129 -0.136068
0.3625 -1.0646 0.113129 -0.131127
0.3675 -1.01799 0.113129 -0.126186
0.3725 -0.970712 0.113129 -0.121247
0.3775 -0.922754 0.113129 -0.116308
0.3825 -0.874093 0.113129 -0.11137
0.3875 -0.824705 0.113129 -0.106434
0.3925 -0.77457 0.113129 -0.101498
0.3975 -0.723664 0.113129 -0.0965629
0.4025 -0.671965 0.113129 -0.0916291
0.4075 -0.619451 0.113129 -0.0866963
0.4125 -0.566103 0.113129 -0.0817646
0.4175 -0.511905 0.113129 -0.0768341
0.4225 -0.456853 0.113129 -0.0719046
0.4275 -0.400957 0.113129 -0.0669763
0.4325 -0.344253 0.113129 -0.0620491
0.4375 -0.286822 0.113129 -0.0571228
0.4425 -0.228823 0.113129 -0.0521974
0.4475 -0.170558 0.113129 -0.0472724
0.4525 -0.112586 0.113129 -0.0423471
0.4575 -0.0559469 0.113129 -0.0374204
0.4625 -0.00253516 0.113129 -0.0324898
0.4675 0.044549 0.113129 -0.0275514
0.4725 0.0809337 0.113129 -0.0225996
0.4775 0.103085 0.113129 -0.0176295
0.4825 0.112199 0.113129 -0.0126419
0.4875 0.114042 0.113129 -0.00764445
0.4925 0.113241 0.113129 -0.00496906
0.4975 0.113129 0.113129 0.00031695
0.5025 0.113129 0.0962539 0.00729843
0.5075 0.113129 -0.00149594 0.012502
0.5125 0.113129 -0.00887145 0.0175121
0.5175 0.113129 -0.0189166 0.0225256
0.5225 0.113129 -0.0291026 0.0275386
0.5275 0.113129 -0.0309465 0.0325394
0.5325 0.113129 -0.0155232 0.0375171
0.5375 0.113129 0.0180338 0.0424716
0.5425 0.113129 0.064175 0.0474108
0.5475 0.113129 0.117138 0.0523418
0.5525 0.113129 0.173242 0.0572692
0.5575 0.113129 0.230517 0.0621954
0.5625 0.113129 0.287957 0.0671215
0.5675 0.113129 0.345052 0.0720481
0.5725 0.113129 0.40154 0.0769756
0.5775 0.113129 0.457289 0.0819041
0.5825 0.113129 0.512237 0.0868337
0.5875 0.113129 0.566358 0.0917643
0.5925 0.113129 0.619648 0.0966961
0.5975 0.113129 0.672118 0.101629
0.6025 0.113129 0.723782 0.106563
0.6075 0.113129 0.774662 0.111498
0.6125 0.113129 0.824776 0.116433
0.6175 0.113129 0.874146 0.12137
0.6225 0.113129 0.922795 0.126308
0.6275 0.113129 0.970742 0.131247
0.6325 0.113129 1.01801 0.136186
0.6375 0.113129 1.06461 0.141127
0.6425 0.113129 1.11057 0.146068
0.6475 0.113129 1.15591 0.15101
0.6525 0.113129 1.20063 0.155953
0.6575 0.113129 1.24475 0.160897
0.6625 0.113129 1.28828 0.165841
0.6675 0.113129 1.33123 0.170786
0.6725 0.113129 1.3736 0.175732
0.6775 0.113129 1.41538 0.180679
0.6825 0.113129 1.45658 0.185627
0.6875 0.113129 1.49717 0.190575
0.6925 0.113129 1.53715 0.195524
0.6975 0.113129 1.57646 0.200474
0.7025 0.113129 1.61508 0.205425
0.7075 0.113129 1.65293 0.210377
0.7125 0.113129 1.68994 0.21533
0.7175 0.113129 1.726 0.220285
0.7225 0.113129 1.76096 0.225241
0.7275 0.113129 1.79466 0.230199
0.7325 0.113129 1.82686 0.235159
0.7375 0.113129 1.85727 0.240122
0.7425 0.113129 1.88556 0.245088
0.7475 0.113129 1.91132 0.250057
0.7525 0.113129 1.93413 0.255031
0.7575 0.113129 1.95357 0.260009
0.7625 0.113129 1.96932 0.264993
0.7675 0.113129 1.98128 0.269981
0.7725 0.113129 1.98963 0.274973
0.7775 0.113129 1.99489 0.279969
0.7825 0.113129 1.9978 0.284966
0.7875 0.113129 1.9992 0.289966
0.7925 0.113129 1.99976 0.294965
0.7975 0.113129 1.99994 0.299965
0.8025 0.113129 1.99999 0.304965
0.8075 0.113129 2 0.309965
0.8125 0.113129 2 0.314965
0.8175 0.113129 2 0.319965
0.8225 0.113129 2 0.324965
0.8275 0.113129 2 0.329965
0.8325 0.113129 2 0.334965
0.8375 0.113129 2 0.339965
0.8425 0.113129 2 0.344965
0.8475 0.113129 2 0.349965
0.8525 0.113129 2 0.354965
0.8575 0.113129 2 0.359965
0.8625 0.113129 2 0.364965
0.8675 0.113129 2 0.369965
0.8725 0.113129 2 0.374965
0.8775 0.113129 2 0.379965
0.8825 0.113129 2 0.384965
0.8875 0.113129 2 0.389965
0.8925 0.113129 2 0.394965
0.8975 0.113129 2 0.399965
0.9025 0.113129 2 0.404965
0.9075 0.113129 2 0.409965
0.9125 0.113129 2 0.414965
0.9175 0.113129 2 0.419965
0.9225 0.113129 2 0.424965
0.9275 0.113129 2 0.429965
0.9325 0.113129 2 0.434965
0.9375 0.113129 2 0.439965
0.9425 0.113129 2 0.444965
0.9475 0.113129 2 0.449965
0.9525 0.113129 2 0.454965
0.9575 0.113129 2 0.459965
0.9625 0.113129 2 0.464965
0.9675 0.113129 2 0.469965
0.9725 0.113129 2 0.474965
0.9775 0.113129 2 0.479965
0.9825 0.113129 2 0.484965
0.9875 0.113129 2 0.489965
0.9925 0.113129 2 0.494965
0.9975 0.113129 2 0.499965
