0.0025 111.849 0.00606239 -0.4975
0.0075 111.847 0.00606239 -0.492708
0.0125 111.846 0.00606239 -0.487708
0.0175 111.844 0.00606239 -0.482708
0.0225 111.843 0.00606239 -0.477708
0.0275 111.842 0.00606239 -0.472708
0.0325 111.841 0.00606239 -0.467708
0.0375 111.84 0.00606239 -0.462708
0.0425 111.839 0.00606239 -0.457708
0.0475 111.837 0.00606239 -0.452708
0.0525 111.836 0.00606239 -0.447708
0.0575 111.835 0.00606239 -0.442708
0.0625 111.834 0.00606239 -0.437708
0.0675 111.833 0.00606239 -0.432708
0.0725 111.832 0.00606239 -0.427708
0.0775 111.832 0.00606239 -0.422708
0.0825 111.831 0.00606239 -0.417708
0.0875 111.83 0.00606239 -0.412708
0.0925 111.829 0.00606239 -0.407708
0.0975 111.828 0.00606239 -0.402708
0.1025 111.828 0.00606239 -0.397708
0.1075 111.827 0.00606239 -0.392708
0.1125 111.827 0.00606239 -0.387708
0.1175 111.826 0.00606239 -0.382708
0.1225 111.825 0.00606239 -0.377708
0.1275 111.825 0.00606239 -0.372708
0.1325 111.824 0.00606239 -0.367708
0.1375 111.823 0.00606239 -0.362708
0.1425 111.823 0.00606239 -0.357708
0.1475 111.822 0.00606239 -0.352708
0.1525 111.822 0.00606239 -0.347708
0.1575 111.821 0.00606239 -0.342708
0.1625 111.82 0.00606239 -0.337708
0.1675 111.82 0.00606239 -0.332708
0.1725 111.82 0.00606239 -0.327708
0.1775 111.819 0.00606239 -0.322708
0.1825 111.819 0.00606239 -0.317708
0.1875 111.818 0.00606239 -0.312708
0.1925 111.818 0.00606239 -0.307708
0.1975 111.818 0.00606239 -0.302708
0.2025 111.817 0.00606239 -0.297708
0.2075 111.817 0.00606239 -0.292708
0.2125 111.816 0.00606239 -0.287708
0.2175 111.816 0.00606239 -0.282708
0.2225 111.815 0.00606239 -0.277708
0.2275 111.815 0.00606239 -0.272708
0.2325 111.815 0.00606239 -0.267708
0.2375 111.814 0.00606239 -0.262708
0.2425 111.814 0.00606239 -0.257708
0.2475 111.814 0.00606239 -0.252708
0.2525 111.814 0.00606239 -0.247708
0.2575 111.813 0.00606239 -0.242708
0.2625 111.813 0.00606239 -0.237708
0.2675 111.813 0.00606239 -0.232708
0.2725 111.812 0.00606239 -0.227708
0.2775 111.812 0.00606239 -0.222708
0.2825 111.812 0.00606239 -0.217708
0.2875 111.811 0.00606239 -0.212708
0.2925 111.811 0.00606239 -0.207708
0.2975 111.81 0.00606239 -0.202708
0.3025 111.81 0.00606239 -0.197708
0.3075 111.809 0.00606239 -0.192708
0.3125 111.807 0.00606239 -0.187708
0.3175 111.804 0.00606239 -0.182708
0.3225 111.798 0.00606239 -0.177708
0.3275 111.788 0.00606239 -0.172708
0.3325 111.769 0.00606239 -0.167708
0.3375 111.736 0.00606239 -0.162708
0.3425 111.679 0.00606239 -0.157708
0.3475 111.58 0.00606239 -0.152707
0.3525 111.413 0.00606239 -0.147707
0.3575 111.138 0.00606239 -0.142707
0.3625 110.689 0.00606239 -0.137706
0.3675 109.97 0.00606239 -0.132704
0.3725 108.837 0.00606239 -0.127702
0.3775 107.086 0.00606239 -0.122698
0.3825 104.433 0.00606239 -0.117693
0.3875 100.516 0.00606239 -0.112685
0.3925 94.9193 0.00606239 -0.107674
0.3975 87.252 0.00606239 -0.10266
0.4025 77.3189 0.00606239 -0.0976404
0.4075 65.348 0.00606239 -0.0926175
0.4125 52.1599 0.00606239 -0.0875928
0.4175 39.073 0.00606239 -0.0825687
0.4225 27.4604 0.00606239 -0.0775478
0.4275 18.2134 0.00606239 -0.0725314
0.4325 11.5149 0.00606239 -0.0675197
0.4375 7.01466 0.00606239 -0.0625119
0.4425 4.15545 0.00606239 -0.057507
0.4475 2.40988 0.00606239 -0.0525041
0.4525 1.37406 0.00606239 -0.0475023
0.4575 0.772232 0.00606239 -0.0425013
0.4625 0.428343 0.00606239 -0.0375007
0.4675 0.234634 0.00606239 -0.0325004
0.4725 0.12695 0.00606239 -0.0275002
0.4775 0.0678604 0.00606239 -0.0225001
0.4825 0.0358779 0.00606239 -0.0175001
0.4875 0.0188588 0.00606239 -0.0125
0.4925 0.0100631 0.00606239 -0.00750002
0.4975 0.00586492 0.00606239 -0.00250008
0.5025 0.00606239 0.00515711 0.00249993
0.5075 0.00606239 0.00384608 0.00749999
0.5125 0.00606239 0.00285767 0.0125
0.5175 0.00606239 0.00211521 0.0175
0.5225 0.00606239 0.00155958 0.0225
0.5275 0.00606239 0.00114536 0.0275
0.5325 0.00606239 0.000837756 0.0325
0.5375 0.00606239 0.000610239 0.0375
0.5425 0.00606239 0.000442644 0.0425
0.5475 0.00606239 0.000319701 0.0475
0.5525 0.00606239 0.000229896 0.0525
0.5575 0.00606239 0.000164582 0.0575
0.5625 0.00606239 0.00011729 0.0625
0.5675 0.00606239 8.32003e-05 0.0675
0.5725 0.00606239 5.87412e-05 0.0725
0.5775 0.00606239 4.12738e-05 0.0775
0.5825 0.00606239 2.88591e-05 0.0825
0.5875 0.00606239 2.00783e-05 0.0875
0.5925 0.00606239 1.38987e-05 0.0925
0.5975 0.00606239 9.57148e-06 0.0975
0.6025 0.00606239 6.55701e-06 0.1025
0.6075 0.00606239 4.46801e-06 0.1075
0.6125 0.00606239 3.02805e-06 0.1125
0.6175 0.00606239 2.04085e-06 0.1175
0.6225 0.00606239 1.36779e-06 0.1225
0.6275 0.00606239 9.1147e-07 0.1275
0.6325 0.00606239 6.03866e-07 0.1325
0.6375 0.00606239 3.97713e-07 0.1375
0.6425 0.00606239 2.60367e-07 0.1425
0.6475 0.00606239 1.69413e-07 0.1475
0.6525 0.00606239 1.09548e-07 0.1525
0.6575 0.00606239 7.03905e-08 0.1575
0.6625 0.00606239 4.49394e-08 0.1625
0.6675 0.00606239 2.85037e-08 0.1675
0.6725 0.00606239 1.79594e-08 0.1725
0.6775 0.00606239 1.12393e-08 0.1775
0.6825 0.00606239 6.9855e-09 0.1825
0.6875 0.00606239 4.31152e-09 0.1875
0.6925 0.00606239 2.64216e-09 0.1925
0.6975 0.00606239 1.6073e-09 0.1975
0.7025 0.00606239 9.70799e-10 0.2025
0.7075 0.00606239 5.81967e-10 0.2075
0.7125 0.00606239 3.46326e-10 0.2125
0.7175 0.00606239 2.04285e-10 0.2175
0.7225 0.00606239 1.19676e-10 0.2225
0.7275 0.00606239 6.93255e-11 0.2275
0.7325 0.00606239 4.003e-11 0.2325
0.7375 0.00606239 2.30193e-11 0.2375
0.7425 0.00606239 1.29235e-11 0.2425
0.7475 0.00606239 6.98268e-12 0.2475
0.7525 0.00606239 3.66617e-12 0.2525
0.7575 0.00606239 1.81792e-12 0.2575
0.7625 0.00606239 8.9023e-13 0.2625
0.7675 0.00606239 1.17746e-13 0.2675
0.7725 0.00606239 0 0.2725
0.7775 0.00606239 0 0.2775
0.7825 0.00606239 0 0.2825
0.7875 0.00606239 0 0.2875
0.7925 0.00606239 0 0.2925
0.7975 0.00606239 0 0.2975
0.8025 0.00606239 0 0.3025
0.8075 0.00606239 0 0.3075
0.8125 0.00606239 0 0.3125
0.8175 0.00606239 0 0.3175
0.8225 0.00606239 0 0.3225
0.8275 0.00606239 0 0.3275
0.8325 0.00606239 0 0.3325
0.8375 0.00606239 0 0.3375
0.8425 0.00606239 0 0.3425
0.8475 0.00606239 0 0.3475
0.8525 0.00606239 0 0.3525
0.8575 0.00606239 0 0.3575
0.8625 0.00606239 0 0.3625
0.8675 0.00606239 0 0.3675
0.8725 0.00606239 0 0.3725
0.8775 0.00606239 0 0.3775
0.8825 0.00606239 0 0.3825
0.8875 0.00606239 0 0.3875
0.8925 0.00606239 0 0.3925
0.8975 0.00606239 0 0.3975
0.9025 0.00606239 0 0.4025
0.9075 0.00606239 0 0.4075
0.9125 0.00606239 0 0.4125
0.9175 0.00606239 0 0.4175
0.9225 0.00606239 0 0.4225
0.9275 0.00606239 0 0.4275
0.9325 0.00606239 0 0.4325
0.9375 0.00606239 0 0.4375
0.9425 0.00606239 0 0.4425
0.9475 0.00606239 0 0.4475
0.9525 0.00606239 0 0.4525
0.9575 0.00606239 0 0.4575
0.9625 0.00606239 0 0.4625
0.9675 0.00606239 0 0.4675
0.9725 0.00606239 0 0.4725
0.9775 0.00606239 0 0.4775
0.9825 0.00606239 0 0.4825
0.9875 0.00606239 0 0.4875
0.9925 0.00606239 0 0.4925
0.9975 0.00606239 0 0.4975
