0.00125 -2 -0.00280839 -0.497671
0.00375 -2 -0.00280839 -0.495171
0.00625 -2 -0.00280839 -0.492671
0.00875 -2 -0.00280839 -0.490171
0.01125 -2 -0.00280839 -0.487671
0.01375 -2 -0.00280839 -0.485171
0.01625 -2 -0.00280839 -0.482671
0.01875 -2 -0.00280839 -0.480171
0.02125 -2 -0.00280839 -0.477671
0.02375 -2 -0.00280839 -0.475171
0.02625 -2 -0.00280839 -0.472671
0.02875 -2 -0.00280839 -0.470171
0.03125 -2 -0.00280839 -0.467671
0.03375 -2 -0.00280839 -0.465171
0.03625 -2 -0.00280839 -0.462671
0.03875 -2 -0.00280839 -0.460171
0.04125 -2 -0.00280839 -0.457671
0.04375 -2 -0.00280839 -0.455171
0.04625 -2 -0.00280839 -0.452671
0.04875 -2 -0.00280839 -0.450171
0.05125 -2 -0.00280839 -0.447671
0.05375 -2 -0.00280839 -0.445171
0.05625 -2 -0.00280839 -0.442671
0.05875 -2 -0.00280839 -0.440171
0.06125 -2 -0.00280839 -0.437671
0.06375 -2 -0.00280839 -0.435171
0.06625 -2 -0.00280839 -0.432671
0.06875 -2 -0.00280839 -0.430171
0.07125 -2 -0.00280839 -0.427671
0.07375 -2 -0.00280839 -0.425171
0.07625 -2 -0.00280839 -0.422671
0.07875 -2 -0.00280839 -0.420171
0.08125 -2 -0.00280839 -0.417671
0.08375 -2 -0.00280839 -0.415171
0.08625 -2 -0.00280839 -0.412671
0.08875 -2 -0.00280839 -0.410171
0.09125 -2 -0.00280839 -0.407671
0.09375 -2 -0.00280839 -0.405171
0.09625 -2 -0.00280839 -0.402671
0.09875 -2 -0.00280839 -0.400171
0.10125 -2 -0.00280839 -0.397671
0.10375 -2 -0.00280839 -0.395171
0.10625 -2 -0.00280839 -0.392671
0.10875 -2 -0.00280839 -0.390171
0.11125 -2 -0.00280839 -0.387671
0.11375 -2 -0.00280839 -0.385171
0.11625 -2 -0.00280839 -0.382671
0.11875 -2 -0.00280839 -0.380171
0.12125 -2 -0.00280839 -0.377671
0.12375 -2 -0.00280839 -0.375171
0.12625 -2 -0.00280839 -0.372671
0.12875 -2 -0.00280839 -0.370171
0.13125 -2 -0.00280839 -0.367671
0.13375 -2 -0.00280839 -0.365171
0.13625 -2 -0.00280839 -0.362671
0.13875 -2 -0.00280839 -0.360171
0.14125 -2 -0.00280839 -0.357671
0.14375 -2 -0.00280839 -0.355171
0.14625 -2 -0.00280839 -0.352671
0.14875 -2 -0.00280839 -0.350171
0.15125 -1.99999 -0.00280839 -0.347671
0.15375 -1.99998 -0.00280839 -0.345171
0.15625 -1.99996 -0.00280839 -0.342671
0.15875 -1.9999 -0.00280839 -0.340171
0.16125 -1.9998 -0.00280839 -0.337671
0.16375 -1.99959 -0.00280839 -0.335171
0.16625 -1.99923 -0.00280839 -0.332671
0.16875 -1.99861 -0.00280839 -0.330171
0.17125 -1.99764 -0.00280839 -0.327671
0.17375 -1.99617 -0.00280839 -0.325172
0.17625 -1.99408 -0.00280839 -0.322673
0.17875 -1.99121 -0.00280839 -0.320174
0.18125 -1.98746 -0.00280839 -0.317676
0.18375 -1.98273 -0.00280839 -0.315178
0.18625 -1.97697 -0.00280839 -0.312681
0.18875 -1.97016 -0.00280839 -0.310184
0.19125 -1.96231 -0.00280839 -0.307688
0.19375 -1.95347 -0.00280839 -0.305193
0.19625 -1.9437 -0.00280839 -0.302698
0.19875 -1.93308 -0.00280839 -0.300203
0.20125 -1.92167 -0.00280839 -0.297709
0.20375 -1.90957 -0.00280839 -0.295216
0.20625 -1.89684 -0.00280839 -0.292722
0.20875 -1.88356 -0.00280839 -0.290229
0.21125 -1.86979 -0.00280839 -0.287737
0.21375 -1.85559 -0.00280839 -0.285244
0.21625 -1.841 -0.00280839 -0.282752
0.21875 -1.82609 -0.00280839 -0.28026
0.22125 -1.81088 -0.00280839 -0.277768
0.22375 -1.7954 -0.00280839 -0.275276
0.22625 -1.77969 -0.00280839 -0.272785
0.22875 -1.76378 -0.00280839 -0.270293
0.23125 -1.74767 -0.00280839 -0.267802
0.23375 -1.7314 -0.00280839 -0.265311
0.23625 -1.71497 -0.00280839 -0.26282
0.23875 -1.69841 -0.00280839 -0.260329
0.24125 -1.68171 -0.00280839 -0.257838
0.24375 -1.6649 -0.00280839 -0.255347
0.24625 -1.64799 -0.00280839 -0.252856
0.24875 -1.63097 -0.00280839 -0.250365
0.25125 -1.61386 -0.00280839 -0.247874
0.25375 -1.59666 -0.00280839 -0.245384
0.25625 -1.57938 -0.00280839 -0.242893
0.25875 -1.56202 -0.00280839 -0.240402
0.26125 -1.54458 -0.00280839 -0.237912
0.26375 -1.52707 -0.00280839 -0.235421
0.26625 -1.50949 -0.00280839 -0.232931
0.26875 -1.49185 -0.00280839 -0.23044
0.27125 -1.47414 -0.00280839 -0.22795
0.27375 -1.45636 -0.00280839 -0.22546
0.27625 -1.43853 -0.00280839 -0.222969
0.27875 -1.42063 -0.00280839 -0.220479
0.28125 -1.40268 -0.00280839 -0.217989
0.28375 -1.38466 -0.00280839 -0.215498
0.28625 -1.36659 -0.00280839 -0.213008
0.28875 -1.34846 -0.00280839 -0.210518
0.29125 -1.33027 -0.00280839 -0.208028
0.29375 -1.31203 -0.00280839 -0.205538
0.29625 -1.29372 -0.00280839 -0.203048
0.29875 -1.27536 -0.00280839 -0.200558
0.30125 -1.25694 -0.00280839 -0.198068
0.30375 -1.23847 -0.00280839 -0.195578
0.30625 -1.21994 -0.00280839 -0.193088
0.30875 -1.20134 -0.00280839 -0.190598
0.31125 -1.1827 -0.00280839 -0.188108
0.31375 -1.16399 -0.00280839 -0.185618
0.31625 -1.14522 -0.00280839 -0.183128
0.31875 -1.12639 -0.00280839 -0.180638
0.32125 -1.1075 -0.00280839 -0.178149
0.32375 -1.08855 -0.00280839 -0.175659
0.32625 -1.06954 -0.00280839 -0.173169
0.32875 -1.05047 -0.00280839 -0.17068
0.33125 -1.03133 -0.00280839 -0.16819
0.33375 -1.01213 -0.00280839 -0.1657
0.33625 -0.992871 -0.00280839 -0.163211
0.33875 -0.973541 -0.00280839 -0.160721
0.34125 -0.954146 -0.00280839 -0.158232
0.34375 -0.934684 -0.00280839 -0.155742
0.34625 -0.915155 -0.00280839 -0.153253
0.34875 -0.895557 -0.00280839 -0.150763
0.35125 -0.87589 -0.00280839 -0.148274
0.35375 -0.856153 -0.00280839 -0.145785
0.35625 -0.836345 -0.00280839 -0.143296
0.35875 -0.816466 -0.00280839 -0.140806
0.36125 -0.796515 -0.00280839 -0.138317
0.36375 -0.77649 -0.00280839 -0.135828
0.36625 -0.756392 -0.00280839 -0.133339
0.36875 -0.736219 -0.00280839 -0.13085
0.37125 -0.715971 -0.00280839 -0.128361
0.37375 -0.695647 -0.00280839 -0.125872
0.37625 -0.675247 -0.00280839 -0.123383
0.37875 -0.654769 -0.00280839 -0.120894
0.38125 -0.634213 -0.00280839 -0.118405
0.38375 -0.613579 -0.00280839 -0.115916
0.38625 -0.592866 -0.00280839 -0.113427
0.38875 -0.572075 -0.00280839 -0.110939
0.39125 -0.551203 -0.00280839 -0.10845
0.39375 -0.530252 -0.00280839 -0.105961
0.39625 -0.509221 -0.00280839 -0.103473
0.39875 -0.488105 -0.00280839 -0.100984
0.40125 -0.466909 -0.00280839 -0.0984957
0.40375 -0.445633 -0.00280839 -0.0960073
0.40625 -0.424279 -0.00280839 -0.0935189
0.40875 -0.402847 -0.00280839 -0.0910305
0.41125 -0.381339 -0.00280839 -0.0885421
0.41375 -0.359758 -0.00280839 -0.0860538
0.41625 -0.338105 -0.00280839 -0.0835656
0.41875 -0.316386 -0.00280839 -0.0810774
0.42125 -0.294605 -0.00280839 -0.0785892
0.42375 -0.272768 -0.00280839 -0.076101
0.42625 -0.250885 -0.00280839 -0.0736129
0.42875 -0.228965 -0.00280839 -0.0711248
0.43125 -0.207023 -0.00280839 -0.0686367
0.43375 -0.185078 -0.00280839 -0.0661486
0.43625 -0.163155 -0.00280839 -0.0636605
0.43875 -0.141287 -0.00280839 -0.0611723
0.44125 -0.11952 -0.00280839 -0.0586842
0.44375 -0.0979144 -0.00280839 -0.0561959
0.44625 -0.0765592 -0.00280839 -0.0537075
0.44875 -0.0555796 -0.00280839 -0.0512189
0.45125 -0.0351626 -0.00280839 -0.04873
0.45375 -0.0155939 -0.00280839 -0.0462407
0.45625 0.00267543 -0.00280839 -0.0437507
0.45875 0.0189318 -0.00280839 -0.0412597
0.46125 0.0320624 -0.00280839 -0.038767
0.46375 0.0405059 -0.00280839 -0.0362718
0.46625 0.0425714 -0.00280839 -0.0337733
0.46875 0.0374584 -0.00280839 -0.0312709
0.47125 0.026537 -0.00280839 -0.0287652
0.47375 0.0133016 -0.00280839 -0.026258
0.47625 0.00147149 -0.00280839 -0.0237514
0.47875 -0.00684889 -0.00280839 -0.0212467
0.48125 -0.011418 -0.00280839 -0.0187441
0.48375 -0.0130589 -0.00280839 -0.0162431
0.48625 -0.0128326 -0.00280839 -0.0137431
0.48875 -0.0115914 -0.00280839 -0.0112438
0.49125 -0.00986747 -0.00280839 -0.00874468
0.49375 -0.00793612 -0.00280839 -0.00624572
0.49625 -0.00592468 -0.00280839 -0.00374631
0.49875 -0.00388982 -0.00280839 -0.000871235
0.50125 -0.00280839 -0.0018599 0.00308768
0.50375 -0.00280839 0.000127002 0.00374999
0.50625 -0.00280839 0.00210995 0.00624888
0.50875 -0.00280839 0.00401338 0.00874786
0.51125 -0.00280839 0.00586641 0.0112469
0.51375 -0.00280839 0.00766774 0.0137459
0.51625 -0.00280839 0.00941451 0.0162449
0.51875 -0.00280839 0.011091 0.018744
0.52125 -0.00280839 0.0126546 0.0212432
0.52375 -0.00280839 0.0140266 0.0237425
0.52625 -0.00280839 0.0151006 0.0262419
0.52875 -0.00280839 0.0157888 0.0287416
0.53125 -0.00280839 0.0161176 0.0312414
0.53375 -0.00280839 0.0163532 0.0337413
0.53625 -0.00280839 0.0170837 0.0362408
0.53875 -0.00280839 0.0191602 0.0387396
0.54125 -0.00280839 0.0234658 0.0412372
0.54375 -0.00280839 0.0306231 0.0437332
0.54625 -0.00280839 0.0408225 0.0462275
0.54875 -0.00280839 0.0538541 0.0487202
0.55125 -0.00280839 0.0692697 0.0512118
0.55375 -0.00280839 0.0865527 0.0537023
0.55625 -0.00280839 0.105228 0.0561921
0.55875 -0.00280839 0.124908 0.0586814
0.56125 -0.00280839 0.145294 0.0611703
0.56375 -0.00280839 0.166168 0.0636589
0.56625 -0.00280839 0.187371 0.0661474
0.56875 -0.00280839 0.208791 0.0686358
0.57125 -0.00280839 0.230346 0.071124
0.57375 -0.00280839 0.251978 0.0736123
0.57625 -0.00280839 0.273645 0.0761006
0.57875 -0.00280839 0.295317 0.0785888
0.58125 -0.00280839 0.316971 0.081077
0.58375 -0.00280839 0.338592 0.0835653
0.58625 -0.00280839 0.360166 0.0860536
0.58875 -0.00280839 0.381686 0.088542
0.59125 -0.00280839 0.403144 0.0910303
0.59375 -0.00280839 0.424535 0.0935187
0.59625 -0.00280839 0.445856 0.0960072
0.59875 -0.00280839 0.467104 0.0984956
0.60125 -0.00280839 0.488277 0.100984
0.60375 -0.00280839 0.509373 0.103473
0.60625 -0.00280839 0.530387 0.105961
0.60875 -0.00280839 0.551324 0.10845
0.61125 -0.00280839 0.572182 0.110939
0.61375 -0.00280839 0.592963 0.113427
0.61625 -0.00280839 0.613666 0.115916
0.61875 -0.00280839 0.634292 0.118405
0.62125 -0.00280839 0.654839 0.120894
0.62375 -0.00280839 0.67531 0.123383
0.62625 -0.00280839 0.695705 0.125872
0.62875 -0.00280839 0.716023 0.128361
0.63125 -0.00280839 0.736266 0.13085
0.63375 -0.00280839 0.756435 0.133339
0.63625 -0.00280839 0.776529 0.135828
0.63875 -0.00280839 0.796549 0.138317
0.64125 -0.00280839 0.816497 0.140806
0.64375 -0.00280839 0.836373 0.143295
0.64625 -0.00280839 0.856178 0.145785
0.64875 -0.00280839 0.875913 0.148274
0.65125 -0.00280839 0.895577 0.150763
0.65375 -0.00280839 0.915173 0.153253
0.65625 -0.00280839 0.934701 0.155742
0.65875 -0.00280839 0.954161 0.158232
0.66125 -0.00280839 0.973555 0.160721
0.66375 -0.00280839 0.992882 0.163211
0.66625 -0.00280839 1.01215 0.1657
0.66875 -0.00280839 1.03134 0.16819
0.67125 -0.00280839 1.05048 0.170679
0.67375 -0.00280839 1.06955 0.173169
0.67625 -0.00280839 1.08856 0.175659
0.67875 -0.00280839 1.10751 0.178149
0.68125 -0.00280839 1.1264 0.180638
0.68375 -0.00280839 1.14522 0.183128
0.68625 -0.00280839 1.16399 0.185618
0.68875 -0.00280839 1.1827 0.188108
0.69125 -0.00280839 1.20135 0.190598
0.69375 -0.00280839 1.21994 0.193088
0.69625 -0.00280839 1.23847 0.195578
0.69875 -0.00280839 1.25695 0.198068
0.70125 -0.00280839 1.27536 0.200558
0.70375 -0.00280839 1.29372 0.203048
0.70625 -0.00280839 1.31203 0.205538
0.70875 -0.00280839 1.33027 0.208028
0.71125 -0.00280839 1.34846 0.210518
0.71375 -0.00280839 1.36659 0.213008
0.71625 -0.00280839 1.38466 0.215498
0.71875 -0.00280839 1.40268 0.217989
0.72125 -0.00280839 1.42063 0.220479
0.72375 -0.00280839 1.43853 0.222969
0.72625 -0.00280839 1.45636 0.22546
0.72875 -0.00280839 1.47414 0.22795
0.73125 -0.00280839 1.49185 0.23044
0.73375 -0.00280839 1.50949 0.232931
0.73625 -0.00280839 1.52707 0.235421
0.73875 -0.00280839 1.54458 0.237912
0.74125 -0.00280839 1.56201 0.240402
0.74375 -0.00280839 1.57938 0.242893
0.74625 -0.00280839 1.59666 0.245384
0.74875 -0.00280839 1.61386 0.247874
0.75125 -0.00280839 1.63097 0.250365
0.75375 -0.00280839 1.64799 0.252856
0.75625 -0.00280839 1.6649 0.255347
0.75875 -0.00280839 1.68171 0.257838
0.76125 -0.00280839 1.6984 0.260329
0.76375 -0.00280839 1.71497 0.26282
0.76625 -0.00280839 1.7314 0.265311
0.76875 -0.00280839 1.74767 0.267802
0.77125 -0.00280839 1.76377 0.270293
0.77375 -0.00280839 1.77969 0.272785
0.77625 -0.00280839 1.7954 0.275276
0.77875 -0.00280839 1.81088 0.277768
0.78125 -0.00280839 1.82609 0.28026
0.78375 -0.00280839 1.841 0.282752
0.78625 -0.00280839 1.85558 0.285244
0.78875 -0.00280839 1.86979 0.287737
0.79125 -0.00280839 1.88356 0.290229
0.79375 -0.00280839 1.89684 0.292722
0.79625 -0.00280839 1.90957 0.295216
0.79875 -0.00280839 1.92167 0.297709
0.80125 -0.00280839 1.93308 0.300203
0.80375 -0.00280839 1.9437 0.302698
0.80625 -0.00280839 1.95347 0.305193
0.80875 -0.00280839 1.96231 0.307688
0.81125 -0.00280839 1.97016 0.310184
0.81375 -0.00280839 1.97697 0.312681
0.81625 -0.00280839 1.98273 0.315178
0.81875 -0.00280839 1.98746 0.317676
0.82125 -0.00280839 1.99121 0.320174
0.82375 -0.00280839 1.99408 0.322673
0.82625 -0.00280839 1.99617 0.325172
0.82875 -0.00280839 1.99764 0.327671
0.83125 -0.00280839 1.99861 0.330171
0.83375 -0.00280839 1.99923 0.332671
0.83625 -0.00280839 1.99959 0.335171
0.83875 -0.00280839 1.9998 0.337671
0.84125 -0.00280839 1.9999 0.340171
0.84375 -0.00280839 1.99996 0.342671
0.84625 -0.00280839 1.99998 0.345171
0.84875 -0.00280839 1.99999 0.347671
0.85125 -0.00280839 2 0.350171
0.85375 -0.00280839 2 0.352671
0.85625 -0.00280839 2 0.355171
0.85875 -0.00280839 2 0.357671
0.86125 -0.00280839 2 0.360171
0.86375 -0.00280839 2 0.362671
0.86625 -0.00280839 2 0.365171
0.86875 -0.00280839 2 0.367671
0.87125 -0.00280839 2 0.370171
0.87375 -0.00280839 2 0.372671
0.87625 -0.00280839 2 0.375171
0.87875 -0.00280839 2 0.377671
0.88125 -0.00280839 2 0.380171
0.88375 -0.00280839 2 0.382671
0.88625 -0.00280839 2 0.385171
0.88875 -0.00280839 2 0.387671
0.89125 -0.00280839 2 0.390171
0.89375 -0.00280839 2 0.392671
0.89625 -0.00280839 2 0.395171
0.89875 -0.00280839 2 0.397671
0.90125 -0.00280839 2 0.400171
0.90375 -0.00280839 2 0.402671
0.90625 -0.00280839 2 0.405171
0.90875 -0.00280839 2 0.407671
0.91125 -0.00280839 2 0.410171
0.91375 -0.00280839 2 0.412671
0.91625 -0.00280839 2 0.415171
0.91875 -0.00280839 2 0.417671
0.92125 -0.00280839 2 0.420171
0.92375 -0.00280839 2 0.422671
0.92625 -0.00280839 2 0.425171
0.92875 -0.00280839 2 0.427671
0.93125 -0.00280839 2 0.430171
0.93375 -0.00280839 2 0.432671
0.93625 -0.00280839 2 0.435171
0.93875 -0.00280839 2 0.437671
0.94125 -0.00280839 2 0.440171
0.94375 -0.00280839 2 0.442671
0.94625 -0.00280839 2 0.445171
0.94875 -0.00280839 2 0.447671
0.95125 -0.00280839 2 0.450171
0.95375 -0.00280839 2 0.452671
0.95625 -0.00280839 2 0.455171
0.95875 -0.00280839 2 0.457671
0.96125 -0.00280839 2 0.460171
0.96375 -0.00280839 2 0.462671
0.96625 -0.00280839 2 0.465171
0.96875 -0.00280839 2 0.467671
0.97125 -0.00280839 2 0.470171
0.97375 -0.00280839 2 0.472671
0.97625 -0.00280839 2 0.475171
0.97875 -0.00280839 2 0.477671
0.98125 -0.00280839 2 0.480171
0.98375 -0.00280839 2 0.482671
0.98625 -0.00280839 2 0.485171
0.98875 -0.00280839 2 0.487671
0.99125 -0.00280839 2 0.490171
0.99375 -0.00280839 2 0.492671
0.99625 -0.00280839 2 0.495171
0.99875 -0.00280839 2 0.497671
