0.0025 111.841 1.88445 -0.4975
0.0075 111.84 1.88445 -0.492711
0.0125 111.839 1.88445 -0.487711
0.0175 111.838 1.88445 -0.482711
0.0225 111.837 1.88445 -0.477711
0.0275 111.836 1.88445 -0.472711
0.0325 111.835 1.88445 -0.467711
0.0375 111.834 1.88445 -0.462711
0.0425 111.833 1.88445 -0.457711
0.0475 111.832 1.88445 -0.452711
0.0525 111.831 1.88445 -0.447711
0.0575 111.83 1.88445 -0.442711
0.0625 111.829 1.88445 -0.437711
0.0675 111.829 1.88445 -0.432711
0.0725 111.828 1.88445 -0.427711
0.0775 111.827 1.88445 -0.422711
0.0825 111.827 1.88445 -0.417711
0.0875 111.826 1.88445 -0.412711
0.0925 111.825 1.88445 -0.407711
0.0975 111.825 1.88445 -0.402711
0.1025 111.824 1.88445 -0.397711
0.1075 111.824 1.88445 -0.392711
0.1125 111.823 1.88445 -0.387711
0.1175 111.822 1.88445 -0.382711
0.1225 111.822 1.88445 -0.377711
0.1275 111.821 1.88445 -0.372711
0.1325 111.821 1.88445 -0.367711
0.1375 111.82 1.88445 -0.362711
0.1425 111.82 1.88445 -0.357711
0.1475 111.819 1.88445 -0.352711
0.1525 111.819 1.88445 -0.347711
0.1575 111.819 1.88445 -0.342711
0.1625 111.818 1.88445 -0.337711
0.1675 111.818 1.88445 -0.332711
0.1725 111.817 1.88445 -0.327711
0.1775 111.817 1.88445 -0.322711
0.1825 111.816 1.88445 -0.317711
0.1875 111.816 1.88445 -0.312711
0.1925 111.816 1.88445 -0.307711
0.1975 111.815 1.88445 -0.302711
0.2025 111.815 1.88445 -0.297711
0.2075 111.814 1.88445 -0.292711
0.2125 111.814 1.88445 -0.287711
0.2175 111.814 1.88445 -0.282711
0.2225 111.814 1.88445 -0.277711
0.2275 111.813 1.88445 -0.272711
0.2325 111.813 1.88445 -0.267711
0.2375 111.813 1.88445 -0.262711
0.2425 111.812 1.88445 -0.257711
0.2475 111.812 1.88445 -0.252711
0.2525 111.812 1.88445 -0.247711
0.2575 111.811 1.88445 -0.242711
0.2625 111.811 1.88445 -0.237711
0.2675 111.811 1.88445 -0.232711
0.2725 111.81 1.88445 -0.227711
0.2775 111.81 1.88445 -0.222711
0.2825 111.81 1.88445 -0.217711
0.2875 111.81 1.88445 -0.212711
0.2925 111.81 1.88445 -0.207711
0.2975 111.81 1.88445 -0.202711
0.3025 111.809 1.88445 -0.197711
0.3075 111.809 1.88445 -0.192711
0.3125 111.809 1.88445 -0.187711
0.3175 111.809 1.88445 -0.182711
0.3225 111.808 1.88445 -0.177711
0.3275 111.808 1.88445 -0.172711
0.3325 111.808 1.88445 -0.167711
0.3375 111.807 1.88445 -0.162711
0.3425 111.807 1.88445 -0.157711
0.3475 111.806 1.88445 -0.152711
0.3525 111.804 1.88445 -0.147711
0.3575 111.802 1.88445 -0.142711
0.3625 111.797 1.88445 -0.137711
0.3675 111.79 1.88445 -0.132711
0.3725 111.776 1.88445 -0.127711
0.3775 111.752 1.88445 -0.12271
0.3825 111.71 1.88445 -0.11771
0.3875 111.64 1.88445 -0.11271
0.3925 111.524 1.88445 -0.10771
0.3975 111.332 1.88445 -0.10271
0.4025 111.022 1.88445 -0.097709
0.4075 110.527 1.88445 -0.092708
0.4125 109.748 1.88445 -0.0877064
0.4175 108.541 1.88445 -0.082704
0.4225 106.699 1.88445 -0.0777003
0.4275 103.944 1.88445 -0.0726947
0.4325 99.9227 1.88445 -0.0676867
0.4375 94.2324 1.88445 -0.0626754
0.4425 86.5078 1.88445 -0.0576601
0.4475 76.5824 1.88445 -0.0526407
0.4525 64.7053 1.88445 -0.0476178
0.4575 51.6932 1.88445 -0.0425932
0.4625 38.8255 1.88445 -0.0375692
0.4675 27.4173 1.88445 -0.0325483
0.4725 18.3175 1.88445 -0.027532
0.4775 11.7022 1.88445 -0.0225203
0.4825 7.24312 1.88445 -0.0175125
0.4875 4.41627 1.88445 -0.0125076
0.4925 2.72918 1.88445 -0.00750467
0.4975 1.81632 1.88445 -0.0025311
0.5025 1.88445 1.65894 0.00247167
0.5075 1.88445 1.32373 0.00749773
0.5125 1.88445 1.0523 0.0124982
0.5175 1.88445 0.834458 0.0174986
0.5225 1.88445 0.660097 0.0224989
0.5275 1.88445 0.520901 0.0274991
0.5325 1.88445 0.410056 0.0324993
0.5375 1.88445 0.322005 0.0374995
0.5425 1.88445 0.252231 0.0424996
0.5475 1.88445 0.197076 0.0474997
0.5525 1.88445 0.153584 0.0524997
0.5575 1.88445 0.119375 0.0574998
0.5625 1.88445 0.0925352 0.0624998
0.5675 1.88445 0.0715319 0.0674999
0.5725 1.88445 0.0551396 0.0724999
0.5775 1.88445 0.0423806 0.0774999
0.5825 1.88445 0.0324773 0.0824999
0.5875 1.88445 0.0248126 0.0875
0.5925 1.88445 0.0188977 0.0925
0.5975 1.88445 0.014347 0.0975
0.6025 1.88445 0.0108566 0.1025
0.6075 1.88445 0.00818791 0.1075
0.6125 1.88445 0.00615416 0.1125
0.6175 1.88445 0.00460942 0.1175
0.6225 1.88445 0.00344011 0.1225
0.6275 1.88445 0.00255808 0.1275
0.6325 1.88445 0.00189512 0.1325
0.6375 1.88445 0.00139865 0.1375
0.6425 1.88445 0.00102823 0.1425
0.6475 1.88445 0.000752934 0.1475
0.6525 1.88445 0.00054912 0.1525
0.6575 1.88445 0.000398832 0.1575
0.6625 1.88445 0.000288463 0.1625
0.6675 1.88445 0.000207746 0.1675
0.6725 1.88445 0.000148964 0.1725
0.6775 1.88445 0.000106342 0.1775
0.6825 1.88445 7.55731e-05 0.1825
0.6875 1.88445 5.34602e-05 0.1875
0.6925 1.88445 3.7641e-05 0.1925
0.6975 1.88445 2.63769e-05 0.1975
0.7025 1.88445 1.83941e-05 0.2025
0.7075 1.88445 1.27642e-05 0.2075
0.7125 1.88445 8.81313e-06 0.2125
0.7175 1.88445 6.05411e-06 0.2175
0.7225 1.88445 4.13729e-06 0.2225
0.7275 1.88445 2.81249e-06 0.2275
0.7325 1.88445 1.90167e-06 0.2325
0.7375 1.88445 1.27883e-06 0.2375
0.7425 1.88445 8.55223e-07 0.2425
0.7475 1.88445 5.6872e-07 0.2475
0.7525 1.88445 3.76037e-07 0.2525
0.7575 1.88445 2.47191e-07 0.2575
0.7625 1.88445 1.61533e-07 0.2625
0.7675 1.88445 1.04926e-07 0.2675
0.7725 1.88445 6.77398e-08 0.2725
0.7775 1.88445 4.3462e-08 0.2775
0.7825 1.88445 2.77097e-08 0.2825
0.7875 1.88445 1.75537e-08 0.2875
0.7925 1.88445 1.10478e-08 0.2925
0.7975 1.88445 6.90742e-09 0.2975
0.8025 1.88445 4.28938e-09 0.3025
0.8075 1.88445 2.64545e-09 0.3075
0.8125 1.88445 1.62026e-09 0.3125
0.8175 1.88445 9.85374e-10 0.3175
0.8225 1.88445 5.95047e-10 0.3225
0.8275 1.88445 3.56479e-10 0.3275
0.8325 1.88445 2.12083e-10 0.3325
0.8375 1.88445 1.25301e-10 0.3375
0.8425 1.88445 7.35626e-11 0.3425
0.8475 1.88445 4.25512e-11 0.3475
0.8525 1.88445 2.45784e-11 0.3525
0.8575 1.88445 1.38448e-11 0.3575
0.8625 1.88445 7.72973e-12 0.3625
0.8675 1.88445 4.06785e-12 0.3675
0.8725 1.88445 2.01541e-12 0.3725
0.8775 1.88445 9.31028e-13 0.3775
0.8825 1.88445 2.78272e-13 0.3825
0.8875 1.88445 0 0.3875
0.8925 1.88445 0 0.3925
0.8975 1.88445 0 0.3975
0.9025 1.88445 0 0.4025
0.9075 1.88445 0 0.4075
0.9125 1.88445 0 0.4125
0.9175 1.88445 0 0.4175
0.9225 1.88445 0 0.4225
0.9275 1.88445 0 0.4275
0.9325 1.88445 0 0.4325
0.9375 1.88445 0 0.4375
0.9425 1.88445 0 0.4425
0.9475 1.88445 0 0.4475
0.9525 1.88445 0 0.4525
0.9575 1.88445 0 0.4575
0.9625 1.88445 0 0.4625
0.9675 1.88445 0 0.4675
0.9725 1.88445 0 0.4725
0.9775 1.88445 0 0.4775
0.9825 1.88445 0 0.4825
0.9875 1.88445 0 0.4875
0.9925 1.88445 0 0.4925
0.9975 1.88445 0 0.4975
