0.0025 -2 0.00133619 -0.494965
0.0075 -2 0.00133619 -0.489965
0.0125 -2 0.00133619 -0.484965
0.0175 -2 0.00133619 -0.479965
0.0225 -2 0.00133619 -0.474965
0.0275 -2 0.00133619 -0.469965
0.0325 -2 0.00133619 -0.464965
0.0375 -2 0.00133619 -0.459965
0.0425 -2 0.00133619 -0.454965
0.0475 -2 0.00133619 -0.449965
0.0525 -2 0.00133619 -0.444965
0.0575 -2 0.00133619 -0.439965
0.0625 -2 0.00133619 -0.434965
0.0675 -2 0.00133619 -0.429965
0.0725 -2 0.00133619 -0.424965
0.0775 -2 0.00133619 -0.419965
0.0825 -2 0.00133619 -0.414965
0.0875 -2 0.00133619 -0.409965
0.0925 -2 0.00133619 -0.404965
0.0975 -2 0.00133619 -0.399965
0.1025 -2 0.00133619 -0.394965
0.1075 -1.99998 0.00133619 -0.389965
0.1125 -1.99992 0.00133619 -0.384965
0.1175 -1.99976 0.00133619 -0.379965
0.1225 -1.99935 0.00133619 -0.374966
0.1275 -1.99845 0.00133619 -0.369966
0.1325 -1.99671 0.00133619 -0.364968
0.1375 -1.99368 0.00133619 -0.35997
0.1425 -1.98891 0.00133619 -0.354974
0.1475 -1.98199 0.00133619 -0.349981
0.1525 -1.97267 0.00133619 -0.344991
0.1575 -1.96083 0.00133619 -0.340004
0.1625 -1.94653 0.00133619 -0.33502
0.1675 -1.92993 0.00133619 -0.330039
0.1725 -1.91124 0.00133619 -0.325061
0.1775 -1.89071 0.00133619 -0.320086
0.1825 -1.86861 0.00133619 -0.315113
0.1875 -1.84514 0.00133619 -0.310142
0.1925 -1.82051 0.00133619 -0.305172
0.1975 -1.7949 0.00133619 -0.300204
0.2025 -1.76843 0.00133619 -0.295237
0.2075 -1.74124 0.00133619 -0.290272
0.2125 -1.71341 0.00133619 -0.285307
0.2175 -1.68503 0.00133619 -0.280343
0.2225 -1.65615 0.00133619 -0.275379
0.2275 -1.62682 0.00133619 -0.270416
0.2325 -1.59709 0.00133619 -0.265454
0.2375 -1.56698 0.00133619 -0.260492
0.2425 -1.53653 0.00133619 -0.255531
0.2475 -1.50574 0.00133619 -0.25057
0.2525 -1.47465 0.00133619 -0.24561
0.2575 -1.44325 0.00133619 -0.24065
0.2625 -1.41156 0.00133619 -0.23569
0.2675 -1.37958 0.00133619 -0.230731
0.2725 -1.34731 0.00133619 -0.225772
0.2775 -1.31476 0.00133619 -0.220814
0.2825 -1.28194 0.00133619 -0.215855
0.2875 -1.24882 0.00133619 -0.210898
0.2925 -1.21543 0.00133619 -0.20594
0.2975 -1.18174 0.00133619 -0.200983
0.3025 -1.14776 0.00133619 -0.196027
0.3075 -1.11349 0.00133619 -0.19107
0.3125 -1.07892 0.00133619 -0.186114
0.3175 -1.04403 0.00133619 -0.181159
0.3225 -1.00884 0.00133619 -0.176204
0.3275 -0.973325 0.00133619 -0.171249
0.3325 -0.937484 0.00133619 -0.166295
0.3375 -0.90131 0.00133619 -0.161341
0.3425 -0.864796 0.00133619 -0.156388
0.3475 -0.827934 0.00133619 -0.151435
0.3525 -0.790718 0.00133619 -0.146482
0.3575 -0.75314 0.00133619 -0.14153
0.3625 -0.715192 0.00133619 -0.136579
0.3675 -0.676869 0.00133619 -0.131628
0.3725 -0.638163 0.00133619 -0.126677
0.3775 -0.599069 0.00133619 -0.121727
0.3825 -0.559582 0.00133619 -0.116778
0.3875 -0.51969 0.00133619 -0.111829
0.3925 -0.479396 0.00133619 -0.10688
0.3975 -0.438704 0.00133619 -0.101932
0.4025 -0.397623 0.00133619 -0.0969848
0.4075 -0.356168 0.00133619 -0.0920379
0.4125 -0.314365 0.00133619 -0.0870914
0.4175 -0.272257 0.00133619 -0.0821453
0.4225 -0.229915 0.00133619 -0.0771995
0.4275 -0.187449 0.00133619 -0.072254
0.4325 -0.145036 0.00133619 -0.0673084
0.4375 -0.10296 0.00133619 -0.0623624
0.4425 -0.0616775 0.00133619 -0.0574155
0.4475 -0.0219183 0.00133619 -0.0524668
0.4525 0.0151845 0.00133619 -0.0475148
0.4575 0.0480185 0.00133619 -0.0425575
0.4625 0.0745588 0.00133619 -0.0375924
0.4675 0.0930399 0.00133619 -0.032617
0.4725 0.102796 0.00133619 -0.0276304
0.4775 0.103702 0.00133619 -0.022633
0.4825 0.0938184 0.00133619 -0.0176225
0.4875 0.0706025 0.00133619 -0.012595
0.4925 0.0401064 0.00133619 -0.00755606
0.4975 0.0143494 0.00133619 -0.00218824
0.5025 0.00133619 0.00104463 0.00610477
0.5075 0.00133619 -0.00246185 0.0075031
0.5125 0.00133619 -0.0028632 0.0125038
0.5175 0.00133619 -0.0037067 0.017505
0.5225 0.00133619 -0.00586913 0.0225081
0.5275 0.00133619 -0.00979113 0.0275134
0.5325 0.00133619 -0.0141581 0.032519
0.5375 0.00133619 -0.0150908 0.0375196
0.5425 0.00133619 -0.00784887 0.042509
0.5475 0.00133619 0.00987536 0.0474849
0.5525 0.00133619 0.0369626 0.0524489
0.5575 0.00133619 0.070673 0.0574049
0.5625 0.00133619 0.108444 0.0623559
0.5675 0.00133619 0.148491 0.0673043
0.5725 0.00133619 0.189713 0.0722513
0.5775 0.00133619 0.231461 0.0771977
0.5825 0.00133619 0.273354 0.082144
0.5875 0.00133619 0.315171 0.0870904
0.5925 0.00133619 0.356778 0.0920371
0.5975 0.00133619 0.398097 0.0969842
0.6025 0.00133619 0.439079 0.101932
0.6075 0.00133619 0.479697 0.10688
0.6125 0.00133619 0.519936 0.111828
0.6175 0.00133619 0.559783 0.116777
0.6225 0.00133619 0.599234 0.121727
0.6275 0.00133619 0.6383 0.126677
0.6325 0.00133619 0.676982 0.131628
0.6375 0.00133619 0.715286 0.136579
0.6425 0.00133619 0.753217 0.14153
0.6475 0.00133619 0.790782 0.146482
0.6525 0.00133619 0.827987 0.151435
0.6575 0.00133619 0.864839 0.156388
0.6625 0.00133619 0.901346 0.161341
0.6675 0.00133619 0.937513 0.166295
0.6725 0.00133619 0.973348 0.171249
0.6775 0.00133619 1.00886 0.176204
0.6825 0.00133619 1.04405 0.181159
0.6875 0.00133619 1.07893 0.186114
0.6925 0.00133619 1.1135 0.19107
0.6975 0.00133619 1.14777 0.196027
0.7025 0.00133619 1.18175 0.200983
0.7075 0.00133619 1.21543 0.20594
0.7125 0.00133619 1.24882 0.210898
0.7175 0.00133619 1.28194 0.215855
0.7225 0.00133619 1.31476 0.220814
0.7275 0.00133619 1.34731 0.225772
0.7325 0.00133619 1.37958 0.230731
0.7375 0.00133619 1.41156 0.23569
0.7425 0.00133619 1.44325 0.24065
0.7475 0.00133619 1.47465 0.24561
0.7525 0.00133619 1.50574 0.25057
0.7575 0.00133619 1.53653 0.255531
0.7625 0.00133619 1.56698 0.260492
0.7675 0.00133619 1.59709 0.265454
0.7725 0.00133619 1.62682 0.270416
0.7775 0.00133619 1.65615 0.275379
0.7825 0.00133619 1.68503 0.280343
0.7875 0.00133619 1.71341 0.285307
0.7925 0.00133619 1.74124 0.290272
0.7975 0.00133619 1.76843 0.295237
0.8025 0.00133619 1.7949 0.300204
0.8075 0.00133619 1.82051 0.305172
0.8125 0.00133619 1.84514 0.310142
0.8175 0.00133619 1.86861 0.315113
0.8225 0.00133619 1.89071 0.320086
0.8275 0.00133619 1.91124 0.325061
0.8325 0.00133619 1.92993 0.330039
0.8375 0.00133619 1.94653 0.33502
0.8425 0.00133619 1.96083 0.340004
0.8475 0.00133619 1.97267 0.344991
0.8525 0.00133619 1.98199 0.349981
0.8575 0.00133619 1.98891 0.354974
0.8625 0.00133619 1.99368 0.35997
0.8675 0.00133619 1.99671 0.364968
0.8725 0.00133619 1.99845 0.369966
0.8775 0.00133619 1.99935 0.374966
0.8825 0.00133619 1.99976 0.379965
0.8875 0.00133619 1.99992 0.384965
0.8925 0.00133619 1.99998 0.389965
0.8975 0.00133619 2 0.394965
0.9025 0.00133619 2 0.399965
0.9075 0.00133619 2 0.404965
0.9125 0.00133619 2 0.409965
0.9175 0.00133619 2 0.414965
0.9225 0.00133619 2 0.419965
0.9275 0.00133619 2 0.424965
0.9325 0.00133619 2 0.429965
0.9375 0.00133619 2 0.434965
0.9425 0.00133619 2 0.439965
0.9475 0.00133619 2 0.444965
0.9525 0.00133619 2 0.449965
0.9575 0.00133619 2 0.454965
0.9625 0.00133619 2 0.459965
0.9675 0.00133619 2 0.464965
0.9725 0.00133619 2 0.469965
0.9775 0.00133619 2 0.474965
0.9825 0.00133619 2 0.479965
0.9875 0.00133619 2 0.484965
0.9925 0.00133619 2 0.489965
0.9975 0.00133619 2 0.494965
