0.0025 111.835 86.203 -0.4975
0.0075 111.834 86.203 -0.492529
0.0125 111.833 86.203 -0.487529
0.0175 111.832 86.203 -0.482529
0.0225 111.831 86.203 -0.477529
0.0275 111.831 86.203 -0.472529
0.0325 111.83 86.203 -0.467529
0.0375 111.829 86.203 -0.462529
0.0425 111.828 86.203 -0.457529
0.0475 111.828 86.203 -0.452529
0.0525 111.827 86.203 -0.447529
0.0575 111.826 86.203 -0.442529
0.0625 111.826 86.203 -0.437529
0.0675 111.825 86.203 -0.432529
0.0725 111.824 86.203 -0.427529
0.0775 111.824 86.203 -0.422529
0.0825 111.823 86.203 -0.417529
0.0875 111.823 86.203 -0.412529
0.0925 111.822 86.203 -0.407529
0.0975 111.821 86.203 -0.402529
0.1025 111.821 86.203 -0.397529
0.1075 111.82 86.203 -0.392529
0.1125 111.82 86.203 -0.387529
0.1175 111.82 86.203 -0.382529
0.1225 111.819 86.203 -0.377529
0.1275 111.819 86.203 -0.372529
0.1325 111.818 86.203 -0.367529
0.1375 111.818 86.203 -0.362529
0.1425 111.817 86.203 -0.357529
0.1475 111.817 86.203 -0.352529
0.1525 111.817 86.203 -0.347529
0.1575 111.816 86.203 -0.342529
0.1625 111.816 86.203 -0.337529
0.1675 111.815 86.203 -0.332529
0.1725 111.815 86.203 -0.327529
0.1775 111.815 86.203 -0.322529
0.1825 111.814 86.203 -0.317529
0.1875 111.814 86.203 -0.312529
0.1925 111.814 86.203 -0.307529
0.1975 111.813 86.203 -0.302529
0.2025 111.813 86.203 -0.297529
0.2075 111.813 86.203 -0.292529
0.2125 111.813 86.203 -0.287529
0.2175 111.812 86.203 -0.282529
0.2225 111.812 86.203 -0.277529
0.2275 111.812 86.203 -0.272529
0.2325 111.811 86.203 -0.267529
0.2375 111.811 86.203 -0.262529
0.2425 111.811 86.203 -0.257529
0.2475 111.81 86.203 -0.252529
0.2525 111.81 86.203 -0.247529
0.2575 111.81 86.203 -0.242529
0.2625 111.81 86.203 -0.237529
0.2675 111.81 86.203 -0.232529
0.2725 111.809 86.203 -0.227529
0.2775 111.809 86.203 -0.222529
0.2825 111.809 86.203 -0.217529
0.2875 111.809 86.203 -0.212529
0.2925 111.809 86.203 -0.207529
0.2975 111.808 86.203 -0.202529
0.3025 111.808 86.203 -0.197529
0.3075 111.808 86.203 -0.192529
0.3125 111.807 86.203 -0.187529
0.3175 111.807 86.203 -0.182529
0.3225 111.807 86.203 -0.177529
0.3275 111.807 86.203 -0.172529
0.3325 111.807 86.203 -0.167529
0.3375 111.807 86.203 -0.162529
0.3425 111.807 86.203 -0.157529
0.3475 111.806 86.203 -0.152529
0.3525 111.806 86.203 -0.147529
0.3575 111.806 86.203 -0.142529
0.3625 111.806 86.203 -0.137529
0.3675 111.806 86.203 -0.132529
0.3725 111.805 86.203 -0.127529
0.3775 111.805 86.203 -0.122529
0.3825 111.804 86.203 -0.117529
0.3875 111.804 86.203 -0.112529
0.3925 111.803 86.203 -0.107529
0.3975 111.801 86.203 -0.102529
0.4025 111.797 86.203 -0.0975287
0.4075 111.792 86.203 -0.0925287
0.4125 111.782 86.203 -0.0875287
0.4175 111.766 86.203 -0.0825287
0.4225 111.738 86.203 -0.0775287
0.4275 111.692 86.203 -0.0725287
0.4325 111.618 86.203 -0.0675286
0.4375 111.499 86.203 -0.0625286
0.4425 111.31 86.203 -0.0575286
0.4475 111.018 86.203 -0.0525285
0.4525 110.572 86.203 -0.0475284
0.4575 109.902 86.203 -0.0425282
0.4625 108.912 86.203 -0.0375279
0.4675 107.478 86.203 -0.0325276
0.4725 105.442 86.203 -0.027527
0.4775 102.624 86.203 -0.0225263
0.4825 98.8397 86.203 -0.0175253
0.4875 93.9578 86.203 -0.012524
0.4925 87.9878 86.203 -0.00752249
0.4975 81.1757 86.203 -0.00454646
0.5025 86.203 77.7495 0.000115459
0.5075 86.203 72.848 0.00747263
0.5125 86.203 66.7678 0.012483
0.5175 86.203 60.2744 0.0174846
0.5225 86.203 53.8182 0.0224863
0.5275 86.203 47.5548 0.0274879
0.5325 86.203 41.5868 0.0324894
0.5375 86.203 36.0013 0.0374908
0.5425 86.203 30.8653 0.0424922
0.5475 86.203 26.2225 0.0474933
0.5525 86.203 22.0922 0.0524944
0.5575 86.203 18.4716 0.0574953
0.5625 86.203 15.3396 0.0624961
0.5675 86.203 12.6619 0.0674968
0.5725 86.203 10.396 0.0724974
0.5775 86.203 8.49548 0.0774978
0.5825 86.203 6.9136 0.0824982
0.5875 86.203 5.60551 0.0874986
0.5925 86.203 4.52989 0.0924989
0.5975 86.203 3.64969 0.0974991
0.6025 86.203 2.93241 0.102499
0.6075 86.203 2.35004 0.107499
0.6125 86.203 1.87874 0.1125
0.6175 86.203 1.49844 0.1175
0.6225 86.203 1.19239 0.1225
0.6275 86.203 0.946723 0.1275
0.6325 86.203 0.74999 0.1325
0.6375 86.203 0.592812 0.1375
0.6425 86.203 0.467518 0.1425
0.6475 86.203 0.367863 0.1475
0.6525 86.203 0.288775 0.1525
0.6575 86.203 0.226151 0.1575
0.6625 86.203 0.176676 0.1625
0.6675 86.203 0.13768 0.1675
0.6725 86.203 0.107017 0.1725
0.6775 86.203 0.0829649 0.1775
0.6825 86.203 0.0641453 0.1825
0.6875 86.203 0.0494576 0.1875
0.6925 86.203 0.0380251 0.1925
0.6975 86.203 0.0291504 0.1975
0.7025 86.203 0.0222805 0.2025
0.7075 86.203 0.0169777 0.2075
0.7125 86.203 0.0128966 0.2125
0.7175 86.203 0.00976515 0.2175
0.7225 86.203 0.00736991 0.2225
0.7275 86.203 0.00554359 0.2275
0.7325 86.203 0.0041556 0.2325
0.7375 86.203 0.00310425 0.2375
0.7425 86.203 0.00231063 0.2425
0.7475 86.203 0.00171364 0.2475
0.7525 86.203 0.00126617 0.2525
0.7575 86.203 0.000932004 0.2575
0.7625 86.203 0.000683379 0.2625
0.7675 86.203 0.000499106 0.2675
0.7725 86.203 0.000363059 0.2725
0.7775 86.203 0.000263017 0.2775
0.7825 86.203 0.000189748 0.2825
0.7875 86.203 0.000136309 0.2875
0.7925 86.203 9.74982e-05 0.2925
0.7975 86.203 6.94313e-05 0.2975
0.8025 86.203 4.92231e-05 0.3025
0.8075 86.203 3.47379e-05 0.3075
0.8125 86.203 2.4402e-05 0.3125
0.8175 86.203 1.70608e-05 0.3175
0.8225 86.203 1.18711e-05 0.3225
0.8275 86.203 8.21992e-06 0.3275
0.8325 86.203 5.66358e-06 0.3325
0.8375 86.203 3.88265e-06 0.3375
0.8425 86.203 2.64814e-06 0.3425
0.8475 86.203 1.79678e-06 0.3475
0.8525 86.203 1.2127e-06 0.3525
0.8575 86.203 8.14104e-07 0.3575
0.8625 86.203 5.43546e-07 0.3625
0.8675 86.203 3.60898e-07 0.3675
0.8725 86.203 2.3828e-07 0.3725
0.8775 86.203 1.56425e-07 0.3775
0.8825 86.203 1.02094e-07 0.3825
0.8875 86.203 6.6242e-08 0.3875
0.8925 86.203 4.27229e-08 0.3925
0.8975 86.203 2.73871e-08 0.3975
0.9025 86.203 1.74479e-08 0.4025
0.9075 86.203 1.10461e-08 0.4075
0.9125 86.203 6.94891e-09 0.4125
0.9175 86.203 4.34317e-09 0.4175
0.9225 86.203 2.6968e-09 0.4225
0.9275 86.203 1.66334e-09 0.4275
0.9325 86.203 1.01892e-09 0.4325
0.9375 86.203 6.19583e-10 0.4375
0.9425 86.203 3.74523e-10 0.4425
0.9475 86.203 2.24522e-10 0.4475
0.9525 86.203 1.33671e-10 0.4525
0.9575 86.203 7.92932e-11 0.4575
0.9625 86.203 4.62047e-11 0.4625
0.9675 86.203 2.69164e-11 0.4675
0.9725 86.203 1.54483e-11 0.4725
0.9775 86.203 8.76618e-12 0.4775
0.9825 86.203 4.71297e-12 0.4825
0.9875 86.203 2.57485e-12 0.4875
0.9925 86.203 1.10956e-12 0.4925
0.9975 86.203 5.42856e-13 0.4975
