0.00125 -2 -0.00220224 -0.497671
0.00375 -2 -0.00220224 -0.495171
0.00625 -2 -0.00220224 -0.492671
0.00875 -2 -0.00220224 -0.490171
0.01125 -2 -0.00220224 -0.487671
0.01375 -2 -0.00220224 -0.485171
0.01625 -2 -0.00220224 -0.482671
0.01875 -2 -0.00220224 -0.480171
0.02125 -2 -0.00220224 -0.477671
0.02375 -2 -0.00220224 -0.475171
0.02625 -2 -0.00220224 -0.472671
0.02875 -2 -0.00220224 -0.470171
0.03125 -2 -0.00220224 -0.467671
0.03375 -2 -0.00220224 -0.465171
0.03625 -2 -0.00220224 -0.462671
0.03875 -2 -0.00220224 -0.460171
0.04125 -2 -0.00220224 -0.457671
0.04375 -2 -0.00220224 -0.455171
0.04625 -2 -0.00220224 -0.452671
0.04875 -2 -0.00220224 -0.450171
0.05125 -2 -0.00220224 -0.447671
0.05375 -2 -0.00220224 -0.445171
0.05625 -2 -0.00220224 -0.442671
0.05875 -2 -0.00220224 -0.440171
0.06125 -2 -0.00220224 -0.437671
0.06375 -2 -0.00220224 -0.435171
0.06625 -2 -0.00220224 -0.432671
0.06875 -2 -0.00220224 -0.430171
0.07125 -2 -0.00220224 -0.427671
0.07375 -2 -0.00220224 -0.425171
0.07625 -2 -0.00220224 -0.422671
0.07875 -2 -0.00220224 -0.420171
0.08125 -2 -0.00220224 -0.417671
0.08375 -2 -0.00220224 -0.415171
0.08625 -2 -0.00220224 -0.412671
0.08875 -2 -0.00220224 -0.410171
0.09125 -1.99999 -0.00220224 -0.407671
0.09375 -1.99999 -0.00220224 -0.405171
0.09625 -1.99997 -0.00220224 -0.402671
0.09875 -1.99994 -0.00220224 -0.400171
0.10125 -1.99988 -0.00220224 -0.397671
0.10375 -1.99976 -0.00220224 -0.395171
0.10625 -1.99955 -0.00220224 -0.392671
0.10875 -1.99921 -0.00220224 -0.390171
0.11125 -1.99866 -0.00220224 -0.387671
0.11375 -1.99783 -0.00220224 -0.385171
0.11625 -1.99661 -0.00220224 -0.382672
0.11875 -1.99492 -0.00220224 -0.380173
0.12125 -1.99265 -0.00220224 -0.377674
0.12375 -1.98971 -0.00220224 -0.375175
0.12625 -1.98603 -0.00220224 -0.372677
0.12875 -1.98156 -0.00220224 -0.370179
0.13125 -1.97627 -0.00220224 -0.367682
0.13375 -1.97016 -0.00220224 -0.365185
0.13625 -1.96325 -0.00220224 -0.362688
0.13875 -1.95557 -0.00220224 -0.360192
0.14125 -1.94716 -0.00220224 -0.357696
0.14375 -1.93809 -0.00220224 -0.355201
0.14625 -1.9284 -0.00220224 -0.352706
0.14875 -1.91816 -0.00220224 -0.350212
0.15125 -1.90742 -0.00220224 -0.347717
0.15375 -1.89623 -0.00220224 -0.345223
0.15625 -1.88465 -0.00220224 -0.342729
0.15875 -1.87271 -0.00220224 -0.340236
0.16125 -1.86045 -0.00220224 -0.337742
0.16375 -1.84791 -0.00220224 -0.335249
0.16625 -1.83512 -0.00220224 -0.332756
0.16875 -1.8221 -0.00220224 -0.330263
0.17125 -1.80889 -0.00220224 -0.32777
0.17375 -1.7955 -0.00220224 -0.325277
0.17625 -1.78194 -0.00220224 -0.322784
0.17875 -1.76825 -0.00220224 -0.320292
0.18125 -1.75442 -0.00220224 -0.317799
0.18375 -1.74047 -0.00220224 -0.315307
0.18625 -1.72641 -0.00220224 -0.312814
0.18875 -1.71225 -0.00220224 -0.310322
0.19125 -1.69801 -0.00220224 -0.30783
0.19375 -1.68367 -0.00220224 -0.305337
0.19625 -1.66926 -0.00220224 -0.302845
0.19875 -1.65478 -0.00220224 -0.300353
0.20125 -1.64023 -0.00220224 -0.297861
0.20375 -1.62561 -0.00220224 -0.295369
0.20625 -1.61094 -0.00220224 -0.292877
0.20875 -1.5962 -0.00220224 -0.290385
0.21125 -1.58142 -0.00220224 -0.287893
0.21375 -1.56658 -0.00220224 -0.285401
0.21625 -1.55169 -0.00220224 -0.282909
0.21875 -1.53675 -0.00220224 -0.280417
0.22125 -1.52177 -0.00220224 -0.277925
0.22375 -1.50675 -0.00220224 -0.275433
0.22625 -1.49168 -0.00220224 -0.272941
0.22875 -1.47657 -0.00220224 -0.270449
0.23125 -1.46142 -0.00220224 -0.267958
0.23375 -1.44623 -0.00220224 -0.265466
0.23625 -1.431 -0.00220224 -0.262974
0.23875 -1.41573 -0.00220224 -0.260482
0.24125 -1.40042 -0.00220224 -0.257991
0.24375 -1.38508 -0.00220224 -0.255499
0.24625 -1.3697 -0.00220224 -0.253007
0.24875 -1.35428 -0.00220224 -0.250516
0.25125 -1.33882 -0.00220224 -0.248024
0.25375 -1.32333 -0.00220224 -0.245532
0.25625 -1.3078 -0.00220224 -0.243041
0.25875 -1.29223 -0.00220224 -0.240549
0.26125 -1.27663 -0.00220224 -0.238058
0.26375 -1.26099 -0.00220224 -0.235566
0.26625 -1.24531 -0.00220224 -0.233075
0.26875 -1.2296 -0.00220224 -0.230583
0.27125 -1.21385 -0.00220224 -0.228092
0.27375 -1.19807 -0.00220224 -0.2256
0.27625 -1.18224 -0.00220224 -0.223109
0.27875 -1.16638 -0.00220224 -0.220617
0.28125 -1.15048 -0.00220224 -0.218126
0.28375 -1.13454 -0.00220224 -0.215635
0.28625 -1.11857 -0.00220224 -0.213143
0.28875 -1.10255 -0.00220224 -0.210652
0.29125 -1.0865 -0.00220224 -0.208161
0.29375 -1.07041 -0.00220224 -0.205669
0.29625 -1.05428 -0.00220224 -0.203178
0.29875 -1.0381 -0.00220224 -0.200687
0.30125 -1.02189 -0.00220224 -0.198196
0.30375 -1.00564 -0.00220224 -0.195704
0.30625 -0.989342 -0.00220224 -0.193213
0.30875 -0.973005 -0.00220224 -0.190722
0.31125 -0.956626 -0.00220224 -0.188231
0.31375 -0.940204 -0.00220224 -0.18574
0.31625 -0.923739 -0.00220224 -0.183249
0.31875 -0.907231 -0.00220224 -0.180758
0.32125 -0.890679 -0.00220224 -0.178267
0.32375 -0.874082 -0.00220224 -0.175776
0.32625 -0.857441 -0.00220224 -0.173285
0.32875 -0.840754 -0.00220224 -0.170794
0.33125 -0.824022 -0.00220224 -0.168303
0.33375 -0.807244 -0.00220224 -0.165812
0.33625 -0.790419 -0.00220224 -0.163321
0.33875 -0.773547 -0.00220224 -0.16083
0.34125 -0.756628 -0.00220224 -0.158339
0.34375 -0.739661 -0.00220224 -0.155848
0.34625 -0.722645 -0.00220224 -0.153358
0.34875 -0.705582 -0.00220224 -0.150867
0.35125 -0.688469 -0.00220224 -0.148376
0.35375 -0.671306 -0.00220224 -0.145885
0.35625 -0.654094 -0.00220224 -0.143395
0.35875 -0.636833 -0.00220224 -0.140904
0.36125 -0.61952 -0.00220224 -0.138413
0.36375 -0.602158 -0.00220224 -0.135923
0.36625 -0.584744 -0.00220224 -0.133432
0.36875 -0.567279 -0.00220224 -0.130942
0.37125 -0.549764 -0.00220224 -0.128451
0.37375 -0.532197 -0.00220224 -0.125961
0.37625 -0.514579 -0.00220224 -0.12347
0.37875 -0.496908 -0.00220224 -0.12098
0.38125 -0.479183 -0.00220224 -0.118489
0.38375 -0.461407 -0.00220224 -0.115999
0.38625 -0.443579 -0.00220224 -0.113509
0.38875 -0.425701 -0.00220224 -0.111018
0.39125 -0.407773 -0.00220224 -0.108528
0.39375 -0.389795 -0.00220224 -0.106038
0.39625 -0.37177 -0.00220224 -0.103548
0.39875 -0.353697 -0.00220224 -0.101057
0.40125 -0.33558 -0.00220224 -0.0985673
0.40375 -0.317419 -0.00220224 -0.0960771
0.40625 -0.299218 -0.00220224 -0.093587
0.40875 -0.28098 -0.00220224 -0.0910969
0.41125 -0.26271 -0.00220224 -0.0886068
0.41375 -0.244412 -0.00220224 -0.0861167
0.41625 -0.226094 -0.00220224 -0.0836266
0.41875 -0.207763 -0.00220224 -0.0811365
0.42125 -0.189431 -0.00220224 -0.0786465
0.42375 -0.171111 -0.00220224 -0.0761564
0.42625 -0.152821 -0.00220224 -0.0736663
0.42875 -0.134586 -0.00220224 -0.0711762
0.43125 -0.116437 -0.00220224 -0.0686861
0.43375 -0.0984186 -0.00220224 -0.0661958
0.43625 -0.0805916 -0.00220224 -0.0637055
0.43875 -0.0630455 -0.00220224 -0.0612151
0.44125 -0.045913 -0.00220224 -0.0587244
0.44375 -0.0293965 -0.00220224 -0.0562334
0.44625 -0.0138112 -0.00220224 -0.0537419
0.44875 0.000351462 -0.00220224 -0.0512497
0.45125 0.0123493 -0.00220224 -0.0487563
0.45375 0.0211441 -0.00220224 -0.0462613
0.45625 0.0255286 -0.00220224 -0.0437639
0.45875 0.0246082 -0.00220224 -0.0412637
0.46125 0.0185863 -0.00220224 -0.0387606
0.46375 0.00920797 -0.00220224 -0.0362556
0.46625 -0.000861834 -0.00220224 -0.0337501
0.46875 -0.0093349 -0.00220224 -0.0312454
0.47125 -0.0151084 -0.00220224 -0.0287421
0.47375 -0.0181835 -0.00220224 -0.0262404
0.47625 -0.019147 -0.00220224 -0.0237398
0.47875 -0.0187046 -0.00220224 -0.0212399
0.48125 -0.0174352 -0.00220224 -0.0187406
0.48375 -0.0157248 -0.00220224 -0.0162415
0.48625 -0.0137946 -0.00220224 -0.0137426
0.48875 -0.0117576 -0.00220224 -0.0112436
0.49125 -0.00966792 -0.00220224 -0.00874477
0.49375 -0.00755192 -0.00220224 -0.00624592
0.49625 -0.00542728 -0.00220224 -0.00374649
0.49875 -0.00330194 -0.00220224 -0.000758944
0.50125 -0.00220224 -0.00118351 0.00309557
0.50375 -0.00220224 0.000912429 0.00374987
0.50625 -0.00220224 0.00299917 0.00624839
0.50875 -0.00220224 0.00504264 0.00874729
0.51125 -0.00220224 0.00704658 0.0112462
0.51375 -0.00220224 0.00900022 0.0137452
0.51625 -0.00220224 0.0108942 0.0162441
0.51875 -0.00220224 0.0127217 0.0187431
0.52125 -0.00220224 0.0144783 0.0212422
0.52375 -0.00220224 0.016158 0.0237413
0.52625 -0.00220224 0.0177473 0.0262404
0.52875 -0.00220224 0.0192182 0.0287397
0.53125 -0.00220224 0.0205251 0.031239
0.53375 -0.00220224 0.0216139 0.0337384
0.53625 -0.00220224 0.0224528 0.0362379
0.53875 -0.00220224 0.0230857 0.0387376
0.54125 -0.00220224 0.0236973 0.0412373
0.54375 -0.00220224 0.0246521 0.0437367
0.54625 -0.00220224 0.0264704 0.0462357
0.54875 -0.00220224 0.0297213 0.0487339
0.55125 -0.00220224 0.0348738 0.051231
0.55375 -0.00220224 0.042179 0.0537269
0.55625 -0.00220224 0.0516391 0.0562217
0.55875 -0.00220224 0.063061 0.0587154
0.56125 -0.00220224 0.0761445 0.0612082
0.56375 -0.00220224 0.0905633 0.0637003
0.56625 -0.00220224 0.106016 0.0661919
0.56875 -0.00220224 0.122248 0.068683
0.57125 -0.00220224 0.139057 0.0711739
0.57375 -0.00220224 0.156286 0.0736645
0.57625 -0.00220224 0.173819 0.076155
0.57875 -0.00220224 0.191567 0.0786454
0.58125 -0.00220224 0.209463 0.0811357
0.58375 -0.00220224 0.227461 0.0836259
0.58625 -0.00220224 0.245522 0.0861161
0.58875 -0.00220224 0.263619 0.0886063
0.59125 -0.00220224 0.281733 0.0910965
0.59375 -0.00220224 0.299846 0.0935866
0.59625 -0.00220224 0.317948 0.0960768
0.59875 -0.00220224 0.336029 0.098567
0.60125 -0.00220224 0.354082 0.101057
0.60375 -0.00220224 0.372102 0.103547
0.60625 -0.00220224 0.390084 0.106038
0.60875 -0.00220224 0.408026 0.108528
0.61125 -0.00220224 0.425924 0.111018
0.61375 -0.00220224 0.443777 0.113509
0.61625 -0.00220224 0.461582 0.115999
0.61875 -0.00220224 0.47934 0.118489
0.62125 -0.00220224 0.497049 0.12098
0.62375 -0.00220224 0.514706 0.12347
0.62625 -0.00220224 0.532311 0.125961
0.62875 -0.00220224 0.549868 0.128451
0.63125 -0.00220224 0.567374 0.130942
0.63375 -0.00220224 0.58483 0.133432
0.63625 -0.00220224 0.602236 0.135923
0.63875 -0.00220224 0.619592 0.138413
0.64125 -0.00220224 0.636898 0.140904
0.64375 -0.00220224 0.654155 0.143395
0.64625 -0.00220224 0.671362 0.145885
0.64875 -0.00220224 0.688519 0.148376
0.65125 -0.00220224 0.705628 0.150867
0.65375 -0.00220224 0.722688 0.153358
0.65625 -0.00220224 0.7397 0.155848
0.65875 -0.00220224 0.756664 0.158339
0.66125 -0.00220224 0.77358 0.16083
0.66375 -0.00220224 0.790449 0.163321
0.66625 -0.00220224 0.807272 0.165812
0.66875 -0.00220224 0.824048 0.168303
0.67125 -0.00220224 0.840778 0.170794
0.67375 -0.00220224 0.857462 0.173285
0.67625 -0.00220224 0.874102 0.175776
0.67875 -0.00220224 0.890697 0.178267
0.68125 -0.00220224 0.907247 0.180758
0.68375 -0.00220224 0.923754 0.183249
0.68625 -0.00220224 0.940217 0.18574
0.68875 -0.00220224 0.956638 0.188231
0.69125 -0.00220224 0.973016 0.190722
0.69375 -0.00220224 0.989352 0.193213
0.69625 -0.00220224 1.00565 0.195704
0.69875 -0.00220224 1.0219 0.198196
0.70125 -0.00220224 1.03811 0.200687
0.70375 -0.00220224 1.05428 0.203178
0.70625 -0.00220224 1.07041 0.205669
0.70875 -0.00220224 1.08651 0.208161
0.71125 -0.00220224 1.10256 0.210652
0.71375 -0.00220224 1.11857 0.213143
0.71625 -0.00220224 1.13455 0.215635
0.71875 -0.00220224 1.15049 0.218126
0.72125 -0.00220224 1.16638 0.220617
0.72375 -0.00220224 1.18224 0.223109
0.72625 -0.00220224 1.19807 0.2256
0.72875 -0.00220224 1.21385 0.228092
0.73125 -0.00220224 1.2296 0.230583
0.73375 -0.00220224 1.24532 0.233075
0.73625 -0.00220224 1.26099 0.235566
0.73875 -0.00220224 1.27663 0.238058
0.74125 -0.00220224 1.29223 0.240549
0.74375 -0.00220224 1.3078 0.243041
0.74625 -0.00220224 1.32333 0.245532
0.74875 -0.00220224 1.33882 0.248024
0.75125 -0.00220224 1.35428 0.250516
0.75375 -0.00220224 1.3697 0.253007
0.75625 -0.00220224 1.38508 0.255499
0.75875 -0.00220224 1.40042 0.257991
0.76125 -0.00220224 1.41573 0.260482
0.76375 -0.00220224 1.431 0.262974
0.76625 -0.00220224 1.44623 0.265466
0.76875 -0.00220224 1.46142 0.267958
0.77125 -0.00220224 1.47657 0.270449
0.77375 -0.00220224 1.49168 0.272941
0.77625 -0.00220224 1.50675 0.275433
0.77875 -0.00220224 1.52177 0.277925
0.78125 -0.00220224 1.53675 0.280417
0.78375 -0.00220224 1.55169 0.282909
0.78625 -0.00220224 1.56658 0.285401
0.78875 -0.00220224 1.58142 0.287893
0.79125 -0.00220224 1.5962 0.290385
0.79375 -0.00220224 1.61093 0.292877
0.79625 -0.00220224 1.62561 0.295369
0.79875 -0.00220224 1.64023 0.297861
0.80125 -0.00220224 1.65478 0.300353
0.80375 -0.00220224 1.66926 0.302845
0.80625 -0.00220224 1.68367 0.305337
0.80875 -0.00220224 1.698 0.30783
0.81125 -0.00220224 1.71225 0.310322
0.81375 -0.00220224 1.72641 0.312814
0.81625 -0.00220224 1.74047 0.315307
0.81875 -0.00220224 1.75442 0.317799
0.82125 -0.00220224 1.76825 0.320292
0.82375 -0.00220224 1.78194 0.322784
0.82625 -0.00220224 1.7955 0.325277
0.82875 -0.00220224 1.80889 0.32777
0.83125 -0.00220224 1.8221 0.330263
0.83375 -0.00220224 1.83512 0.332756
0.83625 -0.00220224 1.84791 0.335249
0.83875 -0.00220224 1.86045 0.337742
0.84125 -0.00220224 1.87271 0.340236
0.84375 -0.00220224 1.88465 0.342729
0.84625 -0.00220224 1.89623 0.345223
0.84875 -0.00220224 1.90742 0.347717
0.85125 -0.00220224 1.91816 0.350212
0.85375 -0.00220224 1.9284 0.352706
0.85625 -0.00220224 1.93809 0.355201
0.85875 -0.00220224 1.94716 0.357696
0.86125 -0.00220224 1.95557 0.360192
0.86375 -0.00220224 1.96325 0.362688
0.86625 -0.00220224 1.97016 0.365185
0.86875 -0.00220224 1.97627 0.367682
0.87125 -0.00220224 1.98156 0.370179
0.87375 -0.00220224 1.98603 0.372677
0.87625 -0.00220224 1.98971 0.375175
0.87875 -0.00220224 1.99265 0.377674
0.88125 -0.00220224 1.99492 0.380173
0.88375 -0.00220224 1.99661 0.382672
0.88625 -0.00220224 1.99783 0.385171
0.88875 -0.00220224 1.99866 0.387671
0.89125 -0.00220224 1.99921 0.390171
0.89375 -0.00220224 1.99955 0.392671
0.89625 -0.00220224 1.99976 0.395171
0.89875 -0.00220224 1.99988 0.397671
0.90125 -0.00220224 1.99994 0.400171
0.90375 -0.00220224 1.99997 0.402671
0.90625 -0.00220224 1.99999 0.405171
0.90875 -0.00220224 1.99999 0.407671
0.91125 -0.00220224 2 0.410171
0.91375 -0.00220224 2 0.412671
0.91625 -0.00220224 2 0.415171
0.91875 -0.00220224 2 0.417671
0.92125 -0.00220224 2 0.420171
0.92375 -0.00220224 2 0.422671
0.92625 -0.00220224 2 0.425171
0.92875 -0.00220224 2 0.427671
0.93125 -0.00220224 2 0.430171
0.93375 -0.00220224 2 0.432671
0.93625 -0.00220224 2 0.435171
0.93875 -0.00220224 2 0.437671
0.94125 -0.00220224 2 0.440171
0.94375 -0.00220224 2 0.442671
0.94625 -0.00220224 2 0.445171
0.94875 -0.00220224 2 0.447671
0.95125 -0.00220224 2 0.450171
0.95375 -0.00220224 2 0.452671
0.95625 -0.00220224 2 0.455171
0.95875 -0.00220224 2 0.457671
0.96125 -0.00220224 2 0.460171
0.96375 -0.00220224 2 0.462671
0.96625 -0.00220224 2 0.465171
0.96875 -0.00220224 2 0.467671
0.97125 -0.00220224 2 0.470171
0.97375 -0.00220224 2 0.472671
0.97625 -0.00220224 2 0.475171
0.97875 -0.00220224 2 0.477671
0.98125 -0.00220224 2 0.480171
0.98375 -0.00220224 2 0.482671
0.98625 -0.00220224 2 0.485171
0.98875 -0.00220224 2 0.487671
0.99125 -0.00220224 2 0.490171
0.99375 -0.00220224 2 0.492671
0.99625 -0.00220224 2 0.495171
0.99875 -0.00220224 2 0.497671
