0.00125 -2 -0.00198764 -0.497671
0.00375 -2 -0.00198764 -0.495171
0.00625 -2 -0.00198764 -0.492671
0.00875 -2 -0.00198764 -0.490171
0.01125 -2 -0.00198764 -0.487671
0.01375 -2 -0.00198764 -0.485171
0.01625 -2 -0.00198764 -0.482671
0.01875 -2 -0.00198764 -0.480171
0.02125 -2 -0.00198764 -0.477671
0.02375 -2 -0.00198764 -0.475171
0.02625 -2 -0.00198764 -0.472671
0.02875 -2 -0.00198764 -0.470171
0.03125 -2 -0.00198764 -0.467671
0.03375 -2 -0.00198764 -0.465171
0.03625 -2 -0.00198764 -0.462671
0.03875 -2 -0.00198764 -0.460171
0.04125 -2 -0.00198764 -0.457671
0.04375 -2 -0.00198764 -0.455171
0.04625 -2 -0.00198764 -0.452671
0.04875 -2 -0.00198764 -0.450171
0.05125 -2 -0.00198764 -0.447671
0.05375 -2 -0.00198764 -0.445171
0.05625 -2 -0.00198764 -0.442671
0.05875 -2 -0.00198764 -0.440171
0.06125 -2 -0.00198764 -0.437671
0.06375 -1.99999 -0.00198764 -0.435171
0.06625 -1.99998 -0.00198764 -0.432671
0.06875 -1.99995 -0.00198764 -0.430171
0.07125 -1.9999 -0.00198764 -0.427671
0.07375 -1.99981 -0.00198764 -0.425171
0.07625 -1.99966 -0.00198764 -0.422671
0.07875 -1.9994 -0.00198764 -0.420171
0.08125 -1.99898 -0.00198764 -0.417671
0.08375 -1.99835 -0.00198764 -0.415171
0.08625 -1.99743 -0.00198764 -0.412672
0.08875 -1.99612 -0.00198764 -0.410172
0.09125 -1.99435 -0.00198764 -0.407673
0.09375 -1.99203 -0.00198764 -0.405174
0.09625 -1.98909 -0.00198764 -0.402675
0.09875 -1.98547 -0.00198764 -0.400177
0.10125 -1.98113 -0.00198764 -0.397679
0.10375 -1.97606 -0.00198764 -0.395182
0.10625 -1.97025 -0.00198764 -0.392685
0.10875 -1.96372 -0.00198764 -0.390188
0.11125 -1.95651 -0.00198764 -0.387692
0.11375 -1.94865 -0.00198764 -0.385196
0.11625 -1.9402 -0.00198764 -0.3827
0.11875 -1.93119 -0.00198764 -0.380205
0.12125 -1.92168 -0.00198764 -0.37771
0.12375 -1.91172 -0.00198764 -0.375215
0.12625 -1.90136 -0.00198764 -0.372721
0.12875 -1.89062 -0.00198764 -0.370226
0.13125 -1.87957 -0.00198764 -0.367732
0.13375 -1.86822 -0.00198764 -0.365238
0.13625 -1.85661 -0.00198764 -0.362744
0.13875 -1.84477 -0.00198764 -0.360251
0.14125 -1.83272 -0.00198764 -0.357757
0.14375 -1.82049 -0.00198764 -0.355264
0.14625 -1.80808 -0.00198764 -0.352771
0.14875 -1.79553 -0.00198764 -0.350277
0.15125 -1.78284 -0.00198764 -0.347784
0.15375 -1.77003 -0.00198764 -0.345291
0.15625 -1.75711 -0.00198764 -0.342798
0.15875 -1.74408 -0.00198764 -0.340305
0.16125 -1.73096 -0.00198764 -0.337812
0.16375 -1.71776 -0.00198764 -0.335319
0.16625 -1.70448 -0.00198764 -0.332826
0.16875 -1.69112 -0.00198764 -0.330334
0.17125 -1.6777 -0.00198764 -0.327841
0.17375 -1.66421 -0.00198764 -0.325348
0.17625 -1.65067 -0.00198764 -0.322855
0.17875 -1.63707 -0.00198764 -0.320363
0.18125 -1.62342 -0.00198764 -0.31787
0.18375 -1.60971 -0.00198764 -0.315378
0.18625 -1.59597 -0.00198764 -0.312885
0.18875 -1.58217 -0.00198764 -0.310392
0.19125 -1.56834 -0.00198764 -0.3079
0.19375 -1.55446 -0.00198764 -0.305407
0.19625 -1.54054 -0.00198764 -0.302915
0.19875 -1.52659 -0.00198764 -0.300423
0.20125 -1.5126 -0.00198764 -0.29793
0.20375 -1.49857 -0.00198764 -0.295438
0.20625 -1.48451 -0.00198764 -0.292945
0.20875 -1.47041 -0.00198764 -0.290453
0.21125 -1.45629 -0.00198764 -0.287961
0.21375 -1.44212 -0.00198764 -0.285468
0.21625 -1.42793 -0.00198764 -0.282976
0.21875 -1.41371 -0.00198764 -0.280484
0.22125 -1.39945 -0.00198764 -0.277991
0.22375 -1.38516 -0.00198764 -0.275499
0.22625 -1.37085 -0.00198764 -0.273007
0.22875 -1.3565 -0.00198764 -0.270515
0.23125 -1.34212 -0.00198764 -0.268022
0.23375 -1.32771 -0.00198764 -0.26553
0.23625 -1.31327 -0.00198764 -0.263038
0.23875 -1.2988 -0.00198764 -0.260546
0.24125 -1.28431 -0.00198764 -0.258054
0.24375 -1.26978 -0.00198764 -0.255562
0.24625 -1.25522 -0.00198764 -0.253069
0.24875 -1.24063 -0.00198764 -0.250577
0.25125 -1.22601 -0.00198764 -0.248085
0.25375 -1.21137 -0.00198764 -0.245593
0.25625 -1.19669 -0.00198764 -0.243101
0.25875 -1.18198 -0.00198764 -0.240609
0.26125 -1.16724 -0.00198764 -0.238117
0.26375 -1.15247 -0.00198764 -0.235625
0.26625 -1.13766 -0.00198764 -0.233133
0.26875 -1.12283 -0.00198764 -0.230641
0.27125 -1.10797 -0.00198764 -0.228149
0.27375 -1.09307 -0.00198764 -0.225657
0.27625 -1.07814 -0.00198764 -0.223165
0.27875 -1.06318 -0.00198764 -0.220673
0.28125 -1.04819 -0.00198764 -0.218181
0.28375 -1.03316 -0.00198764 -0.21569
0.28625 -1.0181 -0.00198764 -0.213198
0.28875 -1.00301 -0.00198764 -0.210706
0.29125 -0.987878 -0.00198764 -0.208214
0.29375 -0.972716 -0.00198764 -0.205722
0.29625 -0.95752 -0.00198764 -0.203231
0.29875 -0.942289 -0.00198764 -0.200739
0.30125 -0.927022 -0.00198764 -0.198247
0.30375 -0.911721 -0.00198764 -0.195755
0.30625 -0.896383 -0.00198764 -0.193264
0.30875 -0.881009 -0.00198764 -0.190772
0.31125 -0.865598 -0.00198764 -0.18828
0.31375 -0.850151 -0.00198764 -0.185789
0.31625 -0.834666 -0.00198764 -0.183297
0.31875 -0.819144 -0.00198764 -0.180806
0.32125 -0.803584 -0.00198764 -0.178314
0.32375 -0.787986 -0.00198764 -0.175822
0.32625 -0.772349 -0.00198764 -0.173331
0.32875 -0.756673 -0.00198764 -0.170839
0.33125 -0.740958 -0.00198764 -0.168348
0.33375 -0.725203 -0.00198764 -0.165856
0.33625 -0.709409 -0.00198764 -0.163365
0.33875 -0.693574 -0.00198764 -0.160873
0.34125 -0.677699 -0.00198764 -0.158382
0.34375 -0.661783 -0.00198764 -0.155891
0.34625 -0.645826 -0.00198764 -0.153399
0.34875 -0.629828 -0.00198764 -0.150908
0.35125 -0.613789 -0.00198764 -0.148417
0.35375 -0.597708 -0.00198764 -0.145925
0.35625 -0.581585 -0.00198764 -0.143434
0.35875 -0.56542 -0.00198764 -0.140943
0.36125 -0.549213 -0.00198764 -0.138452
0.36375 -0.532964 -0.00198764 -0.13596
0.36625 -0.516673 -0.00198764 -0.133469
0.36875 -0.50034 -0.00198764 -0.130978
0.37125 -0.483962 -0.00198764 -0.128487
0.37375 -0.467541 -0.00198764 -0.125996
0.37625 -0.451077 -0.00198764 -0.123505
0.37875 -0.434572 -0.00198764 -0.121014
0.38125 -0.418025 -0.00198764 -0.118523
0.38375 -0.401438 -0.00198764 -0.116032
0.38625 -0.384809 -0.00198764 -0.113541
0.38875 -0.368142 -0.00198764 -0.11105
0.39125 -0.351436 -0.00198764 -0.108559
0.39375 -0.334693 -0.00198764 -0.106068
0.39625 -0.317915 -0.00198764 -0.103577
0.39875 -0.301103 -0.00198764 -0.101086
0.40125 -0.284261 -0.00198764 -0.0985952
0.40375 -0.267391 -0.00198764 -0.0961043
0.40625 -0.250497 -0.00198764 -0.0936135
0.40875 -0.233585 -0.00198764 -0.0911227
0.41125 -0.216659 -0.00198764 -0.0886318
0.41375 -0.199727 -0.00198764 -0.086141
0.41625 -0.1828 -0.00198764 -0.0836502
0.41875 -0.165889 -0.00198764 -0.0811593
0.42125 -0.14901 -0.00198764 -0.0786685
0.42375 -0.132184 -0.00198764 -0.0761776
0.42625 -0.115438 -0.00198764 -0.0736867
0.42875 -0.0988113 -0.00198764 -0.0711957
0.43125 -0.0823576 -0.00198764 -0.0687046
0.43375 -0.0661549 -0.00198764 -0.0662134
0.43625 -0.0503185 -0.00198764 -0.0637221
0.43875 -0.0350237 -0.00198764 -0.0612304
0.44125 -0.0205397 -0.00198764 -0.0587383
0.44375 -0.00727952 -0.00198764 -0.0562455
0.44625 0.00414127 -0.00198764 -0.0537519
0.44875 0.0128709 -0.00198764 -0.0512568
0.45125 0.0178996 -0.00198764 -0.0487597
0.45375 0.0183908 -0.00198764 -0.0462602
0.45625 0.0142695 -0.00198764 -0.0437582
0.45875 0.00668237 -0.00198764 -0.0412542
0.46125 -0.00226004 -0.00198764 -0.0387493
0.46375 -0.0104274 -0.00198764 -0.0362448
0.46625 -0.0165024 -0.00198764 -0.0337414
0.46875 -0.0201531 -0.00198764 -0.0312393
0.47125 -0.0217076 -0.00198764 -0.0287384
0.47375 -0.0217421 -0.00198764 -0.0262383
0.47625 -0.0208063 -0.00198764 -0.0237388
0.47875 -0.0193102 -0.00198764 -0.0212396
0.48125 -0.0175145 -0.00198764 -0.0187405
0.48375 -0.0155657 -0.00198764 -0.0162416
0.48625 -0.0135387 -0.00198764 -0.0137427
0.48875 -0.0114705 -0.00198764 -0.0112438
0.49125 -0.0093797 -0.00198764 -0.00874493
0.49375 -0.00727727 -0.00198764 -0.00624606
0.49625 -0.0051728 -0.00198764 -0.0037466
0.49875 -0.00306918 -0.00198764 -0.000710017
0.50125 -0.00198764 -0.000970611 0.00309839
0.50375 -0.00198764 0.00111327 0.00374984
0.50625 -0.00198764 0.00318969 0.00624828
0.50875 -0.00198764 0.00523801 0.00874718
0.51125 -0.00198764 0.00725937 0.0112461
0.51375 -0.00198764 0.00924467 0.013745
0.51625 -0.00198764 0.0111841 0.016244
0.51875 -0.00198764 0.0130686 0.018743
0.52125 -0.00198764 0.0148902 0.021242
0.52375 -0.00198764 0.0166427 0.023741
0.52625 -0.00198764 0.0183201 0.0262401
0.52875 -0.00198764 0.0199127 0.0287393
0.53125 -0.00198764 0.0214027 0.0312385
0.53375 -0.00198764 0.0227607 0.0337377
0.53625 -0.00198764 0.023948 0.0362371
0.53875 -0.00198764 0.0249331 0.0387366
0.54125 -0.00198764 0.0257246 0.0412362
0.54375 -0.00198764 0.0264173 0.0437358
0.54625 -0.00198764 0.027234 0.0462353
0.54875 -0.00198764 0.0285355 0.0487346
0.55125 -0.00198764 0.0307753 0.0512333
0.55375 -0.00198764 0.0344031 0.0537313
0.55625 -0.00198764 0.0397556 0.0562283
0.55875 -0.00198764 0.0469863 0.0587243
0.56125 -0.00198764 0.0560606 0.0612193
0.56375 -0.00198764 0.0668028 0.0637134
0.56625 -0.00198764 0.0789633 0.0662067
0.56875 -0.00198764 0.0922758 0.0686994
0.57125 -0.00198764 0.106493 0.0711917
0.57375 -0.00198764 0.121405 0.0736836
0.57625 -0.00198764 0.136841 0.0761752
0.57875 -0.00198764 0.152668 0.0786666
0.58125 -0.00198764 0.168782 0.0811578
0.58375 -0.00198764 0.185106 0.083649
0.58625 -0.00198764 0.20158 0.08614
0.58875 -0.00198764 0.21816 0.088631
0.59125 -0.00198764 0.234811 0.091122
0.59375 -0.00198764 0.251508 0.093613
0.59625 -0.00198764 0.26823 0.0961039
0.59875 -0.00198764 0.284964 0.0985948
0.60125 -0.00198764 0.301697 0.101086
0.60375 -0.00198764 0.31842 0.103577
0.60625 -0.00198764 0.335126 0.106068
0.60875 -0.00198764 0.35181 0.108559
0.61125 -0.00198764 0.368467 0.11105
0.61375 -0.00198764 0.385094 0.113541
0.61625 -0.00198764 0.401688 0.116032
0.61875 -0.00198764 0.418247 0.118523
0.62125 -0.00198764 0.434769 0.121014
0.62375 -0.00198764 0.451254 0.123505
0.62625 -0.00198764 0.467699 0.125996
0.62875 -0.00198764 0.484105 0.128487
0.63125 -0.00198764 0.500469 0.130978
0.63375 -0.00198764 0.516791 0.133469
0.63625 -0.00198764 0.533071 0.13596
0.63875 -0.00198764 0.549311 0.138452
0.64125 -0.00198764 0.565509 0.140943
0.64375 -0.00198764 0.581667 0.143434
0.64625 -0.00198764 0.597783 0.145925
0.64875 -0.00198764 0.613858 0.148417
0.65125 -0.00198764 0.629892 0.150908
0.65375 -0.00198764 0.645885 0.153399
0.65625 -0.00198764 0.661837 0.155891
0.65875 -0.00198764 0.677748 0.158382
0.66125 -0.00198764 0.69362 0.160873
0.66375 -0.00198764 0.709451 0.163365
0.66625 -0.00198764 0.725242 0.165856
0.66875 -0.00198764 0.740994 0.168348
0.67125 -0.00198764 0.756706 0.170839
0.67375 -0.00198764 0.77238 0.173331
0.67625 -0.00198764 0.788014 0.175822
0.67875 -0.00198764 0.803611 0.178314
0.68125 -0.00198764 0.819169 0.180805
0.68375 -0.00198764 0.834689 0.183297
0.68625 -0.00198764 0.850172 0.185789
0.68875 -0.00198764 0.865618 0.18828
0.69125 -0.00198764 0.881026 0.190772
0.69375 -0.00198764 0.896399 0.193264
0.69625 -0.00198764 0.911735 0.195755
0.69875 -0.00198764 0.927036 0.198247
0.70125 -0.00198764 0.942301 0.200739
0.70375 -0.00198764 0.957531 0.203231
0.70625 -0.00198764 0.972726 0.205722
0.70875 -0.00198764 0.987887 0.208214
0.71125 -0.00198764 1.00301 0.210706
0.71375 -0.00198764 1.01811 0.213198
0.71625 -0.00198764 1.03317 0.21569
0.71875 -0.00198764 1.04819 0.218181
0.72125 -0.00198764 1.06319 0.220673
0.72375 -0.00198764 1.07815 0.223165
0.72625 -0.00198764 1.09307 0.225657
0.72875 -0.00198764 1.10797 0.228149
0.73125 -0.00198764 1.12284 0.230641
0.73375 -0.00198764 1.13767 0.233133
0.73625 -0.00198764 1.15247 0.235625
0.73875 -0.00198764 1.16724 0.238117
0.74125 -0.00198764 1.18198 0.240609
0.74375 -0.00198764 1.19669 0.243101
0.74625 -0.00198764 1.21137 0.245593
0.74875 -0.00198764 1.22602 0.248085
0.75125 -0.00198764 1.24063 0.250577
0.75375 -0.00198764 1.25522 0.253069
0.75625 -0.00198764 1.26978 0.255562
0.75875 -0.00198764 1.28431 0.258054
0.76125 -0.00198764 1.2988 0.260546
0.76375 -0.00198764 1.31327 0.263038
0.76625 -0.00198764 1.32771 0.26553
0.76875 -0.00198764 1.34212 0.268022
0.77125 -0.00198764 1.3565 0.270515
0.77375 -0.00198764 1.37084 0.273007
0.77625 -0.00198764 1.38516 0.275499
0.77875 -0.00198764 1.39945 0.277991
0.78125 -0.00198764 1.41371 0.280484
0.78375 -0.00198764 1.42793 0.282976
0.78625 -0.00198764 1.44212 0.285468
0.78875 -0.00198764 1.45629 0.287961
0.79125 -0.00198764 1.47041 0.290453
0.79375 -0.00198764 1.48451 0.292945
0.79625 -0.00198764 1.49857 0.295438
0.79875 -0.00198764 1.5126 0.29793
0.80125 -0.00198764 1.52659 0.300423
0.80375 -0.00198764 1.54054 0.302915
0.80625 -0.00198764 1.55446 0.305407
0.80875 -0.00198764 1.56834 0.3079
0.81125 -0.00198764 1.58217 0.310392
0.81375 -0.00198764 1.59597 0.312885
0.81625 -0.00198764 1.60971 0.315378
0.81875 -0.00198764 1.62342 0.31787
0.82125 -0.00198764 1.63707 0.320363
0.82375 -0.00198764 1.65067 0.322855
0.82625 -0.00198764 1.66421 0.325348
0.82875 -0.00198764 1.6777 0.327841
0.83125 -0.00198764 1.69112 0.330334
0.83375 -0.00198764 1.70448 0.332826
0.83625 -0.00198764 1.71776 0.335319
0.83875 -0.00198764 1.73096 0.337812
0.84125 -0.00198764 1.74408 0.340305
0.84375 -0.00198764 1.75711 0.342798
0.84625 -0.00198764 1.77003 0.345291
0.84875 -0.00198764 1.78284 0.347784
0.85125 -0.00198764 1.79553 0.350277
0.85375 -0.00198764 1.80808 0.352771
0.85625 -0.00198764 1.82049 0.355264
0.85875 -0.00198764 1.83272 0.357757
0.86125 -0.00198764 1.84477 0.360251
0.86375 -0.00198764 1.85661 0.362744
0.86625 -0.00198764 1.86822 0.365238
0.86875 -0.00198764 1.87957 0.367732
0.87125 -0.00198764 1.89062 0.370226
0.87375 -0.00198764 1.90136 0.372721
0.87625 -0.00198764 1.91172 0.375215
0.87875 -0.00198764 1.92168 0.37771
0.88125 -0.00198764 1.93119 0.380205
0.88375 -0.00198764 1.9402 0.3827
0.88625 -0.00198764 1.94865 0.385196
0.88875 -0.00198764 1.95651 0.387692
0.89125 -0.00198764 1.96372 0.390188
0.89375 -0.00198764 1.97025 0.392685
0.89625 -0.00198764 1.97606 0.395182
0.89875 -0.00198764 1.98113 0.397679
0.90125 -0.00198764 1.98547 0.400177
0.90375 -0.00198764 1.98909 0.402675
0.90625 -0.00198764 1.99203 0.405174
0.90875 -0.00198764 1.99435 0.407673
0.91125 -0.00198764 1.99612 0.410172
0.91375 -0.00198764 1.99743 0.412672
0.91625 -0.00198764 1.99835 0.415171
0.91875 -0.00198764 1.99898 0.417671
0.92125 -0.00198764 1.9994 0.420171
0.92375 -0.00198764 1.99966 0.422671
0.92625 -0.00198764 1.99981 0.425171
0.92875 -0.00198764 1.9999 0.427671
0.93125 -0.00198764 1.99995 0.430171
0.93375 -0.00198764 1.99998 0.432671
0.93625 -0.00198764 1.99999 0.435171
0.93875 -0.00198764 2 0.437671
0.94125 -0.00198764 2 0.440171
0.94375 -0.00198764 2 0.442671
0.94625 -0.00198764 2 0.445171
0.94875 -0.00198764 2 0.447671
0.95125 -0.00198764 2 0.450171
0.95375 -0.00198764 2 0.452671
0.95625 -0.00198764 2 0.455171
0.95875 -0.00198764 2 0.457671
0.96125 -0.00198764 2 0.460171
0.96375 -0.00198764 2 0.462671
0.96625 -0.00198764 2 0.465171
0.96875 -0.00198764 2 0.467671
0.97125 -0.00198764 2 0.470171
0.97375 -0.00198764 2 0.472671
0.97625 -0.00198764 2 0.475171
0.97875 -0.00198764 2 0.477671
0.98125 -0.00198764 2 0.480171
0.98375 -0.00198764 2 0.482671
0.98625 -0.00198764 2 0.485171
0.98875 -0.00198764 2 0.487671
0.99125 -0.00198764 2 0.490171
0.99375 -0.00198764 2 0.492671
0.99625 -0.00198764 2 0.495171
0.99875 -0.00198764 2 0.497671
