0.0025 111.826 157.673 -0.5225
0.0075 111.825 157.673 -0.517843
0.0125 111.825 157.673 -0.512843
0.0175 111.824 157.673 -0.507843
0.0225 111.824 157.673 -0.502843
0.0275 111.823 157.673 -0.497843
0.0325 111.822 157.673 -0.492843
0.0375 111.822 157.673 -0.487843
0.0425 111.821 157.673 -0.482843
0.0475 111.821 157.673 -0.477843
0.0525 111.82 157.673 -0.472843
0.0575 111.82 157.673 -0.467843
0.0625 111.819 157.673 -0.462843
0.0675 111.819 157.673 -0.457843
0.0725 111.819 157.673 -0.452843
0.0775 111.818 157.673 -0.447843
0.0825 111.818 157.673 -0.442843
0.0875 111.817 157.673 -0.437843
0.0925 111.817 157.673 -0.432843
0.0975 111.816 157.673 -0.427843
0.1025 111.816 157.673 -0.422843
0.1075 111.816 157.673 -0.417843
0.1125 111.815 157.673 -0.412843
0.1175 111.815 157.673 -0.407843
0.1225 111.815 157.673 -0.402843
0.1275 111.814 157.673 -0.397843
0.1325 111.814 157.673 -0.392843
0.1375 111.814 157.673 -0.387843
0.1425 111.813 157.673 -0.382843
0.1475 111.813 157.673 -0.377843
0.1525 111.813 157.673 -0.372843
0.1575 111.812 157.673 -0.367843
0.1625 111.812 157.673 -0.362843
0.1675 111.812 157.673 -0.357843
0.1725 111.811 157.673 -0.352843
0.1775 111.811 157.673 -0.347843
0.1825 111.811 157.673 -0.342843
0.1875 111.811 157.673 -0.337843
0.1925 111.81 157.673 -0.332843
0.1975 111.81 157.673 -0.327843
0.2025 111.81 157.673 -0.322843
0.2075 111.81 157.673 -0.317843
0.2125 111.809 157.673 -0.312843
0.2175 111.809 157.673 -0.307843
0.2225 111.809 157.673 -0.302843
0.2275 111.809 157.673 -0.297843
0.2325 111.809 157.673 -0.292843
0.2375 111.808 157.673 -0.287843
0.2425 111.808 157.673 -0.282843
0.2475 111.808 157.673 -0.277843
0.2525 111.808 157.673 -0.272843
0.2575 111.807 157.673 -0.267843
0.2625 111.807 157.673 -0.262843
0.2675 111.807 157.673 -0.257843
0.2725 111.807 157.673 -0.252843
0.2775 111.807 157.673 -0.247843
0.2825 111.807 157.673 -0.242843
0.2875 111.806 157.673 -0.237843
0.2925 111.806 157.673 -0.232843
0.2975 111.806 157.673 -0.227843
0.3025 111.806 157.673 -0.222843
0.3075 111.806 157.673 -0.217843
0.3125 111.806 157.673 -0.212843
0.3175 111.805 157.673 -0.207843
0.3225 111.805 157.673 -0.202843
0.3275 111.805 157.673 -0.197843
0.3325 111.805 157.673 -0.192843
0.3375 111.806 157.673 -0.187843
0.3425 111.806 157.673 -0.182843
0.3475 111.808 157.673 -0.177843
0.3525 111.811 157.673 -0.172843
0.3575 111.816 157.673 -0.167843
0.3625 111.826 157.673 -0.162843
0.3675 111.843 157.673 -0.157843
0.3725 111.873 157.673 -0.152843
0.3775 111.925 157.673 -0.147843
0.3825 112.009 157.673 -0.142844
0.3875 112.146 157.673 -0.137844
0.3925 112.361 157.673 -0.132845
0.3975 112.688 157.673 -0.127846
0.4025 113.17 157.673 -0.122847
0.4075 113.856 157.673 -0.117849
0.4125 114.797 157.673 -0.112852
0.4175 116.042 157.673 -0.107855
0.4225 117.63 157.673 -0.10286
0.4275 119.58 157.673 -0.0978659
0.4325 121.887 157.673 -0.0928728
0.4375 124.518 157.673 -0.0878807
0.4425 127.411 157.673 -0.0828895
0.4475 130.483 157.673 -0.077899
0.4525 133.637 157.673 -0.0729087
0.4575 136.774 157.673 -0.0679184
0.4625 139.804 157.673 -0.0629278
0.4675 142.662 157.673 -0.0579366
0.4725 145.3 156.718 -0.0529449
0.4775 147.692 151.769 -0.0479523
0.4825 149.817 151.172 -0.042959
0.4875 151.653 152.253 -0.0379648
0.4925 153.184 153.349 -0.0329696
0.4975 154.411 154.199 -0.0279735
0.5025 155.365 154.813 -0.0229765
0.5075 156.098 155.241 -0.0179788
0.5125 156.66 155.524 -0.0129806
0.5175 157.088 155.681 -0.00798192
0.5225 157.415 155.72 -0.00430614
0.5275 157.673 155.658 0.00163757
0.5325 157.673 155.516 0.00699744
0.5375 157.673 155.315 0.012024
0.5425 157.673 155.07 0.0170248
0.5475 157.673 154.789 0.0220257
0.5525 157.673 154.476 0.0270267
0.5575 157.673 154.135 0.0320278
0.5625 157.673 153.765 0.037029
0.5675 157.673 153.366 0.0420303
0.5725 157.673 152.932 0.0470317
0.5775 157.673 152.456 0.0520333
0.5825 157.673 151.933 0.0570351
0.5875 157.673 151.353 0.062037
0.5925 157.673 150.713 0.0670391
0.5975 157.673 150.008 0.0720414
0.6025 157.673 149.241 0.0770439
0.6075 157.673 148.416 0.0820466
0.6125 157.673 147.541 0.0870494
0.6175 157.673 146.624 0.0920523
0.6225 157.673 145.673 0.0970553
0.6275 157.673 144.691 0.102058
0.6325 157.673 143.669 0.107062
0.6375 157.673 142.589 0.112065
0.6425 157.673 141.42 0.117069
0.6475 157.673 140.114 0.122073
0.6525 157.673 138.616 0.127079
0.6575 157.673 136.86 0.132085
0.6625 157.673 134.786 0.137092
0.6675 157.673 132.347 0.1421
0.6725 157.673 129.519 0.14711
0.6775 157.673 126.313 0.152121
0.6825 157.673 122.774 0.157132
0.6875 157.673 118.981 0.162144
0.6925 157.673 115.039 0.167156
0.6975 157.673 111.062 0.172168
0.7025 157.673 107.156 0.17718
0.7075 157.673 103.397 0.182191
0.7125 157.673 99.8025 0.187202
0.7175 157.673 96.3163 0.192212
0.7225 157.673 92.7976 0.197224
0.7275 157.673 89.0349 0.202236
0.7325 157.673 84.7818 0.207251
0.7375 157.673 79.8175 0.212268
0.7425 157.673 74.0173 0.217287
0.7475 157.673 67.4121 0.222309
0.7525 157.673 60.2053 0.227332
0.7575 157.673 52.7294 0.232355
0.7625 157.673 45.359 0.237376
0.7675 157.673 38.4197 0.242396
0.7725 157.673 32.133 0.247414
0.7775 157.673 26.6077 0.252429
0.7825 157.673 21.8618 0.257442
0.7875 157.673 17.8546 0.262453
0.7925 157.673 14.5137 0.267462
0.7975 157.673 11.7547 0.272469
0.8025 157.673 9.49248 0.277475
0.8075 157.673 7.64747 0.28248
0.8125 157.673 6.14883 0.287484
0.8175 157.673 4.93532 0.292487
0.8225 157.673 3.95507 0.29749
0.8275 157.673 3.16482 0.302492
0.8325 157.673 2.5288 0.307493
0.8375 157.673 2.01767 0.312495
0.8425 157.673 1.60748 0.317496
0.8475 157.673 1.27873 0.322497
0.8525 157.673 1.01561 0.327497
0.8575 157.673 0.805303 0.332498
0.8625 157.673 0.637449 0.337498
0.8675 157.673 0.503677 0.342499
0.8725 157.673 0.397235 0.347499
0.8775 157.673 0.312677 0.352499
0.8825 157.673 0.24562 0.357499
0.8875 157.673 0.192539 0.3625
0.8925 157.673 0.1506 0.3675
0.8975 157.673 0.11753 0.3725
0.9025 157.673 0.0915086 0.3775
0.9075 157.673 0.0710765 0.3825
0.9125 157.673 0.0550694 0.3875
0.9175 157.673 0.0425583 0.3925
0.9225 157.673 0.0328031 0.3975
0.9275 157.673 0.0252157 0.4025
0.9325 157.673 0.0193295 0.4075
0.9375 157.673 0.0147753 0.4125
0.9425 157.673 0.0112612 0.4175
0.9475 157.673 0.00855735 0.4225
0.9525 157.673 0.00648286 0.4275
0.9575 157.673 0.00489596 0.4325
0.9625 157.673 0.00368573 0.4375
0.9675 157.673 0.00276564 0.4425
0.9725 157.673 0.00206834 0.4475
0.9775 157.673 0.00154162 0.4525
0.9825 157.673 0.00114506 0.4575
0.9875 157.673 0.000847521 0.4625
0.9925 157.673 0.000625045 0.4675
0.9975 157.673 0.000459287 0.4725
