0.0025 111.8 159.007 -0.5225
0.0075 111.8 159.007 -0.517748
0.0125 111.8 159.007 -0.512748
0.0175 111.799 159.007 -0.507748
0.0225 111.799 159.007 -0.502748
0.0275 111.799 159.007 -0.497748
0.0325 111.799 159.007 -0.492748
0.0375 111.799 159.007 -0.487748
0.0425 111.799 159.007 -0.482748
0.0475 111.798 159.007 -0.477748
0.0525 111.798 159.007 -0.472748
0.0575 111.798 159.007 -0.467748
0.0625 111.798 159.007 -0.462748
0.0675 111.798 159.007 -0.457748
0.0725 111.798 159.007 -0.452748
0.0775 111.798 159.007 -0.447748
0.0825 111.798 159.007 -0.442748
0.0875 111.798 159.007 -0.437748
0.0925 111.798 159.007 -0.432748
0.0975 111.797 159.007 -0.427748
0.1025 111.797 159.007 -0.422748
0.1075 111.797 159.007 -0.417748
0.1125 111.797 159.007 -0.412748
0.1175 111.797 159.007 -0.407748
0.1225 111.797 159.007 -0.402748
0.1275 111.797 159.007 -0.397748
0.1325 111.797 159.007 -0.392748
0.1375 111.797 159.007 -0.387748
0.1425 111.797 159.007 -0.382748
0.1475 111.797 159.007 -0.377748
0.1525 111.797 159.007 -0.372748
0.1575 111.797 159.007 -0.367748
0.1625 111.797 159.007 -0.362748
0.1675 111.797 159.007 -0.357748
0.1725 111.796 159.007 -0.352748
0.1775 111.796 159.007 -0.347748
0.1825 111.796 159.007 -0.342748
0.1875 111.796 159.007 -0.337748
0.1925 111.796 159.007 -0.332748
0.1975 111.796 159.007 -0.327748
0.2025 111.796 159.007 -0.322748
0.2075 111.796 159.007 -0.317748
0.2125 111.796 159.007 -0.312748
0.2175 111.796 159.007 -0.307748
0.2225 111.796 159.007 -0.302748
0.2275 111.796 159.007 -0.297748
0.2325 111.796 159.007 -0.292748
0.2375 111.796 159.007 -0.287748
0.2425 111.796 159.007 -0.282748
0.2475 111.796 159.007 -0.277748
0.2525 111.795 159.007 -0.272748
0.2575 111.795 159.007 -0.267748
0.2625 111.795 159.007 -0.262748
0.2675 111.795 159.007 -0.257748
0.2725 111.795 159.007 -0.252748
0.2775 111.796 159.007 -0.247748
0.2825 111.796 159.007 -0.242748
0.2875 111.796 159.007 -0.237748
0.2925 111.796 159.007 -0.232748
0.2975 111.796 159.007 -0.227748
0.3025 111.796 159.007 -0.222748
0.3075 111.796 159.007 -0.217748
0.3125 111.795 159.007 -0.212748
0.3175 111.795 159.007 -0.207748
0.3225 111.795 159.007 -0.202748
0.3275 111.795 159.007 -0.197748
0.3325 111.795 159.007 -0.192748
0.3375 111.795 159.007 -0.187748
0.3425 111.795 159.007 -0.182748
0.3475 111.796 159.007 -0.177748
0.3525 111.796 159.007 -0.172748
0.3575 111.796 159.007 -0.167748
0.3625 111.796 159.007 -0.162748
0.3675 111.796 159.007 -0.157748
0.3725 111.796 159.007 -0.152748
0.3775 111.797 159.007 -0.147748
0.3825 111.798 159.007 -0.142748
0.3875 111.803 159.007 -0.137748
0.3925 111.815 159.007 -0.132748
0.3975 111.844 159.007 -0.127748
0.4025 111.908 159.007 -0.122748
0.4075 112.042 159.007 -0.117748
0.4125 112.303 159.007 -0.112749
0.4175 112.786 159.007 -0.10775
0.4225 113.631 159.007 -0.102752
0.4275 114.987 159.007 -0.0977544
0.4325 117.186 159.007 -0.092759
0.4375 119.991 159.007 -0.087765
0.4425 124.827 159.007 -0.0827753
0.4475 129.308 159.007 -0.0777852
0.4525 136.789 159.007 -0.0728015
0.4575 142.975 159.007 -0.0678154
0.4625 147.961 159.007 -0.0628271
0.4675 151.009 159.007 -0.0578341
0.4725 153.178 158.613 -0.0528391
0.4775 154.805 155.719 -0.0478428
0.4825 156.063 156.026 -0.0428457
0.4875 156.99 157.135 -0.0378478
0.4925 157.617 157.631 -0.0328492
0.4975 158.025 157.909 -0.0278502
0.5025 158.31 158.192 -0.0228508
0.5075 158.533 158.432 -0.0178513
0.5125 158.719 158.587 -0.0128517
0.5175 158.864 158.685 -0.00785209
0.5225 158.958 158.721 -0.00499121
0.5275 159.007 158.72 0.000198938
0.5325 159.007 158.705 0.00701308
0.5375 159.007 158.649 0.0121485
0.5425 159.007 158.565 0.0171486
0.5475 159.007 158.482 0.0221488
0.5525 159.007 158.395 0.027149
0.5575 159.007 158.301 0.0321493
0.5625 159.007 158.208 0.0371495
0.5675 159.007 158.087 0.0421498
0.5725 159.007 157.977 0.04715
0.5775 159.007 157.849 0.0521503
0.5825 159.007 157.709 0.0571507
0.5875 159.007 157.544 0.062151
0.5925 159.007 157.363 0.0671515
0.5975 159.007 157.155 0.072152
0.6025 159.007 156.915 0.0771526
0.6075 159.007 156.619 0.0821532
0.6125 159.007 156.33 0.087154
0.6175 159.007 155.972 0.0921547
0.6225 159.007 155.604 0.0971557
0.6275 159.007 155.182 0.102156
0.6325 159.007 154.808 0.107158
0.6375 159.007 154.331 0.112158
0.6425 159.007 153.899 0.117159
0.6475 159.007 153.459 0.122161
0.6525 159.007 152.849 0.127162
0.6575 159.007 152.306 0.132164
0.6625 159.007 151.423 0.137165
0.6675 159.007 150.608 0.142168
0.6725 159.007 149.2 0.147171
0.6775 159.007 147.973 0.152175
0.6825 159.007 145.87 0.157179
0.6875 159.007 143.752 0.162183
0.6925 159.007 141.811 0.167189
0.6975 159.007 139.287 0.172193
0.7025 159.007 137.277 0.177199
0.7075 159.007 134.763 0.182204
0.7125 159.007 132.732 0.187209
0.7175 159.007 130.228 0.192214
0.7225 159.007 127.548 0.197223
0.7275 159.007 122.723 0.202235
0.7325 159.007 115.051 0.207259
0.7375 159.007 101.203 0.2123
0.7425 159.007 78.0589 0.217365
0.7475 159.007 41.9103 0.222452
0.7525 159.007 11.4547 0.227488
0.7575 159.007 2.75856 0.232497
0.7625 159.007 0.79322 0.237499
0.7675 159.007 0.263479 0.2425
0.7725 159.007 0.0917622 0.2475
0.7775 159.007 0.0318806 0.2525
0.7825 159.007 0.0108856 0.2575
0.7875 159.007 0.00365114 0.2625
0.7925 159.007 0.00120848 0.2675
0.7975 159.007 0.000396941 0.2725
0.8025 159.007 0.000129807 0.2775
0.8075 159.007 4.23244e-05 0.2825
0.8125 159.007 1.37768e-05 0.2875
0.8175 159.007 4.48341e-06 0.2925
0.8225 159.007 1.46067e-06 0.2975
0.8275 159.007 4.76971e-07 0.3025
0.8325 159.007 1.56275e-07 0.3075
0.8375 159.007 5.14218e-08 0.3125
0.8425 159.007 1.70014e-08 0.3175
0.8475 159.007 5.64542e-09 0.3225
0.8525 159.007 1.87809e-09 0.3275
0.8575 159.007 6.23746e-10 0.3325
0.8625 159.007 2.05993e-10 0.3375
0.8675 159.007 6.76446e-11 0.3425
0.8725 159.007 2.18094e-11 0.3475
0.8775 159.007 7.17626e-12 0.3525
0.8825 159.007 2.50902e-12 0.3575
0.8875 159.007 7.60273e-13 0.3625
0.8925 159.007 2.51453e-13 0.3675
0.8975 159.007 0 0.3725
0.9025 159.007 0 0.3775
0.9075 159.007 0 0.3825
0.9125 159.007 0 0.3875
0.9175 159.007 0 0.3925
0.9225 159.007 0 0.3975
0.9275 159.007 0 0.4025
0.9325 159.007 0 0.4075
0.9375 159.007 0 0.4125
0.9425 159.007 0 0.4175
0.9475 159.007 0 0.4225
0.9525 159.007 0 0.4275
0.9575 159.007 0 0.4325
0.9625 159.007 0 0.4375
0.9675 159.007 0 0.4425
0.9725 159.007 0 0.4475
0.9775 159.007 0 0.4525
0.9825 159.007 0 0.4575
0.9875 159.007 0 0.4625
0.9925 159.007 0 0.4675
0.9975 159.007 0 0.4725
