0.001 100000
0.003 100000
0.005 100000
0.007 100000
0.009 100000
0.011 100000
0.013 100000
0.015 100000
0.017 100000
0.019 100000
0.021 100000
0.023 100000
0.025 100000
0.027 100000
0.029 100000
0.031 100000
0.033 100000
0.035 100000
0.037 100000
0.039 100000
0.041 100000
0.043 100000
0.045 100000
0.047 100000
0.049 100000
0.051 100000
0.053 100000
0.055 100000
0.057 100000
0.059 100000
0.061 100000
0.063 100000
0.065 100000
0.067 100000
0.069 100000
0.071 100000
0.073 100000
0.075 100000
0.077 100000
0.079 100000
0.081 100000
0.083 100000
0.085 100000
0.087 100000
0.089 100000
0.091 100000
0.093 100000
0.095 100000
0.097 100000
0.099 100000
0.101 100000
0.103 100000
0.105 100000
0.107 100000
0.109 100000
0.111 100000
0.113 100000
0.115 100000
0.117 100000
0.119 100000
0.121 100000
0.123 100000
0.125 100000
0.127 100000
0.129 100000
0.131 100000
0.133 100000
0.135 100000
0.137 100000
0.139 100000
0.141 100000
0.143 100000
0.145 100000
0.147 100000
0.149 100000
0.151 100000
0.153 100000
0.155 100000
0.157 100000
0.159 100000
0.161 100000
0.163 100000
0.165 100000
0.167 100000
0.169 100000
0.171 100000
0.173 100000
0.175 100000
0.177 100000
0.179 100000
0.181 100000
0.183 100000
0.185 100000
0.187 100000
0.189 100000
0.191 100000
0.193 100000
0.195 100000
0.197 100000
0.199 100000
0.201 100000
0.203 100000
0.205 100000
0.207 100000
0.209 100000
0.211 100000
0.213 100000
0.215 100000
0.217 100000
0.219 100000
0.221 100000
0.223 100000
0.225 100000
0.227 100000
0.229 100000
0.231 100000
0.233 100000
0.235 100000
0.237 100000
0.239 100000
0.241 100000
0.243 100000
0.245 100000
0.247 100000
0.249 100000
0.251 100000
0.253 100000
0.255 100000
0.257 100000
0.259 100000
0.261 100000
0.263 100000
0.265 100000
0.267 100000
0.269 100000
0.271 100000
0.273 100000
0.275 100000
0.277 100000
0.279 100000
0.281 100000
0.283 100000
0.285 100000
0.287 100000
0.289 100000
0.291 100000
0.293 100000
0.295 100000
0.297 100000
0.299 100000
0.301 100000
0.303 100000
0.305 100000
0.307 100000
0.309 100000
0.311 100000
0.313 100000
0.315 100000
0.317 100000
0.319 100000
0.321 100000
0.323 100000
0.325 100000
0.327 100000
0.329 100000
0.331 100000
0.333 100000
0.335 100000
0.337 100000
0.339 100000
0.341 100000
0.343 100000
0.345 100000
0.347 100000
0.349 100000
0.351 100000
0.353 100000
0.355 100000
0.357 100000
0.359 100000
0.361 100000
0.363 100000
0.365 100000
0.367 100000
0.369 100000
0.371 100000
0.373 100000
0.375 100000
0.377 100000
0.379 100000
0.381 100000
0.383 100000
0.385 100000
0.387 100000
0.389 100000
0.391 100000
0.393 100000
0.395 100000
0.397 100000
0.399 100000
0.401 100000
0.403 100000
0.405 100000
0.407 100000
0.409 100000
0.411 100000
0.413 100000
0.415 100000
0.417 100000
0.419 100000
0.421 100000
0.423 100000
0.425 100000
0.427 100000
0.429 100000
0.431 100000
0.433 100000
0.435 100000
0.437 100000
0.439 100000
0.441 100000
0.443 100000
0.445 100000
0.447 100000
0.449 100000
0.451 100000
0.453 100000
0.455 100000
0.457 100000
0.459 100000
0.461 100000
0.463 100000
0.465 100000
0.467 100000
0.469 100000
0.471 100000
0.473 100000
0.475 100000
0.477 100000
0.479 100000
0.481 100000
0.483 100000
0.485 100000
0.487 100000
0.489 100000
0.491 100000
0.493 100000
0.495 100000
0.497 100000
0.499 100000
0.501 100000
0.503 100000
0.505 100000
0.507 100000
0.509 100000
0.511 100000
0.513 100000
0.515 100000
0.517 100000
0.519 100000
0.521 100000
0.523 100000
0.525 100000
0.527 100000
0.529 100000
0.531 100000
0.533 100000
0.535 100000
0.537 100000
0.539 100000
0.541 100000
0.543 100000
0.545 100000
0.547 100000
0.549 100000
0.551 100000
0.553 100000
0.555 100000
0.557 100000
0.559 100000
0.561 100000
0.563 100000
0.565 100000
0.567 100000
0.569 100000
0.571 100000
0.573 100000
0.575 100000
0.577 100000
0.579 100000
0.581 100000
0.583 100000
0.585 100000
0.587 100000
0.589 100000
0.591 100000
0.593 100000
0.595 100000
0.597 100000
0.599 100000
0.601 100000
0.603 100000
0.605 100000
0.607 100000
0.609 100000
0.611 100000
0.613 100000
0.615 100000
0.617 100000
0.619 100000
0.621 100000
0.623 100000
0.625 100000
0.627 100000
0.629 100000
0.631 100000
0.633 100000
0.635 100000
0.637 100000
0.639 100000
0.641 100000
0.643 100000
0.645 100000
0.647 100000
0.649 100000
0.651 100000
0.653 100000
0.655 100000
0.657 100000
0.659 100000
0.661 100000
0.663 100000
0.665 100000
0.667 100000
0.669 100000
0.671 100000
0.673 100000
0.675 100000
0.677 100000
0.679 100000
0.681 100000
0.683 100000
0.685 100000
0.687 100000
0.689 100000
0.691 100000
0.693 100000
0.695 100000
0.697 100000
0.699 100000
0.701 100000
0.703 100000
0.705 100000
0.707 100000
0.709 100000
0.711 100000
0.713 100000
0.715 100000
0.717 100000
0.719 100000
0.721 100000
0.723 100000
0.725 100000
0.727 100000
0.729 100000
0.731 100000
0.733 100000
0.735 100000
0.737 100000
0.739 100000
0.741 100000
0.743 100000
0.745 100000
0.747 100000
0.749 100000
0.751 100000
0.753 100000
0.755 100000
0.757 100000
0.759 100000
0.761 100000
0.763 100000
0.765 100000
0.767 100000
0.769 100000
0.771 100000
0.773 100000
0.775 100000
0.777 100000
0.779 100000
0.781 100000
0.783 100000
0.785 100000
0.787 100000
0.789 100000
0.791 100000
0.793 100000
0.795 100000
0.797 100000
0.799 100000
0.801 100000
0.803 100000
0.805 100000
0.807 100000
0.809 100000
0.811 100000
0.813 100000
0.815 100000
0.817 100000
0.819 100000
0.821 100000
0.823 100000
0.825 100000
0.827 100000
0.829 100000
0.831 100000
0.833 100000
0.835 100000
0.837 100000
0.839 100000
0.841 100000
0.843 100000
0.845 100000
0.847 100000
0.849 100000
0.851 100000
0.853 100000
0.855 100000
0.857 100000
0.859 100000
0.861 100000
0.863 100000
0.865 100000
0.867 100000
0.869 100000
0.871 100000
0.873 100000
0.875 100000
0.877 100000
0.879 100000
0.881 100000
0.883 100000
0.885 100000
0.887 100000
0.889 100000
0.891 100000
0.893 100000
0.895 100000
0.897 100000
0.899 100000
0.901 100000
0.903 100000
0.905 100000
0.907 100000
0.909 100000
0.911 100000
0.913 100000
0.915 100000
0.917 100000
0.919 100000
0.921 100000
0.923 100000
0.925 100000
0.927 100000
0.929 100000
0.931 100000
0.933 100000
0.935 100000
0.937 100000
0.939 100000
0.941 100000
0.943 100000
0.945 100000
0.947 100000
0.949 100000
0.951 100000
0.953 100000
0.955 100000
0.957 100000
0.959 100000
0.961 100000
0.963 100000
0.965 100000
0.967 100000
0.969 100000
0.971 100000
0.973 100000
0.975 100000
0.977 100000
0.979 100000
0.981 100000
0.983 100000
0.985 100000
0.987 100000
0.989 100000
0.991 100000
0.993 100000
0.995 100000
0.997 100000
0.999 100000
