0.005 1000
0.015 1000
0.025 1000
0.035 1000
0.045 1000
0.055 989.656
0.065 964.188
0.075 939.284
0.085 914.933
0.095 891.126
0.105 867.852
0.115 845.1
0.125 822.862
0.135 801.127
0.145 779.886
0.155 759.13
0.165 738.849
0.175 719.034
0.185 699.677
0.195 680.768
0.205 662.298
0.215 644.26
0.225 626.645
0.235 609.444
0.245 592.649
0.255 576.253
0.265 560.247
0.275 544.623
0.285 529.375
0.295 514.494
0.305 499.973
0.315 485.804
0.325 471.981
0.335 460.894
0.345 460.894
0.355 460.894
0.365 460.894
0.375 460.894
0.385 460.894
0.395 460.894
0.405 460.894
0.415 460.894
0.425 460.894
0.435 460.894
0.445 460.894
0.455 460.894
0.465 460.894
0.475 460.894
0.485 460.894
0.495 460.894
0.505 460.894
0.515 460.894
0.525 460.894
0.535 460.894
0.545 460.894
0.555 460.894
0.565 460.894
0.575 460.894
0.585 460.894
0.595 460.894
0.605 460.894
0.615 460.894
0.625 460.894
0.635 460.894
0.645 460.894
0.655 460.894
0.665 460.894
0.675 460.894
0.685 460.894
0.695 460.894
0.705 460.894
0.715 460.894
0.725 460.894
0.735 460.894
0.745 460.894
0.755 460.894
0.765 460.894
0.775 460.894
0.785 0.01
0.795 0.01
0.805 0.01
0.815 0.01
0.825 0.01
0.835 0.01
0.845 0.01
0.855 0.01
0.865 0.01
0.875 0.01
0.885 0.01
0.895 0.01
0.905 0.01
0.915 0.01
0.925 0.01
0.935 0.01
0.945 0.01
0.955 0.01
0.965 0.01
0.975 0.01
0.985 0.01
0.995 0.01
