0.025 0.025 1 0.993298 -0.475
0.075 0.025 1 0.965804 -0.425
0.125 0.025 1 0.891806 -0.375
0.175 0.025 1 0.75929 -0.325
0.225 0.025 1 0.592624 -0.275
0.275 0.025 1 0.442791 -0.225
0.325 0.025 1 0.349524 -0.175
0.375 0.025 1 0.312418 -0.125
0.425 0.025 1 0.303978 -0.075
0.475 0.025 1 0.209879 -0.025
0.525 0.025 0.677275 0.1 0.025
0.575 0.025 0.302953 0.1 0.075
0.625 0.025 0.301178 0.1 0.125
0.675 0.025 0.293178 0.1 0.175
0.725 0.025 0.271701 0.1 0.225
0.775 0.025 0.233444 0.1 0.275
0.825 0.025 0.185595 0.1 0.325
0.875 0.025 0.142294 0.1 0.375
0.925 0.025 0.114459 0.1 0.425
0.975 0.025 0.102942 0.1 0.475

0.025 0.075 1 0.993298 -0.475
0.075 0.075 1 0.965804 -0.425
0.125 0.075 1 0.891806 -0.375
0.175 0.075 1 0.75929 -0.325
0.225 0.075 1 0.592624 -0.275
0.275 0.075 1 0.442791 -0.225
0.325 0.075 1 0.349524 -0.175
0.375 0.075 1 0.312418 -0.125
0.425 0.075 1 0.303978 -0.075
0.475 0.075 1 0.209879 -0.025
0.525 0.075 0.677275 0.1 0.025
0.575 0.075 0.302953 0.1 0.075
0.625 0.075 0.301178 0.1 0.125
0.675 0.075 0.293178 0.1 0.175
0.725 0.075 0.271701 0.1 0.225
0.775 0.075 0.233444 0.1 0.275
0.825 0.075 0.185595 0.1 0.325
0.875 0.075 0.142294 0.1 0.375
0.925 0.075 0.114459 0.1 0.425
0.975 0.075 0.102942 0.1 0.475

0.025 0.125 1 0.993298 -0.475
0.075 0.125 1 0.965804 -0.425
0.125 0.125 1 0.891806 -0.375
0.175 0.125 1 0.75929 -0.325
0.225 0.125 1 0.592624 -0.275
0.275 0.125 1 0.442791 -0.225
0.325 0.125 1 0.349524 -0.175
0.375 0.125 1 0.312418 -0.125
0.425 0.125 1 0.303978 -0.075
0.475 0.125 1 0.209879 -0.025
0.525 0.125 0.677275 0.1 0.025
0.575 0.125 0.302953 0.1 0.075
0.625 0.125 0.301178 0.1 0.125
0.675 0.125 0.293178 0.1 0.175
0.725 0.125 0.271701 0.1 0.225
0.775 0.125 0.233444 0.1 0.275
0.825 0.125 0.185595 0.1 0.325
0.875 0.125 0.142294 0.1 0.375
0.925 0.125 0.114459 0.1 0.425
0.975 0.125 0.102942 0.1 0.475

0.025 0.175 1 0.993298 -0.475
0.075 0.175 1 0.965804 -0.425
0.125 0.175 1 0.891806 -0.375
0.175 0.175 1 0.75929 -0.325
0.225 0.175 1 0.592624 -0.275
0.275 0.175 1 0.442791 -0.225
0.325 0.175 1 0.349524 -0.175
0.375 0.175 1 0.312418 -0.125
0.425 0.175 1 0.303978 -0.075
0.475 0.175 1 0.209879 -0.025
0.525 0.175 0.677275 0.1 0.025
0.575 0.175 0.302953 0.1 0.075
0.625 0.175 0.301178 0.1 0.125
0.675 0.175 0.293178 0.1 0.175
0.725 0.175 0.271701 0.1 0.225
0.775 0.175 0.233444 0.1 0.275
0.825 0.175 0.185595 0.1 0.325
0.875 0.175 0.142294 0.1 0.375
0.925 0.175 0.114459 0.1 0.425
0.975 0.175 0.102942 0.1 0.475

0.025 0.225 1 0.993298 -0.475
0.075 0.225 1 0.965804 -0.425
0.125 0.225 1 0.891806 -0.375
0.175 0.225 1 0.75929 -0.325
0.225 0.225 1 0.592624 -0.275
0.275 0.225 1 0.442791 -0.225
0.325 0.225 1 0.349524 -0.175
0.375 0.225 1 0.312418 -0.125
0.425 0.225 1 0.303978 -0.075
0.475 0.225 1 0.209879 -0.025
0.525 0.225 0.677275 0.1 0.025
0.575 0.225 0.302953 0.1 0.075
0.625 0.225 0.301178 0.1 0.125
0.675 0.225 0.293178 0.1 0.175
0.725 0.225 0.271701 0.1 0.225
0.775 0.225 0.233444 0.1 0.275
0.825 0.225 0.185595 0.1 0.325
0.875 0.225 0.142294 0.1 0.375
0.925 0.225 0.114459 0.1 0.425
0.975 0.225 0.102942 0.1 0.475

0.025 0.275 1 0.993298 -0.475
0.075 0.275 1 0.965804 -0.425
0.125 0.275 1 0.891806 -0.375
0.175 0.275 1 0.75929 -0.325
0.225 0.275 1 0.592624 -0.275
0.275 0.275 1 0.442791 -0.225
0.325 0.275 1 0.349524 -0.175
0.375 0.275 1 0.312418 -0.125
0.425 0.275 1 0.303978 -0.075
0.475 0.275 1 0.209879 -0.025
0.525 0.275 0.677275 0.1 0.025
0.575 0.275 0.302953 0.1 0.075
0.625 0.275 0.301178 0.1 0.125
0.675 0.275 0.293178 0.1 0.175
0.725 0.275 0.271701 0.1 0.225
0.775 0.275 0.233444 0.1 0.275
0.825 0.275 0.185595 0.1 0.325
0.875 0.275 0.142294 0.1 0.375
0.925 0.275 0.114459 0.1 0.425
0.975 0.275 0.102942 0.1 0.475

0.025 0.325 1 0.993298 -0.475
0.075 0.325 1 0.965804 -0.425
0.125 0.325 1 0.891806 -0.375
0.175 0.325 1 0.75929 -0.325
0.225 0.325 1 0.592624 -0.275
0.275 0.325 1 0.442791 -0.225
0.325 0.325 1 0.349524 -0.175
0.375 0.325 1 0.312418 -0.125
0.425 0.325 1 0.303978 -0.075
0.475 0.325 1 0.209879 -0.025
0.525 0.325 0.677275 0.1 0.025
0.575 0.325 0.302953 0.1 0.075
0.625 0.325 0.301178 0.1 0.125
0.675 0.325 0.293178 0.1 0.175
0.725 0.325 0.271701 0.1 0.225
0.775 0.325 0.233444 0.1 0.275
0.825 0.325 0.185595 0.1 0.325
0.875 0.325 0.142294 0.1 0.375
0.925 0.325 0.114459 0.1 0.425
0.975 0.325 0.102942 0.1 0.475

0.025 0.375 1 0.993298 -0.475
0.075 0.375 1 0.965804 -0.425
0.125 0.375 1 0.891806 -0.375
0.175 0.375 1 0.75929 -0.325
0.225 0.375 1 0.592624 -0.275
0.275 0.375 1 0.442791 -0.225
0.325 0.375 1 0.349524 -0.175
0.375 0.375 1 0.312418 -0.125
0.425 0.375 1 0.303978 -0.075
0.475 0.375 1 0.209879 -0.025
0.525 0.375 0.677275 0.1 0.025
0.575 0.375 0.302953 0.1 0.075
0.625 0.375 0.301178 0.1 0.125
0.675 0.375 0.293178 0.1 0.175
0.725 0.375 0.271701 0.1 0.225
0.775 0.375 0.233444 0.1 0.275
0.825 0.375 0.185595 0.1 0.325
0.875 0.375 0.142294 0.1 0.375
0.925 0.375 0.114459 0.1 0.425
0.975 0.375 0.102942 0.1 0.475

0.025 0.425 1 0.993298 -0.475
0.075 0.425 1 0.965804 -0.425
0.125 0.425 1 0.891806 -0.375
0.175 0.425 1 0.75929 -0.325
0.225 0.425 1 0.592624 -0.275
0.275 0.425 1 0.442791 -0.225
0.325 0.425 1 0.349524 -0.175
0.375 0.425 1 0.312418 -0.125
0.425 0.425 1 0.303978 -0.075
0.475 0.425 1 0.209879 -0.025
0.525 0.425 0.677275 0.1 0.025
0.575 0.425 0.302953 0.1 0.075
0.625 0.425 0.301178 0.1 0.125
0.675 0.425 0.293178 0.1 0.175
0.725 0.425 0.271701 0.1 0.225
0.775 0.425 0.233444 0.1 0.275
0.825 0.425 0.185595 0.1 0.325
0.875 0.425 0.142294 0.1 0.375
0.925 0.425 0.114459 0.1 0.425
0.975 0.425 0.102942 0.1 0.475

0.025 0.475 1 0.993298 -0.475
0.075 0.475 1 0.965804 -0.425
0.125 0.475 1 0.891806 -0.375
0.175 0.475 1 0.75929 -0.325
0.225 0.475 1 0.592624 -0.275
0.275 0.475 1 0.442791 -0.225
0.325 0.475 1 0.349524 -0.175
0.375 0.475 1 0.312418 -0.125
0.425 0.475 1 0.303978 -0.075
0.475 0.475 1 0.209879 -0.025
0.525 0.475 0.677275 0.1 0.025
0.575 0.475 0.302953 0.1 0.075
0.625 0.475 0.301178 0.1 0.125
0.675 0.475 0.293178 0.1 0.175
0.725 0.475 0.271701 0.1 0.225
0.775 0.475 0.233444 0.1 0.275
0.825 0.475 0.185595 0.1 0.325
0.875 0.475 0.142294 0.1 0.375
0.925 0.475 0.114459 0.1 0.425
0.975 0.475 0.102942 0.1 0.475

0.025 0.525 1 0.993298 -0.475
0.075 0.525 1 0.965804 -0.425
0.125 0.525 1 0.891806 -0.375
0.175 0.525 1 0.75929 -0.325
0.225 0.525 1 0.592624 -0.275
0.275 0.525 1 0.442791 -0.225
0.325 0.525 1 0.349524 -0.175
0.375 0.525 1 0.312418 -0.125
0.425 0.525 1 0.303978 -0.075
0.475 0.525 1 0.209879 -0.025
0.525 0.525 0.677275 0.1 0.025
0.575 0.525 0.302953 0.1 0.075
0.625 0.525 0.301178 0.1 0.125
0.675 0.525 0.293178 0.1 0.175
0.725 0.525 0.271701 0.1 0.225
0.775 0.525 0.233444 0.1 0.275
0.825 0.525 0.185595 0.1 0.325
0.875 0.525 0.142294 0.1 0.375
0.925 0.525 0.114459 0.1 0.425
0.975 0.525 0.102942 0.1 0.475

0.025 0.575 1 0.993298 -0.475
0.075 0.575 1 0.965804 -0.425
0.125 0.575 1 0.891806 -0.375
0.175 0.575 1 0.75929 -0.325
0.225 0.575 1 0.592624 -0.275
0.275 0.575 1 0.442791 -0.225
0.325 0.575 1 0.349524 -0.175
0.375 0.575 1 0.312418 -0.125
0.425 0.575 1 0.303978 -0.075
0.475 0.575 1 0.209879 -0.025
0.525 0.575 0.677275 0.1 0.025
0.575 0.575 0.302953 0.1 0.075
0.625 0.575 0.301178 0.1 0.125
0.675 0.575 0.293178 0.1 0.175
0.725 0.575 0.271701 0.1 0.225
0.775 0.575 0.233444 0.1 0.275
0.825 0.575 0.185595 0.1 0.325
0.875 0.575 0.142294 0.1 0.375
0.925 0.575 0.114459 0.1 0.425
0.975 0.575 0.102942 0.1 0.475

0.025 0.625 1 0.993298 -0.475
0.075 0.625 1 0.965804 -0.425
0.125 0.625 1 0.891806 -0.375
0.175 0.625 1 0.75929 -0.325
0.225 0.625 1 0.592624 -0.275
0.275 0.625 1 0.442791 -0.225
0.325 0.625 1 0.349524 -0.175
0.375 0.625 1 0.312418 -0.125
0.425 0.625 1 0.303978 -0.075
0.475 0.625 1 0.209879 -0.025
0.525 0.625 0.677275 0.1 0.025
0.575 0.625 0.302953 0.1 0.075
0.625 0.625 0.301178 0.1 0.125
0.675 0.625 0.293178 0.1 0.175
0.725 0.625 0.271701 0.1 0.225
0.775 0.625 0.233444 0.1 0.275
0.825 0.625 0.185595 0.1 0.325
0.875 0.625 0.142294 0.1 0.375
0.925 0.625 0.114459 0.1 0.425
0.975 0.625 0.102942 0.1 0.475

0.025 0.675 1 0.993298 -0.475
0.075 0.675 1 0.965804 -0.425
0.125 0.675 1 0.891806 -0.375
0.175 0.675 1 0.75929 -0.325
0.225 0.675 1 0.592624 -0.275
0.275 0.675 1 0.442791 -0.225
0.325 0.675 1 0.349524 -0.175
0.375 0.675 1 0.312418 -0.125
0.425 0.675 1 0.303978 -0.075
0.475 0.675 1 0.209879 -0.025
0.525 0.675 0.677275 0.1 0.025
0.575 0.675 0.302953 0.1 0.075
0.625 0.675 0.301178 0.1 0.125
0.675 0.675 0.293178 0.1 0.175
0.725 0.675 0.271701 0.1 0.225
0.775 0.675 0.233444 0.1 0.275
0.825 0.675 0.185595 0.1 0.325
0.875 0.675 0.142294 0.1 0.375
0.925 0.675 0.114459 0.1 0.425
0.975 0.675 0.102942 0.1 0.475

0.025 0.725 1 0.993298 -0.475
0.075 0.725 1 0.965804 -0.425
0.125 0.725 1 0.891806 -0.375
0.175 0.725 1 0.75929 -0.325
0.225 0.725 1 0.592624 -0.275
0.275 0.725 1 0.442791 -0.225
0.325 0.725 1 0.349524 -0.175
0.375 0.725 1 0.312418 -0.125
0.425 0.725 1 0.303978 -0.075
0.475 0.725 1 0.209879 -0.025
0.525 0.725 0.677275 0.1 0.025
0.575 0.725 0.302953 0.1 0.075
0.625 0.725 0.301178 0.1 0.125
0.675 0.725 0.293178 0.1 0.175
0.725 0.725 0.271701 0.1 0.225
0.775 0.725 0.233444 0.1 0.275
0.825 0.725 0.185595 0.1 0.325
0.875 0.725 0.142294 0.1 0.375
0.925 0.725 0.114459 0.1 0.425
0.975 0.725 0.102942 0.1 0.475

0.025 0.775 1 0.993298 -0.475
0.075 0.775 1 0.965804 -0.425
0.125 0.775 1 0.891806 -0.375
0.175 0.775 1 0.75929 -0.325
0.225 0.775 1 0.592624 -0.275
0.275 0.775 1 0.442791 -0.225
0.325 0.775 1 0.349524 -0.175
0.375 0.775 1 0.312418 -0.125
0.425 0.775 1 0.303978 -0.075
0.475 0.775 1 0.209879 -0.025
0.525 0.775 0.677275 0.1 0.025
0.575 0.775 0.302953 0.1 0.075
0.625 0.775 0.301178 0.1 0.125
0.675 0.775 0.293178 0.1 0.175
0.725 0.775 0.271701 0.1 0.225
0.775 0.775 0.233444 0.1 0.275
0.825 0.775 0.185595 0.1 0.325
0.875 0.775 0.142294 0.1 0.375
0.925 0.775 0.114459 0.1 0.425
0.975 0.775 0.102942 0.1 0.475

0.025 0.825 1 0.993298 -0.475
0.075 0.825 1 0.965804 -0.425
0.125 0.825 1 0.891806 -0.375
0.175 0.825 1 0.75929 -0.325
0.225 0.825 1 0.592624 -0.275
0.275 0.825 1 0.442791 -0.225
0.325 0.825 1 0.349524 -0.175
0.375 0.825 1 0.312418 -0.125
0.425 0.825 1 0.303978 -0.075
0.475 0.825 1 0.209879 -0.025
0.525 0.825 0.677275 0.1 0.025
0.575 0.825 0.302953 0.1 0.075
0.625 0.825 0.301178 0.1 0.125
0.675 0.825 0.293178 0.1 0.175
0.725 0.825 0.271701 0.1 0.225
0.775 0.825 0.233444 0.1 0.275
0.825 0.825 0.185595 0.1 0.325
0.875 0.825 0.142294 0.1 0.375
0.925 0.825 0.114459 0.1 0.425
0.975 0.825 0.102942 0.1 0.475

0.025 0.875 1 0.993298 -0.475
0.075 0.875 1 0.965804 -0.425
0.125 0.875 1 0.891806 -0.375
0.175 0.875 1 0.75929 -0.325
0.225 0.875 1 0.592624 -0.275
0.275 0.875 1 0.442791 -0.225
0.325 0.875 1 0.349524 -0.175
0.375 0.875 1 0.312418 -0.125
0.425 0.875 1 0.303978 -0.075
0.475 0.875 1 0.209879 -0.025
0.525 0.875 0.677275 0.1 0.025
0.575 0.875 0.302953 0.1 0.075
0.625 0.875 0.301178 0.1 0.125
0.675 0.875 0.293178 0.1 0.175
0.725 0.875 0.271701 0.1 0.225
0.775 0.875 0.233444 0.1 0.275
0.825 0.875 0.185595 0.1 0.325
0.875 0.875 0.142294 0.1 0.375
0.925 0.875 0.114459 0.1 0.425
0.975 0.875 0.102942 0.1 0.475

0.025 0.925 1 0.993298 -0.475
0.075 0.925 1 0.965804 -0.425
0.125 0.925 1 0.891806 -0.375
0.175 0.925 1 0.75929 -0.325
0.225 0.925 1 0.592624 -0.275
0.275 0.925 1 0.442791 -0.225
0.325 0.925 1 0.349524 -0.175
0.375 0.925 1 0.312418 -0.125
0.425 0.925 1 0.303978 -0.075
0.475 0.925 1 0.209879 -0.025
0.525 0.925 0.677275 0.1 0.025
0.575 0.925 0.302953 0.1 0.075
0.625 0.925 0.301178 0.1 0.125
0.675 0.925 0.293178 0.1 0.175
0.725 0.925 0.271701 0.1 0.225
0.775 0.925 0.233444 0.1 0.275
0.825 0.925 0.185595 0.1 0.325
0.875 0.925 0.142294 0.1 0.375
0.925 0.925 0.114459 0.1 0.425
0.975 0.925 0.102942 0.1 0.475

0.025 0.975 1 0.993298 -0.475
0.075 0.975 1 0.965804 -0.425
0.125 0.975 1 0.891806 -0.375
0.175 0.975 1 0.75929 -0.325
0.225 0.975 1 0.592624 -0.275
0.275 0.975 1 0.442791 -0.225
0.325 0.975 1 0.349524 -0.175
0.375 0.975 1 0.312418 -0.125
0.425 0.975 1 0.303978 -0.075
0.475 0.975 1 0.209879 -0.025
0.525 0.975 0.677275 0.1 0.025
0.575 0.975 0.302953 0.1 0.075
0.625 0.975 0.301178 0.1 0.125
0.675 0.975 0.293178 0.1 0.175
0.725 0.975 0.271701 0.1 0.225
0.775 0.975 0.233444 0.1 0.275
0.825 0.975 0.185595 0.1 0.325
0.875 0.975 0.142294 0.1 0.375
0.925 0.975 0.114459 0.1 0.425
0.975 0.975 0.102942 0.1 0.475

