0.025 0.025 1 0.448939 -0.475
0.075 0.025 1 0.461079 -0.441051
0.125 0.025 1 0.47425 -0.393401
0.175 0.025 1 0.480015 -0.344041
0.225 0.025 1 0.482316 -0.294318
0.275 0.025 1 0.483043 -0.24441
0.325 0.025 1 0.483218 -0.194434
0.375 0.025 1 0.483247 -0.144439
0.425 0.025 0.981096 0.48325 -0.0944395
0.475 0.025 0.833209 0.504537 -0.0444396
0.525 0.025 0.437203 0.252108 0.00556041
0.575 0.025 0.484181 0.127282 0.0555604
0.625 0.025 0.48418 0.1 0.10556
0.675 0.025 0.484168 0.1 0.155561
0.725 0.025 0.484083 0.1 0.205563
0.775 0.025 0.483681 0.1 0.255571
0.825 0.025 0.503235 0.1 0.305599
0.875 0.025 0.477922 0.1 0.355678
0.925 0.025 0.469368 0.1 0.405859
0.975 0.025 0.432843 0.1 0.456216

0.025 0.075 1 0.430203 -0.475
0.075 0.075 1 0.440665 -0.441029
0.125 0.075 1 0.452196 -0.393376
0.175 0.075 1 0.45723 -0.344016
0.225 0.075 1 0.459244 -0.294293
0.275 0.075 1 0.459885 -0.244385
0.325 0.075 1 0.460042 -0.194409
0.375 0.075 1 0.46007 -0.144414
0.425 0.075 0.981142 0.460073 -0.0944146
0.475 0.075 0.832869 0.480427 -0.0444146
0.525 0.075 0.418653 0.247904 0.00558538
0.575 0.075 0.460065 0.127282 0.0555854
0.625 0.075 0.460063 0.1 0.105585
0.675 0.075 0.460051 0.1 0.155586
0.725 0.075 0.459975 0.1 0.205588
0.775 0.075 0.459623 0.1 0.255596
0.825 0.075 0.476695 0.1 0.305624
0.875 0.075 0.4568 0.1 0.355704
0.925 0.075 0.447234 0.1 0.405885
0.975 0.075 0.413742 0.1 0.456243

0.025 0.125 1 0.409225 -0.475
0.075 0.125 1 0.417879 -0.441005
0.125 0.125 1 0.427613 -0.393348
0.175 0.125 1 0.431857 -0.343988
0.225 0.125 1 0.433561 -0.294265
0.275 0.125 1 0.434107 -0.244358
0.325 0.125 1 0.434244 -0.194382
0.375 0.125 1 0.434271 -0.144386
0.425 0.125 0.981083 0.434274 -0.0943868
0.475 0.125 0.832621 0.453561 -0.0443869
0.525 0.125 0.398091 0.243089 0.00561311
0.575 0.125 0.43335 0.127282 0.0556131
0.625 0.125 0.433349 0.1 0.105613
0.675 0.125 0.433337 0.1 0.155613
0.725 0.125 0.43327 0.1 0.205615
0.775 0.125 0.432973 0.1 0.255624
0.825 0.125 0.434229 0.1 0.305652
0.875 0.125 0.44456 0.1 0.355732
0.925 0.125 0.422733 0.1 0.405914
0.975 0.125 0.39436 0.1 0.456273

0.025 0.175 1 0.388357 -0.475
0.075 0.175 1 0.395194 -0.440977
0.125 0.175 1 0.403092 -0.393318
0.175 0.175 1 0.406526 -0.343958
0.225 0.175 1 0.407905 -0.294234
0.275 0.175 1 0.408345 -0.244327
0.325 0.175 1 0.408453 -0.194351
0.375 0.175 1 0.408473 -0.144355
0.425 0.175 0.980496 0.408475 -0.0943559
0.475 0.175 0.832976 0.426696 -0.0443559
0.525 0.175 0.37907 0.238562 0.00564408
0.575 0.175 0.408475 0.127282 0.0556441
0.625 0.175 0.408474 0.1 0.105644
0.675 0.175 0.408467 0.1 0.155644
0.725 0.175 0.408416 0.1 0.205646
0.775 0.175 0.408184 0.1 0.255655
0.825 0.175 0.407375 0.1 0.305683
0.875 0.175 0.407101 0.1 0.355763
0.925 0.175 0.400232 0.1 0.405946
0.975 0.175 0.388929 0.1 0.456305

0.025 0.225 1 0.367546 -0.475
0.075 0.225 1 0.372544 -0.440947
0.125 0.225 1 0.378556 -0.393283
0.175 0.225 1 0.381179 -0.343923
0.225 0.225 1 0.382237 -0.2942
0.275 0.225 1 0.382575 -0.244292
0.325 0.225 1 0.382659 -0.194316
0.375 0.225 1 0.382674 -0.14432
0.425 0.225 0.981214 0.382676 -0.0943211
0.475 0.225 0.832016 0.399831 -0.0443211
0.525 0.225 0.359989 0.233859 0.00567887
0.575 0.225 0.382676 0.127282 0.0556789
0.625 0.225 0.382676 0.1 0.105679
0.675 0.225 0.38267 0.1 0.155679
0.725 0.225 0.382632 0.1 0.205681
0.775 0.225 0.382461 0.1 0.255689
0.825 0.225 0.381862 0.1 0.305718
0.875 0.225 0.380219 0.1 0.355798
0.925 0.225 0.376575 0.1 0.405981
0.975 0.225 0.36949 0.1 0.456341

0.025 0.275 1 0.347338 -0.475
0.075 0.275 1 0.350547 -0.440914
0.125 0.275 1 0.354804 -0.393244
0.175 0.275 1 0.356643 -0.343884
0.225 0.275 1 0.357389 -0.29416
0.275 0.275 1 0.357629 -0.244253
0.325 0.275 1 0.357689 -0.194277
0.375 0.275 1 0.3577 -0.144281
0.425 0.275 0.981425 0.357701 -0.0942817
0.475 0.275 0.831596 0.373837 -0.0442817
0.525 0.275 0.33984 0.229057 0.00571826
0.575 0.275 0.357247 0.127282 0.0557183
0.625 0.275 0.357248 0.1 0.105718
0.675 0.275 0.357246 0.1 0.155719
0.725 0.275 0.357221 0.1 0.20572
0.775 0.275 0.357107 0.1 0.255729
0.825 0.275 0.356709 0.1 0.305758
0.875 0.275 0.355619 0.1 0.355838
0.925 0.275 0.353195 0.1 0.406021
0.975 0.275 0.34842 0.1 0.45638

0.025 0.325 1 0.326663 -0.475
0.075 0.325 1 0.328115 -0.440875
0.125 0.325 1 0.330486 -0.3932
0.175 0.325 1 0.331519 -0.34384
0.225 0.325 1 0.331945 -0.294115
0.275 0.325 1 0.332086 -0.244208
0.325 0.325 1 0.332122 -0.194232
0.375 0.325 1 0.332129 -0.144236
0.425 0.325 0.981506 0.33213 -0.0942367
0.475 0.325 0.831367 0.347144 -0.0442368
0.525 0.325 0.319871 0.224182 0.00576322
0.575 0.325 0.332135 0.127282 0.0557632
0.625 0.325 0.332134 0.1 0.105763
0.675 0.325 0.332133 0.1 0.155764
0.725 0.325 0.332121 0.1 0.205765
0.775 0.325 0.332066 0.1 0.255774
0.825 0.325 0.331873 0.1 0.305803
0.875 0.325 0.331335 0.1 0.355883
0.925 0.325 0.330119 0.1 0.406066
0.975 0.325 0.327629 0.1 0.456424

0.025 0.375 1 0.313143 -0.475
0.075 0.375 1 0.313649 -0.440645
0.125 0.375 1 0.314735 -0.392921
0.175 0.375 1 0.31519 -0.343551
0.225 0.375 1 0.315375 -0.293822
0.275 0.375 1 0.315432 -0.243913
0.325 0.375 1 0.315445 -0.193936
0.375 0.375 1 0.315464 -0.143941
0.425 0.375 0.981513 0.315498 -0.0939415
0.475 0.375 0.831346 0.328306 -0.0439416
0.525 0.375 0.309666 0.221531 0.00605844
0.575 0.375 0.315784 0.126055 0.0560584
0.625 0.375 0.315782 0.1 0.106058
0.675 0.375 0.31578 0.1 0.156059
0.725 0.375 0.315776 0.1 0.20606
0.775 0.375 0.315756 0.1 0.256068
0.825 0.375 0.315681 0.1 0.306095
0.875 0.375 0.315464 0.1 0.356169
0.925 0.375 0.314962 0.1 0.406338
0.975 0.375 0.313893 0.1 0.456671

0.025 0.425 1 0.303256 -0.475
0.075 0.425 1 0.303234 -0.440341
0.125 0.425 1 0.303244 -0.392551
0.175 0.425 1 0.303243 -0.343167
0.225 0.425 1 0.303237 -0.293433
0.275 0.425 1 0.303233 -0.243521
0.325 0.425 1 0.30323 -0.193544
0.375 0.425 1 0.30326 -0.143548
0.425 0.425 0.981472 0.303329 -0.093549
0.475 0.425 0.831411 0.304805 -0.0435491
0.525 0.425 0.302588 0.231739 0.00645095
0.575 0.425 0.30305 0.118554 0.0564509
0.625 0.425 0.30305 0.1 0.106451
0.675 0.425 0.30305 0.1 0.156451
0.725 0.425 0.30305 0.1 0.206453
0.775 0.425 0.30305 0.1 0.256459
0.825 0.425 0.303051 0.1 0.306483
0.875 0.425 0.303053 0.1 0.356547
0.925 0.425 0.303057 0.1 0.406696
0.975 0.425 0.303064 0.1 0.456993

0.025 0.475 1 0.292283 -0.475
0.075 0.475 1 0.291682 -0.440012
0.125 0.475 1 0.290537 -0.392147
0.175 0.475 1 0.290089 -0.342748
0.225 0.475 1 0.289928 -0.293007
0.275 0.475 1 0.289922 -0.243093
0.325 0.475 1 0.289924 -0.193115
0.375 0.475 1 0.289905 -0.143119
0.425 0.475 0.981425 0.289854 -0.0931193
0.475 0.475 0.831488 0.289243 -0.0431193
0.525 0.475 0.295127 0.220928 0.00688066
0.575 0.475 0.289539 0.126055 0.0568807
0.625 0.475 0.289548 0.1 0.106881
0.675 0.475 0.28956 0.1 0.156881
0.725 0.475 0.289579 0.1 0.206882
0.775 0.475 0.289622 0.1 0.256887
0.825 0.475 0.289732 0.1 0.306906
0.875 0.475 0.290008 0.1 0.35696
0.925 0.475 0.290601 0.1 0.407085
0.975 0.475 0.291814 0.1 0.45734

0.025 0.525 1 0.280385 -0.475
0.075 0.525 1 0.279046 -0.439651
0.125 0.525 1 0.2765 -0.391703
0.175 0.525 1 0.275437 -0.342286
0.225 0.525 1 0.275003 -0.292536
0.275 0.525 1 0.274868 -0.242619
0.325 0.525 1 0.274833 -0.19264
0.375 0.525 1 0.274796 -0.142644
0.425 0.525 0.981382 0.274726 -0.0926447
0.475 0.525 0.831564 0.274176 -0.0426448
0.525 0.525 0.286977 0.213232 0.00735523
0.575 0.525 0.275003 0.127282 0.0573552
0.625 0.525 0.275003 0.1 0.107355
0.675 0.525 0.275004 0.1 0.157355
0.725 0.525 0.275015 0.1 0.207356
0.775 0.525 0.275067 0.1 0.25736
0.825 0.525 0.275252 0.1 0.307374
0.875 0.525 0.275773 0.1 0.357414
0.925 0.525 0.276952 0.1 0.40751
0.975 0.525 0.279435 0.1 0.457715

0.025 0.575 1 0.268389 -0.475
0.075 0.575 1 0.266261 -0.439253
0.125 0.575 1 0.262297 -0.39121
0.175 0.575 1 0.260603 -0.34177
0.225 0.575 1 0.259883 -0.292011
0.275 0.575 1 0.259633 -0.24209
0.325 0.575 1 0.259567 -0.192111
0.375 0.575 1 0.259566 -0.142115
0.425 0.575 0.981341 0.259582 -0.092115
0.475 0.575 0.831643 0.259127 -0.0421151
0.525 0.575 0.278124 0.206416 0.00788495
0.575 0.575 0.259776 0.127282 0.0578849
0.625 0.575 0.259756 0.1 0.107885
0.675 0.575 0.259737 0.1 0.157885
0.725 0.575 0.25973 0.1 0.207885
0.775 0.575 0.259784 0.1 0.257888
0.825 0.575 0.260046 0.1 0.307895
0.875 0.575 0.260833 0.1 0.357918
0.925 0.575 0.26265 0.1 0.407979
0.975 0.575 0.266509 0.1 0.458125

0.025 0.625 1 0.254905 -0.475
0.075 0.625 1 0.251876 -0.438809
0.125 0.625 1 0.246394 -0.390654
0.175 0.625 1 0.244089 -0.341188
0.225 0.625 1 0.243111 -0.291417
0.275 0.625 1 0.242865 -0.241493
0.325 0.625 1 0.242758 -0.191512
0.375 0.625 1 0.242744 -0.141515
0.425 0.625 0.981301 0.242742 -0.0915159
0.475 0.625 0.831724 0.242143 -0.041516
0.525 0.625 0.268431 0.199674 0.00848405
0.575 0.625 0.242738 0.127282 0.058484
0.625 0.625 0.242738 0.1 0.108484
0.675 0.625 0.242741 0.1 0.158484
0.725 0.625 0.242766 0.1 0.208484
0.775 0.625 0.242884 0.1 0.258484
0.825 0.625 0.243303 0.1 0.308483
0.875 0.625 0.244479 0.1 0.358486
0.925 0.625 0.247111 0.1 0.408503
0.975 0.625 0.252632 0.1 0.458577

0.025 0.675 1 0.240452 -0.475
0.075 0.675 1 0.236308 -0.438305
0.125 0.675 1 0.229102 -0.39002
0.175 0.675 1 0.226041 -0.340521
0.225 0.675 1 0.224769 -0.290735
0.275 0.675 1 0.224353 -0.240805
0.325 0.675 1 0.224223 -0.190823
0.375 0.675 1 0.224187 -0.140826
0.425 0.675 0.981263 0.224188 -0.0908269
0.475 0.675 0.831811 0.223626 -0.0408269
0.525 0.675 0.257718 0.192801 0.00917306
0.575 0.675 0.224537 0.127196 0.0591731
0.625 0.675 0.224554 0.1 0.109173
0.675 0.675 0.224576 0.1 0.159173
0.725 0.675 0.224628 0.1 0.209172
0.775 0.675 0.224805 0.1 0.259169
0.825 0.675 0.225388 0.1 0.309159
0.875 0.675 0.226985 0.1 0.359134
0.925 0.675 0.230521 0.1 0.409097
0.975 0.675 0.237842 0.1 0.459081

0.025 0.725 1 0.224976 -0.475
0.075 0.725 1 0.219547 -0.437723
0.125 0.725 1 0.21047 -0.389279
0.175 0.725 1 0.20663 -0.339738
0.225 0.725 1 0.205065 -0.289933
0.275 0.725 1 0.20456 -0.239997
0.325 0.725 1 0.204436 -0.190013
0.375 0.725 1 0.204413 -0.140016
0.425 0.725 0.981227 0.20441 -0.0900169
0.475 0.725 0.831908 0.203646 -0.0400169
0.525 0.725 0.245739 0.185793 0.00998311
0.575 0.725 0.20441 0.126674 0.0599831
0.625 0.725 0.204411 0.1 0.109983
0.675 0.725 0.204417 0.1 0.159983
0.725 0.725 0.204461 0.1 0.209981
0.775 0.725 0.204669 0.1 0.259974
0.825 0.725 0.20541 0.1 0.30995
0.875 0.725 0.207475 0.1 0.359891
0.925 0.725 0.212046 0.1 0.409783
0.975 0.725 0.221465 0.1 0.459655

0.025 0.775 1 0.207832 -0.475
0.075 0.775 1 0.200836 -0.437031
0.125 0.775 1 0.189641 -0.388389
0.175 0.775 1 0.184947 -0.338791
0.225 0.775 1 0.183072 -0.288962
0.275 0.775 1 0.182501 -0.239018
0.325 0.775 1 0.182391 -0.189032
0.375 0.775 1 0.182408 -0.139035
0.425 0.775 0.981191 0.182476 -0.0890353
0.475 0.775 0.832028 0.181123 -0.0390353
0.525 0.775 0.232139 0.178033 0.0109647
0.575 0.775 0.182016 0.127196 0.0609647
0.625 0.775 0.182029 0.1 0.110965
0.675 0.775 0.182054 0.1 0.160964
0.725 0.775 0.182134 0.1 0.210961
0.775 0.775 0.182434 0.1 0.260949
0.825 0.775 0.18343 0.1 0.310907
0.875 0.775 0.186131 0.1 0.360801
0.925 0.775 0.192003 0.1 0.410599
0.975 0.775 0.203873 0.1 0.460325

0.025 0.825 1 0.188721 -0.475
0.075 0.825 1 0.179418 -0.436171
0.125 0.825 1 0.165624 -0.387271
0.175 0.825 1 0.15973 -0.337596
0.225 0.825 1 0.15738 -0.287734
0.275 0.825 1 0.156635 -0.237779
0.325 0.825 1 0.156455 -0.18779
0.375 0.825 1 0.156424 -0.137792
0.425 0.825 0.981057 0.156422 -0.0877919
0.475 0.825 0.832303 0.155274 -0.0377919
0.525 0.825 0.215826 0.170782 0.0122081
0.575 0.825 0.156609 0.127282 0.0622081
0.625 0.825 0.15661 0.1 0.112208
0.675 0.825 0.156621 0.1 0.162207
0.725 0.825 0.156698 0.1 0.212203
0.775 0.825 0.157057 0.1 0.262183
0.825 0.825 0.158324 0.1 0.312116
0.875 0.825 0.1618 0.1 0.361944
0.925 0.825 0.169305 0.1 0.411613
0.975 0.825 0.183968 0.1 0.461143

0.025 0.875 1 0.166163 -0.475
0.075 0.875 1 0.153873 -0.435014
0.125 0.875 1 0.136732 -0.385757
0.175 0.875 1 0.12946 -0.335973
0.225 0.875 1 0.126713 -0.286063
0.275 0.875 1 0.125919 -0.236092
0.325 0.875 1 0.1258 -0.186099
0.375 0.875 1 0.125864 -0.1361
0.425 0.875 0.980373 0.126023 -0.0861005
0.475 0.875 0.833148 0.124267 -0.0361005
0.525 0.875 0.196771 0.162934 0.0138995
0.575 0.875 0.12593 0.127282 0.0638995
0.625 0.875 0.126105 0.1 0.113899
0.675 0.875 0.126296 0.1 0.163898
0.725 0.875 0.126589 0.1 0.213891
0.775 0.875 0.127062 0.1 0.26386
0.825 0.875 0.128703 0.1 0.313757
0.875 0.875 0.133224 0.1 0.363492
0.925 0.875 0.142846 0.1 0.412977
0.975 0.875 0.16128 0.1 0.462234

0.025 0.925 1 0.13874 -0.475
0.075 0.925 1 0.124664 -0.434145
0.125 0.925 1 0.102948 -0.383962
0.175 0.925 1 0.0933156 -0.333659
0.225 0.925 1 0.089351 -0.28352
0.275 0.925 1 0.08808 -0.233476
0.325 0.925 1 0.0877384 -0.183466
0.375 0.925 1 0.0876299 -0.133465
0.425 0.925 0.980268 0.0875279 -0.0834646
0.475 0.925 0.832694 0.0864307 -0.0334646
0.525 0.925 0.170584 0.155987 0.0165354
0.575 0.925 0.0875348 0.127282 0.0665353
0.625 0.925 0.0874536 0.1 0.116535
0.675 0.925 0.087389 0.1 0.166532
0.725 0.925 0.087431 0.1 0.21651
0.775 0.925 0.0880424 0.1 0.266413
0.825 0.925 0.0902801 0.1 0.316095
0.875 0.925 0.0963134 0.1 0.365327
0.925 0.925 0.108638 0.1 0.414001
0.975 0.925 0.131776 0.1 0.462412

0.025 0.975 1 0.108134 -0.475
0.075 0.975 1 0.0902787 -0.432269
0.125 0.975 1 0.0622589 -0.38002
0.175 0.975 1 0.0489531 -0.328293
0.225 0.975 1 0.0435475 -0.277468
0.275 0.975 1 0.041852 -0.227201
0.325 0.975 1 0.0413768 -0.177141
0.375 0.975 1 0.0411821 -0.127131
0.425 0.975 0.980268 0.0409296 -0.07713
0.475 0.975 0.832486 0.0404151 -0.02713
0.525 0.975 0.138566 0.151303 0.02287
0.575 0.975 0.0414574 0.127282 0.07287
0.625 0.975 0.0412756 0.1 0.122869
0.675 0.975 0.0411098 0.1 0.172858
0.725 0.975 0.0411201 0.1 0.222787
0.775 0.975 0.0422307 0.1 0.272476
0.825 0.975 0.0460573 0.1 0.321491
0.875 0.975 0.0553106 0.1 0.369328
0.925 0.975 0.0719635 0.1 0.416185
0.975 0.975 0.100133 0.1 0.463183

