0.0078125 0.0078125 1
0.0234375 0.0078125 1
0.0390625 0.0078125 1
0.0546875 0.0078125 1
0.0703125 0.0078125 1
0.0859375 0.0078125 1
0.101562 0.0078125 1
0.117188 0.0078125 1
0.132812 0.0078125 1
0.148438 0.0078125 1
0.164062 0.0078125 1
0.179688 0.0078125 1
0.195312 0.0078125 1
0.210938 0.0078125 1
0.226562 0.0078125 1
0.242188 0.0078125 1
0.257812 0.0078125 1
0.273438 0.0078125 0.999954
0.289062 0.0078125 0.99932
0.304688 0.0078125 0.995282
0.320312 0.0078125 0.979522
0.335938 0.0078125 0.937246
0.351562 0.0078125 0.85217
0.367188 0.0078125 0.722524
0.382812 0.0078125 0.541703
0.398438 0.0078125 0.402802
0.414062 0.0078125 0.305102
0.429688 0.0078125 0.29653
0.445312 0.0078125 0.30057
0.460938 0.0078125 0.300711
0.476562 0.0078125 0.290772
0.492188 0.0078125 0.235477
0.507812 0.0078125 0.118261
0.523438 0.0078125 0.10019
0.539062 0.0078125 0.100001
0.554688 0.0078125 0.1
0.570312 0.0078125 0.1
0.585938 0.0078125 0.1
0.601562 0.0078125 0.1
0.617188 0.0078125 0.1
0.632812 0.0078125 0.1
0.648438 0.0078125 0.1
0.664062 0.0078125 0.1
0.679688 0.0078125 0.1
0.695312 0.0078125 0.1
0.710938 0.0078125 0.1
0.726562 0.0078125 0.1
0.742188 0.0078125 0.1
0.757812 0.0078125 0.1
0.773438 0.0078125 0.1
0.789062 0.0078125 0.1
0.804688 0.0078125 0.1
0.820312 0.0078125 0.1
0.835938 0.0078125 0.1
0.851562 0.0078125 0.1
0.867188 0.0078125 0.1
0.882812 0.0078125 0.1
0.898438 0.0078125 0.1
0.914062 0.0078125 0.1
0.929688 0.0078125 0.1
0.945312 0.0078125 0.1
0.960938 0.0078125 0.1
0.976562 0.0078125 0.1
0.992188 0.0078125 0.1

0.0078125 0.0234375 1
0.0234375 0.0234375 1
0.0390625 0.0234375 1
0.0546875 0.0234375 1
0.0703125 0.0234375 1
0.0859375 0.0234375 1
0.101562 0.0234375 1
0.117188 0.0234375 1
0.132812 0.0234375 1
0.148438 0.0234375 1
0.164062 0.0234375 1
0.179688 0.0234375 1
0.195312 0.0234375 1
0.210938 0.0234375 1
0.226562 0.0234375 1
0.242188 0.0234375 1
0.257812 0.0234375 1
0.273438 0.0234375 0.999954
0.289062 0.0234375 0.99932
0.304688 0.0234375 0.995282
0.320312 0.0234375 0.979522
0.335938 0.0234375 0.937246
0.351562 0.0234375 0.85217
0.367188 0.0234375 0.722524
0.382812 0.0234375 0.541703
0.398438 0.0234375 0.402802
0.414062 0.0234375 0.305102
0.429688 0.0234375 0.29653
0.445312 0.0234375 0.30057
0.460938 0.0234375 0.300711
0.476562 0.0234375 0.290772
0.492188 0.0234375 0.235477
0.507812 0.0234375 0.118261
0.523438 0.0234375 0.10019
0.539062 0.0234375 0.100001
0.554688 0.0234375 0.1
0.570312 0.0234375 0.1
0.585938 0.0234375 0.1
0.601562 0.0234375 0.1
0.617188 0.0234375 0.1
0.632812 0.0234375 0.1
0.648438 0.0234375 0.1
0.664062 0.0234375 0.1
0.679688 0.0234375 0.1
0.695312 0.0234375 0.1
0.710938 0.0234375 0.1
0.726562 0.0234375 0.1
0.742188 0.0234375 0.1
0.757812 0.0234375 0.1
0.773438 0.0234375 0.1
0.789062 0.0234375 0.1
0.804688 0.0234375 0.1
0.820312 0.0234375 0.1
0.835938 0.0234375 0.1
0.851562 0.0234375 0.1
0.867188 0.0234375 0.1
0.882812 0.0234375 0.1
0.898438 0.0234375 0.1
0.914062 0.0234375 0.1
0.929688 0.0234375 0.1
0.945312 0.0234375 0.1
0.960938 0.0234375 0.1
0.976562 0.0234375 0.1
0.992188 0.0234375 0.1

0.0078125 0.0390625 1
0.0234375 0.0390625 1
0.0390625 0.0390625 1
0.0546875 0.0390625 1
0.0703125 0.0390625 1
0.0859375 0.0390625 1
0.101562 0.0390625 1
0.117188 0.0390625 1
0.132812 0.0390625 1
0.148438 0.0390625 1
0.164062 0.0390625 1
0.179688 0.0390625 1
0.195312 0.0390625 1
0.210938 0.0390625 1
0.226562 0.0390625 1
0.242188 0.0390625 1
0.257812 0.0390625 1
0.273438 0.0390625 0.999954
0.289062 0.0390625 0.99932
0.304688 0.0390625 0.995282
0.320312 0.0390625 0.979522
0.335938 0.0390625 0.937246
0.351562 0.0390625 0.85217
0.367188 0.0390625 0.722524
0.382812 0.0390625 0.541703
0.398438 0.0390625 0.402802
0.414062 0.0390625 0.305102
0.429688 0.0390625 0.29653
0.445312 0.0390625 0.30057
0.460938 0.0390625 0.300711
0.476562 0.0390625 0.290772
0.492188 0.0390625 0.235477
0.507812 0.0390625 0.118261
0.523438 0.0390625 0.10019
0.539062 0.0390625 0.100001
0.554688 0.0390625 0.1
0.570312 0.0390625 0.1
0.585938 0.0390625 0.1
0.601562 0.0390625 0.1
0.617188 0.0390625 0.1
0.632812 0.0390625 0.1
0.648438 0.0390625 0.1
0.664062 0.0390625 0.1
0.679688 0.0390625 0.1
0.695312 0.0390625 0.1
0.710938 0.0390625 0.1
0.726562 0.0390625 0.1
0.742188 0.0390625 0.1
0.757812 0.0390625 0.1
0.773438 0.0390625 0.1
0.789062 0.0390625 0.1
0.804688 0.0390625 0.1
0.820312 0.0390625 0.1
0.835938 0.0390625 0.1
0.851562 0.0390625 0.1
0.867188 0.0390625 0.1
0.882812 0.0390625 0.1
0.898438 0.0390625 0.1
0.914062 0.0390625 0.1
0.929688 0.0390625 0.1
0.945312 0.0390625 0.1
0.960938 0.0390625 0.1
0.976562 0.0390625 0.1
0.992188 0.0390625 0.1

0.0078125 0.0546875 1
0.0234375 0.0546875 1
0.0390625 0.0546875 1
0.0546875 0.0546875 1
0.0703125 0.0546875 1
0.0859375 0.0546875 1
0.101562 0.0546875 1
0.117188 0.0546875 1
0.132812 0.0546875 1
0.148438 0.0546875 1
0.164062 0.0546875 1
0.179688 0.0546875 1
0.195312 0.0546875 1
0.210938 0.0546875 1
0.226562 0.0546875 1
0.242188 0.0546875 1
0.257812 0.0546875 1
0.273438 0.0546875 0.999954
0.289062 0.0546875 0.99932
0.304688 0.0546875 0.995282
0.320312 0.0546875 0.979522
0.335938 0.0546875 0.937246
0.351562 0.0546875 0.85217
0.367188 0.0546875 0.722524
0.382812 0.0546875 0.541703
0.398438 0.0546875 0.402802
0.414062 0.0546875 0.305102
0.429688 0.0546875 0.29653
0.445312 0.0546875 0.30057
0.460938 0.0546875 0.300711
0.476562 0.0546875 0.290772
0.492188 0.0546875 0.235477
0.507812 0.0546875 0.118261
0.523438 0.0546875 0.10019
0.539062 0.0546875 0.100001
0.554688 0.0546875 0.1
0.570312 0.0546875 0.1
0.585938 0.0546875 0.1
0.601562 0.0546875 0.1
0.617188 0.0546875 0.1
0.632812 0.0546875 0.1
0.648438 0.0546875 0.1
0.664062 0.0546875 0.1
0.679688 0.0546875 0.1
0.695312 0.0546875 0.1
0.710938 0.0546875 0.1
0.726562 0.0546875 0.1
0.742188 0.0546875 0.1
0.757812 0.0546875 0.1
0.773438 0.0546875 0.1
0.789062 0.0546875 0.1
0.804688 0.0546875 0.1
0.820312 0.0546875 0.1
0.835938 0.0546875 0.1
0.851562 0.0546875 0.1
0.867188 0.0546875 0.1
0.882812 0.0546875 0.1
0.898438 0.0546875 0.1
0.914062 0.0546875 0.1
0.929688 0.0546875 0.1
0.945312 0.0546875 0.1
0.960938 0.0546875 0.1
0.976562 0.0546875 0.1
0.992188 0.0546875 0.1

0.0078125 0.0703125 1
0.0234375 0.0703125 1
0.0390625 0.0703125 1
0.0546875 0.0703125 1
0.0703125 0.0703125 1
0.0859375 0.0703125 1
0.101562 0.0703125 1
0.117188 0.0703125 1
0.132812 0.0703125 1
0.148438 0.0703125 1
0.164062 0.0703125 1
0.179688 0.0703125 1
0.195312 0.0703125 1
0.210938 0.0703125 1
0.226562 0.0703125 1
0.242188 0.0703125 1
0.257812 0.0703125 1
0.273438 0.0703125 0.999954
0.289062 0.0703125 0.99932
0.304688 0.0703125 0.995282
0.320312 0.0703125 0.979522
0.335938 0.0703125 0.937246
0.351562 0.0703125 0.85217
0.367188 0.0703125 0.722524
0.382812 0.0703125 0.541703
0.398438 0.0703125 0.402802
0.414062 0.0703125 0.305102
0.429688 0.0703125 0.29653
0.445312 0.0703125 0.30057
0.460938 0.0703125 0.300711
0.476562 0.0703125 0.290772
0.492188 0.0703125 0.235477
0.507812 0.0703125 0.118261
0.523438 0.0703125 0.10019
0.539062 0.0703125 0.100001
0.554688 0.0703125 0.1
0.570312 0.0703125 0.1
0.585938 0.0703125 0.1
0.601562 0.0703125 0.1
0.617188 0.0703125 0.1
0.632812 0.0703125 0.1
0.648438 0.0703125 0.1
0.664062 0.0703125 0.1
0.679688 0.0703125 0.1
0.695312 0.0703125 0.1
0.710938 0.0703125 0.1
0.726562 0.0703125 0.1
0.742188 0.0703125 0.1
0.757812 0.0703125 0.1
0.773438 0.0703125 0.1
0.789062 0.0703125 0.1
0.804688 0.0703125 0.1
0.820312 0.0703125 0.1
0.835938 0.0703125 0.1
0.851562 0.0703125 0.1
0.867188 0.0703125 0.1
0.882812 0.0703125 0.1
0.898438 0.0703125 0.1
0.914062 0.0703125 0.1
0.929688 0.0703125 0.1
0.945312 0.0703125 0.1
0.960938 0.0703125 0.1
0.976562 0.0703125 0.1
0.992188 0.0703125 0.1

0.0078125 0.0859375 1
0.0234375 0.0859375 1
0.0390625 0.0859375 1
0.0546875 0.0859375 1
0.0703125 0.0859375 1
0.0859375 0.0859375 1
0.101562 0.0859375 1
0.117188 0.0859375 1
0.132812 0.0859375 1
0.148438 0.0859375 1
0.164062 0.0859375 1
0.179688 0.0859375 1
0.195312 0.0859375 1
0.210938 0.0859375 1
0.226562 0.0859375 1
0.242188 0.0859375 1
0.257812 0.0859375 1
0.273438 0.0859375 0.999954
0.289062 0.0859375 0.99932
0.304688 0.0859375 0.995282
0.320312 0.0859375 0.979522
0.335938 0.0859375 0.937246
0.351562 0.0859375 0.85217
0.367188 0.0859375 0.722524
0.382812 0.0859375 0.541703
0.398438 0.0859375 0.402802
0.414062 0.0859375 0.305102
0.429688 0.0859375 0.29653
0.445312 0.0859375 0.30057
0.460938 0.0859375 0.300711
0.476562 0.0859375 0.290772
0.492188 0.0859375 0.235477
0.507812 0.0859375 0.118261
0.523438 0.0859375 0.10019
0.539062 0.0859375 0.100001
0.554688 0.0859375 0.1
0.570312 0.0859375 0.1
0.585938 0.0859375 0.1
0.601562 0.0859375 0.1
0.617188 0.0859375 0.1
0.632812 0.0859375 0.1
0.648438 0.0859375 0.1
0.664062 0.0859375 0.1
0.679688 0.0859375 0.1
0.695312 0.0859375 0.1
0.710938 0.0859375 0.1
0.726562 0.0859375 0.1
0.742188 0.0859375 0.1
0.757812 0.0859375 0.1
0.773438 0.0859375 0.1
0.789062 0.0859375 0.1
0.804688 0.0859375 0.1
0.820312 0.0859375 0.1
0.835938 0.0859375 0.1
0.851562 0.0859375 0.1
0.867188 0.0859375 0.1
0.882812 0.0859375 0.1
0.898438 0.0859375 0.1
0.914062 0.0859375 0.1
0.929688 0.0859375 0.1
0.945312 0.0859375 0.1
0.960938 0.0859375 0.1
0.976562 0.0859375 0.1
0.992188 0.0859375 0.1

0.0078125 0.101562 1
0.0234375 0.101562 1
0.0390625 0.101562 1
0.0546875 0.101562 1
0.0703125 0.101562 1
0.0859375 0.101562 1
0.101562 0.101562 1
0.117188 0.101562 1
0.132812 0.101562 1
0.148438 0.101562 1
0.164062 0.101562 1
0.179688 0.101562 1
0.195312 0.101562 1
0.210938 0.101562 1
0.226562 0.101562 1
0.242188 0.101562 1
0.257812 0.101562 1
0.273438 0.101562 0.999954
0.289062 0.101562 0.99932
0.304688 0.101562 0.995282
0.320312 0.101562 0.979522
0.335938 0.101562 0.937246
0.351562 0.101562 0.85217
0.367188 0.101562 0.722524
0.382812 0.101562 0.541703
0.398438 0.101562 0.402802
0.414062 0.101562 0.305102
0.429688 0.101562 0.29653
0.445312 0.101562 0.30057
0.460938 0.101562 0.300711
0.476562 0.101562 0.290772
0.492188 0.101562 0.235477
0.507812 0.101562 0.118261
0.523438 0.101562 0.10019
0.539062 0.101562 0.100001
0.554688 0.101562 0.1
0.570312 0.101562 0.1
0.585938 0.101562 0.1
0.601562 0.101562 0.1
0.617188 0.101562 0.1
0.632812 0.101562 0.1
0.648438 0.101562 0.1
0.664062 0.101562 0.1
0.679688 0.101562 0.1
0.695312 0.101562 0.1
0.710938 0.101562 0.1
0.726562 0.101562 0.1
0.742188 0.101562 0.1
0.757812 0.101562 0.1
0.773438 0.101562 0.1
0.789062 0.101562 0.1
0.804688 0.101562 0.1
0.820312 0.101562 0.1
0.835938 0.101562 0.1
0.851562 0.101562 0.1
0.867188 0.101562 0.1
0.882812 0.101562 0.1
0.898438 0.101562 0.1
0.914062 0.101562 0.1
0.929688 0.101562 0.1
0.945312 0.101562 0.1
0.960938 0.101562 0.1
0.976562 0.101562 0.1
0.992188 0.101562 0.1

0.0078125 0.117188 1
0.0234375 0.117188 1
0.0390625 0.117188 1
0.0546875 0.117188 1
0.0703125 0.117188 1
0.0859375 0.117188 1
0.101562 0.117188 1
0.117188 0.117188 1
0.132812 0.117188 1
0.148438 0.117188 1
0.164062 0.117188 1
0.179688 0.117188 1
0.195312 0.117188 1
0.210938 0.117188 1
0.226562 0.117188 1
0.242188 0.117188 1
0.257812 0.117188 1
0.273438 0.117188 0.999954
0.289062 0.117188 0.99932
0.304688 0.117188 0.995282
0.320312 0.117188 0.979522
0.335938 0.117188 0.937246
0.351562 0.117188 0.85217
0.367188 0.117188 0.722524
0.382812 0.117188 0.541703
0.398438 0.117188 0.402802
0.414062 0.117188 0.305102
0.429688 0.117188 0.29653
0.445312 0.117188 0.30057
0.460938 0.117188 0.300711
0.476562 0.117188 0.290772
0.492188 0.117188 0.235477
0.507812 0.117188 0.118261
0.523438 0.117188 0.10019
0.539062 0.117188 0.100001
0.554688 0.117188 0.1
0.570312 0.117188 0.1
0.585938 0.117188 0.1
0.601562 0.117188 0.1
0.617188 0.117188 0.1
0.632812 0.117188 0.1
0.648438 0.117188 0.1
0.664062 0.117188 0.1
0.679688 0.117188 0.1
0.695312 0.117188 0.1
0.710938 0.117188 0.1
0.726562 0.117188 0.1
0.742188 0.117188 0.1
0.757812 0.117188 0.1
0.773438 0.117188 0.1
0.789062 0.117188 0.1
0.804688 0.117188 0.1
0.820312 0.117188 0.1
0.835938 0.117188 0.1
0.851562 0.117188 0.1
0.867188 0.117188 0.1
0.882812 0.117188 0.1
0.898438 0.117188 0.1
0.914062 0.117188 0.1
0.929688 0.117188 0.1
0.945312 0.117188 0.1
0.960938 0.117188 0.1
0.976562 0.117188 0.1
0.992188 0.117188 0.1

0.0078125 0.132812 1
0.0234375 0.132812 1
0.0390625 0.132812 1
0.0546875 0.132812 1
0.0703125 0.132812 1
0.0859375 0.132812 1
0.101562 0.132812 1
0.117188 0.132812 1
0.132812 0.132812 1
0.148438 0.132812 1
0.164062 0.132812 1
0.179688 0.132812 1
0.195312 0.132812 1
0.210938 0.132812 1
0.226562 0.132812 1
0.242188 0.132812 1
0.257812 0.132812 1
0.273438 0.132812 0.999954
0.289062 0.132812 0.99932
0.304688 0.132812 0.995282
0.320312 0.132812 0.979522
0.335938 0.132812 0.937246
0.351562 0.132812 0.85217
0.367188 0.132812 0.722524
0.382812 0.132812 0.541703
0.398438 0.132812 0.402802
0.414062 0.132812 0.305102
0.429688 0.132812 0.29653
0.445312 0.132812 0.30057
0.460938 0.132812 0.300711
0.476562 0.132812 0.290772
0.492188 0.132812 0.235477
0.507812 0.132812 0.118261
0.523438 0.132812 0.10019
0.539062 0.132812 0.100001
0.554688 0.132812 0.1
0.570312 0.132812 0.1
0.585938 0.132812 0.1
0.601562 0.132812 0.1
0.617188 0.132812 0.1
0.632812 0.132812 0.1
0.648438 0.132812 0.1
0.664062 0.132812 0.1
0.679688 0.132812 0.1
0.695312 0.132812 0.1
0.710938 0.132812 0.1
0.726562 0.132812 0.1
0.742188 0.132812 0.1
0.757812 0.132812 0.1
0.773438 0.132812 0.1
0.789062 0.132812 0.1
0.804688 0.132812 0.1
0.820312 0.132812 0.1
0.835938 0.132812 0.1
0.851562 0.132812 0.1
0.867188 0.132812 0.1
0.882812 0.132812 0.1
0.898438 0.132812 0.1
0.914062 0.132812 0.1
0.929688 0.132812 0.1
0.945312 0.132812 0.1
0.960938 0.132812 0.1
0.976562 0.132812 0.1
0.992188 0.132812 0.1

0.0078125 0.148438 1
0.0234375 0.148438 1
0.0390625 0.148438 1
0.0546875 0.148438 1
0.0703125 0.148438 1
0.0859375 0.148438 1
0.101562 0.148438 1
0.117188 0.148438 1
0.132812 0.148438 1
0.148438 0.148438 1
0.164062 0.148438 1
0.179688 0.148438 1
0.195312 0.148438 1
0.210938 0.148438 1
0.226562 0.148438 1
0.242188 0.148438 1
0.257812 0.148438 1
0.273438 0.148438 0.999954
0.289062 0.148438 0.99932
0.304688 0.148438 0.995282
0.320312 0.148438 0.979522
0.335938 0.148438 0.937246
0.351562 0.148438 0.85217
0.367188 0.148438 0.722524
0.382812 0.148438 0.541703
0.398438 0.148438 0.402802
0.414062 0.148438 0.305102
0.429688 0.148438 0.29653
0.445312 0.148438 0.30057
0.460938 0.148438 0.300711
0.476562 0.148438 0.290772
0.492188 0.148438 0.235477
0.507812 0.148438 0.118261
0.523438 0.148438 0.10019
0.539062 0.148438 0.100001
0.554688 0.148438 0.1
0.570312 0.148438 0.1
0.585938 0.148438 0.1
0.601562 0.148438 0.1
0.617188 0.148438 0.1
0.632812 0.148438 0.1
0.648438 0.148438 0.1
0.664062 0.148438 0.1
0.679688 0.148438 0.1
0.695312 0.148438 0.1
0.710938 0.148438 0.1
0.726562 0.148438 0.1
0.742188 0.148438 0.1
0.757812 0.148438 0.1
0.773438 0.148438 0.1
0.789062 0.148438 0.1
0.804688 0.148438 0.1
0.820312 0.148438 0.1
0.835938 0.148438 0.1
0.851562 0.148438 0.1
0.867188 0.148438 0.1
0.882812 0.148438 0.1
0.898438 0.148438 0.1
0.914062 0.148438 0.1
0.929688 0.148438 0.1
0.945312 0.148438 0.1
0.960938 0.148438 0.1
0.976562 0.148438 0.1
0.992188 0.148438 0.1

0.0078125 0.164062 1
0.0234375 0.164062 1
0.0390625 0.164062 1
0.0546875 0.164062 1
0.0703125 0.164062 1
0.0859375 0.164062 1
0.101562 0.164062 1
0.117188 0.164062 1
0.132812 0.164062 1
0.148438 0.164062 1
0.164062 0.164062 1
0.179688 0.164062 1
0.195312 0.164062 1
0.210938 0.164062 1
0.226562 0.164062 1
0.242188 0.164062 1
0.257812 0.164062 1
0.273438 0.164062 0.999954
0.289062 0.164062 0.99932
0.304688 0.164062 0.995282
0.320312 0.164062 0.979522
0.335938 0.164062 0.937246
0.351562 0.164062 0.85217
0.367188 0.164062 0.722524
0.382812 0.164062 0.541703
0.398438 0.164062 0.402802
0.414062 0.164062 0.305102
0.429688 0.164062 0.29653
0.445312 0.164062 0.30057
0.460938 0.164062 0.300711
0.476562 0.164062 0.290772
0.492188 0.164062 0.235477
0.507812 0.164062 0.118261
0.523438 0.164062 0.10019
0.539062 0.164062 0.100001
0.554688 0.164062 0.1
0.570312 0.164062 0.1
0.585938 0.164062 0.1
0.601562 0.164062 0.1
0.617188 0.164062 0.1
0.632812 0.164062 0.1
0.648438 0.164062 0.1
0.664062 0.164062 0.1
0.679688 0.164062 0.1
0.695312 0.164062 0.1
0.710938 0.164062 0.1
0.726562 0.164062 0.1
0.742188 0.164062 0.1
0.757812 0.164062 0.1
0.773438 0.164062 0.1
0.789062 0.164062 0.1
0.804688 0.164062 0.1
0.820312 0.164062 0.1
0.835938 0.164062 0.1
0.851562 0.164062 0.1
0.867188 0.164062 0.1
0.882812 0.164062 0.1
0.898438 0.164062 0.1
0.914062 0.164062 0.1
0.929688 0.164062 0.1
0.945312 0.164062 0.1
0.960938 0.164062 0.1
0.976562 0.164062 0.1
0.992188 0.164062 0.1

0.0078125 0.179688 1
0.0234375 0.179688 1
0.0390625 0.179688 1
0.0546875 0.179688 1
0.0703125 0.179688 1
0.0859375 0.179688 1
0.101562 0.179688 1
0.117188 0.179688 1
0.132812 0.179688 1
0.148438 0.179688 1
0.164062 0.179688 1
0.179688 0.179688 1
0.195312 0.179688 1
0.210938 0.179688 1
0.226562 0.179688 1
0.242188 0.179688 1
0.257812 0.179688 1
0.273438 0.179688 0.999954
0.289062 0.179688 0.99932
0.304688 0.179688 0.995282
0.320312 0.179688 0.979522
0.335938 0.179688 0.937246
0.351562 0.179688 0.85217
0.367188 0.179688 0.722524
0.382812 0.179688 0.541703
0.398438 0.179688 0.402802
0.414062 0.179688 0.305102
0.429688 0.179688 0.29653
0.445312 0.179688 0.30057
0.460938 0.179688 0.300711
0.476562 0.179688 0.290772
0.492188 0.179688 0.235477
0.507812 0.179688 0.118261
0.523438 0.179688 0.10019
0.539062 0.179688 0.100001
0.554688 0.179688 0.1
0.570312 0.179688 0.1
0.585938 0.179688 0.1
0.601562 0.179688 0.1
0.617188 0.179688 0.1
0.632812 0.179688 0.1
0.648438 0.179688 0.1
0.664062 0.179688 0.1
0.679688 0.179688 0.1
0.695312 0.179688 0.1
0.710938 0.179688 0.1
0.726562 0.179688 0.1
0.742188 0.179688 0.1
0.757812 0.179688 0.1
0.773438 0.179688 0.1
0.789062 0.179688 0.1
0.804688 0.179688 0.1
0.820312 0.179688 0.1
0.835938 0.179688 0.1
0.851562 0.179688 0.1
0.867188 0.179688 0.1
0.882812 0.179688 0.1
0.898438 0.179688 0.1
0.914062 0.179688 0.1
0.929688 0.179688 0.1
0.945312 0.179688 0.1
0.960938 0.179688 0.1
0.976562 0.179688 0.1
0.992188 0.179688 0.1

0.0078125 0.195312 1
0.0234375 0.195312 1
0.0390625 0.195312 1
0.0546875 0.195312 1
0.0703125 0.195312 1
0.0859375 0.195312 1
0.101562 0.195312 1
0.117188 0.195312 1
0.132812 0.195312 1
0.148438 0.195312 1
0.164062 0.195312 1
0.179688 0.195312 1
0.195312 0.195312 1
0.210938 0.195312 1
0.226562 0.195312 1
0.242188 0.195312 1
0.257812 0.195312 1
0.273438 0.195312 0.999954
0.289062 0.195312 0.99932
0.304688 0.195312 0.995282
0.320312 0.195312 0.979522
0.335938 0.195312 0.937246
0.351562 0.195312 0.85217
0.367188 0.195312 0.722524
0.382812 0.195312 0.541703
0.398438 0.195312 0.402802
0.414062 0.195312 0.305102
0.429688 0.195312 0.29653
0.445312 0.195312 0.30057
0.460938 0.195312 0.300711
0.476562 0.195312 0.290772
0.492188 0.195312 0.235477
0.507812 0.195312 0.118261
0.523438 0.195312 0.10019
0.539062 0.195312 0.100001
0.554688 0.195312 0.1
0.570312 0.195312 0.1
0.585938 0.195312 0.1
0.601562 0.195312 0.1
0.617188 0.195312 0.1
0.632812 0.195312 0.1
0.648438 0.195312 0.1
0.664062 0.195312 0.1
0.679688 0.195312 0.1
0.695312 0.195312 0.1
0.710938 0.195312 0.1
0.726562 0.195312 0.1
0.742188 0.195312 0.1
0.757812 0.195312 0.1
0.773438 0.195312 0.1
0.789062 0.195312 0.1
0.804688 0.195312 0.1
0.820312 0.195312 0.1
0.835938 0.195312 0.1
0.851562 0.195312 0.1
0.867188 0.195312 0.1
0.882812 0.195312 0.1
0.898438 0.195312 0.1
0.914062 0.195312 0.1
0.929688 0.195312 0.1
0.945312 0.195312 0.1
0.960938 0.195312 0.1
0.976562 0.195312 0.1
0.992188 0.195312 0.1

0.0078125 0.210938 1
0.0234375 0.210938 1
0.0390625 0.210938 1
0.0546875 0.210938 1
0.0703125 0.210938 1
0.0859375 0.210938 1
0.101562 0.210938 1
0.117188 0.210938 1
0.132812 0.210938 1
0.148438 0.210938 1
0.164062 0.210938 1
0.179688 0.210938 1
0.195312 0.210938 1
0.210938 0.210938 1
0.226562 0.210938 1
0.242188 0.210938 1
0.257812 0.210938 1
0.273438 0.210938 0.999954
0.289062 0.210938 0.99932
0.304688 0.210938 0.995282
0.320312 0.210938 0.979522
0.335938 0.210938 0.937246
0.351562 0.210938 0.85217
0.367188 0.210938 0.722524
0.382812 0.210938 0.541703
0.398438 0.210938 0.402802
0.414062 0.210938 0.305102
0.429688 0.210938 0.29653
0.445312 0.210938 0.30057
0.460938 0.210938 0.300711
0.476562 0.210938 0.290772
0.492188 0.210938 0.235477
0.507812 0.210938 0.118261
0.523438 0.210938 0.10019
0.539062 0.210938 0.100001
0.554688 0.210938 0.1
0.570312 0.210938 0.1
0.585938 0.210938 0.1
0.601562 0.210938 0.1
0.617188 0.210938 0.1
0.632812 0.210938 0.1
0.648438 0.210938 0.1
0.664062 0.210938 0.1
0.679688 0.210938 0.1
0.695312 0.210938 0.1
0.710938 0.210938 0.1
0.726562 0.210938 0.1
0.742188 0.210938 0.1
0.757812 0.210938 0.1
0.773438 0.210938 0.1
0.789062 0.210938 0.1
0.804688 0.210938 0.1
0.820312 0.210938 0.1
0.835938 0.210938 0.1
0.851562 0.210938 0.1
0.867188 0.210938 0.1
0.882812 0.210938 0.1
0.898438 0.210938 0.1
0.914062 0.210938 0.1
0.929688 0.210938 0.1
0.945312 0.210938 0.1
0.960938 0.210938 0.1
0.976562 0.210938 0.1
0.992188 0.210938 0.1

0.0078125 0.226562 1
0.0234375 0.226562 1
0.0390625 0.226562 1
0.0546875 0.226562 1
0.0703125 0.226562 1
0.0859375 0.226562 1
0.101562 0.226562 1
0.117188 0.226562 1
0.132812 0.226562 1
0.148438 0.226562 1
0.164062 0.226562 1
0.179688 0.226562 1
0.195312 0.226562 1
0.210938 0.226562 1
0.226562 0.226562 1
0.242188 0.226562 1
0.257812 0.226562 1
0.273438 0.226562 0.999954
0.289062 0.226562 0.99932
0.304688 0.226562 0.995282
0.320312 0.226562 0.979522
0.335938 0.226562 0.937246
0.351562 0.226562 0.85217
0.367188 0.226562 0.722524
0.382812 0.226562 0.541703
0.398438 0.226562 0.402802
0.414062 0.226562 0.305102
0.429688 0.226562 0.29653
0.445312 0.226562 0.30057
0.460938 0.226562 0.300711
0.476562 0.226562 0.290772
0.492188 0.226562 0.235477
0.507812 0.226562 0.118261
0.523438 0.226562 0.10019
0.539062 0.226562 0.100001
0.554688 0.226562 0.1
0.570312 0.226562 0.1
0.585938 0.226562 0.1
0.601562 0.226562 0.1
0.617188 0.226562 0.1
0.632812 0.226562 0.1
0.648438 0.226562 0.1
0.664062 0.226562 0.1
0.679688 0.226562 0.1
0.695312 0.226562 0.1
0.710938 0.226562 0.1
0.726562 0.226562 0.1
0.742188 0.226562 0.1
0.757812 0.226562 0.1
0.773438 0.226562 0.1
0.789062 0.226562 0.1
0.804688 0.226562 0.1
0.820312 0.226562 0.1
0.835938 0.226562 0.1
0.851562 0.226562 0.1
0.867188 0.226562 0.1
0.882812 0.226562 0.1
0.898438 0.226562 0.1
0.914062 0.226562 0.1
0.929688 0.226562 0.1
0.945312 0.226562 0.1
0.960938 0.226562 0.1
0.976562 0.226562 0.1
0.992188 0.226562 0.1

0.0078125 0.242188 1
0.0234375 0.242188 1
0.0390625 0.242188 1
0.0546875 0.242188 1
0.0703125 0.242188 1
0.0859375 0.242188 1
0.101562 0.242188 1
0.117188 0.242188 1
0.132812 0.242188 1
0.148438 0.242188 1
0.164062 0.242188 1
0.179688 0.242188 1
0.195312 0.242188 1
0.210938 0.242188 1
0.226562 0.242188 1
0.242188 0.242188 1
0.257812 0.242188 1
0.273438 0.242188 0.999954
0.289062 0.242188 0.99932
0.304688 0.242188 0.995282
0.320312 0.242188 0.979522
0.335938 0.242188 0.937246
0.351562 0.242188 0.85217
0.367188 0.242188 0.722524
0.382812 0.242188 0.541703
0.398438 0.242188 0.402802
0.414062 0.242188 0.305102
0.429688 0.242188 0.29653
0.445312 0.242188 0.30057
0.460938 0.242188 0.300711
0.476562 0.242188 0.290772
0.492188 0.242188 0.235477
0.507812 0.242188 0.118261
0.523438 0.242188 0.10019
0.539062 0.242188 0.100001
0.554688 0.242188 0.1
0.570312 0.242188 0.1
0.585938 0.242188 0.1
0.601562 0.242188 0.1
0.617188 0.242188 0.1
0.632812 0.242188 0.1
0.648438 0.242188 0.1
0.664062 0.242188 0.1
0.679688 0.242188 0.1
0.695312 0.242188 0.1
0.710938 0.242188 0.1
0.726562 0.242188 0.1
0.742188 0.242188 0.1
0.757812 0.242188 0.1
0.773438 0.242188 0.1
0.789062 0.242188 0.1
0.804688 0.242188 0.1
0.820312 0.242188 0.1
0.835938 0.242188 0.1
0.851562 0.242188 0.1
0.867188 0.242188 0.1
0.882812 0.242188 0.1
0.898438 0.242188 0.1
0.914062 0.242188 0.1
0.929688 0.242188 0.1
0.945312 0.242188 0.1
0.960938 0.242188 0.1
0.976562 0.242188 0.1
0.992188 0.242188 0.1

0.0078125 0.257812 1
0.0234375 0.257812 1
0.0390625 0.257812 1
0.0546875 0.257812 1
0.0703125 0.257812 1
0.0859375 0.257812 1
0.101562 0.257812 1
0.117188 0.257812 1
0.132812 0.257812 1
0.148438 0.257812 1
0.164062 0.257812 1
0.179688 0.257812 1
0.195312 0.257812 1
0.210938 0.257812 1
0.226562 0.257812 1
0.242188 0.257812 1
0.257812 0.257812 1
0.273438 0.257812 0.999954
0.289062 0.257812 0.99932
0.304688 0.257812 0.995282
0.320312 0.257812 0.979522
0.335938 0.257812 0.937246
0.351562 0.257812 0.85217
0.367188 0.257812 0.722524
0.382812 0.257812 0.541703
0.398438 0.257812 0.402802
0.414062 0.257812 0.305102
0.429688 0.257812 0.29653
0.445312 0.257812 0.30057
0.460938 0.257812 0.300711
0.476562 0.257812 0.290772
0.492188 0.257812 0.235477
0.507812 0.257812 0.118261
0.523438 0.257812 0.10019
0.539062 0.257812 0.100001
0.554688 0.257812 0.1
0.570312 0.257812 0.1
0.585938 0.257812 0.1
0.601562 0.257812 0.1
0.617188 0.257812 0.1
0.632812 0.257812 0.1
0.648438 0.257812 0.1
0.664062 0.257812 0.1
0.679688 0.257812 0.1
0.695312 0.257812 0.1
0.710938 0.257812 0.1
0.726562 0.257812 0.1
0.742188 0.257812 0.1
0.757812 0.257812 0.1
0.773438 0.257812 0.1
0.789062 0.257812 0.1
0.804688 0.257812 0.1
0.820312 0.257812 0.1
0.835938 0.257812 0.1
0.851562 0.257812 0.1
0.867188 0.257812 0.1
0.882812 0.257812 0.1
0.898438 0.257812 0.1
0.914062 0.257812 0.1
0.929688 0.257812 0.1
0.945312 0.257812 0.1
0.960938 0.257812 0.1
0.976562 0.257812 0.1
0.992188 0.257812 0.1

0.0078125 0.273438 1
0.0234375 0.273438 1
0.0390625 0.273438 1
0.0546875 0.273438 1
0.0703125 0.273438 1
0.0859375 0.273438 1
0.101562 0.273438 1
0.117188 0.273438 1
0.132812 0.273438 1
0.148438 0.273438 1
0.164062 0.273438 1
0.179688 0.273438 1
0.195312 0.273438 1
0.210938 0.273438 1
0.226562 0.273438 1
0.242188 0.273438 1
0.257812 0.273438 1
0.273438 0.273438 0.999954
0.289062 0.273438 0.99932
0.304688 0.273438 0.995282
0.320312 0.273438 0.979522
0.335938 0.273438 0.937246
0.351562 0.273438 0.85217
0.367188 0.273438 0.722524
0.382812 0.273438 0.541703
0.398438 0.273438 0.402802
0.414062 0.273438 0.305102
0.429688 0.273438 0.29653
0.445312 0.273438 0.30057
0.460938 0.273438 0.300711
0.476562 0.273438 0.290772
0.492188 0.273438 0.235477
0.507812 0.273438 0.118261
0.523438 0.273438 0.10019
0.539062 0.273438 0.100001
0.554688 0.273438 0.1
0.570312 0.273438 0.1
0.585938 0.273438 0.1
0.601562 0.273438 0.1
0.617188 0.273438 0.1
0.632812 0.273438 0.1
0.648438 0.273438 0.1
0.664062 0.273438 0.1
0.679688 0.273438 0.1
0.695312 0.273438 0.1
0.710938 0.273438 0.1
0.726562 0.273438 0.1
0.742188 0.273438 0.1
0.757812 0.273438 0.1
0.773438 0.273438 0.1
0.789062 0.273438 0.1
0.804688 0.273438 0.1
0.820312 0.273438 0.1
0.835938 0.273438 0.1
0.851562 0.273438 0.1
0.867188 0.273438 0.1
0.882812 0.273438 0.1
0.898438 0.273438 0.1
0.914062 0.273438 0.1
0.929688 0.273438 0.1
0.945312 0.273438 0.1
0.960938 0.273438 0.1
0.976562 0.273438 0.1
0.992188 0.273438 0.1

0.0078125 0.289062 1
0.0234375 0.289062 1
0.0390625 0.289062 1
0.0546875 0.289062 1
0.0703125 0.289062 1
0.0859375 0.289062 1
0.101562 0.289062 1
0.117188 0.289062 1
0.132812 0.289062 1
0.148438 0.289062 1
0.164062 0.289062 1
0.179688 0.289062 1
0.195312 0.289062 1
0.210938 0.289062 1
0.226562 0.289062 1
0.242188 0.289062 1
0.257812 0.289062 1
0.273438 0.289062 0.999954
0.289062 0.289062 0.99932
0.304688 0.289062 0.995282
0.320312 0.289062 0.979522
0.335938 0.289062 0.937246
0.351562 0.289062 0.85217
0.367188 0.289062 0.722524
0.382812 0.289062 0.541703
0.398438 0.289062 0.402802
0.414062 0.289062 0.305102
0.429688 0.289062 0.29653
0.445312 0.289062 0.30057
0.460938 0.289062 0.300711
0.476562 0.289062 0.290772
0.492188 0.289062 0.235477
0.507812 0.289062 0.118261
0.523438 0.289062 0.10019
0.539062 0.289062 0.100001
0.554688 0.289062 0.1
0.570312 0.289062 0.1
0.585938 0.289062 0.1
0.601562 0.289062 0.1
0.617188 0.289062 0.1
0.632812 0.289062 0.1
0.648438 0.289062 0.1
0.664062 0.289062 0.1
0.679688 0.289062 0.1
0.695312 0.289062 0.1
0.710938 0.289062 0.1
0.726562 0.289062 0.1
0.742188 0.289062 0.1
0.757812 0.289062 0.1
0.773438 0.289062 0.1
0.789062 0.289062 0.1
0.804688 0.289062 0.1
0.820312 0.289062 0.1
0.835938 0.289062 0.1
0.851562 0.289062 0.1
0.867188 0.289062 0.1
0.882812 0.289062 0.1
0.898438 0.289062 0.1
0.914062 0.289062 0.1
0.929688 0.289062 0.1
0.945312 0.289062 0.1
0.960938 0.289062 0.1
0.976562 0.289062 0.1
0.992188 0.289062 0.1

0.0078125 0.304688 1
0.0234375 0.304688 1
0.0390625 0.304688 1
0.0546875 0.304688 1
0.0703125 0.304688 1
0.0859375 0.304688 1
0.101562 0.304688 1
0.117188 0.304688 1
0.132812 0.304688 1
0.148438 0.304688 1
0.164062 0.304688 1
0.179688 0.304688 1
0.195312 0.304688 1
0.210938 0.304688 1
0.226562 0.304688 1
0.242188 0.304688 1
0.257812 0.304688 1
0.273438 0.304688 0.999954
0.289062 0.304688 0.99932
0.304688 0.304688 0.995282
0.320312 0.304688 0.979522
0.335938 0.304688 0.937246
0.351562 0.304688 0.85217
0.367188 0.304688 0.722524
0.382812 0.304688 0.541703
0.398438 0.304688 0.402802
0.414062 0.304688 0.305102
0.429688 0.304688 0.29653
0.445312 0.304688 0.30057
0.460938 0.304688 0.300711
0.476562 0.304688 0.290772
0.492188 0.304688 0.235477
0.507812 0.304688 0.118261
0.523438 0.304688 0.10019
0.539062 0.304688 0.100001
0.554688 0.304688 0.1
0.570312 0.304688 0.1
0.585938 0.304688 0.1
0.601562 0.304688 0.1
0.617188 0.304688 0.1
0.632812 0.304688 0.1
0.648438 0.304688 0.1
0.664062 0.304688 0.1
0.679688 0.304688 0.1
0.695312 0.304688 0.1
0.710938 0.304688 0.1
0.726562 0.304688 0.1
0.742188 0.304688 0.1
0.757812 0.304688 0.1
0.773438 0.304688 0.1
0.789062 0.304688 0.1
0.804688 0.304688 0.1
0.820312 0.304688 0.1
0.835938 0.304688 0.1
0.851562 0.304688 0.1
0.867188 0.304688 0.1
0.882812 0.304688 0.1
0.898438 0.304688 0.1
0.914062 0.304688 0.1
0.929688 0.304688 0.1
0.945312 0.304688 0.1
0.960938 0.304688 0.1
0.976562 0.304688 0.1
0.992188 0.304688 0.1

0.0078125 0.320312 1
0.0234375 0.320312 1
0.0390625 0.320312 1
0.0546875 0.320312 1
0.0703125 0.320312 1
0.0859375 0.320312 1
0.101562 0.320312 1
0.117188 0.320312 1
0.132812 0.320312 1
0.148438 0.320312 1
0.164062 0.320312 1
0.179688 0.320312 1
0.195312 0.320312 1
0.210938 0.320312 1
0.226562 0.320312 1
0.242188 0.320312 1
0.257812 0.320312 1
0.273438 0.320312 0.999954
0.289062 0.320312 0.99932
0.304688 0.320312 0.995282
0.320312 0.320312 0.979522
0.335938 0.320312 0.937246
0.351562 0.320312 0.85217
0.367188 0.320312 0.722524
0.382812 0.320312 0.541703
0.398438 0.320312 0.402802
0.414062 0.320312 0.305102
0.429688 0.320312 0.29653
0.445312 0.320312 0.30057
0.460938 0.320312 0.300711
0.476562 0.320312 0.290772
0.492188 0.320312 0.235477
0.507812 0.320312 0.118261
0.523438 0.320312 0.10019
0.539062 0.320312 0.100001
0.554688 0.320312 0.1
0.570312 0.320312 0.1
0.585938 0.320312 0.1
0.601562 0.320312 0.1
0.617188 0.320312 0.1
0.632812 0.320312 0.1
0.648438 0.320312 0.1
0.664062 0.320312 0.1
0.679688 0.320312 0.1
0.695312 0.320312 0.1
0.710938 0.320312 0.1
0.726562 0.320312 0.1
0.742188 0.320312 0.1
0.757812 0.320312 0.1
0.773438 0.320312 0.1
0.789062 0.320312 0.1
0.804688 0.320312 0.1
0.820312 0.320312 0.1
0.835938 0.320312 0.1
0.851562 0.320312 0.1
0.867188 0.320312 0.1
0.882812 0.320312 0.1
0.898438 0.320312 0.1
0.914062 0.320312 0.1
0.929688 0.320312 0.1
0.945312 0.320312 0.1
0.960938 0.320312 0.1
0.976562 0.320312 0.1
0.992188 0.320312 0.1

0.0078125 0.335938 1
0.0234375 0.335938 1
0.0390625 0.335938 1
0.0546875 0.335938 1
0.0703125 0.335938 1
0.0859375 0.335938 1
0.101562 0.335938 1
0.117188 0.335938 1
0.132812 0.335938 1
0.148438 0.335938 1
0.164062 0.335938 1
0.179688 0.335938 1
0.195312 0.335938 1
0.210938 0.335938 1
0.226562 0.335938 1
0.242188 0.335938 1
0.257812 0.335938 1
0.273438 0.335938 0.999954
0.289062 0.335938 0.99932
0.304688 0.335938 0.995282
0.320312 0.335938 0.979522
0.335938 0.335938 0.937246
0.351562 0.335938 0.85217
0.367188 0.335938 0.722524
0.382812 0.335938 0.541703
0.398438 0.335938 0.402802
0.414062 0.335938 0.305102
0.429688 0.335938 0.29653
0.445312 0.335938 0.30057
0.460938 0.335938 0.300711
0.476562 0.335938 0.290772
0.492188 0.335938 0.235477
0.507812 0.335938 0.118261
0.523438 0.335938 0.10019
0.539062 0.335938 0.100001
0.554688 0.335938 0.1
0.570312 0.335938 0.1
0.585938 0.335938 0.1
0.601562 0.335938 0.1
0.617188 0.335938 0.1
0.632812 0.335938 0.1
0.648438 0.335938 0.1
0.664062 0.335938 0.1
0.679688 0.335938 0.1
0.695312 0.335938 0.1
0.710938 0.335938 0.1
0.726562 0.335938 0.1
0.742188 0.335938 0.1
0.757812 0.335938 0.1
0.773438 0.335938 0.1
0.789062 0.335938 0.1
0.804688 0.335938 0.1
0.820312 0.335938 0.1
0.835938 0.335938 0.1
0.851562 0.335938 0.1
0.867188 0.335938 0.1
0.882812 0.335938 0.1
0.898438 0.335938 0.1
0.914062 0.335938 0.1
0.929688 0.335938 0.1
0.945312 0.335938 0.1
0.960938 0.335938 0.1
0.976562 0.335938 0.1
0.992188 0.335938 0.1

0.0078125 0.351562 1
0.0234375 0.351562 1
0.0390625 0.351562 1
0.0546875 0.351562 1
0.0703125 0.351562 1
0.0859375 0.351562 1
0.101562 0.351562 1
0.117188 0.351562 1
0.132812 0.351562 1
0.148438 0.351562 1
0.164062 0.351562 1
0.179688 0.351562 1
0.195312 0.351562 1
0.210938 0.351562 1
0.226562 0.351562 1
0.242188 0.351562 1
0.257812 0.351562 1
0.273438 0.351562 0.999954
0.289062 0.351562 0.99932
0.304688 0.351562 0.995282
0.320312 0.351562 0.979522
0.335938 0.351562 0.937246
0.351562 0.351562 0.85217
0.367188 0.351562 0.722524
0.382812 0.351562 0.541703
0.398438 0.351562 0.402802
0.414062 0.351562 0.305102
0.429688 0.351562 0.29653
0.445312 0.351562 0.30057
0.460938 0.351562 0.300711
0.476562 0.351562 0.290772
0.492188 0.351562 0.235477
0.507812 0.351562 0.118261
0.523438 0.351562 0.10019
0.539062 0.351562 0.100001
0.554688 0.351562 0.1
0.570312 0.351562 0.1
0.585938 0.351562 0.1
0.601562 0.351562 0.1
0.617188 0.351562 0.1
0.632812 0.351562 0.1
0.648438 0.351562 0.1
0.664062 0.351562 0.1
0.679688 0.351562 0.1
0.695312 0.351562 0.1
0.710938 0.351562 0.1
0.726562 0.351562 0.1
0.742188 0.351562 0.1
0.757812 0.351562 0.1
0.773438 0.351562 0.1
0.789062 0.351562 0.1
0.804688 0.351562 0.1
0.820312 0.351562 0.1
0.835938 0.351562 0.1
0.851562 0.351562 0.1
0.867188 0.351562 0.1
0.882812 0.351562 0.1
0.898438 0.351562 0.1
0.914062 0.351562 0.1
0.929688 0.351562 0.1
0.945312 0.351562 0.1
0.960938 0.351562 0.1
0.976562 0.351562 0.1
0.992188 0.351562 0.1

0.0078125 0.367188 1
0.0234375 0.367188 1
0.0390625 0.367188 1
0.0546875 0.367188 1
0.0703125 0.367188 1
0.0859375 0.367188 1
0.101562 0.367188 1
0.117188 0.367188 1
0.132812 0.367188 1
0.148438 0.367188 1
0.164062 0.367188 1
0.179688 0.367188 1
0.195312 0.367188 1
0.210938 0.367188 1
0.226562 0.367188 1
0.242188 0.367188 1
0.257812 0.367188 1
0.273438 0.367188 0.999954
0.289062 0.367188 0.99932
0.304688 0.367188 0.995282
0.320312 0.367188 0.979522
0.335938 0.367188 0.937246
0.351562 0.367188 0.85217
0.367188 0.367188 0.722524
0.382812 0.367188 0.541703
0.398438 0.367188 0.402802
0.414062 0.367188 0.305102
0.429688 0.367188 0.29653
0.445312 0.367188 0.30057
0.460938 0.367188 0.300711
0.476562 0.367188 0.290772
0.492188 0.367188 0.235477
0.507812 0.367188 0.118261
0.523438 0.367188 0.10019
0.539062 0.367188 0.100001
0.554688 0.367188 0.1
0.570312 0.367188 0.1
0.585938 0.367188 0.1
0.601562 0.367188 0.1
0.617188 0.367188 0.1
0.632812 0.367188 0.1
0.648438 0.367188 0.1
0.664062 0.367188 0.1
0.679688 0.367188 0.1
0.695312 0.367188 0.1
0.710938 0.367188 0.1
0.726562 0.367188 0.1
0.742188 0.367188 0.1
0.757812 0.367188 0.1
0.773438 0.367188 0.1
0.789062 0.367188 0.1
0.804688 0.367188 0.1
0.820312 0.367188 0.1
0.835938 0.367188 0.1
0.851562 0.367188 0.1
0.867188 0.367188 0.1
0.882812 0.367188 0.1
0.898438 0.367188 0.1
0.914062 0.367188 0.1
0.929688 0.367188 0.1
0.945312 0.367188 0.1
0.960938 0.367188 0.1
0.976562 0.367188 0.1
0.992188 0.367188 0.1

0.0078125 0.382812 1
0.0234375 0.382812 1
0.0390625 0.382812 1
0.0546875 0.382812 1
0.0703125 0.382812 1
0.0859375 0.382812 1
0.101562 0.382812 1
0.117188 0.382812 1
0.132812 0.382812 1
0.148438 0.382812 1
0.164062 0.382812 1
0.179688 0.382812 1
0.195312 0.382812 1
0.210938 0.382812 1
0.226562 0.382812 1
0.242188 0.382812 1
0.257812 0.382812 1
0.273438 0.382812 0.999954
0.289062 0.382812 0.99932
0.304688 0.382812 0.995282
0.320312 0.382812 0.979522
0.335938 0.382812 0.937246
0.351562 0.382812 0.85217
0.367188 0.382812 0.722524
0.382812 0.382812 0.541703
0.398438 0.382812 0.402802
0.414062 0.382812 0.305102
0.429688 0.382812 0.29653
0.445312 0.382812 0.30057
0.460938 0.382812 0.300711
0.476562 0.382812 0.290772
0.492188 0.382812 0.235477
0.507812 0.382812 0.118261
0.523438 0.382812 0.10019
0.539062 0.382812 0.100001
0.554688 0.382812 0.1
0.570312 0.382812 0.1
0.585938 0.382812 0.1
0.601562 0.382812 0.1
0.617188 0.382812 0.1
0.632812 0.382812 0.1
0.648438 0.382812 0.1
0.664062 0.382812 0.1
0.679688 0.382812 0.1
0.695312 0.382812 0.1
0.710938 0.382812 0.1
0.726562 0.382812 0.1
0.742188 0.382812 0.1
0.757812 0.382812 0.1
0.773438 0.382812 0.1
0.789062 0.382812 0.1
0.804688 0.382812 0.1
0.820312 0.382812 0.1
0.835938 0.382812 0.1
0.851562 0.382812 0.1
0.867188 0.382812 0.1
0.882812 0.382812 0.1
0.898438 0.382812 0.1
0.914062 0.382812 0.1
0.929688 0.382812 0.1
0.945312 0.382812 0.1
0.960938 0.382812 0.1
0.976562 0.382812 0.1
0.992188 0.382812 0.1

0.0078125 0.398438 1
0.0234375 0.398438 1
0.0390625 0.398438 1
0.0546875 0.398438 1
0.0703125 0.398438 1
0.0859375 0.398438 1
0.101562 0.398438 1
0.117188 0.398438 1
0.132812 0.398438 1
0.148438 0.398438 1
0.164062 0.398438 1
0.179688 0.398438 1
0.195312 0.398438 1
0.210938 0.398438 1
0.226562 0.398438 1
0.242188 0.398438 1
0.257812 0.398438 1
0.273438 0.398438 0.999954
0.289062 0.398438 0.99932
0.304688 0.398438 0.995282
0.320312 0.398438 0.979522
0.335938 0.398438 0.937246
0.351562 0.398438 0.85217
0.367188 0.398438 0.722524
0.382812 0.398438 0.541703
0.398438 0.398438 0.402802
0.414062 0.398438 0.305102
0.429688 0.398438 0.29653
0.445312 0.398438 0.30057
0.460938 0.398438 0.300711
0.476562 0.398438 0.290772
0.492188 0.398438 0.235477
0.507812 0.398438 0.118261
0.523438 0.398438 0.10019
0.539062 0.398438 0.100001
0.554688 0.398438 0.1
0.570312 0.398438 0.1
0.585938 0.398438 0.1
0.601562 0.398438 0.1
0.617188 0.398438 0.1
0.632812 0.398438 0.1
0.648438 0.398438 0.1
0.664062 0.398438 0.1
0.679688 0.398438 0.1
0.695312 0.398438 0.1
0.710938 0.398438 0.1
0.726562 0.398438 0.1
0.742188 0.398438 0.1
0.757812 0.398438 0.1
0.773438 0.398438 0.1
0.789062 0.398438 0.1
0.804688 0.398438 0.1
0.820312 0.398438 0.1
0.835938 0.398438 0.1
0.851562 0.398438 0.1
0.867188 0.398438 0.1
0.882812 0.398438 0.1
0.898438 0.398438 0.1
0.914062 0.398438 0.1
0.929688 0.398438 0.1
0.945312 0.398438 0.1
0.960938 0.398438 0.1
0.976562 0.398438 0.1
0.992188 0.398438 0.1

0.0078125 0.414062 1
0.0234375 0.414062 1
0.0390625 0.414062 1
0.0546875 0.414062 1
0.0703125 0.414062 1
0.0859375 0.414062 1
0.101562 0.414062 1
0.117188 0.414062 1
0.132812 0.414062 1
0.148438 0.414062 1
0.164062 0.414062 1
0.179688 0.414062 1
0.195312 0.414062 1
0.210938 0.414062 1
0.226562 0.414062 1
0.242188 0.414062 1
0.257812 0.414062 1
0.273438 0.414062 0.999954
0.289062 0.414062 0.99932
0.304688 0.414062 0.995282
0.320312 0.414062 0.979522
0.335938 0.414062 0.937246
0.351562 0.414062 0.85217
0.367188 0.414062 0.722524
0.382812 0.414062 0.541703
0.398438 0.414062 0.402802
0.414062 0.414062 0.305102
0.429688 0.414062 0.29653
0.445312 0.414062 0.30057
0.460938 0.414062 0.300711
0.476562 0.414062 0.290772
0.492188 0.414062 0.235477
0.507812 0.414062 0.118261
0.523438 0.414062 0.10019
0.539062 0.414062 0.100001
0.554688 0.414062 0.1
0.570312 0.414062 0.1
0.585938 0.414062 0.1
0.601562 0.414062 0.1
0.617188 0.414062 0.1
0.632812 0.414062 0.1
0.648438 0.414062 0.1
0.664062 0.414062 0.1
0.679688 0.414062 0.1
0.695312 0.414062 0.1
0.710938 0.414062 0.1
0.726562 0.414062 0.1
0.742188 0.414062 0.1
0.757812 0.414062 0.1
0.773438 0.414062 0.1
0.789062 0.414062 0.1
0.804688 0.414062 0.1
0.820312 0.414062 0.1
0.835938 0.414062 0.1
0.851562 0.414062 0.1
0.867188 0.414062 0.1
0.882812 0.414062 0.1
0.898438 0.414062 0.1
0.914062 0.414062 0.1
0.929688 0.414062 0.1
0.945312 0.414062 0.1
0.960938 0.414062 0.1
0.976562 0.414062 0.1
0.992188 0.414062 0.1

0.0078125 0.429688 1
0.0234375 0.429688 1
0.0390625 0.429688 1
0.0546875 0.429688 1
0.0703125 0.429688 1
0.0859375 0.429688 1
0.101562 0.429688 1
0.117188 0.429688 1
0.132812 0.429688 1
0.148438 0.429688 1
0.164062 0.429688 1
0.179688 0.429688 1
0.195312 0.429688 1
0.210938 0.429688 1
0.226562 0.429688 1
0.242188 0.429688 1
0.257812 0.429688 1
0.273438 0.429688 0.999954
0.289062 0.429688 0.99932
0.304688 0.429688 0.995282
0.320312 0.429688 0.979522
0.335938 0.429688 0.937246
0.351562 0.429688 0.85217
0.367188 0.429688 0.722524
0.382812 0.429688 0.541703
0.398438 0.429688 0.402802
0.414062 0.429688 0.305102
0.429688 0.429688 0.29653
0.445312 0.429688 0.30057
0.460938 0.429688 0.300711
0.476562 0.429688 0.290772
0.492188 0.429688 0.235477
0.507812 0.429688 0.118261
0.523438 0.429688 0.10019
0.539062 0.429688 0.100001
0.554688 0.429688 0.1
0.570312 0.429688 0.1
0.585938 0.429688 0.1
0.601562 0.429688 0.1
0.617188 0.429688 0.1
0.632812 0.429688 0.1
0.648438 0.429688 0.1
0.664062 0.429688 0.1
0.679688 0.429688 0.1
0.695312 0.429688 0.1
0.710938 0.429688 0.1
0.726562 0.429688 0.1
0.742188 0.429688 0.1
0.757812 0.429688 0.1
0.773438 0.429688 0.1
0.789062 0.429688 0.1
0.804688 0.429688 0.1
0.820312 0.429688 0.1
0.835938 0.429688 0.1
0.851562 0.429688 0.1
0.867188 0.429688 0.1
0.882812 0.429688 0.1
0.898438 0.429688 0.1
0.914062 0.429688 0.1
0.929688 0.429688 0.1
0.945312 0.429688 0.1
0.960938 0.429688 0.1
0.976562 0.429688 0.1
0.992188 0.429688 0.1

0.0078125 0.445312 1
0.0234375 0.445312 1
0.0390625 0.445312 1
0.0546875 0.445312 1
0.0703125 0.445312 1
0.0859375 0.445312 1
0.101562 0.445312 1
0.117188 0.445312 1
0.132812 0.445312 1
0.148438 0.445312 1
0.164062 0.445312 1
0.179688 0.445312 1
0.195312 0.445312 1
0.210938 0.445312 1
0.226562 0.445312 1
0.242188 0.445312 1
0.257812 0.445312 1
0.273438 0.445312 0.999954
0.289062 0.445312 0.99932
0.304688 0.445312 0.995282
0.320312 0.445312 0.979522
0.335938 0.445312 0.937246
0.351562 0.445312 0.85217
0.367188 0.445312 0.722524
0.382812 0.445312 0.541703
0.398438 0.445312 0.402802
0.414062 0.445312 0.305102
0.429688 0.445312 0.29653
0.445312 0.445312 0.30057
0.460938 0.445312 0.300711
0.476562 0.445312 0.290772
0.492188 0.445312 0.235477
0.507812 0.445312 0.118261
0.523438 0.445312 0.10019
0.539062 0.445312 0.100001
0.554688 0.445312 0.1
0.570312 0.445312 0.1
0.585938 0.445312 0.1
0.601562 0.445312 0.1
0.617188 0.445312 0.1
0.632812 0.445312 0.1
0.648438 0.445312 0.1
0.664062 0.445312 0.1
0.679688 0.445312 0.1
0.695312 0.445312 0.1
0.710938 0.445312 0.1
0.726562 0.445312 0.1
0.742188 0.445312 0.1
0.757812 0.445312 0.1
0.773438 0.445312 0.1
0.789062 0.445312 0.1
0.804688 0.445312 0.1
0.820312 0.445312 0.1
0.835938 0.445312 0.1
0.851562 0.445312 0.1
0.867188 0.445312 0.1
0.882812 0.445312 0.1
0.898438 0.445312 0.1
0.914062 0.445312 0.1
0.929688 0.445312 0.1
0.945312 0.445312 0.1
0.960938 0.445312 0.1
0.976562 0.445312 0.1
0.992188 0.445312 0.1

0.0078125 0.460938 1
0.0234375 0.460938 1
0.0390625 0.460938 1
0.0546875 0.460938 1
0.0703125 0.460938 1
0.0859375 0.460938 1
0.101562 0.460938 1
0.117188 0.460938 1
0.132812 0.460938 1
0.148438 0.460938 1
0.164062 0.460938 1
0.179688 0.460938 1
0.195312 0.460938 1
0.210938 0.460938 1
0.226562 0.460938 1
0.242188 0.460938 1
0.257812 0.460938 1
0.273438 0.460938 0.999954
0.289062 0.460938 0.99932
0.304688 0.460938 0.995282
0.320312 0.460938 0.979522
0.335938 0.460938 0.937246
0.351562 0.460938 0.85217
0.367188 0.460938 0.722524
0.382812 0.460938 0.541703
0.398438 0.460938 0.402802
0.414062 0.460938 0.305102
0.429688 0.460938 0.29653
0.445312 0.460938 0.30057
0.460938 0.460938 0.300711
0.476562 0.460938 0.290772
0.492188 0.460938 0.235477
0.507812 0.460938 0.118261
0.523438 0.460938 0.10019
0.539062 0.460938 0.100001
0.554688 0.460938 0.1
0.570312 0.460938 0.1
0.585938 0.460938 0.1
0.601562 0.460938 0.1
0.617188 0.460938 0.1
0.632812 0.460938 0.1
0.648438 0.460938 0.1
0.664062 0.460938 0.1
0.679688 0.460938 0.1
0.695312 0.460938 0.1
0.710938 0.460938 0.1
0.726562 0.460938 0.1
0.742188 0.460938 0.1
0.757812 0.460938 0.1
0.773438 0.460938 0.1
0.789062 0.460938 0.1
0.804688 0.460938 0.1
0.820312 0.460938 0.1
0.835938 0.460938 0.1
0.851562 0.460938 0.1
0.867188 0.460938 0.1
0.882812 0.460938 0.1
0.898438 0.460938 0.1
0.914062 0.460938 0.1
0.929688 0.460938 0.1
0.945312 0.460938 0.1
0.960938 0.460938 0.1
0.976562 0.460938 0.1
0.992188 0.460938 0.1

0.0078125 0.476562 1
0.0234375 0.476562 1
0.0390625 0.476562 1
0.0546875 0.476562 1
0.0703125 0.476562 1
0.0859375 0.476562 1
0.101562 0.476562 1
0.117188 0.476562 1
0.132812 0.476562 1
0.148438 0.476562 1
0.164062 0.476562 1
0.179688 0.476562 1
0.195312 0.476562 1
0.210938 0.476562 1
0.226562 0.476562 1
0.242188 0.476562 1
0.257812 0.476562 1
0.273438 0.476562 0.999954
0.289062 0.476562 0.99932
0.304688 0.476562 0.995282
0.320312 0.476562 0.979522
0.335938 0.476562 0.937246
0.351562 0.476562 0.85217
0.367188 0.476562 0.722524
0.382812 0.476562 0.541703
0.398438 0.476562 0.402802
0.414062 0.476562 0.305102
0.429688 0.476562 0.29653
0.445312 0.476562 0.30057
0.460938 0.476562 0.300711
0.476562 0.476562 0.290772
0.492188 0.476562 0.235477
0.507812 0.476562 0.118261
0.523438 0.476562 0.10019
0.539062 0.476562 0.100001
0.554688 0.476562 0.1
0.570312 0.476562 0.1
0.585938 0.476562 0.1
0.601562 0.476562 0.1
0.617188 0.476562 0.1
0.632812 0.476562 0.1
0.648438 0.476562 0.1
0.664062 0.476562 0.1
0.679688 0.476562 0.1
0.695312 0.476562 0.1
0.710938 0.476562 0.1
0.726562 0.476562 0.1
0.742188 0.476562 0.1
0.757812 0.476562 0.1
0.773438 0.476562 0.1
0.789062 0.476562 0.1
0.804688 0.476562 0.1
0.820312 0.476562 0.1
0.835938 0.476562 0.1
0.851562 0.476562 0.1
0.867188 0.476562 0.1
0.882812 0.476562 0.1
0.898438 0.476562 0.1
0.914062 0.476562 0.1
0.929688 0.476562 0.1
0.945312 0.476562 0.1
0.960938 0.476562 0.1
0.976562 0.476562 0.1
0.992188 0.476562 0.1

0.0078125 0.492188 1
0.0234375 0.492188 1
0.0390625 0.492188 1
0.0546875 0.492188 1
0.0703125 0.492188 1
0.0859375 0.492188 1
0.101562 0.492188 1
0.117188 0.492188 1
0.132812 0.492188 1
0.148438 0.492188 1
0.164062 0.492188 1
0.179688 0.492188 1
0.195312 0.492188 1
0.210938 0.492188 1
0.226562 0.492188 1
0.242188 0.492188 1
0.257812 0.492188 1
0.273438 0.492188 0.999954
0.289062 0.492188 0.99932
0.304688 0.492188 0.995282
0.320312 0.492188 0.979522
0.335938 0.492188 0.937246
0.351562 0.492188 0.85217
0.367188 0.492188 0.722524
0.382812 0.492188 0.541703
0.398438 0.492188 0.402802
0.414062 0.492188 0.305102
0.429688 0.492188 0.29653
0.445312 0.492188 0.30057
0.460938 0.492188 0.300711
0.476562 0.492188 0.290772
0.492188 0.492188 0.235477
0.507812 0.492188 0.118261
0.523438 0.492188 0.10019
0.539062 0.492188 0.100001
0.554688 0.492188 0.1
0.570312 0.492188 0.1
0.585938 0.492188 0.1
0.601562 0.492188 0.1
0.617188 0.492188 0.1
0.632812 0.492188 0.1
0.648438 0.492188 0.1
0.664062 0.492188 0.1
0.679688 0.492188 0.1
0.695312 0.492188 0.1
0.710938 0.492188 0.1
0.726562 0.492188 0.1
0.742188 0.492188 0.1
0.757812 0.492188 0.1
0.773438 0.492188 0.1
0.789062 0.492188 0.1
0.804688 0.492188 0.1
0.820312 0.492188 0.1
0.835938 0.492188 0.1
0.851562 0.492188 0.1
0.867188 0.492188 0.1
0.882812 0.492188 0.1
0.898438 0.492188 0.1
0.914062 0.492188 0.1
0.929688 0.492188 0.1
0.945312 0.492188 0.1
0.960938 0.492188 0.1
0.976562 0.492188 0.1
0.992188 0.492188 0.1

0.0078125 0.507812 1
0.0234375 0.507812 1
0.0390625 0.507812 1
0.0546875 0.507812 1
0.0703125 0.507812 1
0.0859375 0.507812 1
0.101562 0.507812 1
0.117188 0.507812 1
0.132812 0.507812 1
0.148438 0.507812 1
0.164062 0.507812 1
0.179688 0.507812 1
0.195312 0.507812 1
0.210938 0.507812 1
0.226562 0.507812 1
0.242188 0.507812 1
0.257812 0.507812 1
0.273438 0.507812 0.999954
0.289062 0.507812 0.99932
0.304688 0.507812 0.995282
0.320312 0.507812 0.979522
0.335938 0.507812 0.937246
0.351562 0.507812 0.85217
0.367188 0.507812 0.722524
0.382812 0.507812 0.541703
0.398438 0.507812 0.402802
0.414062 0.507812 0.305102
0.429688 0.507812 0.29653
0.445312 0.507812 0.30057
0.460938 0.507812 0.300711
0.476562 0.507812 0.290772
0.492188 0.507812 0.235477
0.507812 0.507812 0.118261
0.523438 0.507812 0.10019
0.539062 0.507812 0.100001
0.554688 0.507812 0.1
0.570312 0.507812 0.1
0.585938 0.507812 0.1
0.601562 0.507812 0.1
0.617188 0.507812 0.1
0.632812 0.507812 0.1
0.648438 0.507812 0.1
0.664062 0.507812 0.1
0.679688 0.507812 0.1
0.695312 0.507812 0.1
0.710938 0.507812 0.1
0.726562 0.507812 0.1
0.742188 0.507812 0.1
0.757812 0.507812 0.1
0.773438 0.507812 0.1
0.789062 0.507812 0.1
0.804688 0.507812 0.1
0.820312 0.507812 0.1
0.835938 0.507812 0.1
0.851562 0.507812 0.1
0.867188 0.507812 0.1
0.882812 0.507812 0.1
0.898438 0.507812 0.1
0.914062 0.507812 0.1
0.929688 0.507812 0.1
0.945312 0.507812 0.1
0.960938 0.507812 0.1
0.976562 0.507812 0.1
0.992188 0.507812 0.1

0.0078125 0.523438 1
0.0234375 0.523438 1
0.0390625 0.523438 1
0.0546875 0.523438 1
0.0703125 0.523438 1
0.0859375 0.523438 1
0.101562 0.523438 1
0.117188 0.523438 1
0.132812 0.523438 1
0.148438 0.523438 1
0.164062 0.523438 1
0.179688 0.523438 1
0.195312 0.523438 1
0.210938 0.523438 1
0.226562 0.523438 1
0.242188 0.523438 1
0.257812 0.523438 1
0.273438 0.523438 0.999954
0.289062 0.523438 0.99932
0.304688 0.523438 0.995282
0.320312 0.523438 0.979522
0.335938 0.523438 0.937246
0.351562 0.523438 0.85217
0.367188 0.523438 0.722524
0.382812 0.523438 0.541703
0.398438 0.523438 0.402802
0.414062 0.523438 0.305102
0.429688 0.523438 0.29653
0.445312 0.523438 0.30057
0.460938 0.523438 0.300711
0.476562 0.523438 0.290772
0.492188 0.523438 0.235477
0.507812 0.523438 0.118261
0.523438 0.523438 0.10019
0.539062 0.523438 0.100001
0.554688 0.523438 0.1
0.570312 0.523438 0.1
0.585938 0.523438 0.1
0.601562 0.523438 0.1
0.617188 0.523438 0.1
0.632812 0.523438 0.1
0.648438 0.523438 0.1
0.664062 0.523438 0.1
0.679688 0.523438 0.1
0.695312 0.523438 0.1
0.710938 0.523438 0.1
0.726562 0.523438 0.1
0.742188 0.523438 0.1
0.757812 0.523438 0.1
0.773438 0.523438 0.1
0.789062 0.523438 0.1
0.804688 0.523438 0.1
0.820312 0.523438 0.1
0.835938 0.523438 0.1
0.851562 0.523438 0.1
0.867188 0.523438 0.1
0.882812 0.523438 0.1
0.898438 0.523438 0.1
0.914062 0.523438 0.1
0.929688 0.523438 0.1
0.945312 0.523438 0.1
0.960938 0.523438 0.1
0.976562 0.523438 0.1
0.992188 0.523438 0.1

0.0078125 0.539062 1
0.0234375 0.539062 1
0.0390625 0.539062 1
0.0546875 0.539062 1
0.0703125 0.539062 1
0.0859375 0.539062 1
0.101562 0.539062 1
0.117188 0.539062 1
0.132812 0.539062 1
0.148438 0.539062 1
0.164062 0.539062 1
0.179688 0.539062 1
0.195312 0.539062 1
0.210938 0.539062 1
0.226562 0.539062 1
0.242188 0.539062 1
0.257812 0.539062 1
0.273438 0.539062 0.999954
0.289062 0.539062 0.99932
0.304688 0.539062 0.995282
0.320312 0.539062 0.979522
0.335938 0.539062 0.937246
0.351562 0.539062 0.85217
0.367188 0.539062 0.722524
0.382812 0.539062 0.541703
0.398438 0.539062 0.402802
0.414062 0.539062 0.305102
0.429688 0.539062 0.29653
0.445312 0.539062 0.30057
0.460938 0.539062 0.300711
0.476562 0.539062 0.290772
0.492188 0.539062 0.235477
0.507812 0.539062 0.118261
0.523438 0.539062 0.10019
0.539062 0.539062 0.100001
0.554688 0.539062 0.1
0.570312 0.539062 0.1
0.585938 0.539062 0.1
0.601562 0.539062 0.1
0.617188 0.539062 0.1
0.632812 0.539062 0.1
0.648438 0.539062 0.1
0.664062 0.539062 0.1
0.679688 0.539062 0.1
0.695312 0.539062 0.1
0.710938 0.539062 0.1
0.726562 0.539062 0.1
0.742188 0.539062 0.1
0.757812 0.539062 0.1
0.773438 0.539062 0.1
0.789062 0.539062 0.1
0.804688 0.539062 0.1
0.820312 0.539062 0.1
0.835938 0.539062 0.1
0.851562 0.539062 0.1
0.867188 0.539062 0.1
0.882812 0.539062 0.1
0.898438 0.539062 0.1
0.914062 0.539062 0.1
0.929688 0.539062 0.1
0.945312 0.539062 0.1
0.960938 0.539062 0.1
0.976562 0.539062 0.1
0.992188 0.539062 0.1

0.0078125 0.554688 1
0.0234375 0.554688 1
0.0390625 0.554688 1
0.0546875 0.554688 1
0.0703125 0.554688 1
0.0859375 0.554688 1
0.101562 0.554688 1
0.117188 0.554688 1
0.132812 0.554688 1
0.148438 0.554688 1
0.164062 0.554688 1
0.179688 0.554688 1
0.195312 0.554688 1
0.210938 0.554688 1
0.226562 0.554688 1
0.242188 0.554688 1
0.257812 0.554688 1
0.273438 0.554688 0.999954
0.289062 0.554688 0.99932
0.304688 0.554688 0.995282
0.320312 0.554688 0.979522
0.335938 0.554688 0.937246
0.351562 0.554688 0.85217
0.367188 0.554688 0.722524
0.382812 0.554688 0.541703
0.398438 0.554688 0.402802
0.414062 0.554688 0.305102
0.429688 0.554688 0.29653
0.445312 0.554688 0.30057
0.460938 0.554688 0.300711
0.476562 0.554688 0.290772
0.492188 0.554688 0.235477
0.507812 0.554688 0.118261
0.523438 0.554688 0.10019
0.539062 0.554688 0.100001
0.554688 0.554688 0.1
0.570312 0.554688 0.1
0.585938 0.554688 0.1
0.601562 0.554688 0.1
0.617188 0.554688 0.1
0.632812 0.554688 0.1
0.648438 0.554688 0.1
0.664062 0.554688 0.1
0.679688 0.554688 0.1
0.695312 0.554688 0.1
0.710938 0.554688 0.1
0.726562 0.554688 0.1
0.742188 0.554688 0.1
0.757812 0.554688 0.1
0.773438 0.554688 0.1
0.789062 0.554688 0.1
0.804688 0.554688 0.1
0.820312 0.554688 0.1
0.835938 0.554688 0.1
0.851562 0.554688 0.1
0.867188 0.554688 0.1
0.882812 0.554688 0.1
0.898438 0.554688 0.1
0.914062 0.554688 0.1
0.929688 0.554688 0.1
0.945312 0.554688 0.1
0.960938 0.554688 0.1
0.976562 0.554688 0.1
0.992188 0.554688 0.1

0.0078125 0.570312 1
0.0234375 0.570312 1
0.0390625 0.570312 1
0.0546875 0.570312 1
0.0703125 0.570312 1
0.0859375 0.570312 1
0.101562 0.570312 1
0.117188 0.570312 1
0.132812 0.570312 1
0.148438 0.570312 1
0.164062 0.570312 1
0.179688 0.570312 1
0.195312 0.570312 1
0.210938 0.570312 1
0.226562 0.570312 1
0.242188 0.570312 1
0.257812 0.570312 1
0.273438 0.570312 0.999954
0.289062 0.570312 0.99932
0.304688 0.570312 0.995282
0.320312 0.570312 0.979522
0.335938 0.570312 0.937246
0.351562 0.570312 0.85217
0.367188 0.570312 0.722524
0.382812 0.570312 0.541703
0.398438 0.570312 0.402802
0.414062 0.570312 0.305102
0.429688 0.570312 0.29653
0.445312 0.570312 0.30057
0.460938 0.570312 0.300711
0.476562 0.570312 0.290772
0.492188 0.570312 0.235477
0.507812 0.570312 0.118261
0.523438 0.570312 0.10019
0.539062 0.570312 0.100001
0.554688 0.570312 0.1
0.570312 0.570312 0.1
0.585938 0.570312 0.1
0.601562 0.570312 0.1
0.617188 0.570312 0.1
0.632812 0.570312 0.1
0.648438 0.570312 0.1
0.664062 0.570312 0.1
0.679688 0.570312 0.1
0.695312 0.570312 0.1
0.710938 0.570312 0.1
0.726562 0.570312 0.1
0.742188 0.570312 0.1
0.757812 0.570312 0.1
0.773438 0.570312 0.1
0.789062 0.570312 0.1
0.804688 0.570312 0.1
0.820312 0.570312 0.1
0.835938 0.570312 0.1
0.851562 0.570312 0.1
0.867188 0.570312 0.1
0.882812 0.570312 0.1
0.898438 0.570312 0.1
0.914062 0.570312 0.1
0.929688 0.570312 0.1
0.945312 0.570312 0.1
0.960938 0.570312 0.1
0.976562 0.570312 0.1
0.992188 0.570312 0.1

0.0078125 0.585938 1
0.0234375 0.585938 1
0.0390625 0.585938 1
0.0546875 0.585938 1
0.0703125 0.585938 1
0.0859375 0.585938 1
0.101562 0.585938 1
0.117188 0.585938 1
0.132812 0.585938 1
0.148438 0.585938 1
0.164062 0.585938 1
0.179688 0.585938 1
0.195312 0.585938 1
0.210938 0.585938 1
0.226562 0.585938 1
0.242188 0.585938 1
0.257812 0.585938 1
0.273438 0.585938 0.999954
0.289062 0.585938 0.99932
0.304688 0.585938 0.995282
0.320312 0.585938 0.979522
0.335938 0.585938 0.937246
0.351562 0.585938 0.85217
0.367188 0.585938 0.722524
0.382812 0.585938 0.541703
0.398438 0.585938 0.402802
0.414062 0.585938 0.305102
0.429688 0.585938 0.29653
0.445312 0.585938 0.30057
0.460938 0.585938 0.300711
0.476562 0.585938 0.290772
0.492188 0.585938 0.235477
0.507812 0.585938 0.118261
0.523438 0.585938 0.10019
0.539062 0.585938 0.100001
0.554688 0.585938 0.1
0.570312 0.585938 0.1
0.585938 0.585938 0.1
0.601562 0.585938 0.1
0.617188 0.585938 0.1
0.632812 0.585938 0.1
0.648438 0.585938 0.1
0.664062 0.585938 0.1
0.679688 0.585938 0.1
0.695312 0.585938 0.1
0.710938 0.585938 0.1
0.726562 0.585938 0.1
0.742188 0.585938 0.1
0.757812 0.585938 0.1
0.773438 0.585938 0.1
0.789062 0.585938 0.1
0.804688 0.585938 0.1
0.820312 0.585938 0.1
0.835938 0.585938 0.1
0.851562 0.585938 0.1
0.867188 0.585938 0.1
0.882812 0.585938 0.1
0.898438 0.585938 0.1
0.914062 0.585938 0.1
0.929688 0.585938 0.1
0.945312 0.585938 0.1
0.960938 0.585938 0.1
0.976562 0.585938 0.1
0.992188 0.585938 0.1

0.0078125 0.601562 1
0.0234375 0.601562 1
0.0390625 0.601562 1
0.0546875 0.601562 1
0.0703125 0.601562 1
0.0859375 0.601562 1
0.101562 0.601562 1
0.117188 0.601562 1
0.132812 0.601562 1
0.148438 0.601562 1
0.164062 0.601562 1
0.179688 0.601562 1
0.195312 0.601562 1
0.210938 0.601562 1
0.226562 0.601562 1
0.242188 0.601562 1
0.257812 0.601562 1
0.273438 0.601562 0.999954
0.289062 0.601562 0.99932
0.304688 0.601562 0.995282
0.320312 0.601562 0.979522
0.335938 0.601562 0.937246
0.351562 0.601562 0.85217
0.367188 0.601562 0.722524
0.382812 0.601562 0.541703
0.398438 0.601562 0.402802
0.414062 0.601562 0.305102
0.429688 0.601562 0.29653
0.445312 0.601562 0.30057
0.460938 0.601562 0.300711
0.476562 0.601562 0.290772
0.492188 0.601562 0.235477
0.507812 0.601562 0.118261
0.523438 0.601562 0.10019
0.539062 0.601562 0.100001
0.554688 0.601562 0.1
0.570312 0.601562 0.1
0.585938 0.601562 0.1
0.601562 0.601562 0.1
0.617188 0.601562 0.1
0.632812 0.601562 0.1
0.648438 0.601562 0.1
0.664062 0.601562 0.1
0.679688 0.601562 0.1
0.695312 0.601562 0.1
0.710938 0.601562 0.1
0.726562 0.601562 0.1
0.742188 0.601562 0.1
0.757812 0.601562 0.1
0.773438 0.601562 0.1
0.789062 0.601562 0.1
0.804688 0.601562 0.1
0.820312 0.601562 0.1
0.835938 0.601562 0.1
0.851562 0.601562 0.1
0.867188 0.601562 0.1
0.882812 0.601562 0.1
0.898438 0.601562 0.1
0.914062 0.601562 0.1
0.929688 0.601562 0.1
0.945312 0.601562 0.1
0.960938 0.601562 0.1
0.976562 0.601562 0.1
0.992188 0.601562 0.1

0.0078125 0.617188 1
0.0234375 0.617188 1
0.0390625 0.617188 1
0.0546875 0.617188 1
0.0703125 0.617188 1
0.0859375 0.617188 1
0.101562 0.617188 1
0.117188 0.617188 1
0.132812 0.617188 1
0.148438 0.617188 1
0.164062 0.617188 1
0.179688 0.617188 1
0.195312 0.617188 1
0.210938 0.617188 1
0.226562 0.617188 1
0.242188 0.617188 1
0.257812 0.617188 1
0.273438 0.617188 0.999954
0.289062 0.617188 0.99932
0.304688 0.617188 0.995282
0.320312 0.617188 0.979522
0.335938 0.617188 0.937246
0.351562 0.617188 0.85217
0.367188 0.617188 0.722524
0.382812 0.617188 0.541703
0.398438 0.617188 0.402802
0.414062 0.617188 0.305102
0.429688 0.617188 0.29653
0.445312 0.617188 0.30057
0.460938 0.617188 0.300711
0.476562 0.617188 0.290772
0.492188 0.617188 0.235477
0.507812 0.617188 0.118261
0.523438 0.617188 0.10019
0.539062 0.617188 0.100001
0.554688 0.617188 0.1
0.570312 0.617188 0.1
0.585938 0.617188 0.1
0.601562 0.617188 0.1
0.617188 0.617188 0.1
0.632812 0.617188 0.1
0.648438 0.617188 0.1
0.664062 0.617188 0.1
0.679688 0.617188 0.1
0.695312 0.617188 0.1
0.710938 0.617188 0.1
0.726562 0.617188 0.1
0.742188 0.617188 0.1
0.757812 0.617188 0.1
0.773438 0.617188 0.1
0.789062 0.617188 0.1
0.804688 0.617188 0.1
0.820312 0.617188 0.1
0.835938 0.617188 0.1
0.851562 0.617188 0.1
0.867188 0.617188 0.1
0.882812 0.617188 0.1
0.898438 0.617188 0.1
0.914062 0.617188 0.1
0.929688 0.617188 0.1
0.945312 0.617188 0.1
0.960938 0.617188 0.1
0.976562 0.617188 0.1
0.992188 0.617188 0.1

0.0078125 0.632812 1
0.0234375 0.632812 1
0.0390625 0.632812 1
0.0546875 0.632812 1
0.0703125 0.632812 1
0.0859375 0.632812 1
0.101562 0.632812 1
0.117188 0.632812 1
0.132812 0.632812 1
0.148438 0.632812 1
0.164062 0.632812 1
0.179688 0.632812 1
0.195312 0.632812 1
0.210938 0.632812 1
0.226562 0.632812 1
0.242188 0.632812 1
0.257812 0.632812 1
0.273438 0.632812 0.999954
0.289062 0.632812 0.99932
0.304688 0.632812 0.995282
0.320312 0.632812 0.979522
0.335938 0.632812 0.937246
0.351562 0.632812 0.85217
0.367188 0.632812 0.722524
0.382812 0.632812 0.541703
0.398438 0.632812 0.402802
0.414062 0.632812 0.305102
0.429688 0.632812 0.29653
0.445312 0.632812 0.30057
0.460938 0.632812 0.300711
0.476562 0.632812 0.290772
0.492188 0.632812 0.235477
0.507812 0.632812 0.118261
0.523438 0.632812 0.10019
0.539062 0.632812 0.100001
0.554688 0.632812 0.1
0.570312 0.632812 0.1
0.585938 0.632812 0.1
0.601562 0.632812 0.1
0.617188 0.632812 0.1
0.632812 0.632812 0.1
0.648438 0.632812 0.1
0.664062 0.632812 0.1
0.679688 0.632812 0.1
0.695312 0.632812 0.1
0.710938 0.632812 0.1
0.726562 0.632812 0.1
0.742188 0.632812 0.1
0.757812 0.632812 0.1
0.773438 0.632812 0.1
0.789062 0.632812 0.1
0.804688 0.632812 0.1
0.820312 0.632812 0.1
0.835938 0.632812 0.1
0.851562 0.632812 0.1
0.867188 0.632812 0.1
0.882812 0.632812 0.1
0.898438 0.632812 0.1
0.914062 0.632812 0.1
0.929688 0.632812 0.1
0.945312 0.632812 0.1
0.960938 0.632812 0.1
0.976562 0.632812 0.1
0.992188 0.632812 0.1

0.0078125 0.648438 1
0.0234375 0.648438 1
0.0390625 0.648438 1
0.0546875 0.648438 1
0.0703125 0.648438 1
0.0859375 0.648438 1
0.101562 0.648438 1
0.117188 0.648438 1
0.132812 0.648438 1
0.148438 0.648438 1
0.164062 0.648438 1
0.179688 0.648438 1
0.195312 0.648438 1
0.210938 0.648438 1
0.226562 0.648438 1
0.242188 0.648438 1
0.257812 0.648438 1
0.273438 0.648438 0.999954
0.289062 0.648438 0.99932
0.304688 0.648438 0.995282
0.320312 0.648438 0.979522
0.335938 0.648438 0.937246
0.351562 0.648438 0.85217
0.367188 0.648438 0.722524
0.382812 0.648438 0.541703
0.398438 0.648438 0.402802
0.414062 0.648438 0.305102
0.429688 0.648438 0.29653
0.445312 0.648438 0.30057
0.460938 0.648438 0.300711
0.476562 0.648438 0.290772
0.492188 0.648438 0.235477
0.507812 0.648438 0.118261
0.523438 0.648438 0.10019
0.539062 0.648438 0.100001
0.554688 0.648438 0.1
0.570312 0.648438 0.1
0.585938 0.648438 0.1
0.601562 0.648438 0.1
0.617188 0.648438 0.1
0.632812 0.648438 0.1
0.648438 0.648438 0.1
0.664062 0.648438 0.1
0.679688 0.648438 0.1
0.695312 0.648438 0.1
0.710938 0.648438 0.1
0.726562 0.648438 0.1
0.742188 0.648438 0.1
0.757812 0.648438 0.1
0.773438 0.648438 0.1
0.789062 0.648438 0.1
0.804688 0.648438 0.1
0.820312 0.648438 0.1
0.835938 0.648438 0.1
0.851562 0.648438 0.1
0.867188 0.648438 0.1
0.882812 0.648438 0.1
0.898438 0.648438 0.1
0.914062 0.648438 0.1
0.929688 0.648438 0.1
0.945312 0.648438 0.1
0.960938 0.648438 0.1
0.976562 0.648438 0.1
0.992188 0.648438 0.1

0.0078125 0.664062 1
0.0234375 0.664062 1
0.0390625 0.664062 1
0.0546875 0.664062 1
0.0703125 0.664062 1
0.0859375 0.664062 1
0.101562 0.664062 1
0.117188 0.664062 1
0.132812 0.664062 1
0.148438 0.664062 1
0.164062 0.664062 1
0.179688 0.664062 1
0.195312 0.664062 1
0.210938 0.664062 1
0.226562 0.664062 1
0.242188 0.664062 1
0.257812 0.664062 1
0.273438 0.664062 0.999954
0.289062 0.664062 0.99932
0.304688 0.664062 0.995282
0.320312 0.664062 0.979522
0.335938 0.664062 0.937246
0.351562 0.664062 0.85217
0.367188 0.664062 0.722524
0.382812 0.664062 0.541703
0.398438 0.664062 0.402802
0.414062 0.664062 0.305102
0.429688 0.664062 0.29653
0.445312 0.664062 0.30057
0.460938 0.664062 0.300711
0.476562 0.664062 0.290772
0.492188 0.664062 0.235477
0.507812 0.664062 0.118261
0.523438 0.664062 0.10019
0.539062 0.664062 0.100001
0.554688 0.664062 0.1
0.570312 0.664062 0.1
0.585938 0.664062 0.1
0.601562 0.664062 0.1
0.617188 0.664062 0.1
0.632812 0.664062 0.1
0.648438 0.664062 0.1
0.664062 0.664062 0.1
0.679688 0.664062 0.1
0.695312 0.664062 0.1
0.710938 0.664062 0.1
0.726562 0.664062 0.1
0.742188 0.664062 0.1
0.757812 0.664062 0.1
0.773438 0.664062 0.1
0.789062 0.664062 0.1
0.804688 0.664062 0.1
0.820312 0.664062 0.1
0.835938 0.664062 0.1
0.851562 0.664062 0.1
0.867188 0.664062 0.1
0.882812 0.664062 0.1
0.898438 0.664062 0.1
0.914062 0.664062 0.1
0.929688 0.664062 0.1
0.945312 0.664062 0.1
0.960938 0.664062 0.1
0.976562 0.664062 0.1
0.992188 0.664062 0.1

0.0078125 0.679688 1
0.0234375 0.679688 1
0.0390625 0.679688 1
0.0546875 0.679688 1
0.0703125 0.679688 1
0.0859375 0.679688 1
0.101562 0.679688 1
0.117188 0.679688 1
0.132812 0.679688 1
0.148438 0.679688 1
0.164062 0.679688 1
0.179688 0.679688 1
0.195312 0.679688 1
0.210938 0.679688 1
0.226562 0.679688 1
0.242188 0.679688 1
0.257812 0.679688 1
0.273438 0.679688 0.999954
0.289062 0.679688 0.99932
0.304688 0.679688 0.995282
0.320312 0.679688 0.979522
0.335938 0.679688 0.937246
0.351562 0.679688 0.85217
0.367188 0.679688 0.722524
0.382812 0.679688 0.541703
0.398438 0.679688 0.402802
0.414062 0.679688 0.305102
0.429688 0.679688 0.29653
0.445312 0.679688 0.30057
0.460938 0.679688 0.300711
0.476562 0.679688 0.290772
0.492188 0.679688 0.235477
0.507812 0.679688 0.118261
0.523438 0.679688 0.10019
0.539062 0.679688 0.100001
0.554688 0.679688 0.1
0.570312 0.679688 0.1
0.585938 0.679688 0.1
0.601562 0.679688 0.1
0.617188 0.679688 0.1
0.632812 0.679688 0.1
0.648438 0.679688 0.1
0.664062 0.679688 0.1
0.679688 0.679688 0.1
0.695312 0.679688 0.1
0.710938 0.679688 0.1
0.726562 0.679688 0.1
0.742188 0.679688 0.1
0.757812 0.679688 0.1
0.773438 0.679688 0.1
0.789062 0.679688 0.1
0.804688 0.679688 0.1
0.820312 0.679688 0.1
0.835938 0.679688 0.1
0.851562 0.679688 0.1
0.867188 0.679688 0.1
0.882812 0.679688 0.1
0.898438 0.679688 0.1
0.914062 0.679688 0.1
0.929688 0.679688 0.1
0.945312 0.679688 0.1
0.960938 0.679688 0.1
0.976562 0.679688 0.1
0.992188 0.679688 0.1

0.0078125 0.695312 1
0.0234375 0.695312 1
0.0390625 0.695312 1
0.0546875 0.695312 1
0.0703125 0.695312 1
0.0859375 0.695312 1
0.101562 0.695312 1
0.117188 0.695312 1
0.132812 0.695312 1
0.148438 0.695312 1
0.164062 0.695312 1
0.179688 0.695312 1
0.195312 0.695312 1
0.210938 0.695312 1
0.226562 0.695312 1
0.242188 0.695312 1
0.257812 0.695312 1
0.273438 0.695312 0.999954
0.289062 0.695312 0.99932
0.304688 0.695312 0.995282
0.320312 0.695312 0.979522
0.335938 0.695312 0.937246
0.351562 0.695312 0.85217
0.367188 0.695312 0.722524
0.382812 0.695312 0.541703
0.398438 0.695312 0.402802
0.414062 0.695312 0.305102
0.429688 0.695312 0.29653
0.445312 0.695312 0.30057
0.460938 0.695312 0.300711
0.476562 0.695312 0.290772
0.492188 0.695312 0.235477
0.507812 0.695312 0.118261
0.523438 0.695312 0.10019
0.539062 0.695312 0.100001
0.554688 0.695312 0.1
0.570312 0.695312 0.1
0.585938 0.695312 0.1
0.601562 0.695312 0.1
0.617188 0.695312 0.1
0.632812 0.695312 0.1
0.648438 0.695312 0.1
0.664062 0.695312 0.1
0.679688 0.695312 0.1
0.695312 0.695312 0.1
0.710938 0.695312 0.1
0.726562 0.695312 0.1
0.742188 0.695312 0.1
0.757812 0.695312 0.1
0.773438 0.695312 0.1
0.789062 0.695312 0.1
0.804688 0.695312 0.1
0.820312 0.695312 0.1
0.835938 0.695312 0.1
0.851562 0.695312 0.1
0.867188 0.695312 0.1
0.882812 0.695312 0.1
0.898438 0.695312 0.1
0.914062 0.695312 0.1
0.929688 0.695312 0.1
0.945312 0.695312 0.1
0.960938 0.695312 0.1
0.976562 0.695312 0.1
0.992188 0.695312 0.1

0.0078125 0.710938 1
0.0234375 0.710938 1
0.0390625 0.710938 1
0.0546875 0.710938 1
0.0703125 0.710938 1
0.0859375 0.710938 1
0.101562 0.710938 1
0.117188 0.710938 1
0.132812 0.710938 1
0.148438 0.710938 1
0.164062 0.710938 1
0.179688 0.710938 1
0.195312 0.710938 1
0.210938 0.710938 1
0.226562 0.710938 1
0.242188 0.710938 1
0.257812 0.710938 1
0.273438 0.710938 0.999954
0.289062 0.710938 0.99932
0.304688 0.710938 0.995282
0.320312 0.710938 0.979522
0.335938 0.710938 0.937246
0.351562 0.710938 0.85217
0.367188 0.710938 0.722524
0.382812 0.710938 0.541703
0.398438 0.710938 0.402802
0.414062 0.710938 0.305102
0.429688 0.710938 0.29653
0.445312 0.710938 0.30057
0.460938 0.710938 0.300711
0.476562 0.710938 0.290772
0.492188 0.710938 0.235477
0.507812 0.710938 0.118261
0.523438 0.710938 0.10019
0.539062 0.710938 0.100001
0.554688 0.710938 0.1
0.570312 0.710938 0.1
0.585938 0.710938 0.1
0.601562 0.710938 0.1
0.617188 0.710938 0.1
0.632812 0.710938 0.1
0.648438 0.710938 0.1
0.664062 0.710938 0.1
0.679688 0.710938 0.1
0.695312 0.710938 0.1
0.710938 0.710938 0.1
0.726562 0.710938 0.1
0.742188 0.710938 0.1
0.757812 0.710938 0.1
0.773438 0.710938 0.1
0.789062 0.710938 0.1
0.804688 0.710938 0.1
0.820312 0.710938 0.1
0.835938 0.710938 0.1
0.851562 0.710938 0.1
0.867188 0.710938 0.1
0.882812 0.710938 0.1
0.898438 0.710938 0.1
0.914062 0.710938 0.1
0.929688 0.710938 0.1
0.945312 0.710938 0.1
0.960938 0.710938 0.1
0.976562 0.710938 0.1
0.992188 0.710938 0.1

0.0078125 0.726562 1
0.0234375 0.726562 1
0.0390625 0.726562 1
0.0546875 0.726562 1
0.0703125 0.726562 1
0.0859375 0.726562 1
0.101562 0.726562 1
0.117188 0.726562 1
0.132812 0.726562 1
0.148438 0.726562 1
0.164062 0.726562 1
0.179688 0.726562 1
0.195312 0.726562 1
0.210938 0.726562 1
0.226562 0.726562 1
0.242188 0.726562 1
0.257812 0.726562 1
0.273438 0.726562 0.999954
0.289062 0.726562 0.99932
0.304688 0.726562 0.995282
0.320312 0.726562 0.979522
0.335938 0.726562 0.937246
0.351562 0.726562 0.85217
0.367188 0.726562 0.722524
0.382812 0.726562 0.541703
0.398438 0.726562 0.402802
0.414062 0.726562 0.305102
0.429688 0.726562 0.29653
0.445312 0.726562 0.30057
0.460938 0.726562 0.300711
0.476562 0.726562 0.290772
0.492188 0.726562 0.235477
0.507812 0.726562 0.118261
0.523438 0.726562 0.10019
0.539062 0.726562 0.100001
0.554688 0.726562 0.1
0.570312 0.726562 0.1
0.585938 0.726562 0.1
0.601562 0.726562 0.1
0.617188 0.726562 0.1
0.632812 0.726562 0.1
0.648438 0.726562 0.1
0.664062 0.726562 0.1
0.679688 0.726562 0.1
0.695312 0.726562 0.1
0.710938 0.726562 0.1
0.726562 0.726562 0.1
0.742188 0.726562 0.1
0.757812 0.726562 0.1
0.773438 0.726562 0.1
0.789062 0.726562 0.1
0.804688 0.726562 0.1
0.820312 0.726562 0.1
0.835938 0.726562 0.1
0.851562 0.726562 0.1
0.867188 0.726562 0.1
0.882812 0.726562 0.1
0.898438 0.726562 0.1
0.914062 0.726562 0.1
0.929688 0.726562 0.1
0.945312 0.726562 0.1
0.960938 0.726562 0.1
0.976562 0.726562 0.1
0.992188 0.726562 0.1

0.0078125 0.742188 1
0.0234375 0.742188 1
0.0390625 0.742188 1
0.0546875 0.742188 1
0.0703125 0.742188 1
0.0859375 0.742188 1
0.101562 0.742188 1
0.117188 0.742188 1
0.132812 0.742188 1
0.148438 0.742188 1
0.164062 0.742188 1
0.179688 0.742188 1
0.195312 0.742188 1
0.210938 0.742188 1
0.226562 0.742188 1
0.242188 0.742188 1
0.257812 0.742188 1
0.273438 0.742188 0.999954
0.289062 0.742188 0.99932
0.304688 0.742188 0.995282
0.320312 0.742188 0.979522
0.335938 0.742188 0.937246
0.351562 0.742188 0.85217
0.367188 0.742188 0.722524
0.382812 0.742188 0.541703
0.398438 0.742188 0.402802
0.414062 0.742188 0.305102
0.429688 0.742188 0.29653
0.445312 0.742188 0.30057
0.460938 0.742188 0.300711
0.476562 0.742188 0.290772
0.492188 0.742188 0.235477
0.507812 0.742188 0.118261
0.523438 0.742188 0.10019
0.539062 0.742188 0.100001
0.554688 0.742188 0.1
0.570312 0.742188 0.1
0.585938 0.742188 0.1
0.601562 0.742188 0.1
0.617188 0.742188 0.1
0.632812 0.742188 0.1
0.648438 0.742188 0.1
0.664062 0.742188 0.1
0.679688 0.742188 0.1
0.695312 0.742188 0.1
0.710938 0.742188 0.1
0.726562 0.742188 0.1
0.742188 0.742188 0.1
0.757812 0.742188 0.1
0.773438 0.742188 0.1
0.789062 0.742188 0.1
0.804688 0.742188 0.1
0.820312 0.742188 0.1
0.835938 0.742188 0.1
0.851562 0.742188 0.1
0.867188 0.742188 0.1
0.882812 0.742188 0.1
0.898438 0.742188 0.1
0.914062 0.742188 0.1
0.929688 0.742188 0.1
0.945312 0.742188 0.1
0.960938 0.742188 0.1
0.976562 0.742188 0.1
0.992188 0.742188 0.1

0.0078125 0.757812 1
0.0234375 0.757812 1
0.0390625 0.757812 1
0.0546875 0.757812 1
0.0703125 0.757812 1
0.0859375 0.757812 1
0.101562 0.757812 1
0.117188 0.757812 1
0.132812 0.757812 1
0.148438 0.757812 1
0.164062 0.757812 1
0.179688 0.757812 1
0.195312 0.757812 1
0.210938 0.757812 1
0.226562 0.757812 1
0.242188 0.757812 1
0.257812 0.757812 1
0.273438 0.757812 0.999954
0.289062 0.757812 0.99932
0.304688 0.757812 0.995282
0.320312 0.757812 0.979522
0.335938 0.757812 0.937246
0.351562 0.757812 0.85217
0.367188 0.757812 0.722524
0.382812 0.757812 0.541703
0.398438 0.757812 0.402802
0.414062 0.757812 0.305102
0.429688 0.757812 0.29653
0.445312 0.757812 0.30057
0.460938 0.757812 0.300711
0.476562 0.757812 0.290772
0.492188 0.757812 0.235477
0.507812 0.757812 0.118261
0.523438 0.757812 0.10019
0.539062 0.757812 0.100001
0.554688 0.757812 0.1
0.570312 0.757812 0.1
0.585938 0.757812 0.1
0.601562 0.757812 0.1
0.617188 0.757812 0.1
0.632812 0.757812 0.1
0.648438 0.757812 0.1
0.664062 0.757812 0.1
0.679688 0.757812 0.1
0.695312 0.757812 0.1
0.710938 0.757812 0.1
0.726562 0.757812 0.1
0.742188 0.757812 0.1
0.757812 0.757812 0.1
0.773438 0.757812 0.1
0.789062 0.757812 0.1
0.804688 0.757812 0.1
0.820312 0.757812 0.1
0.835938 0.757812 0.1
0.851562 0.757812 0.1
0.867188 0.757812 0.1
0.882812 0.757812 0.1
0.898438 0.757812 0.1
0.914062 0.757812 0.1
0.929688 0.757812 0.1
0.945312 0.757812 0.1
0.960938 0.757812 0.1
0.976562 0.757812 0.1
0.992188 0.757812 0.1

0.0078125 0.773438 1
0.0234375 0.773438 1
0.0390625 0.773438 1
0.0546875 0.773438 1
0.0703125 0.773438 1
0.0859375 0.773438 1
0.101562 0.773438 1
0.117188 0.773438 1
0.132812 0.773438 1
0.148438 0.773438 1
0.164062 0.773438 1
0.179688 0.773438 1
0.195312 0.773438 1
0.210938 0.773438 1
0.226562 0.773438 1
0.242188 0.773438 1
0.257812 0.773438 1
0.273438 0.773438 0.999954
0.289062 0.773438 0.99932
0.304688 0.773438 0.995282
0.320312 0.773438 0.979522
0.335938 0.773438 0.937246
0.351562 0.773438 0.85217
0.367188 0.773438 0.722524
0.382812 0.773438 0.541703
0.398438 0.773438 0.402802
0.414062 0.773438 0.305102
0.429688 0.773438 0.29653
0.445312 0.773438 0.30057
0.460938 0.773438 0.300711
0.476562 0.773438 0.290772
0.492188 0.773438 0.235477
0.507812 0.773438 0.118261
0.523438 0.773438 0.10019
0.539062 0.773438 0.100001
0.554688 0.773438 0.1
0.570312 0.773438 0.1
0.585938 0.773438 0.1
0.601562 0.773438 0.1
0.617188 0.773438 0.1
0.632812 0.773438 0.1
0.648438 0.773438 0.1
0.664062 0.773438 0.1
0.679688 0.773438 0.1
0.695312 0.773438 0.1
0.710938 0.773438 0.1
0.726562 0.773438 0.1
0.742188 0.773438 0.1
0.757812 0.773438 0.1
0.773438 0.773438 0.1
0.789062 0.773438 0.1
0.804688 0.773438 0.1
0.820312 0.773438 0.1
0.835938 0.773438 0.1
0.851562 0.773438 0.1
0.867188 0.773438 0.1
0.882812 0.773438 0.1
0.898438 0.773438 0.1
0.914062 0.773438 0.1
0.929688 0.773438 0.1
0.945312 0.773438 0.1
0.960938 0.773438 0.1
0.976562 0.773438 0.1
0.992188 0.773438 0.1

0.0078125 0.789062 1
0.0234375 0.789062 1
0.0390625 0.789062 1
0.0546875 0.789062 1
0.0703125 0.789062 1
0.0859375 0.789062 1
0.101562 0.789062 1
0.117188 0.789062 1
0.132812 0.789062 1
0.148438 0.789062 1
0.164062 0.789062 1
0.179688 0.789062 1
0.195312 0.789062 1
0.210938 0.789062 1
0.226562 0.789062 1
0.242188 0.789062 1
0.257812 0.789062 1
0.273438 0.789062 0.999954
0.289062 0.789062 0.99932
0.304688 0.789062 0.995282
0.320312 0.789062 0.979522
0.335938 0.789062 0.937246
0.351562 0.789062 0.85217
0.367188 0.789062 0.722524
0.382812 0.789062 0.541703
0.398438 0.789062 0.402802
0.414062 0.789062 0.305102
0.429688 0.789062 0.29653
0.445312 0.789062 0.30057
0.460938 0.789062 0.300711
0.476562 0.789062 0.290772
0.492188 0.789062 0.235477
0.507812 0.789062 0.118261
0.523438 0.789062 0.10019
0.539062 0.789062 0.100001
0.554688 0.789062 0.1
0.570312 0.789062 0.1
0.585938 0.789062 0.1
0.601562 0.789062 0.1
0.617188 0.789062 0.1
0.632812 0.789062 0.1
0.648438 0.789062 0.1
0.664062 0.789062 0.1
0.679688 0.789062 0.1
0.695312 0.789062 0.1
0.710938 0.789062 0.1
0.726562 0.789062 0.1
0.742188 0.789062 0.1
0.757812 0.789062 0.1
0.773438 0.789062 0.1
0.789062 0.789062 0.1
0.804688 0.789062 0.1
0.820312 0.789062 0.1
0.835938 0.789062 0.1
0.851562 0.789062 0.1
0.867188 0.789062 0.1
0.882812 0.789062 0.1
0.898438 0.789062 0.1
0.914062 0.789062 0.1
0.929688 0.789062 0.1
0.945312 0.789062 0.1
0.960938 0.789062 0.1
0.976562 0.789062 0.1
0.992188 0.789062 0.1

0.0078125 0.804688 1
0.0234375 0.804688 1
0.0390625 0.804688 1
0.0546875 0.804688 1
0.0703125 0.804688 1
0.0859375 0.804688 1
0.101562 0.804688 1
0.117188 0.804688 1
0.132812 0.804688 1
0.148438 0.804688 1
0.164062 0.804688 1
0.179688 0.804688 1
0.195312 0.804688 1
0.210938 0.804688 1
0.226562 0.804688 1
0.242188 0.804688 1
0.257812 0.804688 1
0.273438 0.804688 0.999954
0.289062 0.804688 0.99932
0.304688 0.804688 0.995282
0.320312 0.804688 0.979522
0.335938 0.804688 0.937246
0.351562 0.804688 0.85217
0.367188 0.804688 0.722524
0.382812 0.804688 0.541703
0.398438 0.804688 0.402802
0.414062 0.804688 0.305102
0.429688 0.804688 0.29653
0.445312 0.804688 0.30057
0.460938 0.804688 0.300711
0.476562 0.804688 0.290772
0.492188 0.804688 0.235477
0.507812 0.804688 0.118261
0.523438 0.804688 0.10019
0.539062 0.804688 0.100001
0.554688 0.804688 0.1
0.570312 0.804688 0.1
0.585938 0.804688 0.1
0.601562 0.804688 0.1
0.617188 0.804688 0.1
0.632812 0.804688 0.1
0.648438 0.804688 0.1
0.664062 0.804688 0.1
0.679688 0.804688 0.1
0.695312 0.804688 0.1
0.710938 0.804688 0.1
0.726562 0.804688 0.1
0.742188 0.804688 0.1
0.757812 0.804688 0.1
0.773438 0.804688 0.1
0.789062 0.804688 0.1
0.804688 0.804688 0.1
0.820312 0.804688 0.1
0.835938 0.804688 0.1
0.851562 0.804688 0.1
0.867188 0.804688 0.1
0.882812 0.804688 0.1
0.898438 0.804688 0.1
0.914062 0.804688 0.1
0.929688 0.804688 0.1
0.945312 0.804688 0.1
0.960938 0.804688 0.1
0.976562 0.804688 0.1
0.992188 0.804688 0.1

0.0078125 0.820312 1
0.0234375 0.820312 1
0.0390625 0.820312 1
0.0546875 0.820312 1
0.0703125 0.820312 1
0.0859375 0.820312 1
0.101562 0.820312 1
0.117188 0.820312 1
0.132812 0.820312 1
0.148438 0.820312 1
0.164062 0.820312 1
0.179688 0.820312 1
0.195312 0.820312 1
0.210938 0.820312 1
0.226562 0.820312 1
0.242188 0.820312 1
0.257812 0.820312 1
0.273438 0.820312 0.999954
0.289062 0.820312 0.99932
0.304688 0.820312 0.995282
0.320312 0.820312 0.979522
0.335938 0.820312 0.937246
0.351562 0.820312 0.85217
0.367188 0.820312 0.722524
0.382812 0.820312 0.541703
0.398438 0.820312 0.402802
0.414062 0.820312 0.305102
0.429688 0.820312 0.29653
0.445312 0.820312 0.30057
0.460938 0.820312 0.300711
0.476562 0.820312 0.290772
0.492188 0.820312 0.235477
0.507812 0.820312 0.118261
0.523438 0.820312 0.10019
0.539062 0.820312 0.100001
0.554688 0.820312 0.1
0.570312 0.820312 0.1
0.585938 0.820312 0.1
0.601562 0.820312 0.1
0.617188 0.820312 0.1
0.632812 0.820312 0.1
0.648438 0.820312 0.1
0.664062 0.820312 0.1
0.679688 0.820312 0.1
0.695312 0.820312 0.1
0.710938 0.820312 0.1
0.726562 0.820312 0.1
0.742188 0.820312 0.1
0.757812 0.820312 0.1
0.773438 0.820312 0.1
0.789062 0.820312 0.1
0.804688 0.820312 0.1
0.820312 0.820312 0.1
0.835938 0.820312 0.1
0.851562 0.820312 0.1
0.867188 0.820312 0.1
0.882812 0.820312 0.1
0.898438 0.820312 0.1
0.914062 0.820312 0.1
0.929688 0.820312 0.1
0.945312 0.820312 0.1
0.960938 0.820312 0.1
0.976562 0.820312 0.1
0.992188 0.820312 0.1

0.0078125 0.835938 1
0.0234375 0.835938 1
0.0390625 0.835938 1
0.0546875 0.835938 1
0.0703125 0.835938 1
0.0859375 0.835938 1
0.101562 0.835938 1
0.117188 0.835938 1
0.132812 0.835938 1
0.148438 0.835938 1
0.164062 0.835938 1
0.179688 0.835938 1
0.195312 0.835938 1
0.210938 0.835938 1
0.226562 0.835938 1
0.242188 0.835938 1
0.257812 0.835938 1
0.273438 0.835938 0.999954
0.289062 0.835938 0.99932
0.304688 0.835938 0.995282
0.320312 0.835938 0.979522
0.335938 0.835938 0.937246
0.351562 0.835938 0.85217
0.367188 0.835938 0.722524
0.382812 0.835938 0.541703
0.398438 0.835938 0.402802
0.414062 0.835938 0.305102
0.429688 0.835938 0.29653
0.445312 0.835938 0.30057
0.460938 0.835938 0.300711
0.476562 0.835938 0.290772
0.492188 0.835938 0.235477
0.507812 0.835938 0.118261
0.523438 0.835938 0.10019
0.539062 0.835938 0.100001
0.554688 0.835938 0.1
0.570312 0.835938 0.1
0.585938 0.835938 0.1
0.601562 0.835938 0.1
0.617188 0.835938 0.1
0.632812 0.835938 0.1
0.648438 0.835938 0.1
0.664062 0.835938 0.1
0.679688 0.835938 0.1
0.695312 0.835938 0.1
0.710938 0.835938 0.1
0.726562 0.835938 0.1
0.742188 0.835938 0.1
0.757812 0.835938 0.1
0.773438 0.835938 0.1
0.789062 0.835938 0.1
0.804688 0.835938 0.1
0.820312 0.835938 0.1
0.835938 0.835938 0.1
0.851562 0.835938 0.1
0.867188 0.835938 0.1
0.882812 0.835938 0.1
0.898438 0.835938 0.1
0.914062 0.835938 0.1
0.929688 0.835938 0.1
0.945312 0.835938 0.1
0.960938 0.835938 0.1
0.976562 0.835938 0.1
0.992188 0.835938 0.1

0.0078125 0.851562 1
0.0234375 0.851562 1
0.0390625 0.851562 1
0.0546875 0.851562 1
0.0703125 0.851562 1
0.0859375 0.851562 1
0.101562 0.851562 1
0.117188 0.851562 1
0.132812 0.851562 1
0.148438 0.851562 1
0.164062 0.851562 1
0.179688 0.851562 1
0.195312 0.851562 1
0.210938 0.851562 1
0.226562 0.851562 1
0.242188 0.851562 1
0.257812 0.851562 1
0.273438 0.851562 0.999954
0.289062 0.851562 0.99932
0.304688 0.851562 0.995282
0.320312 0.851562 0.979522
0.335938 0.851562 0.937246
0.351562 0.851562 0.85217
0.367188 0.851562 0.722524
0.382812 0.851562 0.541703
0.398438 0.851562 0.402802
0.414062 0.851562 0.305102
0.429688 0.851562 0.29653
0.445312 0.851562 0.30057
0.460938 0.851562 0.300711
0.476562 0.851562 0.290772
0.492188 0.851562 0.235477
0.507812 0.851562 0.118261
0.523438 0.851562 0.10019
0.539062 0.851562 0.100001
0.554688 0.851562 0.1
0.570312 0.851562 0.1
0.585938 0.851562 0.1
0.601562 0.851562 0.1
0.617188 0.851562 0.1
0.632812 0.851562 0.1
0.648438 0.851562 0.1
0.664062 0.851562 0.1
0.679688 0.851562 0.1
0.695312 0.851562 0.1
0.710938 0.851562 0.1
0.726562 0.851562 0.1
0.742188 0.851562 0.1
0.757812 0.851562 0.1
0.773438 0.851562 0.1
0.789062 0.851562 0.1
0.804688 0.851562 0.1
0.820312 0.851562 0.1
0.835938 0.851562 0.1
0.851562 0.851562 0.1
0.867188 0.851562 0.1
0.882812 0.851562 0.1
0.898438 0.851562 0.1
0.914062 0.851562 0.1
0.929688 0.851562 0.1
0.945312 0.851562 0.1
0.960938 0.851562 0.1
0.976562 0.851562 0.1
0.992188 0.851562 0.1

0.0078125 0.867188 1
0.0234375 0.867188 1
0.0390625 0.867188 1
0.0546875 0.867188 1
0.0703125 0.867188 1
0.0859375 0.867188 1
0.101562 0.867188 1
0.117188 0.867188 1
0.132812 0.867188 1
0.148438 0.867188 1
0.164062 0.867188 1
0.179688 0.867188 1
0.195312 0.867188 1
0.210938 0.867188 1
0.226562 0.867188 1
0.242188 0.867188 1
0.257812 0.867188 1
0.273438 0.867188 0.999954
0.289062 0.867188 0.99932
0.304688 0.867188 0.995282
0.320312 0.867188 0.979522
0.335938 0.867188 0.937246
0.351562 0.867188 0.85217
0.367188 0.867188 0.722524
0.382812 0.867188 0.541703
0.398438 0.867188 0.402802
0.414062 0.867188 0.305102
0.429688 0.867188 0.29653
0.445312 0.867188 0.30057
0.460938 0.867188 0.300711
0.476562 0.867188 0.290772
0.492188 0.867188 0.235477
0.507812 0.867188 0.118261
0.523438 0.867188 0.10019
0.539062 0.867188 0.100001
0.554688 0.867188 0.1
0.570312 0.867188 0.1
0.585938 0.867188 0.1
0.601562 0.867188 0.1
0.617188 0.867188 0.1
0.632812 0.867188 0.1
0.648438 0.867188 0.1
0.664062 0.867188 0.1
0.679688 0.867188 0.1
0.695312 0.867188 0.1
0.710938 0.867188 0.1
0.726562 0.867188 0.1
0.742188 0.867188 0.1
0.757812 0.867188 0.1
0.773438 0.867188 0.1
0.789062 0.867188 0.1
0.804688 0.867188 0.1
0.820312 0.867188 0.1
0.835938 0.867188 0.1
0.851562 0.867188 0.1
0.867188 0.867188 0.1
0.882812 0.867188 0.1
0.898438 0.867188 0.1
0.914062 0.867188 0.1
0.929688 0.867188 0.1
0.945312 0.867188 0.1
0.960938 0.867188 0.1
0.976562 0.867188 0.1
0.992188 0.867188 0.1

0.0078125 0.882812 1
0.0234375 0.882812 1
0.0390625 0.882812 1
0.0546875 0.882812 1
0.0703125 0.882812 1
0.0859375 0.882812 1
0.101562 0.882812 1
0.117188 0.882812 1
0.132812 0.882812 1
0.148438 0.882812 1
0.164062 0.882812 1
0.179688 0.882812 1
0.195312 0.882812 1
0.210938 0.882812 1
0.226562 0.882812 1
0.242188 0.882812 1
0.257812 0.882812 1
0.273438 0.882812 0.999954
0.289062 0.882812 0.99932
0.304688 0.882812 0.995282
0.320312 0.882812 0.979522
0.335938 0.882812 0.937246
0.351562 0.882812 0.85217
0.367188 0.882812 0.722524
0.382812 0.882812 0.541703
0.398438 0.882812 0.402802
0.414062 0.882812 0.305102
0.429688 0.882812 0.29653
0.445312 0.882812 0.30057
0.460938 0.882812 0.300711
0.476562 0.882812 0.290772
0.492188 0.882812 0.235477
0.507812 0.882812 0.118261
0.523438 0.882812 0.10019
0.539062 0.882812 0.100001
0.554688 0.882812 0.1
0.570312 0.882812 0.1
0.585938 0.882812 0.1
0.601562 0.882812 0.1
0.617188 0.882812 0.1
0.632812 0.882812 0.1
0.648438 0.882812 0.1
0.664062 0.882812 0.1
0.679688 0.882812 0.1
0.695312 0.882812 0.1
0.710938 0.882812 0.1
0.726562 0.882812 0.1
0.742188 0.882812 0.1
0.757812 0.882812 0.1
0.773438 0.882812 0.1
0.789062 0.882812 0.1
0.804688 0.882812 0.1
0.820312 0.882812 0.1
0.835938 0.882812 0.1
0.851562 0.882812 0.1
0.867188 0.882812 0.1
0.882812 0.882812 0.1
0.898438 0.882812 0.1
0.914062 0.882812 0.1
0.929688 0.882812 0.1
0.945312 0.882812 0.1
0.960938 0.882812 0.1
0.976562 0.882812 0.1
0.992188 0.882812 0.1

0.0078125 0.898438 1
0.0234375 0.898438 1
0.0390625 0.898438 1
0.0546875 0.898438 1
0.0703125 0.898438 1
0.0859375 0.898438 1
0.101562 0.898438 1
0.117188 0.898438 1
0.132812 0.898438 1
0.148438 0.898438 1
0.164062 0.898438 1
0.179688 0.898438 1
0.195312 0.898438 1
0.210938 0.898438 1
0.226562 0.898438 1
0.242188 0.898438 1
0.257812 0.898438 1
0.273438 0.898438 0.999954
0.289062 0.898438 0.99932
0.304688 0.898438 0.995282
0.320312 0.898438 0.979522
0.335938 0.898438 0.937246
0.351562 0.898438 0.85217
0.367188 0.898438 0.722524
0.382812 0.898438 0.541703
0.398438 0.898438 0.402802
0.414062 0.898438 0.305102
0.429688 0.898438 0.29653
0.445312 0.898438 0.30057
0.460938 0.898438 0.300711
0.476562 0.898438 0.290772
0.492188 0.898438 0.235477
0.507812 0.898438 0.118261
0.523438 0.898438 0.10019
0.539062 0.898438 0.100001
0.554688 0.898438 0.1
0.570312 0.898438 0.1
0.585938 0.898438 0.1
0.601562 0.898438 0.1
0.617188 0.898438 0.1
0.632812 0.898438 0.1
0.648438 0.898438 0.1
0.664062 0.898438 0.1
0.679688 0.898438 0.1
0.695312 0.898438 0.1
0.710938 0.898438 0.1
0.726562 0.898438 0.1
0.742188 0.898438 0.1
0.757812 0.898438 0.1
0.773438 0.898438 0.1
0.789062 0.898438 0.1
0.804688 0.898438 0.1
0.820312 0.898438 0.1
0.835938 0.898438 0.1
0.851562 0.898438 0.1
0.867188 0.898438 0.1
0.882812 0.898438 0.1
0.898438 0.898438 0.1
0.914062 0.898438 0.1
0.929688 0.898438 0.1
0.945312 0.898438 0.1
0.960938 0.898438 0.1
0.976562 0.898438 0.1
0.992188 0.898438 0.1

0.0078125 0.914062 1
0.0234375 0.914062 1
0.0390625 0.914062 1
0.0546875 0.914062 1
0.0703125 0.914062 1
0.0859375 0.914062 1
0.101562 0.914062 1
0.117188 0.914062 1
0.132812 0.914062 1
0.148438 0.914062 1
0.164062 0.914062 1
0.179688 0.914062 1
0.195312 0.914062 1
0.210938 0.914062 1
0.226562 0.914062 1
0.242188 0.914062 1
0.257812 0.914062 1
0.273438 0.914062 0.999954
0.289062 0.914062 0.99932
0.304688 0.914062 0.995282
0.320312 0.914062 0.979522
0.335938 0.914062 0.937246
0.351562 0.914062 0.85217
0.367188 0.914062 0.722524
0.382812 0.914062 0.541703
0.398438 0.914062 0.402802
0.414062 0.914062 0.305102
0.429688 0.914062 0.29653
0.445312 0.914062 0.30057
0.460938 0.914062 0.300711
0.476562 0.914062 0.290772
0.492188 0.914062 0.235477
0.507812 0.914062 0.118261
0.523438 0.914062 0.10019
0.539062 0.914062 0.100001
0.554688 0.914062 0.1
0.570312 0.914062 0.1
0.585938 0.914062 0.1
0.601562 0.914062 0.1
0.617188 0.914062 0.1
0.632812 0.914062 0.1
0.648438 0.914062 0.1
0.664062 0.914062 0.1
0.679688 0.914062 0.1
0.695312 0.914062 0.1
0.710938 0.914062 0.1
0.726562 0.914062 0.1
0.742188 0.914062 0.1
0.757812 0.914062 0.1
0.773438 0.914062 0.1
0.789062 0.914062 0.1
0.804688 0.914062 0.1
0.820312 0.914062 0.1
0.835938 0.914062 0.1
0.851562 0.914062 0.1
0.867188 0.914062 0.1
0.882812 0.914062 0.1
0.898438 0.914062 0.1
0.914062 0.914062 0.1
0.929688 0.914062 0.1
0.945312 0.914062 0.1
0.960938 0.914062 0.1
0.976562 0.914062 0.1
0.992188 0.914062 0.1

0.0078125 0.929688 1
0.0234375 0.929688 1
0.0390625 0.929688 1
0.0546875 0.929688 1
0.0703125 0.929688 1
0.0859375 0.929688 1
0.101562 0.929688 1
0.117188 0.929688 1
0.132812 0.929688 1
0.148438 0.929688 1
0.164062 0.929688 1
0.179688 0.929688 1
0.195312 0.929688 1
0.210938 0.929688 1
0.226562 0.929688 1
0.242188 0.929688 1
0.257812 0.929688 1
0.273438 0.929688 0.999954
0.289062 0.929688 0.99932
0.304688 0.929688 0.995282
0.320312 0.929688 0.979522
0.335938 0.929688 0.937246
0.351562 0.929688 0.85217
0.367188 0.929688 0.722524
0.382812 0.929688 0.541703
0.398438 0.929688 0.402802
0.414062 0.929688 0.305102
0.429688 0.929688 0.29653
0.445312 0.929688 0.30057
0.460938 0.929688 0.300711
0.476562 0.929688 0.290772
0.492188 0.929688 0.235477
0.507812 0.929688 0.118261
0.523438 0.929688 0.10019
0.539062 0.929688 0.100001
0.554688 0.929688 0.1
0.570312 0.929688 0.1
0.585938 0.929688 0.1
0.601562 0.929688 0.1
0.617188 0.929688 0.1
0.632812 0.929688 0.1
0.648438 0.929688 0.1
0.664062 0.929688 0.1
0.679688 0.929688 0.1
0.695312 0.929688 0.1
0.710938 0.929688 0.1
0.726562 0.929688 0.1
0.742188 0.929688 0.1
0.757812 0.929688 0.1
0.773438 0.929688 0.1
0.789062 0.929688 0.1
0.804688 0.929688 0.1
0.820312 0.929688 0.1
0.835938 0.929688 0.1
0.851562 0.929688 0.1
0.867188 0.929688 0.1
0.882812 0.929688 0.1
0.898438 0.929688 0.1
0.914062 0.929688 0.1
0.929688 0.929688 0.1
0.945312 0.929688 0.1
0.960938 0.929688 0.1
0.976562 0.929688 0.1
0.992188 0.929688 0.1

0.0078125 0.945312 1
0.0234375 0.945312 1
0.0390625 0.945312 1
0.0546875 0.945312 1
0.0703125 0.945312 1
0.0859375 0.945312 1
0.101562 0.945312 1
0.117188 0.945312 1
0.132812 0.945312 1
0.148438 0.945312 1
0.164062 0.945312 1
0.179688 0.945312 1
0.195312 0.945312 1
0.210938 0.945312 1
0.226562 0.945312 1
0.242188 0.945312 1
0.257812 0.945312 1
0.273438 0.945312 0.999954
0.289062 0.945312 0.99932
0.304688 0.945312 0.995282
0.320312 0.945312 0.979522
0.335938 0.945312 0.937246
0.351562 0.945312 0.85217
0.367188 0.945312 0.722524
0.382812 0.945312 0.541703
0.398438 0.945312 0.402802
0.414062 0.945312 0.305102
0.429688 0.945312 0.29653
0.445312 0.945312 0.30057
0.460938 0.945312 0.300711
0.476562 0.945312 0.290772
0.492188 0.945312 0.235477
0.507812 0.945312 0.118261
0.523438 0.945312 0.10019
0.539062 0.945312 0.100001
0.554688 0.945312 0.1
0.570312 0.945312 0.1
0.585938 0.945312 0.1
0.601562 0.945312 0.1
0.617188 0.945312 0.1
0.632812 0.945312 0.1
0.648438 0.945312 0.1
0.664062 0.945312 0.1
0.679688 0.945312 0.1
0.695312 0.945312 0.1
0.710938 0.945312 0.1
0.726562 0.945312 0.1
0.742188 0.945312 0.1
0.757812 0.945312 0.1
0.773438 0.945312 0.1
0.789062 0.945312 0.1
0.804688 0.945312 0.1
0.820312 0.945312 0.1
0.835938 0.945312 0.1
0.851562 0.945312 0.1
0.867188 0.945312 0.1
0.882812 0.945312 0.1
0.898438 0.945312 0.1
0.914062 0.945312 0.1
0.929688 0.945312 0.1
0.945312 0.945312 0.1
0.960938 0.945312 0.1
0.976562 0.945312 0.1
0.992188 0.945312 0.1

0.0078125 0.960938 1
0.0234375 0.960938 1
0.0390625 0.960938 1
0.0546875 0.960938 1
0.0703125 0.960938 1
0.0859375 0.960938 1
0.101562 0.960938 1
0.117188 0.960938 1
0.132812 0.960938 1
0.148438 0.960938 1
0.164062 0.960938 1
0.179688 0.960938 1
0.195312 0.960938 1
0.210938 0.960938 1
0.226562 0.960938 1
0.242188 0.960938 1
0.257812 0.960938 1
0.273438 0.960938 0.999954
0.289062 0.960938 0.99932
0.304688 0.960938 0.995282
0.320312 0.960938 0.979522
0.335938 0.960938 0.937246
0.351562 0.960938 0.85217
0.367188 0.960938 0.722524
0.382812 0.960938 0.541703
0.398438 0.960938 0.402802
0.414062 0.960938 0.305102
0.429688 0.960938 0.29653
0.445312 0.960938 0.30057
0.460938 0.960938 0.300711
0.476562 0.960938 0.290772
0.492188 0.960938 0.235477
0.507812 0.960938 0.118261
0.523438 0.960938 0.10019
0.539062 0.960938 0.100001
0.554688 0.960938 0.1
0.570312 0.960938 0.1
0.585938 0.960938 0.1
0.601562 0.960938 0.1
0.617188 0.960938 0.1
0.632812 0.960938 0.1
0.648438 0.960938 0.1
0.664062 0.960938 0.1
0.679688 0.960938 0.1
0.695312 0.960938 0.1
0.710938 0.960938 0.1
0.726562 0.960938 0.1
0.742188 0.960938 0.1
0.757812 0.960938 0.1
0.773438 0.960938 0.1
0.789062 0.960938 0.1
0.804688 0.960938 0.1
0.820312 0.960938 0.1
0.835938 0.960938 0.1
0.851562 0.960938 0.1
0.867188 0.960938 0.1
0.882812 0.960938 0.1
0.898438 0.960938 0.1
0.914062 0.960938 0.1
0.929688 0.960938 0.1
0.945312 0.960938 0.1
0.960938 0.960938 0.1
0.976562 0.960938 0.1
0.992188 0.960938 0.1

0.0078125 0.976562 1
0.0234375 0.976562 1
0.0390625 0.976562 1
0.0546875 0.976562 1
0.0703125 0.976562 1
0.0859375 0.976562 1
0.101562 0.976562 1
0.117188 0.976562 1
0.132812 0.976562 1
0.148438 0.976562 1
0.164062 0.976562 1
0.179688 0.976562 1
0.195312 0.976562 1
0.210938 0.976562 1
0.226562 0.976562 1
0.242188 0.976562 1
0.257812 0.976562 1
0.273438 0.976562 0.999954
0.289062 0.976562 0.99932
0.304688 0.976562 0.995282
0.320312 0.976562 0.979522
0.335938 0.976562 0.937246
0.351562 0.976562 0.85217
0.367188 0.976562 0.722524
0.382812 0.976562 0.541703
0.398438 0.976562 0.402802
0.414062 0.976562 0.305102
0.429688 0.976562 0.29653
0.445312 0.976562 0.30057
0.460938 0.976562 0.300711
0.476562 0.976562 0.290772
0.492188 0.976562 0.235477
0.507812 0.976562 0.118261
0.523438 0.976562 0.10019
0.539062 0.976562 0.100001
0.554688 0.976562 0.1
0.570312 0.976562 0.1
0.585938 0.976562 0.1
0.601562 0.976562 0.1
0.617188 0.976562 0.1
0.632812 0.976562 0.1
0.648438 0.976562 0.1
0.664062 0.976562 0.1
0.679688 0.976562 0.1
0.695312 0.976562 0.1
0.710938 0.976562 0.1
0.726562 0.976562 0.1
0.742188 0.976562 0.1
0.757812 0.976562 0.1
0.773438 0.976562 0.1
0.789062 0.976562 0.1
0.804688 0.976562 0.1
0.820312 0.976562 0.1
0.835938 0.976562 0.1
0.851562 0.976562 0.1
0.867188 0.976562 0.1
0.882812 0.976562 0.1
0.898438 0.976562 0.1
0.914062 0.976562 0.1
0.929688 0.976562 0.1
0.945312 0.976562 0.1
0.960938 0.976562 0.1
0.976562 0.976562 0.1
0.992188 0.976562 0.1

0.0078125 0.992188 1
0.0234375 0.992188 1
0.0390625 0.992188 1
0.0546875 0.992188 1
0.0703125 0.992188 1
0.0859375 0.992188 1
0.101562 0.992188 1
0.117188 0.992188 1
0.132812 0.992188 1
0.148438 0.992188 1
0.164062 0.992188 1
0.179688 0.992188 1
0.195312 0.992188 1
0.210938 0.992188 1
0.226562 0.992188 1
0.242188 0.992188 1
0.257812 0.992188 1
0.273438 0.992188 0.999954
0.289062 0.992188 0.99932
0.304688 0.992188 0.995282
0.320312 0.992188 0.979522
0.335938 0.992188 0.937246
0.351562 0.992188 0.85217
0.367188 0.992188 0.722524
0.382812 0.992188 0.541703
0.398438 0.992188 0.402802
0.414062 0.992188 0.305102
0.429688 0.992188 0.29653
0.445312 0.992188 0.30057
0.460938 0.992188 0.300711
0.476562 0.992188 0.290772
0.492188 0.992188 0.235477
0.507812 0.992188 0.118261
0.523438 0.992188 0.10019
0.539062 0.992188 0.100001
0.554688 0.992188 0.1
0.570312 0.992188 0.1
0.585938 0.992188 0.1
0.601562 0.992188 0.1
0.617188 0.992188 0.1
0.632812 0.992188 0.1
0.648438 0.992188 0.1
0.664062 0.992188 0.1
0.679688 0.992188 0.1
0.695312 0.992188 0.1
0.710938 0.992188 0.1
0.726562 0.992188 0.1
0.742188 0.992188 0.1
0.757812 0.992188 0.1
0.773438 0.992188 0.1
0.789062 0.992188 0.1
0.804688 0.992188 0.1
0.820312 0.992188 0.1
0.835938 0.992188 0.1
0.851562 0.992188 0.1
0.867188 0.992188 0.1
0.882812 0.992188 0.1
0.898438 0.992188 0.1
0.914062 0.992188 0.1
0.929688 0.992188 0.1
0.945312 0.992188 0.1
0.960938 0.992188 0.1
0.976562 0.992188 0.1
0.992188 0.992188 0.1

