0.001 2500
0.003 2500
0.005 2500
0.007 2500
0.009 2500
0.011 2500
0.013 2500
0.015 2500
0.017 2500
0.019 2500
0.021 2500
0.023 2500
0.025 2500
0.027 2500
0.029 2500
0.031 2500
0.033 2500
0.035 2500
0.037 2500
0.039 2500
0.041 2500
0.043 2500
0.045 2500
0.047 2500
0.049 2500
0.051 2500
0.053 2500
0.055 2500
0.057 2500
0.059 2500
0.061 2500
0.063 2500
0.065 2500
0.067 2500
0.069 2500
0.071 2500
0.073 2500
0.075 2500
0.077 2500
0.079 2500
0.081 2500
0.083 2500
0.085 2500
0.087 2500
0.089 2500
0.091 2500
0.093 2500
0.095 2500
0.097 2500
0.099 2500
0.101 2500
0.103 2500
0.105 2500
0.107 2500
0.109 2500
0.111 2500
0.113 2500
0.115 2500
0.117 2500
0.119 2500
0.121 2500
0.123 2500
0.125 2500
0.127 2500
0.129 2500
0.131 2500
0.133 2500
0.135 2500
0.137 2500
0.139 2500
0.141 2500
0.143 2500
0.145 2500
0.147 2500
0.149 2500
0.151 2500
0.153 2500
0.155 2500
0.157 2500
0.159 2500
0.161 2500
0.163 2500
0.165 2500
0.167 2500
0.169 2500
0.171 2500
0.173 2500
0.175 2500
0.177 2500
0.179 2500
0.181 2500
0.183 2500
0.185 2500
0.187 2500
0.189 2500
0.191 2500
0.193 2500
0.195 2500
0.197 2500
0.199 2500
0.201 2500
0.203 2500
0.205 2500
0.207 2500
0.209 2500
0.211 2500
0.213 2500
0.215 2500
0.217 2500
0.219 2500
0.221 2500
0.223 2500
0.225 2500
0.227 2500
0.229 2500
0.231 2500
0.233 2500
0.235 2500
0.237 2500
0.239 2500
0.241 2500
0.243 2500
0.245 2500
0.247 2500
0.249 2500
0.251 2500
0.253 2500
0.255 2500
0.257 2500
0.259 2500
0.261 2500
0.263 2500
0.265 2500
0.267 2500
0.269 2500
0.271 2500
0.273 2500
0.275 2500
0.277 2500
0.279 2500
0.281 2500
0.283 2500
0.285 2500
0.287 2500
0.289 2500
0.291 2500
0.293 2500
0.295 2500
0.297 2500
0.299 2500
0.301 2500
0.303 2500
0.305 2500
0.307 2500
0.309 2500
0.311 2500
0.313 2500
0.315 2500
0.317 2500
0.319 2500
0.321 2500
0.323 2500
0.325 2500
0.327 2500
0.329 2500
0.331 2500
0.333 2500
0.335 2500
0.337 2500
0.339 2500
0.341 2500
0.343 2500
0.345 2500
0.347 2500
0.349 2500
0.351 2500
0.353 2500
0.355 2500
0.357 2500
0.359 2500
0.361 2500
0.363 2500
0.365 2500
0.367 2500
0.369 2500
0.371 2500
0.373 2500
0.375 2500
0.377 2500
0.379 2500
0.381 2500
0.383 2500
0.385 2500
0.387 2500
0.389 2500
0.391 2500
0.393 2500
0.395 2500
0.397 2500
0.399 2500
0.401 2500
0.403 2500
0.405 2500
0.407 2500
0.409 2500
0.411 2500
0.413 2500
0.415 2500
0.417 2500
0.419 2500
0.421 2500
0.423 2500
0.425 2500
0.427 2500
0.429 2500
0.431 2500
0.433 2500
0.435 2500
0.437 2500
0.439 2500
0.441 2500
0.443 2500
0.445 2500
0.447 2500
0.449 2500
0.451 2500
0.453 2500
0.455 2500
0.457 2464.86
0.459 2428.14
0.461 2391.7
0.463 2355.53
0.465 2319.64
0.467 2284.02
0.469 2248.68
0.471 2213.61
0.473 2178.82
0.475 2144.3
0.477 2110.06
0.479 2076.1
0.481 2042.41
0.483 2009
0.485 2003.67
0.487 2003.67
0.489 2003.67
0.491 2003.67
0.493 2003.67
0.495 2003.67
0.497 2003.67
0.499 2003.67
0.501 2003.67
0.503 2003.67
0.505 2003.67
0.507 2003.67
0.509 2003.67
0.511 2003.67
0.513 2003.67
0.515 2003.67
0.517 2003.67
0.519 2003.67
0.521 2003.67
0.523 2003.67
0.525 192.063
0.527 192.063
0.529 0.025
0.531 0.025
0.533 0.025
0.535 0.025
0.537 0.025
0.539 0.025
0.541 0.025
0.543 0.025
0.545 0.025
0.547 0.025
0.549 0.025
0.551 0.025
0.553 0.025
0.555 0.025
0.557 0.025
0.559 0.025
0.561 0.025
0.563 0.025
0.565 0.025
0.567 0.025
0.569 0.025
0.571 0.025
0.573 0.025
0.575 0.025
0.577 0.025
0.579 0.025
0.581 0.025
0.583 0.025
0.585 0.025
0.587 0.025
0.589 0.025
0.591 0.025
0.593 0.025
0.595 0.025
0.597 0.025
0.599 0.025
0.601 0.025
0.603 0.025
0.605 0.025
0.607 0.025
0.609 0.025
0.611 0.025
0.613 0.025
0.615 0.025
0.617 0.025
0.619 0.025
0.621 0.025
0.623 0.025
0.625 0.025
0.627 0.025
0.629 0.025
0.631 0.025
0.633 0.025
0.635 0.025
0.637 0.025
0.639 0.025
0.641 0.025
0.643 0.025
0.645 0.025
0.647 0.025
0.649 0.025
0.651 0.025
0.653 0.025
0.655 0.025
0.657 0.025
0.659 0.025
0.661 0.025
0.663 0.025
0.665 0.025
0.667 0.025
0.669 0.025
0.671 0.025
0.673 0.025
0.675 0.025
0.677 0.025
0.679 0.025
0.681 0.025
0.683 0.025
0.685 0.025
0.687 0.025
0.689 0.025
0.691 0.025
0.693 0.025
0.695 0.025
0.697 0.025
0.699 0.025
0.701 0.025
0.703 0.025
0.705 0.025
0.707 0.025
0.709 0.025
0.711 0.025
0.713 0.025
0.715 0.025
0.717 0.025
0.719 0.025
0.721 0.025
0.723 0.025
0.725 0.025
0.727 0.025
0.729 0.025
0.731 0.025
0.733 0.025
0.735 0.025
0.737 0.025
0.739 0.025
0.741 0.025
0.743 0.025
0.745 0.025
0.747 0.025
0.749 0.025
0.751 0.025
0.753 0.025
0.755 0.025
0.757 0.025
0.759 0.025
0.761 0.025
0.763 0.025
0.765 0.025
0.767 0.025
0.769 0.025
0.771 0.025
0.773 0.025
0.775 0.025
0.777 0.025
0.779 0.025
0.781 0.025
0.783 0.025
0.785 0.025
0.787 0.025
0.789 0.025
0.791 0.025
0.793 0.025
0.795 0.025
0.797 0.025
0.799 0.025
0.801 0.025
0.803 0.025
0.805 0.025
0.807 0.025
0.809 0.025
0.811 0.025
0.813 0.025
0.815 0.025
0.817 0.025
0.819 0.025
0.821 0.025
0.823 0.025
0.825 0.025
0.827 0.025
0.829 0.025
0.831 0.025
0.833 0.025
0.835 0.025
0.837 0.025
0.839 0.025
0.841 0.025
0.843 0.025
0.845 0.025
0.847 0.025
0.849 0.025
0.851 0.025
0.853 0.025
0.855 0.025
0.857 0.025
0.859 0.025
0.861 0.025
0.863 0.025
0.865 0.025
0.867 0.025
0.869 0.025
0.871 0.025
0.873 0.025
0.875 0.025
0.877 0.025
0.879 0.025
0.881 0.025
0.883 0.025
0.885 0.025
0.887 0.025
0.889 0.025
0.891 0.025
0.893 0.025
0.895 0.025
0.897 0.025
0.899 0.025
0.901 0.025
0.903 0.025
0.905 0.025
0.907 0.025
0.909 0.025
0.911 0.025
0.913 0.025
0.915 0.025
0.917 0.025
0.919 0.025
0.921 0.025
0.923 0.025
0.925 0.025
0.927 0.025
0.929 0.025
0.931 0.025
0.933 0.025
0.935 0.025
0.937 0.025
0.939 0.025
0.941 0.025
0.943 0.025
0.945 0.025
0.947 0.025
0.949 0.025
0.951 0.025
0.953 0.025
0.955 0.025
0.957 0.025
0.959 0.025
0.961 0.025
0.963 0.025
0.965 0.025
0.967 0.025
0.969 0.025
0.971 0.025
0.973 0.025
0.975 0.025
0.977 0.025
0.979 0.025
0.981 0.025
0.983 0.025
0.985 0.025
0.987 0.025
0.989 0.025
0.991 0.025
0.993 0.025
0.995 0.025
0.997 0.025
0.999 0.025
