0.005 1
0.015 1
0.025 1
0.035 1
0.045 1
0.055 1
0.065 1
0.075 1
0.085 1
0.095 1
0.105 1
0.115 1
0.125 1
0.135 1
0.145 1
0.155 1
0.165 1
0.175 1
0.185 1
0.195 1
0.205 1
0.215 1
0.225 1
0.235 1
0.245 1
0.255 1
0.265 1
0.275 1
0.285 1
0.295 1
0.305 1
0.315 1
0.325 1
0.335 1
0.345 1
0.355 1
0.365 1
0.375 1
0.385 1
0.395 1
0.405 0.431504
0.415 0.412676
0.425 0.394556
0.435 0.377123
0.445 0.360355
0.455 0.344229
0.465 0.328726
0.475 0.313826
0.485 0.299508
0.495 0.285753
0.505 0.272544
0.515 0.259862
0.525 0.247688
0.535 0.236007
0.545 0.224802
0.555 0.214055
0.565 0.203752
0.575 0.193877
0.585 0.184415
0.595 0.175352
0.605 0.166673
0.615 0.158365
0.625 0.150414
0.635 0.142808
0.645 0.135534
0.655 0.12858
0.665 0.121935
0.675 0.115585
0.685 0.30313
0.695 0.30313
0.705 0.30313
0.715 0.30313
0.725 0.30313
0.735 0.30313
0.745 0.30313
0.755 0.30313
0.765 0.30313
0.775 0.30313
0.785 0.30313
0.795 0.30313
0.805 0.30313
0.815 0.30313
0.825 0.30313
0.835 0.30313
0.845 0.30313
0.855 0.30313
0.865 0.30313
0.875 0.30313
0.885 0.30313
0.895 0.30313
0.905 0.30313
0.915 0.30313
0.925 0.30313
0.935 0.30313
0.945 0.30313
0.955 0.30313
0.965 0.30313
0.975 0.30313
0.985 0.30313
0.995 0.30313
