0.005 1
0.015 1
0.025 1
0.035 1
0.045 1
0.055 1
0.065 1
0.075 1
0.085 1
0.095 1
0.105 1
0.115 1
0.125 1
0.135 1
0.145 1
0.155 1
0.165 1
0.175 1
0.185 1
0.195 1
0.205 1
0.215 1
0.225 1
0.235 1
0.245 1
0.255 1
0.265 1
0.275 1
0.285 1
0.295 1
0.305 1
0.315 1
0.325 0.983796
0.335 0.920778
0.345 0.861252
0.355 0.805055
0.365 0.752031
0.375 0.702029
0.385 0.654905
0.395 0.610518
0.405 0.568735
0.415 0.529427
0.425 0.492472
0.435 0.45775
0.445 0.425148
0.455 0.394556
0.465 0.365872
0.475 0.338993
0.485 0.313826
0.495 0.30313
0.505 0.30313
0.515 0.30313
0.525 0.30313
0.535 0.30313
0.545 0.30313
0.555 0.30313
0.565 0.30313
0.575 0.30313
0.585 0.30313
0.595 0.30313
0.605 0.30313
0.615 0.30313
0.625 0.30313
0.635 0.30313
0.645 0.30313
0.655 0.30313
0.665 0.30313
0.675 0.30313
0.685 0.30313
0.695 0.30313
0.705 0.30313
0.715 0.30313
0.725 0.30313
0.735 0.30313
0.745 0.30313
0.755 0.30313
0.765 0.1
0.775 0.1
0.785 0.1
0.795 0.1
0.805 0.1
0.815 0.1
0.825 0.1
0.835 0.1
0.845 0.1
0.855 0.1
0.865 0.1
0.875 0.1
0.885 0.1
0.895 0.1
0.905 0.1
0.915 0.1
0.925 0.1
0.935 0.1
0.945 0.1
0.955 0.1
0.965 0.1
0.975 0.1
0.985 0.1
0.995 0.1
