0.0025 1 0.0144115 -0.489965
0.0075 1 0.0144115 -0.484965
0.0125 1 0.0144115 -0.479965
0.0175 1 0.0144115 -0.474965
0.0225 1 0.0144115 -0.469965
0.0275 1 0.0144115 -0.464965
0.0325 1 0.0144115 -0.459965
0.0375 1 0.0144115 -0.454965
0.0425 1 0.0144115 -0.449965
0.0475 1 0.0144115 -0.444965
0.0525 1 0.0144115 -0.439965
0.0575 1 0.0144115 -0.434965
0.0625 1 0.0144115 -0.429965
0.0675 1 0.0144115 -0.424965
0.0725 1 0.0144115 -0.419965
0.0775 1 0.0144115 -0.414965
0.0825 1 0.0144115 -0.409965
0.0875 1 0.0144115 -0.404965
0.0925 1 0.0144115 -0.399965
0.0975 1 0.0144115 -0.394965
0.1025 1 0.0144115 -0.389965
0.1075 1 0.0144115 -0.384965
0.1125 1 0.0144115 -0.379965
0.1175 1 0.0144115 -0.374965
0.1225 1 0.0144115 -0.369965
0.1275 1 0.0144115 -0.364965
0.1325 1 0.0144115 -0.359965
0.1375 1 0.0144115 -0.354965
0.1425 1 0.0144115 -0.349965
0.1475 1 0.0144115 -0.344965
0.1525 1 0.0144115 -0.339965
0.1575 1 0.0144115 -0.334965
0.1625 1 0.0144115 -0.329965
0.1675 1 0.0144115 -0.324965
0.1725 1 0.0144115 -0.319965
0.1775 1 0.0144115 -0.314965
0.1825 1 0.0144115 -0.309965
0.1875 1 0.0144115 -0.304965
0.1925 1 0.0144115 -0.299965
0.1975 1 0.0144115 -0.294965
0.2025 1 0.0144115 -0.289965
0.2075 1 0.0144115 -0.284965
0.2125 1 0.0144115 -0.279965
0.2175 1 0.0144115 -0.274965
0.2225 1 0.0144115 -0.269965
0.2275 1 0.0144115 -0.264965
0.2325 1 0.0144115 -0.259965
0.2375 1 0.0144115 -0.254965
0.2425 1 0.0144115 -0.249965
0.2475 1 0.0144115 -0.244965
0.2525 1 0.0144115 -0.239965
0.2575 1 0.0144115 -0.234965
0.2625 1 0.0144115 -0.229965
0.2675 1 0.0144115 -0.224965
0.2725 1 0.0144115 -0.219965
0.2775 1 0.0144115 -0.214965
0.2825 1 0.0144115 -0.209965
0.2875 1 0.0144115 -0.204965
0.2925 1 0.0144115 -0.199965
0.2975 1 0.0144115 -0.194965
0.3025 1 0.0144115 -0.189965
0.3075 1 0.0144115 -0.184965
0.3125 1 0.0144115 -0.179965
0.3175 1 0.0144115 -0.174965
0.3225 1 0.0144115 -0.169965
0.3275 1 0.0144115 -0.164965
0.3325 1 0.0144115 -0.159965
0.3375 1 0.0144115 -0.154965
0.3425 1 0.0144115 -0.149965
0.3475 1 0.0144115 -0.144965
0.3525 1 0.0144115 -0.139965
0.3575 1 0.0144115 -0.134965
0.3625 1 0.0144115 -0.129965
0.3675 1 0.0144115 -0.124965
0.3725 1 0.0144115 -0.119965
0.3775 1 0.0144115 -0.114965
0.3825 1 0.0144115 -0.109965
0.3875 1 0.0144115 -0.104965
0.3925 1 0.0144115 -0.0999651
0.3975 0.997672 0.0144115 -0.0949651
0.4025 0.985411 0.0144115 -0.0899683
0.4075 0.954061 0.0144115 -0.0849836
0.4125 0.900114 0.0144115 -0.0800203
0.4175 0.826966 0.0144115 -0.0750808
0.4225 0.741128 0.0144115 -0.0701626
0.4275 0.648981 0.0144115 -0.0652612
0.4325 0.555651 0.0144115 -0.0603732
0.4375 0.465018 0.0144115 -0.0554962
0.4425 0.379969 0.0144115 -0.0506292
0.4475 0.302584 0.0144115 -0.0457717
0.4525 0.23425 0.0144115 -0.040924
0.4575 0.17572 0.0144115 -0.0360869
0.4625 0.127177 0.0144115 -0.0312619
0.4675 0.0883095 0.0144115 -0.0264512
0.4725 0.0582784 0.0144115 -0.0216573
0.4775 0.0360579 0.0144115 -0.0168811
0.4825 0.0206801 0.0144115 -0.012126
0.4875 0.0110826 0.0144115 -0.00732068
0.4925 0.0144542 0.0144115 -0.000425298
0.4975 0.0144115 0.0144115 0.00701861
0.5025 0.0144115 0.0144589 0.00749809
0.5075 0.0144115 0.0149882 0.0124984
0.5125 0.0144115 0.0115933 0.017363
0.5175 0.0144115 0.0209764 0.0221223
0.5225 0.0144115 0.0362562 0.0268798
0.5275 0.0144115 0.0584106 0.0316569
0.5325 0.0144115 0.0883945 0.0364511
0.5375 0.0144115 0.127228 0.0412619
0.5425 0.0144115 0.175747 0.0460869
0.5475 0.0144115 0.23426 0.050924
0.5525 0.0144115 0.302585 0.0557717
0.5575 0.0144115 0.379965 0.0606292
0.5625 0.0144115 0.465013 0.0654962
0.5675 0.0144115 0.555647 0.0703732
0.5725 0.0144115 0.648979 0.0752612
0.5775 0.0144115 0.741128 0.0801626
0.5825 0.0144115 0.826966 0.0850808
0.5875 0.0144115 0.900114 0.0900203
0.5925 0.0144115 0.954061 0.0949836
0.5975 0.0144115 0.985411 0.0999683
0.6025 0.0144115 0.997672 0.104965
0.6075 0.0144115 1 0.109965
0.6125 0.0144115 1 0.114965
0.6175 0.0144115 1 0.119965
0.6225 0.0144115 1 0.124965
0.6275 0.0144115 1 0.129965
0.6325 0.0144115 1 0.134965
0.6375 0.0144115 1 0.139965
0.6425 0.0144115 1 0.144965
0.6475 0.0144115 1 0.149965
0.6525 0.0144115 1 0.154965
0.6575 0.0144115 1 0.159965
0.6625 0.0144115 1 0.164965
0.6675 0.0144115 1 0.169965
0.6725 0.0144115 1 0.174965
0.6775 0.0144115 1 0.179965
0.6825 0.0144115 1 0.184965
0.6875 0.0144115 1 0.189965
0.6925 0.0144115 1 0.194965
0.6975 0.0144115 1 0.199965
0.7025 0.0144115 1 0.204965
0.7075 0.0144115 1 0.209965
0.7125 0.0144115 1 0.214965
0.7175 0.0144115 1 0.219965
0.7225 0.0144115 1 0.224965
0.7275 0.0144115 1 0.229965
0.7325 0.0144115 1 0.234965
0.7375 0.0144115 1 0.239965
0.7425 0.0144115 1 0.244965
0.7475 0.0144115 1 0.249965
0.7525 0.0144115 1 0.254965
0.7575 0.0144115 1 0.259965
0.7625 0.0144115 1 0.264965
0.7675 0.0144115 1 0.269965
0.7725 0.0144115 1 0.274965
0.7775 0.0144115 1 0.279965
0.7825 0.0144115 1 0.284965
0.7875 0.0144115 1 0.289965
0.7925 0.0144115 1 0.294965
0.7975 0.0144115 1 0.299965
0.8025 0.0144115 1 0.304965
0.8075 0.0144115 1 0.309965
0.8125 0.0144115 1 0.314965
0.8175 0.0144115 1 0.319965
0.8225 0.0144115 1 0.324965
0.8275 0.0144115 1 0.329965
0.8325 0.0144115 1 0.334965
0.8375 0.0144115 1 0.339965
0.8425 0.0144115 1 0.344965
0.8475 0.0144115 1 0.349965
0.8525 0.0144115 1 0.354965
0.8575 0.0144115 1 0.359965
0.8625 0.0144115 1 0.364965
0.8675 0.0144115 1 0.369965
0.8725 0.0144115 1 0.374965
0.8775 0.0144115 1 0.379965
0.8825 0.0144115 1 0.384965
0.8875 0.0144115 1 0.389965
0.8925 0.0144115 1 0.394965
0.8975 0.0144115 1 0.399965
0.9025 0.0144115 1 0.404965
0.9075 0.0144115 1 0.409965
0.9125 0.0144115 1 0.414965
0.9175 0.0144115 1 0.419965
0.9225 0.0144115 1 0.424965
0.9275 0.0144115 1 0.429965
0.9325 0.0144115 1 0.434965
0.9375 0.0144115 1 0.439965
0.9425 0.0144115 1 0.444965
0.9475 0.0144115 1 0.449965
0.9525 0.0144115 1 0.454965
0.9575 0.0144115 1 0.459965
0.9625 0.0144115 1 0.464965
0.9675 0.0144115 1 0.469965
0.9725 0.0144115 1 0.474965
0.9775 0.0144115 1 0.479965
0.9825 0.0144115 1 0.484965
0.9875 0.0144115 1 0.489965
0.9925 0.0144115 1 0.494965
0.9975 0.0144115 1 0.499965
