0.0025 1.33251 0.1379 -0.4975
0.0075 1.33259 0.1379 -0.492708
0.0125 1.33265 0.1379 -0.487708
0.0175 1.33271 0.1379 -0.482708
0.0225 1.33276 0.1379 -0.477708
0.0275 1.33279 0.1379 -0.472708
0.0325 1.33283 0.1379 -0.467708
0.0375 1.33285 0.1379 -0.462708
0.0425 1.33288 0.1379 -0.457708
0.0475 1.3329 0.1379 -0.452708
0.0525 1.3329 0.1379 -0.447708
0.0575 1.33281 0.1379 -0.442708
0.0625 1.33248 0.1379 -0.437708
0.0675 1.33175 0.1379 -0.432708
0.0725 1.33063 0.1379 -0.427708
0.0775 1.32937 0.1379 -0.422708
0.0825 1.32831 0.1379 -0.417708
0.0875 1.32771 0.1379 -0.412708
0.0925 1.32766 0.1379 -0.407708
0.0975 1.32802 0.1379 -0.402708
0.1025 1.3286 0.1379 -0.397708
0.1075 1.32922 0.1379 -0.392708
0.1125 1.32979 0.1379 -0.387708
0.1175 1.33025 0.1379 -0.382708
0.1225 1.3306 0.1379 -0.377708
0.1275 1.33085 0.1379 -0.372708
0.1325 1.33096 0.1379 -0.367708
0.1375 1.33084 0.1379 -0.362708
0.1425 1.33031 0.1379 -0.357707
0.1475 1.329 0.1379 -0.352706
0.1525 1.32627 0.1379 -0.347705
0.1575 1.32104 0.1379 -0.342701
0.1625 1.31173 0.1379 -0.337696
0.1675 1.29626 0.1379 -0.332686
0.1725 1.2724 0.1379 -0.327671
0.1775 1.23874 0.1379 -0.322651
0.1825 1.19606 0.1379 -0.317624
0.1875 1.14848 0.1379 -0.312594
0.1925 1.10264 0.1379 -0.307565
0.1975 1.06471 0.1379 -0.302541
0.2025 1.03752 0.1379 -0.297523
0.2075 1.02028 0.1379 -0.292512
0.2125 1.01035 0.1379 -0.287506
0.2175 1.00503 0.1379 -0.282503
0.2225 1.00234 0.1379 -0.277501
0.2275 1.00105 0.1379 -0.272501
0.2325 1.00045 0.1379 -0.2675
0.2375 1.00019 0.1379 -0.2625
0.2425 1.00007 0.1379 -0.2575
0.2475 1.00003 0.1379 -0.2525
0.2525 1.00001 0.1379 -0.2475
0.2575 1 0.1379 -0.2425
0.2625 1 0.1379 -0.2375
0.2675 1 0.1379 -0.2325
0.2725 1 0.1379 -0.2275
0.2775 1 0.1379 -0.2225
0.2825 1 0.1379 -0.2175
0.2875 1 0.1379 -0.2125
0.2925 1 0.1379 -0.2075
0.2975 1 0.1379 -0.2025
0.3025 1 0.1379 -0.1975
0.3075 1 0.1379 -0.1925
0.3125 1 0.1379 -0.1875
0.3175 1 0.1379 -0.1825
0.3225 1 0.1379 -0.1775
0.3275 1 0.1379 -0.1725
0.3325 1 0.1379 -0.1675
0.3375 1 0.1379 -0.1625
0.3425 1 0.1379 -0.1575
0.3475 1 0.1379 -0.1525
0.3525 1 0.1379 -0.1475
0.3575 1 0.1379 -0.1425
0.3625 1 0.1379 -0.1375
0.3675 1 0.1379 -0.1325
0.3725 1 0.1379 -0.1275
0.3775 1 0.1379 -0.1225
0.3825 1 0.1379 -0.1175
0.3875 1 0.1379 -0.1125
0.3925 1 0.1379 -0.1075
0.3975 1 0.1379 -0.1025
0.4025 1 0.1379 -0.0975
0.4075 1 0.1379 -0.0925
0.4125 1 0.1379 -0.0875
0.4175 1 0.1379 -0.0825
0.4225 1 0.1379 -0.0775
0.4275 1 0.1379 -0.0725
0.4325 1 0.1379 -0.0675
0.4375 1 0.1379 -0.0625
0.4425 1 0.1379 -0.0575
0.4475 1 0.1379 -0.0525
0.4525 1 0.1379 -0.0475
0.4575 1 0.1379 -0.0425
0.4625 1 0.1379 -0.0375
0.4675 1 0.1379 -0.0325
0.4725 1 0.1379 -0.0275
0.4775 1 0.1379 -0.0225
0.4825 1 0.1379 -0.0175
0.4875 1 0.1379 -0.0125
0.4925 1 0.1379 -0.0075
0.4975 1 0.1379 -0.0025
0.5025 0.1379 0.1379 0.0025
0.5075 0.1379 0.1379 0.0075
0.5125 0.1379 0.1379 0.0125
0.5175 0.1379 0.1379 0.0175
0.5225 0.1379 0.1379 0.0225
0.5275 0.1379 0.1379 0.0275
0.5325 0.1379 0.1379 0.0325
0.5375 0.1379 0.1379 0.0375
0.5425 0.1379 0.1379 0.0425
0.5475 0.1379 0.1379 0.0475
0.5525 0.1379 0.1379 0.0525
0.5575 0.1379 0.1379 0.0575
0.5625 0.1379 0.1379 0.0625
0.5675 0.1379 0.1379 0.0675
0.5725 0.1379 0.1379 0.0725
0.5775 0.1379 0.1379 0.0775
0.5825 0.1379 0.1379 0.0825
0.5875 0.1379 0.1379 0.0875
0.5925 0.1379 0.1379 0.0925
0.5975 0.1379 0.1379 0.0975
0.6025 0.1379 0.1379 0.1025
0.6075 0.1379 0.1379 0.1075
0.6125 0.1379 0.1379 0.1125
0.6175 0.1379 0.1379 0.1175
0.6225 0.1379 0.1379 0.1225
0.6275 0.1379 0.1379 0.1275
0.6325 0.1379 0.1379 0.1325
0.6375 0.1379 0.1379 0.1375
0.6425 0.1379 0.1379 0.1425
0.6475 0.1379 0.1379 0.1475
0.6525 0.1379 0.1379 0.1525
0.6575 0.1379 0.1379 0.1575
0.6625 0.1379 0.1379 0.1625
0.6675 0.1379 0.1379 0.1675
0.6725 0.1379 0.1379 0.1725
0.6775 0.1379 0.1379 0.1775
0.6825 0.1379 0.1379 0.1825
0.6875 0.1379 0.1379 0.1875
0.6925 0.1379 0.1379 0.1925
0.6975 0.1379 0.1379 0.1975
0.7025 0.1379 0.1379 0.2025
0.7075 0.1379 0.1379 0.2075
0.7125 0.1379 0.1379 0.2125
0.7175 0.1379 0.1379 0.2175
0.7225 0.1379 0.1379 0.2225
0.7275 0.1379 0.1379 0.2275
0.7325 0.1379 0.1379 0.2325
0.7375 0.1379 0.1379 0.2375
0.7425 0.1379 0.1379 0.2425
0.7475 0.1379 0.1379 0.2475
0.7525 0.1379 0.1379 0.2525
0.7575 0.1379 0.1379 0.2575
0.7625 0.1379 0.1379 0.2625
0.7675 0.1379 0.1379 0.2675
0.7725 0.1379 0.1379 0.2725
0.7775 0.1379 0.1379 0.2775
0.7825 0.1379 0.1379 0.2825
0.7875 0.1379 0.1379 0.2875
0.7925 0.1379 0.1379 0.2925
0.7975 0.1379 0.1379 0.2975
0.8025 0.1379 0.1379 0.3025
0.8075 0.1379 0.1379 0.3075
0.8125 0.1379 0.1379 0.3125
0.8175 0.1379 0.1379 0.3175
0.8225 0.1379 0.1379 0.3225
0.8275 0.1379 0.1379 0.3275
0.8325 0.1379 0.1379 0.3325
0.8375 0.1379 0.1379 0.3375
0.8425 0.1379 0.1379 0.3425
0.8475 0.1379 0.1379 0.3475
0.8525 0.1379 0.1379 0.3525
0.8575 0.1379 0.1379 0.3575
0.8625 0.1379 0.1379 0.3625
0.8675 0.1379 0.1379 0.3675
0.8725 0.1379 0.1379 0.3725
0.8775 0.1379 0.1379 0.3775
0.8825 0.1379 0.1379 0.3825
0.8875 0.1379 0.1379 0.3875
0.8925 0.1379 0.1379 0.3925
0.8975 0.1379 0.1379 0.3975
0.9025 0.1379 0.1379 0.4025
0.9075 0.1379 0.1379 0.4075
0.9125 0.1379 0.1379 0.4125
0.9175 0.1379 0.1379 0.4175
0.9225 0.1379 0.1379 0.4225
0.9275 0.1379 0.1379 0.4275
0.9325 0.1379 0.1379 0.4325
0.9375 0.1379 0.1379 0.4375
0.9425 0.1379 0.1379 0.4425
0.9475 0.1379 0.1379 0.4475
0.9525 0.1379 0.1379 0.4525
0.9575 0.1379 0.1379 0.4575
0.9625 0.1379 0.1379 0.4625
0.9675 0.1379 0.1379 0.4675
0.9725 0.1379 0.1379 0.4725
0.9775 0.1379 0.1379 0.4775
0.9825 0.1379 0.1379 0.4825
0.9875 0.1379 0.1379 0.4875
0.9925 0.1379 0.1379 0.4925
0.9975 0.1379 0.1379 0.4975
