0.0025 1 0.0145373 -0.489965
0.0075 1 0.0145373 -0.484965
0.0125 1 0.0145373 -0.479965
0.0175 1 0.0145373 -0.474965
0.0225 1 0.0145373 -0.469965
0.0275 1 0.0145373 -0.464965
0.0325 1 0.0145373 -0.459965
0.0375 1 0.0145373 -0.454965
0.0425 1 0.0145373 -0.449965
0.0475 1 0.0145373 -0.444965
0.0525 1 0.0145373 -0.439965
0.0575 1 0.0145373 -0.434965
0.0625 1 0.0145373 -0.429965
0.0675 1 0.0145373 -0.424965
0.0725 1 0.0145373 -0.419965
0.0775 1 0.0145373 -0.414965
0.0825 1 0.0145373 -0.409965
0.0875 1 0.0145373 -0.404965
0.0925 1 0.0145373 -0.399965
0.0975 1 0.0145373 -0.394965
0.1025 1 0.0145373 -0.389965
0.1075 1 0.0145373 -0.384965
0.1125 1 0.0145373 -0.379965
0.1175 1 0.0145373 -0.374965
0.1225 1 0.0145373 -0.369965
0.1275 1 0.0145373 -0.364965
0.1325 1 0.0145373 -0.359965
0.1375 1 0.0145373 -0.354965
0.1425 1 0.0145373 -0.349965
0.1475 1 0.0145373 -0.344965
0.1525 1 0.0145373 -0.339965
0.1575 1 0.0145373 -0.334965
0.1625 1 0.0145373 -0.329965
0.1675 1 0.0145373 -0.324965
0.1725 1 0.0145373 -0.319965
0.1775 1 0.0145373 -0.314965
0.1825 1 0.0145373 -0.309965
0.1875 1 0.0145373 -0.304965
0.1925 1 0.0145373 -0.299965
0.1975 1 0.0145373 -0.294965
0.2025 1 0.0145373 -0.289965
0.2075 1 0.0145373 -0.284965
0.2125 1 0.0145373 -0.279965
0.2175 1 0.0145373 -0.274965
0.2225 1 0.0145373 -0.269965
0.2275 1 0.0145373 -0.264965
0.2325 1 0.0145373 -0.259965
0.2375 1 0.0145373 -0.254965
0.2425 1 0.0145373 -0.249965
0.2475 1 0.0145373 -0.244965
0.2525 1 0.0145373 -0.239965
0.2575 1 0.0145373 -0.234965
0.2625 1 0.0145373 -0.229965
0.2675 1 0.0145373 -0.224965
0.2725 1 0.0145373 -0.219965
0.2775 1 0.0145373 -0.214965
0.2825 1 0.0145373 -0.209965
0.2875 1 0.0145373 -0.204965
0.2925 1 0.0145373 -0.199965
0.2975 1 0.0145373 -0.194965
0.3025 1 0.0145373 -0.189965
0.3075 1 0.0145373 -0.184965
0.3125 1 0.0145373 -0.179965
0.3175 1 0.0145373 -0.174965
0.3225 1 0.0145373 -0.169965
0.3275 0.999923 0.0145373 -0.164965
0.3325 0.999229 0.0145373 -0.159965
0.3375 0.996232 0.0145373 -0.154966
0.3425 0.987885 0.0145373 -0.14997
0.3475 0.970833 0.0145373 -0.14498
0.3525 0.943056 0.0145373 -0.139999
0.3575 0.904664 0.0145373 -0.13503
0.3625 0.85742 0.0145373 -0.130071
0.3675 0.803771 0.0145373 -0.125123
0.3725 0.746104 0.0145373 -0.120184
0.3775 0.686412 0.0145373 -0.115251
0.3825 0.626238 0.0145373 -0.110323
0.3875 0.566743 0.0145373 -0.1054
0.3925 0.508805 0.0145373 -0.100481
0.3975 0.453096 0.0145373 -0.0955659
0.4025 0.400137 0.0145373 -0.0906537
0.4075 0.350335 0.0145373 -0.0857447
0.4125 0.303996 0.0145373 -0.0808388
0.4175 0.261336 0.0145373 -0.075936
0.4225 0.222485 0.0145373 -0.0710366
0.4275 0.187491 0.0145373 -0.0661406
0.4325 0.156325 0.0145373 -0.0612483
0.4375 0.128889 0.0145373 -0.0563599
0.4425 0.105024 0.0145373 -0.0514758
0.4475 0.0845214 0.0145373 -0.0465962
0.4525 0.0671229 0.0145373 -0.0417216
0.4575 0.0525501 0.0145373 -0.0368519
0.4625 0.0405479 0.0145373 -0.0319878
0.4675 0.0308459 0.0145373 -0.0271291
0.4725 0.0232006 0.0145373 -0.0222742
0.4775 0.0173891 0.0145373 -0.0174172
0.4825 0.0131456 0.0145373 -0.0125393
0.4875 0.0103846 0.0145373 -0.00760482
0.4925 0.0145156 0.0145373 -0.0017035
0.4975 0.0145373 0.0145373 0.00554979
0.5025 0.0145373 0.014803 0.00746469
0.5075 0.0145373 0.0170439 0.0125262
0.5125 0.0145373 0.0112025 0.0175621
0.5175 0.0145373 0.013653 0.02252
0.5225 0.0145373 0.0176883 0.0274088
0.5275 0.0145373 0.0233969 0.0322701
0.5325 0.0145373 0.0309941 0.0371269
0.5375 0.0145373 0.0406651 0.0419865
0.5425 0.0145373 0.0526442 0.0468512
0.5475 0.0145373 0.067198 0.0517211
0.5525 0.0145373 0.0845806 0.0565959
0.5575 0.0145373 0.105069 0.0614756
0.5625 0.0145373 0.128923 0.0663598
0.5675 0.0145373 0.15635 0.0712483
0.5725 0.0145373 0.187507 0.0761406
0.5775 0.0145373 0.222495 0.0810366
0.5825 0.0145373 0.261341 0.085936
0.5875 0.0145373 0.303997 0.0908388
0.5925 0.0145373 0.350334 0.0957447
0.5975 0.0145373 0.400135 0.100654
0.6025 0.0145373 0.453092 0.105566
0.6075 0.0145373 0.508802 0.110481
0.6125 0.0145373 0.56674 0.1154
0.6175 0.0145373 0.626236 0.120323
0.6225 0.0145373 0.686411 0.125251
0.6275 0.0145373 0.746103 0.130184
0.6325 0.0145373 0.80377 0.135123
0.6375 0.0145373 0.85742 0.140071
0.6425 0.0145373 0.904664 0.14503
0.6475 0.0145373 0.943056 0.149999
0.6525 0.0145373 0.970833 0.15498
0.6575 0.0145373 0.987885 0.15997
0.6625 0.0145373 0.996232 0.164966
0.6675 0.0145373 0.999229 0.169965
0.6725 0.0145373 0.999923 0.174965
0.6775 0.0145373 1 0.179965
0.6825 0.0145373 1 0.184965
0.6875 0.0145373 1 0.189965
0.6925 0.0145373 1 0.194965
0.6975 0.0145373 1 0.199965
0.7025 0.0145373 1 0.204965
0.7075 0.0145373 1 0.209965
0.7125 0.0145373 1 0.214965
0.7175 0.0145373 1 0.219965
0.7225 0.0145373 1 0.224965
0.7275 0.0145373 1 0.229965
0.7325 0.0145373 1 0.234965
0.7375 0.0145373 1 0.239965
0.7425 0.0145373 1 0.244965
0.7475 0.0145373 1 0.249965
0.7525 0.0145373 1 0.254965
0.7575 0.0145373 1 0.259965
0.7625 0.0145373 1 0.264965
0.7675 0.0145373 1 0.269965
0.7725 0.0145373 1 0.274965
0.7775 0.0145373 1 0.279965
0.7825 0.0145373 1 0.284965
0.7875 0.0145373 1 0.289965
0.7925 0.0145373 1 0.294965
0.7975 0.0145373 1 0.299965
0.8025 0.0145373 1 0.304965
0.8075 0.0145373 1 0.309965
0.8125 0.0145373 1 0.314965
0.8175 0.0145373 1 0.319965
0.8225 0.0145373 1 0.324965
0.8275 0.0145373 1 0.329965
0.8325 0.0145373 1 0.334965
0.8375 0.0145373 1 0.339965
0.8425 0.0145373 1 0.344965
0.8475 0.0145373 1 0.349965
0.8525 0.0145373 1 0.354965
0.8575 0.0145373 1 0.359965
0.8625 0.0145373 1 0.364965
0.8675 0.0145373 1 0.369965
0.8725 0.0145373 1 0.374965
0.8775 0.0145373 1 0.379965
0.8825 0.0145373 1 0.384965
0.8875 0.0145373 1 0.389965
0.8925 0.0145373 1 0.394965
0.8975 0.0145373 1 0.399965
0.9025 0.0145373 1 0.404965
0.9075 0.0145373 1 0.409965
0.9125 0.0145373 1 0.414965
0.9175 0.0145373 1 0.419965
0.9225 0.0145373 1 0.424965
0.9275 0.0145373 1 0.429965
0.9325 0.0145373 1 0.434965
0.9375 0.0145373 1 0.439965
0.9425 0.0145373 1 0.444965
0.9475 0.0145373 1 0.449965
0.9525 0.0145373 1 0.454965
0.9575 0.0145373 1 0.459965
0.9625 0.0145373 1 0.464965
0.9675 0.0145373 1 0.469965
0.9725 0.0145373 1 0.474965
0.9775 0.0145373 1 0.479965
0.9825 0.0145373 1 0.484965
0.9875 0.0145373 1 0.489965
0.9925 0.0145373 1 0.494965
0.9975 0.0145373 1 0.499965
