0.0025 1 0.0141527 -0.489965
0.0075 1 0.0141527 -0.484965
0.0125 1 0.0141527 -0.479965
0.0175 1 0.0141527 -0.474965
0.0225 1 0.0141527 -0.469965
0.0275 1 0.0141527 -0.464965
0.0325 1 0.0141527 -0.459965
0.0375 1 0.0141527 -0.454965
0.0425 1 0.0141527 -0.449965
0.0475 1 0.0141527 -0.444965
0.0525 1 0.0141527 -0.439965
0.0575 1 0.0141527 -0.434965
0.0625 1 0.0141527 -0.429965
0.0675 1 0.0141527 -0.424965
0.0725 1 0.0141527 -0.419965
0.0775 1 0.0141527 -0.414965
0.0825 1 0.0141527 -0.409965
0.0875 1 0.0141527 -0.404965
0.0925 1 0.0141527 -0.399965
0.0975 1 0.0141527 -0.394965
0.1025 1 0.0141527 -0.389965
0.1075 1 0.0141527 -0.384965
0.1125 1 0.0141527 -0.379965
0.1175 1 0.0141527 -0.374965
0.1225 1 0.0141527 -0.369965
0.1275 1 0.0141527 -0.364965
0.1325 1 0.0141527 -0.359965
0.1375 1 0.0141527 -0.354965
0.1425 1 0.0141527 -0.349965
0.1475 1 0.0141527 -0.344965
0.1525 1 0.0141527 -0.339965
0.1575 1 0.0141527 -0.334965
0.1625 1 0.0141527 -0.329965
0.1675 1 0.0141527 -0.324965
0.1725 1 0.0141527 -0.319965
0.1775 1 0.0141527 -0.314965
0.1825 1 0.0141527 -0.309965
0.1875 1 0.0141527 -0.304965
0.1925 1 0.0141527 -0.299965
0.1975 1 0.0141527 -0.294965
0.2025 1 0.0141527 -0.289965
0.2075 1 0.0141527 -0.284965
0.2125 1 0.0141527 -0.279965
0.2175 1 0.0141527 -0.274965
0.2225 1 0.0141527 -0.269965
0.2275 1 0.0141527 -0.264965
0.2325 1 0.0141527 -0.259965
0.2375 1 0.0141527 -0.254965
0.2425 1 0.0141527 -0.249965
0.2475 1 0.0141527 -0.244965
0.2525 1 0.0141527 -0.239965
0.2575 1 0.0141527 -0.234965
0.2625 1 0.0141527 -0.229965
0.2675 1 0.0141527 -0.224965
0.2725 1 0.0141527 -0.219965
0.2775 1 0.0141527 -0.214965
0.2825 1 0.0141527 -0.209965
0.2875 1 0.0141527 -0.204965
0.2925 0.999986 0.0141527 -0.199965
0.2975 0.999832 0.0141527 -0.194965
0.3025 0.999021 0.0141527 -0.189965
0.3075 0.996261 0.0141527 -0.184966
0.3125 0.989423 0.0141527 -0.17997
0.3175 0.976141 0.0141527 -0.174978
0.3225 0.954776 0.0141527 -0.169992
0.3275 0.925018 0.0141527 -0.165016
0.3325 0.887771 0.0141527 -0.160048
0.3375 0.844626 0.0141527 -0.155088
0.3425 0.797331 0.0141527 -0.150136
0.3475 0.747468 0.0141527 -0.145189
0.3525 0.69633 0.0141527 -0.140247
0.3575 0.644918 0.0141527 -0.13531
0.3625 0.593986 0.0141527 -0.130375
0.3675 0.544102 0.0141527 -0.125443
0.3725 0.4957 0.0141527 -0.120514
0.3775 0.449115 0.0141527 -0.115587
0.3825 0.404612 0.0141527 -0.110662
0.3875 0.362402 0.0141527 -0.105739
0.3925 0.322649 0.0141527 -0.100818
0.3975 0.285477 0.0141527 -0.0958997
0.4025 0.250972 0.0141527 -0.0909831
0.4075 0.21918 0.0141527 -0.0860686
0.4125 0.19011 0.0141527 -0.0811565
0.4175 0.163734 0.0141527 -0.0762466
0.4225 0.139993 0.0141527 -0.0713393
0.4275 0.118797 0.0141527 -0.0664346
0.4325 0.100028 0.0141527 -0.0615327
0.4375 0.0835498 0.0141527 -0.0566337
0.4425 0.069205 0.0141527 -0.0517378
0.4475 0.0568258 0.0141527 -0.0468451
0.4525 0.0462541 0.0141527 -0.0419557
0.4575 0.0373267 0.0141527 -0.0370697
0.4625 0.0298894 0.0141527 -0.0321865
0.4675 0.0238062 0.0141527 -0.0273048
0.4725 0.018964 0.0141527 -0.0224208
0.4775 0.0151965 0.0141527 -0.017525
0.4825 0.0125629 0.0141527 -0.0125996
0.4875 0.0106924 0.0141527 -0.00762827
0.4925 0.0141075 0.0141527 -0.0026423
0.4975 0.0141527 0.0141527 0.00429857
0.5025 0.0141527 0.0144724 0.00742698
0.5075 0.0141527 0.0179319 0.0125172
0.5125 0.0141527 0.011907 0.0175543
0.5175 0.0141527 0.0134427 0.0225585
0.5225 0.0141527 0.0157401 0.0275064
0.5275 0.0141527 0.0192708 0.0324124
0.5325 0.0141527 0.0240024 0.0373006
0.5375 0.0141527 0.0300327 0.0421841
0.5425 0.0141527 0.0374392 0.0470682
0.5475 0.0141527 0.0463458 0.0519548
0.5525 0.0141527 0.0569016 0.0568445
0.5575 0.0141527 0.0692678 0.0617374
0.5625 0.0141527 0.0836014 0.0666334
0.5675 0.0141527 0.100069 0.0715325
0.5725 0.0141527 0.11883 0.0764345
0.5775 0.0141527 0.140019 0.0813392
0.5825 0.0141527 0.163754 0.0862466
0.5875 0.0141527 0.190123 0.0911564
0.5925 0.0141527 0.219189 0.0960686
0.5975 0.0141527 0.250978 0.100983
0.6025 0.0141527 0.28548 0.1059
0.6075 0.0141527 0.322649 0.110818
0.6125 0.0141527 0.3624 0.115739
0.6175 0.0141527 0.40461 0.120662
0.6225 0.0141527 0.449112 0.125587
0.6275 0.0141527 0.495697 0.130514
0.6325 0.0141527 0.5441 0.135443
0.6375 0.0141527 0.593984 0.140375
0.6425 0.0141527 0.644916 0.14531
0.6475 0.0141527 0.696329 0.150247
0.6525 0.0141527 0.747467 0.155189
0.6575 0.0141527 0.79733 0.160136
0.6625 0.0141527 0.844625 0.165088
0.6675 0.0141527 0.887771 0.170048
0.6725 0.0141527 0.925018 0.175016
0.6775 0.0141527 0.954777 0.179992
0.6825 0.0141527 0.976141 0.184978
0.6875 0.0141527 0.989423 0.18997
0.6925 0.0141527 0.996261 0.194966
0.6975 0.0141527 0.999021 0.199965
0.7025 0.0141527 0.999832 0.204965
0.7075 0.0141527 0.999986 0.209965
0.7125 0.0141527 1 0.214965
0.7175 0.0141527 1 0.219965
0.7225 0.0141527 1 0.224965
0.7275 0.0141527 1 0.229965
0.7325 0.0141527 1 0.234965
0.7375 0.0141527 1 0.239965
0.7425 0.0141527 1 0.244965
0.7475 0.0141527 1 0.249965
0.7525 0.0141527 1 0.254965
0.7575 0.0141527 1 0.259965
0.7625 0.0141527 1 0.264965
0.7675 0.0141527 1 0.269965
0.7725 0.0141527 1 0.274965
0.7775 0.0141527 1 0.279965
0.7825 0.0141527 1 0.284965
0.7875 0.0141527 1 0.289965
0.7925 0.0141527 1 0.294965
0.7975 0.0141527 1 0.299965
0.8025 0.0141527 1 0.304965
0.8075 0.0141527 1 0.309965
0.8125 0.0141527 1 0.314965
0.8175 0.0141527 1 0.319965
0.8225 0.0141527 1 0.324965
0.8275 0.0141527 1 0.329965
0.8325 0.0141527 1 0.334965
0.8375 0.0141527 1 0.339965
0.8425 0.0141527 1 0.344965
0.8475 0.0141527 1 0.349965
0.8525 0.0141527 1 0.354965
0.8575 0.0141527 1 0.359965
0.8625 0.0141527 1 0.364965
0.8675 0.0141527 1 0.369965
0.8725 0.0141527 1 0.374965
0.8775 0.0141527 1 0.379965
0.8825 0.0141527 1 0.384965
0.8875 0.0141527 1 0.389965
0.8925 0.0141527 1 0.394965
0.8975 0.0141527 1 0.399965
0.9025 0.0141527 1 0.404965
0.9075 0.0141527 1 0.409965
0.9125 0.0141527 1 0.414965
0.9175 0.0141527 1 0.419965
0.9225 0.0141527 1 0.424965
0.9275 0.0141527 1 0.429965
0.9325 0.0141527 1 0.434965
0.9375 0.0141527 1 0.439965
0.9425 0.0141527 1 0.444965
0.9475 0.0141527 1 0.449965
0.9525 0.0141527 1 0.454965
0.9575 0.0141527 1 0.459965
0.9625 0.0141527 1 0.464965
0.9675 0.0141527 1 0.469965
0.9725 0.0141527 1 0.474965
0.9775 0.0141527 1 0.479965
0.9825 0.0141527 1 0.484965
0.9875 0.0141527 1 0.489965
0.9925 0.0141527 1 0.494965
0.9975 0.0141527 1 0.499965
