0.0025 1 0.0132588 -0.489965
0.0075 1 0.0132588 -0.484965
0.0125 1 0.0132588 -0.479965
0.0175 1 0.0132588 -0.474965
0.0225 1 0.0132588 -0.469965
0.0275 1 0.0132588 -0.464965
0.0325 1 0.0132588 -0.459965
0.0375 1 0.0132588 -0.454965
0.0425 1 0.0132588 -0.449965
0.0475 1 0.0132588 -0.444965
0.0525 1 0.0132588 -0.439965
0.0575 1 0.0132588 -0.434965
0.0625 1 0.0132588 -0.429965
0.0675 1 0.0132588 -0.424965
0.0725 1 0.0132588 -0.419965
0.0775 1 0.0132588 -0.414965
0.0825 1 0.0132588 -0.409965
0.0875 1 0.0132588 -0.404965
0.0925 1 0.0132588 -0.399965
0.0975 1 0.0132588 -0.394965
0.1025 1 0.0132588 -0.389965
0.1075 1 0.0132588 -0.384965
0.1125 1 0.0132588 -0.379965
0.1175 1 0.0132588 -0.374965
0.1225 1 0.0132588 -0.369965
0.1275 1 0.0132588 -0.364965
0.1325 1 0.0132588 -0.359965
0.1375 1 0.0132588 -0.354965
0.1425 1 0.0132588 -0.349965
0.1475 1 0.0132588 -0.344965
0.1525 1 0.0132588 -0.339965
0.1575 1 0.0132588 -0.334965
0.1625 1 0.0132588 -0.329965
0.1675 1 0.0132588 -0.324965
0.1725 1 0.0132588 -0.319965
0.1775 1 0.0132588 -0.314965
0.1825 1 0.0132588 -0.309965
0.1875 1 0.0132588 -0.304965
0.1925 1 0.0132588 -0.299965
0.1975 1 0.0132588 -0.294965
0.2025 1 0.0132588 -0.289965
0.2075 1 0.0132588 -0.284965
0.2125 1 0.0132588 -0.279965
0.2175 1 0.0132588 -0.274965
0.2225 1 0.0132588 -0.269965
0.2275 0.999993 0.0132588 -0.264965
0.2325 0.999942 0.0132588 -0.259965
0.2375 0.999708 0.0132588 -0.254965
0.2425 0.998903 0.0132588 -0.249966
0.2475 0.996756 0.0132588 -0.244966
0.2525 0.992087 0.0132588 -0.239969
0.2575 0.983541 0.0132588 -0.234974
0.2625 0.969986 0.0132588 -0.229984
0.2675 0.950851 0.0132588 -0.224998
0.2725 0.926235 0.0132588 -0.220019
0.2775 0.89677 0.0132588 -0.215045
0.2825 0.863381 0.0132588 -0.210077
0.2875 0.827068 0.0132588 -0.205113
0.2925 0.78876 0.0132588 -0.200153
0.2975 0.749249 0.0132588 -0.195197
0.3025 0.709176 0.0132588 -0.190243
0.3075 0.669042 0.0132588 -0.185291
0.3125 0.629231 0.0132588 -0.180342
0.3175 0.590035 0.0132588 -0.175394
0.3225 0.551675 0.0132588 -0.170448
0.3275 0.514319 0.0132588 -0.165503
0.3325 0.478098 0.0132588 -0.160559
0.3375 0.443114 0.0132588 -0.155616
0.3425 0.409448 0.0132588 -0.150674
0.3475 0.377168 0.0132588 -0.145734
0.3525 0.346325 0.0132588 -0.140794
0.3575 0.316964 0.0132588 -0.135856
0.3625 0.289117 0.0132588 -0.130918
0.3675 0.262808 0.0132588 -0.125981
0.3725 0.23805 0.0132588 -0.121046
0.3775 0.214846 0.0132588 -0.116112
0.3825 0.193191 0.0132588 -0.111178
0.3875 0.173068 0.0132588 -0.106246
0.3925 0.154449 0.0132588 -0.101315
0.3975 0.137301 0.0132588 -0.0963858
0.4025 0.121576 0.0132588 -0.0914575
0.4075 0.107225 0.0132588 -0.0865305
0.4125 0.0941858 0.0132588 -0.0816049
0.4175 0.0823956 0.0132588 -0.0766807
0.4225 0.0717849 0.0132588 -0.071758
0.4275 0.0622814 0.0132588 -0.0668368
0.4325 0.0538131 0.0132588 -0.0619171
0.4375 0.0463077 0.0132588 -0.056999
0.4425 0.0396942 0.0132588 -0.0520824
0.4475 0.0339059 0.0132588 -0.0471669
0.4525 0.0288819 0.0132588 -0.0422524
0.4575 0.0245711 0.0132588 -0.0373378
0.4625 0.0209366 0.0132588 -0.0324214
0.4675 0.0179091 0.0132588 -0.0274998
0.4725 0.0155139 0.0132588 -0.0225669
0.4775 0.0137738 0.0132588 -0.0176144
0.4825 0.0125015 0.0132588 -0.0126376
0.4875 0.0112913 0.0132588 -0.00764274
0.4925 0.0132142 0.0132588 -0.00432181
0.4975 0.0132588 0.0132588 0.00158192
0.5025 0.0132588 0.0136179 0.00733887
0.5075 0.0132588 0.0188987 0.0125039
0.5125 0.0132588 0.0130164 0.0175214
0.5175 0.0132588 0.0142897 0.0225406
0.5225 0.0132588 0.0152401 0.0275493
0.5275 0.0132588 0.0165082 0.0325306
0.5325 0.0132588 0.0185155 0.0374816
0.5375 0.0132588 0.0212834 0.0424123
0.5425 0.0132588 0.0247936 0.0473329
0.5475 0.0132588 0.0290368 0.0522495
0.5525 0.0132588 0.0340221 0.0571651
0.5575 0.0132588 0.0397865 0.0620811
0.5625 0.0132588 0.0463841 0.0669982
0.5675 0.0132588 0.0538778 0.0719165
0.5725 0.0132588 0.0623369 0.0768364
0.5775 0.0132588 0.0718328 0.0817577
0.5825 0.0132588 0.0824368 0.0866804
0.5875 0.0132588 0.0942212 0.0916047
0.5925 0.0132588 0.107255 0.0965304
0.5975 0.0132588 0.121602 0.101457
0.6025 0.0132588 0.137322 0.106386
0.6075 0.0132588 0.154467 0.111315
0.6125 0.0132588 0.173081 0.116246
0.6175 0.0132588 0.193202 0.121178
0.6225 0.0132588 0.214854 0.126112
0.6275 0.0132588 0.238055 0.131046
0.6325 0.0132588 0.262812 0.135981
0.6375 0.0132588 0.289119 0.140918
0.6425 0.0132588 0.316965 0.145856
0.6475 0.0132588 0.346325 0.150794
0.6525 0.0132588 0.377167 0.155734
0.6575 0.0132588 0.409447 0.160674
0.6625 0.0132588 0.443112 0.165616
0.6675 0.0132588 0.478096 0.170559
0.6725 0.0132588 0.514317 0.175503
0.6775 0.0132588 0.551673 0.180448
0.6825 0.0132588 0.590033 0.185394
0.6875 0.0132588 0.62923 0.190342
0.6925 0.0132588 0.669041 0.195291
0.6975 0.0132588 0.709175 0.200243
0.7025 0.0132588 0.749248 0.205197
0.7075 0.0132588 0.788759 0.210153
0.7125 0.0132588 0.827068 0.215113
0.7175 0.0132588 0.863381 0.220077
0.7225 0.0132588 0.896769 0.225045
0.7275 0.0132588 0.926234 0.230019
0.7325 0.0132588 0.950851 0.234998
0.7375 0.0132588 0.969986 0.239984
0.7425 0.0132588 0.983541 0.244974
0.7475 0.0132588 0.992087 0.249969
0.7525 0.0132588 0.996756 0.254966
0.7575 0.0132588 0.998903 0.259966
0.7625 0.0132588 0.999708 0.264965
0.7675 0.0132588 0.999942 0.269965
0.7725 0.0132588 0.999993 0.274965
0.7775 0.0132588 1 0.279965
0.7825 0.0132588 1 0.284965
0.7875 0.0132588 1 0.289965
0.7925 0.0132588 1 0.294965
0.7975 0.0132588 1 0.299965
0.8025 0.0132588 1 0.304965
0.8075 0.0132588 1 0.309965
0.8125 0.0132588 1 0.314965
0.8175 0.0132588 1 0.319965
0.8225 0.0132588 1 0.324965
0.8275 0.0132588 1 0.329965
0.8325 0.0132588 1 0.334965
0.8375 0.0132588 1 0.339965
0.8425 0.0132588 1 0.344965
0.8475 0.0132588 1 0.349965
0.8525 0.0132588 1 0.354965
0.8575 0.0132588 1 0.359965
0.8625 0.0132588 1 0.364965
0.8675 0.0132588 1 0.369965
0.8725 0.0132588 1 0.374965
0.8775 0.0132588 1 0.379965
0.8825 0.0132588 1 0.384965
0.8875 0.0132588 1 0.389965
0.8925 0.0132588 1 0.394965
0.8975 0.0132588 1 0.399965
0.9025 0.0132588 1 0.404965
0.9075 0.0132588 1 0.409965
0.9125 0.0132588 1 0.414965
0.9175 0.0132588 1 0.419965
0.9225 0.0132588 1 0.424965
0.9275 0.0132588 1 0.429965
0.9325 0.0132588 1 0.434965
0.9375 0.0132588 1 0.439965
0.9425 0.0132588 1 0.444965
0.9475 0.0132588 1 0.449965
0.9525 0.0132588 1 0.454965
0.9575 0.0132588 1 0.459965
0.9625 0.0132588 1 0.464965
0.9675 0.0132588 1 0.469965
0.9725 0.0132588 1 0.474965
0.9775 0.0132588 1 0.479965
0.9825 0.0132588 1 0.484965
0.9875 0.0132588 1 0.489965
0.9925 0.0132588 1 0.494965
0.9975 0.0132588 1 0.499965
