0.0025 1 0.0129144 -0.489965
0.0075 1 0.0129144 -0.484965
0.0125 1 0.0129144 -0.479965
0.0175 1 0.0129144 -0.474965
0.0225 1 0.0129144 -0.469965
0.0275 1 0.0129144 -0.464965
0.0325 1 0.0129144 -0.459965
0.0375 1 0.0129144 -0.454965
0.0425 1 0.0129144 -0.449965
0.0475 1 0.0129144 -0.444965
0.0525 1 0.0129144 -0.439965
0.0575 1 0.0129144 -0.434965
0.0625 1 0.0129144 -0.429965
0.0675 1 0.0129144 -0.424965
0.0725 1 0.0129144 -0.419965
0.0775 1 0.0129144 -0.414965
0.0825 1 0.0129144 -0.409965
0.0875 1 0.0129144 -0.404965
0.0925 1 0.0129144 -0.399965
0.0975 1 0.0129144 -0.394965
0.1025 1 0.0129144 -0.389965
0.1075 1 0.0129144 -0.384965
0.1125 1 0.0129144 -0.379965
0.1175 1 0.0129144 -0.374965
0.1225 1 0.0129144 -0.369965
0.1275 1 0.0129144 -0.364965
0.1325 1 0.0129144 -0.359965
0.1375 1 0.0129144 -0.354965
0.1425 1 0.0129144 -0.349965
0.1475 1 0.0129144 -0.344965
0.1525 1 0.0129144 -0.339965
0.1575 1 0.0129144 -0.334965
0.1625 1 0.0129144 -0.329965
0.1675 1 0.0129144 -0.324965
0.1725 1 0.0129144 -0.319965
0.1775 1 0.0129144 -0.314965
0.1825 1 0.0129144 -0.309965
0.1875 1 0.0129144 -0.304965
0.1925 0.999998 0.0129144 -0.299965
0.1975 0.999987 0.0129144 -0.294965
0.2025 0.999924 0.0129144 -0.289965
0.2075 0.999679 0.0129144 -0.284965
0.2125 0.99893 0.0129144 -0.279966
0.2175 0.997066 0.0129144 -0.274966
0.2225 0.993173 0.0129144 -0.269969
0.2275 0.98618 0.0129144 -0.264973
0.2325 0.975128 0.0129144 -0.259981
0.2375 0.959437 0.0129144 -0.254993
0.2425 0.939019 0.0129144 -0.250009
0.2475 0.914236 0.0129144 -0.245031
0.2525 0.885746 0.0129144 -0.240057
0.2575 0.854329 0.0129144 -0.235088
0.2625 0.820763 0.0129144 -0.230122
0.2675 0.785746 0.0129144 -0.225159
0.2725 0.749868 0.0129144 -0.220199
0.2775 0.713606 0.0129144 -0.215241
0.2825 0.677335 0.0129144 -0.210285
0.2875 0.641346 0.0129144 -0.20533
0.2925 0.605863 0.0129144 -0.200377
0.2975 0.571055 0.0129144 -0.195425
0.3025 0.537051 0.0129144 -0.190474
0.3075 0.503951 0.0129144 -0.185524
0.3125 0.471832 0.0129144 -0.180575
0.3175 0.440754 0.0129144 -0.175627
0.3225 0.410765 0.0129144 -0.170679
0.3275 0.381903 0.0129144 -0.165732
0.3325 0.3542 0.0129144 -0.160786
0.3375 0.327681 0.0129144 -0.155841
0.3425 0.302365 0.0129144 -0.150897
0.3475 0.278268 0.0129144 -0.145953
0.3525 0.255399 0.0129144 -0.14101
0.3575 0.233761 0.0129144 -0.136068
0.3625 0.213355 0.0129144 -0.131127
0.3675 0.194172 0.0129144 -0.126186
0.3725 0.1762 0.0129144 -0.121247
0.3775 0.15942 0.0129144 -0.116308
0.3825 0.143808 0.0129144 -0.11137
0.3875 0.129333 0.0129144 -0.106434
0.3925 0.115961 0.0129144 -0.101498
0.3975 0.103652 0.0129144 -0.0965629
0.4025 0.0923642 0.0129144 -0.0916291
0.4075 0.0820499 0.0129144 -0.0866963
0.4125 0.0726606 0.0129144 -0.0817646
0.4175 0.0641461 0.0129144 -0.0768341
0.4225 0.0564547 0.0129144 -0.0719046
0.4275 0.0495348 0.0129144 -0.0669763
0.4325 0.0433358 0.0129144 -0.0620491
0.4375 0.0378091 0.0129144 -0.0571228
0.4425 0.0329089 0.0129144 -0.0521974
0.4475 0.0285942 0.0129144 -0.0472724
0.4525 0.0248312 0.0129144 -0.0423471
0.4575 0.021596 0.0129144 -0.0374204
0.4625 0.0188495 0.0129144 -0.0324898
0.4675 0.0165874 0.0129144 -0.0275514
0.4725 0.0148662 0.0129144 -0.0225996
0.4775 0.0136125 0.0129144 -0.0176295
0.4825 0.0126153 0.0129144 -0.0126419
0.4875 0.0115434 0.0129144 -0.00764445
0.4925 0.0128793 0.0129144 -0.00496906
0.4975 0.0129144 0.0129144 0.00031695
0.5025 0.0129144 0.0132794 0.00729843
0.5075 0.0129144 0.0190995 0.012502
0.5125 0.0129144 0.013302 0.0175121
0.5175 0.0129144 0.0146818 0.0225256
0.5225 0.0129144 0.0155573 0.0275386
0.5275 0.0129144 0.0163776 0.0325394
0.5325 0.0129144 0.0176034 0.0375171
0.5375 0.0129144 0.0194742 0.0424716
0.5425 0.0129144 0.0219678 0.0474108
0.5475 0.0129144 0.0250718 0.0523418
0.5525 0.0129144 0.0287605 0.0572692
0.5575 0.0129144 0.0330317 0.0621954
0.5625 0.0129144 0.0379051 0.0671215
0.5675 0.0129144 0.0434142 0.0720481
0.5725 0.0129144 0.0496007 0.0769756
0.5775 0.0129144 0.0565113 0.0819041
0.5825 0.0129144 0.0641953 0.0868337
0.5875 0.0129144 0.0727036 0.0917643
0.5925 0.0129144 0.0820875 0.0966961
0.5975 0.0129144 0.092397 0.101629
0.6025 0.0129144 0.103681 0.106563
0.6075 0.0129144 0.115986 0.111498
0.6125 0.0129144 0.129354 0.116433
0.6175 0.0129144 0.143825 0.12137
0.6225 0.0129144 0.159435 0.126308
0.6275 0.0129144 0.176212 0.131247
0.6325 0.0129144 0.194182 0.136186
0.6375 0.0129144 0.213363 0.141127
0.6425 0.0129144 0.233767 0.146068
0.6475 0.0129144 0.255403 0.15101
0.6525 0.0129144 0.27827 0.155953
0.6575 0.0129144 0.302366 0.160897
0.6625 0.0129144 0.327681 0.165841
0.6675 0.0129144 0.3542 0.170786
0.6725 0.0129144 0.381902 0.175732
0.6775 0.0129144 0.410764 0.180679
0.6825 0.0129144 0.440753 0.185627
0.6875 0.0129144 0.471831 0.190575
0.6925 0.0129144 0.503949 0.195524
0.6975 0.0129144 0.537049 0.200474
0.7025 0.0129144 0.571053 0.205425
0.7075 0.0129144 0.605862 0.210377
0.7125 0.0129144 0.641345 0.21533
0.7175 0.0129144 0.677334 0.220285
0.7225 0.0129144 0.713605 0.225241
0.7275 0.0129144 0.749868 0.230199
0.7325 0.0129144 0.785746 0.235159
0.7375 0.0129144 0.820763 0.240122
0.7425 0.0129144 0.854329 0.245088
0.7475 0.0129144 0.885746 0.250057
0.7525 0.0129144 0.914236 0.255031
0.7575 0.0129144 0.939018 0.260009
0.7625 0.0129144 0.959437 0.264993
0.7675 0.0129144 0.975128 0.269981
0.7725 0.0129144 0.98618 0.274973
0.7775 0.0129144 0.993173 0.279969
0.7825 0.0129144 0.997066 0.284966
0.7875 0.0129144 0.99893 0.289966
0.7925 0.0129144 0.999679 0.294965
0.7975 0.0129144 0.999924 0.299965
0.8025 0.0129144 0.999987 0.304965
0.8075 0.0129144 0.999998 0.309965
0.8125 0.0129144 1 0.314965
0.8175 0.0129144 1 0.319965
0.8225 0.0129144 1 0.324965
0.8275 0.0129144 1 0.329965
0.8325 0.0129144 1 0.334965
0.8375 0.0129144 1 0.339965
0.8425 0.0129144 1 0.344965
0.8475 0.0129144 1 0.349965
0.8525 0.0129144 1 0.354965
0.8575 0.0129144 1 0.359965
0.8625 0.0129144 1 0.364965
0.8675 0.0129144 1 0.369965
0.8725 0.0129144 1 0.374965
0.8775 0.0129144 1 0.379965
0.8825 0.0129144 1 0.384965
0.8875 0.0129144 1 0.389965
0.8925 0.0129144 1 0.394965
0.8975 0.0129144 1 0.399965
0.9025 0.0129144 1 0.404965
0.9075 0.0129144 1 0.409965
0.9125 0.0129144 1 0.414965
0.9175 0.0129144 1 0.419965
0.9225 0.0129144 1 0.424965
0.9275 0.0129144 1 0.429965
0.9325 0.0129144 1 0.434965
0.9375 0.0129144 1 0.439965
0.9425 0.0129144 1 0.444965
0.9475 0.0129144 1 0.449965
0.9525 0.0129144 1 0.454965
0.9575 0.0129144 1 0.459965
0.9625 0.0129144 1 0.464965
0.9675 0.0129144 1 0.469965
0.9725 0.0129144 1 0.474965
0.9775 0.0129144 1 0.479965
0.9825 0.0129144 1 0.484965
0.9875 0.0129144 1 0.489965
0.9925 0.0129144 1 0.494965
0.9975 0.0129144 1 0.499965
