0.00125 1 0.0154898 -0.497671
0.00375 1 0.0154898 -0.495171
0.00625 1 0.0154898 -0.492671
0.00875 1 0.0154898 -0.490171
0.01125 1 0.0154898 -0.487671
0.01375 1 0.0154898 -0.485171
0.01625 1 0.0154898 -0.482671
0.01875 1 0.0154898 -0.480171
0.02125 1 0.0154898 -0.477671
0.02375 1 0.0154898 -0.475171
0.02625 1 0.0154898 -0.472671
0.02875 1 0.0154898 -0.470171
0.03125 1 0.0154898 -0.467671
0.03375 1 0.0154898 -0.465171
0.03625 1 0.0154898 -0.462671
0.03875 1 0.0154898 -0.460171
0.04125 1 0.0154898 -0.457671
0.04375 1 0.0154898 -0.455171
0.04625 1 0.0154898 -0.452671
0.04875 1 0.0154898 -0.450171
0.05125 1 0.0154898 -0.447671
0.05375 1 0.0154898 -0.445171
0.05625 1 0.0154898 -0.442671
0.05875 1 0.0154898 -0.440171
0.06125 1 0.0154898 -0.437671
0.06375 1 0.0154898 -0.435171
0.06625 1 0.0154898 -0.432671
0.06875 1 0.0154898 -0.430171
0.07125 1 0.0154898 -0.427671
0.07375 1 0.0154898 -0.425171
0.07625 1 0.0154898 -0.422671
0.07875 1 0.0154898 -0.420171
0.08125 1 0.0154898 -0.417671
0.08375 1 0.0154898 -0.415171
0.08625 1 0.0154898 -0.412671
0.08875 1 0.0154898 -0.410171
0.09125 1 0.0154898 -0.407671
0.09375 1 0.0154898 -0.405171
0.09625 1 0.0154898 -0.402671
0.09875 1 0.0154898 -0.400171
0.10125 1 0.0154898 -0.397671
0.10375 1 0.0154898 -0.395171
0.10625 1 0.0154898 -0.392671
0.10875 1 0.0154898 -0.390171
0.11125 1 0.0154898 -0.387671
0.11375 1 0.0154898 -0.385171
0.11625 1 0.0154898 -0.382671
0.11875 1 0.0154898 -0.380171
0.12125 1 0.0154898 -0.377671
0.12375 1 0.0154898 -0.375171
0.12625 1 0.0154898 -0.372671
0.12875 1 0.0154898 -0.370171
0.13125 1 0.0154898 -0.367671
0.13375 1 0.0154898 -0.365171
0.13625 1 0.0154898 -0.362671
0.13875 1 0.0154898 -0.360171
0.14125 1 0.0154898 -0.357671
0.14375 1 0.0154898 -0.355171
0.14625 1 0.0154898 -0.352671
0.14875 1 0.0154898 -0.350171
0.15125 1 0.0154898 -0.347671
0.15375 1 0.0154898 -0.345171
0.15625 1 0.0154898 -0.342671
0.15875 1 0.0154898 -0.340171
0.16125 1 0.0154898 -0.337671
0.16375 1 0.0154898 -0.335171
0.16625 1 0.0154898 -0.332671
0.16875 1 0.0154898 -0.330171
0.17125 1 0.0154898 -0.327671
0.17375 1 0.0154898 -0.325171
0.17625 0.999999 0.0154898 -0.322671
0.17875 0.999997 0.0154898 -0.320171
0.18125 0.99999 0.0154898 -0.317671
0.18375 0.999974 0.0154898 -0.315171
0.18625 0.999933 0.0154898 -0.312671
0.18875 0.999842 0.0154898 -0.310171
0.19125 0.999653 0.0154898 -0.307671
0.19375 0.999289 0.0154898 -0.305171
0.19625 0.998635 0.0154898 -0.302671
0.19875 0.997533 0.0154898 -0.300171
0.20125 0.995787 0.0154898 -0.297672
0.20375 0.99318 0.0154898 -0.295173
0.20625 0.98949 0.0154898 -0.292674
0.20875 0.984523 0.0154898 -0.290176
0.21125 0.97813 0.0154898 -0.287678
0.21375 0.970229 0.0154898 -0.285181
0.21625 0.960805 0.0154898 -0.282684
0.21875 0.949906 0.0154898 -0.280188
0.22125 0.937632 0.0154898 -0.277693
0.22375 0.924117 0.0154898 -0.275199
0.22625 0.909514 0.0154898 -0.272705
0.22875 0.893987 0.0154898 -0.270211
0.23125 0.877691 0.0154898 -0.267718
0.23375 0.860777 0.0154898 -0.265225
0.23625 0.843379 0.0154898 -0.262733
0.23875 0.825617 0.0154898 -0.260241
0.24125 0.807598 0.0154898 -0.25775
0.24375 0.789411 0.0154898 -0.255258
0.24625 0.771134 0.0154898 -0.252767
0.24875 0.752834 0.0154898 -0.250276
0.25125 0.734565 0.0154898 -0.247785
0.25375 0.716374 0.0154898 -0.245295
0.25625 0.698301 0.0154898 -0.242804
0.25875 0.680378 0.0154898 -0.240314
0.26125 0.662631 0.0154898 -0.237823
0.26375 0.645084 0.0154898 -0.235333
0.26625 0.627754 0.0154898 -0.232843
0.26875 0.610656 0.0154898 -0.230353
0.27125 0.593804 0.0154898 -0.227863
0.27375 0.577207 0.0154898 -0.225373
0.27625 0.560872 0.0154898 -0.222883
0.27875 0.544807 0.0154898 -0.220393
0.28125 0.529015 0.0154898 -0.217904
0.28375 0.513501 0.0154898 -0.215414
0.28625 0.498267 0.0154898 -0.212924
0.28875 0.483315 0.0154898 -0.210435
0.29125 0.468645 0.0154898 -0.207945
0.29375 0.454258 0.0154898 -0.205456
0.29625 0.440154 0.0154898 -0.202966
0.29875 0.426332 0.0154898 -0.200477
0.30125 0.412791 0.0154898 -0.197988
0.30375 0.39953 0.0154898 -0.195498
0.30625 0.386547 0.0154898 -0.193009
0.30875 0.373841 0.0154898 -0.19052
0.31125 0.361409 0.0154898 -0.188031
0.31375 0.34925 0.0154898 -0.185541
0.31625 0.337361 0.0154898 -0.183052
0.31875 0.32574 0.0154898 -0.180563
0.32125 0.314385 0.0154898 -0.178074
0.32375 0.303294 0.0154898 -0.175585
0.32625 0.292464 0.0154898 -0.173096
0.32875 0.281894 0.0154898 -0.170607
0.33125 0.271579 0.0154898 -0.168119
0.33375 0.26152 0.0154898 -0.16563
0.33625 0.251712 0.0154898 -0.163141
0.33875 0.242155 0.0154898 -0.160652
0.34125 0.232845 0.0154898 -0.158164
0.34375 0.223781 0.0154898 -0.155675
0.34625 0.21496 0.0154898 -0.153186
0.34875 0.20638 0.0154898 -0.150698
0.35125 0.198038 0.0154898 -0.148209
0.35375 0.189933 0.0154898 -0.145721
0.35625 0.182061 0.0154898 -0.143232
0.35875 0.174422 0.0154898 -0.140744
0.36125 0.167011 0.0154898 -0.138256
0.36375 0.159827 0.0154898 -0.135767
0.36625 0.152867 0.0154898 -0.133279
0.36875 0.146128 0.0154898 -0.130791
0.37125 0.139608 0.0154898 -0.128303
0.37375 0.133303 0.0154898 -0.125815
0.37625 0.127211 0.0154898 -0.123327
0.37875 0.121329 0.0154898 -0.120839
0.38125 0.115652 0.0154898 -0.118351
0.38375 0.110179 0.0154898 -0.115863
0.38625 0.104904 0.0154898 -0.113375
0.38875 0.0998261 0.0154898 -0.110887
0.39125 0.0949399 0.0154898 -0.1084
0.39375 0.090242 0.0154898 -0.105912
0.39625 0.0857286 0.0154898 -0.103424
0.39875 0.0813955 0.0154898 -0.100937
0.40125 0.0772388 0.0154898 -0.0984493
0.40375 0.0732543 0.0154898 -0.0959618
0.40625 0.0694381 0.0154898 -0.0934745
0.40875 0.0657862 0.0154898 -0.0909871
0.41125 0.0622937 0.0154898 -0.0884999
0.41375 0.0589562 0.0154898 -0.0860127
0.41625 0.0557694 0.0154898 -0.0835255
0.41875 0.0527287 0.0154898 -0.0810384
0.42125 0.0498299 0.0154898 -0.0785514
0.42375 0.0470687 0.0154898 -0.0760644
0.42625 0.0444407 0.0154898 -0.0735774
0.42875 0.0419417 0.0154898 -0.0710905
0.43125 0.0395677 0.0154898 -0.0686037
0.43375 0.0373147 0.0154898 -0.0661168
0.43625 0.0351789 0.0154898 -0.06363
0.43875 0.0331569 0.0154898 -0.0611432
0.44125 0.0312453 0.0154898 -0.0586564
0.44375 0.0294414 0.0154898 -0.0561696
0.44625 0.0277428 0.0154898 -0.0536827
0.44875 0.026148 0.0154898 -0.0511958
0.45125 0.0246564 0.0154898 -0.0487086
0.45375 0.023269 0.0154898 -0.0462213
0.45625 0.0219891 0.0154898 -0.0437335
0.45875 0.0208212 0.0154898 -0.0412453
0.46125 0.0197704 0.0154898 -0.0387562
0.46375 0.0188689 0.0154898 -0.0362658
0.46625 0.0181541 0.0154898 -0.0337734
0.46875 0.0176744 0.0154898 -0.031278
0.47125 0.017473 0.0154898 -0.0287785
0.47375 0.0175421 0.0154898 -0.0262745
0.47625 0.0177777 0.0154898 -0.0237672
0.47875 0.0180011 0.0154898 -0.0212589
0.48125 0.0180492 0.0154898 -0.018752
0.48375 0.0178464 0.0154898 -0.0162475
0.48625 0.0174018 0.0154898 -0.0137453
0.48875 0.016741 0.0154898 -0.0112447
0.49125 0.0158639 0.0154898 -0.00874503
0.49375 0.0147874 0.0154898 -0.00624579
0.49625 0.0149441 0.0154898 -0.00374631
0.49875 0.0153272 0.0154898 -0.000936351
0.50125 0.0154898 0.0155068 0.003082
0.50375 0.0154898 0.0186826 0.00375033
0.50625 0.0154898 0.013272 0.00624933
0.50875 0.0154898 0.0148167 0.00874837
0.51125 0.0154898 0.0159474 0.0112474
0.51375 0.0154898 0.0168359 0.0137465
0.51625 0.0154898 0.0175696 0.0162456
0.51875 0.0154898 0.018192 0.0187448
0.52125 0.0154898 0.0187252 0.0212441
0.52375 0.0154898 0.0191808 0.0237437
0.52625 0.0154898 0.0195685 0.0262436
0.52875 0.0154898 0.0198901 0.0287437
0.53125 0.0154898 0.0201793 0.0312436
0.53375 0.0154898 0.0204864 0.0337429
0.53625 0.0154898 0.0208709 0.0362408
0.53875 0.0154898 0.021388 0.0387369
0.54125 0.0154898 0.0220739 0.0412311
0.54375 0.0154898 0.0229416 0.0437233
0.54625 0.0154898 0.0239865 0.046214
0.54875 0.0154898 0.025196 0.0487035
0.55125 0.0154898 0.0265557 0.0511921
0.55375 0.0154898 0.0280539 0.0536801
0.55625 0.0154898 0.0296816 0.0561677
0.55875 0.0154898 0.0314335 0.058655
0.56125 0.0154898 0.0333065 0.0611422
0.56375 0.0154898 0.0352998 0.0636292
0.56625 0.0154898 0.0374139 0.0661162
0.56875 0.0154898 0.0396503 0.0686032
0.57125 0.0154898 0.0420115 0.0710901
0.57375 0.0154898 0.0445005 0.0735771
0.57625 0.0154898 0.0471206 0.0760641
0.57875 0.0154898 0.0498756 0.0785511
0.58125 0.0154898 0.0527693 0.0810382
0.58375 0.0154898 0.0558057 0.0835254
0.58625 0.0154898 0.0589891 0.0860125
0.58875 0.0154898 0.0623237 0.0884998
0.59125 0.0154898 0.0658137 0.090987
0.59375 0.0154898 0.0694634 0.0934744
0.59625 0.0154898 0.0732777 0.0959618
0.59875 0.0154898 0.0772605 0.0984492
0.60125 0.0154898 0.0814157 0.100937
0.60375 0.0154898 0.0857473 0.103424
0.60625 0.0154898 0.0902595 0.105912
0.60875 0.0154898 0.0949562 0.1084
0.61125 0.0154898 0.0998414 0.110887
0.61375 0.0154898 0.104919 0.113375
0.61625 0.0154898 0.110192 0.115863
0.61875 0.0154898 0.115665 0.118351
0.62125 0.0154898 0.12134 0.120839
0.62375 0.0154898 0.127222 0.123327
0.62625 0.0154898 0.133313 0.125815
0.62875 0.0154898 0.139617 0.128303
0.63125 0.0154898 0.146137 0.130791
0.63375 0.0154898 0.152875 0.133279
0.63625 0.0154898 0.159835 0.135767
0.63875 0.0154898 0.167018 0.138256
0.64125 0.0154898 0.174428 0.140744
0.64375 0.0154898 0.182067 0.143232
0.64625 0.0154898 0.189938 0.145721
0.64875 0.0154898 0.198043 0.148209
0.65125 0.0154898 0.206384 0.150698
0.65375 0.0154898 0.214964 0.153186
0.65625 0.0154898 0.223784 0.155675
0.65875 0.0154898 0.232848 0.158164
0.66125 0.0154898 0.242158 0.160652
0.66375 0.0154898 0.251715 0.163141
0.66625 0.0154898 0.261522 0.16563
0.66875 0.0154898 0.271581 0.168119
0.67125 0.0154898 0.281895 0.170607
0.67375 0.0154898 0.292466 0.173096
0.67625 0.0154898 0.303295 0.175585
0.67875 0.0154898 0.314386 0.178074
0.68125 0.0154898 0.325741 0.180563
0.68375 0.0154898 0.337361 0.183052
0.68625 0.0154898 0.34925 0.185541
0.68875 0.0154898 0.361409 0.188031
0.69125 0.0154898 0.373841 0.19052
0.69375 0.0154898 0.386547 0.193009
0.69625 0.0154898 0.39953 0.195498
0.69875 0.0154898 0.412791 0.197988
0.70125 0.0154898 0.426331 0.200477
0.70375 0.0154898 0.440153 0.202966
0.70625 0.0154898 0.454257 0.205456
0.70875 0.0154898 0.468644 0.207945
0.71125 0.0154898 0.483314 0.210435
0.71375 0.0154898 0.498266 0.212924
0.71625 0.0154898 0.5135 0.215414
0.71875 0.0154898 0.529015 0.217904
0.72125 0.0154898 0.544806 0.220393
0.72375 0.0154898 0.560872 0.222883
0.72625 0.0154898 0.577206 0.225373
0.72875 0.0154898 0.593804 0.227863
0.73125 0.0154898 0.610656 0.230353
0.73375 0.0154898 0.627753 0.232843
0.73625 0.0154898 0.645083 0.235333
0.73875 0.0154898 0.66263 0.237823
0.74125 0.0154898 0.680377 0.240314
0.74375 0.0154898 0.6983 0.242804
0.74625 0.0154898 0.716374 0.245295
0.74875 0.0154898 0.734564 0.247785
0.75125 0.0154898 0.752833 0.250276
0.75375 0.0154898 0.771134 0.252767
0.75625 0.0154898 0.78941 0.255258
0.75875 0.0154898 0.807597 0.25775
0.76125 0.0154898 0.825617 0.260241
0.76375 0.0154898 0.843379 0.262733
0.76625 0.0154898 0.860777 0.265225
0.76875 0.0154898 0.877691 0.267718
0.77125 0.0154898 0.893987 0.270211
0.77375 0.0154898 0.909514 0.272705
0.77625 0.0154898 0.924116 0.275199
0.77875 0.0154898 0.937632 0.277693
0.78125 0.0154898 0.949906 0.280188
0.78375 0.0154898 0.960805 0.282684
0.78625 0.0154898 0.970229 0.285181
0.78875 0.0154898 0.97813 0.287678
0.79125 0.0154898 0.984523 0.290176
0.79375 0.0154898 0.98949 0.292674
0.79625 0.0154898 0.99318 0.295173
0.79875 0.0154898 0.995787 0.297672
0.80125 0.0154898 0.997533 0.300171
0.80375 0.0154898 0.998635 0.302671
0.80625 0.0154898 0.999289 0.305171
0.80875 0.0154898 0.999653 0.307671
0.81125 0.0154898 0.999842 0.310171
0.81375 0.0154898 0.999933 0.312671
0.81625 0.0154898 0.999974 0.315171
0.81875 0.0154898 0.99999 0.317671
0.82125 0.0154898 0.999997 0.320171
0.82375 0.0154898 0.999999 0.322671
0.82625 0.0154898 1 0.325171
0.82875 0.0154898 1 0.327671
0.83125 0.0154898 1 0.330171
0.83375 0.0154898 1 0.332671
0.83625 0.0154898 1 0.335171
0.83875 0.0154898 1 0.337671
0.84125 0.0154898 1 0.340171
0.84375 0.0154898 1 0.342671
0.84625 0.0154898 1 0.345171
0.84875 0.0154898 1 0.347671
0.85125 0.0154898 1 0.350171
0.85375 0.0154898 1 0.352671
0.85625 0.0154898 1 0.355171
0.85875 0.0154898 1 0.357671
0.86125 0.0154898 1 0.360171
0.86375 0.0154898 1 0.362671
0.86625 0.0154898 1 0.365171
0.86875 0.0154898 1 0.367671
0.87125 0.0154898 1 0.370171
0.87375 0.0154898 1 0.372671
0.87625 0.0154898 1 0.375171
0.87875 0.0154898 1 0.377671
0.88125 0.0154898 1 0.380171
0.88375 0.0154898 1 0.382671
0.88625 0.0154898 1 0.385171
0.88875 0.0154898 1 0.387671
0.89125 0.0154898 1 0.390171
0.89375 0.0154898 1 0.392671
0.89625 0.0154898 1 0.395171
0.89875 0.0154898 1 0.397671
0.90125 0.0154898 1 0.400171
0.90375 0.0154898 1 0.402671
0.90625 0.0154898 1 0.405171
0.90875 0.0154898 1 0.407671
0.91125 0.0154898 1 0.410171
0.91375 0.0154898 1 0.412671
0.91625 0.0154898 1 0.415171
0.91875 0.0154898 1 0.417671
0.92125 0.0154898 1 0.420171
0.92375 0.0154898 1 0.422671
0.92625 0.0154898 1 0.425171
0.92875 0.0154898 1 0.427671
0.93125 0.0154898 1 0.430171
0.93375 0.0154898 1 0.432671
0.93625 0.0154898 1 0.435171
0.93875 0.0154898 1 0.437671
0.94125 0.0154898 1 0.440171
0.94375 0.0154898 1 0.442671
0.94625 0.0154898 1 0.445171
0.94875 0.0154898 1 0.447671
0.95125 0.0154898 1 0.450171
0.95375 0.0154898 1 0.452671
0.95625 0.0154898 1 0.455171
0.95875 0.0154898 1 0.457671
0.96125 0.0154898 1 0.460171
0.96375 0.0154898 1 0.462671
0.96625 0.0154898 1 0.465171
0.96875 0.0154898 1 0.467671
0.97125 0.0154898 1 0.470171
0.97375 0.0154898 1 0.472671
0.97625 0.0154898 1 0.475171
0.97875 0.0154898 1 0.477671
0.98125 0.0154898 1 0.480171
0.98375 0.0154898 1 0.482671
0.98625 0.0154898 1 0.485171
0.98875 0.0154898 1 0.487671
0.99125 0.0154898 1 0.490171
0.99375 0.0154898 1 0.492671
0.99625 0.0154898 1 0.495171
0.99875 0.0154898 1 0.497671
