0.0025 1 0.0153122 -0.494965
0.0075 1 0.0153122 -0.489965
0.0125 1 0.0153122 -0.484965
0.0175 1 0.0153122 -0.479965
0.0225 1 0.0153122 -0.474965
0.0275 1 0.0153122 -0.469965
0.0325 1 0.0153122 -0.464965
0.0375 1 0.0153122 -0.459965
0.0425 1 0.0153122 -0.454965
0.0475 1 0.0153122 -0.449965
0.0525 1 0.0153122 -0.444965
0.0575 1 0.0153122 -0.439965
0.0625 1 0.0153122 -0.434965
0.0675 1 0.0153122 -0.429965
0.0725 1 0.0153122 -0.424965
0.0775 1 0.0153122 -0.419965
0.0825 1 0.0153122 -0.414965
0.0875 1 0.0153122 -0.409965
0.0925 1 0.0153122 -0.404965
0.0975 1 0.0153122 -0.399965
0.1025 1 0.0153122 -0.394965
0.1075 1 0.0153122 -0.389965
0.1125 1 0.0153122 -0.384965
0.1175 1 0.0153122 -0.379965
0.1225 1 0.0153122 -0.374965
0.1275 0.999999 0.0153122 -0.369965
0.1325 0.999995 0.0153122 -0.364965
0.1375 0.999976 0.0153122 -0.359965
0.1425 0.999902 0.0153122 -0.354965
0.1475 0.999669 0.0153122 -0.349965
0.1525 0.999054 0.0153122 -0.344966
0.1575 0.997663 0.0153122 -0.339966
0.1625 0.994914 0.0153122 -0.334968
0.1675 0.990103 0.0153122 -0.329971
0.1725 0.982532 0.0153122 -0.324976
0.1775 0.971666 0.0153122 -0.319984
0.1825 0.957247 0.0153122 -0.314996
0.1875 0.939315 0.0153122 -0.310011
0.1925 0.918165 0.0153122 -0.30503
0.1975 0.89425 0.0153122 -0.300052
0.2025 0.868094 0.0153122 -0.295077
0.2075 0.840222 0.0153122 -0.290106
0.2125 0.811115 0.0153122 -0.285136
0.2175 0.781192 0.0153122 -0.280169
0.2225 0.750803 0.0153122 -0.275203
0.2275 0.720232 0.0153122 -0.270238
0.2325 0.689707 0.0153122 -0.265275
0.2375 0.659409 0.0153122 -0.260313
0.2425 0.629478 0.0153122 -0.255352
0.2475 0.600023 0.0153122 -0.250392
0.2525 0.571128 0.0153122 -0.245432
0.2575 0.542859 0.0153122 -0.240473
0.2625 0.515265 0.0153122 -0.235515
0.2675 0.488384 0.0153122 -0.230557
0.2725 0.462245 0.0153122 -0.2256
0.2775 0.436871 0.0153122 -0.220643
0.2825 0.412278 0.0153122 -0.215687
0.2875 0.38848 0.0153122 -0.210731
0.2925 0.365487 0.0153122 -0.205776
0.2975 0.343308 0.0153122 -0.200821
0.3025 0.321949 0.0153122 -0.195867
0.3075 0.301414 0.0153122 -0.190913
0.3125 0.281706 0.0153122 -0.185959
0.3175 0.262827 0.0153122 -0.181006
0.3225 0.244775 0.0153122 -0.176054
0.3275 0.227549 0.0153122 -0.171102
0.3325 0.211145 0.0153122 -0.16615
0.3375 0.195557 0.0153122 -0.161199
0.3425 0.180776 0.0153122 -0.156248
0.3475 0.166791 0.0153122 -0.151298
0.3525 0.153591 0.0153122 -0.146349
0.3575 0.141159 0.0153122 -0.1414
0.3625 0.12948 0.0153122 -0.136452
0.3675 0.118533 0.0153122 -0.131504
0.3725 0.108297 0.0153122 -0.126557
0.3775 0.0987493 0.0153122 -0.12161
0.3825 0.0898654 0.0153122 -0.116664
0.3875 0.0816195 0.0153122 -0.111719
0.3925 0.0739848 0.0153122 -0.106774
0.3975 0.0669347 0.0153122 -0.10183
0.4025 0.0604403 0.0153122 -0.0968868
0.4075 0.0544731 0.0153122 -0.0919441
0.4125 0.0490048 0.0153122 -0.087002
0.4175 0.0440078 0.0153122 -0.0820606
0.4225 0.0394555 0.0153122 -0.0771197
0.4275 0.0353225 0.0153122 -0.0721793
0.4325 0.0315852 0.0153122 -0.0672392
0.4375 0.0282233 0.0153122 -0.0622992
0.4425 0.0252199 0.0153122 -0.0573588
0.4475 0.0225642 0.0153122 -0.0524173
0.4525 0.0202456 0.0153122 -0.0474735
0.4575 0.0182398 0.0153122 -0.0425255
0.4625 0.0165982 0.0153122 -0.0375705
0.4675 0.015325 0.0153122 -0.0326052
0.4725 0.0143713 0.0153122 -0.0276274
0.4775 0.0136216 0.0153122 -0.022638
0.4825 0.0129365 0.0153122 -0.01764
0.4875 0.0122221 0.0153122 -0.0126315
0.4925 0.0133112 0.0153122 -0.00760458
0.4975 0.0145399 0.0153122 -0.00188275
0.5025 0.0153122 0.0153654 0.00619057
0.5075 0.0153122 0.0192057 0.00750287
0.5125 0.0153122 0.0135207 0.012505
0.5175 0.0153122 0.0150663 0.0175086
0.5225 0.0153122 0.0160896 0.022515
0.5275 0.0153122 0.0167779 0.0275229
0.5325 0.0153122 0.0173565 0.0325268
0.5375 0.0153122 0.0181098 0.0375187
0.5425 0.0153122 0.0192688 0.0424943
0.5475 0.0153122 0.0208948 0.0474555
0.5525 0.0153122 0.022981 0.0524069
0.5575 0.0153122 0.025498 0.0573526
0.5625 0.0153122 0.0284168 0.0622954
0.5675 0.0153122 0.0317265 0.0672367
0.5725 0.0153122 0.0354304 0.0721776
0.5775 0.0153122 0.0395415 0.0771185
0.5825 0.0153122 0.0440788 0.0820597
0.5875 0.0153122 0.0490649 0.0870014
0.5925 0.0153122 0.054525 0.0919436
0.5975 0.0153122 0.0604859 0.0968864
0.6025 0.0153122 0.0669751 0.10183
0.6075 0.0153122 0.0740207 0.106774
0.6125 0.0153122 0.0816516 0.111719
0.6175 0.0153122 0.0898941 0.116664
0.6225 0.0153122 0.0987748 0.12161
0.6275 0.0153122 0.10832 0.126557
0.6325 0.0153122 0.118553 0.131504
0.6375 0.0153122 0.129497 0.136452
0.6425 0.0153122 0.141175 0.1414
0.6475 0.0153122 0.153604 0.146349
0.6525 0.0153122 0.166803 0.151298
0.6575 0.0153122 0.180785 0.156248
0.6625 0.0153122 0.195565 0.161199
0.6675 0.0153122 0.211152 0.16615
0.6725 0.0153122 0.227555 0.171102
0.6775 0.0153122 0.244779 0.176054
0.6825 0.0153122 0.26283 0.181006
0.6875 0.0153122 0.281708 0.185959
0.6925 0.0153122 0.301415 0.190913
0.6975 0.0153122 0.32195 0.195867
0.7025 0.0153122 0.343308 0.200821
0.7075 0.0153122 0.365487 0.205776
0.7125 0.0153122 0.388479 0.210731
0.7175 0.0153122 0.412277 0.215687
0.7225 0.0153122 0.436869 0.220643
0.7275 0.0153122 0.462244 0.2256
0.7325 0.0153122 0.488383 0.230557
0.7375 0.0153122 0.515264 0.235515
0.7425 0.0153122 0.542858 0.240473
0.7475 0.0153122 0.571127 0.245432
0.7525 0.0153122 0.600021 0.250392
0.7575 0.0153122 0.629476 0.255352
0.7625 0.0153122 0.659408 0.260313
0.7675 0.0153122 0.689706 0.265275
0.7725 0.0153122 0.720231 0.270238
0.7775 0.0153122 0.750802 0.275203
0.7825 0.0153122 0.781192 0.280169
0.7875 0.0153122 0.811115 0.285136
0.7925 0.0153122 0.840221 0.290106
0.7975 0.0153122 0.868094 0.295077
0.8025 0.0153122 0.89425 0.300052
0.8075 0.0153122 0.918165 0.30503
0.8125 0.0153122 0.939315 0.310011
0.8175 0.0153122 0.957247 0.314996
0.8225 0.0153122 0.971666 0.319984
0.8275 0.0153122 0.982532 0.324976
0.8325 0.0153122 0.990103 0.329971
0.8375 0.0153122 0.994914 0.334968
0.8425 0.0153122 0.997663 0.339966
0.8475 0.0153122 0.999054 0.344966
0.8525 0.0153122 0.999669 0.349965
0.8575 0.0153122 0.999902 0.354965
0.8625 0.0153122 0.999976 0.359965
0.8675 0.0153122 0.999995 0.364965
0.8725 0.0153122 0.999999 0.369965
0.8775 0.0153122 1 0.374965
0.8825 0.0153122 1 0.379965
0.8875 0.0153122 1 0.384965
0.8925 0.0153122 1 0.389965
0.8975 0.0153122 1 0.394965
0.9025 0.0153122 1 0.399965
0.9075 0.0153122 1 0.404965
0.9125 0.0153122 1 0.409965
0.9175 0.0153122 1 0.414965
0.9225 0.0153122 1 0.419965
0.9275 0.0153122 1 0.424965
0.9325 0.0153122 1 0.429965
0.9375 0.0153122 1 0.434965
0.9425 0.0153122 1 0.439965
0.9475 0.0153122 1 0.444965
0.9525 0.0153122 1 0.449965
0.9575 0.0153122 1 0.454965
0.9625 0.0153122 1 0.459965
0.9675 0.0153122 1 0.464965
0.9725 0.0153122 1 0.469965
0.9775 0.0153122 1 0.474965
0.9825 0.0153122 1 0.479965
0.9875 0.0153122 1 0.484965
0.9925 0.0153122 1 0.489965
0.9975 0.0153122 1 0.494965
