0.0025 1.33312 1.00206 -0.4975
0.0075 1.33312 1.00206 -0.492711
0.0125 1.33312 1.00206 -0.487711
0.0175 1.33313 1.00206 -0.482711
0.0225 1.33313 1.00206 -0.477711
0.0275 1.33313 1.00206 -0.472711
0.0325 1.33314 1.00206 -0.467711
0.0375 1.33314 1.00206 -0.462711
0.0425 1.33314 1.00206 -0.457711
0.0475 1.33315 1.00206 -0.452711
0.0525 1.33315 1.00206 -0.447711
0.0575 1.33315 1.00206 -0.442711
0.0625 1.33316 1.00206 -0.437711
0.0675 1.33316 1.00206 -0.432711
0.0725 1.33316 1.00206 -0.427711
0.0775 1.33316 1.00206 -0.422711
0.0825 1.33316 1.00206 -0.417711
0.0875 1.33316 1.00206 -0.412711
0.0925 1.33315 1.00206 -0.407711
0.0975 1.33313 1.00206 -0.402711
0.1025 1.33307 1.00206 -0.397711
0.1075 1.33298 1.00206 -0.392711
0.1125 1.33282 1.00206 -0.387711
0.1175 1.33258 1.00206 -0.382711
0.1225 1.33225 1.00206 -0.377711
0.1275 1.33183 1.00206 -0.372711
0.1325 1.33135 1.00206 -0.367711
0.1375 1.33084 1.00206 -0.362711
0.1425 1.33035 1.00206 -0.357711
0.1475 1.32992 1.00206 -0.352711
0.1525 1.32959 1.00206 -0.347711
0.1575 1.3294 1.00206 -0.342711
0.1625 1.32934 1.00206 -0.337711
0.1675 1.3294 1.00206 -0.332711
0.1725 1.32956 1.00206 -0.327711
0.1775 1.3298 1.00206 -0.322711
0.1825 1.33008 1.00206 -0.317711
0.1875 1.33037 1.00206 -0.312711
0.1925 1.33065 1.00206 -0.307711
0.1975 1.33091 1.00206 -0.302711
0.2025 1.33114 1.00206 -0.297711
0.2075 1.33135 1.00206 -0.292711
0.2125 1.33152 1.00206 -0.287711
0.2175 1.33167 1.00206 -0.282711
0.2225 1.3318 1.00206 -0.277711
0.2275 1.33191 1.00206 -0.272711
0.2325 1.33201 1.00206 -0.267711
0.2375 1.33209 1.00206 -0.262711
0.2425 1.33216 1.00206 -0.257711
0.2475 1.33223 1.00206 -0.252711
0.2525 1.33229 1.00206 -0.247711
0.2575 1.33234 1.00206 -0.242711
0.2625 1.33239 1.00206 -0.237711
0.2675 1.33244 1.00206 -0.232711
0.2725 1.33248 1.00206 -0.227711
0.2775 1.33252 1.00206 -0.222711
0.2825 1.33255 1.00206 -0.217711
0.2875 1.33258 1.00206 -0.212711
0.2925 1.33262 1.00206 -0.207711
0.2975 1.33264 1.00206 -0.202711
0.3025 1.33267 1.00206 -0.197711
0.3075 1.3327 1.00206 -0.192711
0.3125 1.33272 1.00206 -0.187711
0.3175 1.33274 1.00206 -0.182711
0.3225 1.33276 1.00206 -0.177711
0.3275 1.33279 1.00206 -0.172711
0.3325 1.33281 1.00206 -0.167711
0.3375 1.33282 1.00206 -0.162711
0.3425 1.33284 1.00206 -0.157711
0.3475 1.33285 1.00206 -0.152711
0.3525 1.33286 1.00206 -0.147711
0.3575 1.33287 1.00206 -0.142711
0.3625 1.33287 1.00206 -0.137711
0.3675 1.33286 1.00206 -0.132711
0.3725 1.33283 1.00206 -0.127711
0.3775 1.33276 1.00206 -0.12271
0.3825 1.33263 1.00206 -0.11771
0.3875 1.3324 1.00206 -0.11271
0.3925 1.33203 1.00206 -0.10771
0.3975 1.3314 1.00206 -0.10271
0.4025 1.33037 1.00206 -0.097709
0.4075 1.32872 1.00206 -0.092708
0.4125 1.32612 1.00206 -0.0877064
0.4175 1.3221 1.00206 -0.082704
0.4225 1.31599 1.00206 -0.0777003
0.4275 1.30689 1.00206 -0.0726947
0.4325 1.2937 1.00206 -0.0676867
0.4375 1.27524 1.00206 -0.0626754
0.4425 1.25057 1.00206 -0.0576601
0.4475 1.21948 1.00206 -0.0526407
0.4525 1.18317 1.00206 -0.0476178
0.4575 1.14443 1.00206 -0.0425932
0.4625 1.10714 1.00206 -0.0375692
0.4675 1.07485 1.00206 -0.0325483
0.4725 1.04955 1.00206 -0.027532
0.4775 1.03137 1.00206 -0.0225203
0.4825 1.01913 1.00206 -0.0175125
0.4875 1.01124 1.00206 -0.0125076
0.4925 1.00624 1.00206 -0.00750467
0.4975 1.00298 1.00206 -0.0025311
0.5025 1.00206 0.144288 0.00247167
0.5075 1.00206 0.138082 0.00749773
0.5125 1.00206 0.138032 0.0124982
0.5175 1.00206 0.138005 0.0174986
0.5225 1.00206 0.137983 0.0224989
0.5275 1.00206 0.137965 0.0274991
0.5325 1.00206 0.137951 0.0324993
0.5375 1.00206 0.13794 0.0374995
0.5425 1.00206 0.137932 0.0424996
0.5475 1.00206 0.137925 0.0474997
0.5525 1.00206 0.137919 0.0524997
0.5575 1.00206 0.137915 0.0574998
0.5625 1.00206 0.137912 0.0624998
0.5675 1.00206 0.137909 0.0674999
0.5725 1.00206 0.137907 0.0724999
0.5775 1.00206 0.137905 0.0774999
0.5825 1.00206 0.137904 0.0824999
0.5875 1.00206 0.137903 0.0875
0.5925 1.00206 0.137902 0.0925
0.5975 1.00206 0.137902 0.0975
0.6025 1.00206 0.137901 0.1025
0.6075 1.00206 0.137901 0.1075
0.6125 1.00206 0.137901 0.1125
0.6175 1.00206 0.137901 0.1175
0.6225 1.00206 0.1379 0.1225
0.6275 1.00206 0.1379 0.1275
0.6325 1.00206 0.1379 0.1325
0.6375 1.00206 0.1379 0.1375
0.6425 1.00206 0.1379 0.1425
0.6475 1.00206 0.1379 0.1475
0.6525 1.00206 0.1379 0.1525
0.6575 1.00206 0.1379 0.1575
0.6625 1.00206 0.1379 0.1625
0.6675 1.00206 0.1379 0.1675
0.6725 1.00206 0.1379 0.1725
0.6775 1.00206 0.1379 0.1775
0.6825 1.00206 0.1379 0.1825
0.6875 1.00206 0.1379 0.1875
0.6925 1.00206 0.1379 0.1925
0.6975 1.00206 0.1379 0.1975
0.7025 1.00206 0.1379 0.2025
0.7075 1.00206 0.1379 0.2075
0.7125 1.00206 0.1379 0.2125
0.7175 1.00206 0.1379 0.2175
0.7225 1.00206 0.1379 0.2225
0.7275 1.00206 0.1379 0.2275
0.7325 1.00206 0.1379 0.2325
0.7375 1.00206 0.1379 0.2375
0.7425 1.00206 0.1379 0.2425
0.7475 1.00206 0.1379 0.2475
0.7525 1.00206 0.1379 0.2525
0.7575 1.00206 0.1379 0.2575
0.7625 1.00206 0.1379 0.2625
0.7675 1.00206 0.1379 0.2675
0.7725 1.00206 0.1379 0.2725
0.7775 1.00206 0.1379 0.2775
0.7825 1.00206 0.1379 0.2825
0.7875 1.00206 0.1379 0.2875
0.7925 1.00206 0.1379 0.2925
0.7975 1.00206 0.1379 0.2975
0.8025 1.00206 0.1379 0.3025
0.8075 1.00206 0.1379 0.3075
0.8125 1.00206 0.1379 0.3125
0.8175 1.00206 0.1379 0.3175
0.8225 1.00206 0.1379 0.3225
0.8275 1.00206 0.1379 0.3275
0.8325 1.00206 0.1379 0.3325
0.8375 1.00206 0.1379 0.3375
0.8425 1.00206 0.1379 0.3425
0.8475 1.00206 0.1379 0.3475
0.8525 1.00206 0.1379 0.3525
0.8575 1.00206 0.1379 0.3575
0.8625 1.00206 0.1379 0.3625
0.8675 1.00206 0.1379 0.3675
0.8725 1.00206 0.1379 0.3725
0.8775 1.00206 0.1379 0.3775
0.8825 1.00206 0.1379 0.3825
0.8875 1.00206 0.1379 0.3875
0.8925 1.00206 0.1379 0.3925
0.8975 1.00206 0.1379 0.3975
0.9025 1.00206 0.1379 0.4025
0.9075 1.00206 0.1379 0.4075
0.9125 1.00206 0.1379 0.4125
0.9175 1.00206 0.1379 0.4175
0.9225 1.00206 0.1379 0.4225
0.9275 1.00206 0.1379 0.4275
0.9325 1.00206 0.1379 0.4325
0.9375 1.00206 0.1379 0.4375
0.9425 1.00206 0.1379 0.4425
0.9475 1.00206 0.1379 0.4475
0.9525 1.00206 0.1379 0.4525
0.9575 1.00206 0.1379 0.4575
0.9625 1.00206 0.1379 0.4625
0.9675 1.00206 0.1379 0.4675
0.9725 1.00206 0.1379 0.4725
0.9775 1.00206 0.1379 0.4775
0.9825 1.00206 0.1379 0.4825
0.9875 1.00206 0.1379 0.4875
0.9925 1.00206 0.1379 0.4925
0.9975 1.00206 0.1379 0.4975
