0.0025 1.33314 1.11677 -0.4975
0.0075 1.33314 1.11677 -0.492529
0.0125 1.33314 1.11677 -0.487529
0.0175 1.33315 1.11677 -0.482529
0.0225 1.33315 1.11677 -0.477529
0.0275 1.33315 1.11677 -0.472529
0.0325 1.33315 1.11677 -0.467529
0.0375 1.33316 1.11677 -0.462529
0.0425 1.33316 1.11677 -0.457529
0.0475 1.33316 1.11677 -0.452529
0.0525 1.33316 1.11677 -0.447529
0.0575 1.33317 1.11677 -0.442529
0.0625 1.33317 1.11677 -0.437529
0.0675 1.33317 1.11677 -0.432529
0.0725 1.33317 1.11677 -0.427529
0.0775 1.33317 1.11677 -0.422529
0.0825 1.33318 1.11677 -0.417529
0.0875 1.33318 1.11677 -0.412529
0.0925 1.33318 1.11677 -0.407529
0.0975 1.33317 1.11677 -0.402529
0.1025 1.33316 1.11677 -0.397529
0.1075 1.33313 1.11677 -0.392529
0.1125 1.33307 1.11677 -0.387529
0.1175 1.33296 1.11677 -0.382529
0.1225 1.3328 1.11677 -0.377529
0.1275 1.33257 1.11677 -0.372529
0.1325 1.33226 1.11677 -0.367529
0.1375 1.33188 1.11677 -0.362529
0.1425 1.33144 1.11677 -0.357529
0.1475 1.33097 1.11677 -0.352529
0.1525 1.33052 1.11677 -0.347529
0.1575 1.33011 1.11677 -0.342529
0.1625 1.32979 1.11677 -0.337529
0.1675 1.32957 1.11677 -0.332529
0.1725 1.32948 1.11677 -0.327529
0.1775 1.3295 1.11677 -0.322529
0.1825 1.32962 1.11677 -0.317529
0.1875 1.32981 1.11677 -0.312529
0.1925 1.33005 1.11677 -0.307529
0.1975 1.33031 1.11677 -0.302529
0.2025 1.33058 1.11677 -0.297529
0.2075 1.33084 1.11677 -0.292529
0.2125 1.33107 1.11677 -0.287529
0.2175 1.33128 1.11677 -0.282529
0.2225 1.33146 1.11677 -0.277529
0.2275 1.33162 1.11677 -0.272529
0.2325 1.33176 1.11677 -0.267529
0.2375 1.33188 1.11677 -0.262529
0.2425 1.33198 1.11677 -0.257529
0.2475 1.33207 1.11677 -0.252529
0.2525 1.33214 1.11677 -0.247529
0.2575 1.33221 1.11677 -0.242529
0.2625 1.33228 1.11677 -0.237529
0.2675 1.33233 1.11677 -0.232529
0.2725 1.33238 1.11677 -0.227529
0.2775 1.33243 1.11677 -0.222529
0.2825 1.33247 1.11677 -0.217529
0.2875 1.33251 1.11677 -0.212529
0.2925 1.33255 1.11677 -0.207529
0.2975 1.33258 1.11677 -0.202529
0.3025 1.33261 1.11677 -0.197529
0.3075 1.33264 1.11677 -0.192529
0.3125 1.33267 1.11677 -0.187529
0.3175 1.3327 1.11677 -0.182529
0.3225 1.33272 1.11677 -0.177529
0.3275 1.33274 1.11677 -0.172529
0.3325 1.33276 1.11677 -0.167529
0.3375 1.33279 1.11677 -0.162529
0.3425 1.3328 1.11677 -0.157529
0.3475 1.33282 1.11677 -0.152529
0.3525 1.33284 1.11677 -0.147529
0.3575 1.33286 1.11677 -0.142529
0.3625 1.33287 1.11677 -0.137529
0.3675 1.33289 1.11677 -0.132529
0.3725 1.3329 1.11677 -0.127529
0.3775 1.33292 1.11677 -0.122529
0.3825 1.33293 1.11677 -0.117529
0.3875 1.33294 1.11677 -0.112529
0.3925 1.33295 1.11677 -0.107529
0.3975 1.33295 1.11677 -0.102529
0.4025 1.33295 1.11677 -0.0975287
0.4075 1.33294 1.11677 -0.0925287
0.4125 1.33292 1.11677 -0.0875287
0.4175 1.33286 1.11677 -0.0825287
0.4225 1.33276 1.11677 -0.0775287
0.4275 1.33259 1.11677 -0.0725287
0.4325 1.3323 1.11677 -0.0675286
0.4375 1.33182 1.11677 -0.0625286
0.4425 1.33101 1.11677 -0.0575286
0.4475 1.32971 1.11677 -0.0525285
0.4525 1.32762 1.11677 -0.0475284
0.4575 1.32429 1.11677 -0.0425282
0.4625 1.31909 1.11677 -0.0375279
0.4675 1.3111 1.11677 -0.0325276
0.4725 1.29908 1.11677 -0.027527
0.4775 1.2815 1.11677 -0.0225263
0.4825 1.25675 1.11677 -0.0175253
0.4875 1.22357 1.11677 -0.012524
0.4925 1.18182 1.11677 -0.00752249
0.4975 1.13319 1.11677 -0.00454646
0.5025 1.11677 0.564929 0.000115459
0.5075 1.11677 0.23967 0.00747263
0.5125 1.11677 0.158481 0.012483
0.5175 1.11677 0.146574 0.0174846
0.5225 1.11677 0.144803 0.0224863
0.5275 1.11677 0.143944 0.0274879
0.5325 1.11677 0.143175 0.0324894
0.5375 1.11677 0.142459 0.0374908
0.5425 1.11677 0.141802 0.0424922
0.5475 1.11677 0.141211 0.0474933
0.5525 1.11677 0.140686 0.0524944
0.5575 1.11677 0.140227 0.0574953
0.5625 1.11677 0.139831 0.0624961
0.5675 1.11677 0.139492 0.0674968
0.5725 1.11677 0.139207 0.0724974
0.5775 1.11677 0.138967 0.0774978
0.5825 1.11677 0.138768 0.0824982
0.5875 1.11677 0.138604 0.0874986
0.5925 1.11677 0.138468 0.0924989
0.5975 1.11677 0.138358 0.0974991
0.6025 1.11677 0.138268 0.102499
0.6075 1.11677 0.138195 0.107499
0.6125 1.11677 0.138136 0.1125
0.6175 1.11677 0.138088 0.1175
0.6225 1.11677 0.138049 0.1225
0.6275 1.11677 0.138019 0.1275
0.6325 1.11677 0.137994 0.1325
0.6375 1.11677 0.137974 0.1375
0.6425 1.11677 0.137959 0.1425
0.6475 1.11677 0.137946 0.1475
0.6525 1.11677 0.137936 0.1525
0.6575 1.11677 0.137928 0.1575
0.6625 1.11677 0.137922 0.1625
0.6675 1.11677 0.137917 0.1675
0.6725 1.11677 0.137913 0.1725
0.6775 1.11677 0.13791 0.1775
0.6825 1.11677 0.137908 0.1825
0.6875 1.11677 0.137906 0.1875
0.6925 1.11677 0.137905 0.1925
0.6975 1.11677 0.137904 0.1975
0.7025 1.11677 0.137903 0.2025
0.7075 1.11677 0.137902 0.2075
0.7125 1.11677 0.137902 0.2125
0.7175 1.11677 0.137901 0.2175
0.7225 1.11677 0.137901 0.2225
0.7275 1.11677 0.137901 0.2275
0.7325 1.11677 0.137901 0.2325
0.7375 1.11677 0.1379 0.2375
0.7425 1.11677 0.1379 0.2425
0.7475 1.11677 0.1379 0.2475
0.7525 1.11677 0.1379 0.2525
0.7575 1.11677 0.1379 0.2575
0.7625 1.11677 0.1379 0.2625
0.7675 1.11677 0.1379 0.2675
0.7725 1.11677 0.1379 0.2725
0.7775 1.11677 0.1379 0.2775
0.7825 1.11677 0.1379 0.2825
0.7875 1.11677 0.1379 0.2875
0.7925 1.11677 0.1379 0.2925
0.7975 1.11677 0.1379 0.2975
0.8025 1.11677 0.1379 0.3025
0.8075 1.11677 0.1379 0.3075
0.8125 1.11677 0.1379 0.3125
0.8175 1.11677 0.1379 0.3175
0.8225 1.11677 0.1379 0.3225
0.8275 1.11677 0.1379 0.3275
0.8325 1.11677 0.1379 0.3325
0.8375 1.11677 0.1379 0.3375
0.8425 1.11677 0.1379 0.3425
0.8475 1.11677 0.1379 0.3475
0.8525 1.11677 0.1379 0.3525
0.8575 1.11677 0.1379 0.3575
0.8625 1.11677 0.1379 0.3625
0.8675 1.11677 0.1379 0.3675
0.8725 1.11677 0.1379 0.3725
0.8775 1.11677 0.1379 0.3775
0.8825 1.11677 0.1379 0.3825
0.8875 1.11677 0.1379 0.3875
0.8925 1.11677 0.1379 0.3925
0.8975 1.11677 0.1379 0.3975
0.9025 1.11677 0.1379 0.4025
0.9075 1.11677 0.1379 0.4075
0.9125 1.11677 0.1379 0.4125
0.9175 1.11677 0.1379 0.4175
0.9225 1.11677 0.1379 0.4225
0.9275 1.11677 0.1379 0.4275
0.9325 1.11677 0.1379 0.4325
0.9375 1.11677 0.1379 0.4375
0.9425 1.11677 0.1379 0.4425
0.9475 1.11677 0.1379 0.4475
0.9525 1.11677 0.1379 0.4525
0.9575 1.11677 0.1379 0.4575
0.9625 1.11677 0.1379 0.4625
0.9675 1.11677 0.1379 0.4675
0.9725 1.11677 0.1379 0.4725
0.9775 1.11677 0.1379 0.4775
0.9825 1.11677 0.1379 0.4825
0.9875 1.11677 0.1379 0.4875
0.9925 1.11677 0.1379 0.4925
0.9975 1.11677 0.1379 0.4975
