0.0025 1.33315 1.18923 -0.5075
0.0075 1.33316 1.18923 -0.502751
0.0125 1.33316 1.18923 -0.497751
0.0175 1.33316 1.18923 -0.492751
0.0225 1.33316 1.18923 -0.487751
0.0275 1.33317 1.18923 -0.482751
0.0325 1.33317 1.18923 -0.477751
0.0375 1.33317 1.18923 -0.472751
0.0425 1.33317 1.18923 -0.467751
0.0475 1.33317 1.18923 -0.462751
0.0525 1.33318 1.18923 -0.457751
0.0575 1.33318 1.18923 -0.452751
0.0625 1.33318 1.18923 -0.447751
0.0675 1.33318 1.18923 -0.442751
0.0725 1.33318 1.18923 -0.437751
0.0775 1.33319 1.18923 -0.432751
0.0825 1.33319 1.18923 -0.427751
0.0875 1.33319 1.18923 -0.422751
0.0925 1.33319 1.18923 -0.417751
0.0975 1.33319 1.18923 -0.412751
0.1025 1.33319 1.18923 -0.407751
0.1075 1.33318 1.18923 -0.402751
0.1125 1.33316 1.18923 -0.397751
0.1175 1.33312 1.18923 -0.392751
0.1225 1.33306 1.18923 -0.387751
0.1275 1.33295 1.18923 -0.382751
0.1325 1.33279 1.18923 -0.377751
0.1375 1.33257 1.18923 -0.372751
0.1425 1.33228 1.18923 -0.367751
0.1475 1.33192 1.18923 -0.362751
0.1525 1.33152 1.18923 -0.357751
0.1575 1.33109 1.18923 -0.352751
0.1625 1.33066 1.18923 -0.347751
0.1675 1.33027 1.18923 -0.342751
0.1725 1.32996 1.18923 -0.337751
0.1775 1.32973 1.18923 -0.332751
0.1825 1.32962 1.18923 -0.327751
0.1875 1.3296 1.18923 -0.322751
0.1925 1.32968 1.18923 -0.317751
0.1975 1.32983 1.18923 -0.312751
0.2025 1.33004 1.18923 -0.307751
0.2075 1.33027 1.18923 -0.302751
0.2125 1.33052 1.18923 -0.297751
0.2175 1.33077 1.18923 -0.29275
0.2225 1.331 1.18923 -0.28775
0.2275 1.33122 1.18923 -0.28275
0.2325 1.33141 1.18923 -0.27775
0.2375 1.33157 1.18923 -0.27275
0.2425 1.33171 1.18923 -0.26775
0.2475 1.33184 1.18923 -0.26275
0.2525 1.33195 1.18923 -0.25775
0.2575 1.33204 1.18923 -0.25275
0.2625 1.33212 1.18923 -0.24775
0.2675 1.3322 1.18923 -0.24275
0.2725 1.33226 1.18923 -0.23775
0.2775 1.33232 1.18923 -0.23275
0.2825 1.33237 1.18923 -0.22775
0.2875 1.33242 1.18923 -0.22275
0.2925 1.33246 1.18923 -0.21775
0.2975 1.3325 1.18923 -0.21275
0.3025 1.33254 1.18923 -0.20775
0.3075 1.33258 1.18923 -0.20275
0.3125 1.33261 1.18923 -0.19775
0.3175 1.33264 1.18923 -0.19275
0.3225 1.33267 1.18923 -0.18775
0.3275 1.33269 1.18923 -0.18275
0.3325 1.33272 1.18923 -0.17775
0.3375 1.33274 1.18923 -0.17275
0.3425 1.33276 1.18923 -0.16775
0.3475 1.33278 1.18923 -0.16275
0.3525 1.3328 1.18923 -0.15775
0.3575 1.33282 1.18923 -0.15275
0.3625 1.33284 1.18923 -0.14775
0.3675 1.33286 1.18923 -0.14275
0.3725 1.33287 1.18923 -0.13775
0.3775 1.33288 1.18923 -0.13275
0.3825 1.33289 1.18923 -0.12775
0.3875 1.3329 1.18923 -0.12275
0.3925 1.33289 1.18923 -0.117751
0.3975 1.33288 1.18923 -0.112751
0.4025 1.33283 1.18923 -0.107751
0.4075 1.33274 1.18923 -0.102751
0.4125 1.33257 1.18923 -0.0977507
0.4175 1.33227 1.18923 -0.0927509
0.4225 1.33175 1.18923 -0.0877512
0.4275 1.33088 1.18923 -0.0827518
0.4325 1.32948 1.18923 -0.0777527
0.4375 1.32733 1.18923 -0.072754
0.4425 1.32414 1.18923 -0.067756
0.4475 1.3196 1.18923 -0.0627589
0.4525 1.31347 1.18923 -0.0577629
0.4575 1.3056 1.18923 -0.052768
0.4625 1.29601 1.18923 -0.0477743
0.4675 1.28498 1.18923 -0.0427816
0.4725 1.27299 1.18923 -0.0377896
0.4775 1.26065 1.18923 -0.0327977
0.4825 1.24856 1.18923 -0.0278056
0.4875 1.23713 1.1922 -0.0228127
0.4925 1.22646 1.20815 -0.0178188
0.4975 1.21626 1.19553 -0.0128237
0.5025 1.20602 1.13095 -0.00782745
0.5075 1.19545 0.96089 -0.00528995
0.5125 1.18923 0.710841 -7.24193e-05
0.5175 1.18923 0.468834 0.00704679
0.5225 1.18923 0.299988 0.0121887
0.5275 1.18923 0.210361 0.0171917
0.5325 1.18923 0.172801 0.0221956
0.5375 1.18923 0.159959 0.0272004
0.5425 1.18923 0.156162 0.0322063
0.5475 1.18923 0.154987 0.037213
0.5525 1.18923 0.154406 0.0422205
0.5575 1.18923 0.153914 0.0472285
0.5625 1.18923 0.153414 0.052237
0.5675 1.18923 0.152898 0.0572457
0.5725 1.18923 0.152376 0.0622544
0.5775 1.18923 0.151863 0.0672629
0.5825 1.18923 0.151374 0.0722707
0.5875 1.18923 0.150925 0.0772779
0.5925 1.18923 0.150523 0.0822842
0.5975 1.18923 0.150166 0.0872898
0.6025 1.18923 0.149833 0.0922954
0.6075 1.18923 0.149485 0.0973017
0.6125 1.18923 0.149073 0.10231
0.6175 1.18923 0.148549 0.10732
0.6225 1.18923 0.147884 0.112332
0.6275 1.18923 0.147085 0.117347
0.6325 1.18923 0.146191 0.122363
0.6375 1.18923 0.145257 0.127379
0.6425 1.18923 0.144333 0.132395
0.6475 1.18923 0.143456 0.13741
0.6525 1.18923 0.142645 0.142423
0.6575 1.18923 0.141913 0.147435
0.6625 1.18923 0.141263 0.152446
0.6675 1.18923 0.140697 0.157455
0.6725 1.18923 0.140211 0.162463
0.6775 1.18923 0.139799 0.16747
0.6825 1.18923 0.139452 0.172475
0.6875 1.18923 0.139164 0.17748
0.6925 1.18923 0.138925 0.182484
0.6975 1.18923 0.138729 0.187487
0.7025 1.18923 0.138569 0.192489
0.7075 1.18923 0.138438 0.197491
0.7125 1.18923 0.138332 0.202493
0.7175 1.18923 0.138246 0.207494
0.7225 1.18923 0.138177 0.212496
0.7275 1.18923 0.138121 0.217496
0.7325 1.18923 0.138076 0.222497
0.7375 1.18923 0.13804 0.227498
0.7425 1.18923 0.138011 0.232498
0.7475 1.18923 0.137988 0.237499
0.7525 1.18923 0.13797 0.242499
0.7575 1.18923 0.137955 0.247499
0.7625 1.18923 0.137943 0.252499
0.7675 1.18923 0.137934 0.257499
0.7725 1.18923 0.137927 0.2625
0.7775 1.18923 0.137921 0.2675
0.7825 1.18923 0.137916 0.2725
0.7875 1.18923 0.137913 0.2775
0.7925 1.18923 0.13791 0.2825
0.7975 1.18923 0.137908 0.2875
0.8025 1.18923 0.137906 0.2925
0.8075 1.18923 0.137904 0.2975
0.8125 1.18923 0.137903 0.3025
0.8175 1.18923 0.137903 0.3075
0.8225 1.18923 0.137902 0.3125
0.8275 1.18923 0.137902 0.3175
0.8325 1.18923 0.137901 0.3225
0.8375 1.18923 0.137901 0.3275
0.8425 1.18923 0.137901 0.3325
0.8475 1.18923 0.1379 0.3375
0.8525 1.18923 0.1379 0.3425
0.8575 1.18923 0.1379 0.3475
0.8625 1.18923 0.1379 0.3525
0.8675 1.18923 0.1379 0.3575
0.8725 1.18923 0.1379 0.3625
0.8775 1.18923 0.1379 0.3675
0.8825 1.18923 0.1379 0.3725
0.8875 1.18923 0.1379 0.3775
0.8925 1.18923 0.1379 0.3825
0.8975 1.18923 0.1379 0.3875
0.9025 1.18923 0.1379 0.3925
0.9075 1.18923 0.1379 0.3975
0.9125 1.18923 0.1379 0.4025
0.9175 1.18923 0.1379 0.4075
0.9225 1.18923 0.1379 0.4125
0.9275 1.18923 0.1379 0.4175
0.9325 1.18923 0.1379 0.4225
0.9375 1.18923 0.1379 0.4275
0.9425 1.18923 0.1379 0.4325
0.9475 1.18923 0.1379 0.4375
0.9525 1.18923 0.1379 0.4425
0.9575 1.18923 0.1379 0.4475
0.9625 1.18923 0.1379 0.4525
0.9675 1.18923 0.1379 0.4575
0.9725 1.18923 0.1379 0.4625
0.9775 1.18923 0.1379 0.4675
0.9825 1.18923 0.1379 0.4725
0.9875 1.18923 0.1379 0.4775
0.9925 1.18923 0.1379 0.4825
0.9975 1.18923 0.1379 0.4875
