0.00125 1 0.01488 -0.497671
0.00375 1 0.01488 -0.495171
0.00625 1 0.01488 -0.492671
0.00875 1 0.01488 -0.490171
0.01125 1 0.01488 -0.487671
0.01375 1 0.01488 -0.485171
0.01625 1 0.01488 -0.482671
0.01875 1 0.01488 -0.480171
0.02125 1 0.01488 -0.477671
0.02375 1 0.01488 -0.475171
0.02625 0.999999 0.01488 -0.472671
0.02875 0.999998 0.01488 -0.470171
0.03125 0.999995 0.01488 -0.467671
0.03375 0.999989 0.01488 -0.465171
0.03625 0.999976 0.01488 -0.462671
0.03875 0.999949 0.01488 -0.460171
0.04125 0.9999 0.01488 -0.457671
0.04375 0.999809 0.01488 -0.455171
0.04625 0.999651 0.01488 -0.452671
0.04875 0.999389 0.01488 -0.450171
0.05125 0.998969 0.01488 -0.447671
0.05375 0.998327 0.01488 -0.445171
0.05625 0.99738 0.01488 -0.442671
0.05875 0.996035 0.01488 -0.440172
0.06125 0.994195 0.01488 -0.437672
0.06375 0.99176 0.01488 -0.435173
0.06625 0.988642 0.01488 -0.432674
0.06875 0.984764 0.01488 -0.430176
0.07125 0.980073 0.01488 -0.427677
0.07375 0.97454 0.01488 -0.42518
0.07625 0.96816 0.01488 -0.422682
0.07875 0.96095 0.01488 -0.420185
0.08125 0.952946 0.01488 -0.417688
0.08375 0.944202 0.01488 -0.415191
0.08625 0.934779 0.01488 -0.412695
0.08875 0.924746 0.01488 -0.410199
0.09125 0.914173 0.01488 -0.407704
0.09375 0.903129 0.01488 -0.405208
0.09625 0.891683 0.01488 -0.402713
0.09875 0.879898 0.01488 -0.400218
0.10125 0.867831 0.01488 -0.397724
0.10375 0.855536 0.01488 -0.395229
0.10625 0.843061 0.01488 -0.392735
0.10875 0.830448 0.01488 -0.390241
0.11125 0.817734 0.01488 -0.387746
0.11375 0.804952 0.01488 -0.385252
0.11625 0.792132 0.01488 -0.382759
0.11875 0.779299 0.01488 -0.380265
0.12125 0.766474 0.01488 -0.377771
0.12375 0.753678 0.01488 -0.375277
0.12625 0.740926 0.01488 -0.372784
0.12875 0.728233 0.01488 -0.37029
0.13125 0.715612 0.01488 -0.367797
0.13375 0.703073 0.01488 -0.365304
0.13625 0.690626 0.01488 -0.36281
0.13875 0.678279 0.01488 -0.360317
0.14125 0.666038 0.01488 -0.357824
0.14375 0.653909 0.01488 -0.35533
0.14625 0.641899 0.01488 -0.352837
0.14875 0.63001 0.01488 -0.350344
0.15125 0.618246 0.01488 -0.347851
0.15375 0.606611 0.01488 -0.345358
0.15625 0.595108 0.01488 -0.342865
0.15875 0.583737 0.01488 -0.340371
0.16125 0.572502 0.01488 -0.337878
0.16375 0.561403 0.01488 -0.335385
0.16625 0.550442 0.01488 -0.332892
0.16875 0.539619 0.01488 -0.330399
0.17125 0.528935 0.01488 -0.327906
0.17375 0.518391 0.01488 -0.325413
0.17625 0.507986 0.01488 -0.322921
0.17875 0.497721 0.01488 -0.320428
0.18125 0.487596 0.01488 -0.317935
0.18375 0.47761 0.01488 -0.315442
0.18625 0.467763 0.01488 -0.312949
0.18875 0.458054 0.01488 -0.310456
0.19125 0.448484 0.01488 -0.307963
0.19375 0.439051 0.01488 -0.30547
0.19625 0.429755 0.01488 -0.302978
0.19875 0.420595 0.01488 -0.300485
0.20125 0.41157 0.01488 -0.297992
0.20375 0.40268 0.01488 -0.295499
0.20625 0.393923 0.01488 -0.293007
0.20875 0.385298 0.01488 -0.290514
0.21125 0.376805 0.01488 -0.288021
0.21375 0.368443 0.01488 -0.285528
0.21625 0.360211 0.01488 -0.283036
0.21875 0.352107 0.01488 -0.280543
0.22125 0.34413 0.01488 -0.27805
0.22375 0.33628 0.01488 -0.275558
0.22625 0.328555 0.01488 -0.273065
0.22875 0.320954 0.01488 -0.270572
0.23125 0.313477 0.01488 -0.26808
0.23375 0.306122 0.01488 -0.265587
0.23625 0.298887 0.01488 -0.263095
0.23875 0.291772 0.01488 -0.260602
0.24125 0.284776 0.01488 -0.258109
0.24375 0.277898 0.01488 -0.255617
0.24625 0.271136 0.01488 -0.253124
0.24875 0.264489 0.01488 -0.250632
0.25125 0.257957 0.01488 -0.248139
0.25375 0.251538 0.01488 -0.245647
0.25625 0.245232 0.01488 -0.243154
0.25875 0.239036 0.01488 -0.240662
0.26125 0.23295 0.01488 -0.238169
0.26375 0.226974 0.01488 -0.235677
0.26625 0.221106 0.01488 -0.233185
0.26875 0.215344 0.01488 -0.230692
0.27125 0.209689 0.01488 -0.2282
0.27375 0.204139 0.01488 -0.225707
0.27625 0.198692 0.01488 -0.223215
0.27875 0.193349 0.01488 -0.220723
0.28125 0.188108 0.01488 -0.21823
0.28375 0.182968 0.01488 -0.215738
0.28625 0.177929 0.01488 -0.213246
0.28875 0.172989 0.01488 -0.210753
0.29125 0.168147 0.01488 -0.208261
0.29375 0.163403 0.01488 -0.205769
0.29625 0.158755 0.01488 -0.203277
0.29875 0.154203 0.01488 -0.200785
0.30125 0.149746 0.01488 -0.198292
0.30375 0.145383 0.01488 -0.1958
0.30625 0.141113 0.01488 -0.193308
0.30875 0.136935 0.01488 -0.190816
0.31125 0.132848 0.01488 -0.188324
0.31375 0.128851 0.01488 -0.185832
0.31625 0.124943 0.01488 -0.183339
0.31875 0.121124 0.01488 -0.180847
0.32125 0.117392 0.01488 -0.178355
0.32375 0.113747 0.01488 -0.175863
0.32625 0.110187 0.01488 -0.173371
0.32875 0.106712 0.01488 -0.170879
0.33125 0.103321 0.01488 -0.168387
0.33375 0.100012 0.01488 -0.165895
0.33625 0.0967846 0.01488 -0.163403
0.33875 0.0936379 0.01488 -0.160911
0.34125 0.0905706 0.01488 -0.15842
0.34375 0.0875819 0.01488 -0.155928
0.34625 0.0846706 0.01488 -0.153436
0.34875 0.0818357 0.01488 -0.150944
0.35125 0.0790761 0.01488 -0.148452
0.35375 0.0763906 0.01488 -0.14596
0.35625 0.0737782 0.01488 -0.143468
0.35875 0.0712377 0.01488 -0.140977
0.36125 0.0687682 0.01488 -0.138485
0.36375 0.0663686 0.01488 -0.135993
0.36625 0.0640375 0.01488 -0.133501
0.36875 0.0617738 0.01488 -0.13101
0.37125 0.0595763 0.01488 -0.128518
0.37375 0.0574437 0.01488 -0.126026
0.37625 0.055375 0.01488 -0.123535
0.37875 0.0533689 0.01488 -0.121043
0.38125 0.0514243 0.01488 -0.118552
0.38375 0.0495399 0.01488 -0.11606
0.38625 0.0477146 0.01488 -0.113568
0.38875 0.0459472 0.01488 -0.111077
0.39125 0.0442365 0.01488 -0.108585
0.39375 0.0425815 0.01488 -0.106094
0.39625 0.0409809 0.01488 -0.103602
0.39875 0.0394337 0.01488 -0.101111
0.40125 0.0379387 0.01488 -0.0986192
0.40375 0.036495 0.01488 -0.0961277
0.40625 0.0351015 0.01488 -0.0936363
0.40875 0.0337574 0.01488 -0.0911448
0.41125 0.0324617 0.01488 -0.0886533
0.41375 0.0312137 0.01488 -0.0861618
0.41625 0.0300128 0.01488 -0.0836703
0.41875 0.0288585 0.01488 -0.0811788
0.42125 0.0277507 0.01488 -0.0786872
0.42375 0.0266896 0.01488 -0.0761955
0.42625 0.025676 0.01488 -0.0737038
0.42875 0.0247116 0.01488 -0.071212
0.43125 0.0237992 0.01488 -0.06872
0.43375 0.022944 0.01488 -0.0662277
0.43625 0.0221539 0.01488 -0.0637351
0.43875 0.0214413 0.01488 -0.0612419
0.44125 0.0208238 0.01488 -0.0587479
0.44375 0.0203234 0.01488 -0.0562527
0.44625 0.0199721 0.01488 -0.0537558
0.44875 0.0197931 0.01488 -0.0512569
0.45125 0.0197868 0.01488 -0.0487557
0.45375 0.0199153 0.01488 -0.0462526
0.45625 0.0201024 0.01488 -0.0437484
0.45875 0.0202653 0.01488 -0.0412442
0.46125 0.0203414 0.01488 -0.0387408
0.46375 0.020304 0.01488 -0.0362385
0.46625 0.0201567 0.01488 -0.0337372
0.46875 0.019918 0.01488 -0.0312369
0.47125 0.0196087 0.01488 -0.0287372
0.47375 0.0192444 0.01488 -0.0262378
0.47625 0.0188338 0.01488 -0.0237387
0.47875 0.0183785 0.01488 -0.0212397
0.48125 0.0178748 0.01488 -0.0187407
0.48375 0.0173131 0.01488 -0.0162418
0.48625 0.0166767 0.01488 -0.0137429
0.48875 0.0159397 0.01488 -0.011244
0.49125 0.0150758 0.01488 -0.0087451
0.49375 0.0142103 0.01488 -0.00624622
0.49625 0.014367 0.01488 -0.00374671
0.49875 0.0147113 0.01488 -0.000664967
0.50125 0.01488 0.0149 0.00310071
0.50375 0.01488 0.0179322 0.00374983
0.50625 0.01488 0.0129247 0.00624823
0.50875 0.01488 0.0141406 0.00874714
0.51125 0.01488 0.015218 0.0112461
0.51375 0.01488 0.016081 0.013745
0.51625 0.01488 0.016802 0.0162439
0.51875 0.01488 0.0174238 0.0187429
0.52125 0.01488 0.0179718 0.0212419
0.52375 0.01488 0.0184626 0.0237409
0.52625 0.01488 0.0189088 0.02624
0.52875 0.01488 0.0193113 0.0287391
0.53125 0.01488 0.019677 0.0312382
0.53375 0.01488 0.0200125 0.0337374
0.53625 0.01488 0.0203214 0.0362367
0.53875 0.01488 0.0206051 0.038736
0.54125 0.01488 0.0208645 0.0412354
0.54375 0.01488 0.0211009 0.0437349
0.54625 0.01488 0.0213177 0.0462345
0.54875 0.01488 0.021522 0.0487341
0.55125 0.01488 0.0217266 0.0512335
0.55375 0.01488 0.0219493 0.0537326
0.55625 0.01488 0.0222114 0.0562311
0.55875 0.01488 0.0225336 0.058729
0.56125 0.01488 0.0229327 0.0612259
0.56375 0.01488 0.0234192 0.063722
0.56625 0.01488 0.023997 0.0662172
0.56875 0.01488 0.0246649 0.0687116
0.57125 0.01488 0.0254184 0.0712054
0.57375 0.01488 0.0262516 0.0736987
0.57625 0.01488 0.0271585 0.0761915
0.57875 0.01488 0.0281337 0.078684
0.58125 0.01488 0.0291726 0.0811762
0.58375 0.01488 0.0302717 0.0836683
0.58625 0.01488 0.0314285 0.0861602
0.58875 0.01488 0.0326411 0.088652
0.59125 0.01488 0.0339082 0.0911437
0.59375 0.01488 0.0352293 0.0936354
0.59625 0.01488 0.036604 0.096127
0.59875 0.01488 0.0380324 0.0986186
0.60125 0.01488 0.0395148 0.10111
0.60375 0.01488 0.0410516 0.103602
0.60625 0.01488 0.0426436 0.106093
0.60875 0.01488 0.0442914 0.108585
0.61125 0.01488 0.0459961 0.111077
0.61375 0.01488 0.0477584 0.113568
0.61625 0.01488 0.0495793 0.11606
0.61875 0.01488 0.05146 0.118551
0.62125 0.01488 0.0534015 0.121043
0.62375 0.01488 0.0554049 0.123535
0.62625 0.01488 0.0574712 0.126026
0.62875 0.01488 0.0596017 0.128518
0.63125 0.01488 0.0617974 0.13101
0.63375 0.01488 0.0640595 0.133501
0.63625 0.01488 0.0663892 0.135993
0.63875 0.01488 0.0687875 0.138485
0.64125 0.01488 0.0712558 0.140977
0.64375 0.01488 0.0737953 0.143468
0.64625 0.01488 0.0764068 0.14596
0.64875 0.01488 0.0790914 0.148452
0.65125 0.01488 0.0818503 0.150944
0.65375 0.01488 0.0846845 0.153436
0.65625 0.01488 0.0875951 0.155928
0.65875 0.01488 0.0905832 0.158419
0.66125 0.01488 0.0936498 0.160911
0.66375 0.01488 0.096796 0.163403
0.66625 0.01488 0.100023 0.165895
0.66875 0.01488 0.103331 0.168387
0.67125 0.01488 0.106722 0.170879
0.67375 0.01488 0.110197 0.173371
0.67625 0.01488 0.113756 0.175863
0.67875 0.01488 0.117401 0.178355
0.68125 0.01488 0.121132 0.180847
0.68375 0.01488 0.124951 0.183339
0.68625 0.01488 0.128858 0.185832
0.68875 0.01488 0.132855 0.188324
0.69125 0.01488 0.136941 0.190816
0.69375 0.01488 0.141119 0.193308
0.69625 0.01488 0.145389 0.1958
0.69875 0.01488 0.149752 0.198292
0.70125 0.01488 0.154209 0.200784
0.70375 0.01488 0.158761 0.203277
0.70625 0.01488 0.163408 0.205769
0.70875 0.01488 0.168152 0.208261
0.71125 0.01488 0.172993 0.210753
0.71375 0.01488 0.177933 0.213246
0.71625 0.01488 0.182972 0.215738
0.71875 0.01488 0.188112 0.21823
0.72125 0.01488 0.193353 0.220723
0.72375 0.01488 0.198696 0.223215
0.72625 0.01488 0.204142 0.225707
0.72875 0.01488 0.209692 0.2282
0.73125 0.01488 0.215347 0.230692
0.73375 0.01488 0.221108 0.233185
0.73625 0.01488 0.226976 0.235677
0.73875 0.01488 0.232953 0.238169
0.74125 0.01488 0.239038 0.240662
0.74375 0.01488 0.245233 0.243154
0.74625 0.01488 0.25154 0.245647
0.74875 0.01488 0.257959 0.248139
0.75125 0.01488 0.264491 0.250632
0.75375 0.01488 0.271137 0.253124
0.75625 0.01488 0.277899 0.255617
0.75875 0.01488 0.284777 0.258109
0.76125 0.01488 0.291773 0.260602
0.76375 0.01488 0.298888 0.263095
0.76625 0.01488 0.306122 0.265587
0.76875 0.01488 0.313478 0.26808
0.77125 0.01488 0.320955 0.270572
0.77375 0.01488 0.328556 0.273065
0.77625 0.01488 0.33628 0.275558
0.77875 0.01488 0.34413 0.27805
0.78125 0.01488 0.352107 0.280543
0.78375 0.01488 0.360211 0.283036
0.78625 0.01488 0.368443 0.285528
0.78875 0.01488 0.376805 0.288021
0.79125 0.01488 0.385298 0.290514
0.79375 0.01488 0.393922 0.293007
0.79625 0.01488 0.402679 0.295499
0.79875 0.01488 0.41157 0.297992
0.80125 0.01488 0.420595 0.300485
0.80375 0.01488 0.429755 0.302978
0.80625 0.01488 0.439051 0.30547
0.80875 0.01488 0.448483 0.307963
0.81125 0.01488 0.458054 0.310456
0.81375 0.01488 0.467762 0.312949
0.81625 0.01488 0.477609 0.315442
0.81875 0.01488 0.487595 0.317935
0.82125 0.01488 0.497721 0.320428
0.82375 0.01488 0.507986 0.322921
0.82625 0.01488 0.51839 0.325413
0.82875 0.01488 0.528935 0.327906
0.83125 0.01488 0.539619 0.330399
0.83375 0.01488 0.550441 0.332892
0.83625 0.01488 0.561403 0.335385
0.83875 0.01488 0.572501 0.337878
0.84125 0.01488 0.583737 0.340371
0.84375 0.01488 0.595107 0.342865
0.84625 0.01488 0.606611 0.345358
0.84875 0.01488 0.618246 0.347851
0.85125 0.01488 0.630009 0.350344
0.85375 0.01488 0.641898 0.352837
0.85625 0.01488 0.653909 0.35533
0.85875 0.01488 0.666038 0.357824
0.86125 0.01488 0.678278 0.360317
0.86375 0.01488 0.690626 0.36281
0.86625 0.01488 0.703073 0.365304
0.86875 0.01488 0.715612 0.367797
0.87125 0.01488 0.728233 0.37029
0.87375 0.01488 0.740926 0.372784
0.87625 0.01488 0.753678 0.375277
0.87875 0.01488 0.766474 0.377771
0.88125 0.01488 0.779299 0.380265
0.88375 0.01488 0.792132 0.382759
0.88625 0.01488 0.804952 0.385252
0.88875 0.01488 0.817733 0.387746
0.89125 0.01488 0.830448 0.390241
0.89375 0.01488 0.843061 0.392735
0.89625 0.01488 0.855536 0.395229
0.89875 0.01488 0.867831 0.397724
0.90125 0.01488 0.879898 0.400218
0.90375 0.01488 0.891683 0.402713
0.90625 0.01488 0.903129 0.405208
0.90875 0.01488 0.914172 0.407704
0.91125 0.01488 0.924746 0.410199
0.91375 0.01488 0.934779 0.412695
0.91625 0.01488 0.944202 0.415191
0.91875 0.01488 0.952946 0.417688
0.92125 0.01488 0.96095 0.420185
0.92375 0.01488 0.96816 0.422682
0.92625 0.01488 0.97454 0.42518
0.92875 0.01488 0.980073 0.427677
0.93125 0.01488 0.984764 0.430176
0.93375 0.01488 0.988642 0.432674
0.93625 0.01488 0.99176 0.435173
0.93875 0.01488 0.994195 0.437672
0.94125 0.01488 0.996035 0.440172
0.94375 0.01488 0.99738 0.442671
0.94625 0.01488 0.998327 0.445171
0.94875 0.01488 0.998969 0.447671
0.95125 0.01488 0.999389 0.450171
0.95375 0.01488 0.999651 0.452671
0.95625 0.01488 0.999809 0.455171
0.95875 0.01488 0.9999 0.457671
0.96125 0.01488 0.999949 0.460171
0.96375 0.01488 0.999976 0.462671
0.96625 0.01488 0.999989 0.465171
0.96875 0.01488 0.999995 0.467671
0.97125 0.01488 0.999998 0.470171
0.97375 0.01488 0.999999 0.472671
0.97625 0.01488 1 0.475171
0.97875 0.01488 1 0.477671
0.98125 0.01488 1 0.480171
0.98375 0.01488 1 0.482671
0.98625 0.01488 1 0.485171
0.98875 0.01488 1 0.487671
0.99125 0.01488 1 0.490171
0.99375 0.01488 1 0.492671
0.99625 0.01488 1 0.495171
0.99875 0.01488 1 0.497671
