0.00125 111.801 1.35e-10 -0.49875
0.00375 111.801 1.35e-10 -0.496453
0.00625 111.801 1.35e-10 -0.493953
0.00875 111.801 1.35e-10 -0.491453
0.01125 111.801 1.35e-10 -0.488953
0.01375 111.801 1.35e-10 -0.486453
0.01625 111.8 1.35e-10 -0.483953
0.01875 111.8 1.35e-10 -0.481453
0.02125 111.8 1.35e-10 -0.478953
0.02375 111.799 1.35e-10 -0.476453
0.02625 111.799 1.35e-10 -0.473953
0.02875 111.799 1.35e-10 -0.471453
0.03125 111.798 1.35e-10 -0.468953
0.03375 111.798 1.35e-10 -0.466453
0.03625 111.798 1.35e-10 -0.463953
0.03875 111.797 1.35e-10 -0.461453
0.04125 111.797 1.35e-10 -0.458953
0.04375 111.797 1.35e-10 -0.456453
0.04625 111.797 1.35e-10 -0.453953
0.04875 111.797 1.35e-10 -0.451453
0.05125 111.797 1.35e-10 -0.448953
0.05375 111.797 1.35e-10 -0.446453
0.05625 111.797 1.35e-10 -0.443953
0.05875 111.797 1.35e-10 -0.441453
0.06125 111.797 1.35e-10 -0.438953
0.06375 111.797 1.35e-10 -0.436453
0.06625 111.797 1.35e-10 -0.433953
0.06875 111.798 1.35e-10 -0.431453
0.07125 111.798 1.35e-10 -0.428953
0.07375 111.798 1.35e-10 -0.426453
0.07625 111.798 1.35e-10 -0.423953
0.07875 111.799 1.35e-10 -0.421453
0.08125 111.799 1.35e-10 -0.418953
0.08375 111.799 1.35e-10 -0.416453
0.08625 111.799 1.35e-10 -0.413953
0.08875 111.798 1.35e-10 -0.411453
0.09125 111.798 1.35e-10 -0.408953
0.09375 111.798 1.35e-10 -0.406453
0.09625 111.798 1.35e-10 -0.403953
0.09875 111.797 1.35e-10 -0.401453
0.10125 111.797 1.35e-10 -0.398953
0.10375 111.796 1.35e-10 -0.396453
0.10625 111.796 1.35e-10 -0.393953
0.10875 111.796 1.35e-10 -0.391453
0.11125 111.796 1.35e-10 -0.388953
0.11375 111.796 1.35e-10 -0.386453
0.11625 111.795 1.35e-10 -0.383953
0.11875 111.795 1.35e-10 -0.381453
0.12125 111.795 1.35e-10 -0.378953
0.12375 111.795 1.35e-10 -0.376453
0.12625 111.795 1.35e-10 -0.373953
0.12875 111.795 1.35e-10 -0.371453
0.13125 111.795 1.35e-10 -0.368953
0.13375 111.795 1.35e-10 -0.366453
0.13625 111.796 1.35e-10 -0.363953
0.13875 111.796 1.35e-10 -0.361453
0.14125 111.796 1.35e-10 -0.358953
0.14375 111.797 1.35e-10 -0.356453
0.14625 111.797 1.35e-10 -0.353953
0.14875 111.797 1.35e-10 -0.351453
0.15125 111.797 1.35e-10 -0.348953
0.15375 111.798 1.35e-10 -0.346453
0.15625 111.798 1.35e-10 -0.343953
0.15875 111.798 1.35e-10 -0.341453
0.16125 111.798 1.35e-10 -0.338953
0.16375 111.798 1.35e-10 -0.336453
0.16625 111.798 1.35e-10 -0.333953
0.16875 111.797 1.35e-10 -0.331453
0.17125 111.797 1.35e-10 -0.328953
0.17375 111.797 1.35e-10 -0.326453
0.17625 111.796 1.35e-10 -0.323953
0.17875 111.795 1.35e-10 -0.321453
0.18125 111.795 1.35e-10 -0.318953
0.18375 111.794 1.35e-10 -0.316453
0.18625 111.794 1.35e-10 -0.313953
0.18875 111.794 1.35e-10 -0.311453
0.19125 111.793 1.35e-10 -0.308953
0.19375 111.793 1.35e-10 -0.306453
0.19625 111.794 1.35e-10 -0.303953
0.19875 111.794 1.35e-10 -0.301453
0.20125 111.794 1.35e-10 -0.298953
0.20375 111.794 1.35e-10 -0.296453
0.20625 111.794 1.35e-10 -0.293953
0.20875 111.795 1.35e-10 -0.291453
0.21125 111.795 1.35e-10 -0.288953
0.21375 111.795 1.35e-10 -0.286453
0.21625 111.796 1.35e-10 -0.283953
0.21875 111.796 1.35e-10 -0.281453
0.22125 111.797 1.35e-10 -0.278953
0.22375 111.798 1.35e-10 -0.276453
0.22625 111.798 1.35e-10 -0.273953
0.22875 111.798 1.35e-10 -0.271453
0.23125 111.798 1.35e-10 -0.268953
0.23375 111.798 1.35e-10 -0.266453
0.23625 111.798 1.35e-10 -0.263953
0.23875 111.797 1.35e-10 -0.261453
0.24125 111.797 1.35e-10 -0.258953
0.24375 111.796 1.35e-10 -0.256453
0.24625 111.796 1.35e-10 -0.253953
0.24875 111.795 1.35e-10 -0.251453
0.25125 111.795 1.35e-10 -0.248953
0.25375 111.794 1.35e-10 -0.246453
0.25625 111.794 1.35e-10 -0.243953
0.25875 111.793 1.35e-10 -0.241453
0.26125 111.793 1.35e-10 -0.238953
0.26375 111.793 1.35e-10 -0.236453
0.26625 111.793 1.35e-10 -0.233953
0.26875 111.793 1.35e-10 -0.231453
0.27125 111.793 1.35e-10 -0.228953
0.27375 111.793 1.35e-10 -0.226453
0.27625 111.794 1.35e-10 -0.223953
0.27875 111.794 1.35e-10 -0.221453
0.28125 111.794 1.35e-10 -0.218953
0.28375 111.795 1.35e-10 -0.216453
0.28625 111.795 1.35e-10 -0.213953
0.28875 111.796 1.35e-10 -0.211453
0.29125 111.796 1.35e-10 -0.208953
0.29375 111.797 1.35e-10 -0.206453
0.29625 111.797 1.35e-10 -0.203953
0.29875 111.798 1.35e-10 -0.201453
0.30125 111.798 1.35e-10 -0.198953
0.30375 111.798 1.35e-10 -0.196453
0.30625 111.798 1.35e-10 -0.193953
0.30875 111.798 1.35e-10 -0.191453
0.31125 111.798 1.35e-10 -0.188953
0.31375 111.797 1.35e-10 -0.186453
0.31625 111.797 1.35e-10 -0.183953
0.31875 111.796 1.35e-10 -0.181453
0.32125 111.795 1.35e-10 -0.178953
0.32375 111.794 1.35e-10 -0.176453
0.32625 111.793 1.35e-10 -0.173953
0.32875 111.793 1.35e-10 -0.171453
0.33125 111.793 1.35e-10 -0.168953
0.33375 111.793 1.35e-10 -0.166453
0.33625 111.793 1.35e-10 -0.163953
0.33875 111.793 1.35e-10 -0.161453
0.34125 111.793 1.35e-10 -0.158953
0.34375 111.793 1.35e-10 -0.156453
0.34625 111.793 1.35e-10 -0.153953
0.34875 111.794 1.35e-10 -0.151453
0.35125 111.794 1.35e-10 -0.148953
0.35375 111.794 1.35e-10 -0.146453
0.35625 111.795 1.35e-10 -0.143953
0.35875 111.795 1.35e-10 -0.141453
0.36125 111.795 1.35e-10 -0.138953
0.36375 111.796 1.35e-10 -0.136453
0.36625 111.797 1.35e-10 -0.133953
0.36875 111.799 1.35e-10 -0.131453
0.37125 111.801 1.35e-10 -0.128953
0.37375 111.803 1.35e-10 -0.126453
0.37625 111.805 1.35e-10 -0.123953
0.37875 111.806 1.35e-10 -0.121453
0.38125 111.807 1.35e-10 -0.118953
0.38375 111.807 1.35e-10 -0.116453
0.38625 111.808 1.35e-10 -0.113953
0.38875 111.808 1.35e-10 -0.111453
0.39125 111.809 1.35e-10 -0.108953
0.39375 111.81 1.35e-10 -0.106453
0.39625 111.811 1.35e-10 -0.103953
0.39875 111.813 1.35e-10 -0.101453
0.40125 111.816 1.35e-10 -0.0989532
0.40375 111.819 1.35e-10 -0.0964532
0.40625 111.822 1.35e-10 -0.0939532
0.40875 111.824 1.35e-10 -0.0914532
0.41125 111.823 1.35e-10 -0.0889532
0.41375 111.818 1.35e-10 -0.0864532
0.41625 111.805 1.35e-10 -0.0839532
0.41875 111.778 1.35e-10 -0.0814531
0.42125 111.731 1.35e-10 -0.078953
0.42375 111.651 1.35e-10 -0.0764528
0.42625 111.519 1.35e-10 -0.0739525
0.42875 111.305 1.35e-10 -0.0714521
0.43125 110.966 1.35e-10 -0.0689514
0.43375 110.433 1.35e-10 -0.0664502
0.43625 109.601 1.35e-10 -0.0639485
0.43875 108.314 1.35e-10 -0.0614458
0.44125 106.334 1.35e-10 -0.0589416
0.44375 103.309 1.35e-10 -0.0564353
0.44625 98.7276 1.35e-10 -0.0539258
0.44875 91.8543 1.35e-10 -0.0514115
0.45125 81.6668 1.35e-10 -0.0488906
0.45375 67.0889 1.35e-10 -0.0463605
0.45625 46.1069 1.35e-10 -0.0438185
0.45875 21.2054 1.35e-10 -0.0412768
0.46125 6.14558 1.35e-10 -0.0387568
0.46375 1.27197 1.35e-10 -0.0362513
0.46625 0.220578 1.35e-10 -0.0337502
0.46875 0.0356955 1.35e-10 -0.03125
0.47125 0.00576817 1.35e-10 -0.02875
0.47375 0.000951043 1.35e-10 -0.02625
0.47625 0.000159755 1.35e-10 -0.02375
0.47875 2.74698e-05 1.35e-10 -0.02125
0.48125 4.91321e-06 1.35e-10 -0.01875
0.48375 9.26354e-07 1.35e-10 -0.01625
0.48625 1.86362e-07 1.35e-10 -0.01375
0.48875 4.07142e-08 1.35e-10 -0.01125
0.49125 9.82695e-09 1.35e-10 -0.00875
0.49375 2.63795e-09 1.35e-10 -0.00625
0.49625 7.69899e-10 1.35e-10 -0.00375
0.49875 2.30729e-10 1.33111e-10 -0.00125
0.50125 1.34706e-10 1.18244e-10 0.00125
0.50375 1.35e-10 5.35892e-11 0.00375
0.50625 1.35e-10 2.57254e-11 0.00625
0.50875 1.35e-10 1.23131e-11 0.00875
0.51125 1.35e-10 6.35547e-12 0.01125
0.51375 1.35e-10 3.21998e-12 0.01375
0.51625 1.35e-10 1.68722e-12 0.01625
0.51875 1.35e-10 7.67045e-13 0.01875
0.52125 1.35e-10 3.06842e-13 0.02125
0.52375 1.35e-10 7.67127e-14 0.02375
0.52625 1.35e-10 7.6713e-14 0.02625
0.52875 1.35e-10 7.67131e-14 0.02875
0.53125 1.35e-10 7.67131e-14 0.03125
0.53375 1.35e-10 0 0.03375
0.53625 1.35e-10 0 0.03625
0.53875 1.35e-10 0 0.03875
0.54125 1.35e-10 0 0.04125
0.54375 1.35e-10 0 0.04375
0.54625 1.35e-10 0 0.04625
0.54875 1.35e-10 0 0.04875
0.55125 1.35e-10 0 0.05125
0.55375 1.35e-10 0 0.05375
0.55625 1.35e-10 0 0.05625
0.55875 1.35e-10 0 0.05875
0.56125 1.35e-10 0 0.06125
0.56375 1.35e-10 0 0.06375
0.56625 1.35e-10 0 0.06625
0.56875 1.35e-10 0 0.06875
0.57125 1.35e-10 0 0.07125
0.57375 1.35e-10 0 0.07375
0.57625 1.35e-10 0 0.07625
0.57875 1.35e-10 0 0.07875
0.58125 1.35e-10 0 0.08125
0.58375 1.35e-10 0 0.08375
0.58625 1.35e-10 0 0.08625
0.58875 1.35e-10 0 0.08875
0.59125 1.35e-10 0 0.09125
0.59375 1.35e-10 0 0.09375
0.59625 1.35e-10 0 0.09625
0.59875 1.35e-10 0 0.09875
0.60125 1.35e-10 0 0.10125
0.60375 1.35e-10 0 0.10375
0.60625 1.35e-10 0 0.10625
0.60875 1.35e-10 0 0.10875
0.61125 1.35e-10 0 0.11125
0.61375 1.35e-10 0 0.11375
0.61625 1.35e-10 0 0.11625
0.61875 1.35e-10 0 0.11875
0.62125 1.35e-10 0 0.12125
0.62375 1.35e-10 0 0.12375
0.62625 1.35e-10 0 0.12625
0.62875 1.35e-10 0 0.12875
0.63125 1.35e-10 0 0.13125
0.63375 1.35e-10 0 0.13375
0.63625 1.35e-10 0 0.13625
0.63875 1.35e-10 0 0.13875
0.64125 1.35e-10 0 0.14125
0.64375 1.35e-10 0 0.14375
0.64625 1.35e-10 0 0.14625
0.64875 1.35e-10 0 0.14875
0.65125 1.35e-10 0 0.15125
0.65375 1.35e-10 0 0.15375
0.65625 1.35e-10 0 0.15625
0.65875 1.35e-10 0 0.15875
0.66125 1.35e-10 0 0.16125
0.66375 1.35e-10 0 0.16375
0.66625 1.35e-10 0 0.16625
0.66875 1.35e-10 0 0.16875
0.67125 1.35e-10 0 0.17125
0.67375 1.35e-10 0 0.17375
0.67625 1.35e-10 0 0.17625
0.67875 1.35e-10 0 0.17875
0.68125 1.35e-10 0 0.18125
0.68375 1.35e-10 0 0.18375
0.68625 1.35e-10 0 0.18625
0.68875 1.35e-10 0 0.18875
0.69125 1.35e-10 0 0.19125
0.69375 1.35e-10 0 0.19375
0.69625 1.35e-10 0 0.19625
0.69875 1.35e-10 0 0.19875
0.70125 1.35e-10 0 0.20125
0.70375 1.35e-10 0 0.20375
0.70625 1.35e-10 0 0.20625
0.70875 1.35e-10 0 0.20875
0.71125 1.35e-10 0 0.21125
0.71375 1.35e-10 0 0.21375
0.71625 1.35e-10 0 0.21625
0.71875 1.35e-10 0 0.21875
0.72125 1.35e-10 0 0.22125
0.72375 1.35e-10 0 0.22375
0.72625 1.35e-10 0 0.22625
0.72875 1.35e-10 0 0.22875
0.73125 1.35e-10 0 0.23125
0.73375 1.35e-10 0 0.23375
0.73625 1.35e-10 0 0.23625
0.73875 1.35e-10 0 0.23875
0.74125 1.35e-10 0 0.24125
0.74375 1.35e-10 0 0.24375
0.74625 1.35e-10 0 0.24625
0.74875 1.35e-10 0 0.24875
0.75125 1.35e-10 0 0.25125
0.75375 1.35e-10 0 0.25375
0.75625 1.35e-10 0 0.25625
0.75875 1.35e-10 0 0.25875
0.76125 1.35e-10 0 0.26125
0.76375 1.35e-10 0 0.26375
0.76625 1.35e-10 0 0.26625
0.76875 1.35e-10 0 0.26875
0.77125 1.35e-10 0 0.27125
0.77375 1.35e-10 0 0.27375
0.77625 1.35e-10 0 0.27625
0.77875 1.35e-10 0 0.27875
0.78125 1.35e-10 0 0.28125
0.78375 1.35e-10 0 0.28375
0.78625 1.35e-10 0 0.28625
0.78875 1.35e-10 0 0.28875
0.79125 1.35e-10 0 0.29125
0.79375 1.35e-10 0 0.29375
0.79625 1.35e-10 0 0.29625
0.79875 1.35e-10 0 0.29875
0.80125 1.35e-10 0 0.30125
0.80375 1.35e-10 0 0.30375
0.80625 1.35e-10 0 0.30625
0.80875 1.35e-10 0 0.30875
0.81125 1.35e-10 0 0.31125
0.81375 1.35e-10 0 0.31375
0.81625 1.35e-10 0 0.31625
0.81875 1.35e-10 0 0.31875
0.82125 1.35e-10 0 0.32125
0.82375 1.35e-10 0 0.32375
0.82625 1.35e-10 0 0.32625
0.82875 1.35e-10 0 0.32875
0.83125 1.35e-10 0 0.33125
0.83375 1.35e-10 0 0.33375
0.83625 1.35e-10 0 0.33625
0.83875 1.35e-10 0 0.33875
0.84125 1.35e-10 0 0.34125
0.84375 1.35e-10 0 0.34375
0.84625 1.35e-10 0 0.34625
0.84875 1.35e-10 0 0.34875
0.85125 1.35e-10 0 0.35125
0.85375 1.35e-10 0 0.35375
0.85625 1.35e-10 0 0.35625
0.85875 1.35e-10 0 0.35875
0.86125 1.35e-10 0 0.36125
0.86375 1.35e-10 0 0.36375
0.86625 1.35e-10 0 0.36625
0.86875 1.35e-10 0 0.36875
0.87125 1.35e-10 0 0.37125
0.87375 1.35e-10 0 0.37375
0.87625 1.35e-10 0 0.37625
0.87875 1.35e-10 0 0.37875
0.88125 1.35e-10 0 0.38125
0.88375 1.35e-10 0 0.38375
0.88625 1.35e-10 0 0.38625
0.88875 1.35e-10 0 0.38875
0.89125 1.35e-10 0 0.39125
0.89375 1.35e-10 0 0.39375
0.89625 1.35e-10 0 0.39625
0.89875 1.35e-10 0 0.39875
0.90125 1.35e-10 0 0.40125
0.90375 1.35e-10 0 0.40375
0.90625 1.35e-10 0 0.40625
0.90875 1.35e-10 0 0.40875
0.91125 1.35e-10 0 0.41125
0.91375 1.35e-10 0 0.41375
0.91625 1.35e-10 0 0.41625
0.91875 1.35e-10 0 0.41875
0.92125 1.35e-10 0 0.42125
0.92375 1.35e-10 0 0.42375
0.92625 1.35e-10 0 0.42625
0.92875 1.35e-10 0 0.42875
0.93125 1.35e-10 0 0.43125
0.93375 1.35e-10 0 0.43375
0.93625 1.35e-10 0 0.43625
0.93875 1.35e-10 0 0.43875
0.94125 1.35e-10 0 0.44125
0.94375 1.35e-10 0 0.44375
0.94625 1.35e-10 0 0.44625
0.94875 1.35e-10 0 0.44875
0.95125 1.35e-10 0 0.45125
0.95375 1.35e-10 0 0.45375
0.95625 1.35e-10 0 0.45625
0.95875 1.35e-10 0 0.45875
0.96125 1.35e-10 0 0.46125
0.96375 1.35e-10 0 0.46375
0.96625 1.35e-10 0 0.46625
0.96875 1.35e-10 0 0.46875
0.97125 1.35e-10 0 0.47125
0.97375 1.35e-10 0 0.47375
0.97625 1.35e-10 0 0.47625
0.97875 1.35e-10 0 0.47875
0.98125 1.35e-10 0 0.48125
0.98375 1.35e-10 0 0.48375
0.98625 1.35e-10 0 0.48625
0.98875 1.35e-10 0 0.48875
0.99125 1.35e-10 0 0.49125
0.99375 1.35e-10 0 0.49375
0.99625 1.35e-10 0 0.49625
0.99875 1.35e-10 0 0.49875
