0.00125 111.799 122.335 -0.50125
0.00375 111.798 122.335 -0.49876
0.00625 111.798 122.335 -0.49626
0.00875 111.797 122.335 -0.49376
0.01125 111.797 122.335 -0.49126
0.01375 111.797 122.335 -0.48876
0.01625 111.797 122.335 -0.48626
0.01875 111.797 122.335 -0.48376
0.02125 111.797 122.335 -0.48126
0.02375 111.797 122.335 -0.47876
0.02625 111.797 122.335 -0.47626
0.02875 111.797 122.335 -0.47376
0.03125 111.797 122.335 -0.47126
0.03375 111.797 122.335 -0.46876
0.03625 111.797 122.335 -0.46626
0.03875 111.798 122.335 -0.46376
0.04125 111.798 122.335 -0.46126
0.04375 111.798 122.335 -0.45876
0.04625 111.798 122.335 -0.45626
0.04875 111.798 122.335 -0.45376
0.05125 111.798 122.335 -0.45126
0.05375 111.798 122.335 -0.44876
0.05625 111.798 122.335 -0.44626
0.05875 111.798 122.335 -0.44376
0.06125 111.798 122.335 -0.44126
0.06375 111.798 122.335 -0.43876
0.06625 111.798 122.335 -0.43626
0.06875 111.797 122.335 -0.43376
0.07125 111.797 122.335 -0.43126
0.07375 111.797 122.335 -0.42876
0.07625 111.796 122.335 -0.42626
0.07875 111.796 122.335 -0.42376
0.08125 111.796 122.335 -0.42126
0.08375 111.796 122.335 -0.41876
0.08625 111.796 122.335 -0.41626
0.08875 111.795 122.335 -0.41376
0.09125 111.795 122.335 -0.41126
0.09375 111.795 122.335 -0.40876
0.09625 111.795 122.335 -0.40626
0.09875 111.795 122.335 -0.40376
0.10125 111.795 122.335 -0.40126
0.10375 111.795 122.335 -0.39876
0.10625 111.796 122.335 -0.39626
0.10875 111.796 122.335 -0.39376
0.11125 111.796 122.335 -0.39126
0.11375 111.796 122.335 -0.38876
0.11625 111.797 122.335 -0.38626
0.11875 111.797 122.335 -0.38376
0.12125 111.797 122.335 -0.38126
0.12375 111.797 122.335 -0.37876
0.12625 111.798 122.335 -0.37626
0.12875 111.798 122.335 -0.37376
0.13125 111.798 122.335 -0.37126
0.13375 111.798 122.335 -0.36876
0.13625 111.797 122.335 -0.36626
0.13875 111.797 122.335 -0.36376
0.14125 111.797 122.335 -0.36126
0.14375 111.796 122.335 -0.35876
0.14625 111.796 122.335 -0.35626
0.14875 111.796 122.335 -0.35376
0.15125 111.795 122.335 -0.35126
0.15375 111.795 122.335 -0.34876
0.15625 111.795 122.335 -0.34626
0.15875 111.794 122.335 -0.34376
0.16125 111.794 122.335 -0.34126
0.16375 111.794 122.335 -0.33876
0.16625 111.794 122.335 -0.33626
0.16875 111.794 122.335 -0.33376
0.17125 111.794 122.335 -0.33126
0.17375 111.794 122.335 -0.32876
0.17625 111.794 122.335 -0.32626
0.17875 111.795 122.335 -0.32376
0.18125 111.795 122.335 -0.32126
0.18375 111.795 122.335 -0.31876
0.18625 111.796 122.335 -0.31626
0.18875 111.796 122.335 -0.31376
0.19125 111.796 122.335 -0.31126
0.19375 111.797 122.335 -0.30876
0.19625 111.797 122.335 -0.30626
0.19875 111.797 122.335 -0.30376
0.20125 111.797 122.335 -0.30126
0.20375 111.798 122.335 -0.29876
0.20625 111.798 122.335 -0.29626
0.20875 111.797 122.335 -0.29376
0.21125 111.797 122.335 -0.29126
0.21375 111.797 122.335 -0.28876
0.21625 111.796 122.335 -0.28626
0.21875 111.796 122.335 -0.28376
0.22125 111.795 122.335 -0.28126
0.22375 111.795 122.335 -0.27876
0.22625 111.794 122.335 -0.27626
0.22875 111.794 122.335 -0.27376
0.23125 111.793 122.335 -0.27126
0.23375 111.793 122.335 -0.26876
0.23625 111.793 122.335 -0.26626
0.23875 111.793 122.335 -0.26376
0.24125 111.793 122.335 -0.26126
0.24375 111.794 122.335 -0.25876
0.24625 111.794 122.335 -0.25626
0.24875 111.794 122.335 -0.25376
0.25125 111.794 122.335 -0.25126
0.25375 111.794 122.335 -0.24876
0.25625 111.795 122.335 -0.24626
0.25875 111.795 122.335 -0.24376
0.26125 111.796 122.335 -0.24126
0.26375 111.796 122.335 -0.23876
0.26625 111.797 122.335 -0.23626
0.26875 111.797 122.335 -0.23376
0.27125 111.798 122.335 -0.23126
0.27375 111.798 122.335 -0.22876
0.27625 111.797 122.335 -0.22626
0.27875 111.797 122.335 -0.22376
0.28125 111.797 122.335 -0.22126
0.28375 111.797 122.335 -0.21876
0.28625 111.796 122.335 -0.21626
0.28875 111.796 122.335 -0.21376
0.29125 111.796 122.335 -0.21126
0.29375 111.795 122.335 -0.20876
0.29625 111.794 122.335 -0.20626
0.29875 111.794 122.335 -0.20376
0.30125 111.794 122.335 -0.20126
0.30375 111.794 122.335 -0.19876
0.30625 111.793 122.335 -0.19626
0.30875 111.793 122.335 -0.19376
0.31125 111.793 122.335 -0.19126
0.31375 111.793 122.335 -0.18876
0.31625 111.794 122.335 -0.18626
0.31875 111.794 122.335 -0.18376
0.32125 111.794 122.335 -0.18126
0.32375 111.794 122.335 -0.17876
0.32625 111.795 122.335 -0.17626
0.32875 111.795 122.335 -0.17376
0.33125 111.796 122.335 -0.17126
0.33375 111.796 122.335 -0.16876
0.33625 111.797 122.335 -0.16626
0.33875 111.798 122.335 -0.16376
0.34125 111.799 122.335 -0.16126
0.34375 111.801 122.335 -0.15876
0.34625 111.803 122.335 -0.15626
0.34875 111.804 122.335 -0.15376
0.35125 111.806 122.335 -0.15126
0.35375 111.808 122.335 -0.14876
0.35625 111.81 122.335 -0.14626
0.35875 111.812 122.335 -0.14376
0.36125 111.814 122.335 -0.14126
0.36375 111.817 122.335 -0.13876
0.36625 111.819 122.335 -0.13626
0.36875 111.823 122.335 -0.13376
0.37125 111.827 122.335 -0.13126
0.37375 111.833 122.335 -0.12876
0.37625 111.84 122.335 -0.12626
0.37875 111.85 122.335 -0.12376
0.38125 111.861 122.335 -0.12126
0.38375 111.875 122.335 -0.11876
0.38625 111.892 122.335 -0.11626
0.38875 111.911 122.335 -0.11376
0.39125 111.934 122.335 -0.11126
0.39375 111.96 122.335 -0.10876
0.39625 111.991 122.335 -0.10626
0.39875 112.026 122.335 -0.10376
0.40125 112.067 122.335 -0.10126
0.40375 112.115 122.335 -0.0987601
0.40625 112.169 122.335 -0.0962601
0.40875 112.233 122.335 -0.0937601
0.41125 112.306 122.335 -0.0912601
0.41375 112.391 122.335 -0.0887601
0.41625 112.488 122.335 -0.0862601
0.41875 112.599 122.335 -0.0837601
0.42125 112.725 122.335 -0.0812602
0.42375 112.868 122.335 -0.0787602
0.42625 113.031 122.335 -0.0762602
0.42875 113.214 122.335 -0.0737602
0.43125 113.422 122.335 -0.0712602
0.43375 113.657 122.335 -0.0687602
0.43625 113.924 122.335 -0.0662603
0.43875 114.229 122.335 -0.0637603
0.44125 114.576 122.335 -0.0612603
0.44375 114.974 122.335 -0.0587604
0.44625 115.419 122.335 -0.0562604
0.44875 115.924 122.335 -0.0537604
0.45125 116.43 122.335 -0.0512605
0.45375 117.001 122.335 -0.0487605
0.45625 117.611 122.335 -0.0462606
0.45875 118.299 122.335 -0.0437607
0.46125 119.183 122.335 -0.0412607
0.46375 120.188 122.335 -0.0387608
0.46625 121.267 122.335 -0.0362609
0.46875 122.383 122.335 -0.033761
0.47125 123.537 122.335 -0.0312611
0.47375 124.709 122.335 -0.0287612
0.47625 125.863 122.335 -0.0262613
0.47875 126.943 122.335 -0.0237614
0.48125 127.871 122.335 -0.0212615
0.48375 128.551 122.335 -0.0187616
0.48625 128.884 122.335 -0.0162616
0.48875 128.765 122.335 -0.0137616
0.49125 128.104 122.335 -0.0112615
0.49375 126.871 122.335 -0.00876142
0.49625 124.652 120.744 -0.00626125
0.49875 121.245 117.636 -0.00376088
0.50125 119.893 116.106 -0.000437162
0.50375 121.417 115.457 0.00318114
0.50625 122.335 111.251 0.0037478
0.50875 122.335 102.034 0.00624085
0.51125 122.335 90.3861 0.0087419
0.51375 122.335 75.7663 0.0112432
0.51625 122.335 58.1999 0.0137448
0.51875 122.335 39.7469 0.0162465
0.52125 122.335 24.0351 0.0187479
0.52375 122.335 13.2824 0.0212489
0.52625 122.335 6.93489 0.0237494
0.52875 122.335 3.44872 0.0262497
0.53125 122.335 1.68345 0.0287499
0.53375 122.335 0.839623 0.0312499
0.53625 122.335 0.417054 0.03375
0.53875 122.335 0.205353 0.03625
0.54125 122.335 0.100717 0.03875
0.54375 122.335 0.0491457 0.04125
0.54625 122.335 0.0237992 0.04375
0.54875 122.335 0.0114502 0.04625
0.55125 122.335 0.00547936 0.04875
0.55375 122.335 0.00260577 0.05125
0.55625 122.335 0.0012323 0.05375
0.55875 122.335 0.000581169 0.05625
0.56125 122.335 0.000274598 0.05875
0.56375 122.335 0.000130312 0.06125
0.56625 122.335 6.20849e-05 0.06375
0.56875 122.335 2.96871e-05 0.06625
0.57125 122.335 1.42388e-05 0.06875
0.57375 122.335 6.8348e-06 0.07125
0.57625 122.335 3.27582e-06 0.07375
0.57875 122.335 1.56738e-06 0.07625
0.58125 122.335 7.50514e-07 0.07875
0.58375 122.335 3.60586e-07 0.08125
0.58625 122.335 1.73858e-07 0.08375
0.58875 122.335 8.40747e-08 0.08625
0.59125 122.335 4.08269e-08 0.08875
0.59375 122.335 1.99393e-08 0.09125
0.59625 122.335 9.79132e-09 0.09375
0.59875 122.335 4.83114e-09 0.09625
0.60125 122.335 2.39982e-09 0.09875
0.60375 122.335 1.20617e-09 0.10125
0.60625 122.335 6.16633e-10 0.10375
0.60875 122.335 3.21047e-10 0.10625
0.61125 122.335 1.69036e-10 0.10875
0.61375 122.335 8.86875e-11 0.11125
0.61625 122.335 4.5485e-11 0.11375
0.61875 122.335 2.24614e-11 0.11625
0.62125 122.335 1.07977e-11 0.11875
0.62375 122.335 5.26628e-12 0.12125
0.62625 122.335 2.61812e-12 0.12375
0.62875 122.335 1.27098e-12 0.12625
0.63125 122.335 5.99512e-13 0.12875
0.63375 122.335 3.95009e-13 0.13125
0.63625 122.335 4.21383e-13 0.13375
0.63875 122.335 4.18474e-13 0.13625
0.64125 122.335 3.13048e-13 0.13875
0.64375 122.335 2.13384e-13 0.14125
0.64625 122.335 1.52399e-13 0.14375
0.64875 122.335 9.95239e-14 0.14625
0.65125 122.335 7.67046e-14 0.14875
0.65375 122.335 7.66956e-14 0.15125
0.65625 122.335 7.6679e-14 0.15375
0.65875 122.335 7.66488e-14 0.15625
0.66125 122.335 7.65956e-14 0.15875
0.66375 122.335 7.64873e-14 0.16125
0.66625 122.335 7.61941e-14 0.16375
0.66875 122.335 6.0478e-14 0.16625
0.67125 122.335 1.90122e-14 0.16875
0.67375 122.335 0 0.17125
0.67625 122.335 0 0.17375
0.67875 122.335 0 0.17625
0.68125 122.335 0 0.17875
0.68375 122.335 0 0.18125
0.68625 122.335 0 0.18375
0.68875 122.335 0 0.18625
0.69125 122.335 0 0.18875
0.69375 122.335 0 0.19125
0.69625 122.335 0 0.19375
0.69875 122.335 0 0.19625
0.70125 122.335 0 0.19875
0.70375 122.335 0 0.20125
0.70625 122.335 0 0.20375
0.70875 122.335 0 0.20625
0.71125 122.335 0 0.20875
0.71375 122.335 0 0.21125
0.71625 122.335 0 0.21375
0.71875 122.335 0 0.21625
0.72125 122.335 0 0.21875
0.72375 122.335 0 0.22125
0.72625 122.335 0 0.22375
0.72875 122.335 0 0.22625
0.73125 122.335 0 0.22875
0.73375 122.335 0 0.23125
0.73625 122.335 0 0.23375
0.73875 122.335 0 0.23625
0.74125 122.335 0 0.23875
0.74375 122.335 0 0.24125
0.74625 122.335 0 0.24375
0.74875 122.335 0 0.24625
0.75125 122.335 0 0.24875
0.75375 122.335 0 0.25125
0.75625 122.335 0 0.25375
0.75875 122.335 0 0.25625
0.76125 122.335 0 0.25875
0.76375 122.335 0 0.26125
0.76625 122.335 0 0.26375
0.76875 122.335 0 0.26625
0.77125 122.335 0 0.26875
0.77375 122.335 0 0.27125
0.77625 122.335 0 0.27375
0.77875 122.335 0 0.27625
0.78125 122.335 0 0.27875
0.78375 122.335 0 0.28125
0.78625 122.335 0 0.28375
0.78875 122.335 0 0.28625
0.79125 122.335 0 0.28875
0.79375 122.335 0 0.29125
0.79625 122.335 0 0.29375
0.79875 122.335 0 0.29625
0.80125 122.335 0 0.29875
0.80375 122.335 0 0.30125
0.80625 122.335 0 0.30375
0.80875 122.335 0 0.30625
0.81125 122.335 0 0.30875
0.81375 122.335 0 0.31125
0.81625 122.335 0 0.31375
0.81875 122.335 0 0.31625
0.82125 122.335 0 0.31875
0.82375 122.335 0 0.32125
0.82625 122.335 0 0.32375
0.82875 122.335 0 0.32625
0.83125 122.335 0 0.32875
0.83375 122.335 0 0.33125
0.83625 122.335 0 0.33375
0.83875 122.335 0 0.33625
0.84125 122.335 0 0.33875
0.84375 122.335 0 0.34125
0.84625 122.335 0 0.34375
0.84875 122.335 0 0.34625
0.85125 122.335 0 0.34875
0.85375 122.335 0 0.35125
0.85625 122.335 0 0.35375
0.85875 122.335 0 0.35625
0.86125 122.335 0 0.35875
0.86375 122.335 0 0.36125
0.86625 122.335 0 0.36375
0.86875 122.335 0 0.36625
0.87125 122.335 0 0.36875
0.87375 122.335 0 0.37125
0.87625 122.335 0 0.37375
0.87875 122.335 0 0.37625
0.88125 122.335 0 0.37875
0.88375 122.335 0 0.38125
0.88625 122.335 0 0.38375
0.88875 122.335 0 0.38625
0.89125 122.335 0 0.38875
0.89375 122.335 0 0.39125
0.89625 122.335 0 0.39375
0.89875 122.335 0 0.39625
0.90125 122.335 0 0.39875
0.90375 122.335 0 0.40125
0.90625 122.335 0 0.40375
0.90875 122.335 0 0.40625
0.91125 122.335 0 0.40875
0.91375 122.335 0 0.41125
0.91625 122.335 0 0.41375
0.91875 122.335 0 0.41625
0.92125 122.335 0 0.41875
0.92375 122.335 0 0.42125
0.92625 122.335 0 0.42375
0.92875 122.335 0 0.42625
0.93125 122.335 0 0.42875
0.93375 122.335 0 0.43125
0.93625 122.335 0 0.43375
0.93875 122.335 0 0.43625
0.94125 122.335 0 0.43875
0.94375 122.335 0 0.44125
0.94625 122.335 0 0.44375
0.94875 122.335 0 0.44625
0.95125 122.335 0 0.44875
0.95375 122.335 0 0.45125
0.95625 122.335 0 0.45375
0.95875 122.335 0 0.45625
0.96125 122.335 0 0.45875
0.96375 122.335 0 0.46125
0.96625 122.335 0 0.46375
0.96875 122.335 0 0.46625
0.97125 122.335 0 0.46875
0.97375 122.335 0 0.47125
0.97625 122.335 0 0.47375
0.97875 122.335 0 0.47625
0.98125 122.335 0 0.47875
0.98375 122.335 0 0.48125
0.98625 122.335 0 0.48375
0.98875 122.335 0 0.48625
0.99125 122.335 0 0.48875
0.99375 122.335 0 0.49125
0.99625 122.335 0 0.49375
0.99875 122.335 0 0.49625
