0.005 -2
0.015 -2
0.025 -2
0.035 -2
0.045 -2
0.055 -2
0.065 -2
0.075 -2
0.085 -2
0.095 -2
0.105 -2
0.115 -2
0.125 -2
0.135 -2
0.145 -2
0.155 -2
0.165 -2
0.175 -2
0.185 -2
0.195 -2
0.205 -2
0.215 -2
0.225 -2
0.235 -2
0.245 -2
0.255 -2
0.265 -2
0.275 -2
0.285 -2
0.295 -2
0.305 -2
0.315 -2
0.325 -2
0.335 -2
0.345 -2
0.355 -2
0.365 -2
0.375 -2
0.385 -2
0.395 -2
0.405 -2
0.415 -2
0.425 -2
0.435 -1.87639
0.445 -1.54306
0.455 -1.20972
0.465 -0.87639
0.475 -0.543057
0.485 -0.209724
0.495 -2.22045e-16
0.505 2.22045e-16
0.515 0.209724
0.525 0.543057
0.535 0.87639
0.545 1.20972
0.555 1.54306
0.565 1.87639
0.575 2
0.585 2
0.595 2
0.605 2
0.615 2
0.625 2
0.635 2
0.645 2
0.655 2
0.665 2
0.675 2
0.685 2
0.695 2
0.705 2
0.715 2
0.725 2
0.735 2
0.745 2
0.755 2
0.765 2
0.775 2
0.785 2
0.795 2
0.805 2
0.815 2
0.825 2
0.835 2
0.845 2
0.855 2
0.865 2
0.875 2
0.885 2
0.895 2
0.905 2
0.915 2
0.925 2
0.935 2
0.945 2
0.955 2
0.965 2
0.975 2
0.985 2
0.995 2
