0.001 -0.499 1 0.1 
0.003 -0.497 1 0.1 
0.005 -0.495 1 0.1 
0.007 -0.493 1 0.1 
0.009 -0.491 1 0.1 
0.011 -0.489 1 0.1 
0.013 -0.487 1 0.1 
0.015 -0.485 1 0.1 
0.017 -0.483 1 0.1 
0.019 -0.481 1 0.1 
0.021 -0.479 1 0.1 
0.023 -0.477 1 0.1 
0.025 -0.475 1 0.1 
0.027 -0.473 1 0.1 
0.029 -0.471 1 0.1 
0.031 -0.469 1 0.1 
0.033 -0.467 1 0.1 
0.035 -0.465 1 0.1 
0.037 -0.463 1 0.1 
0.039 -0.461 1 0.1 
0.041 -0.459 1 0.1 
0.043 -0.457 1 0.1 
0.045 -0.455 1 0.1 
0.047 -0.453 1 0.1 
0.049 -0.451 1 0.1 
0.051 -0.449 1 0.1 
0.053 -0.447 1 0.1 
0.055 -0.445 1 0.1 
0.057 -0.443 1 0.1 
0.059 -0.441 1 0.1 
0.061 -0.439 1 0.1 
0.063 -0.437 1 0.1 
0.065 -0.435 1 0.1 
0.067 -0.433 1 0.1 
0.069 -0.431 1 0.1 
0.071 -0.429 1 0.1 
0.073 -0.427 1 0.1 
0.075 -0.425 1 0.1 
0.077 -0.423 1 0.1 
0.079 -0.421 1 0.1 
0.081 -0.419 1 0.1 
0.083 -0.417 1 0.1 
0.085 -0.415 1 0.1 
0.087 -0.413 1 0.1 
0.089 -0.411 1 0.1 
0.091 -0.409 1 0.1 
0.093 -0.407 1 0.1 
0.095 -0.405 1 0.1 
0.097 -0.403 1 0.1 
0.099 -0.401 1 0.1 
0.101 -0.399 1 0.1 
0.103 -0.397 1 0.1 
0.105 -0.395 1 0.1 
0.107 -0.393 1 0.1 
0.109 -0.391 1 0.1 
0.111 -0.389 1 0.1 
0.113 -0.387 1 0.1 
0.115 -0.385 1 0.1 
0.117 -0.383 1 0.1 
0.119 -0.381 1 0.1 
0.121 -0.379 1 0.1 
0.123 -0.377 1 0.1 
0.125 -0.375 1 0.1 
0.127 -0.373 1 0.1 
0.129 -0.371 1 0.1 
0.131 -0.369 1 0.1 
0.133 -0.367 1 0.1 
0.135 -0.365 1 0.1 
0.137 -0.363 1 0.1 
0.139 -0.361 1 0.1 
0.141 -0.359 1 0.1 
0.143 -0.357 1 0.1 
0.145 -0.355 1 0.1 
0.147 -0.353 1 0.1 
0.149 -0.351 1 0.1 
0.151 -0.349 1 0.1 
0.153 -0.347 1 0.1 
0.155 -0.345 1 0.1 
0.157 -0.343 1 0.1 
0.159 -0.341 1 0.1 
0.161 -0.339 1 0.1 
0.163 -0.337 1 0.1 
0.165 -0.335 1 0.1 
0.167 -0.333 1 0.1 
0.169 -0.331 1 0.1 
0.171 -0.329 1 0.1 
0.173 -0.327 1 0.1 
0.175 -0.325 1 0.1 
0.177 -0.323 1 0.1 
0.179 -0.321 1 0.1 
0.181 -0.319 1 0.1 
0.183 -0.317 1 0.1 
0.185 -0.315 1 0.1 
0.187 -0.313 1 0.1 
0.189 -0.311 1 0.1 
0.191 -0.309 1 0.1 
0.193 -0.307 1 0.1 
0.195 -0.305 1 0.1 
0.197 -0.303 1 0.1 
0.199 -0.301 1 0.1 
0.201 -0.299 1 0.1 
0.203 -0.297 1 0.1 
0.205 -0.295 1 0.1 
0.207 -0.293 1 0.1 
0.209 -0.291 1 0.1 
0.211 -0.289 1 0.1 
0.213 -0.287 1 0.1 
0.215 -0.285 1 0.1 
0.217 -0.283 1 0.1 
0.219 -0.281 1 0.1 
0.221 -0.279 1 0.1 
0.223 -0.277 1 0.1 
0.225 -0.275 1 0.1 
0.227 -0.273 1 0.1 
0.229 -0.271 1 0.1 
0.231 -0.269 1 0.1 
0.233 -0.267 1 0.1 
0.235 -0.265 1 0.1 
0.237 -0.263 1 0.1 
0.239 -0.261 1 0.1 
0.241 -0.259 1 0.1 
0.243 -0.257 1 0.1 
0.245 -0.255 1 0.1 
0.247 -0.253 1 0.1 
0.249 -0.251 1 0.1 
0.251 -0.249 1 0.1 
0.253 -0.247 1 0.1 
0.255 -0.245 1 0.1 
0.257 -0.243 1 0.1 
0.259 -0.241 1 0.1 
0.261 -0.239 1 0.1 
0.263 -0.237 1 0.1 
0.265 -0.235 1 0.1 
0.267 -0.233 1 0.1 
0.269 -0.231 1 0.1 
0.271 -0.229 1 0.1 
0.273 -0.227 1 0.1 
0.275 -0.225 1 0.1 
0.277 -0.223 1 0.1 
0.279 -0.221 1 0.1 
0.281 -0.219 1 0.1 
0.283 -0.217 1 0.1 
0.285 -0.215 1 0.1 
0.287 -0.213 1 0.1 
0.289 -0.211 1 0.1 
0.291 -0.209 1 0.1 
0.293 -0.207 1 0.1 
0.295 -0.205 1 0.1 
0.297 -0.203 1 0.1 
0.299 -0.201 1 0.1 
0.301 -0.199 1 0.1 
0.303 -0.197 1 0.1 
0.305 -0.195 1 0.1 
0.307 -0.193 1 0.1 
0.309 -0.191 1 0.1 
0.311 -0.189 1 0.1 
0.313 -0.187 1 0.1 
0.315 -0.185 1 0.1 
0.317 -0.183 1 0.1 
0.319 -0.181 1 0.1 
0.321 -0.179 1 0.1 
0.323 -0.177 1 0.1 
0.325 -0.175 1 0.1 
0.327 -0.173 1 0.1 
0.329 -0.171 1 0.1 
0.331 -0.169 1 0.1 
0.333 -0.167 1 0.1 
0.335 -0.165 1 0.1 
0.337 -0.163 1 0.1 
0.339 -0.161 1 0.1 
0.341 -0.159 1 0.1 
0.343 -0.157 1 0.1 
0.345 -0.155 1 0.1 
0.347 -0.153 1 0.1 
0.349 -0.151 1 0.1 
0.351 -0.149 1 0.1 
0.353 -0.147 1 0.1 
0.355 -0.145 1 0.1 
0.357 -0.143 1 0.1 
0.359 -0.141 1 0.1 
0.361 -0.139 1 0.1 
0.363 -0.137 1 0.1 
0.365 -0.135 1 0.1 
0.367 -0.133 1 0.1 
0.369 -0.131 1 0.1 
0.371 -0.129 1 0.1 
0.373 -0.127 1 0.1 
0.375 -0.125 1 0.1 
0.377 -0.123 1 0.1 
0.379 -0.121 1 0.1 
0.381 -0.119 1 0.1 
0.383 -0.117 1 0.1 
0.385 -0.115 1 0.1 
0.387 -0.113 1 0.1 
0.389 -0.111 1 0.1 
0.391 -0.109 1 0.1 
0.393 -0.107 1 0.1 
0.395 -0.105 1 0.1 
0.397 -0.103 1 0.1 
0.399 -0.101 1 0.1 
0.401 -0.099 1 0.1 
0.403 -0.097 1 0.1 
0.405 -0.095 1 0.1 
0.407 -0.093 1 0.1 
0.409 -0.091 1 0.1 
0.411 -0.089 1 0.1 
0.413 -0.087 1 0.1 
0.415 -0.085 1 0.1 
0.417 -0.083 1 0.1 
0.419 -0.081 1 0.1 
0.421 -0.079 1 0.1 
0.423 -0.077 1 0.1 
0.425 -0.075 1 0.1 
0.427 -0.073 1 0.1 
0.429 -0.071 1 0.1 
0.431 -0.069 1 0.1 
0.433 -0.067 1 0.1 
0.435 -0.065 1 0.100001 
0.437 -0.063 0.999998 0.1001 
0.439 -0.061 0.999987 0.107387 
0.441 -0.059 0.999944 0.251694 
0.443 -0.0570001 0.9998 0.300546 
0.445 -0.0550004 0.999393 0.310097 
0.447 -0.0530013 0.998394 0.298351 
0.449 -0.0510036 0.996237 0.306823 
0.451 -0.0490092 0.992088 0.301915 
0.453 -0.047021 0.98492 0.303887 
0.455 -0.0450437 0.973686 0.303004 
0.457 -0.0430836 0.957564 0.303451 
0.459 -0.0411484 0.936166 0.30329 
0.461 -0.0392468 0.909617 0.303396 
0.463 -0.0373871 0.878497 0.303305 
0.465 -0.035577 0.84368 0.303213 
0.467 -0.0338228 0.80614 0.303095 
0.469 -0.0321295 0.76679 0.303003 
0.471 -0.0305004 0.72639 0.30297 
0.473 -0.028938 0.685398 0.30302 
0.475 -0.0274436 0.644956 0.303118 
0.477 -0.0260164 0.605998 0.303184 
0.479 -0.0246543 0.569055 0.303189 
0.481 -0.0233543 0.534412 0.303187 
0.483 -0.0221132 0.502217 0.303336 
0.485 -0.020927 0.472553 0.303875 
0.487 -0.0197917 0.445468 0.305147 
0.489 -0.018703 0.421006 0.307965 
0.491 -0.0176564 0.399205 0.312384 
0.493 -0.0166472 0.380065 0.317211 
0.495 -0.0156705 0.363554 0.32246 
0.497 -0.0147213 0.349634 0.329072 
0.499 -0.0137944 0.338221 0.337459 
0.501 0.013774 0.329221 0.34789 
0.503 0.0147241 0.322561 0.360486 
0.505 0.0156984 0.317913 0.375252 
0.507 0.0167013 0.314075 0.392166 
0.509 0.0177371 0.309985 0.41118 
0.511 0.0188093 0.306039 0.43221 
0.513 0.0199215 0.303327 0.455162 
0.515 0.0210766 0.302447 0.479953 
0.517 0.0222774 0.3027 0.506532 
0.519 0.0235268 0.303081 0.534873 
0.521 0.0248272 0.303286 0.564942 
0.523 0.0261809 0.303273 0.596681 
0.525 0.0275901 0.30311 0.630045 
0.527 0.0290569 0.302942 0.665026 
0.529 0.0305831 0.302912 0.701617 
0.531 0.0321705 0.303076 0.739796 
0.533 0.033821 0.303342 0.779585 
0.535 0.0355362 0.303523 0.820885 
0.537 0.0373175 0.303562 0.863727 
0.539 0.0391664 0.303523 0.907457 
0.541 0.0410755 0.303462 0.945049 
0.543 0.0430286 0.303449 0.972215 
0.545 0.0450088 0.303431 0.988554 
0.547 0.0470021 0.304067 0.996296 
0.549 0.0490004 0.302077 0.999072 
0.551 0.0510001 0.310494 0.999819 
0.553 0.053 0.285663 0.999972 
0.555 0.055 0.334736 0.999997 
0.557 0.057 0.251934 1 
0.559 0.059 0.287182 1 
0.561 0.061 0.100546 1 
0.563 0.063 0.1 1 
0.565 0.065 0.1 1 
0.567 0.067 0.1 1 
0.569 0.069 0.1 1 
0.571 0.071 0.1 1 
0.573 0.073 0.1 1 
0.575 0.075 0.1 1 
0.577 0.077 0.1 1 
0.579 0.079 0.1 1 
0.581 0.081 0.1 1 
0.583 0.083 0.1 1 
0.585 0.085 0.1 1 
0.587 0.087 0.1 1 
0.589 0.089 0.1 1 
0.591 0.091 0.1 1 
0.593 0.093 0.1 1 
0.595 0.095 0.1 1 
0.597 0.097 0.1 1 
0.599 0.099 0.1 1 
0.601 0.101 0.1 1 
0.603 0.103 0.1 1 
0.605 0.105 0.1 1 
0.607 0.107 0.1 1 
0.609 0.109 0.1 1 
0.611 0.111 0.1 1 
0.613 0.113 0.1 1 
0.615 0.115 0.1 1 
0.617 0.117 0.1 1 
0.619 0.119 0.1 1 
0.621 0.121 0.1 1 
0.623 0.123 0.1 1 
0.625 0.125 0.1 1 
0.627 0.127 0.1 1 
0.629 0.129 0.1 1 
0.631 0.131 0.1 1 
0.633 0.133 0.1 1 
0.635 0.135 0.1 1 
0.637 0.137 0.1 1 
0.639 0.139 0.1 1 
0.641 0.141 0.1 1 
0.643 0.143 0.1 1 
0.645 0.145 0.1 1 
0.647 0.147 0.1 1 
0.649 0.149 0.1 1 
0.651 0.151 0.1 1 
0.653 0.153 0.1 1 
0.655 0.155 0.1 1 
0.657 0.157 0.1 1 
0.659 0.159 0.1 1 
0.661 0.161 0.1 1 
0.663 0.163 0.1 1 
0.665 0.165 0.1 1 
0.667 0.167 0.1 1 
0.669 0.169 0.1 1 
0.671 0.171 0.1 1 
0.673 0.173 0.1 1 
0.675 0.175 0.1 1 
0.677 0.177 0.1 1 
0.679 0.179 0.1 1 
0.681 0.181 0.1 1 
0.683 0.183 0.1 1 
0.685 0.185 0.1 1 
0.687 0.187 0.1 1 
0.689 0.189 0.1 1 
0.691 0.191 0.1 1 
0.693 0.193 0.1 1 
0.695 0.195 0.1 1 
0.697 0.197 0.1 1 
0.699 0.199 0.1 1 
0.701 0.201 0.1 1 
0.703 0.203 0.1 1 
0.705 0.205 0.1 1 
0.707 0.207 0.1 1 
0.709 0.209 0.1 1 
0.711 0.211 0.1 1 
0.713 0.213 0.1 1 
0.715 0.215 0.1 1 
0.717 0.217 0.1 1 
0.719 0.219 0.1 1 
0.721 0.221 0.1 1 
0.723 0.223 0.1 1 
0.725 0.225 0.1 1 
0.727 0.227 0.1 1 
0.729 0.229 0.1 1 
0.731 0.231 0.1 1 
0.733 0.233 0.1 1 
0.735 0.235 0.1 1 
0.737 0.237 0.1 1 
0.739 0.239 0.1 1 
0.741 0.241 0.1 1 
0.743 0.243 0.1 1 
0.745 0.245 0.1 1 
0.747 0.247 0.1 1 
0.749 0.249 0.1 1 
0.751 0.251 0.1 1 
0.753 0.253 0.1 1 
0.755 0.255 0.1 1 
0.757 0.257 0.1 1 
0.759 0.259 0.1 1 
0.761 0.261 0.1 1 
0.763 0.263 0.1 1 
0.765 0.265 0.1 1 
0.767 0.267 0.1 1 
0.769 0.269 0.1 1 
0.771 0.271 0.1 1 
0.773 0.273 0.1 1 
0.775 0.275 0.1 1 
0.777 0.277 0.1 1 
0.779 0.279 0.1 1 
0.781 0.281 0.1 1 
0.783 0.283 0.1 1 
0.785 0.285 0.1 1 
0.787 0.287 0.1 1 
0.789 0.289 0.1 1 
0.791 0.291 0.1 1 
0.793 0.293 0.1 1 
0.795 0.295 0.1 1 
0.797 0.297 0.1 1 
0.799 0.299 0.1 1 
0.801 0.301 0.1 1 
0.803 0.303 0.1 1 
0.805 0.305 0.1 1 
0.807 0.307 0.1 1 
0.809 0.309 0.1 1 
0.811 0.311 0.1 1 
0.813 0.313 0.1 1 
0.815 0.315 0.1 1 
0.817 0.317 0.1 1 
0.819 0.319 0.1 1 
0.821 0.321 0.1 1 
0.823 0.323 0.1 1 
0.825 0.325 0.1 1 
0.827 0.327 0.1 1 
0.829 0.329 0.1 1 
0.831 0.331 0.1 1 
0.833 0.333 0.1 1 
0.835 0.335 0.1 1 
0.837 0.337 0.1 1 
0.839 0.339 0.1 1 
0.841 0.341 0.1 1 
0.843 0.343 0.1 1 
0.845 0.345 0.1 1 
0.847 0.347 0.1 1 
0.849 0.349 0.1 1 
0.851 0.351 0.1 1 
0.853 0.353 0.1 1 
0.855 0.355 0.1 1 
0.857 0.357 0.1 1 
0.859 0.359 0.1 1 
0.861 0.361 0.1 1 
0.863 0.363 0.1 1 
0.865 0.365 0.1 1 
0.867 0.367 0.1 1 
0.869 0.369 0.1 1 
0.871 0.371 0.1 1 
0.873 0.373 0.1 1 
0.875 0.375 0.1 1 
0.877 0.377 0.1 1 
0.879 0.379 0.1 1 
0.881 0.381 0.1 1 
0.883 0.383 0.1 1 
0.885 0.385 0.1 1 
0.887 0.387 0.1 1 
0.889 0.389 0.1 1 
0.891 0.391 0.1 1 
0.893 0.393 0.1 1 
0.895 0.395 0.1 1 
0.897 0.397 0.1 1 
0.899 0.399 0.1 1 
0.901 0.401 0.1 1 
0.903 0.403 0.1 1 
0.905 0.405 0.1 1 
0.907 0.407 0.1 1 
0.909 0.409 0.1 1 
0.911 0.411 0.1 1 
0.913 0.413 0.1 1 
0.915 0.415 0.1 1 
0.917 0.417 0.1 1 
0.919 0.419 0.1 1 
0.921 0.421 0.1 1 
0.923 0.423 0.1 1 
0.925 0.425 0.1 1 
0.927 0.427 0.1 1 
0.929 0.429 0.1 1 
0.931 0.431 0.1 1 
0.933 0.433 0.1 1 
0.935 0.435 0.1 1 
0.937 0.437 0.1 1 
0.939 0.439 0.1 1 
0.941 0.441 0.1 1 
0.943 0.443 0.1 1 
0.945 0.445 0.1 1 
0.947 0.447 0.1 1 
0.949 0.449 0.1 1 
0.951 0.451 0.1 1 
0.953 0.453 0.1 1 
0.955 0.455 0.1 1 
0.957 0.457 0.1 1 
0.959 0.459 0.1 1 
0.961 0.461 0.1 1 
0.963 0.463 0.1 1 
0.965 0.465 0.1 1 
0.967 0.467 0.1 1 
0.969 0.469 0.1 1 
0.971 0.471 0.1 1 
0.973 0.473 0.1 1 
0.975 0.475 0.1 1 
0.977 0.477 0.1 1 
0.979 0.479 0.1 1 
0.981 0.481 0.1 1 
0.983 0.483 0.1 1 
0.985 0.485 0.1 1 
0.987 0.487 0.1 1 
0.989 0.489 0.1 1 
0.991 0.491 0.1 1 
0.993 0.493 0.1 1 
0.995 0.495 0.1 1 
0.997 0.497 0.1 1 
0.999 0.499 0.1 1 
