0.001 -0.499 1 0.1 
0.003 -0.497 1 0.1 
0.005 -0.495 1 0.1 
0.007 -0.493 1 0.1 
0.009 -0.491 1 0.1 
0.011 -0.489 1 0.1 
0.013 -0.487 1 0.1 
0.015 -0.485 1 0.1 
0.017 -0.483 1 0.1 
0.019 -0.481 1 0.1 
0.021 -0.479 1 0.1 
0.023 -0.477 1 0.1 
0.025 -0.475 1 0.1 
0.027 -0.473 1 0.1 
0.029 -0.471 1 0.1 
0.031 -0.469 1 0.1 
0.033 -0.467 1 0.1 
0.035 -0.465 1 0.1 
0.037 -0.463 1 0.1 
0.039 -0.461 1 0.1 
0.041 -0.459 1 0.1 
0.043 -0.457 1 0.1 
0.045 -0.455 1 0.1 
0.047 -0.453 1 0.1 
0.049 -0.451 1 0.1 
0.051 -0.449 1 0.1 
0.053 -0.447 1 0.1 
0.055 -0.445 1 0.1 
0.057 -0.443 1 0.1 
0.059 -0.441 1 0.1 
0.061 -0.439 1 0.1 
0.063 -0.437 1 0.1 
0.065 -0.435 1 0.1 
0.067 -0.433 1 0.1 
0.069 -0.431 1 0.1 
0.071 -0.429 1 0.1 
0.073 -0.427 1 0.1 
0.075 -0.425 1 0.1 
0.077 -0.423 1 0.1 
0.079 -0.421 1 0.1 
0.081 -0.419 1 0.1 
0.083 -0.417 1 0.1 
0.085 -0.415 1 0.1 
0.087 -0.413 1 0.1 
0.089 -0.411 1 0.1 
0.091 -0.409 1 0.1 
0.093 -0.407 1 0.1 
0.095 -0.405 1 0.1 
0.097 -0.403 1 0.1 
0.099 -0.401 1 0.1 
0.101 -0.399 1 0.1 
0.103 -0.397 1 0.1 
0.105 -0.395 1 0.1 
0.107 -0.393 1 0.1 
0.109 -0.391 1 0.1 
0.111 -0.389 1 0.1 
0.113 -0.387 1 0.1 
0.115 -0.385 1 0.1 
0.117 -0.383 1 0.1 
0.119 -0.381 1 0.1 
0.121 -0.379 1 0.1 
0.123 -0.377 1 0.1 
0.125 -0.375 1 0.1 
0.127 -0.373 1 0.1 
0.129 -0.371 1 0.1 
0.131 -0.369 1 0.1 
0.133 -0.367 1 0.1 
0.135 -0.365 1 0.1 
0.137 -0.363 1 0.1 
0.139 -0.361 1 0.1 
0.141 -0.359 1 0.1 
0.143 -0.357 1 0.1 
0.145 -0.355 1 0.1 
0.147 -0.353 1 0.1 
0.149 -0.351 1 0.1 
0.151 -0.349 1 0.1 
0.153 -0.347 1 0.1 
0.155 -0.345 1 0.1 
0.157 -0.343 1 0.1 
0.159 -0.341 1 0.1 
0.161 -0.339 1 0.1 
0.163 -0.337 1 0.1 
0.165 -0.335 1 0.1 
0.167 -0.333 1 0.1 
0.169 -0.331 1 0.1 
0.171 -0.329 1 0.1 
0.173 -0.327 1 0.1 
0.175 -0.325 1 0.1 
0.177 -0.323 1 0.1 
0.179 -0.321 1 0.1 
0.181 -0.319 1 0.1 
0.183 -0.317 1 0.1 
0.185 -0.315 1 0.1 
0.187 -0.313 1 0.1 
0.189 -0.311 1 0.1 
0.191 -0.309 1 0.1 
0.193 -0.307 1 0.1 
0.195 -0.305 1 0.1 
0.197 -0.303 1 0.1 
0.199 -0.301 1 0.1 
0.201 -0.299 1 0.1 
0.203 -0.297 1 0.1 
0.205 -0.295 1 0.1 
0.207 -0.293 1 0.1 
0.209 -0.291 1 0.1 
0.211 -0.289 1 0.1 
0.213 -0.287 1 0.1 
0.215 -0.285 1 0.1 
0.217 -0.283 1 0.1 
0.219 -0.281 1 0.1 
0.221 -0.279 1 0.1 
0.223 -0.277 1 0.1 
0.225 -0.275 1 0.1 
0.227 -0.273 1 0.1 
0.229 -0.271 1 0.1 
0.231 -0.269 1 0.1 
0.233 -0.267 1 0.1 
0.235 -0.265 1 0.1 
0.237 -0.263 1 0.1 
0.239 -0.261 1 0.1 
0.241 -0.259 1 0.1 
0.243 -0.257 1 0.1 
0.245 -0.255 1 0.1 
0.247 -0.253 1 0.1 
0.249 -0.251 1 0.1 
0.251 -0.249 1 0.1 
0.253 -0.247 1 0.1 
0.255 -0.245 1 0.1 
0.257 -0.243 1 0.1 
0.259 -0.241 1 0.1 
0.261 -0.239 1 0.1 
0.263 -0.237 1 0.1 
0.265 -0.235 1 0.1 
0.267 -0.233 1 0.1 
0.269 -0.231 1 0.1 
0.271 -0.229 1 0.1 
0.273 -0.227 1 0.1 
0.275 -0.225 1 0.1 
0.277 -0.223 1 0.1 
0.279 -0.221 1 0.1 
0.281 -0.219 1 0.1 
0.283 -0.217 1 0.1 
0.285 -0.215 1 0.1 
0.287 -0.213 1 0.1 
0.289 -0.211 1 0.1 
0.291 -0.209 1 0.1 
0.293 -0.207 1 0.1 
0.295 -0.205 1 0.1 
0.297 -0.203 1 0.1 
0.299 -0.201 1 0.1 
0.301 -0.199 1 0.1 
0.303 -0.197 1 0.1 
0.305 -0.195 1 0.1 
0.307 -0.193 1 0.1 
0.309 -0.191 1 0.1 
0.311 -0.189 1 0.1 
0.313 -0.187 1 0.1 
0.315 -0.185 1 0.1 
0.317 -0.183 1 0.1 
0.319 -0.181 1 0.1 
0.321 -0.179 1 0.1 
0.323 -0.177 1 0.1 
0.325 -0.175 1 0.1 
0.327 -0.173 1 0.1 
0.329 -0.171 1 0.1 
0.331 -0.169 1 0.1 
0.333 -0.167 1 0.1 
0.335 -0.165 1 0.1 
0.337 -0.163 1 0.1 
0.339 -0.161 1 0.1 
0.341 -0.159 1 0.1 
0.343 -0.157 1 0.1 
0.345 -0.155 1 0.1 
0.347 -0.153 1 0.1 
0.349 -0.151 1 0.1 
0.351 -0.149 1 0.1 
0.353 -0.147 1 0.1 
0.355 -0.145 1 0.1 
0.357 -0.143 1 0.1 
0.359 -0.141 1 0.1 
0.361 -0.139 1 0.1 
0.363 -0.137 1 0.1 
0.365 -0.135 1 0.1 
0.367 -0.133 1 0.1 
0.369 -0.131 1 0.1 
0.371 -0.129 1 0.1 
0.373 -0.127 1 0.1 
0.375 -0.125 1 0.1 
0.377 -0.123 1 0.1 
0.379 -0.121 1 0.1 
0.381 -0.119 1 0.1 
0.383 -0.117 1 0.100006 
0.385 -0.115 1 0.100543 
0.387 -0.113 1 0.114106 
0.389 -0.111 1 5.06693 
0.391 -0.109 0.999999 1.24594e+09 
0.393 -0.107 0.999998 -1.26353e+10 
0.395 -0.105 0.999994 1.50081e+12 
0.397 -0.103 0.999982 -5.55219e+13 
0.399 -0.101 0.999954 1.90566e+15 
0.401 -0.0990001 0.99989 -2.29061e+15 
0.403 -0.0970003 0.999751 7.10323e+13 
0.405 -0.0950006 0.99947 -6.77712e+12 
0.407 -0.0930014 0.998937 1202.97 
0.409 -0.091003 0.997981 0.119913 
0.411 -0.089006 0.99637 0.305971 
0.413 -0.0870114 0.993802 0.310221 
0.415 -0.0850206 0.989931 0.305208 
0.417 -0.0830357 0.9844 0.306451 
0.419 -0.0810591 0.97689 0.304452 
0.421 -0.0790939 0.967168 0.304758 
0.423 -0.0771435 0.955126 0.303903 
0.425 -0.0752114 0.940792 0.303948 
0.427 -0.0733013 0.924323 0.303577 
0.429 -0.0714164 0.905976 0.303549 
0.431 -0.0695597 0.886066 0.303404 
0.433 -0.0677337 0.864927 0.303352 
0.435 -0.0659405 0.84288 0.303309 
0.437 -0.0641815 0.820213 0.303284 
0.439 -0.0624579 0.797155 0.303259 
0.441 -0.0607705 0.773882 0.303223 
0.443 -0.0591197 0.750531 0.303175 
0.445 -0.0575059 0.72736 0.303126 
0.447 -0.055929 0.704539 0.303092 
0.449 -0.0543887 0.682156 0.303085 
0.451 -0.0528844 0.660265 0.303097 
0.453 -0.0514157 0.638901 0.303109 
0.455 -0.049982 0.618092 0.303107 
0.457 -0.0485827 0.597857 0.303089 
0.459 -0.047217 0.578213 0.303065 
0.461 -0.0458843 0.559172 0.303049 
0.463 -0.0445837 0.54074 0.303052 
0.465 -0.0433145 0.522924 0.303074 
0.467 -0.0420759 0.505729 0.303099 
0.469 -0.0408671 0.489156 0.303112 
0.471 -0.039687 0.473211 0.303111 
0.473 -0.038535 0.457898 0.303118 
0.475 -0.0374099 0.443223 0.303169 
0.477 -0.0363109 0.429196 0.303314 
0.479 -0.0352369 0.415828 0.303657 
0.481 -0.0341869 0.403134 0.304246 
0.483 -0.0331598 0.391131 0.304956 
0.485 -0.0321543 0.379837 0.305716 
0.487 -0.0311693 0.369276 0.306676 
0.489 -0.0302033 0.359469 0.30801 
0.491 -0.029255 0.350439 0.309831 
0.493 -0.028323 0.342209 0.312243 
0.495 -0.0274056 0.3348 0.315326 
0.497 -0.0265014 0.32823 0.319138 
0.499 -0.0256086 0.322518 0.32371 
0.501 0.0255795 0.317683 0.329059 
0.503 0.0264866 0.313734 0.335191 
0.505 0.0274059 0.310666 0.342102 
0.507 0.0283389 0.308443 0.349773 
0.509 0.0292871 0.30696 0.358182 
0.511 0.0302517 0.306016 0.367301 
0.513 0.031234 0.305341 0.377108 
0.515 0.0322352 0.304703 0.387577 
0.517 0.0332565 0.304041 0.398683 
0.519 0.034299 0.303466 0.410401 
0.521 0.0353635 0.303092 0.422707 
0.523 0.0364511 0.30297 0.435585 
0.525 0.0375626 0.302992 0.44902 
0.527 0.0386989 0.303032 0.462995 
0.529 0.0398607 0.303081 0.477497 
0.531 0.0410488 0.303138 0.492516 
0.533 0.042264 0.303203 0.508047 
0.535 0.0435068 0.303268 0.524086 
0.537 0.044778 0.303323 0.54063 
0.539 0.0460783 0.303361 0.557674 
0.541 0.0474082 0.303373 0.575216 
0.543 0.0487684 0.303357 0.593261 
0.545 0.0501595 0.303311 0.611813 
0.547 0.051582 0.303237 0.630873 
0.549 0.0530366 -1.81524e+60 0.650442 
0.551 0.0545239 -2.93196e+74 0.670519 
0.553 0.0560444 8.8635e+74 0.691111 
0.555 0.0575987 4.47819e+77 0.712222 
0.557 0.0591874 -1.63314e+94 0.733854 
0.559 0.060811 -8.64858e+95 0.756006 
0.561 0.06247 1.06437e+96 0.778674 
0.563 0.0641651 -1.2559e+96 0.801853 
0.565 0.0658966 7.01356e+95 0.825526 
0.567 0.0676651 -2.25853e+94 0.849685 
0.569 0.0694709 -5.03804e+98 0.874307 
0.571 0.0713145 9.01841e+99 0.899451 
0.573 0.0731962 -7.04889e+100 0.924656 
0.575 0.0751129 2.32147e+101 0.947421 
0.577 0.077059 -3.50343e+101 0.966322 
0.579 0.0790275 2.46277e+101 0.980625 
0.581 0.0810112 -7.07972e+100 0.990219 
0.583 0.083004 5.82522e+99 0.995746 
0.585 0.0850012 -2.35344e+117 0.998419 
0.587 0.0870003 1.40783e+118 0.999498 
0.589 0.0890001 -3.50906e+118 0.999862 
0.591 0.091 4.6648e+118 0.999967 
0.593 0.093 -3.48818e+118 0.999993 
0.595 0.095 1.38849e+118 0.999999 
0.597 0.097 -2.28534e+117 1 
0.599 0.099 2.36699e+111 1 
0.601 0.101 8.36743e+101 1 
0.603 0.103 -7.75147e+103 1 
0.605 0.105 3.10164e+104 1 
0.607 0.107 -4.65364e+104 1 
0.609 0.109 3.10302e+104 1 
0.611 0.111 -7.75873e+103 1 
0.613 0.113 2.09137e+95 1 
0.615 0.115 3.55201e+07 1 
0.617 0.117 0.1 1 
0.619 0.119 0.1 1 
0.621 0.121 0.1 1 
0.623 0.123 0.1 1 
0.625 0.125 0.1 1 
0.627 0.127 0.1 1 
0.629 0.129 0.1 1 
0.631 0.131 0.1 1 
0.633 0.133 0.1 1 
0.635 0.135 0.1 1 
0.637 0.137 0.1 1 
0.639 0.139 0.1 1 
0.641 0.141 0.1 1 
0.643 0.143 0.1 1 
0.645 0.145 0.1 1 
0.647 0.147 0.1 1 
0.649 0.149 0.1 1 
0.651 0.151 0.1 1 
0.653 0.153 0.1 1 
0.655 0.155 0.1 1 
0.657 0.157 0.1 1 
0.659 0.159 0.1 1 
0.661 0.161 0.1 1 
0.663 0.163 0.1 1 
0.665 0.165 0.1 1 
0.667 0.167 0.1 1 
0.669 0.169 0.1 1 
0.671 0.171 0.1 1 
0.673 0.173 0.1 1 
0.675 0.175 0.1 1 
0.677 0.177 0.1 1 
0.679 0.179 0.1 1 
0.681 0.181 0.1 1 
0.683 0.183 0.1 1 
0.685 0.185 0.1 1 
0.687 0.187 0.1 1 
0.689 0.189 0.1 1 
0.691 0.191 0.1 1 
0.693 0.193 0.1 1 
0.695 0.195 0.1 1 
0.697 0.197 0.1 1 
0.699 0.199 0.1 1 
0.701 0.201 0.1 1 
0.703 0.203 0.1 1 
0.705 0.205 0.1 1 
0.707 0.207 0.1 1 
0.709 0.209 0.1 1 
0.711 0.211 0.1 1 
0.713 0.213 0.1 1 
0.715 0.215 0.1 1 
0.717 0.217 0.1 1 
0.719 0.219 0.1 1 
0.721 0.221 0.1 1 
0.723 0.223 0.1 1 
0.725 0.225 0.1 1 
0.727 0.227 0.1 1 
0.729 0.229 0.1 1 
0.731 0.231 0.1 1 
0.733 0.233 0.1 1 
0.735 0.235 0.1 1 
0.737 0.237 0.1 1 
0.739 0.239 0.1 1 
0.741 0.241 0.1 1 
0.743 0.243 0.1 1 
0.745 0.245 0.1 1 
0.747 0.247 0.1 1 
0.749 0.249 0.1 1 
0.751 0.251 0.1 1 
0.753 0.253 0.1 1 
0.755 0.255 0.1 1 
0.757 0.257 0.1 1 
0.759 0.259 0.1 1 
0.761 0.261 0.1 1 
0.763 0.263 0.1 1 
0.765 0.265 0.1 1 
0.767 0.267 0.1 1 
0.769 0.269 0.1 1 
0.771 0.271 0.1 1 
0.773 0.273 0.1 1 
0.775 0.275 0.1 1 
0.777 0.277 0.1 1 
0.779 0.279 0.1 1 
0.781 0.281 0.1 1 
0.783 0.283 0.1 1 
0.785 0.285 0.1 1 
0.787 0.287 0.1 1 
0.789 0.289 0.1 1 
0.791 0.291 0.1 1 
0.793 0.293 0.1 1 
0.795 0.295 0.1 1 
0.797 0.297 0.1 1 
0.799 0.299 0.1 1 
0.801 0.301 0.1 1 
0.803 0.303 0.1 1 
0.805 0.305 0.1 1 
0.807 0.307 0.1 1 
0.809 0.309 0.1 1 
0.811 0.311 0.1 1 
0.813 0.313 0.1 1 
0.815 0.315 0.1 1 
0.817 0.317 0.1 1 
0.819 0.319 0.1 1 
0.821 0.321 0.1 1 
0.823 0.323 0.1 1 
0.825 0.325 0.1 1 
0.827 0.327 0.1 1 
0.829 0.329 0.1 1 
0.831 0.331 0.1 1 
0.833 0.333 0.1 1 
0.835 0.335 0.1 1 
0.837 0.337 0.1 1 
0.839 0.339 0.1 1 
0.841 0.341 0.1 1 
0.843 0.343 0.1 1 
0.845 0.345 0.1 1 
0.847 0.347 0.1 1 
0.849 0.349 0.1 1 
0.851 0.351 0.1 1 
0.853 0.353 0.1 1 
0.855 0.355 0.1 1 
0.857 0.357 0.1 1 
0.859 0.359 0.1 1 
0.861 0.361 0.1 1 
0.863 0.363 0.1 1 
0.865 0.365 0.1 1 
0.867 0.367 0.1 1 
0.869 0.369 0.1 1 
0.871 0.371 0.1 1 
0.873 0.373 0.1 1 
0.875 0.375 0.1 1 
0.877 0.377 0.1 1 
0.879 0.379 0.1 1 
0.881 0.381 0.1 1 
0.883 0.383 0.1 1 
0.885 0.385 0.1 1 
0.887 0.387 0.1 1 
0.889 0.389 0.1 1 
0.891 0.391 0.1 1 
0.893 0.393 0.1 1 
0.895 0.395 0.1 1 
0.897 0.397 0.1 1 
0.899 0.399 0.1 1 
0.901 0.401 0.1 1 
0.903 0.403 0.1 1 
0.905 0.405 0.1 1 
0.907 0.407 0.1 1 
0.909 0.409 0.1 1 
0.911 0.411 0.1 1 
0.913 0.413 0.1 1 
0.915 0.415 0.1 1 
0.917 0.417 0.1 1 
0.919 0.419 0.1 1 
0.921 0.421 0.1 1 
0.923 0.423 0.1 1 
0.925 0.425 0.1 1 
0.927 0.427 0.1 1 
0.929 0.429 0.1 1 
0.931 0.431 0.1 1 
0.933 0.433 0.1 1 
0.935 0.435 0.1 1 
0.937 0.437 0.1 1 
0.939 0.439 0.1 1 
0.941 0.441 0.1 1 
0.943 0.443 0.1 1 
0.945 0.445 0.1 1 
0.947 0.447 0.1 1 
0.949 0.449 0.1 1 
0.951 0.451 0.1 1 
0.953 0.453 0.1 1 
0.955 0.455 0.1 1 
0.957 0.457 0.1 1 
0.959 0.459 0.1 1 
0.961 0.461 0.1 1 
0.963 0.463 0.1 1 
0.965 0.465 0.1 1 
0.967 0.467 0.1 1 
0.969 0.469 0.1 1 
0.971 0.471 0.1 1 
0.973 0.473 0.1 1 
0.975 0.475 0.1 1 
0.977 0.477 0.1 1 
0.979 0.479 0.1 1 
0.981 0.481 0.1 1 
0.983 0.483 0.1 1 
0.985 0.485 0.1 1 
0.987 0.487 0.1 1 
0.989 0.489 0.1 1 
0.991 0.491 0.1 1 
0.993 0.493 0.1 1 
0.995 0.495 0.1 1 
0.997 0.497 0.1 1 
0.999 0.499 0.1 1 
