0.001 -0.499 1 0.1 
0.003 -0.497 1 0.1 
0.005 -0.495 1 0.1 
0.007 -0.493 1 0.1 
0.009 -0.491 1 0.1 
0.011 -0.489 1 0.1 
0.013 -0.487 1 0.1 
0.015 -0.485 1 0.1 
0.017 -0.483 1 0.1 
0.019 -0.481 1 0.1 
0.021 -0.479 1 0.1 
0.023 -0.477 1 0.1 
0.025 -0.475 1 0.1 
0.027 -0.473 1 0.1 
0.029 -0.471 1 0.1 
0.031 -0.469 1 0.1 
0.033 -0.467 1 0.1 
0.035 -0.465 1 0.1 
0.037 -0.463 1 0.1 
0.039 -0.461 1 0.1 
0.041 -0.459 1 0.1 
0.043 -0.457 1 0.1 
0.045 -0.455 1 0.1 
0.047 -0.453 1 0.1 
0.049 -0.451 1 0.1 
0.051 -0.449 1 0.1 
0.053 -0.447 1 0.1 
0.055 -0.445 1 0.1 
0.057 -0.443 1 0.1 
0.059 -0.441 1 0.1 
0.061 -0.439 1 0.1 
0.063 -0.437 1 0.1 
0.065 -0.435 1 0.1 
0.067 -0.433 1 0.1 
0.069 -0.431 1 0.1 
0.071 -0.429 1 0.1 
0.073 -0.427 1 0.1 
0.075 -0.425 1 0.1 
0.077 -0.423 1 0.1 
0.079 -0.421 1 0.1 
0.081 -0.419 1 0.1 
0.083 -0.417 1 0.1 
0.085 -0.415 1 0.1 
0.087 -0.413 1 0.1 
0.089 -0.411 1 0.1 
0.091 -0.409 1 0.1 
0.093 -0.407 1 0.1 
0.095 -0.405 1 0.1 
0.097 -0.403 1 0.1 
0.099 -0.401 1 0.1 
0.101 -0.399 1 0.1 
0.103 -0.397 1 0.1 
0.105 -0.395 1 0.1 
0.107 -0.393 1 0.1 
0.109 -0.391 1 0.1 
0.111 -0.389 1 0.1 
0.113 -0.387 1 0.1 
0.115 -0.385 1 0.1 
0.117 -0.383 1 0.1 
0.119 -0.381 1 0.1 
0.121 -0.379 1 0.1 
0.123 -0.377 1 0.1 
0.125 -0.375 1 0.1 
0.127 -0.373 1 0.1 
0.129 -0.371 1 0.1 
0.131 -0.369 1 0.1 
0.133 -0.367 1 0.1 
0.135 -0.365 1 0.1 
0.137 -0.363 1 0.1 
0.139 -0.361 1 0.1 
0.141 -0.359 1 0.1 
0.143 -0.357 1 0.1 
0.145 -0.355 1 0.1 
0.147 -0.353 1 0.1 
0.149 -0.351 1 0.1 
0.151 -0.349 1 0.1 
0.153 -0.347 1 0.1 
0.155 -0.345 1 0.1 
0.157 -0.343 1 0.1 
0.159 -0.341 1 0.1 
0.161 -0.339 1 0.1 
0.163 -0.337 1 0.1 
0.165 -0.335 1 0.1 
0.167 -0.333 1 0.1 
0.169 -0.331 1 0.1 
0.171 -0.329 1 0.1 
0.173 -0.327 1 0.1 
0.175 -0.325 1 0.1 
0.177 -0.323 1 0.1 
0.179 -0.321 1 0.1 
0.181 -0.319 1 0.1 
0.183 -0.317 1 0.1 
0.185 -0.315 1 0.1 
0.187 -0.313 1 0.1 
0.189 -0.311 1 0.1 
0.191 -0.309 1 0.1 
0.193 -0.307 1 0.1 
0.195 -0.305 1 0.1 
0.197 -0.303 1 0.1 
0.199 -0.301 1 0.1 
0.201 -0.299 1 0.1 
0.203 -0.297 1 0.1 
0.205 -0.295 1 0.1 
0.207 -0.293 1 0.1 
0.209 -0.291 1 0.1 
0.211 -0.289 1 0.1 
0.213 -0.287 1 0.1 
0.215 -0.285 1 0.1 
0.217 -0.283 1 0.1 
0.219 -0.281 1 0.1 
0.221 -0.279 1 0.1 
0.223 -0.277 1 0.1 
0.225 -0.275 1 0.1 
0.227 -0.273 1 0.1 
0.229 -0.271 1 0.1 
0.231 -0.269 1 0.1 
0.233 -0.267 1 0.1 
0.235 -0.265 1 0.1 
0.237 -0.263 1 0.1 
0.239 -0.261 1 0.1 
0.241 -0.259 1 0.1 
0.243 -0.257 1 0.1 
0.245 -0.255 1 0.1 
0.247 -0.253 1 0.1 
0.249 -0.251 1 0.1 
0.251 -0.249 1 0.1 
0.253 -0.247 1 0.1 
0.255 -0.245 1 0.1 
0.257 -0.243 1 0.1 
0.259 -0.241 1 0.1 
0.261 -0.239 1 0.1 
0.263 -0.237 1 0.1 
0.265 -0.235 1 0.1 
0.267 -0.233 1 0.1 
0.269 -0.231 1 0.1 
0.271 -0.229 1 0.1 
0.273 -0.227 1 0.1 
0.275 -0.225 1 0.1 
0.277 -0.223 1 0.1 
0.279 -0.221 1 0.1 
0.281 -0.219 1 0.1 
0.283 -0.217 1 0.1 
0.285 -0.215 1 0.1 
0.287 -0.213 1 0.1 
0.289 -0.211 1 0.1 
0.291 -0.209 1 0.1 
0.293 -0.207 1 0.1 
0.295 -0.205 1 0.1 
0.297 -0.203 1 0.1 
0.299 -0.201 1 0.1 
0.301 -0.199 1 0.1 
0.303 -0.197 1 0.1 
0.305 -0.195 1 0.1 
0.307 -0.193 1 0.1 
0.309 -0.191 1 0.1 
0.311 -0.189 1 0.1 
0.313 -0.187 1 0.1 
0.315 -0.185 1 0.1 
0.317 -0.183 1 0.1 
0.319 -0.181 1 0.1 
0.321 -0.179 1 0.1 
0.323 -0.177 1 0.1 
0.325 -0.175 1 0.1 
0.327 -0.173 1 0.1 
0.329 -0.171 1 0.1 
0.331 -0.169 1 0.1 
0.333 -0.167 1 0.1 
0.335 -0.165 1 0.1 
0.337 -0.163 1 0.1 
0.339 -0.161 1 0.1 
0.341 -0.159 1 0.1 
0.343 -0.157 1 0.1 
0.345 -0.155 1 0.1 
0.347 -0.153 1 0.1 
0.349 -0.151 1 0.1 
0.351 -0.149 1 0.1 
0.353 -0.147 1 0.1 
0.355 -0.145 1 0.1 
0.357 -0.143 1 0.1 
0.359 -0.141 1 0.1 
0.361 -0.139 1 0.1 
0.363 -0.137 1 0.1 
0.365 -0.135 1 0.1 
0.367 -0.133 1 0.1 
0.369 -0.131 1 0.1 
0.371 -0.129 1 0.1 
0.373 -0.127 1 0.1 
0.375 -0.125 1 0.100037 
0.377 -0.123 1 0.101199 
0.379 -0.121 1 776.385 
0.381 -0.119 1 1.02976e+35 
0.383 -0.117 1 -4.68833e+47 
0.385 -0.115 0.999999 2.24378e+48 
0.387 -0.113 0.999996 -9.02664e+51 
0.389 -0.111 0.99999 1.54213e+52 
0.391 -0.109 0.999974 -1.40057e+52 
0.393 -0.107 0.999938 -1.41111e+53 
0.395 -0.105 0.999858 1.90385e+53 
0.397 -0.103 0.999696 -1.4787e+54 
0.399 -0.101001 0.99938 1.50222e+55 
0.401 -0.0990017 0.998803 1.59595e+56 
0.403 -0.0970035 0.997803 -3.58938e+57 
0.405 -0.0950068 0.996163 3.89469e+58 
0.407 -0.0930125 0.993611 -8.21937e+58 
0.409 -0.091022 0.98984 4.75207e+58 
0.411 -0.0890372 0.984537 -6.60387e+55 
0.413 -0.0870604 0.977426 6.08117e+48 
0.415 -0.0850944 0.968305 -3.49327e+45 
0.417 -0.0831422 0.957082 -1.09995e+15 
0.419 -0.081207 0.943779 0.305433 
0.421 -0.0792921 0.928531 0.305033 
0.423 -0.0774006 0.911557 0.304629 
0.425 -0.075535 0.89313 0.304198 
0.427 -0.0736978 0.873545 0.303921 
0.429 -0.0718907 0.853088 0.303703 
0.431 -0.0701153 0.832015 0.303542 
0.433 -0.0683726 0.810545 0.303432 
0.435 -0.0666634 0.788846 0.303357 
0.437 -0.0649881 0.767015 0.303312 
0.439 -0.0633472 0.745262 0.30328 
0.441 -0.0617407 0.723761 0.303247 
0.443 -0.0601684 0.702607 0.303203 
0.445 -0.0586299 0.681852 0.303153 
0.447 -0.0571249 0.661532 0.303114 
0.449 -0.0556528 0.641671 0.303095 
0.451 -0.0542132 0.622287 0.303094 
0.453 -0.0528055 0.603395 0.303101 
0.455 -0.0514292 0.585007 0.303105 
0.457 -0.0500836 0.567131 0.303097 
0.459 -0.0487681 0.549774 0.303079 
0.461 -0.0474821 0.532939 0.303061 
0.463 -0.0462249 0.51663 0.303056 
0.465 -0.0449957 0.500849 0.303067 
0.467 -0.0437939 0.485597 0.303088 
0.469 -0.0426187 0.470878 0.303108 
0.471 -0.0414693 0.456695 0.303125 
0.473 -0.0403451 0.443053 0.303155 
0.475 -0.0392451 0.429958 0.303232 
0.477 -0.0381685 0.417422 0.303418 
0.479 -0.0371145 0.405453 0.303795 
0.481 -0.0360821 0.394068 0.304357 
0.483 -0.0350703 0.383281 0.304977 
0.485 -0.034078 0.373111 0.305649 
0.487 -0.0331042 0.363578 0.306535 
0.489 -0.0321478 0.354705 0.307785 
0.491 -0.0312074 0.346513 0.309503 
0.493 -0.0302819 0.339025 0.311764 
0.495 -0.0293697 0.332264 0.314628 
0.497 -0.0284696 0.326252 0.318142 
0.499 -0.0275799 0.321013 0.322344 
0.501 0.0275493 0.316568 0.327251 
0.503 0.0284526 0.312929 0.332865 
0.505 0.029367 0.310094 0.339174 
0.507 0.0302939 0.308019 0.346163 
0.509 0.0312347 0.306609 0.353812 
0.511 0.0321904 0.305721 0.362098 
0.513 0.0331623 0.305131 0.370993 
0.515 0.0341513 0.304629 0.380473 
0.517 0.0351586 0.304119 0.390514 
0.519 0.0361851 0.30362 0.401097 
0.521 0.0372316 0.303224 0.412203 
0.523 0.0382991 0.303029 0.423813 
0.525 0.0393882 0.303003 0.435909 
0.527 0.0404998 0.30304 0.448479 
0.529 0.0416345 0.303093 0.461512 
0.531 0.042793 0.303155 0.475001 
0.533 0.043976 0.303208 0.488938 
0.535 0.045184 0.303258 0.503313 
0.537 0.0464177 0.303309 0.518124 
0.539 0.0476776 8.4525e+103 0.533369 
0.541 0.0489644 5.97304e+124 0.54905 
0.543 0.0502784 7.57677e+126 0.565165 
0.545 0.0516204 8.16995e+134 0.581712 
0.547 0.0529908 -5.23455e+159 0.598692 
0.549 0.05439 5.27994e+159 0.616109 
0.551 0.0558188 inf 0.633968 
0.553 0.0572774 -inf 0.652273 
0.555 0.0587666 inf 0.671022 
0.557 0.0602867 -inf 0.690217 
0.559 0.0618382 -inf 0.70986 
0.561 0.0634217 inf 0.729956 
0.563 0.0650376 -nan 0.750507 
0.565 0.0666864 -nan 0.771514 
0.567 0.0683686 -nan 0.792968 
0.569 0.0700845 -nan 0.814862 
0.571 0.0718347 -nan 0.837192 
0.573 0.0736195 -nan 0.859949 
0.575 0.0754393 -nan 0.883092 
0.577 0.0772944 -nan 0.906673 
0.579 0.0791849 -nan 0.930042 
0.581 0.0811075 -nan 0.950975 
0.583 0.0830569 -nan 0.968345 
0.585 0.085027 -nan 0.98156 
0.587 0.0870113 -nan 0.990513 
0.589 0.0890042 -nan 0.995761 
0.591 0.0910013 -nan 0.998369 
0.593 0.0930004 -nan 0.999459 
0.595 0.0950001 -nan 0.999844 
0.597 0.097 -nan 0.999961 
0.599 0.099 -nan 0.999991 
0.601 0.101 -nan 0.999998 
0.603 0.103 -nan 1 
0.605 0.105 -nan 1 
0.607 0.107 -nan 1 
0.609 0.109 -nan 1 
0.611 0.111 -nan 1 
0.613 0.113 -nan 1 
0.615 0.115 -nan 1 
0.617 0.117 -nan 1 
0.619 0.119 -nan 1 
0.621 0.121 -nan 1 
0.623 0.123 7.72397e+152 1 
0.625 0.125 9.80502e+11 1 
0.627 0.127 0.1 1 
0.629 0.129 0.1 1 
0.631 0.131 0.1 1 
0.633 0.133 0.1 1 
0.635 0.135 0.1 1 
0.637 0.137 0.1 1 
0.639 0.139 0.1 1 
0.641 0.141 0.1 1 
0.643 0.143 0.1 1 
0.645 0.145 0.1 1 
0.647 0.147 0.1 1 
0.649 0.149 0.1 1 
0.651 0.151 0.1 1 
0.653 0.153 0.1 1 
0.655 0.155 0.1 1 
0.657 0.157 0.1 1 
0.659 0.159 0.1 1 
0.661 0.161 0.1 1 
0.663 0.163 0.1 1 
0.665 0.165 0.1 1 
0.667 0.167 0.1 1 
0.669 0.169 0.1 1 
0.671 0.171 0.1 1 
0.673 0.173 0.1 1 
0.675 0.175 0.1 1 
0.677 0.177 0.1 1 
0.679 0.179 0.1 1 
0.681 0.181 0.1 1 
0.683 0.183 0.1 1 
0.685 0.185 0.1 1 
0.687 0.187 0.1 1 
0.689 0.189 0.1 1 
0.691 0.191 0.1 1 
0.693 0.193 0.1 1 
0.695 0.195 0.1 1 
0.697 0.197 0.1 1 
0.699 0.199 0.1 1 
0.701 0.201 0.1 1 
0.703 0.203 0.1 1 
0.705 0.205 0.1 1 
0.707 0.207 0.1 1 
0.709 0.209 0.1 1 
0.711 0.211 0.1 1 
0.713 0.213 0.1 1 
0.715 0.215 0.1 1 
0.717 0.217 0.1 1 
0.719 0.219 0.1 1 
0.721 0.221 0.1 1 
0.723 0.223 0.1 1 
0.725 0.225 0.1 1 
0.727 0.227 0.1 1 
0.729 0.229 0.1 1 
0.731 0.231 0.1 1 
0.733 0.233 0.1 1 
0.735 0.235 0.1 1 
0.737 0.237 0.1 1 
0.739 0.239 0.1 1 
0.741 0.241 0.1 1 
0.743 0.243 0.1 1 
0.745 0.245 0.1 1 
0.747 0.247 0.1 1 
0.749 0.249 0.1 1 
0.751 0.251 0.1 1 
0.753 0.253 0.1 1 
0.755 0.255 0.1 1 
0.757 0.257 0.1 1 
0.759 0.259 0.1 1 
0.761 0.261 0.1 1 
0.763 0.263 0.1 1 
0.765 0.265 0.1 1 
0.767 0.267 0.1 1 
0.769 0.269 0.1 1 
0.771 0.271 0.1 1 
0.773 0.273 0.1 1 
0.775 0.275 0.1 1 
0.777 0.277 0.1 1 
0.779 0.279 0.1 1 
0.781 0.281 0.1 1 
0.783 0.283 0.1 1 
0.785 0.285 0.1 1 
0.787 0.287 0.1 1 
0.789 0.289 0.1 1 
0.791 0.291 0.1 1 
0.793 0.293 0.1 1 
0.795 0.295 0.1 1 
0.797 0.297 0.1 1 
0.799 0.299 0.1 1 
0.801 0.301 0.1 1 
0.803 0.303 0.1 1 
0.805 0.305 0.1 1 
0.807 0.307 0.1 1 
0.809 0.309 0.1 1 
0.811 0.311 0.1 1 
0.813 0.313 0.1 1 
0.815 0.315 0.1 1 
0.817 0.317 0.1 1 
0.819 0.319 0.1 1 
0.821 0.321 0.1 1 
0.823 0.323 0.1 1 
0.825 0.325 0.1 1 
0.827 0.327 0.1 1 
0.829 0.329 0.1 1 
0.831 0.331 0.1 1 
0.833 0.333 0.1 1 
0.835 0.335 0.1 1 
0.837 0.337 0.1 1 
0.839 0.339 0.1 1 
0.841 0.341 0.1 1 
0.843 0.343 0.1 1 
0.845 0.345 0.1 1 
0.847 0.347 0.1 1 
0.849 0.349 0.1 1 
0.851 0.351 0.1 1 
0.853 0.353 0.1 1 
0.855 0.355 0.1 1 
0.857 0.357 0.1 1 
0.859 0.359 0.1 1 
0.861 0.361 0.1 1 
0.863 0.363 0.1 1 
0.865 0.365 0.1 1 
0.867 0.367 0.1 1 
0.869 0.369 0.1 1 
0.871 0.371 0.1 1 
0.873 0.373 0.1 1 
0.875 0.375 0.1 1 
0.877 0.377 0.1 1 
0.879 0.379 0.1 1 
0.881 0.381 0.1 1 
0.883 0.383 0.1 1 
0.885 0.385 0.1 1 
0.887 0.387 0.1 1 
0.889 0.389 0.1 1 
0.891 0.391 0.1 1 
0.893 0.393 0.1 1 
0.895 0.395 0.1 1 
0.897 0.397 0.1 1 
0.899 0.399 0.1 1 
0.901 0.401 0.1 1 
0.903 0.403 0.1 1 
0.905 0.405 0.1 1 
0.907 0.407 0.1 1 
0.909 0.409 0.1 1 
0.911 0.411 0.1 1 
0.913 0.413 0.1 1 
0.915 0.415 0.1 1 
0.917 0.417 0.1 1 
0.919 0.419 0.1 1 
0.921 0.421 0.1 1 
0.923 0.423 0.1 1 
0.925 0.425 0.1 1 
0.927 0.427 0.1 1 
0.929 0.429 0.1 1 
0.931 0.431 0.1 1 
0.933 0.433 0.1 1 
0.935 0.435 0.1 1 
0.937 0.437 0.1 1 
0.939 0.439 0.1 1 
0.941 0.441 0.1 1 
0.943 0.443 0.1 1 
0.945 0.445 0.1 1 
0.947 0.447 0.1 1 
0.949 0.449 0.1 1 
0.951 0.451 0.1 1 
0.953 0.453 0.1 1 
0.955 0.455 0.1 1 
0.957 0.457 0.1 1 
0.959 0.459 0.1 1 
0.961 0.461 0.1 1 
0.963 0.463 0.1 1 
0.965 0.465 0.1 1 
0.967 0.467 0.1 1 
0.969 0.469 0.1 1 
0.971 0.471 0.1 1 
0.973 0.473 0.1 1 
0.975 0.475 0.1 1 
0.977 0.477 0.1 1 
0.979 0.479 0.1 1 
0.981 0.481 0.1 1 
0.983 0.483 0.1 1 
0.985 0.485 0.1 1 
0.987 0.487 0.1 1 
0.989 0.489 0.1 1 
0.991 0.491 0.1 1 
0.993 0.493 0.1 1 
0.995 0.495 0.1 1 
0.997 0.497 0.1 1 
0.999 0.499 0.1 1 
