0.001 -0.499 1 0.1 
0.003 -0.497 1 0.1 
0.005 -0.495 1 0.1 
0.007 -0.493 1 0.1 
0.009 -0.491 1 0.1 
0.011 -0.489 1 0.1 
0.013 -0.487 1 0.1 
0.015 -0.485 1 0.1 
0.017 -0.483 1 0.1 
0.019 -0.481 1 0.1 
0.021 -0.479 1 0.1 
0.023 -0.477 1 0.1 
0.025 -0.475 1 0.1 
0.027 -0.473 1 0.1 
0.029 -0.471 1 0.1 
0.031 -0.469 1 0.1 
0.033 -0.467 1 0.1 
0.035 -0.465 1 0.1 
0.037 -0.463 1 0.1 
0.039 -0.461 1 0.1 
0.041 -0.459 1 0.1 
0.043 -0.457 1 0.1 
0.045 -0.455 1 0.1 
0.047 -0.453 1 0.1 
0.049 -0.451 1 0.1 
0.051 -0.449 1 0.1 
0.053 -0.447 1 0.1 
0.055 -0.445 1 0.1 
0.057 -0.443 1 0.1 
0.059 -0.441 1 0.1 
0.061 -0.439 1 0.1 
0.063 -0.437 1 0.1 
0.065 -0.435 1 0.1 
0.067 -0.433 1 0.1 
0.069 -0.431 1 0.1 
0.071 -0.429 1 0.1 
0.073 -0.427 1 0.1 
0.075 -0.425 1 0.1 
0.077 -0.423 1 0.1 
0.079 -0.421 1 0.1 
0.081 -0.419 1 0.1 
0.083 -0.417 1 0.1 
0.085 -0.415 1 0.1 
0.087 -0.413 1 0.1 
0.089 -0.411 1 0.1 
0.091 -0.409 1 0.1 
0.093 -0.407 1 0.1 
0.095 -0.405 1 0.1 
0.097 -0.403 1 0.1 
0.099 -0.401 1 0.1 
0.101 -0.399 1 0.1 
0.103 -0.397 1 0.1 
0.105 -0.395 1 0.1 
0.107 -0.393 1 0.1 
0.109 -0.391 1 0.1 
0.111 -0.389 1 0.1 
0.113 -0.387 1 0.1 
0.115 -0.385 1 0.1 
0.117 -0.383 1 0.1 
0.119 -0.381 1 0.1 
0.121 -0.379 1 0.1 
0.123 -0.377 1 0.1 
0.125 -0.375 1 0.1 
0.127 -0.373 1 0.1 
0.129 -0.371 1 0.1 
0.131 -0.369 1 0.1 
0.133 -0.367 1 0.1 
0.135 -0.365 1 0.1 
0.137 -0.363 1 0.1 
0.139 -0.361 1 0.1 
0.141 -0.359 1 0.1 
0.143 -0.357 1 0.1 
0.145 -0.355 1 0.1 
0.147 -0.353 1 0.1 
0.149 -0.351 1 0.1 
0.151 -0.349 1 0.1 
0.153 -0.347 1 0.1 
0.155 -0.345 1 0.1 
0.157 -0.343 1 0.1 
0.159 -0.341 1 0.1 
0.161 -0.339 1 0.1 
0.163 -0.337 1 0.1 
0.165 -0.335 1 0.1 
0.167 -0.333 1 0.1 
0.169 -0.331 1 0.1 
0.171 -0.329 1 0.1 
0.173 -0.327 1 0.1 
0.175 -0.325 1 0.1 
0.177 -0.323 1 0.1 
0.179 -0.321 1 0.1 
0.181 -0.319 1 0.1 
0.183 -0.317 1 0.1 
0.185 -0.315 1 0.1 
0.187 -0.313 1 0.1 
0.189 -0.311 1 0.1 
0.191 -0.309 1 0.1 
0.193 -0.307 1 0.1 
0.195 -0.305 1 0.1 
0.197 -0.303 1 0.1 
0.199 -0.301 1 0.1 
0.201 -0.299 1 0.1 
0.203 -0.297 1 0.1 
0.205 -0.295 1 0.1 
0.207 -0.293 1 0.1 
0.209 -0.291 1 0.1 
0.211 -0.289 1 0.1 
0.213 -0.287 1 0.1 
0.215 -0.285 1 0.1 
0.217 -0.283 1 0.1 
0.219 -0.281 1 0.1 
0.221 -0.279 1 0.1 
0.223 -0.277 1 0.1 
0.225 -0.275 1 0.1 
0.227 -0.273 1 0.1 
0.229 -0.271 1 0.1 
0.231 -0.269 1 0.1 
0.233 -0.267 1 0.1 
0.235 -0.265 1 0.1 
0.237 -0.263 1 0.1 
0.239 -0.261 1 0.1 
0.241 -0.259 1 0.1 
0.243 -0.257 1 0.1 
0.245 -0.255 1 0.1 
0.247 -0.253 1 0.1 
0.249 -0.251 1 0.1 
0.251 -0.249 1 0.1 
0.253 -0.247 1 0.1 
0.255 -0.245 1 0.1 
0.257 -0.243 1 0.1 
0.259 -0.241 1 0.1 
0.261 -0.239 1 0.1 
0.263 -0.237 1 0.1 
0.265 -0.235 1 0.1 
0.267 -0.233 1 0.1 
0.269 -0.231 1 0.1 
0.271 -0.229 1 0.1 
0.273 -0.227 1 0.1 
0.275 -0.225 1 0.1 
0.277 -0.223 1 0.1 
0.279 -0.221 1 0.1 
0.281 -0.219 1 0.1 
0.283 -0.217 1 0.1 
0.285 -0.215 1 0.1 
0.287 -0.213 1 0.1 
0.289 -0.211 1 0.1 
0.291 -0.209 1 0.1 
0.293 -0.207 1 0.1 
0.295 -0.205 1 0.1 
0.297 -0.203 1 0.1 
0.299 -0.201 1 0.1 
0.301 -0.199 1 0.1 
0.303 -0.197 1 0.1 
0.305 -0.195 1 0.1 
0.307 -0.193 1 0.1 
0.309 -0.191 1 0.1 
0.311 -0.189 1 0.1 
0.313 -0.187 1 0.1 
0.315 -0.185 1 0.1 
0.317 -0.183 1 0.1 
0.319 -0.181 1 0.1 
0.321 -0.179 1 0.1 
0.323 -0.177 1 0.1 
0.325 -0.175 1 0.1 
0.327 -0.173 1 0.1 
0.329 -0.171 1 0.1 
0.331 -0.169 1 0.1 
0.333 -0.167 1 0.1 
0.335 -0.165 1 0.1 
0.337 -0.163 1 0.1 
0.339 -0.161 1 0.1 
0.341 -0.159 1 0.1 
0.343 -0.157 1 0.1 
0.345 -0.155 1 0.1 
0.347 -0.153 1 0.1 
0.349 -0.151 1 0.1 
0.351 -0.149 1 0.1 
0.353 -0.147 1 0.1 
0.355 -0.145 1 0.1 
0.357 -0.143 1 0.100007 
0.359 -0.141 1 3.58598e+10 
0.361 -0.139 1 -2.59683e+131 
0.363 -0.137 1 -4.24907e+156 
0.365 -0.135 1 -inf 
0.367 -0.133 1 -nan 
0.369 -0.131 1 -nan 
0.371 -0.129 0.999999 -nan 
0.373 -0.127 0.999997 -nan 
0.375 -0.125 0.999992 -nan 
0.377 -0.123 0.99998 -nan 
0.379 -0.121 0.999954 -nan 
0.381 -0.119 0.999899 -nan 
0.383 -0.117 0.99979 -nan 
0.385 -0.115001 0.999582 -nan 
0.387 -0.113001 0.999207 -nan 
0.389 -0.111002 0.998559 -nan 
0.391 -0.109005 0.997496 -nan 
0.393 -0.107008 0.995828 -nan 
0.395 -0.105014 0.993332 -nan 
0.397 -0.103024 0.989761 -nan 
0.399 -0.10104 0.984868 -nan 
0.401 -0.0990624 0.978441 -nan 
0.403 -0.0970948 0.970326 -nan 
0.405 -0.0951394 0.960451 -nan 
0.407 -0.093199 0.94883 -nan 
0.409 -0.0912762 0.935563 -nan 
0.411 -0.0893735 0.920818 -nan 
0.413 -0.0874934 0.904806 -nan 
0.415 -0.0856377 0.887756 -nan 
0.417 -0.083808 0.869901 -nan 
0.419 -0.0820058 0.851453 -nan 
0.421 -0.0802319 0.832597 -nan 
0.423 -0.0784871 0.813482 -nan 
0.425 -0.076772 0.794224 -nan 
0.427 -0.0750869 0.774898 -nan 
0.429 -0.073432 0.755669 -nan 
0.431 -0.0718073 0.736652 -nan 
0.433 -0.0702126 0.717909 -nan 
0.435 -0.0686477 0.699471 -nan 
0.437 -0.0671122 0.681361 3.30414e+125 
0.439 -0.0656059 0.663593 0.303308 
0.441 -0.0641283 0.646181 0.303256 
0.443 -0.0626791 0.629134 0.303225 
0.445 -0.0612579 0.612462 0.303188 
0.447 -0.0598643 0.596168 0.303151 
0.449 -0.0584977 0.58026 0.303119 
0.451 -0.0571578 0.564741 0.303099 
0.453 -0.055844 0.549612 0.303093 
0.455 -0.0545559 0.534875 0.303095 
0.457 -0.053293 0.520533 0.303096 
0.459 -0.0520548 0.506584 0.303091 
0.461 -0.0508407 0.493029 0.303081 
0.463 -0.0496502 0.47987 0.303071 
0.465 -0.0484828 0.467108 0.30307 
0.467 -0.0473379 0.454744 0.303081 
0.469 -0.0462149 0.442782 0.303107 
0.471 -0.0451133 0.431227 0.30315 
0.473 -0.0440324 0.420083 0.303223 
0.475 -0.0429716 0.409358 0.303352 
0.477 -0.0419302 0.399062 0.303607 
0.479 -0.0409076 0.389204 0.303986 
0.481 -0.0399029 0.379798 0.304444 
0.483 -0.0389154 0.370859 0.304929 
0.485 -0.0379443 0.362402 0.305499 
0.487 -0.0369886 0.354447 0.306308 
0.489 -0.0360476 0.347012 0.307423 
0.491 -0.0351201 0.34012 0.30893 
0.493 -0.0342051 0.333794 0.310898 
0.495 -0.0333016 0.32806 0.313383 
0.497 -0.0324083 0.322944 0.316421 
0.499 -0.031524 0.318474 0.320029 
0.501 0.0314906 0.314675 0.324217 
0.503 0.0323873 0.311559 0.328985 
0.505 0.0332936 0.309119 0.334329 
0.507 0.0342105 0.307323 0.340236 
0.509 0.0351391 -nan 0.34669 
0.511 0.0360804 -nan 0.353665 
0.513 0.0370353 -nan 0.361135 
0.515 0.0380047 -nan 0.36908 
0.517 0.0389895 -nan 0.377477 
0.519 0.0399904 -nan 0.38631 
0.521 0.0410082 -nan 0.39556 
0.523 0.0420436 -nan 0.405212 
0.525 0.0430971 -nan 0.415252 
0.527 0.0441695 -nan 0.425668 
0.529 0.0452613 -nan 0.43645 
0.531 0.0463729 -nan 0.447592 
0.533 0.0475051 -nan 0.459085 
0.535 0.0486582 -nan 0.470922 
0.537 0.0498328 -nan 0.483098 
0.539 0.0510293 -nan 0.495611 
0.541 0.0522481 -nan 0.508459 
0.543 0.0534897 -nan 0.52164 
0.545 0.0547546 -nan 0.535153 
0.547 0.0560431 -nan 0.548997 
0.549 0.0573557 -nan 0.563172 
0.551 0.0586928 -nan 0.57768 
0.553 0.0600547 -nan 0.592526 
0.555 0.0614419 -nan 0.607709 
0.557 0.0628547 -nan 0.623231 
0.559 0.0642937 -nan 0.639092 
0.561 0.065759 -nan 0.655296 
0.563 0.0672513 -nan 0.671846 
0.565 0.0687707 -nan 0.688745 
0.567 0.0703177 -nan 0.705999 
0.569 0.0718927 -nan 0.723604 
0.571 0.0734961 -nan 0.741557 
0.573 0.0751282 -nan 0.759862 
0.575 0.0767895 -nan 0.778526 
0.577 0.0784801 -nan 0.797543 
0.579 0.0802006 -nan 0.816908 
0.581 0.0819512 -nan 0.836615 
0.583 0.0837323 -nan 0.85666 
0.585 0.0855442 -nan 0.877012 
0.587 0.087387 -nan 0.897659 
0.589 0.0892611 -nan 0.91868 
0.591 0.0911659 -nan 0.938892 
0.593 0.0930981 -nan 0.956833 
0.595 0.0950532 -nan 0.971752 
0.597 0.0970261 -nan 0.983191 
0.599 0.0990114 -nan 0.991074 
0.601 0.101004 -nan 0.995829 
0.603 0.103002 -nan 0.998298 
0.605 0.105 -nan 0.999393 
0.607 0.107 -nan 0.99981 
0.609 0.109 -nan 0.999947 
0.611 0.111 -nan 0.999987 
0.613 0.113 -nan 0.999997 
0.615 0.115 -nan 0.999999 
0.617 0.117 -nan 1 
0.619 0.119 -nan 1 
0.621 0.121 -nan 1 
0.623 0.123 -nan 1 
0.625 0.125 -nan 1 
0.627 0.127 -nan 1 
0.629 0.129 -nan 1 
0.631 0.131 -nan 1 
0.633 0.133 -nan 1 
0.635 0.135 -nan 1 
0.637 0.137 -nan 1 
0.639 0.139 -nan 1 
0.641 0.141 -nan 1 
0.643 0.143 -nan 1 
0.645 0.145 -nan 1 
0.647 0.147 -nan 1 
0.649 0.149 -nan 1 
0.651 0.151 -nan 1 
0.653 0.153 -nan 1 
0.655 0.155 -nan 1 
0.657 0.157 -nan 1 
0.659 0.159 -nan 1 
0.661 0.161 -nan 1 
0.663 0.163 0.1 1 
0.665 0.165 0.1 1 
0.667 0.167 0.1 1 
0.669 0.169 0.1 1 
0.671 0.171 0.1 1 
0.673 0.173 0.1 1 
0.675 0.175 0.1 1 
0.677 0.177 0.1 1 
0.679 0.179 0.1 1 
0.681 0.181 0.1 1 
0.683 0.183 0.1 1 
0.685 0.185 0.1 1 
0.687 0.187 0.1 1 
0.689 0.189 0.1 1 
0.691 0.191 0.1 1 
0.693 0.193 0.1 1 
0.695 0.195 0.1 1 
0.697 0.197 0.1 1 
0.699 0.199 0.1 1 
0.701 0.201 0.1 1 
0.703 0.203 0.1 1 
0.705 0.205 0.1 1 
0.707 0.207 0.1 1 
0.709 0.209 0.1 1 
0.711 0.211 0.1 1 
0.713 0.213 0.1 1 
0.715 0.215 0.1 1 
0.717 0.217 0.1 1 
0.719 0.219 0.1 1 
0.721 0.221 0.1 1 
0.723 0.223 0.1 1 
0.725 0.225 0.1 1 
0.727 0.227 0.1 1 
0.729 0.229 0.1 1 
0.731 0.231 0.1 1 
0.733 0.233 0.1 1 
0.735 0.235 0.1 1 
0.737 0.237 0.1 1 
0.739 0.239 0.1 1 
0.741 0.241 0.1 1 
0.743 0.243 0.1 1 
0.745 0.245 0.1 1 
0.747 0.247 0.1 1 
0.749 0.249 0.1 1 
0.751 0.251 0.1 1 
0.753 0.253 0.1 1 
0.755 0.255 0.1 1 
0.757 0.257 0.1 1 
0.759 0.259 0.1 1 
0.761 0.261 0.1 1 
0.763 0.263 0.1 1 
0.765 0.265 0.1 1 
0.767 0.267 0.1 1 
0.769 0.269 0.1 1 
0.771 0.271 0.1 1 
0.773 0.273 0.1 1 
0.775 0.275 0.1 1 
0.777 0.277 0.1 1 
0.779 0.279 0.1 1 
0.781 0.281 0.1 1 
0.783 0.283 0.1 1 
0.785 0.285 0.1 1 
0.787 0.287 0.1 1 
0.789 0.289 0.1 1 
0.791 0.291 0.1 1 
0.793 0.293 0.1 1 
0.795 0.295 0.1 1 
0.797 0.297 0.1 1 
0.799 0.299 0.1 1 
0.801 0.301 0.1 1 
0.803 0.303 0.1 1 
0.805 0.305 0.1 1 
0.807 0.307 0.1 1 
0.809 0.309 0.1 1 
0.811 0.311 0.1 1 
0.813 0.313 0.1 1 
0.815 0.315 0.1 1 
0.817 0.317 0.1 1 
0.819 0.319 0.1 1 
0.821 0.321 0.1 1 
0.823 0.323 0.1 1 
0.825 0.325 0.1 1 
0.827 0.327 0.1 1 
0.829 0.329 0.1 1 
0.831 0.331 0.1 1 
0.833 0.333 0.1 1 
0.835 0.335 0.1 1 
0.837 0.337 0.1 1 
0.839 0.339 0.1 1 
0.841 0.341 0.1 1 
0.843 0.343 0.1 1 
0.845 0.345 0.1 1 
0.847 0.347 0.1 1 
0.849 0.349 0.1 1 
0.851 0.351 0.1 1 
0.853 0.353 0.1 1 
0.855 0.355 0.1 1 
0.857 0.357 0.1 1 
0.859 0.359 0.1 1 
0.861 0.361 0.1 1 
0.863 0.363 0.1 1 
0.865 0.365 0.1 1 
0.867 0.367 0.1 1 
0.869 0.369 0.1 1 
0.871 0.371 0.1 1 
0.873 0.373 0.1 1 
0.875 0.375 0.1 1 
0.877 0.377 0.1 1 
0.879 0.379 0.1 1 
0.881 0.381 0.1 1 
0.883 0.383 0.1 1 
0.885 0.385 0.1 1 
0.887 0.387 0.1 1 
0.889 0.389 0.1 1 
0.891 0.391 0.1 1 
0.893 0.393 0.1 1 
0.895 0.395 0.1 1 
0.897 0.397 0.1 1 
0.899 0.399 0.1 1 
0.901 0.401 0.1 1 
0.903 0.403 0.1 1 
0.905 0.405 0.1 1 
0.907 0.407 0.1 1 
0.909 0.409 0.1 1 
0.911 0.411 0.1 1 
0.913 0.413 0.1 1 
0.915 0.415 0.1 1 
0.917 0.417 0.1 1 
0.919 0.419 0.1 1 
0.921 0.421 0.1 1 
0.923 0.423 0.1 1 
0.925 0.425 0.1 1 
0.927 0.427 0.1 1 
0.929 0.429 0.1 1 
0.931 0.431 0.1 1 
0.933 0.433 0.1 1 
0.935 0.435 0.1 1 
0.937 0.437 0.1 1 
0.939 0.439 0.1 1 
0.941 0.441 0.1 1 
0.943 0.443 0.1 1 
0.945 0.445 0.1 1 
0.947 0.447 0.1 1 
0.949 0.449 0.1 1 
0.951 0.451 0.1 1 
0.953 0.453 0.1 1 
0.955 0.455 0.1 1 
0.957 0.457 0.1 1 
0.959 0.459 0.1 1 
0.961 0.461 0.1 1 
0.963 0.463 0.1 1 
0.965 0.465 0.1 1 
0.967 0.467 0.1 1 
0.969 0.469 0.1 1 
0.971 0.471 0.1 1 
0.973 0.473 0.1 1 
0.975 0.475 0.1 1 
0.977 0.477 0.1 1 
0.979 0.479 0.1 1 
0.981 0.481 0.1 1 
0.983 0.483 0.1 1 
0.985 0.485 0.1 1 
0.987 0.487 0.1 1 
0.989 0.489 0.1 1 
0.991 0.491 0.1 1 
0.993 0.493 0.1 1 
0.995 0.495 0.1 1 
0.997 0.497 0.1 1 
0.999 0.499 0.1 1 
