0.001 -0.499 1 0.1 
0.003 -0.497 1 0.1 
0.005 -0.495 1 0.1 
0.007 -0.493 1 0.1 
0.009 -0.491 1 0.1 
0.011 -0.489 1 0.1 
0.013 -0.487 1 0.1 
0.015 -0.485 1 0.1 
0.017 -0.483 1 0.1 
0.019 -0.481 1 0.1 
0.021 -0.479 1 0.1 
0.023 -0.477 1 0.1 
0.025 -0.475 1 0.1 
0.027 -0.473 1 0.1 
0.029 -0.471 1 0.1 
0.031 -0.469 1 0.1 
0.033 -0.467 1 0.1 
0.035 -0.465 1 0.1 
0.037 -0.463 1 0.1 
0.039 -0.461 1 0.1 
0.041 -0.459 1 0.1 
0.043 -0.457 1 0.1 
0.045 -0.455 1 0.1 
0.047 -0.453 1 0.1 
0.049 -0.451 1 0.1 
0.051 -0.449 1 0.1 
0.053 -0.447 1 0.1 
0.055 -0.445 1 0.1 
0.057 -0.443 1 0.1 
0.059 -0.441 1 0.1 
0.061 -0.439 1 0.1 
0.063 -0.437 1 0.1 
0.065 -0.435 1 0.1 
0.067 -0.433 1 0.1 
0.069 -0.431 1 0.1 
0.071 -0.429 1 0.1 
0.073 -0.427 1 0.1 
0.075 -0.425 1 0.1 
0.077 -0.423 1 0.1 
0.079 -0.421 1 0.1 
0.081 -0.419 1 0.1 
0.083 -0.417 1 0.1 
0.085 -0.415 1 0.1 
0.087 -0.413 1 0.1 
0.089 -0.411 1 0.1 
0.091 -0.409 1 0.1 
0.093 -0.407 1 0.1 
0.095 -0.405 1 0.1 
0.097 -0.403 1 0.1 
0.099 -0.401 1 0.1 
0.101 -0.399 1 0.1 
0.103 -0.397 1 0.1 
0.105 -0.395 1 0.1 
0.107 -0.393 1 0.1 
0.109 -0.391 1 0.1 
0.111 -0.389 1 0.1 
0.113 -0.387 1 0.1 
0.115 -0.385 1 0.1 
0.117 -0.383 1 0.1 
0.119 -0.381 1 0.1 
0.121 -0.379 1 0.1 
0.123 -0.377 1 0.1 
0.125 -0.375 1 0.1 
0.127 -0.373 1 0.1 
0.129 -0.371 1 0.1 
0.131 -0.369 1 0.1 
0.133 -0.367 1 0.1 
0.135 -0.365 1 0.1 
0.137 -0.363 1 0.1 
0.139 -0.361 1 0.1 
0.141 -0.359 1 0.1 
0.143 -0.357 1 0.1 
0.145 -0.355 1 0.1 
0.147 -0.353 1 0.1 
0.149 -0.351 1 0.1 
0.151 -0.349 1 0.1 
0.153 -0.347 1 0.1 
0.155 -0.345 1 0.1 
0.157 -0.343 1 0.1 
0.159 -0.341 1 0.1 
0.161 -0.339 1 0.1 
0.163 -0.337 1 0.1 
0.165 -0.335 1 0.1 
0.167 -0.333 1 0.1 
0.169 -0.331 1 0.1 
0.171 -0.329 1 0.1 
0.173 -0.327 1 0.1 
0.175 -0.325 1 0.1 
0.177 -0.323 1 0.1 
0.179 -0.321 1 0.1 
0.181 -0.319 1 0.1 
0.183 -0.317 1 0.1 
0.185 -0.315 1 0.1 
0.187 -0.313 1 0.1 
0.189 -0.311 1 0.1 
0.191 -0.309 1 0.1 
0.193 -0.307 1 0.1 
0.195 -0.305 1 0.1 
0.197 -0.303 1 0.1 
0.199 -0.301 1 0.1 
0.201 -0.299 1 0.1 
0.203 -0.297 1 0.1 
0.205 -0.295 1 0.1 
0.207 -0.293 1 0.1 
0.209 -0.291 1 0.1 
0.211 -0.289 1 0.1 
0.213 -0.287 1 0.1 
0.215 -0.285 1 0.1 
0.217 -0.283 1 0.1 
0.219 -0.281 1 0.1 
0.221 -0.279 1 0.1 
0.223 -0.277 1 0.1 
0.225 -0.275 1 0.1 
0.227 -0.273 1 0.1 
0.229 -0.271 1 0.1 
0.231 -0.269 1 0.1 
0.233 -0.267 1 0.1 
0.235 -0.265 1 0.1 
0.237 -0.263 1 0.1 
0.239 -0.261 1 0.1 
0.241 -0.259 1 0.1 
0.243 -0.257 1 0.1 
0.245 -0.255 1 0.1 
0.247 -0.253 1 0.1 
0.249 -0.251 1 0.1 
0.251 -0.249 1 0.1 
0.253 -0.247 1 0.1 
0.255 -0.245 1 0.1 
0.257 -0.243 1 0.1 
0.259 -0.241 1 0.1 
0.261 -0.239 1 0.1 
0.263 -0.237 1 0.1 
0.265 -0.235 1 0.1 
0.267 -0.233 1 0.1 
0.269 -0.231 1 0.1 
0.271 -0.229 1 0.1 
0.273 -0.227 1 0.1 
0.275 -0.225 1 0.1 
0.277 -0.223 1 0.1 
0.279 -0.221 1 0.1 
0.281 -0.219 1 0.1 
0.283 -0.217 1 0.1 
0.285 -0.215 1 0.1 
0.287 -0.213 1 0.1 
0.289 -0.211 1 0.1 
0.291 -0.209 1 0.1 
0.293 -0.207 1 0.1 
0.295 -0.205 1 0.1 
0.297 -0.203 1 0.1 
0.299 -0.201 1 0.1 
0.301 -0.199 1 0.1 
0.303 -0.197 1 0.1 
0.305 -0.195 1 0.1 
0.307 -0.193 1 0.1 
0.309 -0.191 1 0.1 
0.311 -0.189 1 0.1 
0.313 -0.187 1 0.1 
0.315 -0.185 1 0.1 
0.317 -0.183 1 0.1 
0.319 -0.181 1 0.1 
0.321 -0.179 1 0.1 
0.323 -0.177 1 0.1 
0.325 -0.175 1 0.1 
0.327 -0.173 1 0.1 
0.329 -0.171 1 0.1 
0.331 -0.169 1 0.1 
0.333 -0.167 1 0.1 
0.335 -0.165 1 0.1 
0.337 -0.163 1 0.1 
0.339 -0.161 1 0.1 
0.341 -0.159 1 0.1 
0.343 -0.157 1 0.1 
0.345 -0.155 1 0.1 
0.347 -0.153 1 0.1 
0.349 -0.151 1 0.1 
0.351 -0.149 1 0.100001 
0.353 -0.147 1 2.33327e+13 
0.355 -0.145 1 -nan 
0.357 -0.143 1 -nan 
0.359 -0.141 1 -nan 
0.361 -0.139 1 -nan 
0.363 -0.137 1 -nan 
0.365 -0.135 1 -nan 
0.367 -0.133 0.999999 -nan 
0.369 -0.131 0.999997 -nan 
0.371 -0.129 0.999992 -nan 
0.373 -0.127 0.99998 -nan 
0.375 -0.125 0.999955 -nan 
0.377 -0.123 0.999902 -nan 
0.379 -0.121 0.999798 -nan 
0.381 -0.119001 0.999603 -nan 
0.383 -0.117001 0.999253 -nan 
0.385 -0.115002 0.998653 -nan 
0.387 -0.113004 0.997672 -nan 
0.389 -0.111008 0.996137 -nan 
0.391 -0.109013 0.993841 -nan 
0.393 -0.107023 0.990554 -nan 
0.395 -0.105037 0.986044 -nan 
0.397 -0.103058 0.980105 -nan 
0.399 -0.101088 0.97258 -nan 
0.401 -0.0991287 0.963386 -nan 
0.403 -0.0971838 0.952519 -nan 
0.405 -0.0952554 0.940058 -nan 
0.407 -0.0933458 0.926145 -nan 
0.409 -0.0914574 0.91097 -nan 
0.411 -0.0895922 0.894747 -nan 
0.413 -0.0877517 0.877695 -nan 
0.415 -0.0859372 0.860019 -nan 
0.417 -0.0841499 0.841901 -nan 
0.419 -0.0823905 0.823493 -nan 
0.421 -0.0806595 0.804915 -nan 
0.423 -0.0789574 0.78624 -nan 
0.425 -0.0772844 0.767591 -nan 
0.427 -0.0756405 0.749099 -nan 
0.429 -0.0740257 0.730842 -nan 
0.431 -0.0724397 0.712857 -nan 
0.433 -0.0708823 0.695166 -nan 
0.435 -0.0693533 0.677787 -nan 
0.437 -0.0678522 0.66073 -nan 
0.439 -0.0663787 0.644006 -nan 
0.441 -0.0649326 0.627624 -nan 
0.443 -0.0635133 0.611589 -nan 
0.445 -0.0621205 0.595908 -nan 
0.447 -0.0607538 0.580582 -nan 
0.449 -0.0594128 0.565617 0.303126 
0.451 -0.0580969 0.551013 0.303103 
0.453 -0.0568059 0.536772 0.303093 
0.455 -0.0555391 0.522894 0.303093 
0.457 -0.0542962 0.50938 0.303094 
0.459 -0.0530767 0.496229 0.303092 
0.461 -0.0518801 0.483444 0.303084 
0.463 -0.0507058 0.471023 0.303076 
0.465 -0.0495534 0.45897 0.303073 
0.467 -0.0484223 0.447285 0.303084 
0.469 -0.0473121 0.435973 0.303109 
0.471 -0.0462222 0.425038 0.303157 
0.473 -0.0451519 0.414485 0.30324 
0.475 -0.0441007 0.404323 0.303391 
0.477 -0.043068 0.394559 0.303636 
0.479 -0.0420531 0.385204 0.304022 
0.481 -0.0410553 0.376272 0.304444 
0.483 -0.0400738 0.367775 0.304892 
0.485 -0.039108 0.359731 0.305476 
0.487 -0.0381569 0.352156 0.306245 
0.489 -0.0372198 0.345072 0.307325 
0.491 -0.0362956 0.338497 0.308778 
0.493 -0.0353833 0.332458 0.310674 
0.495 -0.034482 0.326978 0.313054 
0.497 -0.0335904 -nan 0.315962 
0.499 -0.0327075 -nan 0.319416 
0.501 0.0326733 -nan 0.323425 
0.503 0.0335684 -nan 0.327985 
0.505 0.0344725 -nan 0.333089 
0.507 0.0353869 -nan 0.338726 
0.509 0.0363123 -nan 0.34488 
0.511 0.0372499 -nan 0.35153 
0.513 0.0382006 -nan 0.358653 
0.515 0.0391651 -nan 0.366224 
0.517 0.0401442 -nan 0.374222 
0.519 0.0411387 -nan 0.382629 
0.521 0.0421494 -nan 0.391429 
0.523 0.0431767 -nan 0.400608 
0.525 0.0442214 -nan 0.410151 
0.527 0.0452841 -nan 0.420047 
0.529 0.0463652 -nan 0.430287 
0.531 0.0474653 -nan 0.440862 
0.533 0.0485849 -nan 0.451766 
0.535 0.0497244 -nan 0.462994 
0.537 0.0508844 -nan 0.474539 
0.539 0.0520652 -nan 0.486398 
0.541 0.0532673 -nan 0.498567 
0.543 0.0544911 -nan 0.511047 
0.545 0.055737 -nan 0.523836 
0.547 0.0570054 -nan 0.536933 
0.549 0.0582967 -nan 0.550339 
0.551 0.0596113 -nan 0.564053 
0.553 0.0609495 -nan 0.578075 
0.555 0.0623117 -nan 0.59241 
0.557 0.0636983 -nan 0.60706 
0.559 0.0651096 -nan 0.622027 
0.561 0.0665461 -nan 0.637311 
0.563 0.068008 -nan 0.652912 
0.565 0.0694958 -nan 0.668835 
0.567 0.0710098 -nan 0.685084 
0.569 0.0725503 -nan 0.70166 
0.571 0.0741178 -nan 0.718566 
0.573 0.0757125 -nan 0.735803 
0.575 0.0773349 -nan 0.753367 
0.577 0.0789851 -nan 0.771256 
0.579 0.0806637 -nan 0.789478 
0.581 0.0823709 -nan 0.808035 
0.583 0.0841071 -nan 0.826914 
0.585 0.0858725 -nan 0.846104 
0.587 0.0876674 -nan 0.865608 
0.589 0.0894921 -nan 0.885404 
0.591 0.0913469 -nan 0.905475 
0.593 0.093232 -nan 0.925746 
0.595 0.0951459 -nan 0.944788 
0.597 0.0970853 -nan 0.961444 
0.599 0.0990457 -nan 0.975109 
0.601 0.101022 -nan 0.985415 
0.603 0.10301 -nan 0.992376 
0.605 0.105004 -nan 0.996489 
0.607 0.107001 -nan 0.998583 
0.609 0.109 -nan 0.999498 
0.611 0.111 -nan 0.999843 
0.613 0.113 -nan 0.999956 
0.615 0.115 -nan 0.999989 
0.617 0.117 -nan 0.999998 
0.619 0.119 -nan 0.999999 
0.621 0.121 -nan 1 
0.623 0.123 -nan 1 
0.625 0.125 -nan 1 
0.627 0.127 -nan 1 
0.629 0.129 -nan 1 
0.631 0.131 -nan 1 
0.633 0.133 -nan 1 
0.635 0.135 -nan 1 
0.637 0.137 -nan 1 
0.639 0.139 -nan 1 
0.641 0.141 -nan 1 
0.643 0.143 -nan 1 
0.645 0.145 -nan 1 
0.647 0.147 -nan 1 
0.649 0.149 -nan 1 
0.651 0.151 -nan 1 
0.653 0.153 -nan 1 
0.655 0.155 -nan 1 
0.657 0.157 -nan 1 
0.659 0.159 -nan 1 
0.661 0.161 -nan 1 
0.663 0.163 -nan 1 
0.665 0.165 -nan 1 
0.667 0.167 -nan 1 
0.669 0.169 -nan 1 
0.671 0.171 -nan 1 
0.673 0.173 -nan 1 
0.675 0.175 0.1 1 
0.677 0.177 0.1 1 
0.679 0.179 0.1 1 
0.681 0.181 0.1 1 
0.683 0.183 0.1 1 
0.685 0.185 0.1 1 
0.687 0.187 0.1 1 
0.689 0.189 0.1 1 
0.691 0.191 0.1 1 
0.693 0.193 0.1 1 
0.695 0.195 0.1 1 
0.697 0.197 0.1 1 
0.699 0.199 0.1 1 
0.701 0.201 0.1 1 
0.703 0.203 0.1 1 
0.705 0.205 0.1 1 
0.707 0.207 0.1 1 
0.709 0.209 0.1 1 
0.711 0.211 0.1 1 
0.713 0.213 0.1 1 
0.715 0.215 0.1 1 
0.717 0.217 0.1 1 
0.719 0.219 0.1 1 
0.721 0.221 0.1 1 
0.723 0.223 0.1 1 
0.725 0.225 0.1 1 
0.727 0.227 0.1 1 
0.729 0.229 0.1 1 
0.731 0.231 0.1 1 
0.733 0.233 0.1 1 
0.735 0.235 0.1 1 
0.737 0.237 0.1 1 
0.739 0.239 0.1 1 
0.741 0.241 0.1 1 
0.743 0.243 0.1 1 
0.745 0.245 0.1 1 
0.747 0.247 0.1 1 
0.749 0.249 0.1 1 
0.751 0.251 0.1 1 
0.753 0.253 0.1 1 
0.755 0.255 0.1 1 
0.757 0.257 0.1 1 
0.759 0.259 0.1 1 
0.761 0.261 0.1 1 
0.763 0.263 0.1 1 
0.765 0.265 0.1 1 
0.767 0.267 0.1 1 
0.769 0.269 0.1 1 
0.771 0.271 0.1 1 
0.773 0.273 0.1 1 
0.775 0.275 0.1 1 
0.777 0.277 0.1 1 
0.779 0.279 0.1 1 
0.781 0.281 0.1 1 
0.783 0.283 0.1 1 
0.785 0.285 0.1 1 
0.787 0.287 0.1 1 
0.789 0.289 0.1 1 
0.791 0.291 0.1 1 
0.793 0.293 0.1 1 
0.795 0.295 0.1 1 
0.797 0.297 0.1 1 
0.799 0.299 0.1 1 
0.801 0.301 0.1 1 
0.803 0.303 0.1 1 
0.805 0.305 0.1 1 
0.807 0.307 0.1 1 
0.809 0.309 0.1 1 
0.811 0.311 0.1 1 
0.813 0.313 0.1 1 
0.815 0.315 0.1 1 
0.817 0.317 0.1 1 
0.819 0.319 0.1 1 
0.821 0.321 0.1 1 
0.823 0.323 0.1 1 
0.825 0.325 0.1 1 
0.827 0.327 0.1 1 
0.829 0.329 0.1 1 
0.831 0.331 0.1 1 
0.833 0.333 0.1 1 
0.835 0.335 0.1 1 
0.837 0.337 0.1 1 
0.839 0.339 0.1 1 
0.841 0.341 0.1 1 
0.843 0.343 0.1 1 
0.845 0.345 0.1 1 
0.847 0.347 0.1 1 
0.849 0.349 0.1 1 
0.851 0.351 0.1 1 
0.853 0.353 0.1 1 
0.855 0.355 0.1 1 
0.857 0.357 0.1 1 
0.859 0.359 0.1 1 
0.861 0.361 0.1 1 
0.863 0.363 0.1 1 
0.865 0.365 0.1 1 
0.867 0.367 0.1 1 
0.869 0.369 0.1 1 
0.871 0.371 0.1 1 
0.873 0.373 0.1 1 
0.875 0.375 0.1 1 
0.877 0.377 0.1 1 
0.879 0.379 0.1 1 
0.881 0.381 0.1 1 
0.883 0.383 0.1 1 
0.885 0.385 0.1 1 
0.887 0.387 0.1 1 
0.889 0.389 0.1 1 
0.891 0.391 0.1 1 
0.893 0.393 0.1 1 
0.895 0.395 0.1 1 
0.897 0.397 0.1 1 
0.899 0.399 0.1 1 
0.901 0.401 0.1 1 
0.903 0.403 0.1 1 
0.905 0.405 0.1 1 
0.907 0.407 0.1 1 
0.909 0.409 0.1 1 
0.911 0.411 0.1 1 
0.913 0.413 0.1 1 
0.915 0.415 0.1 1 
0.917 0.417 0.1 1 
0.919 0.419 0.1 1 
0.921 0.421 0.1 1 
0.923 0.423 0.1 1 
0.925 0.425 0.1 1 
0.927 0.427 0.1 1 
0.929 0.429 0.1 1 
0.931 0.431 0.1 1 
0.933 0.433 0.1 1 
0.935 0.435 0.1 1 
0.937 0.437 0.1 1 
0.939 0.439 0.1 1 
0.941 0.441 0.1 1 
0.943 0.443 0.1 1 
0.945 0.445 0.1 1 
0.947 0.447 0.1 1 
0.949 0.449 0.1 1 
0.951 0.451 0.1 1 
0.953 0.453 0.1 1 
0.955 0.455 0.1 1 
0.957 0.457 0.1 1 
0.959 0.459 0.1 1 
0.961 0.461 0.1 1 
0.963 0.463 0.1 1 
0.965 0.465 0.1 1 
0.967 0.467 0.1 1 
0.969 0.469 0.1 1 
0.971 0.471 0.1 1 
0.973 0.473 0.1 1 
0.975 0.475 0.1 1 
0.977 0.477 0.1 1 
0.979 0.479 0.1 1 
0.981 0.481 0.1 1 
0.983 0.483 0.1 1 
0.985 0.485 0.1 1 
0.987 0.487 0.1 1 
0.989 0.489 0.1 1 
0.991 0.491 0.1 1 
0.993 0.493 0.1 1 
0.995 0.495 0.1 1 
0.997 0.497 0.1 1 
0.999 0.499 0.1 1 
