0.005 1
0.015 1
0.025 1
0.035 1
0.045 1
0.055 1
0.065 1
0.075 1
0.085 1
0.095 1
0.105 1
0.115 1
0.125 1
0.135 1
0.145 1
0.155 1
0.165 1
0.175 1
0.185 1
0.195 1
0.205 1
0.215 1
0.225 1
0.235 1
0.245 1
0.255 1
0.265 1
0.275 1
0.285 1
0.295 1
0.305 1
0.315 1
0.325 1
0.335 1
0.345 1
0.355 1
0.365 1
0.375 1
0.385 1
0.395 1
0.405 0.548624
0.415 0.531417
0.425 0.514644
0.435 0.498297
0.445 0.482368
0.455 0.466849
0.465 0.451733
0.475 0.43701
0.485 0.422674
0.495 0.408717
0.505 0.39513
0.515 0.381908
0.525 0.369042
0.535 0.356525
0.545 0.34435
0.555 0.332509
0.565 0.320997
0.575 0.309806
0.585 0.298929
0.595 0.28836
0.605 0.278092
0.615 0.268119
0.625 0.258434
0.635 0.24903
0.645 0.239903
0.655 0.231045
0.665 0.222451
0.675 0.214114
0.685 0.426319
0.695 0.426319
0.705 0.426319
0.715 0.426319
0.725 0.426319
0.735 0.426319
0.745 0.426319
0.755 0.426319
0.765 0.426319
0.775 0.426319
0.785 0.426319
0.795 0.426319
0.805 0.426319
0.815 0.426319
0.825 0.426319
0.835 0.426319
0.845 0.426319
0.855 0.426319
0.865 0.426319
0.875 0.426319
0.885 0.426319
0.895 0.426319
0.905 0.426319
0.915 0.426319
0.925 0.426319
0.935 0.265574
0.945 0.265574
0.955 0.265574
0.965 0.265574
0.975 0.265574
0.985 0.265574
0.995 0.265574
