0.00125 149994 126592 -0.52875
0.00375 149994 126592 -0.526409
0.00625 149994 126592 -0.523909
0.00875 149994 126592 -0.521409
0.01125 149994 126592 -0.518909
0.01375 149994 126592 -0.516409
0.01625 149995 126592 -0.513909
0.01875 149995 126592 -0.511409
0.02125 149995 126592 -0.508909
0.02375 149995 126592 -0.506409
0.02625 149995 126592 -0.503909
0.02875 149995 126592 -0.501409
0.03125 149995 126592 -0.498909
0.03375 149995 126592 -0.496409
0.03625 149995 126592 -0.493909
0.03875 149995 126592 -0.491409
0.04125 149995 126592 -0.488909
0.04375 149995 126592 -0.486409
0.04625 149995 126592 -0.483909
0.04875 149995 126592 -0.481409
0.05125 149995 126592 -0.478909
0.05375 149995 126592 -0.476409
0.05625 149995 126592 -0.473909
0.05875 149995 126592 -0.471409
0.06125 149995 126592 -0.468909
0.06375 149995 126592 -0.466409
0.06625 149995 126592 -0.463909
0.06875 149995 126592 -0.461409
0.07125 149995 126592 -0.458909
0.07375 149995 126592 -0.456409
0.07625 149995 126592 -0.453909
0.07875 149995 126592 -0.451409
0.08125 149995 126592 -0.448909
0.08375 149995 126592 -0.446409
0.08625 149995 126592 -0.443909
0.08875 149995 126592 -0.441409
0.09125 149995 126592 -0.438909
0.09375 149995 126592 -0.436409
0.09625 149995 126592 -0.433909
0.09875 149995 126592 -0.431409
0.10125 149995 126592 -0.428909
0.10375 149996 126592 -0.426409
0.10625 149996 126592 -0.423909
0.10875 149996 126592 -0.421409
0.11125 149996 126592 -0.418909
0.11375 149996 126592 -0.416409
0.11625 149996 126592 -0.413909
0.11875 149996 126592 -0.411409
0.12125 149996 126592 -0.408909
0.12375 149995 126592 -0.406409
0.12625 149995 126592 -0.403909
0.12875 149995 126592 -0.401409
0.13125 149995 126592 -0.398909
0.13375 149995 126592 -0.396409
0.13625 149995 126592 -0.393909
0.13875 149995 126592 -0.391409
0.14125 149995 126592 -0.388909
0.14375 149995 126592 -0.386409
0.14625 149995 126592 -0.383909
0.14875 149995 126592 -0.381409
0.15125 149995 126592 -0.378909
0.15375 149995 126592 -0.376409
0.15625 149995 126592 -0.373909
0.15875 149995 126592 -0.371409
0.16125 149995 126592 -0.368909
0.16375 149995 126592 -0.366409
0.16625 149995 126592 -0.363909
0.16875 149996 126592 -0.361409
0.17125 149996 126592 -0.358909
0.17375 149996 126592 -0.356409
0.17625 149996 126592 -0.353909
0.17875 149996 126592 -0.351409
0.18125 149996 126592 -0.348909
0.18375 149996 126592 -0.346409
0.18625 149996 126592 -0.343909
0.18875 149996 126592 -0.341409
0.19125 149996 126592 -0.338909
0.19375 149996 126592 -0.336409
0.19625 149996 126592 -0.333909
0.19875 149995 126592 -0.331409
0.20125 149995 126592 -0.328909
0.20375 149995 126592 -0.326409
0.20625 149995 126592 -0.323909
0.20875 149995 126592 -0.321409
0.21125 149995 126592 -0.318909
0.21375 149995 126592 -0.316409
0.21625 149995 126592 -0.313909
0.21875 149995 126592 -0.311409
0.22125 149995 126592 -0.308909
0.22375 149995 126592 -0.306409
0.22625 149995 126592 -0.303909
0.22875 149995 126592 -0.301409
0.23125 149995 126592 -0.298909
0.23375 149995 126592 -0.296409
0.23625 149995 126592 -0.293909
0.23875 149995 126592 -0.291409
0.24125 149996 126592 -0.288909
0.24375 149996 126592 -0.286409
0.24625 149996 126592 -0.283909
0.24875 149996 126592 -0.281409
0.25125 149996 126592 -0.278909
0.25375 149996 126592 -0.276409
0.25625 149996 126592 -0.273909
0.25875 149996 126592 -0.271409
0.26125 149996 126592 -0.268909
0.26375 149996 126592 -0.266409
0.26625 149995 126592 -0.263909
0.26875 149995 126592 -0.261409
0.27125 149995 126592 -0.258909
0.27375 149995 126592 -0.256409
0.27625 149994 126592 -0.253909
0.27875 149994 126592 -0.251409
0.28125 149993 126592 -0.248909
0.28375 149993 126592 -0.246409
0.28625 149992 126592 -0.243909
0.28875 149991 126592 -0.241409
0.29125 149990 126592 -0.238909
0.29375 149989 126592 -0.236409
0.29625 149988 126592 -0.233909
0.29875 149988 126592 -0.231409
0.30125 149987 126592 -0.228909
0.30375 149985 126592 -0.226409
0.30625 149982 126592 -0.223909
0.30875 149980 126592 -0.221409
0.31125 149976 126592 -0.218909
0.31375 149973 126592 -0.216409
0.31625 149969 126592 -0.213909
0.31875 149965 126592 -0.211409
0.32125 149960 126592 -0.208909
0.32375 149953 126592 -0.206409
0.32625 149946 126592 -0.203909
0.32875 149937 126592 -0.201409
0.33125 149926 126592 -0.198909
0.33375 149914 126592 -0.196409
0.33625 149899 126592 -0.193909
0.33875 149882 126592 -0.191409
0.34125 149861 126592 -0.188909
0.34375 149838 126592 -0.186409
0.34625 149811 126592 -0.183909
0.34875 149779 126592 -0.181409
0.35125 149744 126592 -0.178909
0.35375 149703 126592 -0.17641
0.35625 149657 126592 -0.17391
0.35875 149604 126592 -0.17141
0.36125 149544 126592 -0.16891
0.36375 149475 126592 -0.16641
0.36625 149397 126592 -0.16391
0.36875 149309 126592 -0.161411
0.37125 149210 126592 -0.158911
0.37375 149097 126592 -0.156411
0.37625 148970 126592 -0.153911
0.37875 148828 126592 -0.151412
0.38125 148668 126592 -0.148912
0.38375 148489 126592 -0.146413
0.38625 148288 126592 -0.143913
0.38875 148066 126592 -0.141414
0.39125 147818 126592 -0.138915
0.39375 147545 126592 -0.136415
0.39625 147243 126592 -0.133916
0.39875 146912 126592 -0.131417
0.40125 146550 126592 -0.128918
0.40375 146156 126592 -0.126419
0.40625 145729 126592 -0.12392
0.40875 145269 126592 -0.121421
0.41125 144777 126592 -0.118923
0.41375 144252 126592 -0.116424
0.41625 143695 126592 -0.113926
0.41875 143107 126592 -0.111427
0.42125 142488 126592 -0.108929
0.42375 141837 126592 -0.106431
0.42625 141154 126592 -0.103933
0.42875 140436 126592 -0.101435
0.43125 139680 126592 -0.098937
0.43375 138880 126592 -0.0964392
0.43625 138031 126592 -0.0939416
0.43875 137126 126592 -0.0914442
0.44125 136161 126592 -0.088947
0.44375 135127 126592 -0.08645
0.44625 134041 126592 -0.0839532
0.44875 132882 126592 -0.0814566
0.45125 131737 126592 -0.0789601
0.45375 130753 126592 -0.0764631
0.45625 129984 126592 -0.0739655
0.45875 129408 126592 -0.0714673
0.46125 128999 126592 -0.0689687
0.46375 128624 126592 -0.0664697
0.46625 128270 126592 -0.0639708
0.46875 127981 126556 -0.0614719
0.47125 127661 126453 -0.0589729
0.47375 127323 126386 -0.0564738
0.47625 127026 126377 -0.0539748
0.47875 126733 126389 -0.0514758
0.48125 126481 126409 -0.0489767
0.48375 126314 126429 -0.0464772
0.48625 126243 126447 -0.0439775
0.48875 126244 126463 -0.0414775
0.49125 126277 126479 -0.0389774
0.49375 126314 126494 -0.0364773
0.49625 126343 126510 -0.0339773
0.49875 126364 126526 -0.0314772
0.50125 126382 126545 -0.0289772
0.50375 126399 126564 -0.0264772
0.50625 126419 126582 -0.0239772
0.50875 126442 126598 -0.0214771
0.51125 126464 126613 -0.0189771
0.51375 126486 126629 -0.0164771
0.51625 126505 126647 -0.013977
0.51875 126524 126665 -0.011477
0.52125 126541 126683 -0.008977
0.52375 126556 126699 -0.006477
0.52625 126571 126714 -0.00397701
0.52875 126583 126729 -0.00183229
0.53125 126591 126746 0.00136177
0.53375 126592 126762 0.00355988
0.53625 126592 126778 0.00602226
0.53875 126592 126794 0.00852222
0.54125 126592 126809 0.0110222
0.54375 126592 126821 0.0135221
0.54625 126592 126832 0.0160221
0.54875 126592 126843 0.018522
0.55125 126592 126854 0.0210219
0.55375 126592 126864 0.0235219
0.55625 126592 126873 0.0260218
0.55875 126592 126881 0.0285217
0.56125 126592 126890 0.0310217
0.56375 126592 126901 0.0335216
0.56625 126592 126909 0.0360215
0.56875 126592 126921 0.0385214
0.57125 126592 126929 0.0410214
0.57375 126592 126937 0.0435213
0.57625 126592 126947 0.0460212
0.57875 126592 126957 0.0485211
0.58125 126592 126970 0.0510211
0.58375 126592 126980 0.053521
0.58625 126592 126991 0.0560209
0.58875 126592 127001 0.0585208
0.59125 126592 127014 0.0610207
0.59375 126592 127025 0.0635206
0.59625 126592 127037 0.0660205
0.59875 126592 127049 0.0685204
0.60125 126592 127060 0.0710204
0.60375 126592 127071 0.0735203
0.60625 126592 127083 0.0760202
0.60875 126592 127095 0.0785201
0.61125 126592 127109 0.08102
0.61375 126592 127121 0.0835199
0.61625 126592 127134 0.0860198
0.61875 126592 127147 0.0885197
0.62125 126592 127160 0.0910196
0.62375 126592 127173 0.0935195
0.62625 126592 127187 0.0960194
0.62875 126592 127199 0.0985193
0.63125 126592 127211 0.101019
0.63375 126592 127222 0.103519
0.63625 126592 127233 0.106019
0.63875 126592 127243 0.108519
0.64125 126592 127254 0.111019
0.64375 126592 127266 0.113519
0.64625 126592 127277 0.116019
0.64875 126592 127288 0.118519
0.65125 126592 127298 0.121019
0.65375 126592 127310 0.123518
0.65625 126592 127321 0.126018
0.65875 126592 127330 0.128518
0.66125 126592 127337 0.131018
0.66375 126592 127344 0.133518
0.66625 126592 127348 0.136018
0.66875 126592 127351 0.138518
0.67125 126592 127352 0.141018
0.67375 126592 127352 0.143518
0.67625 126592 127352 0.146018
0.67875 126592 127351 0.148518
0.68125 126592 127349 0.151018
0.68375 126592 127345 0.153518
0.68625 126592 127338 0.156018
0.68875 126592 127328 0.158518
0.69125 126592 127314 0.161019
0.69375 126592 127295 0.163519
0.69625 126592 127271 0.166019
0.69875 126592 127242 0.168519
0.70125 126592 127202 0.17102
0.70375 126592 127161 0.17352
0.70625 126592 127099 0.17602
0.70875 126592 127048 0.178521
0.71125 126592 126965 0.181021
0.71375 126592 126899 0.183522
0.71625 126592 126792 0.186023
0.71875 126592 126709 0.188524
0.72125 126592 126574 0.191025
0.72375 126592 126467 0.193526
0.72625 126592 126282 0.196027
0.72875 126592 126132 0.198529
0.73125 126592 125857 0.201031
0.73375 126592 125629 0.203534
0.73625 126592 125197 0.206037
0.73875 126592 124830 0.208542
0.74125 126592 124011 0.211048
0.74375 126592 123225 0.213556
0.74625 126592 122083 0.216073
0.74875 126592 119625 0.218593
0.75125 126592 116620 0.221138
0.75375 126592 110460 0.223696
0.75625 126592 103848 0.226239
0.75875 126592 100716 0.228748
0.76125 126592 100131 0.23125
0.76375 126592 100027 0.23375
0.76625 126592 100008 0.23625
0.76875 126592 100004 0.23875
0.77125 126592 100002 0.24125
0.77375 126592 100001 0.24375
0.77625 126592 100000 0.24625
0.77875 126592 100000 0.24875
0.78125 126592 100000 0.25125
0.78375 126592 100000 0.25375
0.78625 126592 100000 0.25625
0.78875 126592 100000 0.25875
0.79125 126592 100000 0.26125
0.79375 126592 100000 0.26375
0.79625 126592 100000 0.26625
0.79875 126592 100000 0.26875
0.80125 126592 100000 0.27125
0.80375 126592 100000 0.27375
0.80625 126592 100000 0.27625
0.80875 126592 100000 0.27875
0.81125 126592 100000 0.28125
0.81375 126592 100000 0.28375
0.81625 126592 100000 0.28625
0.81875 126592 100000 0.28875
0.82125 126592 100000 0.29125
0.82375 126592 100000 0.29375
0.82625 126592 100000 0.29625
0.82875 126592 100000 0.29875
0.83125 126592 100000 0.30125
0.83375 126592 100000 0.30375
0.83625 126592 100000 0.30625
0.83875 126592 100000 0.30875
0.84125 126592 100000 0.31125
0.84375 126592 100000 0.31375
0.84625 126592 100000 0.31625
0.84875 126592 100000 0.31875
0.85125 126592 100000 0.32125
0.85375 126592 100000 0.32375
0.85625 126592 100000 0.32625
0.85875 126592 100000 0.32875
0.86125 126592 100000 0.33125
0.86375 126592 100000 0.33375
0.86625 126592 100000 0.33625
0.86875 126592 100000 0.33875
0.87125 126592 100000 0.34125
0.87375 126592 100000 0.34375
0.87625 126592 100000 0.34625
0.87875 126592 100000 0.34875
0.88125 126592 100000 0.35125
0.88375 126592 100000 0.35375
0.88625 126592 100000 0.35625
0.88875 126592 100000 0.35875
0.89125 126592 100000 0.36125
0.89375 126592 100000 0.36375
0.89625 126592 100000 0.36625
0.89875 126592 100000 0.36875
0.90125 126592 100000 0.37125
0.90375 126592 100000 0.37375
0.90625 126592 100000 0.37625
0.90875 126592 100000 0.37875
0.91125 126592 100000 0.38125
0.91375 126592 100000 0.38375
0.91625 126592 100000 0.38625
0.91875 126592 100000 0.38875
0.92125 126592 100000 0.39125
0.92375 126592 100000 0.39375
0.92625 126592 100000 0.39625
0.92875 126592 100000 0.39875
0.93125 126592 100000 0.40125
0.93375 126592 100000 0.40375
0.93625 126592 100000 0.40625
0.93875 126592 100000 0.40875
0.94125 126592 100000 0.41125
0.94375 126592 100000 0.41375
0.94625 126592 100000 0.41625
0.94875 126592 100000 0.41875
0.95125 126592 100000 0.42125
0.95375 126592 100000 0.42375
0.95625 126592 100000 0.42625
0.95875 126592 100000 0.42875
0.96125 126592 100000 0.43125
0.96375 126592 100000 0.43375
0.96625 126592 100000 0.43625
0.96875 126592 100000 0.43875
0.97125 126592 100000 0.44125
0.97375 126592 100000 0.44375
0.97625 126592 100000 0.44625
0.97875 126592 100000 0.44875
0.98125 126592 100000 0.45125
0.98375 126592 100000 0.45375
0.98625 126592 100000 0.45625
0.98875 126592 100000 0.45875
0.99125 126592 100000 0.46125
0.99375 126592 100000 0.46375
0.99625 126592 100000 0.46625
0.99875 126592 100000 0.46875
