0.001 1 0.1 -0.499
0.003 1 0.1 -0.497
0.005 1 0.1 -0.495
0.007 1 0.1 -0.493
0.009 1 0.1 -0.491
0.011 1 0.1 -0.489
0.013 1 0.1 -0.487
0.015 1 0.1 -0.485
0.017 1 0.1 -0.483
0.019 1 0.1 -0.481
0.021 1 0.1 -0.479
0.023 1 0.1 -0.477
0.025 1 0.1 -0.475
0.027 1 0.1 -0.473
0.029 1 0.1 -0.471
0.031 1 0.1 -0.469
0.033 1 0.1 -0.467
0.035 1 0.1 -0.465
0.037 1 0.1 -0.463
0.039 1 0.1 -0.461
0.041 1 0.1 -0.459
0.043 1 0.1 -0.457
0.045 1 0.1 -0.455
0.047 1 0.1 -0.453
0.049 1 0.1 -0.451
0.051 1 0.1 -0.449
0.053 1 0.1 -0.447
0.055 1 0.1 -0.445
0.057 1 0.1 -0.443
0.059 1 0.1 -0.441
0.061 1 0.1 -0.439
0.063 1 0.1 -0.437
0.065 1 0.1 -0.435
0.067 1 0.1 -0.433
0.069 1 0.1 -0.431
0.071 1 0.1 -0.429
0.073 1 0.1 -0.427
0.075 1 0.1 -0.425
0.077 1 0.1 -0.423
0.079 1 0.1 -0.421
0.081 1 0.1 -0.419
0.083 1 0.1 -0.417
0.085 1 0.1 -0.415
0.087 1 0.1 -0.413
0.089 1 0.1 -0.411
0.091 1 0.1 -0.409
0.093 1 0.1 -0.407
0.095 1 0.1 -0.405
0.097 1 0.1 -0.403
0.099 1 0.1 -0.401
0.101 1 0.1 -0.399
0.103 1 0.1 -0.397
0.105 1 0.1 -0.395
0.107 1 0.1 -0.393
0.109 1 0.1 -0.391
0.111 1 0.1 -0.389
0.113 1 0.1 -0.387
0.115 1 0.1 -0.385
0.117 1 0.1 -0.383
0.119 1 0.1 -0.381
0.121 1 0.1 -0.379
0.123 1 0.1 -0.377
0.125 1 0.1 -0.375
0.127 1 0.1 -0.373
0.129 1 0.1 -0.371
0.131 1 0.1 -0.369
0.133 1 0.1 -0.367
0.135 1 0.1 -0.365
0.137 1 0.1 -0.363
0.139 1 0.1 -0.361
0.141 1 0.1 -0.359
0.143 1 0.1 -0.357
0.145 1 0.1 -0.355
0.147 1 0.1 -0.353
0.149 1 0.1 -0.351
0.151 1 0.1 -0.349
0.153 1 0.1 -0.347
0.155 1 0.1 -0.345
0.157 1 0.1 -0.343
0.159 1 0.1 -0.341
0.161 1 0.1 -0.339
0.163 1 0.1 -0.337
0.165 1 0.1 -0.335
0.167 1 0.1 -0.333
0.169 1 0.1 -0.331
0.171 1 0.1 -0.329
0.173 1 0.1 -0.327
0.175 1 0.1 -0.325
0.177 1 0.1 -0.323
0.179 1 0.1 -0.321
0.181 1 0.1 -0.319
0.183 1 0.1 -0.317
0.185 1 0.1 -0.315
0.187 1 0.1 -0.313
0.189 1 0.1 -0.311
0.191 1 0.1 -0.309
0.193 1 0.1 -0.307
0.195 1 0.1 -0.305
0.197 1 0.1 -0.303
0.199 1 0.1 -0.301
0.201 1 0.1 -0.299
0.203 1 0.1 -0.297
0.205 1 0.1 -0.295
0.207 1 0.1 -0.293
0.209 1 0.1 -0.291
0.211 1 0.1 -0.289
0.213 1 0.1 -0.287
0.215 1 0.1 -0.285
0.217 1 0.1 -0.283
0.219 1 0.1 -0.281
0.221 1 0.1 -0.279
0.223 1 0.1 -0.277
0.225 1 0.1 -0.275
0.227 1 0.1 -0.273
0.229 1 0.1 -0.271
0.231 1 0.1 -0.269
0.233 1 0.1 -0.267
0.235 1 0.1 -0.265
0.237 1 0.1 -0.263
0.239 1 0.1 -0.261
0.241 1 0.1 -0.259
0.243 1 0.1 -0.257
0.245 1 0.1 -0.255
0.247 1 0.1 -0.253
0.249 1 0.1 -0.251
0.251 1 0.1 -0.249
0.253 1 0.1 -0.247
0.255 1 0.1 -0.245
0.257 1 0.1 -0.243
0.259 1 0.1 -0.241
0.261 1 0.1 -0.239
0.263 1 0.1 -0.237
0.265 1 0.1 -0.235
0.267 1 0.1 -0.233
0.269 1 0.1 -0.231
0.271 1 0.1 -0.229
0.273 1 0.1 -0.227
0.275 1 0.1 -0.225
0.277 1 0.1 -0.223
0.279 1 0.1 -0.221
0.281 1 0.1 -0.219
0.283 1 0.1 -0.217
0.285 1 0.1 -0.215
0.287 1 0.1 -0.213
0.289 1 0.1 -0.211
0.291 1 0.1 -0.209
0.293 1 0.1 -0.207
0.295 1 0.1 -0.205
0.297 1 0.1 -0.203
0.299 1 0.1 -0.201
0.301 1 0.1 -0.199
0.303 1 0.1 -0.197
0.305 1 0.1 -0.195
0.307 1 0.1 -0.193
0.309 1 0.1 -0.191
0.311 1 0.100002 -0.189
0.313 1 0.100011 -0.187
0.315 1 0.10006 -0.185
0.317 1 0.10033 -0.183
0.319 1 0.101784 -0.181
0.321 1 0.109116 -0.179
0.323 1 0.137782 -0.177
0.325 1 0.212697 -0.175
0.327 1 0.284109 -0.173
0.329 1 0.30301 -0.171
0.331 0.999999 0.303267 -0.169
0.333 0.999998 0.303164 -0.167
0.335 0.999997 0.303157 -0.165
0.337 0.999994 0.303137 -0.163
0.339 0.999989 0.303123 -0.161
0.341 0.99998 0.303113 -0.159
0.343 0.999964 0.303112 -0.157
0.345 0.999938 0.303111 -0.155
0.347 0.999895 0.30311 -0.153
0.349 0.999825 0.30311 -0.151
0.351 0.999713 0.303109 -0.149001
0.353 0.99954 0.303106 -0.147001
0.355 0.999277 0.303101 -0.145002
0.357 0.998885 0.303098 -0.143003
0.359 0.998314 0.303097 -0.141004
0.361 0.997501 0.303098 -0.139007
0.363 0.996368 0.303099 -0.137011
0.365 0.994826 0.303102 -0.135016
0.367 0.992772 0.303104 -0.133024
0.369 0.990097 0.303106 -0.131035
0.371 0.986691 0.303107 -0.129049
0.373 0.982449 0.303106 -0.127069
0.375 0.977278 0.303105 -0.125096
0.377 0.971106 0.303104 -0.12313
0.379 0.963886 0.303104 -0.121173
0.381 0.955602 0.303104 -0.119228
0.383 0.946267 0.303105 -0.117295
0.385 0.935926 0.303106 -0.115376
0.387 0.924647 0.303108 -0.113472
0.389 0.912521 0.303109 -0.111586
0.391 0.899649 0.303109 -0.109718
0.393 0.886142 0.303108 -0.10787
0.395 0.87211 0.303108 -0.106043
0.397 0.857658 0.303107 -0.104237
0.399 0.842884 0.303107 -0.102453
0.401 0.827874 0.303107 -0.100691
0.403 0.812701 0.303108 -0.0989527
0.405 0.797425 0.303109 -0.0972378
0.407 0.782079 0.30311 -0.0955465
0.409 0.766731 0.30311 -0.093879
0.411 0.751466 0.30311 -0.0922355
0.413 0.73634 0.303109 -0.0906158
0.415 0.721384 0.303109 -0.0890199
0.417 0.706616 0.303108 -0.0874476
0.419 0.692049 0.303108 -0.0858987
0.421 0.67769 0.303108 -0.0843731
0.423 0.663549 0.303108 -0.0828705
0.425 0.64963 0.303108 -0.0813908
0.427 0.635939 0.303107 -0.0799336
0.429 0.622479 0.303107 -0.0784987
0.431 0.609255 0.303106 -0.0770859
0.433 0.596268 0.303105 -0.0756949
0.435 0.583522 0.303104 -0.0743255
0.437 0.571017 0.303103 -0.0729773
0.439 0.558756 0.303103 -0.0716501
0.441 0.546737 0.303102 -0.0703436
0.443 0.534962 0.303101 -0.0690574
0.445 0.523432 0.3031 -0.0677914
0.447 0.512145 0.303098 -0.0665451
0.449 0.501101 0.303095 -0.0653183
0.451 0.490302 0.303093 -0.0641107
0.453 0.479747 0.30309 -0.0629219
0.455 0.469436 0.303087 -0.0617516
0.457 0.459371 0.303084 -0.0605995
0.459 0.449553 0.303083 -0.0594653
0.461 0.439985 0.303086 -0.0583485
0.463 0.43067 0.303099 -0.0572489
0.465 0.421611 0.303128 -0.056166
0.467 0.412814 0.303188 -0.0550994
0.469 0.404286 0.303298 -0.0540489
0.471 0.396033 0.303477 -0.0530138
0.473 0.388066 0.303767 -0.0519939
0.475 0.380393 0.304103 -0.0509885
0.477 0.373028 0.304445 -0.0499973
0.479 0.365982 0.304815 -0.0490196
0.481 0.359269 0.305304 -0.0480549
0.483 0.352903 0.305873 -0.0471026
0.485 0.346898 0.306536 -0.046162
0.487 0.341266 0.307454 -0.0452324
0.489 0.336019 0.308624 -0.0443132
0.491 0.331172 0.310067 -0.0434036
0.493 0.326739 0.311811 -0.0425028
0.495 0.322739 0.3139 -0.04161
0.497 0.319192 0.316332 -0.0407243
0.499 0.316109 0.319116 -0.0398448
0.501 0.313484 0.322271 0.0397988
0.503 0.311287 0.325811 0.0406914
0.505 0.309468 0.329743 0.0415911
0.507 0.307981 0.334056 0.0424986
0.509 0.306783 0.338734 0.0434147
0.511 0.30585 0.343761 0.0443399
0.513 0.305172 0.349123 0.0452751
0.515 0.304733 0.354807 0.0462207
0.517 0.304444 0.360811 0.0471773
0.519 0.30421 0.367135 0.0481457
0.521 0.303954 0.373759 0.0491262
0.523 0.303698 0.380658 0.0501193
0.525 0.303461 0.387824 0.0511257
0.527 0.30325 0.395261 0.0521457
0.529 0.303111 0.402964 0.0531797
0.531 0.303048 0.410915 0.0542282
0.533 0.303047 0.419108 0.0552915
0.535 0.30306 0.427539 0.0563701
0.537 0.303074 0.436199 0.0574643
0.539 0.303086 0.44508 0.0585744
0.541 0.303098 0.454179 0.0597007
0.543 0.303109 0.463507 0.0608436
0.545 0.303118 0.473061 0.0620034
0.547 0.303124 0.482824 0.0631803
0.549 0.303127 0.492783 0.0643747
0.551 0.303129 0.502956 0.0655868
0.553 0.30313 0.513353 0.066817
0.555 0.303131 0.523957 0.0680654
0.557 0.303133 0.534757 0.0693323
0.559 0.303134 0.545766 0.070618
0.561 0.303136 0.556992 0.0719228
0.563 0.303137 0.568423 0.0732469
0.565 0.303138 0.580059 0.0745905
0.567 0.303139 0.591905 0.0759539
0.569 0.303141 0.603962 0.0773373
0.571 0.303142 0.616229 0.078741
0.573 0.303143 0.628708 0.0801652
0.575 0.303144 0.641403 0.0816101
0.577 0.303145 0.654311 0.083076
0.579 0.303146 0.667434 0.0845632
0.581 0.303146 0.680772 0.0860718
0.583 0.303147 0.694329 0.087602
0.585 0.303148 0.708106 0.0891542
0.587 0.30315 0.722102 0.0907286
0.589 0.303151 0.736316 0.0923253
0.591 0.303152 0.750751 0.0939447
0.593 0.303154 0.765408 0.0955868
0.595 0.303154 0.780281 0.0972521
0.597 0.303155 0.795365 0.0989405
0.599 0.303157 0.810663 0.100652
0.601 0.303158 0.826179 0.102388
0.603 0.30316 0.841903 0.104148
0.605 0.303162 0.857814 0.105931
0.607 0.303163 0.873912 0.107739
0.609 0.303164 0.890189 0.109571
0.611 0.303165 0.906646 0.111427
0.613 0.303165 0.923235 0.113308
0.615 0.303166 0.939349 0.115213
0.617 0.303168 0.954079 0.117141
0.619 0.303169 0.96692 0.119088
0.621 0.303172 0.977544 0.121052
0.623 0.303175 0.985788 0.123028
0.625 0.303178 0.991697 0.125014
0.627 0.30318 0.995556 0.127007
0.629 0.303181 0.99783 0.129003
0.631 0.303181 0.999034 0.131001
0.633 0.303182 0.999607 0.133
0.635 0.303184 0.999853 0.135
0.637 0.303187 0.999949 0.137
0.639 0.303192 0.999984 0.139
0.641 0.303198 0.999995 0.141
0.643 0.303203 0.999999 0.143
0.645 0.303208 1 0.145
0.647 0.30321 1 0.147
0.649 0.303211 1 0.149
0.651 0.303212 1 0.151
0.653 0.303216 1 0.153
0.655 0.303222 1 0.155
0.657 0.303232 1 0.157
0.659 0.303244 1 0.159
0.661 0.303252 1 0.161
0.663 0.303245 1 0.163
0.665 0.303186 1 0.165
0.667 0.30293 1 0.167
0.669 0.301855 1 0.169
0.671 0.297405 1 0.171
0.673 0.282121 1 0.173
0.675 0.230255 1 0.175
0.677 0.139252 1 0.177
0.679 0.101188 1 0.179
0.681 0.100016 1 0.181
0.683 0.100001 1 0.183
0.685 0.1 1 0.185
0.687 0.1 1 0.187
0.689 0.1 1 0.189
0.691 0.1 1 0.191
0.693 0.1 1 0.193
0.695 0.1 1 0.195
0.697 0.1 1 0.197
0.699 0.1 1 0.199
0.701 0.1 1 0.201
0.703 0.1 1 0.203
0.705 0.1 1 0.205
0.707 0.1 1 0.207
0.709 0.1 1 0.209
0.711 0.1 1 0.211
0.713 0.1 1 0.213
0.715 0.1 1 0.215
0.717 0.1 1 0.217
0.719 0.1 1 0.219
0.721 0.1 1 0.221
0.723 0.1 1 0.223
0.725 0.1 1 0.225
0.727 0.1 1 0.227
0.729 0.1 1 0.229
0.731 0.1 1 0.231
0.733 0.1 1 0.233
0.735 0.1 1 0.235
0.737 0.1 1 0.237
0.739 0.1 1 0.239
0.741 0.1 1 0.241
0.743 0.1 1 0.243
0.745 0.1 1 0.245
0.747 0.1 1 0.247
0.749 0.1 1 0.249
0.751 0.1 1 0.251
0.753 0.1 1 0.253
0.755 0.1 1 0.255
0.757 0.1 1 0.257
0.759 0.1 1 0.259
0.761 0.1 1 0.261
0.763 0.1 1 0.263
0.765 0.1 1 0.265
0.767 0.1 1 0.267
0.769 0.1 1 0.269
0.771 0.1 1 0.271
0.773 0.1 1 0.273
0.775 0.1 1 0.275
0.777 0.1 1 0.277
0.779 0.1 1 0.279
0.781 0.1 1 0.281
0.783 0.1 1 0.283
0.785 0.1 1 0.285
0.787 0.1 1 0.287
0.789 0.1 1 0.289
0.791 0.1 1 0.291
0.793 0.1 1 0.293
0.795 0.1 1 0.295
0.797 0.1 1 0.297
0.799 0.1 1 0.299
0.801 0.1 1 0.301
0.803 0.1 1 0.303
0.805 0.1 1 0.305
0.807 0.1 1 0.307
0.809 0.1 1 0.309
0.811 0.1 1 0.311
0.813 0.1 1 0.313
0.815 0.1 1 0.315
0.817 0.1 1 0.317
0.819 0.1 1 0.319
0.821 0.1 1 0.321
0.823 0.1 1 0.323
0.825 0.1 1 0.325
0.827 0.1 1 0.327
0.829 0.1 1 0.329
0.831 0.1 1 0.331
0.833 0.1 1 0.333
0.835 0.1 1 0.335
0.837 0.1 1 0.337
0.839 0.1 1 0.339
0.841 0.1 1 0.341
0.843 0.1 1 0.343
0.845 0.1 1 0.345
0.847 0.1 1 0.347
0.849 0.1 1 0.349
0.851 0.1 1 0.351
0.853 0.1 1 0.353
0.855 0.1 1 0.355
0.857 0.1 1 0.357
0.859 0.1 1 0.359
0.861 0.1 1 0.361
0.863 0.1 1 0.363
0.865 0.1 1 0.365
0.867 0.1 1 0.367
0.869 0.1 1 0.369
0.871 0.1 1 0.371
0.873 0.1 1 0.373
0.875 0.1 1 0.375
0.877 0.1 1 0.377
0.879 0.1 1 0.379
0.881 0.1 1 0.381
0.883 0.1 1 0.383
0.885 0.1 1 0.385
0.887 0.1 1 0.387
0.889 0.1 1 0.389
0.891 0.1 1 0.391
0.893 0.1 1 0.393
0.895 0.1 1 0.395
0.897 0.1 1 0.397
0.899 0.1 1 0.399
0.901 0.1 1 0.401
0.903 0.1 1 0.403
0.905 0.1 1 0.405
0.907 0.1 1 0.407
0.909 0.1 1 0.409
0.911 0.1 1 0.411
0.913 0.1 1 0.413
0.915 0.1 1 0.415
0.917 0.1 1 0.417
0.919 0.1 1 0.419
0.921 0.1 1 0.421
0.923 0.1 1 0.423
0.925 0.1 1 0.425
0.927 0.1 1 0.427
0.929 0.1 1 0.429
0.931 0.1 1 0.431
0.933 0.1 1 0.433
0.935 0.1 1 0.435
0.937 0.1 1 0.437
0.939 0.1 1 0.439
0.941 0.1 1 0.441
0.943 0.1 1 0.443
0.945 0.1 1 0.445
0.947 0.1 1 0.447
0.949 0.1 1 0.449
0.951 0.1 1 0.451
0.953 0.1 1 0.453
0.955 0.1 1 0.455
0.957 0.1 1 0.457
0.959 0.1 1 0.459
0.961 0.1 1 0.461
0.963 0.1 1 0.463
0.965 0.1 1 0.465
0.967 0.1 1 0.467
0.969 0.1 1 0.469
0.971 0.1 1 0.471
0.973 0.1 1 0.473
0.975 0.1 1 0.475
0.977 0.1 1 0.477
0.979 0.1 1 0.479
0.981 0.1 1 0.481
0.983 0.1 1 0.483
0.985 0.1 1 0.485
0.987 0.1 1 0.487
0.989 0.1 1 0.489
0.991 0.1 1 0.491
0.993 0.1 1 0.493
0.995 0.1 1 0.495
0.997 0.1 1 0.497
0.999 0.1 1 0.499
