0.025 0.025 0 0.606566 -0.475
0.075 0.025 0 0.747733 -0.432449
0.125 0.025 0 0.846674 -0.383465
0.175 0.025 0 0.898766 -0.33399
0.225 0.025 0 0.919509 -0.284197
0.275 0.025 0 0.925778 -0.234258
0.325 0.025 0 0.9272 -0.184272
0.375 0.025 0 0.927429 -0.134274
0.425 0.025 0 0.927451 -0.0842745
0.475 0.025 0.0717028 0.927453 -0.0342745
0.525 0.025 0.927453 0.558449 0.0157255
0.575 0.025 0.927453 0 0.0657255
0.625 0.025 0.927451 0 0.115726
0.675 0.025 0.927437 0 0.165726
0.725 0.025 0.927338 0 0.215728
0.775 0.025 0.926867 0 0.265735
0.825 0.025 0.92515 0 0.315762
0.875 0.025 0.920162 0 0.365835
0.925 0.025 0.908116 0 0.416001
0.975 0.025 0.88273 0 0.466328

0.025 0.075 0 0.603501 -0.475
0.075 0.075 0 0.749852 -0.432449
0.125 0.075 0 0.847845 -0.383465
0.175 0.075 0 0.89925 -0.33399
0.225 0.075 0 0.919618 -0.284197
0.275 0.075 0 0.92578 -0.234258
0.325 0.075 0 0.927199 -0.184272
0.375 0.075 0 0.927428 -0.134274
0.425 0.075 0 0.927451 -0.0842745
0.475 0.075 0.0717028 0.927453 -0.0342745
0.525 0.075 0.927453 0.558449 0.0157255
0.575 0.075 0.927453 0 0.0657255
0.625 0.075 0.927451 0 0.115726
0.675 0.075 0.927437 0 0.165726
0.725 0.075 0.927338 0 0.215728
0.775 0.075 0.926867 0 0.265735
0.825 0.075 0.92515 0 0.315762
0.875 0.075 0.920162 0 0.365835
0.925 0.075 0.908116 0 0.416001
0.975 0.075 0.88273 0 0.466328

0.025 0.125 0 0.606566 -0.475
0.075 0.125 0 0.747733 -0.432449
0.125 0.125 0 0.846674 -0.383465
0.175 0.125 0 0.898766 -0.33399
0.225 0.125 0 0.919493 -0.284197
0.275 0.125 0 0.925786 -0.234258
0.325 0.125 0 0.927208 -0.184272
0.375 0.125 0 0.927429 -0.134274
0.425 0.125 0 0.927451 -0.0842745
0.475 0.125 0.0717028 0.927453 -0.0342745
0.525 0.125 0.927453 0.558449 0.0157255
0.575 0.125 0.927453 0 0.0657255
0.625 0.125 0.927451 0 0.115726
0.675 0.125 0.927437 0 0.165726
0.725 0.125 0.927338 0 0.215728
0.775 0.125 0.926867 0 0.265735
0.825 0.125 0.925144 0 0.315762
0.875 0.125 0.920683 0 0.365835
0.925 0.125 0.907573 0 0.416001
0.975 0.125 0.88273 0 0.466328

0.025 0.175 0 0.606566 -0.475
0.075 0.175 0 0.747733 -0.432449
0.125 0.175 0 0.846674 -0.383465
0.175 0.175 0 0.898766 -0.33399
0.225 0.175 0 0.919509 -0.284197
0.275 0.175 0 0.925778 -0.234258
0.325 0.175 0 0.9272 -0.184272
0.375 0.175 0 0.927429 -0.134274
0.425 0.175 0 0.927451 -0.0842745
0.475 0.175 0.0717028 0.927453 -0.0342745
0.525 0.175 0.927453 0.558449 0.0157255
0.575 0.175 0.927453 0 0.0657255
0.625 0.175 0.927451 0 0.115726
0.675 0.175 0.927437 0 0.165726
0.725 0.175 0.927343 0 0.215728
0.775 0.175 0.926895 0 0.265735
0.825 0.175 0.925263 0 0.315762
0.875 0.175 0.920528 0 0.365835
0.925 0.175 0.907573 0 0.416001
0.975 0.175 0.88273 0 0.466328

0.025 0.225 0 0.606566 -0.475
0.075 0.225 0 0.747733 -0.432449
0.125 0.225 0 0.846674 -0.383465
0.175 0.225 0 0.898766 -0.33399
0.225 0.225 0 0.919509 -0.284197
0.275 0.225 0 0.92578 -0.234258
0.325 0.225 0 0.927199 -0.184272
0.375 0.225 0 0.927428 -0.134274
0.425 0.225 0 0.927451 -0.0842745
0.475 0.225 0.0717028 0.927453 -0.0342745
0.525 0.225 0.927453 0.558449 0.0157255
0.575 0.225 0.927453 0 0.0657255
0.625 0.225 0.927451 0 0.115726
0.675 0.225 0.927437 0 0.165726
0.725 0.225 0.927344 0 0.215728
0.775 0.225 0.926861 0 0.265735
0.825 0.225 0.925144 0 0.315762
0.875 0.225 0.920683 0 0.365835
0.925 0.225 0.907573 0 0.416001
0.975 0.225 0.88273 0 0.466328

0.025 0.275 0 0.604526 -0.475
0.075 0.275 0 0.749907 -0.432449
0.125 0.275 0 0.84668 -0.383465
0.175 0.275 0 0.898992 -0.33399
0.225 0.275 0 0.919602 -0.284197
0.275 0.275 0 0.925788 -0.234258
0.325 0.275 0 0.927207 -0.184272
0.375 0.275 0 0.927428 -0.134274
0.425 0.275 0 0.927451 -0.0842745
0.475 0.275 0.0717028 0.927453 -0.0342745
0.525 0.275 0.927453 0.558449 0.0157255
0.575 0.275 0.927453 0 0.0657255
0.625 0.275 0.927451 0 0.115726
0.675 0.275 0.927437 0 0.165726
0.725 0.275 0.927338 0 0.215728
0.775 0.275 0.926867 0 0.265735
0.825 0.275 0.92515 0 0.315762
0.875 0.275 0.920162 0 0.365835
0.925 0.275 0.908116 0 0.416001
0.975 0.275 0.88273 0 0.466328

0.025 0.325 0 0.606566 -0.475
0.075 0.325 0 0.746578 -0.432449
0.125 0.325 0 0.847406 -0.383465
0.175 0.325 0 0.89923 -0.33399
0.225 0.325 0 0.919609 -0.284197
0.275 0.325 0 0.92578 -0.234258
0.325 0.325 0 0.927199 -0.184272
0.375 0.325 0 0.927428 -0.134274
0.425 0.325 0 0.927451 -0.0842745
0.475 0.325 0.0717028 0.927453 -0.0342745
0.525 0.325 0.927453 0.558449 0.0157255
0.575 0.325 0.927453 0 0.0657255
0.625 0.325 0.927451 0 0.115726
0.675 0.325 0.927437 0 0.165726
0.725 0.325 0.927338 0 0.215728
0.775 0.325 0.926865 0 0.265735
0.825 0.325 0.925298 0 0.315762
0.875 0.325 0.920509 0 0.365835
0.925 0.325 0.909002 0 0.416001
0.975 0.325 0.881162 0 0.466328

0.025 0.375 0 0.606566 -0.475
0.075 0.375 0 0.747733 -0.432449
0.125 0.375 0 0.846674 -0.383465
0.175 0.375 0 0.898766 -0.33399
0.225 0.375 0 0.919509 -0.284197
0.275 0.375 0 0.92578 -0.234258
0.325 0.375 0 0.927199 -0.184272
0.375 0.375 0 0.927428 -0.134274
0.425 0.375 0 0.927451 -0.0842745
0.475 0.375 0.0717028 0.927453 -0.0342745
0.525 0.375 0.927453 0.558449 0.0157255
0.575 0.375 0.927453 0 0.0657255
0.625 0.375 0.927451 0 0.115726
0.675 0.375 0.927437 0 0.165726
0.725 0.375 0.927338 0 0.215728
0.775 0.375 0.926867 0 0.265735
0.825 0.375 0.925144 0 0.315762
0.875 0.375 0.920683 0 0.365835
0.925 0.375 0.907573 0 0.416001
0.975 0.375 0.88273 0 0.466328

0.025 0.425 0 0.606566 -0.475
0.075 0.425 0 0.747733 -0.432449
0.125 0.425 0 0.846674 -0.383465
0.175 0.425 0 0.898766 -0.33399
0.225 0.425 0 0.919509 -0.284197
0.275 0.425 0 0.925778 -0.234258
0.325 0.425 0 0.9272 -0.184272
0.375 0.425 0 0.927429 -0.134274
0.425 0.425 0 0.927451 -0.0842745
0.475 0.425 0.0717028 0.927453 -0.0342745
0.525 0.425 0.927453 0.558449 0.0157255
0.575 0.425 0.927453 0 0.0657255
0.625 0.425 0.927451 0 0.115726
0.675 0.425 0.927437 0 0.165726
0.725 0.425 0.927338 0 0.215728
0.775 0.425 0.926867 0 0.265735
0.825 0.425 0.92515 0 0.315762
0.875 0.425 0.920144 0 0.365835
0.925 0.425 0.909542 0 0.416001
0.975 0.425 0.881162 0 0.466328

0.025 0.475 0 0.603501 -0.475
0.075 0.475 0 0.749852 -0.432449
0.125 0.475 0 0.847845 -0.383465
0.175 0.475 0 0.899175 -0.33399
0.225 0.475 0 0.919644 -0.284197
0.275 0.475 0 0.92582 -0.234258
0.325 0.475 0 0.927208 -0.184272
0.375 0.475 0 0.927429 -0.134274
0.425 0.475 0 0.927451 -0.0842745
0.475 0.475 0.0717028 0.927453 -0.0342745
0.525 0.475 0.927453 0.558449 0.0157255
0.575 0.475 0.927453 0 0.0657255
0.625 0.475 0.927451 0 0.115726
0.675 0.475 0.927437 0 0.165726
0.725 0.475 0.927344 0 0.215728
0.775 0.475 0.926897 0 0.265735
0.825 0.475 0.925115 0 0.315762
0.875 0.475 0.920162 0 0.365835
0.925 0.475 0.908116 0 0.416001
0.975 0.475 0.88273 0 0.466328

0.025 0.525 0 0.603501 -0.475
0.075 0.525 0 0.749852 -0.432449
0.125 0.525 0 0.847845 -0.383465
0.175 0.525 0 0.899175 -0.33399
0.225 0.525 0 0.919644 -0.284197
0.275 0.525 0 0.925823 -0.234258
0.325 0.525 0 0.927207 -0.184272
0.375 0.525 0 0.927428 -0.134274
0.425 0.525 0 0.927451 -0.0842745
0.475 0.525 0.0717028 0.927453 -0.0342745
0.525 0.525 0.927453 0.558449 0.0157255
0.575 0.525 0.927453 0 0.0657255
0.625 0.525 0.927451 0 0.115726
0.675 0.525 0.927437 0 0.165726
0.725 0.525 0.927344 0 0.215728
0.775 0.525 0.926861 0 0.265735
0.825 0.525 0.92515 0 0.315762
0.875 0.525 0.920162 0 0.365835
0.925 0.525 0.908116 0 0.416001
0.975 0.525 0.88273 0 0.466328

0.025 0.575 0 0.603501 -0.475
0.075 0.575 0 0.750988 -0.432449
0.125 0.575 0 0.847176 -0.383465
0.175 0.575 0 0.898689 -0.33399
0.225 0.575 0 0.919536 -0.284197
0.275 0.575 0 0.925823 -0.234258
0.325 0.575 0 0.927207 -0.184272
0.375 0.575 0 0.927428 -0.134274
0.425 0.575 0 0.927451 -0.0842745
0.475 0.575 0.0717028 0.927453 -0.0342745
0.525 0.575 0.927453 0.558449 0.0157255
0.575 0.575 0.927453 0 0.0657255
0.625 0.575 0.927451 0 0.115726
0.675 0.575 0.927437 0 0.165726
0.725 0.575 0.927338 0 0.215728
0.775 0.575 0.926867 0 0.265735
0.825 0.575 0.92515 0 0.315762
0.875 0.575 0.920162 0 0.365835
0.925 0.575 0.908116 0 0.416001
0.975 0.575 0.88273 0 0.466328

0.025 0.625 0 0.603501 -0.475
0.075 0.625 0 0.749852 -0.432449
0.125 0.625 0 0.847845 -0.383465
0.175 0.625 0 0.899175 -0.33399
0.225 0.625 0 0.919644 -0.284197
0.275 0.625 0 0.92582 -0.234258
0.325 0.625 0 0.927208 -0.184272
0.375 0.625 0 0.927429 -0.134274
0.425 0.625 0 0.927451 -0.0842745
0.475 0.625 0.0717028 0.927453 -0.0342745
0.525 0.625 0.927453 0.558449 0.0157255
0.575 0.625 0.927453 0 0.0657255
0.625 0.625 0.927451 0 0.115726
0.675 0.625 0.927437 0 0.165726
0.725 0.625 0.927344 0 0.215728
0.775 0.625 0.926895 0 0.265735
0.825 0.625 0.925263 0 0.315762
0.875 0.625 0.920528 0 0.365835
0.925 0.625 0.907573 0 0.416001
0.975 0.625 0.88273 0 0.466328

0.025 0.675 0 0.606566 -0.475
0.075 0.675 0 0.746578 -0.432449
0.125 0.675 0 0.847692 -0.383465
0.175 0.675 0 0.899034 -0.33399
0.225 0.675 0 0.919509 -0.284197
0.275 0.675 0 0.92578 -0.234258
0.325 0.675 0 0.927199 -0.184272
0.375 0.675 0 0.927428 -0.134274
0.425 0.675 0 0.927451 -0.0842745
0.475 0.675 0.0717028 0.927453 -0.0342745
0.525 0.675 0.927453 0.558449 0.0157255
0.575 0.675 0.927453 0 0.0657255
0.625 0.675 0.927451 0 0.115726
0.675 0.675 0.927437 0 0.165726
0.725 0.675 0.927344 0 0.215728
0.775 0.675 0.926861 0 0.265735
0.825 0.675 0.92515 0 0.315762
0.875 0.675 0.920162 0 0.365835
0.925 0.675 0.908116 0 0.416001
0.975 0.675 0.88273 0 0.466328

0.025 0.725 0 0.606566 -0.475
0.075 0.725 0 0.746578 -0.432449
0.125 0.725 0 0.847378 -0.383465
0.175 0.725 0 0.89925 -0.33399
0.225 0.725 0 0.919602 -0.284197
0.275 0.725 0 0.925788 -0.234258
0.325 0.725 0 0.927207 -0.184272
0.375 0.725 0 0.927428 -0.134274
0.425 0.725 0 0.927451 -0.0842745
0.475 0.725 0.0717028 0.927453 -0.0342745
0.525 0.725 0.927453 0.558449 0.0157255
0.575 0.725 0.927453 0 0.0657255
0.625 0.725 0.927451 0 0.115726
0.675 0.725 0.927437 0 0.165726
0.725 0.725 0.927338 0 0.215728
0.775 0.725 0.926867 0 0.265735
0.825 0.725 0.92515 0 0.315762
0.875 0.725 0.920162 0 0.365835
0.925 0.725 0.908116 0 0.416001
0.975 0.725 0.88273 0 0.466328

0.025 0.775 0 0.606566 -0.475
0.075 0.775 0 0.747733 -0.432449
0.125 0.775 0 0.846674 -0.383465
0.175 0.775 0 0.898766 -0.33399
0.225 0.775 0 0.919509 -0.284197
0.275 0.775 0 0.92578 -0.234258
0.325 0.775 0 0.927199 -0.184272
0.375 0.775 0 0.927428 -0.134274
0.425 0.775 0 0.927451 -0.0842745
0.475 0.775 0.0717028 0.927453 -0.0342745
0.525 0.775 0.927453 0.558449 0.0157255
0.575 0.775 0.927453 0 0.0657255
0.625 0.775 0.927451 0 0.115726
0.675 0.775 0.927437 0 0.165726
0.725 0.775 0.927338 0 0.215728
0.775 0.775 0.926903 0 0.265735
0.825 0.775 0.925115 0 0.315762
0.875 0.775 0.920146 0 0.365835
0.925 0.775 0.909365 0 0.416001
0.975 0.775 0.881358 0 0.466328

0.025 0.825 0 0.606566 -0.475
0.075 0.825 0 0.747733 -0.432449
0.125 0.825 0 0.846674 -0.383465
0.175 0.825 0 0.898766 -0.33399
0.225 0.825 0 0.919509 -0.284197
0.275 0.825 0 0.925778 -0.234258
0.325 0.825 0 0.9272 -0.184272
0.375 0.825 0 0.927429 -0.134274
0.425 0.825 0 0.927451 -0.0842745
0.475 0.825 0.0717028 0.927453 -0.0342745
0.525 0.825 0.927453 0.558449 0.0157255
0.575 0.825 0.927453 0 0.0657255
0.625 0.825 0.927451 0 0.115726
0.675 0.825 0.927437 0 0.165726
0.725 0.825 0.927338 0 0.215728
0.775 0.825 0.926867 0 0.265735
0.825 0.825 0.92515 0 0.315762
0.875 0.825 0.920162 0 0.365835
0.925 0.825 0.908116 0 0.416001
0.975 0.825 0.88273 0 0.466328

0.025 0.875 0 0.606566 -0.475
0.075 0.875 0 0.747733 -0.432449
0.125 0.875 0 0.846674 -0.383465
0.175 0.875 0 0.898766 -0.33399
0.225 0.875 0 0.919509 -0.284197
0.275 0.875 0 0.92578 -0.234258
0.325 0.875 0 0.927199 -0.184272
0.375 0.875 0 0.927428 -0.134274
0.425 0.875 0 0.927451 -0.0842745
0.475 0.875 0.0717028 0.927453 -0.0342745
0.525 0.875 0.927453 0.558449 0.0157255
0.575 0.875 0.927453 0 0.0657255
0.625 0.875 0.927451 0 0.115726
0.675 0.875 0.927437 0 0.165726
0.725 0.875 0.927338 0 0.215728
0.775 0.875 0.926867 0 0.265735
0.825 0.875 0.92515 0 0.315762
0.875 0.875 0.920162 0 0.365835
0.925 0.875 0.908116 0 0.416001
0.975 0.875 0.88273 0 0.466328

0.025 0.925 0 0.606566 -0.475
0.075 0.925 0 0.747733 -0.432449
0.125 0.925 0 0.846674 -0.383465
0.175 0.925 0 0.898766 -0.33399
0.225 0.925 0 0.919509 -0.284197
0.275 0.925 0 0.925778 -0.234258
0.325 0.925 0 0.9272 -0.184272
0.375 0.925 0 0.927429 -0.134274
0.425 0.925 0 0.927451 -0.0842745
0.475 0.925 0.0717028 0.927453 -0.0342745
0.525 0.925 0.927453 0.558449 0.0157255
0.575 0.925 0.927453 0 0.0657255
0.625 0.925 0.927451 0 0.115726
0.675 0.925 0.927437 0 0.165726
0.725 0.925 0.927338 0 0.215728
0.775 0.925 0.926867 0 0.265735
0.825 0.925 0.92515 0 0.315762
0.875 0.925 0.920144 0 0.365835
0.925 0.925 0.909542 0 0.416001
0.975 0.925 0.881162 0 0.466328

0.025 0.975 0 0.606566 -0.475
0.075 0.975 0 0.747733 -0.432449
0.125 0.975 0 0.846674 -0.383465
0.175 0.975 0 0.898766 -0.33399
0.225 0.975 0 0.919509 -0.284197
0.275 0.975 0 0.925778 -0.234258
0.325 0.975 0 0.9272 -0.184272
0.375 0.975 0 0.927429 -0.134274
0.425 0.975 0 0.927451 -0.0842745
0.475 0.975 0.0717028 0.927453 -0.0342745
0.525 0.975 0.927453 0.558449 0.0157255
0.575 0.975 0.927453 0 0.0657255
0.625 0.975 0.927451 0 0.115726
0.675 0.975 0.927437 0 0.165726
0.725 0.975 0.927338 0 0.215728
0.775 0.975 0.926867 0 0.265735
0.825 0.975 0.92515 0 0.315762
0.875 0.975 0.920144 0 0.365835
0.925 0.975 0.909542 0 0.416001
0.975 0.975 0.881162 0 0.466328

