0.025 0.025 0 1.00455 -0.475
0.075 0.025 0 1.00255 -0.441051
0.125 0.025 0 1.01111 -0.393401
0.175 0.025 0 1.0144 -0.344041
0.225 0.025 0 1.01584 -0.294318
0.275 0.025 0 1.01634 -0.24441
0.325 0.025 0 1.01647 -0.194434
0.375 0.025 0 1.0165 -0.144439
0.425 0.025 0.0159527 1.01651 -0.0944395
0.475 0.025 0.137204 0.982922 -0.0444396
0.525 0.025 0.946599 1.01397 0.00556041
0.575 0.025 1.01651 0.199089 0.0555604
0.625 0.025 1.01651 0 0.10556
0.675 0.025 1.01651 0 0.155561
0.725 0.025 1.01651 0 0.205563
0.775 0.025 1.0165 0 0.255571
0.825 0.025 0.982912 0 0.305599
0.875 0.025 1.01651 0 0.355678
0.925 0.025 1.01591 0 0.405859
0.975 0.025 1.04698 0 0.456216

0.025 0.075 0 1.00189 -0.475
0.075 0.075 0 1.00061 -0.441029
0.125 0.075 0 1.00884 -0.393376
0.175 0.075 0 1.01201 -0.344016
0.225 0.075 0 1.01338 -0.294293
0.275 0.075 0 1.01386 -0.244385
0.325 0.075 0 1.01399 -0.194409
0.375 0.075 0 1.01402 -0.144414
0.425 0.075 0.0159112 1.01402 -0.0944146
0.475 0.075 0.137413 0.980399 -0.0444146
0.525 0.075 0.949614 0.991752 0.00558538
0.575 0.075 1.01402 0.199089 0.0555854
0.625 0.075 1.01402 0 0.105585
0.675 0.075 1.01402 0 0.155586
0.725 0.075 1.01402 0 0.205588
0.775 0.075 1.014 0 0.255596
0.825 0.075 0.980319 0 0.305624
0.875 0.075 1.01379 0 0.355704
0.925 0.075 1.01292 0 0.405885
0.975 0.075 1.04372 0 0.456243

0.025 0.125 0 0.998974 -0.475
0.075 0.125 0 0.998484 -0.441005
0.125 0.125 0 1.00629 -0.393348
0.175 0.125 0 1.00934 -0.343988
0.225 0.125 0 1.01065 -0.294265
0.275 0.125 0 1.0111 -0.244358
0.325 0.125 0 1.01122 -0.194382
0.375 0.125 0 1.01124 -0.144386
0.425 0.125 0.0158645 1.01125 -0.0943868
0.475 0.125 0.137608 0.977587 -0.0443869
0.525 0.125 0.952976 0.968556 0.00561311
0.575 0.125 1.01124 0.199089 0.0556131
0.625 0.125 1.01124 0 0.105613
0.675 0.125 1.01124 0 0.155613
0.725 0.125 1.01123 0 0.205615
0.775 0.125 1.0112 0 0.255624
0.825 0.125 1.01082 0 0.305652
0.875 0.125 0.976953 0 0.355732
0.925 0.125 1.00959 0 0.405914
0.975 0.125 1.04013 0 0.456273

0.025 0.175 0 0.995766 -0.475
0.075 0.175 0 0.996136 -0.440977
0.125 0.175 0 1.00346 -0.393318
0.175 0.175 0 1.00636 -0.343958
0.225 0.175 0 1.00759 -0.294234
0.275 0.175 0 1.00802 -0.244327
0.325 0.175 0 1.00813 -0.194351
0.375 0.175 0 1.00815 -0.144355
0.425 0.175 0.0166458 1.00815 -0.0943559
0.475 0.175 0.136654 0.974448 -0.0443559
0.525 0.175 0.956719 0.944407 0.00564408
0.575 0.175 1.00815 0.199089 0.0556441
0.625 0.175 1.00815 0 0.105644
0.675 0.175 1.00815 0 0.155644
0.725 0.175 1.00814 0 0.205646
0.775 0.175 1.00809 0 0.255655
0.825 0.175 1.00786 0 0.305683
0.875 0.175 1.00691 0 0.355763
0.925 0.175 1.00535 0 0.405946
0.975 0.175 1.00043 0 0.456305

0.025 0.225 0 0.992226 -0.475
0.075 0.225 0 0.993568 -0.440947
0.125 0.225 0 1.00027 -0.393283
0.175 0.225 0 1.003 -0.343923
0.225 0.225 0 1.00416 -0.2942
0.275 0.225 0 1.00455 -0.244292
0.325 0.225 0 1.00465 -0.194316
0.375 0.225 0 1.00467 -0.14432
0.425 0.225 0.0157506 1.00468 -0.0943211
0.475 0.225 0.137967 0.97092 -0.0443211
0.525 0.225 0.960894 0.919196 0.00567887
0.575 0.225 1.00468 0.199089 0.0556789
0.625 0.225 1.00468 0 0.105679
0.675 0.225 1.00467 0 0.155679
0.725 0.225 1.00466 0 0.205681
0.775 0.225 1.00458 0 0.255689
0.825 0.225 1.0043 0 0.305718
0.875 0.225 1.00344 0 0.355798
0.925 0.225 1.00134 0 0.405981
0.975 0.225 0.99617 0 0.456341

0.025 0.275 0 0.988298 -0.475
0.075 0.275 0 0.990601 -0.440914
0.125 0.275 0 0.996727 -0.393244
0.175 0.275 0 0.999238 -0.343884
0.225 0.275 0 1.00028 -0.29416
0.275 0.275 0 1.00063 -0.244253
0.325 0.275 0 1.00072 -0.194277
0.375 0.275 0 1.00074 -0.144281
0.425 0.275 0.0156802 1.00074 -0.0942817
0.475 0.275 0.138133 0.966926 -0.0442817
0.525 0.275 0.965613 0.89286 0.00571826
0.575 0.275 1.00074 0.199089 0.0557183
0.625 0.275 1.00074 0 0.105718
0.675 0.275 1.00074 0 0.155719
0.725 0.275 1.00072 0 0.20572
0.775 0.275 1.00062 0 0.255729
0.825 0.275 1.00026 0 0.305758
0.875 0.275 0.999242 0 0.355838
0.925 0.275 0.996841 0 0.406021
0.975 0.275 0.991444 0 0.45638

0.025 0.325 0 0.98391 -0.475
0.075 0.325 0 0.987392 -0.440875
0.125 0.325 0 0.992628 -0.3932
0.175 0.325 0 0.994904 -0.34384
0.225 0.325 0 0.995839 -0.294115
0.275 0.325 0 0.996148 -0.244208
0.325 0.325 0 0.996228 -0.194232
0.375 0.325 0 0.996243 -0.144236
0.425 0.325 0.0155977 0.996245 -0.0942367
0.475 0.325 0.138296 0.962362 -0.0442368
0.525 0.325 0.970966 0.865326 0.00576322
0.575 0.325 0.996249 0.199089 0.0557632
0.625 0.325 0.996249 0 0.105763
0.675 0.325 0.996245 0 0.155764
0.725 0.325 0.996219 0 0.205765
0.775 0.325 0.996097 0 0.255774
0.825 0.325 0.995669 0 0.305803
0.875 0.325 0.994471 0 0.355883
0.925 0.325 0.991756 0 0.406066
0.975 0.325 0.986163 0 0.456424

0.025 0.375 0 0.959393 -0.475
0.075 0.375 0 0.961599 -0.440645
0.125 0.375 0 0.964681 -0.392921
0.175 0.375 0 0.965991 -0.343551
0.225 0.375 0 0.966523 -0.293822
0.275 0.375 0 0.966694 -0.243913
0.325 0.375 0 0.966737 -0.193936
0.375 0.375 0 0.966745 -0.143941
0.425 0.375 0.0155962 0.966746 -0.0939415
0.475 0.375 0.138301 0.934263 -0.0439416
0.525 0.375 0.952797 0.836198 0.00605844
0.575 0.375 0.966777 0.199089 0.0560584
0.625 0.375 0.966777 0 0.106058
0.675 0.375 0.966774 0 0.156059
0.725 0.375 0.966758 0 0.20606
0.775 0.375 0.966681 0 0.256068
0.825 0.375 0.966412 0 0.306095
0.875 0.375 0.965667 0 0.356169
0.925 0.375 0.963993 0 0.406338
0.975 0.375 0.960636 0 0.456671

0.025 0.425 0 0.927456 -0.475
0.075 0.425 0 0.927523 -0.440341
0.125 0.425 0 0.927555 -0.392551
0.175 0.425 0 0.927566 -0.343167
0.225 0.425 0 0.92757 -0.293433
0.275 0.425 0 0.927572 -0.243521
0.325 0.425 0 0.927572 -0.193544
0.375 0.425 0 0.927572 -0.143548
0.425 0.425 0.0156356 0.92757 -0.093549
0.475 0.425 0.138239 0.927728 -0.0435491
0.525 0.425 0.92644 0.780326 0.00645095
0.575 0.425 0.927571 0.118635 0.0564509
0.625 0.425 0.927571 0 0.106451
0.675 0.425 0.927571 0 0.156451
0.725 0.425 0.927571 0 0.206453
0.775 0.425 0.927571 0 0.256459
0.825 0.425 0.927569 0 0.306483
0.875 0.425 0.927565 0 0.356547
0.925 0.425 0.927555 0 0.406696
0.975 0.425 0.927535 0 0.456993

0.025 0.475 0 0.893019 -0.475
0.075 0.475 0 0.89053 -0.440012
0.125 0.475 0 0.886992 -0.392147
0.175 0.475 0 0.885471 -0.342748
0.225 0.475 0 0.884833 -0.293007
0.275 0.475 0 0.884675 -0.243093
0.325 0.475 0 0.884605 -0.193115
0.375 0.475 0 0.884592 -0.143119
0.425 0.475 0.0156732 0.884581 -0.0931193
0.475 0.475 0.138178 0.885108 -0.0431193
0.525 0.475 0.89818 0.732324 0.00688066
0.575 0.475 0.884626 0.199089 0.0568807
0.625 0.475 0.884627 0 0.106881
0.675 0.475 0.88463 0 0.156881
0.725 0.475 0.88465 0 0.206882
0.775 0.475 0.884743 0 0.256887
0.825 0.475 0.885067 0 0.306906
0.875 0.475 0.885961 0 0.35696
0.925 0.475 0.887949 0 0.407085
0.975 0.475 0.891847 0 0.45734

0.025 0.525 0 0.855722 -0.475
0.075 0.525 0 0.850159 -0.439651
0.125 0.525 0 0.842417 -0.391703
0.175 0.525 0 0.839082 -0.342286
0.225 0.525 0 0.837727 -0.292536
0.275 0.525 0 0.837291 -0.242619
0.325 0.525 0 0.837183 -0.19264
0.375 0.525 0 0.837157 -0.142644
0.425 0.525 0.0157093 0.837144 -0.0926447
0.475 0.525 0.138119 0.838 -0.0426448
0.525 0.525 0.867677 0.703139 0.00735523
0.575 0.525 0.837206 0.199089 0.0573552
0.625 0.525 0.837207 0 0.107355
0.675 0.525 0.837214 0 0.157355
0.725 0.525 0.83726 0 0.207356
0.775 0.525 0.83747 0 0.25736
0.825 0.525 0.838197 0 0.307374
0.875 0.525 0.840191 0 0.357414
0.925 0.525 0.844603 0 0.40751
0.975 0.525 0.853146 0 0.457715

0.025 0.575 0 0.814978 -0.475
0.075 0.575 0 0.805624 -0.439253
0.125 0.575 0 0.792883 -0.39121
0.175 0.575 0 0.787338 -0.34177
0.225 0.575 0 0.785079 -0.292011
0.275 0.575 0 0.784348 -0.24209
0.325 0.575 0 0.784165 -0.192111
0.375 0.575 0 0.784133 -0.142115
0.425 0.575 0.015744 0.784132 -0.092115
0.475 0.575 0.138059 0.785412 -0.0421151
0.525 0.575 0.83448 0.672904 0.00788495
0.575 0.575 0.784258 0.199089 0.0578849
0.625 0.575 0.784256 0 0.107885
0.675 0.575 0.784265 0 0.157885
0.725 0.575 0.784338 0 0.207885
0.775 0.575 0.784688 0 0.257888
0.825 0.575 0.785914 0 0.307895
0.875 0.575 0.789272 0 0.357918
0.925 0.575 0.796671 0 0.407979
0.975 0.575 0.810777 0 0.458125

0.025 0.625 0 0.77013 -0.475
0.075 0.625 0 0.756162 -0.438809
0.125 0.625 0 0.737319 -0.390654
0.175 0.625 0 0.729128 -0.341188
0.225 0.625 0 0.725705 -0.291417
0.275 0.625 0 0.724854 -0.241493
0.325 0.625 0 0.724484 -0.191512
0.375 0.625 0 0.724435 -0.141515
0.425 0.625 0.0157772 0.72443 -0.0915159
0.475 0.625 0.138 0.726165 -0.041516
0.525 0.625 0.797954 0.641488 0.00848405
0.575 0.625 0.724446 0.199089 0.058484
0.625 0.625 0.724448 0 0.108484
0.675 0.625 0.724467 0 0.158484
0.725 0.625 0.724587 0 0.208484
0.775 0.625 0.725131 0 0.258484
0.825 0.625 0.72701 0 0.308483
0.875 0.625 0.732108 0 0.358486
0.925 0.625 0.743228 0 0.408503
0.975 0.625 0.764156 0 0.458577

0.025 0.675 0 0.71985 -0.475
0.075 0.675 0 0.699893 -0.438305
0.125 0.675 0 0.673589 -0.39002
0.175 0.675 0 0.662025 -0.340521
0.225 0.675 0 0.657328 -0.290735
0.275 0.675 0 0.655829 -0.240805
0.325 0.675 0 0.655456 -0.190823
0.375 0.675 0 0.655387 -0.140826
0.425 0.675 0.0158092 0.655379 -0.0908269
0.475 0.675 0.13794 0.657685 -0.0408269
0.525 0.675 0.757164 0.60874 0.00917306
0.575 0.675 0.655481 0.199089 0.0591731
0.625 0.675 0.655488 0 0.109173
0.675 0.675 0.65552 0 0.159173
0.725 0.675 0.655698 0 0.209172
0.775 0.675 0.656493 0 0.259169
0.825 0.675 0.659221 0 0.309159
0.875 0.675 0.666584 0 0.359134
0.925 0.675 0.682521 0 0.409097
0.975 0.675 0.711866 0 0.459081

0.025 0.725 0 0.662964 -0.475
0.075 0.725 0 0.635388 -0.437723
0.125 0.725 0 0.59964 -0.389279
0.175 0.725 0 0.583846 -0.339738
0.225 0.725 0 0.577444 -0.289933
0.275 0.725 0 0.575408 -0.239997
0.325 0.725 0 0.574914 -0.190013
0.375 0.725 0 0.574825 -0.140016
0.425 0.725 0.0158399 0.574815 -0.0900169
0.475 0.725 0.137877 0.577315 -0.0400169
0.525 0.725 0.710617 0.577553 0.00998311
0.575 0.725 0.574815 0.191248 0.0599831
0.625 0.725 0.574819 0 0.109983
0.675 0.725 0.574858 0 0.159983
0.725 0.725 0.575107 0 0.209981
0.775 0.725 0.576231 0 0.259974
0.825 0.725 0.580086 0 0.30995
0.875 0.725 0.590429 0 0.359891
0.925 0.725 0.612595 0 0.409783
0.975 0.725 0.652628 0 0.459655

0.025 0.775 0 0.596228 -0.475
0.075 0.775 0 0.558412 -0.437031
0.125 0.775 0 0.51016 -0.388389
0.175 0.775 0 0.488779 -0.338791
0.225 0.775 0 0.480139 -0.288962
0.275 0.775 0 0.477413 -0.239018
0.325 0.775 0 0.476759 -0.189032
0.375 0.775 0 0.476647 -0.139035
0.425 0.775 0.015869 0.476631 -0.0890353
0.475 0.775 0.137808 0.48036 -0.0390353
0.525 0.775 0.655665 0.539781 0.0109647
0.575 0.775 0.476597 0.199089 0.0609647
0.625 0.775 0.476599 0 0.110965
0.675 0.775 0.476651 0 0.160964
0.725 0.775 0.477 0 0.210961
0.775 0.775 0.478588 0 0.260949
0.825 0.775 0.484022 0 0.310907
0.875 0.775 0.4985 0 0.360801
0.925 0.775 0.52917 0 0.410599
0.975 0.775 0.58324 0 0.460325

0.025 0.825 0 0.515128 -0.475
0.075 0.825 0 0.462765 -0.436171
0.125 0.825 0 0.398508 -0.387271
0.175 0.825 0 0.369561 -0.337596
0.225 0.825 0 0.357867 -0.287734
0.275 0.825 0 0.354187 -0.237779
0.325 0.825 0 0.353303 -0.18779
0.375 0.825 0 0.353145 -0.137792
0.425 0.825 0.015896 0.353117 -0.0877919
0.475 0.825 0.137722 0.357962 -0.0377919
0.525 0.825 0.586896 0.504397 0.0122081
0.575 0.825 0.353102 0.199089 0.0622081
0.625 0.825 0.353111 0 0.112208
0.675 0.825 0.353193 0 0.162207
0.725 0.825 0.353704 0 0.212203
0.775 0.825 0.355989 0 0.262183
0.825 0.825 0.363741 0 0.312116
0.875 0.825 0.384183 0 0.361944
0.925 0.825 0.426745 0 0.411613
0.975 0.825 0.498818 0 0.461143

0.025 0.875 0 0.40653 -0.475
0.075 0.875 0 0.332779 -0.435014
0.125 0.875 0 0.245393 -0.385757
0.175 0.875 0 0.205976 -0.335973
0.225 0.875 0 0.190163 -0.286063
0.275 0.875 0 0.185219 -0.236092
0.325 0.875 0 0.184019 -0.186099
0.375 0.875 0 0.183771 -0.1361
0.425 0.875 0.0166459 0.183649 -0.0861005
0.475 0.875 0.136583 0.190016 -0.0361005
0.525 0.875 0.48983 0.470466 0.0138995
0.575 0.875 0.184359 0.199089 0.0638995
0.625 0.875 0.184326 0 0.113899
0.675 0.875 0.18439 0 0.163898
0.725 0.875 0.185062 0 0.213891
0.775 0.875 0.18831 0 0.26386
0.825 0.875 0.199419 0 0.313757
0.875 0.875 0.228578 0 0.363492
0.925 0.875 0.288464 0 0.412977
0.975 0.875 0.387462 0 0.462234

0.025 0.925 0 0.387091 -0.475
0.075 0.925 0 0.259358 -0.434145
0.125 0.925 0 0.0767172 -0.383962
0.175 0.925 0 -0.0157307 -0.333659
0.225 0.925 0 -0.0536986 -0.28352
0.275 0.925 0 -0.0651308 -0.233476
0.325 0.925 0 -0.0673538 -0.183466
0.375 0.925 0 -0.0671568 -0.133465
0.425 0.925 0.0166459 -0.0660156 -0.0834646
0.475 0.925 0.136862 -0.0573086 -0.0334646
0.525 0.925 0.535742 0.447462 0.0165354
0.575 0.925 -0.0696884 0.199089 0.0665353
0.625 0.925 -0.0687057 0 0.116535
0.675 0.925 -0.0673262 0 0.166532
0.725 0.925 -0.0640197 0 0.21651
0.775 0.925 -0.0546544 0 0.266413
0.825 0.925 -0.0250098 0 0.316095
0.875 0.925 0.0468617 0 0.365327
0.925 0.925 0.176968 0 0.414001
0.975 0.925 0.355227 0 0.462412

0.025 0.975 0 0.310685 -0.475
0.075 0.975 0 0.0846607 -0.432269
0.125 0.975 0 -0.298921 -0.38002
0.175 0.975 0 -0.527504 -0.328293
0.225 0.975 0 -0.630643 -0.277468
0.275 0.975 0 -0.665103 -0.227201
0.325 0.975 0 -0.675847 -0.177141
0.375 0.975 0 -0.681311 -0.127131
0.425 0.975 0.0166459 -0.689178 -0.07713
0.475 0.975 0.136903 -0.644793 -0.02713
0.525 0.975 0.514467 0.436836 0.02287
0.575 0.975 -0.672475 0.199089 0.07287
0.625 0.975 -0.678198 0 0.122869
0.675 0.975 -0.683251 0 0.172858
0.725 0.975 -0.682938 0 0.222787
0.775 0.975 -0.651902 0 0.272476
0.825 0.975 -0.554368 0 0.321491
0.875 0.975 -0.348427 0 0.369328
0.925 0.975 -0.0512637 0 0.416185
0.975 0.975 0.264384 0 0.463183

