0.0078125 0.0078125 0
0.0234375 0.0078125 0
0.0390625 0.0078125 0
0.0546875 0.0078125 0
0.0703125 0.0078125 0
0.0859375 0.0078125 0
0.101562 0.0078125 0
0.117188 0.0078125 0
0.132812 0.0078125 0
0.148438 0.0078125 0
0.164062 0.0078125 0
0.179688 0.0078125 0
0.195312 0.0078125 0
0.210938 0.0078125 0
0.226562 0.0078125 0
0.242188 0.0078125 5.17376e-06
0.257812 0.0078125 9.1298e-05
0.273438 0.0078125 0.000765577
0.289062 0.0078125 0.00405597
0.304688 0.0078125 0.0152861
0.320312 0.0078125 0.0440831
0.335938 0.0078125 0.102679
0.351562 0.0078125 0.204095
0.367188 0.0078125 0.357267
0.382812 0.0078125 0.566707
0.398438 0.0078125 0.753793
0.414062 0.0078125 0.92503
0.429688 0.0078125 0.944149
0.445312 0.0078125 0.933715
0.460938 0.0078125 0.929238
0.476562 0.0078125 0.924869
0.492188 0.0078125 0.897015
0.507812 0.0078125 0.753249
0.523438 0.0078125 0.201831
0.539062 0.0078125 0.00328407
0.554688 0.0078125 2.08459e-05
0.570312 0.0078125 7.84785e-08
0.585938 0.0078125 0
0.601562 0.0078125 0
0.617188 0.0078125 0
0.632812 0.0078125 0
0.648438 0.0078125 0
0.664062 0.0078125 0
0.679688 0.0078125 0
0.695312 0.0078125 0
0.710938 0.0078125 0
0.726562 0.0078125 0
0.742188 0.0078125 0
0.757812 0.0078125 0
0.773438 0.0078125 0
0.789062 0.0078125 0
0.804688 0.0078125 0
0.820312 0.0078125 0
0.835938 0.0078125 0
0.851562 0.0078125 0
0.867188 0.0078125 0
0.882812 0.0078125 0
0.898438 0.0078125 0
0.914062 0.0078125 0
0.929688 0.0078125 0
0.945312 0.0078125 0
0.960938 0.0078125 0
0.976562 0.0078125 0
0.992188 0.0078125 0

0.0078125 0.0234375 0
0.0234375 0.0234375 0
0.0390625 0.0234375 0
0.0546875 0.0234375 0
0.0703125 0.0234375 0
0.0859375 0.0234375 0
0.101562 0.0234375 0
0.117188 0.0234375 0
0.132812 0.0234375 0
0.148438 0.0234375 0
0.164062 0.0234375 0
0.179688 0.0234375 0
0.195312 0.0234375 0
0.210938 0.0234375 0
0.226562 0.0234375 0
0.242188 0.0234375 5.17376e-06
0.257812 0.0234375 9.1298e-05
0.273438 0.0234375 0.000765577
0.289062 0.0234375 0.00405597
0.304688 0.0234375 0.0152861
0.320312 0.0234375 0.0440831
0.335938 0.0234375 0.102679
0.351562 0.0234375 0.204095
0.367188 0.0234375 0.357267
0.382812 0.0234375 0.566707
0.398438 0.0234375 0.753793
0.414062 0.0234375 0.92503
0.429688 0.0234375 0.944149
0.445312 0.0234375 0.933715
0.460938 0.0234375 0.929238
0.476562 0.0234375 0.924869
0.492188 0.0234375 0.897015
0.507812 0.0234375 0.753249
0.523438 0.0234375 0.201831
0.539062 0.0234375 0.00328407
0.554688 0.0234375 2.08459e-05
0.570312 0.0234375 7.84785e-08
0.585938 0.0234375 0
0.601562 0.0234375 0
0.617188 0.0234375 0
0.632812 0.0234375 0
0.648438 0.0234375 0
0.664062 0.0234375 0
0.679688 0.0234375 0
0.695312 0.0234375 0
0.710938 0.0234375 0
0.726562 0.0234375 0
0.742188 0.0234375 0
0.757812 0.0234375 0
0.773438 0.0234375 0
0.789062 0.0234375 0
0.804688 0.0234375 0
0.820312 0.0234375 0
0.835938 0.0234375 0
0.851562 0.0234375 0
0.867188 0.0234375 0
0.882812 0.0234375 0
0.898438 0.0234375 0
0.914062 0.0234375 0
0.929688 0.0234375 0
0.945312 0.0234375 0
0.960938 0.0234375 0
0.976562 0.0234375 0
0.992188 0.0234375 0

0.0078125 0.0390625 0
0.0234375 0.0390625 0
0.0390625 0.0390625 0
0.0546875 0.0390625 0
0.0703125 0.0390625 0
0.0859375 0.0390625 0
0.101562 0.0390625 0
0.117188 0.0390625 0
0.132812 0.0390625 0
0.148438 0.0390625 0
0.164062 0.0390625 0
0.179688 0.0390625 0
0.195312 0.0390625 0
0.210938 0.0390625 0
0.226562 0.0390625 0
0.242188 0.0390625 5.17376e-06
0.257812 0.0390625 9.1298e-05
0.273438 0.0390625 0.000765577
0.289062 0.0390625 0.00405597
0.304688 0.0390625 0.0152861
0.320312 0.0390625 0.0440831
0.335938 0.0390625 0.102679
0.351562 0.0390625 0.204095
0.367188 0.0390625 0.357267
0.382812 0.0390625 0.566707
0.398438 0.0390625 0.753793
0.414062 0.0390625 0.92503
0.429688 0.0390625 0.944149
0.445312 0.0390625 0.933715
0.460938 0.0390625 0.929238
0.476562 0.0390625 0.924869
0.492188 0.0390625 0.897015
0.507812 0.0390625 0.753249
0.523438 0.0390625 0.201831
0.539062 0.0390625 0.00328407
0.554688 0.0390625 2.08459e-05
0.570312 0.0390625 7.84785e-08
0.585938 0.0390625 0
0.601562 0.0390625 0
0.617188 0.0390625 0
0.632812 0.0390625 0
0.648438 0.0390625 0
0.664062 0.0390625 0
0.679688 0.0390625 0
0.695312 0.0390625 0
0.710938 0.0390625 0
0.726562 0.0390625 0
0.742188 0.0390625 0
0.757812 0.0390625 0
0.773438 0.0390625 0
0.789062 0.0390625 0
0.804688 0.0390625 0
0.820312 0.0390625 0
0.835938 0.0390625 0
0.851562 0.0390625 0
0.867188 0.0390625 0
0.882812 0.0390625 0
0.898438 0.0390625 0
0.914062 0.0390625 0
0.929688 0.0390625 0
0.945312 0.0390625 0
0.960938 0.0390625 0
0.976562 0.0390625 0
0.992188 0.0390625 0

0.0078125 0.0546875 0
0.0234375 0.0546875 0
0.0390625 0.0546875 0
0.0546875 0.0546875 0
0.0703125 0.0546875 0
0.0859375 0.0546875 0
0.101562 0.0546875 0
0.117188 0.0546875 0
0.132812 0.0546875 0
0.148438 0.0546875 0
0.164062 0.0546875 0
0.179688 0.0546875 0
0.195312 0.0546875 0
0.210938 0.0546875 0
0.226562 0.0546875 0
0.242188 0.0546875 5.17376e-06
0.257812 0.0546875 9.1298e-05
0.273438 0.0546875 0.000765577
0.289062 0.0546875 0.00405597
0.304688 0.0546875 0.0152861
0.320312 0.0546875 0.0440831
0.335938 0.0546875 0.102679
0.351562 0.0546875 0.204095
0.367188 0.0546875 0.357267
0.382812 0.0546875 0.566707
0.398438 0.0546875 0.753793
0.414062 0.0546875 0.92503
0.429688 0.0546875 0.944149
0.445312 0.0546875 0.933715
0.460938 0.0546875 0.929238
0.476562 0.0546875 0.924869
0.492188 0.0546875 0.897015
0.507812 0.0546875 0.753249
0.523438 0.0546875 0.201831
0.539062 0.0546875 0.00328407
0.554688 0.0546875 2.08459e-05
0.570312 0.0546875 7.84785e-08
0.585938 0.0546875 0
0.601562 0.0546875 0
0.617188 0.0546875 0
0.632812 0.0546875 0
0.648438 0.0546875 0
0.664062 0.0546875 0
0.679688 0.0546875 0
0.695312 0.0546875 0
0.710938 0.0546875 0
0.726562 0.0546875 0
0.742188 0.0546875 0
0.757812 0.0546875 0
0.773438 0.0546875 0
0.789062 0.0546875 0
0.804688 0.0546875 0
0.820312 0.0546875 0
0.835938 0.0546875 0
0.851562 0.0546875 0
0.867188 0.0546875 0
0.882812 0.0546875 0
0.898438 0.0546875 0
0.914062 0.0546875 0
0.929688 0.0546875 0
0.945312 0.0546875 0
0.960938 0.0546875 0
0.976562 0.0546875 0
0.992188 0.0546875 0

0.0078125 0.0703125 0
0.0234375 0.0703125 0
0.0390625 0.0703125 0
0.0546875 0.0703125 0
0.0703125 0.0703125 0
0.0859375 0.0703125 0
0.101562 0.0703125 0
0.117188 0.0703125 0
0.132812 0.0703125 0
0.148438 0.0703125 0
0.164062 0.0703125 0
0.179688 0.0703125 0
0.195312 0.0703125 0
0.210938 0.0703125 0
0.226562 0.0703125 0
0.242188 0.0703125 5.17376e-06
0.257812 0.0703125 9.1298e-05
0.273438 0.0703125 0.000765577
0.289062 0.0703125 0.00405597
0.304688 0.0703125 0.0152861
0.320312 0.0703125 0.0440831
0.335938 0.0703125 0.102679
0.351562 0.0703125 0.204095
0.367188 0.0703125 0.357267
0.382812 0.0703125 0.566707
0.398438 0.0703125 0.753793
0.414062 0.0703125 0.92503
0.429688 0.0703125 0.944149
0.445312 0.0703125 0.933715
0.460938 0.0703125 0.929238
0.476562 0.0703125 0.924869
0.492188 0.0703125 0.897015
0.507812 0.0703125 0.753249
0.523438 0.0703125 0.201831
0.539062 0.0703125 0.00328407
0.554688 0.0703125 2.08459e-05
0.570312 0.0703125 7.84785e-08
0.585938 0.0703125 0
0.601562 0.0703125 0
0.617188 0.0703125 0
0.632812 0.0703125 0
0.648438 0.0703125 0
0.664062 0.0703125 0
0.679688 0.0703125 0
0.695312 0.0703125 0
0.710938 0.0703125 0
0.726562 0.0703125 0
0.742188 0.0703125 0
0.757812 0.0703125 0
0.773438 0.0703125 0
0.789062 0.0703125 0
0.804688 0.0703125 0
0.820312 0.0703125 0
0.835938 0.0703125 0
0.851562 0.0703125 0
0.867188 0.0703125 0
0.882812 0.0703125 0
0.898438 0.0703125 0
0.914062 0.0703125 0
0.929688 0.0703125 0
0.945312 0.0703125 0
0.960938 0.0703125 0
0.976562 0.0703125 0
0.992188 0.0703125 0

0.0078125 0.0859375 0
0.0234375 0.0859375 0
0.0390625 0.0859375 0
0.0546875 0.0859375 0
0.0703125 0.0859375 0
0.0859375 0.0859375 0
0.101562 0.0859375 0
0.117188 0.0859375 0
0.132812 0.0859375 0
0.148438 0.0859375 0
0.164062 0.0859375 0
0.179688 0.0859375 0
0.195312 0.0859375 0
0.210938 0.0859375 0
0.226562 0.0859375 0
0.242188 0.0859375 5.17376e-06
0.257812 0.0859375 9.1298e-05
0.273438 0.0859375 0.000765577
0.289062 0.0859375 0.00405597
0.304688 0.0859375 0.0152861
0.320312 0.0859375 0.0440831
0.335938 0.0859375 0.102679
0.351562 0.0859375 0.204095
0.367188 0.0859375 0.357267
0.382812 0.0859375 0.566707
0.398438 0.0859375 0.753793
0.414062 0.0859375 0.92503
0.429688 0.0859375 0.944149
0.445312 0.0859375 0.933715
0.460938 0.0859375 0.929238
0.476562 0.0859375 0.924869
0.492188 0.0859375 0.897015
0.507812 0.0859375 0.753249
0.523438 0.0859375 0.201831
0.539062 0.0859375 0.00328407
0.554688 0.0859375 2.08459e-05
0.570312 0.0859375 7.84785e-08
0.585938 0.0859375 0
0.601562 0.0859375 0
0.617188 0.0859375 0
0.632812 0.0859375 0
0.648438 0.0859375 0
0.664062 0.0859375 0
0.679688 0.0859375 0
0.695312 0.0859375 0
0.710938 0.0859375 0
0.726562 0.0859375 0
0.742188 0.0859375 0
0.757812 0.0859375 0
0.773438 0.0859375 0
0.789062 0.0859375 0
0.804688 0.0859375 0
0.820312 0.0859375 0
0.835938 0.0859375 0
0.851562 0.0859375 0
0.867188 0.0859375 0
0.882812 0.0859375 0
0.898438 0.0859375 0
0.914062 0.0859375 0
0.929688 0.0859375 0
0.945312 0.0859375 0
0.960938 0.0859375 0
0.976562 0.0859375 0
0.992188 0.0859375 0

0.0078125 0.101562 0
0.0234375 0.101562 0
0.0390625 0.101562 0
0.0546875 0.101562 0
0.0703125 0.101562 0
0.0859375 0.101562 0
0.101562 0.101562 0
0.117188 0.101562 0
0.132812 0.101562 0
0.148438 0.101562 0
0.164062 0.101562 0
0.179688 0.101562 0
0.195312 0.101562 0
0.210938 0.101562 0
0.226562 0.101562 0
0.242188 0.101562 5.17376e-06
0.257812 0.101562 9.1298e-05
0.273438 0.101562 0.000765577
0.289062 0.101562 0.00405597
0.304688 0.101562 0.0152861
0.320312 0.101562 0.0440831
0.335938 0.101562 0.102679
0.351562 0.101562 0.204095
0.367188 0.101562 0.357267
0.382812 0.101562 0.566707
0.398438 0.101562 0.753793
0.414062 0.101562 0.92503
0.429688 0.101562 0.944149
0.445312 0.101562 0.933715
0.460938 0.101562 0.929238
0.476562 0.101562 0.924869
0.492188 0.101562 0.897015
0.507812 0.101562 0.753249
0.523438 0.101562 0.201831
0.539062 0.101562 0.00328407
0.554688 0.101562 2.08459e-05
0.570312 0.101562 7.84785e-08
0.585938 0.101562 0
0.601562 0.101562 0
0.617188 0.101562 0
0.632812 0.101562 0
0.648438 0.101562 0
0.664062 0.101562 0
0.679688 0.101562 0
0.695312 0.101562 0
0.710938 0.101562 0
0.726562 0.101562 0
0.742188 0.101562 0
0.757812 0.101562 0
0.773438 0.101562 0
0.789062 0.101562 0
0.804688 0.101562 0
0.820312 0.101562 0
0.835938 0.101562 0
0.851562 0.101562 0
0.867188 0.101562 0
0.882812 0.101562 0
0.898438 0.101562 0
0.914062 0.101562 0
0.929688 0.101562 0
0.945312 0.101562 0
0.960938 0.101562 0
0.976562 0.101562 0
0.992188 0.101562 0

0.0078125 0.117188 0
0.0234375 0.117188 0
0.0390625 0.117188 0
0.0546875 0.117188 0
0.0703125 0.117188 0
0.0859375 0.117188 0
0.101562 0.117188 0
0.117188 0.117188 0
0.132812 0.117188 0
0.148438 0.117188 0
0.164062 0.117188 0
0.179688 0.117188 0
0.195312 0.117188 0
0.210938 0.117188 0
0.226562 0.117188 0
0.242188 0.117188 5.17376e-06
0.257812 0.117188 9.1298e-05
0.273438 0.117188 0.000765577
0.289062 0.117188 0.00405597
0.304688 0.117188 0.0152861
0.320312 0.117188 0.0440831
0.335938 0.117188 0.102679
0.351562 0.117188 0.204095
0.367188 0.117188 0.357267
0.382812 0.117188 0.566707
0.398438 0.117188 0.753793
0.414062 0.117188 0.92503
0.429688 0.117188 0.944149
0.445312 0.117188 0.933715
0.460938 0.117188 0.929238
0.476562 0.117188 0.924869
0.492188 0.117188 0.897015
0.507812 0.117188 0.753249
0.523438 0.117188 0.201831
0.539062 0.117188 0.00328407
0.554688 0.117188 2.08459e-05
0.570312 0.117188 7.84785e-08
0.585938 0.117188 0
0.601562 0.117188 0
0.617188 0.117188 0
0.632812 0.117188 0
0.648438 0.117188 0
0.664062 0.117188 0
0.679688 0.117188 0
0.695312 0.117188 0
0.710938 0.117188 0
0.726562 0.117188 0
0.742188 0.117188 0
0.757812 0.117188 0
0.773438 0.117188 0
0.789062 0.117188 0
0.804688 0.117188 0
0.820312 0.117188 0
0.835938 0.117188 0
0.851562 0.117188 0
0.867188 0.117188 0
0.882812 0.117188 0
0.898438 0.117188 0
0.914062 0.117188 0
0.929688 0.117188 0
0.945312 0.117188 0
0.960938 0.117188 0
0.976562 0.117188 0
0.992188 0.117188 0

0.0078125 0.132812 0
0.0234375 0.132812 0
0.0390625 0.132812 0
0.0546875 0.132812 0
0.0703125 0.132812 0
0.0859375 0.132812 0
0.101562 0.132812 0
0.117188 0.132812 0
0.132812 0.132812 0
0.148438 0.132812 0
0.164062 0.132812 0
0.179688 0.132812 0
0.195312 0.132812 0
0.210938 0.132812 0
0.226562 0.132812 0
0.242188 0.132812 5.17376e-06
0.257812 0.132812 9.1298e-05
0.273438 0.132812 0.000765577
0.289062 0.132812 0.00405597
0.304688 0.132812 0.0152861
0.320312 0.132812 0.0440831
0.335938 0.132812 0.102679
0.351562 0.132812 0.204095
0.367188 0.132812 0.357267
0.382812 0.132812 0.566707
0.398438 0.132812 0.753793
0.414062 0.132812 0.92503
0.429688 0.132812 0.944149
0.445312 0.132812 0.933715
0.460938 0.132812 0.929238
0.476562 0.132812 0.924869
0.492188 0.132812 0.897015
0.507812 0.132812 0.753249
0.523438 0.132812 0.201831
0.539062 0.132812 0.00328407
0.554688 0.132812 2.08459e-05
0.570312 0.132812 7.84785e-08
0.585938 0.132812 0
0.601562 0.132812 0
0.617188 0.132812 0
0.632812 0.132812 0
0.648438 0.132812 0
0.664062 0.132812 0
0.679688 0.132812 0
0.695312 0.132812 0
0.710938 0.132812 0
0.726562 0.132812 0
0.742188 0.132812 0
0.757812 0.132812 0
0.773438 0.132812 0
0.789062 0.132812 0
0.804688 0.132812 0
0.820312 0.132812 0
0.835938 0.132812 0
0.851562 0.132812 0
0.867188 0.132812 0
0.882812 0.132812 0
0.898438 0.132812 0
0.914062 0.132812 0
0.929688 0.132812 0
0.945312 0.132812 0
0.960938 0.132812 0
0.976562 0.132812 0
0.992188 0.132812 0

0.0078125 0.148438 0
0.0234375 0.148438 0
0.0390625 0.148438 0
0.0546875 0.148438 0
0.0703125 0.148438 0
0.0859375 0.148438 0
0.101562 0.148438 0
0.117188 0.148438 0
0.132812 0.148438 0
0.148438 0.148438 0
0.164062 0.148438 0
0.179688 0.148438 0
0.195312 0.148438 0
0.210938 0.148438 0
0.226562 0.148438 0
0.242188 0.148438 5.17376e-06
0.257812 0.148438 9.1298e-05
0.273438 0.148438 0.000765577
0.289062 0.148438 0.00405597
0.304688 0.148438 0.0152861
0.320312 0.148438 0.0440831
0.335938 0.148438 0.102679
0.351562 0.148438 0.204095
0.367188 0.148438 0.357267
0.382812 0.148438 0.566707
0.398438 0.148438 0.753793
0.414062 0.148438 0.92503
0.429688 0.148438 0.944149
0.445312 0.148438 0.933715
0.460938 0.148438 0.929238
0.476562 0.148438 0.924869
0.492188 0.148438 0.897015
0.507812 0.148438 0.753249
0.523438 0.148438 0.201831
0.539062 0.148438 0.00328407
0.554688 0.148438 2.08459e-05
0.570312 0.148438 7.84785e-08
0.585938 0.148438 0
0.601562 0.148438 0
0.617188 0.148438 0
0.632812 0.148438 0
0.648438 0.148438 0
0.664062 0.148438 0
0.679688 0.148438 0
0.695312 0.148438 0
0.710938 0.148438 0
0.726562 0.148438 0
0.742188 0.148438 0
0.757812 0.148438 0
0.773438 0.148438 0
0.789062 0.148438 0
0.804688 0.148438 0
0.820312 0.148438 0
0.835938 0.148438 0
0.851562 0.148438 0
0.867188 0.148438 0
0.882812 0.148438 0
0.898438 0.148438 0
0.914062 0.148438 0
0.929688 0.148438 0
0.945312 0.148438 0
0.960938 0.148438 0
0.976562 0.148438 0
0.992188 0.148438 0

0.0078125 0.164062 0
0.0234375 0.164062 0
0.0390625 0.164062 0
0.0546875 0.164062 0
0.0703125 0.164062 0
0.0859375 0.164062 0
0.101562 0.164062 0
0.117188 0.164062 0
0.132812 0.164062 0
0.148438 0.164062 0
0.164062 0.164062 0
0.179688 0.164062 0
0.195312 0.164062 0
0.210938 0.164062 0
0.226562 0.164062 0
0.242188 0.164062 5.17376e-06
0.257812 0.164062 9.1298e-05
0.273438 0.164062 0.000765577
0.289062 0.164062 0.00405597
0.304688 0.164062 0.0152861
0.320312 0.164062 0.0440831
0.335938 0.164062 0.102679
0.351562 0.164062 0.204095
0.367188 0.164062 0.357267
0.382812 0.164062 0.566707
0.398438 0.164062 0.753793
0.414062 0.164062 0.92503
0.429688 0.164062 0.944149
0.445312 0.164062 0.933715
0.460938 0.164062 0.929238
0.476562 0.164062 0.924869
0.492188 0.164062 0.897015
0.507812 0.164062 0.753249
0.523438 0.164062 0.201831
0.539062 0.164062 0.00328407
0.554688 0.164062 2.08459e-05
0.570312 0.164062 7.84785e-08
0.585938 0.164062 0
0.601562 0.164062 0
0.617188 0.164062 0
0.632812 0.164062 0
0.648438 0.164062 0
0.664062 0.164062 0
0.679688 0.164062 0
0.695312 0.164062 0
0.710938 0.164062 0
0.726562 0.164062 0
0.742188 0.164062 0
0.757812 0.164062 0
0.773438 0.164062 0
0.789062 0.164062 0
0.804688 0.164062 0
0.820312 0.164062 0
0.835938 0.164062 0
0.851562 0.164062 0
0.867188 0.164062 0
0.882812 0.164062 0
0.898438 0.164062 0
0.914062 0.164062 0
0.929688 0.164062 0
0.945312 0.164062 0
0.960938 0.164062 0
0.976562 0.164062 0
0.992188 0.164062 0

0.0078125 0.179688 0
0.0234375 0.179688 0
0.0390625 0.179688 0
0.0546875 0.179688 0
0.0703125 0.179688 0
0.0859375 0.179688 0
0.101562 0.179688 0
0.117188 0.179688 0
0.132812 0.179688 0
0.148438 0.179688 0
0.164062 0.179688 0
0.179688 0.179688 0
0.195312 0.179688 0
0.210938 0.179688 0
0.226562 0.179688 0
0.242188 0.179688 5.17376e-06
0.257812 0.179688 9.1298e-05
0.273438 0.179688 0.000765577
0.289062 0.179688 0.00405597
0.304688 0.179688 0.0152861
0.320312 0.179688 0.0440831
0.335938 0.179688 0.102679
0.351562 0.179688 0.204095
0.367188 0.179688 0.357267
0.382812 0.179688 0.566707
0.398438 0.179688 0.753793
0.414062 0.179688 0.92503
0.429688 0.179688 0.944149
0.445312 0.179688 0.933715
0.460938 0.179688 0.929238
0.476562 0.179688 0.924869
0.492188 0.179688 0.897015
0.507812 0.179688 0.753249
0.523438 0.179688 0.201831
0.539062 0.179688 0.00328407
0.554688 0.179688 2.08459e-05
0.570312 0.179688 7.84785e-08
0.585938 0.179688 0
0.601562 0.179688 0
0.617188 0.179688 0
0.632812 0.179688 0
0.648438 0.179688 0
0.664062 0.179688 0
0.679688 0.179688 0
0.695312 0.179688 0
0.710938 0.179688 0
0.726562 0.179688 0
0.742188 0.179688 0
0.757812 0.179688 0
0.773438 0.179688 0
0.789062 0.179688 0
0.804688 0.179688 0
0.820312 0.179688 0
0.835938 0.179688 0
0.851562 0.179688 0
0.867188 0.179688 0
0.882812 0.179688 0
0.898438 0.179688 0
0.914062 0.179688 0
0.929688 0.179688 0
0.945312 0.179688 0
0.960938 0.179688 0
0.976562 0.179688 0
0.992188 0.179688 0

0.0078125 0.195312 0
0.0234375 0.195312 0
0.0390625 0.195312 0
0.0546875 0.195312 0
0.0703125 0.195312 0
0.0859375 0.195312 0
0.101562 0.195312 0
0.117188 0.195312 0
0.132812 0.195312 0
0.148438 0.195312 0
0.164062 0.195312 0
0.179688 0.195312 0
0.195312 0.195312 0
0.210938 0.195312 0
0.226562 0.195312 0
0.242188 0.195312 5.17376e-06
0.257812 0.195312 9.1298e-05
0.273438 0.195312 0.000765577
0.289062 0.195312 0.00405597
0.304688 0.195312 0.0152861
0.320312 0.195312 0.0440831
0.335938 0.195312 0.102679
0.351562 0.195312 0.204095
0.367188 0.195312 0.357267
0.382812 0.195312 0.566707
0.398438 0.195312 0.753793
0.414062 0.195312 0.92503
0.429688 0.195312 0.944149
0.445312 0.195312 0.933715
0.460938 0.195312 0.929238
0.476562 0.195312 0.924869
0.492188 0.195312 0.897015
0.507812 0.195312 0.753249
0.523438 0.195312 0.201831
0.539062 0.195312 0.00328407
0.554688 0.195312 2.08459e-05
0.570312 0.195312 7.84785e-08
0.585938 0.195312 0
0.601562 0.195312 0
0.617188 0.195312 0
0.632812 0.195312 0
0.648438 0.195312 0
0.664062 0.195312 0
0.679688 0.195312 0
0.695312 0.195312 0
0.710938 0.195312 0
0.726562 0.195312 0
0.742188 0.195312 0
0.757812 0.195312 0
0.773438 0.195312 0
0.789062 0.195312 0
0.804688 0.195312 0
0.820312 0.195312 0
0.835938 0.195312 0
0.851562 0.195312 0
0.867188 0.195312 0
0.882812 0.195312 0
0.898438 0.195312 0
0.914062 0.195312 0
0.929688 0.195312 0
0.945312 0.195312 0
0.960938 0.195312 0
0.976562 0.195312 0
0.992188 0.195312 0

0.0078125 0.210938 0
0.0234375 0.210938 0
0.0390625 0.210938 0
0.0546875 0.210938 0
0.0703125 0.210938 0
0.0859375 0.210938 0
0.101562 0.210938 0
0.117188 0.210938 0
0.132812 0.210938 0
0.148438 0.210938 0
0.164062 0.210938 0
0.179688 0.210938 0
0.195312 0.210938 0
0.210938 0.210938 0
0.226562 0.210938 0
0.242188 0.210938 5.17376e-06
0.257812 0.210938 9.1298e-05
0.273438 0.210938 0.000765577
0.289062 0.210938 0.00405597
0.304688 0.210938 0.0152861
0.320312 0.210938 0.0440831
0.335938 0.210938 0.102679
0.351562 0.210938 0.204095
0.367188 0.210938 0.357267
0.382812 0.210938 0.566707
0.398438 0.210938 0.753793
0.414062 0.210938 0.92503
0.429688 0.210938 0.944149
0.445312 0.210938 0.933715
0.460938 0.210938 0.929238
0.476562 0.210938 0.924869
0.492188 0.210938 0.897015
0.507812 0.210938 0.753249
0.523438 0.210938 0.201831
0.539062 0.210938 0.00328407
0.554688 0.210938 2.08459e-05
0.570312 0.210938 7.84785e-08
0.585938 0.210938 0
0.601562 0.210938 0
0.617188 0.210938 0
0.632812 0.210938 0
0.648438 0.210938 0
0.664062 0.210938 0
0.679688 0.210938 0
0.695312 0.210938 0
0.710938 0.210938 0
0.726562 0.210938 0
0.742188 0.210938 0
0.757812 0.210938 0
0.773438 0.210938 0
0.789062 0.210938 0
0.804688 0.210938 0
0.820312 0.210938 0
0.835938 0.210938 0
0.851562 0.210938 0
0.867188 0.210938 0
0.882812 0.210938 0
0.898438 0.210938 0
0.914062 0.210938 0
0.929688 0.210938 0
0.945312 0.210938 0
0.960938 0.210938 0
0.976562 0.210938 0
0.992188 0.210938 0

0.0078125 0.226562 0
0.0234375 0.226562 0
0.0390625 0.226562 0
0.0546875 0.226562 0
0.0703125 0.226562 0
0.0859375 0.226562 0
0.101562 0.226562 0
0.117188 0.226562 0
0.132812 0.226562 0
0.148438 0.226562 0
0.164062 0.226562 0
0.179688 0.226562 0
0.195312 0.226562 0
0.210938 0.226562 0
0.226562 0.226562 0
0.242188 0.226562 5.17376e-06
0.257812 0.226562 9.1298e-05
0.273438 0.226562 0.000765577
0.289062 0.226562 0.00405597
0.304688 0.226562 0.0152861
0.320312 0.226562 0.0440831
0.335938 0.226562 0.102679
0.351562 0.226562 0.204095
0.367188 0.226562 0.357267
0.382812 0.226562 0.566707
0.398438 0.226562 0.753793
0.414062 0.226562 0.92503
0.429688 0.226562 0.944149
0.445312 0.226562 0.933715
0.460938 0.226562 0.929238
0.476562 0.226562 0.924869
0.492188 0.226562 0.897015
0.507812 0.226562 0.753249
0.523438 0.226562 0.201831
0.539062 0.226562 0.00328407
0.554688 0.226562 2.08459e-05
0.570312 0.226562 7.84785e-08
0.585938 0.226562 0
0.601562 0.226562 0
0.617188 0.226562 0
0.632812 0.226562 0
0.648438 0.226562 0
0.664062 0.226562 0
0.679688 0.226562 0
0.695312 0.226562 0
0.710938 0.226562 0
0.726562 0.226562 0
0.742188 0.226562 0
0.757812 0.226562 0
0.773438 0.226562 0
0.789062 0.226562 0
0.804688 0.226562 0
0.820312 0.226562 0
0.835938 0.226562 0
0.851562 0.226562 0
0.867188 0.226562 0
0.882812 0.226562 0
0.898438 0.226562 0
0.914062 0.226562 0
0.929688 0.226562 0
0.945312 0.226562 0
0.960938 0.226562 0
0.976562 0.226562 0
0.992188 0.226562 0

0.0078125 0.242188 0
0.0234375 0.242188 0
0.0390625 0.242188 0
0.0546875 0.242188 0
0.0703125 0.242188 0
0.0859375 0.242188 0
0.101562 0.242188 0
0.117188 0.242188 0
0.132812 0.242188 0
0.148438 0.242188 0
0.164062 0.242188 0
0.179688 0.242188 0
0.195312 0.242188 0
0.210938 0.242188 0
0.226562 0.242188 0
0.242188 0.242188 5.17376e-06
0.257812 0.242188 9.1298e-05
0.273438 0.242188 0.000765577
0.289062 0.242188 0.00405597
0.304688 0.242188 0.0152861
0.320312 0.242188 0.0440831
0.335938 0.242188 0.102679
0.351562 0.242188 0.204095
0.367188 0.242188 0.357267
0.382812 0.242188 0.566707
0.398438 0.242188 0.753793
0.414062 0.242188 0.92503
0.429688 0.242188 0.944149
0.445312 0.242188 0.933715
0.460938 0.242188 0.929238
0.476562 0.242188 0.924869
0.492188 0.242188 0.897015
0.507812 0.242188 0.753249
0.523438 0.242188 0.201831
0.539062 0.242188 0.00328407
0.554688 0.242188 2.08459e-05
0.570312 0.242188 7.84785e-08
0.585938 0.242188 0
0.601562 0.242188 0
0.617188 0.242188 0
0.632812 0.242188 0
0.648438 0.242188 0
0.664062 0.242188 0
0.679688 0.242188 0
0.695312 0.242188 0
0.710938 0.242188 0
0.726562 0.242188 0
0.742188 0.242188 0
0.757812 0.242188 0
0.773438 0.242188 0
0.789062 0.242188 0
0.804688 0.242188 0
0.820312 0.242188 0
0.835938 0.242188 0
0.851562 0.242188 0
0.867188 0.242188 0
0.882812 0.242188 0
0.898438 0.242188 0
0.914062 0.242188 0
0.929688 0.242188 0
0.945312 0.242188 0
0.960938 0.242188 0
0.976562 0.242188 0
0.992188 0.242188 0

0.0078125 0.257812 0
0.0234375 0.257812 0
0.0390625 0.257812 0
0.0546875 0.257812 0
0.0703125 0.257812 0
0.0859375 0.257812 0
0.101562 0.257812 0
0.117188 0.257812 0
0.132812 0.257812 0
0.148438 0.257812 0
0.164062 0.257812 0
0.179688 0.257812 0
0.195312 0.257812 0
0.210938 0.257812 0
0.226562 0.257812 0
0.242188 0.257812 5.17376e-06
0.257812 0.257812 9.1298e-05
0.273438 0.257812 0.000765577
0.289062 0.257812 0.00405597
0.304688 0.257812 0.0152861
0.320312 0.257812 0.0440831
0.335938 0.257812 0.102679
0.351562 0.257812 0.204095
0.367188 0.257812 0.357267
0.382812 0.257812 0.566707
0.398438 0.257812 0.753793
0.414062 0.257812 0.92503
0.429688 0.257812 0.944149
0.445312 0.257812 0.933715
0.460938 0.257812 0.929238
0.476562 0.257812 0.924869
0.492188 0.257812 0.897015
0.507812 0.257812 0.753249
0.523438 0.257812 0.201831
0.539062 0.257812 0.00328407
0.554688 0.257812 2.08459e-05
0.570312 0.257812 7.84785e-08
0.585938 0.257812 0
0.601562 0.257812 0
0.617188 0.257812 0
0.632812 0.257812 0
0.648438 0.257812 0
0.664062 0.257812 0
0.679688 0.257812 0
0.695312 0.257812 0
0.710938 0.257812 0
0.726562 0.257812 0
0.742188 0.257812 0
0.757812 0.257812 0
0.773438 0.257812 0
0.789062 0.257812 0
0.804688 0.257812 0
0.820312 0.257812 0
0.835938 0.257812 0
0.851562 0.257812 0
0.867188 0.257812 0
0.882812 0.257812 0
0.898438 0.257812 0
0.914062 0.257812 0
0.929688 0.257812 0
0.945312 0.257812 0
0.960938 0.257812 0
0.976562 0.257812 0
0.992188 0.257812 0

0.0078125 0.273438 0
0.0234375 0.273438 0
0.0390625 0.273438 0
0.0546875 0.273438 0
0.0703125 0.273438 0
0.0859375 0.273438 0
0.101562 0.273438 0
0.117188 0.273438 0
0.132812 0.273438 0
0.148438 0.273438 0
0.164062 0.273438 0
0.179688 0.273438 0
0.195312 0.273438 0
0.210938 0.273438 0
0.226562 0.273438 0
0.242188 0.273438 5.17376e-06
0.257812 0.273438 9.1298e-05
0.273438 0.273438 0.000765577
0.289062 0.273438 0.00405597
0.304688 0.273438 0.0152861
0.320312 0.273438 0.0440831
0.335938 0.273438 0.102679
0.351562 0.273438 0.204095
0.367188 0.273438 0.357267
0.382812 0.273438 0.566707
0.398438 0.273438 0.753793
0.414062 0.273438 0.92503
0.429688 0.273438 0.944149
0.445312 0.273438 0.933715
0.460938 0.273438 0.929238
0.476562 0.273438 0.924869
0.492188 0.273438 0.897015
0.507812 0.273438 0.753249
0.523438 0.273438 0.201831
0.539062 0.273438 0.00328407
0.554688 0.273438 2.08459e-05
0.570312 0.273438 7.84785e-08
0.585938 0.273438 0
0.601562 0.273438 0
0.617188 0.273438 0
0.632812 0.273438 0
0.648438 0.273438 0
0.664062 0.273438 0
0.679688 0.273438 0
0.695312 0.273438 0
0.710938 0.273438 0
0.726562 0.273438 0
0.742188 0.273438 0
0.757812 0.273438 0
0.773438 0.273438 0
0.789062 0.273438 0
0.804688 0.273438 0
0.820312 0.273438 0
0.835938 0.273438 0
0.851562 0.273438 0
0.867188 0.273438 0
0.882812 0.273438 0
0.898438 0.273438 0
0.914062 0.273438 0
0.929688 0.273438 0
0.945312 0.273438 0
0.960938 0.273438 0
0.976562 0.273438 0
0.992188 0.273438 0

0.0078125 0.289062 0
0.0234375 0.289062 0
0.0390625 0.289062 0
0.0546875 0.289062 0
0.0703125 0.289062 0
0.0859375 0.289062 0
0.101562 0.289062 0
0.117188 0.289062 0
0.132812 0.289062 0
0.148438 0.289062 0
0.164062 0.289062 0
0.179688 0.289062 0
0.195312 0.289062 0
0.210938 0.289062 0
0.226562 0.289062 0
0.242188 0.289062 5.17376e-06
0.257812 0.289062 9.1298e-05
0.273438 0.289062 0.000765577
0.289062 0.289062 0.00405597
0.304688 0.289062 0.0152861
0.320312 0.289062 0.0440831
0.335938 0.289062 0.102679
0.351562 0.289062 0.204095
0.367188 0.289062 0.357267
0.382812 0.289062 0.566707
0.398438 0.289062 0.753793
0.414062 0.289062 0.92503
0.429688 0.289062 0.944149
0.445312 0.289062 0.933715
0.460938 0.289062 0.929238
0.476562 0.289062 0.924869
0.492188 0.289062 0.897015
0.507812 0.289062 0.753249
0.523438 0.289062 0.201831
0.539062 0.289062 0.00328407
0.554688 0.289062 2.08459e-05
0.570312 0.289062 7.84785e-08
0.585938 0.289062 0
0.601562 0.289062 0
0.617188 0.289062 0
0.632812 0.289062 0
0.648438 0.289062 0
0.664062 0.289062 0
0.679688 0.289062 0
0.695312 0.289062 0
0.710938 0.289062 0
0.726562 0.289062 0
0.742188 0.289062 0
0.757812 0.289062 0
0.773438 0.289062 0
0.789062 0.289062 0
0.804688 0.289062 0
0.820312 0.289062 0
0.835938 0.289062 0
0.851562 0.289062 0
0.867188 0.289062 0
0.882812 0.289062 0
0.898438 0.289062 0
0.914062 0.289062 0
0.929688 0.289062 0
0.945312 0.289062 0
0.960938 0.289062 0
0.976562 0.289062 0
0.992188 0.289062 0

0.0078125 0.304688 0
0.0234375 0.304688 0
0.0390625 0.304688 0
0.0546875 0.304688 0
0.0703125 0.304688 0
0.0859375 0.304688 0
0.101562 0.304688 0
0.117188 0.304688 0
0.132812 0.304688 0
0.148438 0.304688 0
0.164062 0.304688 0
0.179688 0.304688 0
0.195312 0.304688 0
0.210938 0.304688 0
0.226562 0.304688 0
0.242188 0.304688 5.17376e-06
0.257812 0.304688 9.1298e-05
0.273438 0.304688 0.000765577
0.289062 0.304688 0.00405597
0.304688 0.304688 0.0152861
0.320312 0.304688 0.0440831
0.335938 0.304688 0.102679
0.351562 0.304688 0.204095
0.367188 0.304688 0.357267
0.382812 0.304688 0.566707
0.398438 0.304688 0.753793
0.414062 0.304688 0.92503
0.429688 0.304688 0.944149
0.445312 0.304688 0.933715
0.460938 0.304688 0.929238
0.476562 0.304688 0.924869
0.492188 0.304688 0.897015
0.507812 0.304688 0.753249
0.523438 0.304688 0.201831
0.539062 0.304688 0.00328407
0.554688 0.304688 2.08459e-05
0.570312 0.304688 7.84785e-08
0.585938 0.304688 0
0.601562 0.304688 0
0.617188 0.304688 0
0.632812 0.304688 0
0.648438 0.304688 0
0.664062 0.304688 0
0.679688 0.304688 0
0.695312 0.304688 0
0.710938 0.304688 0
0.726562 0.304688 0
0.742188 0.304688 0
0.757812 0.304688 0
0.773438 0.304688 0
0.789062 0.304688 0
0.804688 0.304688 0
0.820312 0.304688 0
0.835938 0.304688 0
0.851562 0.304688 0
0.867188 0.304688 0
0.882812 0.304688 0
0.898438 0.304688 0
0.914062 0.304688 0
0.929688 0.304688 0
0.945312 0.304688 0
0.960938 0.304688 0
0.976562 0.304688 0
0.992188 0.304688 0

0.0078125 0.320312 0
0.0234375 0.320312 0
0.0390625 0.320312 0
0.0546875 0.320312 0
0.0703125 0.320312 0
0.0859375 0.320312 0
0.101562 0.320312 0
0.117188 0.320312 0
0.132812 0.320312 0
0.148438 0.320312 0
0.164062 0.320312 0
0.179688 0.320312 0
0.195312 0.320312 0
0.210938 0.320312 0
0.226562 0.320312 0
0.242188 0.320312 5.17376e-06
0.257812 0.320312 9.1298e-05
0.273438 0.320312 0.000765577
0.289062 0.320312 0.00405597
0.304688 0.320312 0.0152861
0.320312 0.320312 0.0440831
0.335938 0.320312 0.102679
0.351562 0.320312 0.204095
0.367188 0.320312 0.357267
0.382812 0.320312 0.566707
0.398438 0.320312 0.753793
0.414062 0.320312 0.92503
0.429688 0.320312 0.944149
0.445312 0.320312 0.933715
0.460938 0.320312 0.929238
0.476562 0.320312 0.924869
0.492188 0.320312 0.897015
0.507812 0.320312 0.753249
0.523438 0.320312 0.201831
0.539062 0.320312 0.00328407
0.554688 0.320312 2.08459e-05
0.570312 0.320312 7.84785e-08
0.585938 0.320312 0
0.601562 0.320312 0
0.617188 0.320312 0
0.632812 0.320312 0
0.648438 0.320312 0
0.664062 0.320312 0
0.679688 0.320312 0
0.695312 0.320312 0
0.710938 0.320312 0
0.726562 0.320312 0
0.742188 0.320312 0
0.757812 0.320312 0
0.773438 0.320312 0
0.789062 0.320312 0
0.804688 0.320312 0
0.820312 0.320312 0
0.835938 0.320312 0
0.851562 0.320312 0
0.867188 0.320312 0
0.882812 0.320312 0
0.898438 0.320312 0
0.914062 0.320312 0
0.929688 0.320312 0
0.945312 0.320312 0
0.960938 0.320312 0
0.976562 0.320312 0
0.992188 0.320312 0

0.0078125 0.335938 0
0.0234375 0.335938 0
0.0390625 0.335938 0
0.0546875 0.335938 0
0.0703125 0.335938 0
0.0859375 0.335938 0
0.101562 0.335938 0
0.117188 0.335938 0
0.132812 0.335938 0
0.148438 0.335938 0
0.164062 0.335938 0
0.179688 0.335938 0
0.195312 0.335938 0
0.210938 0.335938 0
0.226562 0.335938 0
0.242188 0.335938 5.17376e-06
0.257812 0.335938 9.1298e-05
0.273438 0.335938 0.000765577
0.289062 0.335938 0.00405597
0.304688 0.335938 0.0152861
0.320312 0.335938 0.0440831
0.335938 0.335938 0.102679
0.351562 0.335938 0.204095
0.367188 0.335938 0.357267
0.382812 0.335938 0.566707
0.398438 0.335938 0.753793
0.414062 0.335938 0.92503
0.429688 0.335938 0.944149
0.445312 0.335938 0.933715
0.460938 0.335938 0.929238
0.476562 0.335938 0.924869
0.492188 0.335938 0.897015
0.507812 0.335938 0.753249
0.523438 0.335938 0.201831
0.539062 0.335938 0.00328407
0.554688 0.335938 2.08459e-05
0.570312 0.335938 7.84785e-08
0.585938 0.335938 0
0.601562 0.335938 0
0.617188 0.335938 0
0.632812 0.335938 0
0.648438 0.335938 0
0.664062 0.335938 0
0.679688 0.335938 0
0.695312 0.335938 0
0.710938 0.335938 0
0.726562 0.335938 0
0.742188 0.335938 0
0.757812 0.335938 0
0.773438 0.335938 0
0.789062 0.335938 0
0.804688 0.335938 0
0.820312 0.335938 0
0.835938 0.335938 0
0.851562 0.335938 0
0.867188 0.335938 0
0.882812 0.335938 0
0.898438 0.335938 0
0.914062 0.335938 0
0.929688 0.335938 0
0.945312 0.335938 0
0.960938 0.335938 0
0.976562 0.335938 0
0.992188 0.335938 0

0.0078125 0.351562 0
0.0234375 0.351562 0
0.0390625 0.351562 0
0.0546875 0.351562 0
0.0703125 0.351562 0
0.0859375 0.351562 0
0.101562 0.351562 0
0.117188 0.351562 0
0.132812 0.351562 0
0.148438 0.351562 0
0.164062 0.351562 0
0.179688 0.351562 0
0.195312 0.351562 0
0.210938 0.351562 0
0.226562 0.351562 0
0.242188 0.351562 5.17376e-06
0.257812 0.351562 9.1298e-05
0.273438 0.351562 0.000765577
0.289062 0.351562 0.00405597
0.304688 0.351562 0.0152861
0.320312 0.351562 0.0440831
0.335938 0.351562 0.102679
0.351562 0.351562 0.204095
0.367188 0.351562 0.357267
0.382812 0.351562 0.566707
0.398438 0.351562 0.753793
0.414062 0.351562 0.92503
0.429688 0.351562 0.944149
0.445312 0.351562 0.933715
0.460938 0.351562 0.929238
0.476562 0.351562 0.924869
0.492188 0.351562 0.897015
0.507812 0.351562 0.753249
0.523438 0.351562 0.201831
0.539062 0.351562 0.00328407
0.554688 0.351562 2.08459e-05
0.570312 0.351562 7.84785e-08
0.585938 0.351562 0
0.601562 0.351562 0
0.617188 0.351562 0
0.632812 0.351562 0
0.648438 0.351562 0
0.664062 0.351562 0
0.679688 0.351562 0
0.695312 0.351562 0
0.710938 0.351562 0
0.726562 0.351562 0
0.742188 0.351562 0
0.757812 0.351562 0
0.773438 0.351562 0
0.789062 0.351562 0
0.804688 0.351562 0
0.820312 0.351562 0
0.835938 0.351562 0
0.851562 0.351562 0
0.867188 0.351562 0
0.882812 0.351562 0
0.898438 0.351562 0
0.914062 0.351562 0
0.929688 0.351562 0
0.945312 0.351562 0
0.960938 0.351562 0
0.976562 0.351562 0
0.992188 0.351562 0

0.0078125 0.367188 0
0.0234375 0.367188 0
0.0390625 0.367188 0
0.0546875 0.367188 0
0.0703125 0.367188 0
0.0859375 0.367188 0
0.101562 0.367188 0
0.117188 0.367188 0
0.132812 0.367188 0
0.148438 0.367188 0
0.164062 0.367188 0
0.179688 0.367188 0
0.195312 0.367188 0
0.210938 0.367188 0
0.226562 0.367188 0
0.242188 0.367188 5.17376e-06
0.257812 0.367188 9.1298e-05
0.273438 0.367188 0.000765577
0.289062 0.367188 0.00405597
0.304688 0.367188 0.0152861
0.320312 0.367188 0.0440831
0.335938 0.367188 0.102679
0.351562 0.367188 0.204095
0.367188 0.367188 0.357267
0.382812 0.367188 0.566707
0.398438 0.367188 0.753793
0.414062 0.367188 0.92503
0.429688 0.367188 0.944149
0.445312 0.367188 0.933715
0.460938 0.367188 0.929238
0.476562 0.367188 0.924869
0.492188 0.367188 0.897015
0.507812 0.367188 0.753249
0.523438 0.367188 0.201831
0.539062 0.367188 0.00328407
0.554688 0.367188 2.08459e-05
0.570312 0.367188 7.84785e-08
0.585938 0.367188 0
0.601562 0.367188 0
0.617188 0.367188 0
0.632812 0.367188 0
0.648438 0.367188 0
0.664062 0.367188 0
0.679688 0.367188 0
0.695312 0.367188 0
0.710938 0.367188 0
0.726562 0.367188 0
0.742188 0.367188 0
0.757812 0.367188 0
0.773438 0.367188 0
0.789062 0.367188 0
0.804688 0.367188 0
0.820312 0.367188 0
0.835938 0.367188 0
0.851562 0.367188 0
0.867188 0.367188 0
0.882812 0.367188 0
0.898438 0.367188 0
0.914062 0.367188 0
0.929688 0.367188 0
0.945312 0.367188 0
0.960938 0.367188 0
0.976562 0.367188 0
0.992188 0.367188 0

0.0078125 0.382812 0
0.0234375 0.382812 0
0.0390625 0.382812 0
0.0546875 0.382812 0
0.0703125 0.382812 0
0.0859375 0.382812 0
0.101562 0.382812 0
0.117188 0.382812 0
0.132812 0.382812 0
0.148438 0.382812 0
0.164062 0.382812 0
0.179688 0.382812 0
0.195312 0.382812 0
0.210938 0.382812 0
0.226562 0.382812 0
0.242188 0.382812 5.17376e-06
0.257812 0.382812 9.1298e-05
0.273438 0.382812 0.000765577
0.289062 0.382812 0.00405597
0.304688 0.382812 0.0152861
0.320312 0.382812 0.0440831
0.335938 0.382812 0.102679
0.351562 0.382812 0.204095
0.367188 0.382812 0.357267
0.382812 0.382812 0.566707
0.398438 0.382812 0.753793
0.414062 0.382812 0.92503
0.429688 0.382812 0.944149
0.445312 0.382812 0.933715
0.460938 0.382812 0.929238
0.476562 0.382812 0.924869
0.492188 0.382812 0.897015
0.507812 0.382812 0.753249
0.523438 0.382812 0.201831
0.539062 0.382812 0.00328407
0.554688 0.382812 2.08459e-05
0.570312 0.382812 7.84785e-08
0.585938 0.382812 0
0.601562 0.382812 0
0.617188 0.382812 0
0.632812 0.382812 0
0.648438 0.382812 0
0.664062 0.382812 0
0.679688 0.382812 0
0.695312 0.382812 0
0.710938 0.382812 0
0.726562 0.382812 0
0.742188 0.382812 0
0.757812 0.382812 0
0.773438 0.382812 0
0.789062 0.382812 0
0.804688 0.382812 0
0.820312 0.382812 0
0.835938 0.382812 0
0.851562 0.382812 0
0.867188 0.382812 0
0.882812 0.382812 0
0.898438 0.382812 0
0.914062 0.382812 0
0.929688 0.382812 0
0.945312 0.382812 0
0.960938 0.382812 0
0.976562 0.382812 0
0.992188 0.382812 0

0.0078125 0.398438 0
0.0234375 0.398438 0
0.0390625 0.398438 0
0.0546875 0.398438 0
0.0703125 0.398438 0
0.0859375 0.398438 0
0.101562 0.398438 0
0.117188 0.398438 0
0.132812 0.398438 0
0.148438 0.398438 0
0.164062 0.398438 0
0.179688 0.398438 0
0.195312 0.398438 0
0.210938 0.398438 0
0.226562 0.398438 0
0.242188 0.398438 5.17376e-06
0.257812 0.398438 9.1298e-05
0.273438 0.398438 0.000765577
0.289062 0.398438 0.00405597
0.304688 0.398438 0.0152861
0.320312 0.398438 0.0440831
0.335938 0.398438 0.102679
0.351562 0.398438 0.204095
0.367188 0.398438 0.357267
0.382812 0.398438 0.566707
0.398438 0.398438 0.753793
0.414062 0.398438 0.92503
0.429688 0.398438 0.944149
0.445312 0.398438 0.933715
0.460938 0.398438 0.929238
0.476562 0.398438 0.924869
0.492188 0.398438 0.897015
0.507812 0.398438 0.753249
0.523438 0.398438 0.201831
0.539062 0.398438 0.00328407
0.554688 0.398438 2.08459e-05
0.570312 0.398438 7.84785e-08
0.585938 0.398438 0
0.601562 0.398438 0
0.617188 0.398438 0
0.632812 0.398438 0
0.648438 0.398438 0
0.664062 0.398438 0
0.679688 0.398438 0
0.695312 0.398438 0
0.710938 0.398438 0
0.726562 0.398438 0
0.742188 0.398438 0
0.757812 0.398438 0
0.773438 0.398438 0
0.789062 0.398438 0
0.804688 0.398438 0
0.820312 0.398438 0
0.835938 0.398438 0
0.851562 0.398438 0
0.867188 0.398438 0
0.882812 0.398438 0
0.898438 0.398438 0
0.914062 0.398438 0
0.929688 0.398438 0
0.945312 0.398438 0
0.960938 0.398438 0
0.976562 0.398438 0
0.992188 0.398438 0

0.0078125 0.414062 0
0.0234375 0.414062 0
0.0390625 0.414062 0
0.0546875 0.414062 0
0.0703125 0.414062 0
0.0859375 0.414062 0
0.101562 0.414062 0
0.117188 0.414062 0
0.132812 0.414062 0
0.148438 0.414062 0
0.164062 0.414062 0
0.179688 0.414062 0
0.195312 0.414062 0
0.210938 0.414062 0
0.226562 0.414062 0
0.242188 0.414062 5.17376e-06
0.257812 0.414062 9.1298e-05
0.273438 0.414062 0.000765577
0.289062 0.414062 0.00405597
0.304688 0.414062 0.0152861
0.320312 0.414062 0.0440831
0.335938 0.414062 0.102679
0.351562 0.414062 0.204095
0.367188 0.414062 0.357267
0.382812 0.414062 0.566707
0.398438 0.414062 0.753793
0.414062 0.414062 0.92503
0.429688 0.414062 0.944149
0.445312 0.414062 0.933715
0.460938 0.414062 0.929238
0.476562 0.414062 0.924869
0.492188 0.414062 0.897015
0.507812 0.414062 0.753249
0.523438 0.414062 0.201831
0.539062 0.414062 0.00328407
0.554688 0.414062 2.08459e-05
0.570312 0.414062 7.84785e-08
0.585938 0.414062 0
0.601562 0.414062 0
0.617188 0.414062 0
0.632812 0.414062 0
0.648438 0.414062 0
0.664062 0.414062 0
0.679688 0.414062 0
0.695312 0.414062 0
0.710938 0.414062 0
0.726562 0.414062 0
0.742188 0.414062 0
0.757812 0.414062 0
0.773438 0.414062 0
0.789062 0.414062 0
0.804688 0.414062 0
0.820312 0.414062 0
0.835938 0.414062 0
0.851562 0.414062 0
0.867188 0.414062 0
0.882812 0.414062 0
0.898438 0.414062 0
0.914062 0.414062 0
0.929688 0.414062 0
0.945312 0.414062 0
0.960938 0.414062 0
0.976562 0.414062 0
0.992188 0.414062 0

0.0078125 0.429688 0
0.0234375 0.429688 0
0.0390625 0.429688 0
0.0546875 0.429688 0
0.0703125 0.429688 0
0.0859375 0.429688 0
0.101562 0.429688 0
0.117188 0.429688 0
0.132812 0.429688 0
0.148438 0.429688 0
0.164062 0.429688 0
0.179688 0.429688 0
0.195312 0.429688 0
0.210938 0.429688 0
0.226562 0.429688 0
0.242188 0.429688 5.17376e-06
0.257812 0.429688 9.1298e-05
0.273438 0.429688 0.000765577
0.289062 0.429688 0.00405597
0.304688 0.429688 0.0152861
0.320312 0.429688 0.0440831
0.335938 0.429688 0.102679
0.351562 0.429688 0.204095
0.367188 0.429688 0.357267
0.382812 0.429688 0.566707
0.398438 0.429688 0.753793
0.414062 0.429688 0.92503
0.429688 0.429688 0.944149
0.445312 0.429688 0.933715
0.460938 0.429688 0.929238
0.476562 0.429688 0.924869
0.492188 0.429688 0.897015
0.507812 0.429688 0.753249
0.523438 0.429688 0.201831
0.539062 0.429688 0.00328407
0.554688 0.429688 2.08459e-05
0.570312 0.429688 7.84785e-08
0.585938 0.429688 0
0.601562 0.429688 0
0.617188 0.429688 0
0.632812 0.429688 0
0.648438 0.429688 0
0.664062 0.429688 0
0.679688 0.429688 0
0.695312 0.429688 0
0.710938 0.429688 0
0.726562 0.429688 0
0.742188 0.429688 0
0.757812 0.429688 0
0.773438 0.429688 0
0.789062 0.429688 0
0.804688 0.429688 0
0.820312 0.429688 0
0.835938 0.429688 0
0.851562 0.429688 0
0.867188 0.429688 0
0.882812 0.429688 0
0.898438 0.429688 0
0.914062 0.429688 0
0.929688 0.429688 0
0.945312 0.429688 0
0.960938 0.429688 0
0.976562 0.429688 0
0.992188 0.429688 0

0.0078125 0.445312 0
0.0234375 0.445312 0
0.0390625 0.445312 0
0.0546875 0.445312 0
0.0703125 0.445312 0
0.0859375 0.445312 0
0.101562 0.445312 0
0.117188 0.445312 0
0.132812 0.445312 0
0.148438 0.445312 0
0.164062 0.445312 0
0.179688 0.445312 0
0.195312 0.445312 0
0.210938 0.445312 0
0.226562 0.445312 0
0.242188 0.445312 5.17376e-06
0.257812 0.445312 9.1298e-05
0.273438 0.445312 0.000765577
0.289062 0.445312 0.00405597
0.304688 0.445312 0.0152861
0.320312 0.445312 0.0440831
0.335938 0.445312 0.102679
0.351562 0.445312 0.204095
0.367188 0.445312 0.357267
0.382812 0.445312 0.566707
0.398438 0.445312 0.753793
0.414062 0.445312 0.92503
0.429688 0.445312 0.944149
0.445312 0.445312 0.933715
0.460938 0.445312 0.929238
0.476562 0.445312 0.924869
0.492188 0.445312 0.897015
0.507812 0.445312 0.753249
0.523438 0.445312 0.201831
0.539062 0.445312 0.00328407
0.554688 0.445312 2.08459e-05
0.570312 0.445312 7.84785e-08
0.585938 0.445312 0
0.601562 0.445312 0
0.617188 0.445312 0
0.632812 0.445312 0
0.648438 0.445312 0
0.664062 0.445312 0
0.679688 0.445312 0
0.695312 0.445312 0
0.710938 0.445312 0
0.726562 0.445312 0
0.742188 0.445312 0
0.757812 0.445312 0
0.773438 0.445312 0
0.789062 0.445312 0
0.804688 0.445312 0
0.820312 0.445312 0
0.835938 0.445312 0
0.851562 0.445312 0
0.867188 0.445312 0
0.882812 0.445312 0
0.898438 0.445312 0
0.914062 0.445312 0
0.929688 0.445312 0
0.945312 0.445312 0
0.960938 0.445312 0
0.976562 0.445312 0
0.992188 0.445312 0

0.0078125 0.460938 0
0.0234375 0.460938 0
0.0390625 0.460938 0
0.0546875 0.460938 0
0.0703125 0.460938 0
0.0859375 0.460938 0
0.101562 0.460938 0
0.117188 0.460938 0
0.132812 0.460938 0
0.148438 0.460938 0
0.164062 0.460938 0
0.179688 0.460938 0
0.195312 0.460938 0
0.210938 0.460938 0
0.226562 0.460938 0
0.242188 0.460938 5.17376e-06
0.257812 0.460938 9.1298e-05
0.273438 0.460938 0.000765577
0.289062 0.460938 0.00405597
0.304688 0.460938 0.0152861
0.320312 0.460938 0.0440831
0.335938 0.460938 0.102679
0.351562 0.460938 0.204095
0.367188 0.460938 0.357267
0.382812 0.460938 0.566707
0.398438 0.460938 0.753793
0.414062 0.460938 0.92503
0.429688 0.460938 0.944149
0.445312 0.460938 0.933715
0.460938 0.460938 0.929238
0.476562 0.460938 0.924869
0.492188 0.460938 0.897015
0.507812 0.460938 0.753249
0.523438 0.460938 0.201831
0.539062 0.460938 0.00328407
0.554688 0.460938 2.08459e-05
0.570312 0.460938 7.84785e-08
0.585938 0.460938 0
0.601562 0.460938 0
0.617188 0.460938 0
0.632812 0.460938 0
0.648438 0.460938 0
0.664062 0.460938 0
0.679688 0.460938 0
0.695312 0.460938 0
0.710938 0.460938 0
0.726562 0.460938 0
0.742188 0.460938 0
0.757812 0.460938 0
0.773438 0.460938 0
0.789062 0.460938 0
0.804688 0.460938 0
0.820312 0.460938 0
0.835938 0.460938 0
0.851562 0.460938 0
0.867188 0.460938 0
0.882812 0.460938 0
0.898438 0.460938 0
0.914062 0.460938 0
0.929688 0.460938 0
0.945312 0.460938 0
0.960938 0.460938 0
0.976562 0.460938 0
0.992188 0.460938 0

0.0078125 0.476562 0
0.0234375 0.476562 0
0.0390625 0.476562 0
0.0546875 0.476562 0
0.0703125 0.476562 0
0.0859375 0.476562 0
0.101562 0.476562 0
0.117188 0.476562 0
0.132812 0.476562 0
0.148438 0.476562 0
0.164062 0.476562 0
0.179688 0.476562 0
0.195312 0.476562 0
0.210938 0.476562 0
0.226562 0.476562 0
0.242188 0.476562 5.17376e-06
0.257812 0.476562 9.1298e-05
0.273438 0.476562 0.000765577
0.289062 0.476562 0.00405597
0.304688 0.476562 0.0152861
0.320312 0.476562 0.0440831
0.335938 0.476562 0.102679
0.351562 0.476562 0.204095
0.367188 0.476562 0.357267
0.382812 0.476562 0.566707
0.398438 0.476562 0.753793
0.414062 0.476562 0.92503
0.429688 0.476562 0.944149
0.445312 0.476562 0.933715
0.460938 0.476562 0.929238
0.476562 0.476562 0.924869
0.492188 0.476562 0.897015
0.507812 0.476562 0.753249
0.523438 0.476562 0.201831
0.539062 0.476562 0.00328407
0.554688 0.476562 2.08459e-05
0.570312 0.476562 7.84785e-08
0.585938 0.476562 0
0.601562 0.476562 0
0.617188 0.476562 0
0.632812 0.476562 0
0.648438 0.476562 0
0.664062 0.476562 0
0.679688 0.476562 0
0.695312 0.476562 0
0.710938 0.476562 0
0.726562 0.476562 0
0.742188 0.476562 0
0.757812 0.476562 0
0.773438 0.476562 0
0.789062 0.476562 0
0.804688 0.476562 0
0.820312 0.476562 0
0.835938 0.476562 0
0.851562 0.476562 0
0.867188 0.476562 0
0.882812 0.476562 0
0.898438 0.476562 0
0.914062 0.476562 0
0.929688 0.476562 0
0.945312 0.476562 0
0.960938 0.476562 0
0.976562 0.476562 0
0.992188 0.476562 0

0.0078125 0.492188 0
0.0234375 0.492188 0
0.0390625 0.492188 0
0.0546875 0.492188 0
0.0703125 0.492188 0
0.0859375 0.492188 0
0.101562 0.492188 0
0.117188 0.492188 0
0.132812 0.492188 0
0.148438 0.492188 0
0.164062 0.492188 0
0.179688 0.492188 0
0.195312 0.492188 0
0.210938 0.492188 0
0.226562 0.492188 0
0.242188 0.492188 5.17376e-06
0.257812 0.492188 9.1298e-05
0.273438 0.492188 0.000765577
0.289062 0.492188 0.00405597
0.304688 0.492188 0.0152861
0.320312 0.492188 0.0440831
0.335938 0.492188 0.102679
0.351562 0.492188 0.204095
0.367188 0.492188 0.357267
0.382812 0.492188 0.566707
0.398438 0.492188 0.753793
0.414062 0.492188 0.92503
0.429688 0.492188 0.944149
0.445312 0.492188 0.933715
0.460938 0.492188 0.929238
0.476562 0.492188 0.924869
0.492188 0.492188 0.897015
0.507812 0.492188 0.753249
0.523438 0.492188 0.201831
0.539062 0.492188 0.00328407
0.554688 0.492188 2.08459e-05
0.570312 0.492188 7.84785e-08
0.585938 0.492188 0
0.601562 0.492188 0
0.617188 0.492188 0
0.632812 0.492188 0
0.648438 0.492188 0
0.664062 0.492188 0
0.679688 0.492188 0
0.695312 0.492188 0
0.710938 0.492188 0
0.726562 0.492188 0
0.742188 0.492188 0
0.757812 0.492188 0
0.773438 0.492188 0
0.789062 0.492188 0
0.804688 0.492188 0
0.820312 0.492188 0
0.835938 0.492188 0
0.851562 0.492188 0
0.867188 0.492188 0
0.882812 0.492188 0
0.898438 0.492188 0
0.914062 0.492188 0
0.929688 0.492188 0
0.945312 0.492188 0
0.960938 0.492188 0
0.976562 0.492188 0
0.992188 0.492188 0

0.0078125 0.507812 0
0.0234375 0.507812 0
0.0390625 0.507812 0
0.0546875 0.507812 0
0.0703125 0.507812 0
0.0859375 0.507812 0
0.101562 0.507812 0
0.117188 0.507812 0
0.132812 0.507812 0
0.148438 0.507812 0
0.164062 0.507812 0
0.179688 0.507812 0
0.195312 0.507812 0
0.210938 0.507812 0
0.226562 0.507812 0
0.242188 0.507812 5.17376e-06
0.257812 0.507812 9.1298e-05
0.273438 0.507812 0.000765577
0.289062 0.507812 0.00405597
0.304688 0.507812 0.0152861
0.320312 0.507812 0.0440831
0.335938 0.507812 0.102679
0.351562 0.507812 0.204095
0.367188 0.507812 0.357267
0.382812 0.507812 0.566707
0.398438 0.507812 0.753793
0.414062 0.507812 0.92503
0.429688 0.507812 0.944149
0.445312 0.507812 0.933715
0.460938 0.507812 0.929238
0.476562 0.507812 0.924869
0.492188 0.507812 0.897015
0.507812 0.507812 0.753249
0.523438 0.507812 0.201831
0.539062 0.507812 0.00328407
0.554688 0.507812 2.08459e-05
0.570312 0.507812 7.84785e-08
0.585938 0.507812 0
0.601562 0.507812 0
0.617188 0.507812 0
0.632812 0.507812 0
0.648438 0.507812 0
0.664062 0.507812 0
0.679688 0.507812 0
0.695312 0.507812 0
0.710938 0.507812 0
0.726562 0.507812 0
0.742188 0.507812 0
0.757812 0.507812 0
0.773438 0.507812 0
0.789062 0.507812 0
0.804688 0.507812 0
0.820312 0.507812 0
0.835938 0.507812 0
0.851562 0.507812 0
0.867188 0.507812 0
0.882812 0.507812 0
0.898438 0.507812 0
0.914062 0.507812 0
0.929688 0.507812 0
0.945312 0.507812 0
0.960938 0.507812 0
0.976562 0.507812 0
0.992188 0.507812 0

0.0078125 0.523438 0
0.0234375 0.523438 0
0.0390625 0.523438 0
0.0546875 0.523438 0
0.0703125 0.523438 0
0.0859375 0.523438 0
0.101562 0.523438 0
0.117188 0.523438 0
0.132812 0.523438 0
0.148438 0.523438 0
0.164062 0.523438 0
0.179688 0.523438 0
0.195312 0.523438 0
0.210938 0.523438 0
0.226562 0.523438 0
0.242188 0.523438 5.17376e-06
0.257812 0.523438 9.1298e-05
0.273438 0.523438 0.000765577
0.289062 0.523438 0.00405597
0.304688 0.523438 0.0152861
0.320312 0.523438 0.0440831
0.335938 0.523438 0.102679
0.351562 0.523438 0.204095
0.367188 0.523438 0.357267
0.382812 0.523438 0.566707
0.398438 0.523438 0.753793
0.414062 0.523438 0.92503
0.429688 0.523438 0.944149
0.445312 0.523438 0.933715
0.460938 0.523438 0.929238
0.476562 0.523438 0.924869
0.492188 0.523438 0.897015
0.507812 0.523438 0.753249
0.523438 0.523438 0.201831
0.539062 0.523438 0.00328407
0.554688 0.523438 2.08459e-05
0.570312 0.523438 7.84785e-08
0.585938 0.523438 0
0.601562 0.523438 0
0.617188 0.523438 0
0.632812 0.523438 0
0.648438 0.523438 0
0.664062 0.523438 0
0.679688 0.523438 0
0.695312 0.523438 0
0.710938 0.523438 0
0.726562 0.523438 0
0.742188 0.523438 0
0.757812 0.523438 0
0.773438 0.523438 0
0.789062 0.523438 0
0.804688 0.523438 0
0.820312 0.523438 0
0.835938 0.523438 0
0.851562 0.523438 0
0.867188 0.523438 0
0.882812 0.523438 0
0.898438 0.523438 0
0.914062 0.523438 0
0.929688 0.523438 0
0.945312 0.523438 0
0.960938 0.523438 0
0.976562 0.523438 0
0.992188 0.523438 0

0.0078125 0.539062 0
0.0234375 0.539062 0
0.0390625 0.539062 0
0.0546875 0.539062 0
0.0703125 0.539062 0
0.0859375 0.539062 0
0.101562 0.539062 0
0.117188 0.539062 0
0.132812 0.539062 0
0.148438 0.539062 0
0.164062 0.539062 0
0.179688 0.539062 0
0.195312 0.539062 0
0.210938 0.539062 0
0.226562 0.539062 0
0.242188 0.539062 5.17376e-06
0.257812 0.539062 9.1298e-05
0.273438 0.539062 0.000765577
0.289062 0.539062 0.00405597
0.304688 0.539062 0.0152861
0.320312 0.539062 0.0440831
0.335938 0.539062 0.102679
0.351562 0.539062 0.204095
0.367188 0.539062 0.357267
0.382812 0.539062 0.566707
0.398438 0.539062 0.753793
0.414062 0.539062 0.92503
0.429688 0.539062 0.944149
0.445312 0.539062 0.933715
0.460938 0.539062 0.929238
0.476562 0.539062 0.924869
0.492188 0.539062 0.897015
0.507812 0.539062 0.753249
0.523438 0.539062 0.201831
0.539062 0.539062 0.00328407
0.554688 0.539062 2.08459e-05
0.570312 0.539062 7.84785e-08
0.585938 0.539062 0
0.601562 0.539062 0
0.617188 0.539062 0
0.632812 0.539062 0
0.648438 0.539062 0
0.664062 0.539062 0
0.679688 0.539062 0
0.695312 0.539062 0
0.710938 0.539062 0
0.726562 0.539062 0
0.742188 0.539062 0
0.757812 0.539062 0
0.773438 0.539062 0
0.789062 0.539062 0
0.804688 0.539062 0
0.820312 0.539062 0
0.835938 0.539062 0
0.851562 0.539062 0
0.867188 0.539062 0
0.882812 0.539062 0
0.898438 0.539062 0
0.914062 0.539062 0
0.929688 0.539062 0
0.945312 0.539062 0
0.960938 0.539062 0
0.976562 0.539062 0
0.992188 0.539062 0

0.0078125 0.554688 0
0.0234375 0.554688 0
0.0390625 0.554688 0
0.0546875 0.554688 0
0.0703125 0.554688 0
0.0859375 0.554688 0
0.101562 0.554688 0
0.117188 0.554688 0
0.132812 0.554688 0
0.148438 0.554688 0
0.164062 0.554688 0
0.179688 0.554688 0
0.195312 0.554688 0
0.210938 0.554688 0
0.226562 0.554688 0
0.242188 0.554688 5.17376e-06
0.257812 0.554688 9.1298e-05
0.273438 0.554688 0.000765577
0.289062 0.554688 0.00405597
0.304688 0.554688 0.0152861
0.320312 0.554688 0.0440831
0.335938 0.554688 0.102679
0.351562 0.554688 0.204095
0.367188 0.554688 0.357267
0.382812 0.554688 0.566707
0.398438 0.554688 0.753793
0.414062 0.554688 0.92503
0.429688 0.554688 0.944149
0.445312 0.554688 0.933715
0.460938 0.554688 0.929238
0.476562 0.554688 0.924869
0.492188 0.554688 0.897015
0.507812 0.554688 0.753249
0.523438 0.554688 0.201831
0.539062 0.554688 0.00328407
0.554688 0.554688 2.08459e-05
0.570312 0.554688 7.84785e-08
0.585938 0.554688 0
0.601562 0.554688 0
0.617188 0.554688 0
0.632812 0.554688 0
0.648438 0.554688 0
0.664062 0.554688 0
0.679688 0.554688 0
0.695312 0.554688 0
0.710938 0.554688 0
0.726562 0.554688 0
0.742188 0.554688 0
0.757812 0.554688 0
0.773438 0.554688 0
0.789062 0.554688 0
0.804688 0.554688 0
0.820312 0.554688 0
0.835938 0.554688 0
0.851562 0.554688 0
0.867188 0.554688 0
0.882812 0.554688 0
0.898438 0.554688 0
0.914062 0.554688 0
0.929688 0.554688 0
0.945312 0.554688 0
0.960938 0.554688 0
0.976562 0.554688 0
0.992188 0.554688 0

0.0078125 0.570312 0
0.0234375 0.570312 0
0.0390625 0.570312 0
0.0546875 0.570312 0
0.0703125 0.570312 0
0.0859375 0.570312 0
0.101562 0.570312 0
0.117188 0.570312 0
0.132812 0.570312 0
0.148438 0.570312 0
0.164062 0.570312 0
0.179688 0.570312 0
0.195312 0.570312 0
0.210938 0.570312 0
0.226562 0.570312 0
0.242188 0.570312 5.17376e-06
0.257812 0.570312 9.1298e-05
0.273438 0.570312 0.000765577
0.289062 0.570312 0.00405597
0.304688 0.570312 0.0152861
0.320312 0.570312 0.0440831
0.335938 0.570312 0.102679
0.351562 0.570312 0.204095
0.367188 0.570312 0.357267
0.382812 0.570312 0.566707
0.398438 0.570312 0.753793
0.414062 0.570312 0.92503
0.429688 0.570312 0.944149
0.445312 0.570312 0.933715
0.460938 0.570312 0.929238
0.476562 0.570312 0.924869
0.492188 0.570312 0.897015
0.507812 0.570312 0.753249
0.523438 0.570312 0.201831
0.539062 0.570312 0.00328407
0.554688 0.570312 2.08459e-05
0.570312 0.570312 7.84785e-08
0.585938 0.570312 0
0.601562 0.570312 0
0.617188 0.570312 0
0.632812 0.570312 0
0.648438 0.570312 0
0.664062 0.570312 0
0.679688 0.570312 0
0.695312 0.570312 0
0.710938 0.570312 0
0.726562 0.570312 0
0.742188 0.570312 0
0.757812 0.570312 0
0.773438 0.570312 0
0.789062 0.570312 0
0.804688 0.570312 0
0.820312 0.570312 0
0.835938 0.570312 0
0.851562 0.570312 0
0.867188 0.570312 0
0.882812 0.570312 0
0.898438 0.570312 0
0.914062 0.570312 0
0.929688 0.570312 0
0.945312 0.570312 0
0.960938 0.570312 0
0.976562 0.570312 0
0.992188 0.570312 0

0.0078125 0.585938 0
0.0234375 0.585938 0
0.0390625 0.585938 0
0.0546875 0.585938 0
0.0703125 0.585938 0
0.0859375 0.585938 0
0.101562 0.585938 0
0.117188 0.585938 0
0.132812 0.585938 0
0.148438 0.585938 0
0.164062 0.585938 0
0.179688 0.585938 0
0.195312 0.585938 0
0.210938 0.585938 0
0.226562 0.585938 0
0.242188 0.585938 5.17376e-06
0.257812 0.585938 9.1298e-05
0.273438 0.585938 0.000765577
0.289062 0.585938 0.00405597
0.304688 0.585938 0.0152861
0.320312 0.585938 0.0440831
0.335938 0.585938 0.102679
0.351562 0.585938 0.204095
0.367188 0.585938 0.357267
0.382812 0.585938 0.566707
0.398438 0.585938 0.753793
0.414062 0.585938 0.92503
0.429688 0.585938 0.944149
0.445312 0.585938 0.933715
0.460938 0.585938 0.929238
0.476562 0.585938 0.924869
0.492188 0.585938 0.897015
0.507812 0.585938 0.753249
0.523438 0.585938 0.201831
0.539062 0.585938 0.00328407
0.554688 0.585938 2.08459e-05
0.570312 0.585938 7.84785e-08
0.585938 0.585938 0
0.601562 0.585938 0
0.617188 0.585938 0
0.632812 0.585938 0
0.648438 0.585938 0
0.664062 0.585938 0
0.679688 0.585938 0
0.695312 0.585938 0
0.710938 0.585938 0
0.726562 0.585938 0
0.742188 0.585938 0
0.757812 0.585938 0
0.773438 0.585938 0
0.789062 0.585938 0
0.804688 0.585938 0
0.820312 0.585938 0
0.835938 0.585938 0
0.851562 0.585938 0
0.867188 0.585938 0
0.882812 0.585938 0
0.898438 0.585938 0
0.914062 0.585938 0
0.929688 0.585938 0
0.945312 0.585938 0
0.960938 0.585938 0
0.976562 0.585938 0
0.992188 0.585938 0

0.0078125 0.601562 0
0.0234375 0.601562 0
0.0390625 0.601562 0
0.0546875 0.601562 0
0.0703125 0.601562 0
0.0859375 0.601562 0
0.101562 0.601562 0
0.117188 0.601562 0
0.132812 0.601562 0
0.148438 0.601562 0
0.164062 0.601562 0
0.179688 0.601562 0
0.195312 0.601562 0
0.210938 0.601562 0
0.226562 0.601562 0
0.242188 0.601562 5.17376e-06
0.257812 0.601562 9.1298e-05
0.273438 0.601562 0.000765577
0.289062 0.601562 0.00405597
0.304688 0.601562 0.0152861
0.320312 0.601562 0.0440831
0.335938 0.601562 0.102679
0.351562 0.601562 0.204095
0.367188 0.601562 0.357267
0.382812 0.601562 0.566707
0.398438 0.601562 0.753793
0.414062 0.601562 0.92503
0.429688 0.601562 0.944149
0.445312 0.601562 0.933715
0.460938 0.601562 0.929238
0.476562 0.601562 0.924869
0.492188 0.601562 0.897015
0.507812 0.601562 0.753249
0.523438 0.601562 0.201831
0.539062 0.601562 0.00328407
0.554688 0.601562 2.08459e-05
0.570312 0.601562 7.84785e-08
0.585938 0.601562 0
0.601562 0.601562 0
0.617188 0.601562 0
0.632812 0.601562 0
0.648438 0.601562 0
0.664062 0.601562 0
0.679688 0.601562 0
0.695312 0.601562 0
0.710938 0.601562 0
0.726562 0.601562 0
0.742188 0.601562 0
0.757812 0.601562 0
0.773438 0.601562 0
0.789062 0.601562 0
0.804688 0.601562 0
0.820312 0.601562 0
0.835938 0.601562 0
0.851562 0.601562 0
0.867188 0.601562 0
0.882812 0.601562 0
0.898438 0.601562 0
0.914062 0.601562 0
0.929688 0.601562 0
0.945312 0.601562 0
0.960938 0.601562 0
0.976562 0.601562 0
0.992188 0.601562 0

0.0078125 0.617188 0
0.0234375 0.617188 0
0.0390625 0.617188 0
0.0546875 0.617188 0
0.0703125 0.617188 0
0.0859375 0.617188 0
0.101562 0.617188 0
0.117188 0.617188 0
0.132812 0.617188 0
0.148438 0.617188 0
0.164062 0.617188 0
0.179688 0.617188 0
0.195312 0.617188 0
0.210938 0.617188 0
0.226562 0.617188 0
0.242188 0.617188 5.17376e-06
0.257812 0.617188 9.1298e-05
0.273438 0.617188 0.000765577
0.289062 0.617188 0.00405597
0.304688 0.617188 0.0152861
0.320312 0.617188 0.0440831
0.335938 0.617188 0.102679
0.351562 0.617188 0.204095
0.367188 0.617188 0.357267
0.382812 0.617188 0.566707
0.398438 0.617188 0.753793
0.414062 0.617188 0.92503
0.429688 0.617188 0.944149
0.445312 0.617188 0.933715
0.460938 0.617188 0.929238
0.476562 0.617188 0.924869
0.492188 0.617188 0.897015
0.507812 0.617188 0.753249
0.523438 0.617188 0.201831
0.539062 0.617188 0.00328407
0.554688 0.617188 2.08459e-05
0.570312 0.617188 7.84785e-08
0.585938 0.617188 0
0.601562 0.617188 0
0.617188 0.617188 0
0.632812 0.617188 0
0.648438 0.617188 0
0.664062 0.617188 0
0.679688 0.617188 0
0.695312 0.617188 0
0.710938 0.617188 0
0.726562 0.617188 0
0.742188 0.617188 0
0.757812 0.617188 0
0.773438 0.617188 0
0.789062 0.617188 0
0.804688 0.617188 0
0.820312 0.617188 0
0.835938 0.617188 0
0.851562 0.617188 0
0.867188 0.617188 0
0.882812 0.617188 0
0.898438 0.617188 0
0.914062 0.617188 0
0.929688 0.617188 0
0.945312 0.617188 0
0.960938 0.617188 0
0.976562 0.617188 0
0.992188 0.617188 0

0.0078125 0.632812 0
0.0234375 0.632812 0
0.0390625 0.632812 0
0.0546875 0.632812 0
0.0703125 0.632812 0
0.0859375 0.632812 0
0.101562 0.632812 0
0.117188 0.632812 0
0.132812 0.632812 0
0.148438 0.632812 0
0.164062 0.632812 0
0.179688 0.632812 0
0.195312 0.632812 0
0.210938 0.632812 0
0.226562 0.632812 0
0.242188 0.632812 5.17376e-06
0.257812 0.632812 9.1298e-05
0.273438 0.632812 0.000765577
0.289062 0.632812 0.00405597
0.304688 0.632812 0.0152861
0.320312 0.632812 0.0440831
0.335938 0.632812 0.102679
0.351562 0.632812 0.204095
0.367188 0.632812 0.357267
0.382812 0.632812 0.566707
0.398438 0.632812 0.753793
0.414062 0.632812 0.92503
0.429688 0.632812 0.944149
0.445312 0.632812 0.933715
0.460938 0.632812 0.929238
0.476562 0.632812 0.924869
0.492188 0.632812 0.897015
0.507812 0.632812 0.753249
0.523438 0.632812 0.201831
0.539062 0.632812 0.00328407
0.554688 0.632812 2.08459e-05
0.570312 0.632812 7.84785e-08
0.585938 0.632812 0
0.601562 0.632812 0
0.617188 0.632812 0
0.632812 0.632812 0
0.648438 0.632812 0
0.664062 0.632812 0
0.679688 0.632812 0
0.695312 0.632812 0
0.710938 0.632812 0
0.726562 0.632812 0
0.742188 0.632812 0
0.757812 0.632812 0
0.773438 0.632812 0
0.789062 0.632812 0
0.804688 0.632812 0
0.820312 0.632812 0
0.835938 0.632812 0
0.851562 0.632812 0
0.867188 0.632812 0
0.882812 0.632812 0
0.898438 0.632812 0
0.914062 0.632812 0
0.929688 0.632812 0
0.945312 0.632812 0
0.960938 0.632812 0
0.976562 0.632812 0
0.992188 0.632812 0

0.0078125 0.648438 0
0.0234375 0.648438 0
0.0390625 0.648438 0
0.0546875 0.648438 0
0.0703125 0.648438 0
0.0859375 0.648438 0
0.101562 0.648438 0
0.117188 0.648438 0
0.132812 0.648438 0
0.148438 0.648438 0
0.164062 0.648438 0
0.179688 0.648438 0
0.195312 0.648438 0
0.210938 0.648438 0
0.226562 0.648438 0
0.242188 0.648438 5.17376e-06
0.257812 0.648438 9.1298e-05
0.273438 0.648438 0.000765577
0.289062 0.648438 0.00405597
0.304688 0.648438 0.0152861
0.320312 0.648438 0.0440831
0.335938 0.648438 0.102679
0.351562 0.648438 0.204095
0.367188 0.648438 0.357267
0.382812 0.648438 0.566707
0.398438 0.648438 0.753793
0.414062 0.648438 0.92503
0.429688 0.648438 0.944149
0.445312 0.648438 0.933715
0.460938 0.648438 0.929238
0.476562 0.648438 0.924869
0.492188 0.648438 0.897015
0.507812 0.648438 0.753249
0.523438 0.648438 0.201831
0.539062 0.648438 0.00328407
0.554688 0.648438 2.08459e-05
0.570312 0.648438 7.84785e-08
0.585938 0.648438 0
0.601562 0.648438 0
0.617188 0.648438 0
0.632812 0.648438 0
0.648438 0.648438 0
0.664062 0.648438 0
0.679688 0.648438 0
0.695312 0.648438 0
0.710938 0.648438 0
0.726562 0.648438 0
0.742188 0.648438 0
0.757812 0.648438 0
0.773438 0.648438 0
0.789062 0.648438 0
0.804688 0.648438 0
0.820312 0.648438 0
0.835938 0.648438 0
0.851562 0.648438 0
0.867188 0.648438 0
0.882812 0.648438 0
0.898438 0.648438 0
0.914062 0.648438 0
0.929688 0.648438 0
0.945312 0.648438 0
0.960938 0.648438 0
0.976562 0.648438 0
0.992188 0.648438 0

0.0078125 0.664062 0
0.0234375 0.664062 0
0.0390625 0.664062 0
0.0546875 0.664062 0
0.0703125 0.664062 0
0.0859375 0.664062 0
0.101562 0.664062 0
0.117188 0.664062 0
0.132812 0.664062 0
0.148438 0.664062 0
0.164062 0.664062 0
0.179688 0.664062 0
0.195312 0.664062 0
0.210938 0.664062 0
0.226562 0.664062 0
0.242188 0.664062 5.17376e-06
0.257812 0.664062 9.1298e-05
0.273438 0.664062 0.000765577
0.289062 0.664062 0.00405597
0.304688 0.664062 0.0152861
0.320312 0.664062 0.0440831
0.335938 0.664062 0.102679
0.351562 0.664062 0.204095
0.367188 0.664062 0.357267
0.382812 0.664062 0.566707
0.398438 0.664062 0.753793
0.414062 0.664062 0.92503
0.429688 0.664062 0.944149
0.445312 0.664062 0.933715
0.460938 0.664062 0.929238
0.476562 0.664062 0.924869
0.492188 0.664062 0.897015
0.507812 0.664062 0.753249
0.523438 0.664062 0.201831
0.539062 0.664062 0.00328407
0.554688 0.664062 2.08459e-05
0.570312 0.664062 7.84785e-08
0.585938 0.664062 0
0.601562 0.664062 0
0.617188 0.664062 0
0.632812 0.664062 0
0.648438 0.664062 0
0.664062 0.664062 0
0.679688 0.664062 0
0.695312 0.664062 0
0.710938 0.664062 0
0.726562 0.664062 0
0.742188 0.664062 0
0.757812 0.664062 0
0.773438 0.664062 0
0.789062 0.664062 0
0.804688 0.664062 0
0.820312 0.664062 0
0.835938 0.664062 0
0.851562 0.664062 0
0.867188 0.664062 0
0.882812 0.664062 0
0.898438 0.664062 0
0.914062 0.664062 0
0.929688 0.664062 0
0.945312 0.664062 0
0.960938 0.664062 0
0.976562 0.664062 0
0.992188 0.664062 0

0.0078125 0.679688 0
0.0234375 0.679688 0
0.0390625 0.679688 0
0.0546875 0.679688 0
0.0703125 0.679688 0
0.0859375 0.679688 0
0.101562 0.679688 0
0.117188 0.679688 0
0.132812 0.679688 0
0.148438 0.679688 0
0.164062 0.679688 0
0.179688 0.679688 0
0.195312 0.679688 0
0.210938 0.679688 0
0.226562 0.679688 0
0.242188 0.679688 5.17376e-06
0.257812 0.679688 9.1298e-05
0.273438 0.679688 0.000765577
0.289062 0.679688 0.00405597
0.304688 0.679688 0.0152861
0.320312 0.679688 0.0440831
0.335938 0.679688 0.102679
0.351562 0.679688 0.204095
0.367188 0.679688 0.357267
0.382812 0.679688 0.566707
0.398438 0.679688 0.753793
0.414062 0.679688 0.92503
0.429688 0.679688 0.944149
0.445312 0.679688 0.933715
0.460938 0.679688 0.929238
0.476562 0.679688 0.924869
0.492188 0.679688 0.897015
0.507812 0.679688 0.753249
0.523438 0.679688 0.201831
0.539062 0.679688 0.00328407
0.554688 0.679688 2.08459e-05
0.570312 0.679688 7.84785e-08
0.585938 0.679688 0
0.601562 0.679688 0
0.617188 0.679688 0
0.632812 0.679688 0
0.648438 0.679688 0
0.664062 0.679688 0
0.679688 0.679688 0
0.695312 0.679688 0
0.710938 0.679688 0
0.726562 0.679688 0
0.742188 0.679688 0
0.757812 0.679688 0
0.773438 0.679688 0
0.789062 0.679688 0
0.804688 0.679688 0
0.820312 0.679688 0
0.835938 0.679688 0
0.851562 0.679688 0
0.867188 0.679688 0
0.882812 0.679688 0
0.898438 0.679688 0
0.914062 0.679688 0
0.929688 0.679688 0
0.945312 0.679688 0
0.960938 0.679688 0
0.976562 0.679688 0
0.992188 0.679688 0

0.0078125 0.695312 0
0.0234375 0.695312 0
0.0390625 0.695312 0
0.0546875 0.695312 0
0.0703125 0.695312 0
0.0859375 0.695312 0
0.101562 0.695312 0
0.117188 0.695312 0
0.132812 0.695312 0
0.148438 0.695312 0
0.164062 0.695312 0
0.179688 0.695312 0
0.195312 0.695312 0
0.210938 0.695312 0
0.226562 0.695312 0
0.242188 0.695312 5.17376e-06
0.257812 0.695312 9.1298e-05
0.273438 0.695312 0.000765577
0.289062 0.695312 0.00405597
0.304688 0.695312 0.0152861
0.320312 0.695312 0.0440831
0.335938 0.695312 0.102679
0.351562 0.695312 0.204095
0.367188 0.695312 0.357267
0.382812 0.695312 0.566707
0.398438 0.695312 0.753793
0.414062 0.695312 0.92503
0.429688 0.695312 0.944149
0.445312 0.695312 0.933715
0.460938 0.695312 0.929238
0.476562 0.695312 0.924869
0.492188 0.695312 0.897015
0.507812 0.695312 0.753249
0.523438 0.695312 0.201831
0.539062 0.695312 0.00328407
0.554688 0.695312 2.08459e-05
0.570312 0.695312 7.84785e-08
0.585938 0.695312 0
0.601562 0.695312 0
0.617188 0.695312 0
0.632812 0.695312 0
0.648438 0.695312 0
0.664062 0.695312 0
0.679688 0.695312 0
0.695312 0.695312 0
0.710938 0.695312 0
0.726562 0.695312 0
0.742188 0.695312 0
0.757812 0.695312 0
0.773438 0.695312 0
0.789062 0.695312 0
0.804688 0.695312 0
0.820312 0.695312 0
0.835938 0.695312 0
0.851562 0.695312 0
0.867188 0.695312 0
0.882812 0.695312 0
0.898438 0.695312 0
0.914062 0.695312 0
0.929688 0.695312 0
0.945312 0.695312 0
0.960938 0.695312 0
0.976562 0.695312 0
0.992188 0.695312 0

0.0078125 0.710938 0
0.0234375 0.710938 0
0.0390625 0.710938 0
0.0546875 0.710938 0
0.0703125 0.710938 0
0.0859375 0.710938 0
0.101562 0.710938 0
0.117188 0.710938 0
0.132812 0.710938 0
0.148438 0.710938 0
0.164062 0.710938 0
0.179688 0.710938 0
0.195312 0.710938 0
0.210938 0.710938 0
0.226562 0.710938 0
0.242188 0.710938 5.17376e-06
0.257812 0.710938 9.1298e-05
0.273438 0.710938 0.000765577
0.289062 0.710938 0.00405597
0.304688 0.710938 0.0152861
0.320312 0.710938 0.0440831
0.335938 0.710938 0.102679
0.351562 0.710938 0.204095
0.367188 0.710938 0.357267
0.382812 0.710938 0.566707
0.398438 0.710938 0.753793
0.414062 0.710938 0.92503
0.429688 0.710938 0.944149
0.445312 0.710938 0.933715
0.460938 0.710938 0.929238
0.476562 0.710938 0.924869
0.492188 0.710938 0.897015
0.507812 0.710938 0.753249
0.523438 0.710938 0.201831
0.539062 0.710938 0.00328407
0.554688 0.710938 2.08459e-05
0.570312 0.710938 7.84785e-08
0.585938 0.710938 0
0.601562 0.710938 0
0.617188 0.710938 0
0.632812 0.710938 0
0.648438 0.710938 0
0.664062 0.710938 0
0.679688 0.710938 0
0.695312 0.710938 0
0.710938 0.710938 0
0.726562 0.710938 0
0.742188 0.710938 0
0.757812 0.710938 0
0.773438 0.710938 0
0.789062 0.710938 0
0.804688 0.710938 0
0.820312 0.710938 0
0.835938 0.710938 0
0.851562 0.710938 0
0.867188 0.710938 0
0.882812 0.710938 0
0.898438 0.710938 0
0.914062 0.710938 0
0.929688 0.710938 0
0.945312 0.710938 0
0.960938 0.710938 0
0.976562 0.710938 0
0.992188 0.710938 0

0.0078125 0.726562 0
0.0234375 0.726562 0
0.0390625 0.726562 0
0.0546875 0.726562 0
0.0703125 0.726562 0
0.0859375 0.726562 0
0.101562 0.726562 0
0.117188 0.726562 0
0.132812 0.726562 0
0.148438 0.726562 0
0.164062 0.726562 0
0.179688 0.726562 0
0.195312 0.726562 0
0.210938 0.726562 0
0.226562 0.726562 0
0.242188 0.726562 5.17376e-06
0.257812 0.726562 9.1298e-05
0.273438 0.726562 0.000765577
0.289062 0.726562 0.00405597
0.304688 0.726562 0.0152861
0.320312 0.726562 0.0440831
0.335938 0.726562 0.102679
0.351562 0.726562 0.204095
0.367188 0.726562 0.357267
0.382812 0.726562 0.566707
0.398438 0.726562 0.753793
0.414062 0.726562 0.92503
0.429688 0.726562 0.944149
0.445312 0.726562 0.933715
0.460938 0.726562 0.929238
0.476562 0.726562 0.924869
0.492188 0.726562 0.897015
0.507812 0.726562 0.753249
0.523438 0.726562 0.201831
0.539062 0.726562 0.00328407
0.554688 0.726562 2.08459e-05
0.570312 0.726562 7.84785e-08
0.585938 0.726562 0
0.601562 0.726562 0
0.617188 0.726562 0
0.632812 0.726562 0
0.648438 0.726562 0
0.664062 0.726562 0
0.679688 0.726562 0
0.695312 0.726562 0
0.710938 0.726562 0
0.726562 0.726562 0
0.742188 0.726562 0
0.757812 0.726562 0
0.773438 0.726562 0
0.789062 0.726562 0
0.804688 0.726562 0
0.820312 0.726562 0
0.835938 0.726562 0
0.851562 0.726562 0
0.867188 0.726562 0
0.882812 0.726562 0
0.898438 0.726562 0
0.914062 0.726562 0
0.929688 0.726562 0
0.945312 0.726562 0
0.960938 0.726562 0
0.976562 0.726562 0
0.992188 0.726562 0

0.0078125 0.742188 0
0.0234375 0.742188 0
0.0390625 0.742188 0
0.0546875 0.742188 0
0.0703125 0.742188 0
0.0859375 0.742188 0
0.101562 0.742188 0
0.117188 0.742188 0
0.132812 0.742188 0
0.148438 0.742188 0
0.164062 0.742188 0
0.179688 0.742188 0
0.195312 0.742188 0
0.210938 0.742188 0
0.226562 0.742188 0
0.242188 0.742188 5.17376e-06
0.257812 0.742188 9.1298e-05
0.273438 0.742188 0.000765577
0.289062 0.742188 0.00405597
0.304688 0.742188 0.0152861
0.320312 0.742188 0.0440831
0.335938 0.742188 0.102679
0.351562 0.742188 0.204095
0.367188 0.742188 0.357267
0.382812 0.742188 0.566707
0.398438 0.742188 0.753793
0.414062 0.742188 0.92503
0.429688 0.742188 0.944149
0.445312 0.742188 0.933715
0.460938 0.742188 0.929238
0.476562 0.742188 0.924869
0.492188 0.742188 0.897015
0.507812 0.742188 0.753249
0.523438 0.742188 0.201831
0.539062 0.742188 0.00328407
0.554688 0.742188 2.08459e-05
0.570312 0.742188 7.84785e-08
0.585938 0.742188 0
0.601562 0.742188 0
0.617188 0.742188 0
0.632812 0.742188 0
0.648438 0.742188 0
0.664062 0.742188 0
0.679688 0.742188 0
0.695312 0.742188 0
0.710938 0.742188 0
0.726562 0.742188 0
0.742188 0.742188 0
0.757812 0.742188 0
0.773438 0.742188 0
0.789062 0.742188 0
0.804688 0.742188 0
0.820312 0.742188 0
0.835938 0.742188 0
0.851562 0.742188 0
0.867188 0.742188 0
0.882812 0.742188 0
0.898438 0.742188 0
0.914062 0.742188 0
0.929688 0.742188 0
0.945312 0.742188 0
0.960938 0.742188 0
0.976562 0.742188 0
0.992188 0.742188 0

0.0078125 0.757812 0
0.0234375 0.757812 0
0.0390625 0.757812 0
0.0546875 0.757812 0
0.0703125 0.757812 0
0.0859375 0.757812 0
0.101562 0.757812 0
0.117188 0.757812 0
0.132812 0.757812 0
0.148438 0.757812 0
0.164062 0.757812 0
0.179688 0.757812 0
0.195312 0.757812 0
0.210938 0.757812 0
0.226562 0.757812 0
0.242188 0.757812 5.17376e-06
0.257812 0.757812 9.1298e-05
0.273438 0.757812 0.000765577
0.289062 0.757812 0.00405597
0.304688 0.757812 0.0152861
0.320312 0.757812 0.0440831
0.335938 0.757812 0.102679
0.351562 0.757812 0.204095
0.367188 0.757812 0.357267
0.382812 0.757812 0.566707
0.398438 0.757812 0.753793
0.414062 0.757812 0.92503
0.429688 0.757812 0.944149
0.445312 0.757812 0.933715
0.460938 0.757812 0.929238
0.476562 0.757812 0.924869
0.492188 0.757812 0.897015
0.507812 0.757812 0.753249
0.523438 0.757812 0.201831
0.539062 0.757812 0.00328407
0.554688 0.757812 2.08459e-05
0.570312 0.757812 7.84785e-08
0.585938 0.757812 0
0.601562 0.757812 0
0.617188 0.757812 0
0.632812 0.757812 0
0.648438 0.757812 0
0.664062 0.757812 0
0.679688 0.757812 0
0.695312 0.757812 0
0.710938 0.757812 0
0.726562 0.757812 0
0.742188 0.757812 0
0.757812 0.757812 0
0.773438 0.757812 0
0.789062 0.757812 0
0.804688 0.757812 0
0.820312 0.757812 0
0.835938 0.757812 0
0.851562 0.757812 0
0.867188 0.757812 0
0.882812 0.757812 0
0.898438 0.757812 0
0.914062 0.757812 0
0.929688 0.757812 0
0.945312 0.757812 0
0.960938 0.757812 0
0.976562 0.757812 0
0.992188 0.757812 0

0.0078125 0.773438 0
0.0234375 0.773438 0
0.0390625 0.773438 0
0.0546875 0.773438 0
0.0703125 0.773438 0
0.0859375 0.773438 0
0.101562 0.773438 0
0.117188 0.773438 0
0.132812 0.773438 0
0.148438 0.773438 0
0.164062 0.773438 0
0.179688 0.773438 0
0.195312 0.773438 0
0.210938 0.773438 0
0.226562 0.773438 0
0.242188 0.773438 5.17376e-06
0.257812 0.773438 9.1298e-05
0.273438 0.773438 0.000765577
0.289062 0.773438 0.00405597
0.304688 0.773438 0.0152861
0.320312 0.773438 0.0440831
0.335938 0.773438 0.102679
0.351562 0.773438 0.204095
0.367188 0.773438 0.357267
0.382812 0.773438 0.566707
0.398438 0.773438 0.753793
0.414062 0.773438 0.92503
0.429688 0.773438 0.944149
0.445312 0.773438 0.933715
0.460938 0.773438 0.929238
0.476562 0.773438 0.924869
0.492188 0.773438 0.897015
0.507812 0.773438 0.753249
0.523438 0.773438 0.201831
0.539062 0.773438 0.00328407
0.554688 0.773438 2.08459e-05
0.570312 0.773438 7.84785e-08
0.585938 0.773438 0
0.601562 0.773438 0
0.617188 0.773438 0
0.632812 0.773438 0
0.648438 0.773438 0
0.664062 0.773438 0
0.679688 0.773438 0
0.695312 0.773438 0
0.710938 0.773438 0
0.726562 0.773438 0
0.742188 0.773438 0
0.757812 0.773438 0
0.773438 0.773438 0
0.789062 0.773438 0
0.804688 0.773438 0
0.820312 0.773438 0
0.835938 0.773438 0
0.851562 0.773438 0
0.867188 0.773438 0
0.882812 0.773438 0
0.898438 0.773438 0
0.914062 0.773438 0
0.929688 0.773438 0
0.945312 0.773438 0
0.960938 0.773438 0
0.976562 0.773438 0
0.992188 0.773438 0

0.0078125 0.789062 0
0.0234375 0.789062 0
0.0390625 0.789062 0
0.0546875 0.789062 0
0.0703125 0.789062 0
0.0859375 0.789062 0
0.101562 0.789062 0
0.117188 0.789062 0
0.132812 0.789062 0
0.148438 0.789062 0
0.164062 0.789062 0
0.179688 0.789062 0
0.195312 0.789062 0
0.210938 0.789062 0
0.226562 0.789062 0
0.242188 0.789062 5.17376e-06
0.257812 0.789062 9.1298e-05
0.273438 0.789062 0.000765577
0.289062 0.789062 0.00405597
0.304688 0.789062 0.0152861
0.320312 0.789062 0.0440831
0.335938 0.789062 0.102679
0.351562 0.789062 0.204095
0.367188 0.789062 0.357267
0.382812 0.789062 0.566707
0.398438 0.789062 0.753793
0.414062 0.789062 0.92503
0.429688 0.789062 0.944149
0.445312 0.789062 0.933715
0.460938 0.789062 0.929238
0.476562 0.789062 0.924869
0.492188 0.789062 0.897015
0.507812 0.789062 0.753249
0.523438 0.789062 0.201831
0.539062 0.789062 0.00328407
0.554688 0.789062 2.08459e-05
0.570312 0.789062 7.84785e-08
0.585938 0.789062 0
0.601562 0.789062 0
0.617188 0.789062 0
0.632812 0.789062 0
0.648438 0.789062 0
0.664062 0.789062 0
0.679688 0.789062 0
0.695312 0.789062 0
0.710938 0.789062 0
0.726562 0.789062 0
0.742188 0.789062 0
0.757812 0.789062 0
0.773438 0.789062 0
0.789062 0.789062 0
0.804688 0.789062 0
0.820312 0.789062 0
0.835938 0.789062 0
0.851562 0.789062 0
0.867188 0.789062 0
0.882812 0.789062 0
0.898438 0.789062 0
0.914062 0.789062 0
0.929688 0.789062 0
0.945312 0.789062 0
0.960938 0.789062 0
0.976562 0.789062 0
0.992188 0.789062 0

0.0078125 0.804688 0
0.0234375 0.804688 0
0.0390625 0.804688 0
0.0546875 0.804688 0
0.0703125 0.804688 0
0.0859375 0.804688 0
0.101562 0.804688 0
0.117188 0.804688 0
0.132812 0.804688 0
0.148438 0.804688 0
0.164062 0.804688 0
0.179688 0.804688 0
0.195312 0.804688 0
0.210938 0.804688 0
0.226562 0.804688 0
0.242188 0.804688 5.17376e-06
0.257812 0.804688 9.1298e-05
0.273438 0.804688 0.000765577
0.289062 0.804688 0.00405597
0.304688 0.804688 0.0152861
0.320312 0.804688 0.0440831
0.335938 0.804688 0.102679
0.351562 0.804688 0.204095
0.367188 0.804688 0.357267
0.382812 0.804688 0.566707
0.398438 0.804688 0.753793
0.414062 0.804688 0.92503
0.429688 0.804688 0.944149
0.445312 0.804688 0.933715
0.460938 0.804688 0.929238
0.476562 0.804688 0.924869
0.492188 0.804688 0.897015
0.507812 0.804688 0.753249
0.523438 0.804688 0.201831
0.539062 0.804688 0.00328407
0.554688 0.804688 2.08459e-05
0.570312 0.804688 7.84785e-08
0.585938 0.804688 0
0.601562 0.804688 0
0.617188 0.804688 0
0.632812 0.804688 0
0.648438 0.804688 0
0.664062 0.804688 0
0.679688 0.804688 0
0.695312 0.804688 0
0.710938 0.804688 0
0.726562 0.804688 0
0.742188 0.804688 0
0.757812 0.804688 0
0.773438 0.804688 0
0.789062 0.804688 0
0.804688 0.804688 0
0.820312 0.804688 0
0.835938 0.804688 0
0.851562 0.804688 0
0.867188 0.804688 0
0.882812 0.804688 0
0.898438 0.804688 0
0.914062 0.804688 0
0.929688 0.804688 0
0.945312 0.804688 0
0.960938 0.804688 0
0.976562 0.804688 0
0.992188 0.804688 0

0.0078125 0.820312 0
0.0234375 0.820312 0
0.0390625 0.820312 0
0.0546875 0.820312 0
0.0703125 0.820312 0
0.0859375 0.820312 0
0.101562 0.820312 0
0.117188 0.820312 0
0.132812 0.820312 0
0.148438 0.820312 0
0.164062 0.820312 0
0.179688 0.820312 0
0.195312 0.820312 0
0.210938 0.820312 0
0.226562 0.820312 0
0.242188 0.820312 5.17376e-06
0.257812 0.820312 9.1298e-05
0.273438 0.820312 0.000765577
0.289062 0.820312 0.00405597
0.304688 0.820312 0.0152861
0.320312 0.820312 0.0440831
0.335938 0.820312 0.102679
0.351562 0.820312 0.204095
0.367188 0.820312 0.357267
0.382812 0.820312 0.566707
0.398438 0.820312 0.753793
0.414062 0.820312 0.92503
0.429688 0.820312 0.944149
0.445312 0.820312 0.933715
0.460938 0.820312 0.929238
0.476562 0.820312 0.924869
0.492188 0.820312 0.897015
0.507812 0.820312 0.753249
0.523438 0.820312 0.201831
0.539062 0.820312 0.00328407
0.554688 0.820312 2.08459e-05
0.570312 0.820312 7.84785e-08
0.585938 0.820312 0
0.601562 0.820312 0
0.617188 0.820312 0
0.632812 0.820312 0
0.648438 0.820312 0
0.664062 0.820312 0
0.679688 0.820312 0
0.695312 0.820312 0
0.710938 0.820312 0
0.726562 0.820312 0
0.742188 0.820312 0
0.757812 0.820312 0
0.773438 0.820312 0
0.789062 0.820312 0
0.804688 0.820312 0
0.820312 0.820312 0
0.835938 0.820312 0
0.851562 0.820312 0
0.867188 0.820312 0
0.882812 0.820312 0
0.898438 0.820312 0
0.914062 0.820312 0
0.929688 0.820312 0
0.945312 0.820312 0
0.960938 0.820312 0
0.976562 0.820312 0
0.992188 0.820312 0

0.0078125 0.835938 0
0.0234375 0.835938 0
0.0390625 0.835938 0
0.0546875 0.835938 0
0.0703125 0.835938 0
0.0859375 0.835938 0
0.101562 0.835938 0
0.117188 0.835938 0
0.132812 0.835938 0
0.148438 0.835938 0
0.164062 0.835938 0
0.179688 0.835938 0
0.195312 0.835938 0
0.210938 0.835938 0
0.226562 0.835938 0
0.242188 0.835938 5.17376e-06
0.257812 0.835938 9.1298e-05
0.273438 0.835938 0.000765577
0.289062 0.835938 0.00405597
0.304688 0.835938 0.0152861
0.320312 0.835938 0.0440831
0.335938 0.835938 0.102679
0.351562 0.835938 0.204095
0.367188 0.835938 0.357267
0.382812 0.835938 0.566707
0.398438 0.835938 0.753793
0.414062 0.835938 0.92503
0.429688 0.835938 0.944149
0.445312 0.835938 0.933715
0.460938 0.835938 0.929238
0.476562 0.835938 0.924869
0.492188 0.835938 0.897015
0.507812 0.835938 0.753249
0.523438 0.835938 0.201831
0.539062 0.835938 0.00328407
0.554688 0.835938 2.08459e-05
0.570312 0.835938 7.84785e-08
0.585938 0.835938 0
0.601562 0.835938 0
0.617188 0.835938 0
0.632812 0.835938 0
0.648438 0.835938 0
0.664062 0.835938 0
0.679688 0.835938 0
0.695312 0.835938 0
0.710938 0.835938 0
0.726562 0.835938 0
0.742188 0.835938 0
0.757812 0.835938 0
0.773438 0.835938 0
0.789062 0.835938 0
0.804688 0.835938 0
0.820312 0.835938 0
0.835938 0.835938 0
0.851562 0.835938 0
0.867188 0.835938 0
0.882812 0.835938 0
0.898438 0.835938 0
0.914062 0.835938 0
0.929688 0.835938 0
0.945312 0.835938 0
0.960938 0.835938 0
0.976562 0.835938 0
0.992188 0.835938 0

0.0078125 0.851562 0
0.0234375 0.851562 0
0.0390625 0.851562 0
0.0546875 0.851562 0
0.0703125 0.851562 0
0.0859375 0.851562 0
0.101562 0.851562 0
0.117188 0.851562 0
0.132812 0.851562 0
0.148438 0.851562 0
0.164062 0.851562 0
0.179688 0.851562 0
0.195312 0.851562 0
0.210938 0.851562 0
0.226562 0.851562 0
0.242188 0.851562 5.17376e-06
0.257812 0.851562 9.1298e-05
0.273438 0.851562 0.000765577
0.289062 0.851562 0.00405597
0.304688 0.851562 0.0152861
0.320312 0.851562 0.0440831
0.335938 0.851562 0.102679
0.351562 0.851562 0.204095
0.367188 0.851562 0.357267
0.382812 0.851562 0.566707
0.398438 0.851562 0.753793
0.414062 0.851562 0.92503
0.429688 0.851562 0.944149
0.445312 0.851562 0.933715
0.460938 0.851562 0.929238
0.476562 0.851562 0.924869
0.492188 0.851562 0.897015
0.507812 0.851562 0.753249
0.523438 0.851562 0.201831
0.539062 0.851562 0.00328407
0.554688 0.851562 2.08459e-05
0.570312 0.851562 7.84785e-08
0.585938 0.851562 0
0.601562 0.851562 0
0.617188 0.851562 0
0.632812 0.851562 0
0.648438 0.851562 0
0.664062 0.851562 0
0.679688 0.851562 0
0.695312 0.851562 0
0.710938 0.851562 0
0.726562 0.851562 0
0.742188 0.851562 0
0.757812 0.851562 0
0.773438 0.851562 0
0.789062 0.851562 0
0.804688 0.851562 0
0.820312 0.851562 0
0.835938 0.851562 0
0.851562 0.851562 0
0.867188 0.851562 0
0.882812 0.851562 0
0.898438 0.851562 0
0.914062 0.851562 0
0.929688 0.851562 0
0.945312 0.851562 0
0.960938 0.851562 0
0.976562 0.851562 0
0.992188 0.851562 0

0.0078125 0.867188 0
0.0234375 0.867188 0
0.0390625 0.867188 0
0.0546875 0.867188 0
0.0703125 0.867188 0
0.0859375 0.867188 0
0.101562 0.867188 0
0.117188 0.867188 0
0.132812 0.867188 0
0.148438 0.867188 0
0.164062 0.867188 0
0.179688 0.867188 0
0.195312 0.867188 0
0.210938 0.867188 0
0.226562 0.867188 0
0.242188 0.867188 5.17376e-06
0.257812 0.867188 9.1298e-05
0.273438 0.867188 0.000765577
0.289062 0.867188 0.00405597
0.304688 0.867188 0.0152861
0.320312 0.867188 0.0440831
0.335938 0.867188 0.102679
0.351562 0.867188 0.204095
0.367188 0.867188 0.357267
0.382812 0.867188 0.566707
0.398438 0.867188 0.753793
0.414062 0.867188 0.92503
0.429688 0.867188 0.944149
0.445312 0.867188 0.933715
0.460938 0.867188 0.929238
0.476562 0.867188 0.924869
0.492188 0.867188 0.897015
0.507812 0.867188 0.753249
0.523438 0.867188 0.201831
0.539062 0.867188 0.00328407
0.554688 0.867188 2.08459e-05
0.570312 0.867188 7.84785e-08
0.585938 0.867188 0
0.601562 0.867188 0
0.617188 0.867188 0
0.632812 0.867188 0
0.648438 0.867188 0
0.664062 0.867188 0
0.679688 0.867188 0
0.695312 0.867188 0
0.710938 0.867188 0
0.726562 0.867188 0
0.742188 0.867188 0
0.757812 0.867188 0
0.773438 0.867188 0
0.789062 0.867188 0
0.804688 0.867188 0
0.820312 0.867188 0
0.835938 0.867188 0
0.851562 0.867188 0
0.867188 0.867188 0
0.882812 0.867188 0
0.898438 0.867188 0
0.914062 0.867188 0
0.929688 0.867188 0
0.945312 0.867188 0
0.960938 0.867188 0
0.976562 0.867188 0
0.992188 0.867188 0

0.0078125 0.882812 0
0.0234375 0.882812 0
0.0390625 0.882812 0
0.0546875 0.882812 0
0.0703125 0.882812 0
0.0859375 0.882812 0
0.101562 0.882812 0
0.117188 0.882812 0
0.132812 0.882812 0
0.148438 0.882812 0
0.164062 0.882812 0
0.179688 0.882812 0
0.195312 0.882812 0
0.210938 0.882812 0
0.226562 0.882812 0
0.242188 0.882812 5.17376e-06
0.257812 0.882812 9.1298e-05
0.273438 0.882812 0.000765577
0.289062 0.882812 0.00405597
0.304688 0.882812 0.0152861
0.320312 0.882812 0.0440831
0.335938 0.882812 0.102679
0.351562 0.882812 0.204095
0.367188 0.882812 0.357267
0.382812 0.882812 0.566707
0.398438 0.882812 0.753793
0.414062 0.882812 0.92503
0.429688 0.882812 0.944149
0.445312 0.882812 0.933715
0.460938 0.882812 0.929238
0.476562 0.882812 0.924869
0.492188 0.882812 0.897015
0.507812 0.882812 0.753249
0.523438 0.882812 0.201831
0.539062 0.882812 0.00328407
0.554688 0.882812 2.08459e-05
0.570312 0.882812 7.84785e-08
0.585938 0.882812 0
0.601562 0.882812 0
0.617188 0.882812 0
0.632812 0.882812 0
0.648438 0.882812 0
0.664062 0.882812 0
0.679688 0.882812 0
0.695312 0.882812 0
0.710938 0.882812 0
0.726562 0.882812 0
0.742188 0.882812 0
0.757812 0.882812 0
0.773438 0.882812 0
0.789062 0.882812 0
0.804688 0.882812 0
0.820312 0.882812 0
0.835938 0.882812 0
0.851562 0.882812 0
0.867188 0.882812 0
0.882812 0.882812 0
0.898438 0.882812 0
0.914062 0.882812 0
0.929688 0.882812 0
0.945312 0.882812 0
0.960938 0.882812 0
0.976562 0.882812 0
0.992188 0.882812 0

0.0078125 0.898438 0
0.0234375 0.898438 0
0.0390625 0.898438 0
0.0546875 0.898438 0
0.0703125 0.898438 0
0.0859375 0.898438 0
0.101562 0.898438 0
0.117188 0.898438 0
0.132812 0.898438 0
0.148438 0.898438 0
0.164062 0.898438 0
0.179688 0.898438 0
0.195312 0.898438 0
0.210938 0.898438 0
0.226562 0.898438 0
0.242188 0.898438 5.17376e-06
0.257812 0.898438 9.1298e-05
0.273438 0.898438 0.000765577
0.289062 0.898438 0.00405597
0.304688 0.898438 0.0152861
0.320312 0.898438 0.0440831
0.335938 0.898438 0.102679
0.351562 0.898438 0.204095
0.367188 0.898438 0.357267
0.382812 0.898438 0.566707
0.398438 0.898438 0.753793
0.414062 0.898438 0.92503
0.429688 0.898438 0.944149
0.445312 0.898438 0.933715
0.460938 0.898438 0.929238
0.476562 0.898438 0.924869
0.492188 0.898438 0.897015
0.507812 0.898438 0.753249
0.523438 0.898438 0.201831
0.539062 0.898438 0.00328407
0.554688 0.898438 2.08459e-05
0.570312 0.898438 7.84785e-08
0.585938 0.898438 0
0.601562 0.898438 0
0.617188 0.898438 0
0.632812 0.898438 0
0.648438 0.898438 0
0.664062 0.898438 0
0.679688 0.898438 0
0.695312 0.898438 0
0.710938 0.898438 0
0.726562 0.898438 0
0.742188 0.898438 0
0.757812 0.898438 0
0.773438 0.898438 0
0.789062 0.898438 0
0.804688 0.898438 0
0.820312 0.898438 0
0.835938 0.898438 0
0.851562 0.898438 0
0.867188 0.898438 0
0.882812 0.898438 0
0.898438 0.898438 0
0.914062 0.898438 0
0.929688 0.898438 0
0.945312 0.898438 0
0.960938 0.898438 0
0.976562 0.898438 0
0.992188 0.898438 0

0.0078125 0.914062 0
0.0234375 0.914062 0
0.0390625 0.914062 0
0.0546875 0.914062 0
0.0703125 0.914062 0
0.0859375 0.914062 0
0.101562 0.914062 0
0.117188 0.914062 0
0.132812 0.914062 0
0.148438 0.914062 0
0.164062 0.914062 0
0.179688 0.914062 0
0.195312 0.914062 0
0.210938 0.914062 0
0.226562 0.914062 0
0.242188 0.914062 5.17376e-06
0.257812 0.914062 9.1298e-05
0.273438 0.914062 0.000765577
0.289062 0.914062 0.00405597
0.304688 0.914062 0.0152861
0.320312 0.914062 0.0440831
0.335938 0.914062 0.102679
0.351562 0.914062 0.204095
0.367188 0.914062 0.357267
0.382812 0.914062 0.566707
0.398438 0.914062 0.753793
0.414062 0.914062 0.92503
0.429688 0.914062 0.944149
0.445312 0.914062 0.933715
0.460938 0.914062 0.929238
0.476562 0.914062 0.924869
0.492188 0.914062 0.897015
0.507812 0.914062 0.753249
0.523438 0.914062 0.201831
0.539062 0.914062 0.00328407
0.554688 0.914062 2.08459e-05
0.570312 0.914062 7.84785e-08
0.585938 0.914062 0
0.601562 0.914062 0
0.617188 0.914062 0
0.632812 0.914062 0
0.648438 0.914062 0
0.664062 0.914062 0
0.679688 0.914062 0
0.695312 0.914062 0
0.710938 0.914062 0
0.726562 0.914062 0
0.742188 0.914062 0
0.757812 0.914062 0
0.773438 0.914062 0
0.789062 0.914062 0
0.804688 0.914062 0
0.820312 0.914062 0
0.835938 0.914062 0
0.851562 0.914062 0
0.867188 0.914062 0
0.882812 0.914062 0
0.898438 0.914062 0
0.914062 0.914062 0
0.929688 0.914062 0
0.945312 0.914062 0
0.960938 0.914062 0
0.976562 0.914062 0
0.992188 0.914062 0

0.0078125 0.929688 0
0.0234375 0.929688 0
0.0390625 0.929688 0
0.0546875 0.929688 0
0.0703125 0.929688 0
0.0859375 0.929688 0
0.101562 0.929688 0
0.117188 0.929688 0
0.132812 0.929688 0
0.148438 0.929688 0
0.164062 0.929688 0
0.179688 0.929688 0
0.195312 0.929688 0
0.210938 0.929688 0
0.226562 0.929688 0
0.242188 0.929688 5.17376e-06
0.257812 0.929688 9.1298e-05
0.273438 0.929688 0.000765577
0.289062 0.929688 0.00405597
0.304688 0.929688 0.0152861
0.320312 0.929688 0.0440831
0.335938 0.929688 0.102679
0.351562 0.929688 0.204095
0.367188 0.929688 0.357267
0.382812 0.929688 0.566707
0.398438 0.929688 0.753793
0.414062 0.929688 0.92503
0.429688 0.929688 0.944149
0.445312 0.929688 0.933715
0.460938 0.929688 0.929238
0.476562 0.929688 0.924869
0.492188 0.929688 0.897015
0.507812 0.929688 0.753249
0.523438 0.929688 0.201831
0.539062 0.929688 0.00328407
0.554688 0.929688 2.08459e-05
0.570312 0.929688 7.84785e-08
0.585938 0.929688 0
0.601562 0.929688 0
0.617188 0.929688 0
0.632812 0.929688 0
0.648438 0.929688 0
0.664062 0.929688 0
0.679688 0.929688 0
0.695312 0.929688 0
0.710938 0.929688 0
0.726562 0.929688 0
0.742188 0.929688 0
0.757812 0.929688 0
0.773438 0.929688 0
0.789062 0.929688 0
0.804688 0.929688 0
0.820312 0.929688 0
0.835938 0.929688 0
0.851562 0.929688 0
0.867188 0.929688 0
0.882812 0.929688 0
0.898438 0.929688 0
0.914062 0.929688 0
0.929688 0.929688 0
0.945312 0.929688 0
0.960938 0.929688 0
0.976562 0.929688 0
0.992188 0.929688 0

0.0078125 0.945312 0
0.0234375 0.945312 0
0.0390625 0.945312 0
0.0546875 0.945312 0
0.0703125 0.945312 0
0.0859375 0.945312 0
0.101562 0.945312 0
0.117188 0.945312 0
0.132812 0.945312 0
0.148438 0.945312 0
0.164062 0.945312 0
0.179688 0.945312 0
0.195312 0.945312 0
0.210938 0.945312 0
0.226562 0.945312 0
0.242188 0.945312 5.17376e-06
0.257812 0.945312 9.1298e-05
0.273438 0.945312 0.000765577
0.289062 0.945312 0.00405597
0.304688 0.945312 0.0152861
0.320312 0.945312 0.0440831
0.335938 0.945312 0.102679
0.351562 0.945312 0.204095
0.367188 0.945312 0.357267
0.382812 0.945312 0.566707
0.398438 0.945312 0.753793
0.414062 0.945312 0.92503
0.429688 0.945312 0.944149
0.445312 0.945312 0.933715
0.460938 0.945312 0.929238
0.476562 0.945312 0.924869
0.492188 0.945312 0.897015
0.507812 0.945312 0.753249
0.523438 0.945312 0.201831
0.539062 0.945312 0.00328407
0.554688 0.945312 2.08459e-05
0.570312 0.945312 7.84785e-08
0.585938 0.945312 0
0.601562 0.945312 0
0.617188 0.945312 0
0.632812 0.945312 0
0.648438 0.945312 0
0.664062 0.945312 0
0.679688 0.945312 0
0.695312 0.945312 0
0.710938 0.945312 0
0.726562 0.945312 0
0.742188 0.945312 0
0.757812 0.945312 0
0.773438 0.945312 0
0.789062 0.945312 0
0.804688 0.945312 0
0.820312 0.945312 0
0.835938 0.945312 0
0.851562 0.945312 0
0.867188 0.945312 0
0.882812 0.945312 0
0.898438 0.945312 0
0.914062 0.945312 0
0.929688 0.945312 0
0.945312 0.945312 0
0.960938 0.945312 0
0.976562 0.945312 0
0.992188 0.945312 0

0.0078125 0.960938 0
0.0234375 0.960938 0
0.0390625 0.960938 0
0.0546875 0.960938 0
0.0703125 0.960938 0
0.0859375 0.960938 0
0.101562 0.960938 0
0.117188 0.960938 0
0.132812 0.960938 0
0.148438 0.960938 0
0.164062 0.960938 0
0.179688 0.960938 0
0.195312 0.960938 0
0.210938 0.960938 0
0.226562 0.960938 0
0.242188 0.960938 5.17376e-06
0.257812 0.960938 9.1298e-05
0.273438 0.960938 0.000765577
0.289062 0.960938 0.00405597
0.304688 0.960938 0.0152861
0.320312 0.960938 0.0440831
0.335938 0.960938 0.102679
0.351562 0.960938 0.204095
0.367188 0.960938 0.357267
0.382812 0.960938 0.566707
0.398438 0.960938 0.753793
0.414062 0.960938 0.92503
0.429688 0.960938 0.944149
0.445312 0.960938 0.933715
0.460938 0.960938 0.929238
0.476562 0.960938 0.924869
0.492188 0.960938 0.897015
0.507812 0.960938 0.753249
0.523438 0.960938 0.201831
0.539062 0.960938 0.00328407
0.554688 0.960938 2.08459e-05
0.570312 0.960938 7.84785e-08
0.585938 0.960938 0
0.601562 0.960938 0
0.617188 0.960938 0
0.632812 0.960938 0
0.648438 0.960938 0
0.664062 0.960938 0
0.679688 0.960938 0
0.695312 0.960938 0
0.710938 0.960938 0
0.726562 0.960938 0
0.742188 0.960938 0
0.757812 0.960938 0
0.773438 0.960938 0
0.789062 0.960938 0
0.804688 0.960938 0
0.820312 0.960938 0
0.835938 0.960938 0
0.851562 0.960938 0
0.867188 0.960938 0
0.882812 0.960938 0
0.898438 0.960938 0
0.914062 0.960938 0
0.929688 0.960938 0
0.945312 0.960938 0
0.960938 0.960938 0
0.976562 0.960938 0
0.992188 0.960938 0

0.0078125 0.976562 0
0.0234375 0.976562 0
0.0390625 0.976562 0
0.0546875 0.976562 0
0.0703125 0.976562 0
0.0859375 0.976562 0
0.101562 0.976562 0
0.117188 0.976562 0
0.132812 0.976562 0
0.148438 0.976562 0
0.164062 0.976562 0
0.179688 0.976562 0
0.195312 0.976562 0
0.210938 0.976562 0
0.226562 0.976562 0
0.242188 0.976562 5.17376e-06
0.257812 0.976562 9.1298e-05
0.273438 0.976562 0.000765577
0.289062 0.976562 0.00405597
0.304688 0.976562 0.0152861
0.320312 0.976562 0.0440831
0.335938 0.976562 0.102679
0.351562 0.976562 0.204095
0.367188 0.976562 0.357267
0.382812 0.976562 0.566707
0.398438 0.976562 0.753793
0.414062 0.976562 0.92503
0.429688 0.976562 0.944149
0.445312 0.976562 0.933715
0.460938 0.976562 0.929238
0.476562 0.976562 0.924869
0.492188 0.976562 0.897015
0.507812 0.976562 0.753249
0.523438 0.976562 0.201831
0.539062 0.976562 0.00328407
0.554688 0.976562 2.08459e-05
0.570312 0.976562 7.84785e-08
0.585938 0.976562 0
0.601562 0.976562 0
0.617188 0.976562 0
0.632812 0.976562 0
0.648438 0.976562 0
0.664062 0.976562 0
0.679688 0.976562 0
0.695312 0.976562 0
0.710938 0.976562 0
0.726562 0.976562 0
0.742188 0.976562 0
0.757812 0.976562 0
0.773438 0.976562 0
0.789062 0.976562 0
0.804688 0.976562 0
0.820312 0.976562 0
0.835938 0.976562 0
0.851562 0.976562 0
0.867188 0.976562 0
0.882812 0.976562 0
0.898438 0.976562 0
0.914062 0.976562 0
0.929688 0.976562 0
0.945312 0.976562 0
0.960938 0.976562 0
0.976562 0.976562 0
0.992188 0.976562 0

0.0078125 0.992188 0
0.0234375 0.992188 0
0.0390625 0.992188 0
0.0546875 0.992188 0
0.0703125 0.992188 0
0.0859375 0.992188 0
0.101562 0.992188 0
0.117188 0.992188 0
0.132812 0.992188 0
0.148438 0.992188 0
0.164062 0.992188 0
0.179688 0.992188 0
0.195312 0.992188 0
0.210938 0.992188 0
0.226562 0.992188 0
0.242188 0.992188 5.17376e-06
0.257812 0.992188 9.1298e-05
0.273438 0.992188 0.000765577
0.289062 0.992188 0.00405597
0.304688 0.992188 0.0152861
0.320312 0.992188 0.0440831
0.335938 0.992188 0.102679
0.351562 0.992188 0.204095
0.367188 0.992188 0.357267
0.382812 0.992188 0.566707
0.398438 0.992188 0.753793
0.414062 0.992188 0.92503
0.429688 0.992188 0.944149
0.445312 0.992188 0.933715
0.460938 0.992188 0.929238
0.476562 0.992188 0.924869
0.492188 0.992188 0.897015
0.507812 0.992188 0.753249
0.523438 0.992188 0.201831
0.539062 0.992188 0.00328407
0.554688 0.992188 2.08459e-05
0.570312 0.992188 7.84785e-08
0.585938 0.992188 0
0.601562 0.992188 0
0.617188 0.992188 0
0.632812 0.992188 0
0.648438 0.992188 0
0.664062 0.992188 0
0.679688 0.992188 0
0.695312 0.992188 0
0.710938 0.992188 0
0.726562 0.992188 0
0.742188 0.992188 0
0.757812 0.992188 0
0.773438 0.992188 0
0.789062 0.992188 0
0.804688 0.992188 0
0.820312 0.992188 0
0.835938 0.992188 0
0.851562 0.992188 0
0.867188 0.992188 0
0.882812 0.992188 0
0.898438 0.992188 0
0.914062 0.992188 0
0.929688 0.992188 0
0.945312 0.992188 0
0.960938 0.992188 0
0.976562 0.992188 0
0.992188 0.992188 0

