0.0078125 0.0078125 0
0.0234375 0.0078125 0
0.0390625 0.0078125 0
0.0546875 0.0078125 0
0.0703125 0.0078125 0
0.0859375 0.0078125 0
0.101562 0.0078125 0
0.117188 0.0078125 0
0.132812 0.0078125 0
0.148438 0.0078125 0
0.164062 0.0078125 0
0.179688 0.0078125 0
0.195312 0.0078125 0
0.210938 0.0078125 6.94855e-07
0.226562 0.0078125 1.42525e-05
0.242188 0.0078125 0.000140065
0.257812 0.0078125 0.000876416
0.273438 0.0078125 0.00391818
0.289062 0.0078125 0.013354
0.304688 0.0078125 0.0363317
0.320312 0.0078125 0.082074
0.335938 0.0078125 0.159639
0.351562 0.0078125 0.275411
0.367188 0.0078125 0.440593
0.382812 0.0078125 0.62171
0.398438 0.0078125 0.780933
0.414062 0.0078125 0.925712
0.429688 0.0078125 0.94353
0.445312 0.0078125 0.933595
0.460938 0.0078125 0.929835
0.476562 0.0078125 0.928889
0.492188 0.0078125 0.924409
0.507812 0.0078125 0.900233
0.523438 0.0078125 0.778873
0.539062 0.0078125 0.302347
0.554688 0.0078125 0.00663816
0.570312 0.0078125 5.09327e-05
0.585938 0.0078125 2.87102e-07
0.601562 0.0078125 9.89296e-10
0.617188 0.0078125 0
0.632812 0.0078125 0
0.648438 0.0078125 0
0.664062 0.0078125 0
0.679688 0.0078125 0
0.695312 0.0078125 0
0.710938 0.0078125 0
0.726562 0.0078125 0
0.742188 0.0078125 0
0.757812 0.0078125 0
0.773438 0.0078125 0
0.789062 0.0078125 0
0.804688 0.0078125 0
0.820312 0.0078125 0
0.835938 0.0078125 0
0.851562 0.0078125 0
0.867188 0.0078125 0
0.882812 0.0078125 0
0.898438 0.0078125 0
0.914062 0.0078125 0
0.929688 0.0078125 0
0.945312 0.0078125 0
0.960938 0.0078125 0
0.976562 0.0078125 0
0.992188 0.0078125 0

0.0078125 0.0234375 0
0.0234375 0.0234375 0
0.0390625 0.0234375 0
0.0546875 0.0234375 0
0.0703125 0.0234375 0
0.0859375 0.0234375 0
0.101562 0.0234375 0
0.117188 0.0234375 0
0.132812 0.0234375 0
0.148438 0.0234375 0
0.164062 0.0234375 0
0.179688 0.0234375 0
0.195312 0.0234375 0
0.210938 0.0234375 6.94855e-07
0.226562 0.0234375 1.42525e-05
0.242188 0.0234375 0.000140065
0.257812 0.0234375 0.000876416
0.273438 0.0234375 0.00391818
0.289062 0.0234375 0.013354
0.304688 0.0234375 0.0363317
0.320312 0.0234375 0.082074
0.335938 0.0234375 0.159639
0.351562 0.0234375 0.275411
0.367188 0.0234375 0.440593
0.382812 0.0234375 0.62171
0.398438 0.0234375 0.780933
0.414062 0.0234375 0.925712
0.429688 0.0234375 0.94353
0.445312 0.0234375 0.933595
0.460938 0.0234375 0.929835
0.476562 0.0234375 0.928889
0.492188 0.0234375 0.924409
0.507812 0.0234375 0.900233
0.523438 0.0234375 0.778873
0.539062 0.0234375 0.302347
0.554688 0.0234375 0.00663816
0.570312 0.0234375 5.09327e-05
0.585938 0.0234375 2.87102e-07
0.601562 0.0234375 9.89296e-10
0.617188 0.0234375 0
0.632812 0.0234375 0
0.648438 0.0234375 0
0.664062 0.0234375 0
0.679688 0.0234375 0
0.695312 0.0234375 0
0.710938 0.0234375 0
0.726562 0.0234375 0
0.742188 0.0234375 0
0.757812 0.0234375 0
0.773438 0.0234375 0
0.789062 0.0234375 0
0.804688 0.0234375 0
0.820312 0.0234375 0
0.835938 0.0234375 0
0.851562 0.0234375 0
0.867188 0.0234375 0
0.882812 0.0234375 0
0.898438 0.0234375 0
0.914062 0.0234375 0
0.929688 0.0234375 0
0.945312 0.0234375 0
0.960938 0.0234375 0
0.976562 0.0234375 0
0.992188 0.0234375 0

0.0078125 0.0390625 0
0.0234375 0.0390625 0
0.0390625 0.0390625 0
0.0546875 0.0390625 0
0.0703125 0.0390625 0
0.0859375 0.0390625 0
0.101562 0.0390625 0
0.117188 0.0390625 0
0.132812 0.0390625 0
0.148438 0.0390625 0
0.164062 0.0390625 0
0.179688 0.0390625 0
0.195312 0.0390625 0
0.210938 0.0390625 6.94855e-07
0.226562 0.0390625 1.42525e-05
0.242188 0.0390625 0.000140065
0.257812 0.0390625 0.000876416
0.273438 0.0390625 0.00391818
0.289062 0.0390625 0.013354
0.304688 0.0390625 0.0363317
0.320312 0.0390625 0.082074
0.335938 0.0390625 0.159639
0.351562 0.0390625 0.275411
0.367188 0.0390625 0.440593
0.382812 0.0390625 0.62171
0.398438 0.0390625 0.780933
0.414062 0.0390625 0.925712
0.429688 0.0390625 0.94353
0.445312 0.0390625 0.933595
0.460938 0.0390625 0.929835
0.476562 0.0390625 0.928889
0.492188 0.0390625 0.924409
0.507812 0.0390625 0.900233
0.523438 0.0390625 0.778873
0.539062 0.0390625 0.302347
0.554688 0.0390625 0.00663816
0.570312 0.0390625 5.09327e-05
0.585938 0.0390625 2.87102e-07
0.601562 0.0390625 9.89296e-10
0.617188 0.0390625 0
0.632812 0.0390625 0
0.648438 0.0390625 0
0.664062 0.0390625 0
0.679688 0.0390625 0
0.695312 0.0390625 0
0.710938 0.0390625 0
0.726562 0.0390625 0
0.742188 0.0390625 0
0.757812 0.0390625 0
0.773438 0.0390625 0
0.789062 0.0390625 0
0.804688 0.0390625 0
0.820312 0.0390625 0
0.835938 0.0390625 0
0.851562 0.0390625 0
0.867188 0.0390625 0
0.882812 0.0390625 0
0.898438 0.0390625 0
0.914062 0.0390625 0
0.929688 0.0390625 0
0.945312 0.0390625 0
0.960938 0.0390625 0
0.976562 0.0390625 0
0.992188 0.0390625 0

0.0078125 0.0546875 0
0.0234375 0.0546875 0
0.0390625 0.0546875 0
0.0546875 0.0546875 0
0.0703125 0.0546875 0
0.0859375 0.0546875 0
0.101562 0.0546875 0
0.117188 0.0546875 0
0.132812 0.0546875 0
0.148438 0.0546875 0
0.164062 0.0546875 0
0.179688 0.0546875 0
0.195312 0.0546875 0
0.210938 0.0546875 6.94855e-07
0.226562 0.0546875 1.42525e-05
0.242188 0.0546875 0.000140065
0.257812 0.0546875 0.000876416
0.273438 0.0546875 0.00391818
0.289062 0.0546875 0.013354
0.304688 0.0546875 0.0363317
0.320312 0.0546875 0.082074
0.335938 0.0546875 0.159639
0.351562 0.0546875 0.275411
0.367188 0.0546875 0.440593
0.382812 0.0546875 0.62171
0.398438 0.0546875 0.780933
0.414062 0.0546875 0.925712
0.429688 0.0546875 0.94353
0.445312 0.0546875 0.933595
0.460938 0.0546875 0.929835
0.476562 0.0546875 0.928889
0.492188 0.0546875 0.924409
0.507812 0.0546875 0.900233
0.523438 0.0546875 0.778873
0.539062 0.0546875 0.302347
0.554688 0.0546875 0.00663816
0.570312 0.0546875 5.09327e-05
0.585938 0.0546875 2.87102e-07
0.601562 0.0546875 9.89296e-10
0.617188 0.0546875 0
0.632812 0.0546875 0
0.648438 0.0546875 0
0.664062 0.0546875 0
0.679688 0.0546875 0
0.695312 0.0546875 0
0.710938 0.0546875 0
0.726562 0.0546875 0
0.742188 0.0546875 0
0.757812 0.0546875 0
0.773438 0.0546875 0
0.789062 0.0546875 0
0.804688 0.0546875 0
0.820312 0.0546875 0
0.835938 0.0546875 0
0.851562 0.0546875 0
0.867188 0.0546875 0
0.882812 0.0546875 0
0.898438 0.0546875 0
0.914062 0.0546875 0
0.929688 0.0546875 0
0.945312 0.0546875 0
0.960938 0.0546875 0
0.976562 0.0546875 0
0.992188 0.0546875 0

0.0078125 0.0703125 0
0.0234375 0.0703125 0
0.0390625 0.0703125 0
0.0546875 0.0703125 0
0.0703125 0.0703125 0
0.0859375 0.0703125 0
0.101562 0.0703125 0
0.117188 0.0703125 0
0.132812 0.0703125 0
0.148438 0.0703125 0
0.164062 0.0703125 0
0.179688 0.0703125 0
0.195312 0.0703125 0
0.210938 0.0703125 6.94855e-07
0.226562 0.0703125 1.42525e-05
0.242188 0.0703125 0.000140065
0.257812 0.0703125 0.000876416
0.273438 0.0703125 0.00391818
0.289062 0.0703125 0.013354
0.304688 0.0703125 0.0363317
0.320312 0.0703125 0.082074
0.335938 0.0703125 0.159639
0.351562 0.0703125 0.275411
0.367188 0.0703125 0.440593
0.382812 0.0703125 0.62171
0.398438 0.0703125 0.780933
0.414062 0.0703125 0.925712
0.429688 0.0703125 0.94353
0.445312 0.0703125 0.933595
0.460938 0.0703125 0.929835
0.476562 0.0703125 0.928889
0.492188 0.0703125 0.924409
0.507812 0.0703125 0.900233
0.523438 0.0703125 0.778873
0.539062 0.0703125 0.302347
0.554688 0.0703125 0.00663816
0.570312 0.0703125 5.09327e-05
0.585938 0.0703125 2.87102e-07
0.601562 0.0703125 9.89296e-10
0.617188 0.0703125 0
0.632812 0.0703125 0
0.648438 0.0703125 0
0.664062 0.0703125 0
0.679688 0.0703125 0
0.695312 0.0703125 0
0.710938 0.0703125 0
0.726562 0.0703125 0
0.742188 0.0703125 0
0.757812 0.0703125 0
0.773438 0.0703125 0
0.789062 0.0703125 0
0.804688 0.0703125 0
0.820312 0.0703125 0
0.835938 0.0703125 0
0.851562 0.0703125 0
0.867188 0.0703125 0
0.882812 0.0703125 0
0.898438 0.0703125 0
0.914062 0.0703125 0
0.929688 0.0703125 0
0.945312 0.0703125 0
0.960938 0.0703125 0
0.976562 0.0703125 0
0.992188 0.0703125 0

0.0078125 0.0859375 0
0.0234375 0.0859375 0
0.0390625 0.0859375 0
0.0546875 0.0859375 0
0.0703125 0.0859375 0
0.0859375 0.0859375 0
0.101562 0.0859375 0
0.117188 0.0859375 0
0.132812 0.0859375 0
0.148438 0.0859375 0
0.164062 0.0859375 0
0.179688 0.0859375 0
0.195312 0.0859375 0
0.210938 0.0859375 6.94855e-07
0.226562 0.0859375 1.42525e-05
0.242188 0.0859375 0.000140065
0.257812 0.0859375 0.000876416
0.273438 0.0859375 0.00391818
0.289062 0.0859375 0.013354
0.304688 0.0859375 0.0363317
0.320312 0.0859375 0.082074
0.335938 0.0859375 0.159639
0.351562 0.0859375 0.275411
0.367188 0.0859375 0.440593
0.382812 0.0859375 0.62171
0.398438 0.0859375 0.780933
0.414062 0.0859375 0.925712
0.429688 0.0859375 0.94353
0.445312 0.0859375 0.933595
0.460938 0.0859375 0.929835
0.476562 0.0859375 0.928889
0.492188 0.0859375 0.924409
0.507812 0.0859375 0.900233
0.523438 0.0859375 0.778873
0.539062 0.0859375 0.302347
0.554688 0.0859375 0.00663816
0.570312 0.0859375 5.09327e-05
0.585938 0.0859375 2.87102e-07
0.601562 0.0859375 9.89296e-10
0.617188 0.0859375 0
0.632812 0.0859375 0
0.648438 0.0859375 0
0.664062 0.0859375 0
0.679688 0.0859375 0
0.695312 0.0859375 0
0.710938 0.0859375 0
0.726562 0.0859375 0
0.742188 0.0859375 0
0.757812 0.0859375 0
0.773438 0.0859375 0
0.789062 0.0859375 0
0.804688 0.0859375 0
0.820312 0.0859375 0
0.835938 0.0859375 0
0.851562 0.0859375 0
0.867188 0.0859375 0
0.882812 0.0859375 0
0.898438 0.0859375 0
0.914062 0.0859375 0
0.929688 0.0859375 0
0.945312 0.0859375 0
0.960938 0.0859375 0
0.976562 0.0859375 0
0.992188 0.0859375 0

0.0078125 0.101562 0
0.0234375 0.101562 0
0.0390625 0.101562 0
0.0546875 0.101562 0
0.0703125 0.101562 0
0.0859375 0.101562 0
0.101562 0.101562 0
0.117188 0.101562 0
0.132812 0.101562 0
0.148438 0.101562 0
0.164062 0.101562 0
0.179688 0.101562 0
0.195312 0.101562 0
0.210938 0.101562 6.94855e-07
0.226562 0.101562 1.42525e-05
0.242188 0.101562 0.000140065
0.257812 0.101562 0.000876416
0.273438 0.101562 0.00391818
0.289062 0.101562 0.013354
0.304688 0.101562 0.0363317
0.320312 0.101562 0.082074
0.335938 0.101562 0.159639
0.351562 0.101562 0.275411
0.367188 0.101562 0.440593
0.382812 0.101562 0.62171
0.398438 0.101562 0.780933
0.414062 0.101562 0.925712
0.429688 0.101562 0.94353
0.445312 0.101562 0.933595
0.460938 0.101562 0.929835
0.476562 0.101562 0.928889
0.492188 0.101562 0.924409
0.507812 0.101562 0.900233
0.523438 0.101562 0.778873
0.539062 0.101562 0.302347
0.554688 0.101562 0.00663816
0.570312 0.101562 5.09327e-05
0.585938 0.101562 2.87102e-07
0.601562 0.101562 9.89296e-10
0.617188 0.101562 0
0.632812 0.101562 0
0.648438 0.101562 0
0.664062 0.101562 0
0.679688 0.101562 0
0.695312 0.101562 0
0.710938 0.101562 0
0.726562 0.101562 0
0.742188 0.101562 0
0.757812 0.101562 0
0.773438 0.101562 0
0.789062 0.101562 0
0.804688 0.101562 0
0.820312 0.101562 0
0.835938 0.101562 0
0.851562 0.101562 0
0.867188 0.101562 0
0.882812 0.101562 0
0.898438 0.101562 0
0.914062 0.101562 0
0.929688 0.101562 0
0.945312 0.101562 0
0.960938 0.101562 0
0.976562 0.101562 0
0.992188 0.101562 0

0.0078125 0.117188 0
0.0234375 0.117188 0
0.0390625 0.117188 0
0.0546875 0.117188 0
0.0703125 0.117188 0
0.0859375 0.117188 0
0.101562 0.117188 0
0.117188 0.117188 0
0.132812 0.117188 0
0.148438 0.117188 0
0.164062 0.117188 0
0.179688 0.117188 0
0.195312 0.117188 0
0.210938 0.117188 6.94855e-07
0.226562 0.117188 1.42525e-05
0.242188 0.117188 0.000140065
0.257812 0.117188 0.000876416
0.273438 0.117188 0.00391818
0.289062 0.117188 0.013354
0.304688 0.117188 0.0363317
0.320312 0.117188 0.082074
0.335938 0.117188 0.159639
0.351562 0.117188 0.275411
0.367188 0.117188 0.440593
0.382812 0.117188 0.62171
0.398438 0.117188 0.780933
0.414062 0.117188 0.925712
0.429688 0.117188 0.94353
0.445312 0.117188 0.933595
0.460938 0.117188 0.929835
0.476562 0.117188 0.928889
0.492188 0.117188 0.924409
0.507812 0.117188 0.900233
0.523438 0.117188 0.778873
0.539062 0.117188 0.302347
0.554688 0.117188 0.00663816
0.570312 0.117188 5.09327e-05
0.585938 0.117188 2.87102e-07
0.601562 0.117188 9.89296e-10
0.617188 0.117188 0
0.632812 0.117188 0
0.648438 0.117188 0
0.664062 0.117188 0
0.679688 0.117188 0
0.695312 0.117188 0
0.710938 0.117188 0
0.726562 0.117188 0
0.742188 0.117188 0
0.757812 0.117188 0
0.773438 0.117188 0
0.789062 0.117188 0
0.804688 0.117188 0
0.820312 0.117188 0
0.835938 0.117188 0
0.851562 0.117188 0
0.867188 0.117188 0
0.882812 0.117188 0
0.898438 0.117188 0
0.914062 0.117188 0
0.929688 0.117188 0
0.945312 0.117188 0
0.960938 0.117188 0
0.976562 0.117188 0
0.992188 0.117188 0

0.0078125 0.132812 0
0.0234375 0.132812 0
0.0390625 0.132812 0
0.0546875 0.132812 0
0.0703125 0.132812 0
0.0859375 0.132812 0
0.101562 0.132812 0
0.117188 0.132812 0
0.132812 0.132812 0
0.148438 0.132812 0
0.164062 0.132812 0
0.179688 0.132812 0
0.195312 0.132812 0
0.210938 0.132812 6.94855e-07
0.226562 0.132812 1.42525e-05
0.242188 0.132812 0.000140065
0.257812 0.132812 0.000876416
0.273438 0.132812 0.00391818
0.289062 0.132812 0.013354
0.304688 0.132812 0.0363317
0.320312 0.132812 0.082074
0.335938 0.132812 0.159639
0.351562 0.132812 0.275411
0.367188 0.132812 0.440593
0.382812 0.132812 0.62171
0.398438 0.132812 0.780933
0.414062 0.132812 0.925712
0.429688 0.132812 0.94353
0.445312 0.132812 0.933595
0.460938 0.132812 0.929835
0.476562 0.132812 0.928889
0.492188 0.132812 0.924409
0.507812 0.132812 0.900233
0.523438 0.132812 0.778873
0.539062 0.132812 0.302347
0.554688 0.132812 0.00663816
0.570312 0.132812 5.09327e-05
0.585938 0.132812 2.87102e-07
0.601562 0.132812 9.89296e-10
0.617188 0.132812 0
0.632812 0.132812 0
0.648438 0.132812 0
0.664062 0.132812 0
0.679688 0.132812 0
0.695312 0.132812 0
0.710938 0.132812 0
0.726562 0.132812 0
0.742188 0.132812 0
0.757812 0.132812 0
0.773438 0.132812 0
0.789062 0.132812 0
0.804688 0.132812 0
0.820312 0.132812 0
0.835938 0.132812 0
0.851562 0.132812 0
0.867188 0.132812 0
0.882812 0.132812 0
0.898438 0.132812 0
0.914062 0.132812 0
0.929688 0.132812 0
0.945312 0.132812 0
0.960938 0.132812 0
0.976562 0.132812 0
0.992188 0.132812 0

0.0078125 0.148438 0
0.0234375 0.148438 0
0.0390625 0.148438 0
0.0546875 0.148438 0
0.0703125 0.148438 0
0.0859375 0.148438 0
0.101562 0.148438 0
0.117188 0.148438 0
0.132812 0.148438 0
0.148438 0.148438 0
0.164062 0.148438 0
0.179688 0.148438 0
0.195312 0.148438 0
0.210938 0.148438 6.94855e-07
0.226562 0.148438 1.42525e-05
0.242188 0.148438 0.000140065
0.257812 0.148438 0.000876416
0.273438 0.148438 0.00391818
0.289062 0.148438 0.013354
0.304688 0.148438 0.0363317
0.320312 0.148438 0.082074
0.335938 0.148438 0.159639
0.351562 0.148438 0.275411
0.367188 0.148438 0.440593
0.382812 0.148438 0.62171
0.398438 0.148438 0.780933
0.414062 0.148438 0.925712
0.429688 0.148438 0.94353
0.445312 0.148438 0.933595
0.460938 0.148438 0.929835
0.476562 0.148438 0.928889
0.492188 0.148438 0.924409
0.507812 0.148438 0.900233
0.523438 0.148438 0.778873
0.539062 0.148438 0.302347
0.554688 0.148438 0.00663816
0.570312 0.148438 5.09327e-05
0.585938 0.148438 2.87102e-07
0.601562 0.148438 9.89296e-10
0.617188 0.148438 0
0.632812 0.148438 0
0.648438 0.148438 0
0.664062 0.148438 0
0.679688 0.148438 0
0.695312 0.148438 0
0.710938 0.148438 0
0.726562 0.148438 0
0.742188 0.148438 0
0.757812 0.148438 0
0.773438 0.148438 0
0.789062 0.148438 0
0.804688 0.148438 0
0.820312 0.148438 0
0.835938 0.148438 0
0.851562 0.148438 0
0.867188 0.148438 0
0.882812 0.148438 0
0.898438 0.148438 0
0.914062 0.148438 0
0.929688 0.148438 0
0.945312 0.148438 0
0.960938 0.148438 0
0.976562 0.148438 0
0.992188 0.148438 0

0.0078125 0.164062 0
0.0234375 0.164062 0
0.0390625 0.164062 0
0.0546875 0.164062 0
0.0703125 0.164062 0
0.0859375 0.164062 0
0.101562 0.164062 0
0.117188 0.164062 0
0.132812 0.164062 0
0.148438 0.164062 0
0.164062 0.164062 0
0.179688 0.164062 0
0.195312 0.164062 0
0.210938 0.164062 6.94855e-07
0.226562 0.164062 1.42525e-05
0.242188 0.164062 0.000140065
0.257812 0.164062 0.000876416
0.273438 0.164062 0.00391818
0.289062 0.164062 0.013354
0.304688 0.164062 0.0363317
0.320312 0.164062 0.082074
0.335938 0.164062 0.159639
0.351562 0.164062 0.275411
0.367188 0.164062 0.440593
0.382812 0.164062 0.62171
0.398438 0.164062 0.780933
0.414062 0.164062 0.925712
0.429688 0.164062 0.94353
0.445312 0.164062 0.933595
0.460938 0.164062 0.929835
0.476562 0.164062 0.928889
0.492188 0.164062 0.924409
0.507812 0.164062 0.900233
0.523438 0.164062 0.778873
0.539062 0.164062 0.302347
0.554688 0.164062 0.00663816
0.570312 0.164062 5.09327e-05
0.585938 0.164062 2.87102e-07
0.601562 0.164062 9.89296e-10
0.617188 0.164062 0
0.632812 0.164062 0
0.648438 0.164062 0
0.664062 0.164062 0
0.679688 0.164062 0
0.695312 0.164062 0
0.710938 0.164062 0
0.726562 0.164062 0
0.742188 0.164062 0
0.757812 0.164062 0
0.773438 0.164062 0
0.789062 0.164062 0
0.804688 0.164062 0
0.820312 0.164062 0
0.835938 0.164062 0
0.851562 0.164062 0
0.867188 0.164062 0
0.882812 0.164062 0
0.898438 0.164062 0
0.914062 0.164062 0
0.929688 0.164062 0
0.945312 0.164062 0
0.960938 0.164062 0
0.976562 0.164062 0
0.992188 0.164062 0

0.0078125 0.179688 0
0.0234375 0.179688 0
0.0390625 0.179688 0
0.0546875 0.179688 0
0.0703125 0.179688 0
0.0859375 0.179688 0
0.101562 0.179688 0
0.117188 0.179688 0
0.132812 0.179688 0
0.148438 0.179688 0
0.164062 0.179688 0
0.179688 0.179688 0
0.195312 0.179688 0
0.210938 0.179688 6.94855e-07
0.226562 0.179688 1.42525e-05
0.242188 0.179688 0.000140065
0.257812 0.179688 0.000876416
0.273438 0.179688 0.00391818
0.289062 0.179688 0.013354
0.304688 0.179688 0.0363317
0.320312 0.179688 0.082074
0.335938 0.179688 0.159639
0.351562 0.179688 0.275411
0.367188 0.179688 0.440593
0.382812 0.179688 0.62171
0.398438 0.179688 0.780933
0.414062 0.179688 0.925712
0.429688 0.179688 0.94353
0.445312 0.179688 0.933595
0.460938 0.179688 0.929835
0.476562 0.179688 0.928889
0.492188 0.179688 0.924409
0.507812 0.179688 0.900233
0.523438 0.179688 0.778873
0.539062 0.179688 0.302347
0.554688 0.179688 0.00663816
0.570312 0.179688 5.09327e-05
0.585938 0.179688 2.87102e-07
0.601562 0.179688 9.89296e-10
0.617188 0.179688 0
0.632812 0.179688 0
0.648438 0.179688 0
0.664062 0.179688 0
0.679688 0.179688 0
0.695312 0.179688 0
0.710938 0.179688 0
0.726562 0.179688 0
0.742188 0.179688 0
0.757812 0.179688 0
0.773438 0.179688 0
0.789062 0.179688 0
0.804688 0.179688 0
0.820312 0.179688 0
0.835938 0.179688 0
0.851562 0.179688 0
0.867188 0.179688 0
0.882812 0.179688 0
0.898438 0.179688 0
0.914062 0.179688 0
0.929688 0.179688 0
0.945312 0.179688 0
0.960938 0.179688 0
0.976562 0.179688 0
0.992188 0.179688 0

0.0078125 0.195312 0
0.0234375 0.195312 0
0.0390625 0.195312 0
0.0546875 0.195312 0
0.0703125 0.195312 0
0.0859375 0.195312 0
0.101562 0.195312 0
0.117188 0.195312 0
0.132812 0.195312 0
0.148438 0.195312 0
0.164062 0.195312 0
0.179688 0.195312 0
0.195312 0.195312 0
0.210938 0.195312 6.94855e-07
0.226562 0.195312 1.42525e-05
0.242188 0.195312 0.000140065
0.257812 0.195312 0.000876416
0.273438 0.195312 0.00391818
0.289062 0.195312 0.013354
0.304688 0.195312 0.0363317
0.320312 0.195312 0.082074
0.335938 0.195312 0.159639
0.351562 0.195312 0.275411
0.367188 0.195312 0.440593
0.382812 0.195312 0.62171
0.398438 0.195312 0.780933
0.414062 0.195312 0.925712
0.429688 0.195312 0.94353
0.445312 0.195312 0.933595
0.460938 0.195312 0.929835
0.476562 0.195312 0.928889
0.492188 0.195312 0.924409
0.507812 0.195312 0.900233
0.523438 0.195312 0.778873
0.539062 0.195312 0.302347
0.554688 0.195312 0.00663816
0.570312 0.195312 5.09327e-05
0.585938 0.195312 2.87102e-07
0.601562 0.195312 9.89296e-10
0.617188 0.195312 0
0.632812 0.195312 0
0.648438 0.195312 0
0.664062 0.195312 0
0.679688 0.195312 0
0.695312 0.195312 0
0.710938 0.195312 0
0.726562 0.195312 0
0.742188 0.195312 0
0.757812 0.195312 0
0.773438 0.195312 0
0.789062 0.195312 0
0.804688 0.195312 0
0.820312 0.195312 0
0.835938 0.195312 0
0.851562 0.195312 0
0.867188 0.195312 0
0.882812 0.195312 0
0.898438 0.195312 0
0.914062 0.195312 0
0.929688 0.195312 0
0.945312 0.195312 0
0.960938 0.195312 0
0.976562 0.195312 0
0.992188 0.195312 0

0.0078125 0.210938 0
0.0234375 0.210938 0
0.0390625 0.210938 0
0.0546875 0.210938 0
0.0703125 0.210938 0
0.0859375 0.210938 0
0.101562 0.210938 0
0.117188 0.210938 0
0.132812 0.210938 0
0.148438 0.210938 0
0.164062 0.210938 0
0.179688 0.210938 0
0.195312 0.210938 0
0.210938 0.210938 6.94855e-07
0.226562 0.210938 1.42525e-05
0.242188 0.210938 0.000140065
0.257812 0.210938 0.000876416
0.273438 0.210938 0.00391818
0.289062 0.210938 0.013354
0.304688 0.210938 0.0363317
0.320312 0.210938 0.082074
0.335938 0.210938 0.159639
0.351562 0.210938 0.275411
0.367188 0.210938 0.440593
0.382812 0.210938 0.62171
0.398438 0.210938 0.780933
0.414062 0.210938 0.925712
0.429688 0.210938 0.94353
0.445312 0.210938 0.933595
0.460938 0.210938 0.929835
0.476562 0.210938 0.928889
0.492188 0.210938 0.924409
0.507812 0.210938 0.900233
0.523438 0.210938 0.778873
0.539062 0.210938 0.302347
0.554688 0.210938 0.00663816
0.570312 0.210938 5.09327e-05
0.585938 0.210938 2.87102e-07
0.601562 0.210938 9.89296e-10
0.617188 0.210938 0
0.632812 0.210938 0
0.648438 0.210938 0
0.664062 0.210938 0
0.679688 0.210938 0
0.695312 0.210938 0
0.710938 0.210938 0
0.726562 0.210938 0
0.742188 0.210938 0
0.757812 0.210938 0
0.773438 0.210938 0
0.789062 0.210938 0
0.804688 0.210938 0
0.820312 0.210938 0
0.835938 0.210938 0
0.851562 0.210938 0
0.867188 0.210938 0
0.882812 0.210938 0
0.898438 0.210938 0
0.914062 0.210938 0
0.929688 0.210938 0
0.945312 0.210938 0
0.960938 0.210938 0
0.976562 0.210938 0
0.992188 0.210938 0

0.0078125 0.226562 0
0.0234375 0.226562 0
0.0390625 0.226562 0
0.0546875 0.226562 0
0.0703125 0.226562 0
0.0859375 0.226562 0
0.101562 0.226562 0
0.117188 0.226562 0
0.132812 0.226562 0
0.148438 0.226562 0
0.164062 0.226562 0
0.179688 0.226562 0
0.195312 0.226562 0
0.210938 0.226562 6.94855e-07
0.226562 0.226562 1.42525e-05
0.242188 0.226562 0.000140065
0.257812 0.226562 0.000876416
0.273438 0.226562 0.00391818
0.289062 0.226562 0.013354
0.304688 0.226562 0.0363317
0.320312 0.226562 0.082074
0.335938 0.226562 0.159639
0.351562 0.226562 0.275411
0.367188 0.226562 0.440593
0.382812 0.226562 0.62171
0.398438 0.226562 0.780933
0.414062 0.226562 0.925712
0.429688 0.226562 0.94353
0.445312 0.226562 0.933595
0.460938 0.226562 0.929835
0.476562 0.226562 0.928889
0.492188 0.226562 0.924409
0.507812 0.226562 0.900233
0.523438 0.226562 0.778873
0.539062 0.226562 0.302347
0.554688 0.226562 0.00663816
0.570312 0.226562 5.09327e-05
0.585938 0.226562 2.87102e-07
0.601562 0.226562 9.89296e-10
0.617188 0.226562 0
0.632812 0.226562 0
0.648438 0.226562 0
0.664062 0.226562 0
0.679688 0.226562 0
0.695312 0.226562 0
0.710938 0.226562 0
0.726562 0.226562 0
0.742188 0.226562 0
0.757812 0.226562 0
0.773438 0.226562 0
0.789062 0.226562 0
0.804688 0.226562 0
0.820312 0.226562 0
0.835938 0.226562 0
0.851562 0.226562 0
0.867188 0.226562 0
0.882812 0.226562 0
0.898438 0.226562 0
0.914062 0.226562 0
0.929688 0.226562 0
0.945312 0.226562 0
0.960938 0.226562 0
0.976562 0.226562 0
0.992188 0.226562 0

0.0078125 0.242188 0
0.0234375 0.242188 0
0.0390625 0.242188 0
0.0546875 0.242188 0
0.0703125 0.242188 0
0.0859375 0.242188 0
0.101562 0.242188 0
0.117188 0.242188 0
0.132812 0.242188 0
0.148438 0.242188 0
0.164062 0.242188 0
0.179688 0.242188 0
0.195312 0.242188 0
0.210938 0.242188 6.94855e-07
0.226562 0.242188 1.42525e-05
0.242188 0.242188 0.000140065
0.257812 0.242188 0.000876416
0.273438 0.242188 0.00391818
0.289062 0.242188 0.013354
0.304688 0.242188 0.0363317
0.320312 0.242188 0.082074
0.335938 0.242188 0.159639
0.351562 0.242188 0.275411
0.367188 0.242188 0.440593
0.382812 0.242188 0.62171
0.398438 0.242188 0.780933
0.414062 0.242188 0.925712
0.429688 0.242188 0.94353
0.445312 0.242188 0.933595
0.460938 0.242188 0.929835
0.476562 0.242188 0.928889
0.492188 0.242188 0.924409
0.507812 0.242188 0.900233
0.523438 0.242188 0.778873
0.539062 0.242188 0.302347
0.554688 0.242188 0.00663816
0.570312 0.242188 5.09327e-05
0.585938 0.242188 2.87102e-07
0.601562 0.242188 9.89296e-10
0.617188 0.242188 0
0.632812 0.242188 0
0.648438 0.242188 0
0.664062 0.242188 0
0.679688 0.242188 0
0.695312 0.242188 0
0.710938 0.242188 0
0.726562 0.242188 0
0.742188 0.242188 0
0.757812 0.242188 0
0.773438 0.242188 0
0.789062 0.242188 0
0.804688 0.242188 0
0.820312 0.242188 0
0.835938 0.242188 0
0.851562 0.242188 0
0.867188 0.242188 0
0.882812 0.242188 0
0.898438 0.242188 0
0.914062 0.242188 0
0.929688 0.242188 0
0.945312 0.242188 0
0.960938 0.242188 0
0.976562 0.242188 0
0.992188 0.242188 0

0.0078125 0.257812 0
0.0234375 0.257812 0
0.0390625 0.257812 0
0.0546875 0.257812 0
0.0703125 0.257812 0
0.0859375 0.257812 0
0.101562 0.257812 0
0.117188 0.257812 0
0.132812 0.257812 0
0.148438 0.257812 0
0.164062 0.257812 0
0.179688 0.257812 0
0.195312 0.257812 0
0.210938 0.257812 6.94855e-07
0.226562 0.257812 1.42525e-05
0.242188 0.257812 0.000140065
0.257812 0.257812 0.000876416
0.273438 0.257812 0.00391818
0.289062 0.257812 0.013354
0.304688 0.257812 0.0363317
0.320312 0.257812 0.082074
0.335938 0.257812 0.159639
0.351562 0.257812 0.275411
0.367188 0.257812 0.440593
0.382812 0.257812 0.62171
0.398438 0.257812 0.780933
0.414062 0.257812 0.925712
0.429688 0.257812 0.94353
0.445312 0.257812 0.933595
0.460938 0.257812 0.929835
0.476562 0.257812 0.928889
0.492188 0.257812 0.924409
0.507812 0.257812 0.900233
0.523438 0.257812 0.778873
0.539062 0.257812 0.302347
0.554688 0.257812 0.00663816
0.570312 0.257812 5.09327e-05
0.585938 0.257812 2.87102e-07
0.601562 0.257812 9.89296e-10
0.617188 0.257812 0
0.632812 0.257812 0
0.648438 0.257812 0
0.664062 0.257812 0
0.679688 0.257812 0
0.695312 0.257812 0
0.710938 0.257812 0
0.726562 0.257812 0
0.742188 0.257812 0
0.757812 0.257812 0
0.773438 0.257812 0
0.789062 0.257812 0
0.804688 0.257812 0
0.820312 0.257812 0
0.835938 0.257812 0
0.851562 0.257812 0
0.867188 0.257812 0
0.882812 0.257812 0
0.898438 0.257812 0
0.914062 0.257812 0
0.929688 0.257812 0
0.945312 0.257812 0
0.960938 0.257812 0
0.976562 0.257812 0
0.992188 0.257812 0

0.0078125 0.273438 0
0.0234375 0.273438 0
0.0390625 0.273438 0
0.0546875 0.273438 0
0.0703125 0.273438 0
0.0859375 0.273438 0
0.101562 0.273438 0
0.117188 0.273438 0
0.132812 0.273438 0
0.148438 0.273438 0
0.164062 0.273438 0
0.179688 0.273438 0
0.195312 0.273438 0
0.210938 0.273438 6.94855e-07
0.226562 0.273438 1.42525e-05
0.242188 0.273438 0.000140065
0.257812 0.273438 0.000876416
0.273438 0.273438 0.00391818
0.289062 0.273438 0.013354
0.304688 0.273438 0.0363317
0.320312 0.273438 0.082074
0.335938 0.273438 0.159639
0.351562 0.273438 0.275411
0.367188 0.273438 0.440593
0.382812 0.273438 0.62171
0.398438 0.273438 0.780933
0.414062 0.273438 0.925712
0.429688 0.273438 0.94353
0.445312 0.273438 0.933595
0.460938 0.273438 0.929835
0.476562 0.273438 0.928889
0.492188 0.273438 0.924409
0.507812 0.273438 0.900233
0.523438 0.273438 0.778873
0.539062 0.273438 0.302347
0.554688 0.273438 0.00663816
0.570312 0.273438 5.09327e-05
0.585938 0.273438 2.87102e-07
0.601562 0.273438 9.89296e-10
0.617188 0.273438 0
0.632812 0.273438 0
0.648438 0.273438 0
0.664062 0.273438 0
0.679688 0.273438 0
0.695312 0.273438 0
0.710938 0.273438 0
0.726562 0.273438 0
0.742188 0.273438 0
0.757812 0.273438 0
0.773438 0.273438 0
0.789062 0.273438 0
0.804688 0.273438 0
0.820312 0.273438 0
0.835938 0.273438 0
0.851562 0.273438 0
0.867188 0.273438 0
0.882812 0.273438 0
0.898438 0.273438 0
0.914062 0.273438 0
0.929688 0.273438 0
0.945312 0.273438 0
0.960938 0.273438 0
0.976562 0.273438 0
0.992188 0.273438 0

0.0078125 0.289062 0
0.0234375 0.289062 0
0.0390625 0.289062 0
0.0546875 0.289062 0
0.0703125 0.289062 0
0.0859375 0.289062 0
0.101562 0.289062 0
0.117188 0.289062 0
0.132812 0.289062 0
0.148438 0.289062 0
0.164062 0.289062 0
0.179688 0.289062 0
0.195312 0.289062 0
0.210938 0.289062 6.94855e-07
0.226562 0.289062 1.42525e-05
0.242188 0.289062 0.000140065
0.257812 0.289062 0.000876416
0.273438 0.289062 0.00391818
0.289062 0.289062 0.013354
0.304688 0.289062 0.0363317
0.320312 0.289062 0.082074
0.335938 0.289062 0.159639
0.351562 0.289062 0.275411
0.367188 0.289062 0.440593
0.382812 0.289062 0.62171
0.398438 0.289062 0.780933
0.414062 0.289062 0.925712
0.429688 0.289062 0.94353
0.445312 0.289062 0.933595
0.460938 0.289062 0.929835
0.476562 0.289062 0.928889
0.492188 0.289062 0.924409
0.507812 0.289062 0.900233
0.523438 0.289062 0.778873
0.539062 0.289062 0.302347
0.554688 0.289062 0.00663816
0.570312 0.289062 5.09327e-05
0.585938 0.289062 2.87102e-07
0.601562 0.289062 9.89296e-10
0.617188 0.289062 0
0.632812 0.289062 0
0.648438 0.289062 0
0.664062 0.289062 0
0.679688 0.289062 0
0.695312 0.289062 0
0.710938 0.289062 0
0.726562 0.289062 0
0.742188 0.289062 0
0.757812 0.289062 0
0.773438 0.289062 0
0.789062 0.289062 0
0.804688 0.289062 0
0.820312 0.289062 0
0.835938 0.289062 0
0.851562 0.289062 0
0.867188 0.289062 0
0.882812 0.289062 0
0.898438 0.289062 0
0.914062 0.289062 0
0.929688 0.289062 0
0.945312 0.289062 0
0.960938 0.289062 0
0.976562 0.289062 0
0.992188 0.289062 0

0.0078125 0.304688 0
0.0234375 0.304688 0
0.0390625 0.304688 0
0.0546875 0.304688 0
0.0703125 0.304688 0
0.0859375 0.304688 0
0.101562 0.304688 0
0.117188 0.304688 0
0.132812 0.304688 0
0.148438 0.304688 0
0.164062 0.304688 0
0.179688 0.304688 0
0.195312 0.304688 0
0.210938 0.304688 6.94855e-07
0.226562 0.304688 1.42525e-05
0.242188 0.304688 0.000140065
0.257812 0.304688 0.000876416
0.273438 0.304688 0.00391818
0.289062 0.304688 0.013354
0.304688 0.304688 0.0363317
0.320312 0.304688 0.082074
0.335938 0.304688 0.159639
0.351562 0.304688 0.275411
0.367188 0.304688 0.440593
0.382812 0.304688 0.62171
0.398438 0.304688 0.780933
0.414062 0.304688 0.925712
0.429688 0.304688 0.94353
0.445312 0.304688 0.933595
0.460938 0.304688 0.929835
0.476562 0.304688 0.928889
0.492188 0.304688 0.924409
0.507812 0.304688 0.900233
0.523438 0.304688 0.778873
0.539062 0.304688 0.302347
0.554688 0.304688 0.00663816
0.570312 0.304688 5.09327e-05
0.585938 0.304688 2.87102e-07
0.601562 0.304688 9.89296e-10
0.617188 0.304688 0
0.632812 0.304688 0
0.648438 0.304688 0
0.664062 0.304688 0
0.679688 0.304688 0
0.695312 0.304688 0
0.710938 0.304688 0
0.726562 0.304688 0
0.742188 0.304688 0
0.757812 0.304688 0
0.773438 0.304688 0
0.789062 0.304688 0
0.804688 0.304688 0
0.820312 0.304688 0
0.835938 0.304688 0
0.851562 0.304688 0
0.867188 0.304688 0
0.882812 0.304688 0
0.898438 0.304688 0
0.914062 0.304688 0
0.929688 0.304688 0
0.945312 0.304688 0
0.960938 0.304688 0
0.976562 0.304688 0
0.992188 0.304688 0

0.0078125 0.320312 0
0.0234375 0.320312 0
0.0390625 0.320312 0
0.0546875 0.320312 0
0.0703125 0.320312 0
0.0859375 0.320312 0
0.101562 0.320312 0
0.117188 0.320312 0
0.132812 0.320312 0
0.148438 0.320312 0
0.164062 0.320312 0
0.179688 0.320312 0
0.195312 0.320312 0
0.210938 0.320312 6.94855e-07
0.226562 0.320312 1.42525e-05
0.242188 0.320312 0.000140065
0.257812 0.320312 0.000876416
0.273438 0.320312 0.00391818
0.289062 0.320312 0.013354
0.304688 0.320312 0.0363317
0.320312 0.320312 0.082074
0.335938 0.320312 0.159639
0.351562 0.320312 0.275411
0.367188 0.320312 0.440593
0.382812 0.320312 0.62171
0.398438 0.320312 0.780933
0.414062 0.320312 0.925712
0.429688 0.320312 0.94353
0.445312 0.320312 0.933595
0.460938 0.320312 0.929835
0.476562 0.320312 0.928889
0.492188 0.320312 0.924409
0.507812 0.320312 0.900233
0.523438 0.320312 0.778873
0.539062 0.320312 0.302347
0.554688 0.320312 0.00663816
0.570312 0.320312 5.09327e-05
0.585938 0.320312 2.87102e-07
0.601562 0.320312 9.89296e-10
0.617188 0.320312 0
0.632812 0.320312 0
0.648438 0.320312 0
0.664062 0.320312 0
0.679688 0.320312 0
0.695312 0.320312 0
0.710938 0.320312 0
0.726562 0.320312 0
0.742188 0.320312 0
0.757812 0.320312 0
0.773438 0.320312 0
0.789062 0.320312 0
0.804688 0.320312 0
0.820312 0.320312 0
0.835938 0.320312 0
0.851562 0.320312 0
0.867188 0.320312 0
0.882812 0.320312 0
0.898438 0.320312 0
0.914062 0.320312 0
0.929688 0.320312 0
0.945312 0.320312 0
0.960938 0.320312 0
0.976562 0.320312 0
0.992188 0.320312 0

0.0078125 0.335938 0
0.0234375 0.335938 0
0.0390625 0.335938 0
0.0546875 0.335938 0
0.0703125 0.335938 0
0.0859375 0.335938 0
0.101562 0.335938 0
0.117188 0.335938 0
0.132812 0.335938 0
0.148438 0.335938 0
0.164062 0.335938 0
0.179688 0.335938 0
0.195312 0.335938 0
0.210938 0.335938 6.94855e-07
0.226562 0.335938 1.42525e-05
0.242188 0.335938 0.000140065
0.257812 0.335938 0.000876416
0.273438 0.335938 0.00391818
0.289062 0.335938 0.013354
0.304688 0.335938 0.0363317
0.320312 0.335938 0.082074
0.335938 0.335938 0.159639
0.351562 0.335938 0.275411
0.367188 0.335938 0.440593
0.382812 0.335938 0.62171
0.398438 0.335938 0.780933
0.414062 0.335938 0.925712
0.429688 0.335938 0.94353
0.445312 0.335938 0.933595
0.460938 0.335938 0.929835
0.476562 0.335938 0.928889
0.492188 0.335938 0.924409
0.507812 0.335938 0.900233
0.523438 0.335938 0.778873
0.539062 0.335938 0.302347
0.554688 0.335938 0.00663816
0.570312 0.335938 5.09327e-05
0.585938 0.335938 2.87102e-07
0.601562 0.335938 9.89296e-10
0.617188 0.335938 0
0.632812 0.335938 0
0.648438 0.335938 0
0.664062 0.335938 0
0.679688 0.335938 0
0.695312 0.335938 0
0.710938 0.335938 0
0.726562 0.335938 0
0.742188 0.335938 0
0.757812 0.335938 0
0.773438 0.335938 0
0.789062 0.335938 0
0.804688 0.335938 0
0.820312 0.335938 0
0.835938 0.335938 0
0.851562 0.335938 0
0.867188 0.335938 0
0.882812 0.335938 0
0.898438 0.335938 0
0.914062 0.335938 0
0.929688 0.335938 0
0.945312 0.335938 0
0.960938 0.335938 0
0.976562 0.335938 0
0.992188 0.335938 0

0.0078125 0.351562 0
0.0234375 0.351562 0
0.0390625 0.351562 0
0.0546875 0.351562 0
0.0703125 0.351562 0
0.0859375 0.351562 0
0.101562 0.351562 0
0.117188 0.351562 0
0.132812 0.351562 0
0.148438 0.351562 0
0.164062 0.351562 0
0.179688 0.351562 0
0.195312 0.351562 0
0.210938 0.351562 6.94855e-07
0.226562 0.351562 1.42525e-05
0.242188 0.351562 0.000140065
0.257812 0.351562 0.000876416
0.273438 0.351562 0.00391818
0.289062 0.351562 0.013354
0.304688 0.351562 0.0363317
0.320312 0.351562 0.082074
0.335938 0.351562 0.159639
0.351562 0.351562 0.275411
0.367188 0.351562 0.440593
0.382812 0.351562 0.62171
0.398438 0.351562 0.780933
0.414062 0.351562 0.925712
0.429688 0.351562 0.94353
0.445312 0.351562 0.933595
0.460938 0.351562 0.929835
0.476562 0.351562 0.928889
0.492188 0.351562 0.924409
0.507812 0.351562 0.900233
0.523438 0.351562 0.778873
0.539062 0.351562 0.302347
0.554688 0.351562 0.00663816
0.570312 0.351562 5.09327e-05
0.585938 0.351562 2.87102e-07
0.601562 0.351562 9.89296e-10
0.617188 0.351562 0
0.632812 0.351562 0
0.648438 0.351562 0
0.664062 0.351562 0
0.679688 0.351562 0
0.695312 0.351562 0
0.710938 0.351562 0
0.726562 0.351562 0
0.742188 0.351562 0
0.757812 0.351562 0
0.773438 0.351562 0
0.789062 0.351562 0
0.804688 0.351562 0
0.820312 0.351562 0
0.835938 0.351562 0
0.851562 0.351562 0
0.867188 0.351562 0
0.882812 0.351562 0
0.898438 0.351562 0
0.914062 0.351562 0
0.929688 0.351562 0
0.945312 0.351562 0
0.960938 0.351562 0
0.976562 0.351562 0
0.992188 0.351562 0

0.0078125 0.367188 0
0.0234375 0.367188 0
0.0390625 0.367188 0
0.0546875 0.367188 0
0.0703125 0.367188 0
0.0859375 0.367188 0
0.101562 0.367188 0
0.117188 0.367188 0
0.132812 0.367188 0
0.148438 0.367188 0
0.164062 0.367188 0
0.179688 0.367188 0
0.195312 0.367188 0
0.210938 0.367188 6.94855e-07
0.226562 0.367188 1.42525e-05
0.242188 0.367188 0.000140065
0.257812 0.367188 0.000876416
0.273438 0.367188 0.00391818
0.289062 0.367188 0.013354
0.304688 0.367188 0.0363317
0.320312 0.367188 0.082074
0.335938 0.367188 0.159639
0.351562 0.367188 0.275411
0.367188 0.367188 0.440593
0.382812 0.367188 0.62171
0.398438 0.367188 0.780933
0.414062 0.367188 0.925712
0.429688 0.367188 0.94353
0.445312 0.367188 0.933595
0.460938 0.367188 0.929835
0.476562 0.367188 0.928889
0.492188 0.367188 0.924409
0.507812 0.367188 0.900233
0.523438 0.367188 0.778873
0.539062 0.367188 0.302347
0.554688 0.367188 0.00663816
0.570312 0.367188 5.09327e-05
0.585938 0.367188 2.87102e-07
0.601562 0.367188 9.89296e-10
0.617188 0.367188 0
0.632812 0.367188 0
0.648438 0.367188 0
0.664062 0.367188 0
0.679688 0.367188 0
0.695312 0.367188 0
0.710938 0.367188 0
0.726562 0.367188 0
0.742188 0.367188 0
0.757812 0.367188 0
0.773438 0.367188 0
0.789062 0.367188 0
0.804688 0.367188 0
0.820312 0.367188 0
0.835938 0.367188 0
0.851562 0.367188 0
0.867188 0.367188 0
0.882812 0.367188 0
0.898438 0.367188 0
0.914062 0.367188 0
0.929688 0.367188 0
0.945312 0.367188 0
0.960938 0.367188 0
0.976562 0.367188 0
0.992188 0.367188 0

0.0078125 0.382812 0
0.0234375 0.382812 0
0.0390625 0.382812 0
0.0546875 0.382812 0
0.0703125 0.382812 0
0.0859375 0.382812 0
0.101562 0.382812 0
0.117188 0.382812 0
0.132812 0.382812 0
0.148438 0.382812 0
0.164062 0.382812 0
0.179688 0.382812 0
0.195312 0.382812 0
0.210938 0.382812 6.94855e-07
0.226562 0.382812 1.42525e-05
0.242188 0.382812 0.000140065
0.257812 0.382812 0.000876416
0.273438 0.382812 0.00391818
0.289062 0.382812 0.013354
0.304688 0.382812 0.0363317
0.320312 0.382812 0.082074
0.335938 0.382812 0.159639
0.351562 0.382812 0.275411
0.367188 0.382812 0.440593
0.382812 0.382812 0.62171
0.398438 0.382812 0.780933
0.414062 0.382812 0.925712
0.429688 0.382812 0.94353
0.445312 0.382812 0.933595
0.460938 0.382812 0.929835
0.476562 0.382812 0.928889
0.492188 0.382812 0.924409
0.507812 0.382812 0.900233
0.523438 0.382812 0.778873
0.539062 0.382812 0.302347
0.554688 0.382812 0.00663816
0.570312 0.382812 5.09327e-05
0.585938 0.382812 2.87102e-07
0.601562 0.382812 9.89296e-10
0.617188 0.382812 0
0.632812 0.382812 0
0.648438 0.382812 0
0.664062 0.382812 0
0.679688 0.382812 0
0.695312 0.382812 0
0.710938 0.382812 0
0.726562 0.382812 0
0.742188 0.382812 0
0.757812 0.382812 0
0.773438 0.382812 0
0.789062 0.382812 0
0.804688 0.382812 0
0.820312 0.382812 0
0.835938 0.382812 0
0.851562 0.382812 0
0.867188 0.382812 0
0.882812 0.382812 0
0.898438 0.382812 0
0.914062 0.382812 0
0.929688 0.382812 0
0.945312 0.382812 0
0.960938 0.382812 0
0.976562 0.382812 0
0.992188 0.382812 0

0.0078125 0.398438 0
0.0234375 0.398438 0
0.0390625 0.398438 0
0.0546875 0.398438 0
0.0703125 0.398438 0
0.0859375 0.398438 0
0.101562 0.398438 0
0.117188 0.398438 0
0.132812 0.398438 0
0.148438 0.398438 0
0.164062 0.398438 0
0.179688 0.398438 0
0.195312 0.398438 0
0.210938 0.398438 6.94855e-07
0.226562 0.398438 1.42525e-05
0.242188 0.398438 0.000140065
0.257812 0.398438 0.000876416
0.273438 0.398438 0.00391818
0.289062 0.398438 0.013354
0.304688 0.398438 0.0363317
0.320312 0.398438 0.082074
0.335938 0.398438 0.159639
0.351562 0.398438 0.275411
0.367188 0.398438 0.440593
0.382812 0.398438 0.62171
0.398438 0.398438 0.780933
0.414062 0.398438 0.925712
0.429688 0.398438 0.94353
0.445312 0.398438 0.933595
0.460938 0.398438 0.929835
0.476562 0.398438 0.928889
0.492188 0.398438 0.924409
0.507812 0.398438 0.900233
0.523438 0.398438 0.778873
0.539062 0.398438 0.302347
0.554688 0.398438 0.00663816
0.570312 0.398438 5.09327e-05
0.585938 0.398438 2.87102e-07
0.601562 0.398438 9.89296e-10
0.617188 0.398438 0
0.632812 0.398438 0
0.648438 0.398438 0
0.664062 0.398438 0
0.679688 0.398438 0
0.695312 0.398438 0
0.710938 0.398438 0
0.726562 0.398438 0
0.742188 0.398438 0
0.757812 0.398438 0
0.773438 0.398438 0
0.789062 0.398438 0
0.804688 0.398438 0
0.820312 0.398438 0
0.835938 0.398438 0
0.851562 0.398438 0
0.867188 0.398438 0
0.882812 0.398438 0
0.898438 0.398438 0
0.914062 0.398438 0
0.929688 0.398438 0
0.945312 0.398438 0
0.960938 0.398438 0
0.976562 0.398438 0
0.992188 0.398438 0

0.0078125 0.414062 0
0.0234375 0.414062 0
0.0390625 0.414062 0
0.0546875 0.414062 0
0.0703125 0.414062 0
0.0859375 0.414062 0
0.101562 0.414062 0
0.117188 0.414062 0
0.132812 0.414062 0
0.148438 0.414062 0
0.164062 0.414062 0
0.179688 0.414062 0
0.195312 0.414062 0
0.210938 0.414062 6.94855e-07
0.226562 0.414062 1.42525e-05
0.242188 0.414062 0.000140065
0.257812 0.414062 0.000876416
0.273438 0.414062 0.00391818
0.289062 0.414062 0.013354
0.304688 0.414062 0.0363317
0.320312 0.414062 0.082074
0.335938 0.414062 0.159639
0.351562 0.414062 0.275411
0.367188 0.414062 0.440593
0.382812 0.414062 0.62171
0.398438 0.414062 0.780933
0.414062 0.414062 0.925712
0.429688 0.414062 0.94353
0.445312 0.414062 0.933595
0.460938 0.414062 0.929835
0.476562 0.414062 0.928889
0.492188 0.414062 0.924409
0.507812 0.414062 0.900233
0.523438 0.414062 0.778873
0.539062 0.414062 0.302347
0.554688 0.414062 0.00663816
0.570312 0.414062 5.09327e-05
0.585938 0.414062 2.87102e-07
0.601562 0.414062 9.89296e-10
0.617188 0.414062 0
0.632812 0.414062 0
0.648438 0.414062 0
0.664062 0.414062 0
0.679688 0.414062 0
0.695312 0.414062 0
0.710938 0.414062 0
0.726562 0.414062 0
0.742188 0.414062 0
0.757812 0.414062 0
0.773438 0.414062 0
0.789062 0.414062 0
0.804688 0.414062 0
0.820312 0.414062 0
0.835938 0.414062 0
0.851562 0.414062 0
0.867188 0.414062 0
0.882812 0.414062 0
0.898438 0.414062 0
0.914062 0.414062 0
0.929688 0.414062 0
0.945312 0.414062 0
0.960938 0.414062 0
0.976562 0.414062 0
0.992188 0.414062 0

0.0078125 0.429688 0
0.0234375 0.429688 0
0.0390625 0.429688 0
0.0546875 0.429688 0
0.0703125 0.429688 0
0.0859375 0.429688 0
0.101562 0.429688 0
0.117188 0.429688 0
0.132812 0.429688 0
0.148438 0.429688 0
0.164062 0.429688 0
0.179688 0.429688 0
0.195312 0.429688 0
0.210938 0.429688 6.94855e-07
0.226562 0.429688 1.42525e-05
0.242188 0.429688 0.000140065
0.257812 0.429688 0.000876416
0.273438 0.429688 0.00391818
0.289062 0.429688 0.013354
0.304688 0.429688 0.0363317
0.320312 0.429688 0.082074
0.335938 0.429688 0.159639
0.351562 0.429688 0.275411
0.367188 0.429688 0.440593
0.382812 0.429688 0.62171
0.398438 0.429688 0.780933
0.414062 0.429688 0.925712
0.429688 0.429688 0.94353
0.445312 0.429688 0.933595
0.460938 0.429688 0.929835
0.476562 0.429688 0.928889
0.492188 0.429688 0.924409
0.507812 0.429688 0.900233
0.523438 0.429688 0.778873
0.539062 0.429688 0.302347
0.554688 0.429688 0.00663816
0.570312 0.429688 5.09327e-05
0.585938 0.429688 2.87102e-07
0.601562 0.429688 9.89296e-10
0.617188 0.429688 0
0.632812 0.429688 0
0.648438 0.429688 0
0.664062 0.429688 0
0.679688 0.429688 0
0.695312 0.429688 0
0.710938 0.429688 0
0.726562 0.429688 0
0.742188 0.429688 0
0.757812 0.429688 0
0.773438 0.429688 0
0.789062 0.429688 0
0.804688 0.429688 0
0.820312 0.429688 0
0.835938 0.429688 0
0.851562 0.429688 0
0.867188 0.429688 0
0.882812 0.429688 0
0.898438 0.429688 0
0.914062 0.429688 0
0.929688 0.429688 0
0.945312 0.429688 0
0.960938 0.429688 0
0.976562 0.429688 0
0.992188 0.429688 0

0.0078125 0.445312 0
0.0234375 0.445312 0
0.0390625 0.445312 0
0.0546875 0.445312 0
0.0703125 0.445312 0
0.0859375 0.445312 0
0.101562 0.445312 0
0.117188 0.445312 0
0.132812 0.445312 0
0.148438 0.445312 0
0.164062 0.445312 0
0.179688 0.445312 0
0.195312 0.445312 0
0.210938 0.445312 6.94855e-07
0.226562 0.445312 1.42525e-05
0.242188 0.445312 0.000140065
0.257812 0.445312 0.000876416
0.273438 0.445312 0.00391818
0.289062 0.445312 0.013354
0.304688 0.445312 0.0363317
0.320312 0.445312 0.082074
0.335938 0.445312 0.159639
0.351562 0.445312 0.275411
0.367188 0.445312 0.440593
0.382812 0.445312 0.62171
0.398438 0.445312 0.780933
0.414062 0.445312 0.925712
0.429688 0.445312 0.94353
0.445312 0.445312 0.933595
0.460938 0.445312 0.929835
0.476562 0.445312 0.928889
0.492188 0.445312 0.924409
0.507812 0.445312 0.900233
0.523438 0.445312 0.778873
0.539062 0.445312 0.302347
0.554688 0.445312 0.00663816
0.570312 0.445312 5.09327e-05
0.585938 0.445312 2.87102e-07
0.601562 0.445312 9.89296e-10
0.617188 0.445312 0
0.632812 0.445312 0
0.648438 0.445312 0
0.664062 0.445312 0
0.679688 0.445312 0
0.695312 0.445312 0
0.710938 0.445312 0
0.726562 0.445312 0
0.742188 0.445312 0
0.757812 0.445312 0
0.773438 0.445312 0
0.789062 0.445312 0
0.804688 0.445312 0
0.820312 0.445312 0
0.835938 0.445312 0
0.851562 0.445312 0
0.867188 0.445312 0
0.882812 0.445312 0
0.898438 0.445312 0
0.914062 0.445312 0
0.929688 0.445312 0
0.945312 0.445312 0
0.960938 0.445312 0
0.976562 0.445312 0
0.992188 0.445312 0

0.0078125 0.460938 0
0.0234375 0.460938 0
0.0390625 0.460938 0
0.0546875 0.460938 0
0.0703125 0.460938 0
0.0859375 0.460938 0
0.101562 0.460938 0
0.117188 0.460938 0
0.132812 0.460938 0
0.148438 0.460938 0
0.164062 0.460938 0
0.179688 0.460938 0
0.195312 0.460938 0
0.210938 0.460938 6.94855e-07
0.226562 0.460938 1.42525e-05
0.242188 0.460938 0.000140065
0.257812 0.460938 0.000876416
0.273438 0.460938 0.00391818
0.289062 0.460938 0.013354
0.304688 0.460938 0.0363317
0.320312 0.460938 0.082074
0.335938 0.460938 0.159639
0.351562 0.460938 0.275411
0.367188 0.460938 0.440593
0.382812 0.460938 0.62171
0.398438 0.460938 0.780933
0.414062 0.460938 0.925712
0.429688 0.460938 0.94353
0.445312 0.460938 0.933595
0.460938 0.460938 0.929835
0.476562 0.460938 0.928889
0.492188 0.460938 0.924409
0.507812 0.460938 0.900233
0.523438 0.460938 0.778873
0.539062 0.460938 0.302347
0.554688 0.460938 0.00663816
0.570312 0.460938 5.09327e-05
0.585938 0.460938 2.87102e-07
0.601562 0.460938 9.89296e-10
0.617188 0.460938 0
0.632812 0.460938 0
0.648438 0.460938 0
0.664062 0.460938 0
0.679688 0.460938 0
0.695312 0.460938 0
0.710938 0.460938 0
0.726562 0.460938 0
0.742188 0.460938 0
0.757812 0.460938 0
0.773438 0.460938 0
0.789062 0.460938 0
0.804688 0.460938 0
0.820312 0.460938 0
0.835938 0.460938 0
0.851562 0.460938 0
0.867188 0.460938 0
0.882812 0.460938 0
0.898438 0.460938 0
0.914062 0.460938 0
0.929688 0.460938 0
0.945312 0.460938 0
0.960938 0.460938 0
0.976562 0.460938 0
0.992188 0.460938 0

0.0078125 0.476562 0
0.0234375 0.476562 0
0.0390625 0.476562 0
0.0546875 0.476562 0
0.0703125 0.476562 0
0.0859375 0.476562 0
0.101562 0.476562 0
0.117188 0.476562 0
0.132812 0.476562 0
0.148438 0.476562 0
0.164062 0.476562 0
0.179688 0.476562 0
0.195312 0.476562 0
0.210938 0.476562 6.94855e-07
0.226562 0.476562 1.42525e-05
0.242188 0.476562 0.000140065
0.257812 0.476562 0.000876416
0.273438 0.476562 0.00391818
0.289062 0.476562 0.013354
0.304688 0.476562 0.0363317
0.320312 0.476562 0.082074
0.335938 0.476562 0.159639
0.351562 0.476562 0.275411
0.367188 0.476562 0.440593
0.382812 0.476562 0.62171
0.398438 0.476562 0.780933
0.414062 0.476562 0.925712
0.429688 0.476562 0.94353
0.445312 0.476562 0.933595
0.460938 0.476562 0.929835
0.476562 0.476562 0.928889
0.492188 0.476562 0.924409
0.507812 0.476562 0.900233
0.523438 0.476562 0.778873
0.539062 0.476562 0.302347
0.554688 0.476562 0.00663816
0.570312 0.476562 5.09327e-05
0.585938 0.476562 2.87102e-07
0.601562 0.476562 9.89296e-10
0.617188 0.476562 0
0.632812 0.476562 0
0.648438 0.476562 0
0.664062 0.476562 0
0.679688 0.476562 0
0.695312 0.476562 0
0.710938 0.476562 0
0.726562 0.476562 0
0.742188 0.476562 0
0.757812 0.476562 0
0.773438 0.476562 0
0.789062 0.476562 0
0.804688 0.476562 0
0.820312 0.476562 0
0.835938 0.476562 0
0.851562 0.476562 0
0.867188 0.476562 0
0.882812 0.476562 0
0.898438 0.476562 0
0.914062 0.476562 0
0.929688 0.476562 0
0.945312 0.476562 0
0.960938 0.476562 0
0.976562 0.476562 0
0.992188 0.476562 0

0.0078125 0.492188 0
0.0234375 0.492188 0
0.0390625 0.492188 0
0.0546875 0.492188 0
0.0703125 0.492188 0
0.0859375 0.492188 0
0.101562 0.492188 0
0.117188 0.492188 0
0.132812 0.492188 0
0.148438 0.492188 0
0.164062 0.492188 0
0.179688 0.492188 0
0.195312 0.492188 0
0.210938 0.492188 6.94855e-07
0.226562 0.492188 1.42525e-05
0.242188 0.492188 0.000140065
0.257812 0.492188 0.000876416
0.273438 0.492188 0.00391818
0.289062 0.492188 0.013354
0.304688 0.492188 0.0363317
0.320312 0.492188 0.082074
0.335938 0.492188 0.159639
0.351562 0.492188 0.275411
0.367188 0.492188 0.440593
0.382812 0.492188 0.62171
0.398438 0.492188 0.780933
0.414062 0.492188 0.925712
0.429688 0.492188 0.94353
0.445312 0.492188 0.933595
0.460938 0.492188 0.929835
0.476562 0.492188 0.928889
0.492188 0.492188 0.924409
0.507812 0.492188 0.900233
0.523438 0.492188 0.778873
0.539062 0.492188 0.302347
0.554688 0.492188 0.00663816
0.570312 0.492188 5.09327e-05
0.585938 0.492188 2.87102e-07
0.601562 0.492188 9.89296e-10
0.617188 0.492188 0
0.632812 0.492188 0
0.648438 0.492188 0
0.664062 0.492188 0
0.679688 0.492188 0
0.695312 0.492188 0
0.710938 0.492188 0
0.726562 0.492188 0
0.742188 0.492188 0
0.757812 0.492188 0
0.773438 0.492188 0
0.789062 0.492188 0
0.804688 0.492188 0
0.820312 0.492188 0
0.835938 0.492188 0
0.851562 0.492188 0
0.867188 0.492188 0
0.882812 0.492188 0
0.898438 0.492188 0
0.914062 0.492188 0
0.929688 0.492188 0
0.945312 0.492188 0
0.960938 0.492188 0
0.976562 0.492188 0
0.992188 0.492188 0

0.0078125 0.507812 0
0.0234375 0.507812 0
0.0390625 0.507812 0
0.0546875 0.507812 0
0.0703125 0.507812 0
0.0859375 0.507812 0
0.101562 0.507812 0
0.117188 0.507812 0
0.132812 0.507812 0
0.148438 0.507812 0
0.164062 0.507812 0
0.179688 0.507812 0
0.195312 0.507812 0
0.210938 0.507812 6.94855e-07
0.226562 0.507812 1.42525e-05
0.242188 0.507812 0.000140065
0.257812 0.507812 0.000876416
0.273438 0.507812 0.00391818
0.289062 0.507812 0.013354
0.304688 0.507812 0.0363317
0.320312 0.507812 0.082074
0.335938 0.507812 0.159639
0.351562 0.507812 0.275411
0.367188 0.507812 0.440593
0.382812 0.507812 0.62171
0.398438 0.507812 0.780933
0.414062 0.507812 0.925712
0.429688 0.507812 0.94353
0.445312 0.507812 0.933595
0.460938 0.507812 0.929835
0.476562 0.507812 0.928889
0.492188 0.507812 0.924409
0.507812 0.507812 0.900233
0.523438 0.507812 0.778873
0.539062 0.507812 0.302347
0.554688 0.507812 0.00663816
0.570312 0.507812 5.09327e-05
0.585938 0.507812 2.87102e-07
0.601562 0.507812 9.89296e-10
0.617188 0.507812 0
0.632812 0.507812 0
0.648438 0.507812 0
0.664062 0.507812 0
0.679688 0.507812 0
0.695312 0.507812 0
0.710938 0.507812 0
0.726562 0.507812 0
0.742188 0.507812 0
0.757812 0.507812 0
0.773438 0.507812 0
0.789062 0.507812 0
0.804688 0.507812 0
0.820312 0.507812 0
0.835938 0.507812 0
0.851562 0.507812 0
0.867188 0.507812 0
0.882812 0.507812 0
0.898438 0.507812 0
0.914062 0.507812 0
0.929688 0.507812 0
0.945312 0.507812 0
0.960938 0.507812 0
0.976562 0.507812 0
0.992188 0.507812 0

0.0078125 0.523438 0
0.0234375 0.523438 0
0.0390625 0.523438 0
0.0546875 0.523438 0
0.0703125 0.523438 0
0.0859375 0.523438 0
0.101562 0.523438 0
0.117188 0.523438 0
0.132812 0.523438 0
0.148438 0.523438 0
0.164062 0.523438 0
0.179688 0.523438 0
0.195312 0.523438 0
0.210938 0.523438 6.94855e-07
0.226562 0.523438 1.42525e-05
0.242188 0.523438 0.000140065
0.257812 0.523438 0.000876416
0.273438 0.523438 0.00391818
0.289062 0.523438 0.013354
0.304688 0.523438 0.0363317
0.320312 0.523438 0.082074
0.335938 0.523438 0.159639
0.351562 0.523438 0.275411
0.367188 0.523438 0.440593
0.382812 0.523438 0.62171
0.398438 0.523438 0.780933
0.414062 0.523438 0.925712
0.429688 0.523438 0.94353
0.445312 0.523438 0.933595
0.460938 0.523438 0.929835
0.476562 0.523438 0.928889
0.492188 0.523438 0.924409
0.507812 0.523438 0.900233
0.523438 0.523438 0.778873
0.539062 0.523438 0.302347
0.554688 0.523438 0.00663816
0.570312 0.523438 5.09327e-05
0.585938 0.523438 2.87102e-07
0.601562 0.523438 9.89296e-10
0.617188 0.523438 0
0.632812 0.523438 0
0.648438 0.523438 0
0.664062 0.523438 0
0.679688 0.523438 0
0.695312 0.523438 0
0.710938 0.523438 0
0.726562 0.523438 0
0.742188 0.523438 0
0.757812 0.523438 0
0.773438 0.523438 0
0.789062 0.523438 0
0.804688 0.523438 0
0.820312 0.523438 0
0.835938 0.523438 0
0.851562 0.523438 0
0.867188 0.523438 0
0.882812 0.523438 0
0.898438 0.523438 0
0.914062 0.523438 0
0.929688 0.523438 0
0.945312 0.523438 0
0.960938 0.523438 0
0.976562 0.523438 0
0.992188 0.523438 0

0.0078125 0.539062 0
0.0234375 0.539062 0
0.0390625 0.539062 0
0.0546875 0.539062 0
0.0703125 0.539062 0
0.0859375 0.539062 0
0.101562 0.539062 0
0.117188 0.539062 0
0.132812 0.539062 0
0.148438 0.539062 0
0.164062 0.539062 0
0.179688 0.539062 0
0.195312 0.539062 0
0.210938 0.539062 6.94855e-07
0.226562 0.539062 1.42525e-05
0.242188 0.539062 0.000140065
0.257812 0.539062 0.000876416
0.273438 0.539062 0.00391818
0.289062 0.539062 0.013354
0.304688 0.539062 0.0363317
0.320312 0.539062 0.082074
0.335938 0.539062 0.159639
0.351562 0.539062 0.275411
0.367188 0.539062 0.440593
0.382812 0.539062 0.62171
0.398438 0.539062 0.780933
0.414062 0.539062 0.925712
0.429688 0.539062 0.94353
0.445312 0.539062 0.933595
0.460938 0.539062 0.929835
0.476562 0.539062 0.928889
0.492188 0.539062 0.924409
0.507812 0.539062 0.900233
0.523438 0.539062 0.778873
0.539062 0.539062 0.302347
0.554688 0.539062 0.00663816
0.570312 0.539062 5.09327e-05
0.585938 0.539062 2.87102e-07
0.601562 0.539062 9.89296e-10
0.617188 0.539062 0
0.632812 0.539062 0
0.648438 0.539062 0
0.664062 0.539062 0
0.679688 0.539062 0
0.695312 0.539062 0
0.710938 0.539062 0
0.726562 0.539062 0
0.742188 0.539062 0
0.757812 0.539062 0
0.773438 0.539062 0
0.789062 0.539062 0
0.804688 0.539062 0
0.820312 0.539062 0
0.835938 0.539062 0
0.851562 0.539062 0
0.867188 0.539062 0
0.882812 0.539062 0
0.898438 0.539062 0
0.914062 0.539062 0
0.929688 0.539062 0
0.945312 0.539062 0
0.960938 0.539062 0
0.976562 0.539062 0
0.992188 0.539062 0

0.0078125 0.554688 0
0.0234375 0.554688 0
0.0390625 0.554688 0
0.0546875 0.554688 0
0.0703125 0.554688 0
0.0859375 0.554688 0
0.101562 0.554688 0
0.117188 0.554688 0
0.132812 0.554688 0
0.148438 0.554688 0
0.164062 0.554688 0
0.179688 0.554688 0
0.195312 0.554688 0
0.210938 0.554688 6.94855e-07
0.226562 0.554688 1.42525e-05
0.242188 0.554688 0.000140065
0.257812 0.554688 0.000876416
0.273438 0.554688 0.00391818
0.289062 0.554688 0.013354
0.304688 0.554688 0.0363317
0.320312 0.554688 0.082074
0.335938 0.554688 0.159639
0.351562 0.554688 0.275411
0.367188 0.554688 0.440593
0.382812 0.554688 0.62171
0.398438 0.554688 0.780933
0.414062 0.554688 0.925712
0.429688 0.554688 0.94353
0.445312 0.554688 0.933595
0.460938 0.554688 0.929835
0.476562 0.554688 0.928889
0.492188 0.554688 0.924409
0.507812 0.554688 0.900233
0.523438 0.554688 0.778873
0.539062 0.554688 0.302347
0.554688 0.554688 0.00663816
0.570312 0.554688 5.09327e-05
0.585938 0.554688 2.87102e-07
0.601562 0.554688 9.89296e-10
0.617188 0.554688 0
0.632812 0.554688 0
0.648438 0.554688 0
0.664062 0.554688 0
0.679688 0.554688 0
0.695312 0.554688 0
0.710938 0.554688 0
0.726562 0.554688 0
0.742188 0.554688 0
0.757812 0.554688 0
0.773438 0.554688 0
0.789062 0.554688 0
0.804688 0.554688 0
0.820312 0.554688 0
0.835938 0.554688 0
0.851562 0.554688 0
0.867188 0.554688 0
0.882812 0.554688 0
0.898438 0.554688 0
0.914062 0.554688 0
0.929688 0.554688 0
0.945312 0.554688 0
0.960938 0.554688 0
0.976562 0.554688 0
0.992188 0.554688 0

0.0078125 0.570312 0
0.0234375 0.570312 0
0.0390625 0.570312 0
0.0546875 0.570312 0
0.0703125 0.570312 0
0.0859375 0.570312 0
0.101562 0.570312 0
0.117188 0.570312 0
0.132812 0.570312 0
0.148438 0.570312 0
0.164062 0.570312 0
0.179688 0.570312 0
0.195312 0.570312 0
0.210938 0.570312 6.94855e-07
0.226562 0.570312 1.42525e-05
0.242188 0.570312 0.000140065
0.257812 0.570312 0.000876416
0.273438 0.570312 0.00391818
0.289062 0.570312 0.013354
0.304688 0.570312 0.0363317
0.320312 0.570312 0.082074
0.335938 0.570312 0.159639
0.351562 0.570312 0.275411
0.367188 0.570312 0.440593
0.382812 0.570312 0.62171
0.398438 0.570312 0.780933
0.414062 0.570312 0.925712
0.429688 0.570312 0.94353
0.445312 0.570312 0.933595
0.460938 0.570312 0.929835
0.476562 0.570312 0.928889
0.492188 0.570312 0.924409
0.507812 0.570312 0.900233
0.523438 0.570312 0.778873
0.539062 0.570312 0.302347
0.554688 0.570312 0.00663816
0.570312 0.570312 5.09327e-05
0.585938 0.570312 2.87102e-07
0.601562 0.570312 9.89296e-10
0.617188 0.570312 0
0.632812 0.570312 0
0.648438 0.570312 0
0.664062 0.570312 0
0.679688 0.570312 0
0.695312 0.570312 0
0.710938 0.570312 0
0.726562 0.570312 0
0.742188 0.570312 0
0.757812 0.570312 0
0.773438 0.570312 0
0.789062 0.570312 0
0.804688 0.570312 0
0.820312 0.570312 0
0.835938 0.570312 0
0.851562 0.570312 0
0.867188 0.570312 0
0.882812 0.570312 0
0.898438 0.570312 0
0.914062 0.570312 0
0.929688 0.570312 0
0.945312 0.570312 0
0.960938 0.570312 0
0.976562 0.570312 0
0.992188 0.570312 0

0.0078125 0.585938 0
0.0234375 0.585938 0
0.0390625 0.585938 0
0.0546875 0.585938 0
0.0703125 0.585938 0
0.0859375 0.585938 0
0.101562 0.585938 0
0.117188 0.585938 0
0.132812 0.585938 0
0.148438 0.585938 0
0.164062 0.585938 0
0.179688 0.585938 0
0.195312 0.585938 0
0.210938 0.585938 6.94855e-07
0.226562 0.585938 1.42525e-05
0.242188 0.585938 0.000140065
0.257812 0.585938 0.000876416
0.273438 0.585938 0.00391818
0.289062 0.585938 0.013354
0.304688 0.585938 0.0363317
0.320312 0.585938 0.082074
0.335938 0.585938 0.159639
0.351562 0.585938 0.275411
0.367188 0.585938 0.440593
0.382812 0.585938 0.62171
0.398438 0.585938 0.780933
0.414062 0.585938 0.925712
0.429688 0.585938 0.94353
0.445312 0.585938 0.933595
0.460938 0.585938 0.929835
0.476562 0.585938 0.928889
0.492188 0.585938 0.924409
0.507812 0.585938 0.900233
0.523438 0.585938 0.778873
0.539062 0.585938 0.302347
0.554688 0.585938 0.00663816
0.570312 0.585938 5.09327e-05
0.585938 0.585938 2.87102e-07
0.601562 0.585938 9.89296e-10
0.617188 0.585938 0
0.632812 0.585938 0
0.648438 0.585938 0
0.664062 0.585938 0
0.679688 0.585938 0
0.695312 0.585938 0
0.710938 0.585938 0
0.726562 0.585938 0
0.742188 0.585938 0
0.757812 0.585938 0
0.773438 0.585938 0
0.789062 0.585938 0
0.804688 0.585938 0
0.820312 0.585938 0
0.835938 0.585938 0
0.851562 0.585938 0
0.867188 0.585938 0
0.882812 0.585938 0
0.898438 0.585938 0
0.914062 0.585938 0
0.929688 0.585938 0
0.945312 0.585938 0
0.960938 0.585938 0
0.976562 0.585938 0
0.992188 0.585938 0

0.0078125 0.601562 0
0.0234375 0.601562 0
0.0390625 0.601562 0
0.0546875 0.601562 0
0.0703125 0.601562 0
0.0859375 0.601562 0
0.101562 0.601562 0
0.117188 0.601562 0
0.132812 0.601562 0
0.148438 0.601562 0
0.164062 0.601562 0
0.179688 0.601562 0
0.195312 0.601562 0
0.210938 0.601562 6.94855e-07
0.226562 0.601562 1.42525e-05
0.242188 0.601562 0.000140065
0.257812 0.601562 0.000876416
0.273438 0.601562 0.00391818
0.289062 0.601562 0.013354
0.304688 0.601562 0.0363317
0.320312 0.601562 0.082074
0.335938 0.601562 0.159639
0.351562 0.601562 0.275411
0.367188 0.601562 0.440593
0.382812 0.601562 0.62171
0.398438 0.601562 0.780933
0.414062 0.601562 0.925712
0.429688 0.601562 0.94353
0.445312 0.601562 0.933595
0.460938 0.601562 0.929835
0.476562 0.601562 0.928889
0.492188 0.601562 0.924409
0.507812 0.601562 0.900233
0.523438 0.601562 0.778873
0.539062 0.601562 0.302347
0.554688 0.601562 0.00663816
0.570312 0.601562 5.09327e-05
0.585938 0.601562 2.87102e-07
0.601562 0.601562 9.89296e-10
0.617188 0.601562 0
0.632812 0.601562 0
0.648438 0.601562 0
0.664062 0.601562 0
0.679688 0.601562 0
0.695312 0.601562 0
0.710938 0.601562 0
0.726562 0.601562 0
0.742188 0.601562 0
0.757812 0.601562 0
0.773438 0.601562 0
0.789062 0.601562 0
0.804688 0.601562 0
0.820312 0.601562 0
0.835938 0.601562 0
0.851562 0.601562 0
0.867188 0.601562 0
0.882812 0.601562 0
0.898438 0.601562 0
0.914062 0.601562 0
0.929688 0.601562 0
0.945312 0.601562 0
0.960938 0.601562 0
0.976562 0.601562 0
0.992188 0.601562 0

0.0078125 0.617188 0
0.0234375 0.617188 0
0.0390625 0.617188 0
0.0546875 0.617188 0
0.0703125 0.617188 0
0.0859375 0.617188 0
0.101562 0.617188 0
0.117188 0.617188 0
0.132812 0.617188 0
0.148438 0.617188 0
0.164062 0.617188 0
0.179688 0.617188 0
0.195312 0.617188 0
0.210938 0.617188 6.94855e-07
0.226562 0.617188 1.42525e-05
0.242188 0.617188 0.000140065
0.257812 0.617188 0.000876416
0.273438 0.617188 0.00391818
0.289062 0.617188 0.013354
0.304688 0.617188 0.0363317
0.320312 0.617188 0.082074
0.335938 0.617188 0.159639
0.351562 0.617188 0.275411
0.367188 0.617188 0.440593
0.382812 0.617188 0.62171
0.398438 0.617188 0.780933
0.414062 0.617188 0.925712
0.429688 0.617188 0.94353
0.445312 0.617188 0.933595
0.460938 0.617188 0.929835
0.476562 0.617188 0.928889
0.492188 0.617188 0.924409
0.507812 0.617188 0.900233
0.523438 0.617188 0.778873
0.539062 0.617188 0.302347
0.554688 0.617188 0.00663816
0.570312 0.617188 5.09327e-05
0.585938 0.617188 2.87102e-07
0.601562 0.617188 9.89296e-10
0.617188 0.617188 0
0.632812 0.617188 0
0.648438 0.617188 0
0.664062 0.617188 0
0.679688 0.617188 0
0.695312 0.617188 0
0.710938 0.617188 0
0.726562 0.617188 0
0.742188 0.617188 0
0.757812 0.617188 0
0.773438 0.617188 0
0.789062 0.617188 0
0.804688 0.617188 0
0.820312 0.617188 0
0.835938 0.617188 0
0.851562 0.617188 0
0.867188 0.617188 0
0.882812 0.617188 0
0.898438 0.617188 0
0.914062 0.617188 0
0.929688 0.617188 0
0.945312 0.617188 0
0.960938 0.617188 0
0.976562 0.617188 0
0.992188 0.617188 0

0.0078125 0.632812 0
0.0234375 0.632812 0
0.0390625 0.632812 0
0.0546875 0.632812 0
0.0703125 0.632812 0
0.0859375 0.632812 0
0.101562 0.632812 0
0.117188 0.632812 0
0.132812 0.632812 0
0.148438 0.632812 0
0.164062 0.632812 0
0.179688 0.632812 0
0.195312 0.632812 0
0.210938 0.632812 6.94855e-07
0.226562 0.632812 1.42525e-05
0.242188 0.632812 0.000140065
0.257812 0.632812 0.000876416
0.273438 0.632812 0.00391818
0.289062 0.632812 0.013354
0.304688 0.632812 0.0363317
0.320312 0.632812 0.082074
0.335938 0.632812 0.159639
0.351562 0.632812 0.275411
0.367188 0.632812 0.440593
0.382812 0.632812 0.62171
0.398438 0.632812 0.780933
0.414062 0.632812 0.925712
0.429688 0.632812 0.94353
0.445312 0.632812 0.933595
0.460938 0.632812 0.929835
0.476562 0.632812 0.928889
0.492188 0.632812 0.924409
0.507812 0.632812 0.900233
0.523438 0.632812 0.778873
0.539062 0.632812 0.302347
0.554688 0.632812 0.00663816
0.570312 0.632812 5.09327e-05
0.585938 0.632812 2.87102e-07
0.601562 0.632812 9.89296e-10
0.617188 0.632812 0
0.632812 0.632812 0
0.648438 0.632812 0
0.664062 0.632812 0
0.679688 0.632812 0
0.695312 0.632812 0
0.710938 0.632812 0
0.726562 0.632812 0
0.742188 0.632812 0
0.757812 0.632812 0
0.773438 0.632812 0
0.789062 0.632812 0
0.804688 0.632812 0
0.820312 0.632812 0
0.835938 0.632812 0
0.851562 0.632812 0
0.867188 0.632812 0
0.882812 0.632812 0
0.898438 0.632812 0
0.914062 0.632812 0
0.929688 0.632812 0
0.945312 0.632812 0
0.960938 0.632812 0
0.976562 0.632812 0
0.992188 0.632812 0

0.0078125 0.648438 0
0.0234375 0.648438 0
0.0390625 0.648438 0
0.0546875 0.648438 0
0.0703125 0.648438 0
0.0859375 0.648438 0
0.101562 0.648438 0
0.117188 0.648438 0
0.132812 0.648438 0
0.148438 0.648438 0
0.164062 0.648438 0
0.179688 0.648438 0
0.195312 0.648438 0
0.210938 0.648438 6.94855e-07
0.226562 0.648438 1.42525e-05
0.242188 0.648438 0.000140065
0.257812 0.648438 0.000876416
0.273438 0.648438 0.00391818
0.289062 0.648438 0.013354
0.304688 0.648438 0.0363317
0.320312 0.648438 0.082074
0.335938 0.648438 0.159639
0.351562 0.648438 0.275411
0.367188 0.648438 0.440593
0.382812 0.648438 0.62171
0.398438 0.648438 0.780933
0.414062 0.648438 0.925712
0.429688 0.648438 0.94353
0.445312 0.648438 0.933595
0.460938 0.648438 0.929835
0.476562 0.648438 0.928889
0.492188 0.648438 0.924409
0.507812 0.648438 0.900233
0.523438 0.648438 0.778873
0.539062 0.648438 0.302347
0.554688 0.648438 0.00663816
0.570312 0.648438 5.09327e-05
0.585938 0.648438 2.87102e-07
0.601562 0.648438 9.89296e-10
0.617188 0.648438 0
0.632812 0.648438 0
0.648438 0.648438 0
0.664062 0.648438 0
0.679688 0.648438 0
0.695312 0.648438 0
0.710938 0.648438 0
0.726562 0.648438 0
0.742188 0.648438 0
0.757812 0.648438 0
0.773438 0.648438 0
0.789062 0.648438 0
0.804688 0.648438 0
0.820312 0.648438 0
0.835938 0.648438 0
0.851562 0.648438 0
0.867188 0.648438 0
0.882812 0.648438 0
0.898438 0.648438 0
0.914062 0.648438 0
0.929688 0.648438 0
0.945312 0.648438 0
0.960938 0.648438 0
0.976562 0.648438 0
0.992188 0.648438 0

0.0078125 0.664062 0
0.0234375 0.664062 0
0.0390625 0.664062 0
0.0546875 0.664062 0
0.0703125 0.664062 0
0.0859375 0.664062 0
0.101562 0.664062 0
0.117188 0.664062 0
0.132812 0.664062 0
0.148438 0.664062 0
0.164062 0.664062 0
0.179688 0.664062 0
0.195312 0.664062 0
0.210938 0.664062 6.94855e-07
0.226562 0.664062 1.42525e-05
0.242188 0.664062 0.000140065
0.257812 0.664062 0.000876416
0.273438 0.664062 0.00391818
0.289062 0.664062 0.013354
0.304688 0.664062 0.0363317
0.320312 0.664062 0.082074
0.335938 0.664062 0.159639
0.351562 0.664062 0.275411
0.367188 0.664062 0.440593
0.382812 0.664062 0.62171
0.398438 0.664062 0.780933
0.414062 0.664062 0.925712
0.429688 0.664062 0.94353
0.445312 0.664062 0.933595
0.460938 0.664062 0.929835
0.476562 0.664062 0.928889
0.492188 0.664062 0.924409
0.507812 0.664062 0.900233
0.523438 0.664062 0.778873
0.539062 0.664062 0.302347
0.554688 0.664062 0.00663816
0.570312 0.664062 5.09327e-05
0.585938 0.664062 2.87102e-07
0.601562 0.664062 9.89296e-10
0.617188 0.664062 0
0.632812 0.664062 0
0.648438 0.664062 0
0.664062 0.664062 0
0.679688 0.664062 0
0.695312 0.664062 0
0.710938 0.664062 0
0.726562 0.664062 0
0.742188 0.664062 0
0.757812 0.664062 0
0.773438 0.664062 0
0.789062 0.664062 0
0.804688 0.664062 0
0.820312 0.664062 0
0.835938 0.664062 0
0.851562 0.664062 0
0.867188 0.664062 0
0.882812 0.664062 0
0.898438 0.664062 0
0.914062 0.664062 0
0.929688 0.664062 0
0.945312 0.664062 0
0.960938 0.664062 0
0.976562 0.664062 0
0.992188 0.664062 0

0.0078125 0.679688 0
0.0234375 0.679688 0
0.0390625 0.679688 0
0.0546875 0.679688 0
0.0703125 0.679688 0
0.0859375 0.679688 0
0.101562 0.679688 0
0.117188 0.679688 0
0.132812 0.679688 0
0.148438 0.679688 0
0.164062 0.679688 0
0.179688 0.679688 0
0.195312 0.679688 0
0.210938 0.679688 6.94855e-07
0.226562 0.679688 1.42525e-05
0.242188 0.679688 0.000140065
0.257812 0.679688 0.000876416
0.273438 0.679688 0.00391818
0.289062 0.679688 0.013354
0.304688 0.679688 0.0363317
0.320312 0.679688 0.082074
0.335938 0.679688 0.159639
0.351562 0.679688 0.275411
0.367188 0.679688 0.440593
0.382812 0.679688 0.62171
0.398438 0.679688 0.780933
0.414062 0.679688 0.925712
0.429688 0.679688 0.94353
0.445312 0.679688 0.933595
0.460938 0.679688 0.929835
0.476562 0.679688 0.928889
0.492188 0.679688 0.924409
0.507812 0.679688 0.900233
0.523438 0.679688 0.778873
0.539062 0.679688 0.302347
0.554688 0.679688 0.00663816
0.570312 0.679688 5.09327e-05
0.585938 0.679688 2.87102e-07
0.601562 0.679688 9.89296e-10
0.617188 0.679688 0
0.632812 0.679688 0
0.648438 0.679688 0
0.664062 0.679688 0
0.679688 0.679688 0
0.695312 0.679688 0
0.710938 0.679688 0
0.726562 0.679688 0
0.742188 0.679688 0
0.757812 0.679688 0
0.773438 0.679688 0
0.789062 0.679688 0
0.804688 0.679688 0
0.820312 0.679688 0
0.835938 0.679688 0
0.851562 0.679688 0
0.867188 0.679688 0
0.882812 0.679688 0
0.898438 0.679688 0
0.914062 0.679688 0
0.929688 0.679688 0
0.945312 0.679688 0
0.960938 0.679688 0
0.976562 0.679688 0
0.992188 0.679688 0

0.0078125 0.695312 0
0.0234375 0.695312 0
0.0390625 0.695312 0
0.0546875 0.695312 0
0.0703125 0.695312 0
0.0859375 0.695312 0
0.101562 0.695312 0
0.117188 0.695312 0
0.132812 0.695312 0
0.148438 0.695312 0
0.164062 0.695312 0
0.179688 0.695312 0
0.195312 0.695312 0
0.210938 0.695312 6.94855e-07
0.226562 0.695312 1.42525e-05
0.242188 0.695312 0.000140065
0.257812 0.695312 0.000876416
0.273438 0.695312 0.00391818
0.289062 0.695312 0.013354
0.304688 0.695312 0.0363317
0.320312 0.695312 0.082074
0.335938 0.695312 0.159639
0.351562 0.695312 0.275411
0.367188 0.695312 0.440593
0.382812 0.695312 0.62171
0.398438 0.695312 0.780933
0.414062 0.695312 0.925712
0.429688 0.695312 0.94353
0.445312 0.695312 0.933595
0.460938 0.695312 0.929835
0.476562 0.695312 0.928889
0.492188 0.695312 0.924409
0.507812 0.695312 0.900233
0.523438 0.695312 0.778873
0.539062 0.695312 0.302347
0.554688 0.695312 0.00663816
0.570312 0.695312 5.09327e-05
0.585938 0.695312 2.87102e-07
0.601562 0.695312 9.89296e-10
0.617188 0.695312 0
0.632812 0.695312 0
0.648438 0.695312 0
0.664062 0.695312 0
0.679688 0.695312 0
0.695312 0.695312 0
0.710938 0.695312 0
0.726562 0.695312 0
0.742188 0.695312 0
0.757812 0.695312 0
0.773438 0.695312 0
0.789062 0.695312 0
0.804688 0.695312 0
0.820312 0.695312 0
0.835938 0.695312 0
0.851562 0.695312 0
0.867188 0.695312 0
0.882812 0.695312 0
0.898438 0.695312 0
0.914062 0.695312 0
0.929688 0.695312 0
0.945312 0.695312 0
0.960938 0.695312 0
0.976562 0.695312 0
0.992188 0.695312 0

0.0078125 0.710938 0
0.0234375 0.710938 0
0.0390625 0.710938 0
0.0546875 0.710938 0
0.0703125 0.710938 0
0.0859375 0.710938 0
0.101562 0.710938 0
0.117188 0.710938 0
0.132812 0.710938 0
0.148438 0.710938 0
0.164062 0.710938 0
0.179688 0.710938 0
0.195312 0.710938 0
0.210938 0.710938 6.94855e-07
0.226562 0.710938 1.42525e-05
0.242188 0.710938 0.000140065
0.257812 0.710938 0.000876416
0.273438 0.710938 0.00391818
0.289062 0.710938 0.013354
0.304688 0.710938 0.0363317
0.320312 0.710938 0.082074
0.335938 0.710938 0.159639
0.351562 0.710938 0.275411
0.367188 0.710938 0.440593
0.382812 0.710938 0.62171
0.398438 0.710938 0.780933
0.414062 0.710938 0.925712
0.429688 0.710938 0.94353
0.445312 0.710938 0.933595
0.460938 0.710938 0.929835
0.476562 0.710938 0.928889
0.492188 0.710938 0.924409
0.507812 0.710938 0.900233
0.523438 0.710938 0.778873
0.539062 0.710938 0.302347
0.554688 0.710938 0.00663816
0.570312 0.710938 5.09327e-05
0.585938 0.710938 2.87102e-07
0.601562 0.710938 9.89296e-10
0.617188 0.710938 0
0.632812 0.710938 0
0.648438 0.710938 0
0.664062 0.710938 0
0.679688 0.710938 0
0.695312 0.710938 0
0.710938 0.710938 0
0.726562 0.710938 0
0.742188 0.710938 0
0.757812 0.710938 0
0.773438 0.710938 0
0.789062 0.710938 0
0.804688 0.710938 0
0.820312 0.710938 0
0.835938 0.710938 0
0.851562 0.710938 0
0.867188 0.710938 0
0.882812 0.710938 0
0.898438 0.710938 0
0.914062 0.710938 0
0.929688 0.710938 0
0.945312 0.710938 0
0.960938 0.710938 0
0.976562 0.710938 0
0.992188 0.710938 0

0.0078125 0.726562 0
0.0234375 0.726562 0
0.0390625 0.726562 0
0.0546875 0.726562 0
0.0703125 0.726562 0
0.0859375 0.726562 0
0.101562 0.726562 0
0.117188 0.726562 0
0.132812 0.726562 0
0.148438 0.726562 0
0.164062 0.726562 0
0.179688 0.726562 0
0.195312 0.726562 0
0.210938 0.726562 6.94855e-07
0.226562 0.726562 1.42525e-05
0.242188 0.726562 0.000140065
0.257812 0.726562 0.000876416
0.273438 0.726562 0.00391818
0.289062 0.726562 0.013354
0.304688 0.726562 0.0363317
0.320312 0.726562 0.082074
0.335938 0.726562 0.159639
0.351562 0.726562 0.275411
0.367188 0.726562 0.440593
0.382812 0.726562 0.62171
0.398438 0.726562 0.780933
0.414062 0.726562 0.925712
0.429688 0.726562 0.94353
0.445312 0.726562 0.933595
0.460938 0.726562 0.929835
0.476562 0.726562 0.928889
0.492188 0.726562 0.924409
0.507812 0.726562 0.900233
0.523438 0.726562 0.778873
0.539062 0.726562 0.302347
0.554688 0.726562 0.00663816
0.570312 0.726562 5.09327e-05
0.585938 0.726562 2.87102e-07
0.601562 0.726562 9.89296e-10
0.617188 0.726562 0
0.632812 0.726562 0
0.648438 0.726562 0
0.664062 0.726562 0
0.679688 0.726562 0
0.695312 0.726562 0
0.710938 0.726562 0
0.726562 0.726562 0
0.742188 0.726562 0
0.757812 0.726562 0
0.773438 0.726562 0
0.789062 0.726562 0
0.804688 0.726562 0
0.820312 0.726562 0
0.835938 0.726562 0
0.851562 0.726562 0
0.867188 0.726562 0
0.882812 0.726562 0
0.898438 0.726562 0
0.914062 0.726562 0
0.929688 0.726562 0
0.945312 0.726562 0
0.960938 0.726562 0
0.976562 0.726562 0
0.992188 0.726562 0

0.0078125 0.742188 0
0.0234375 0.742188 0
0.0390625 0.742188 0
0.0546875 0.742188 0
0.0703125 0.742188 0
0.0859375 0.742188 0
0.101562 0.742188 0
0.117188 0.742188 0
0.132812 0.742188 0
0.148438 0.742188 0
0.164062 0.742188 0
0.179688 0.742188 0
0.195312 0.742188 0
0.210938 0.742188 6.94855e-07
0.226562 0.742188 1.42525e-05
0.242188 0.742188 0.000140065
0.257812 0.742188 0.000876416
0.273438 0.742188 0.00391818
0.289062 0.742188 0.013354
0.304688 0.742188 0.0363317
0.320312 0.742188 0.082074
0.335938 0.742188 0.159639
0.351562 0.742188 0.275411
0.367188 0.742188 0.440593
0.382812 0.742188 0.62171
0.398438 0.742188 0.780933
0.414062 0.742188 0.925712
0.429688 0.742188 0.94353
0.445312 0.742188 0.933595
0.460938 0.742188 0.929835
0.476562 0.742188 0.928889
0.492188 0.742188 0.924409
0.507812 0.742188 0.900233
0.523438 0.742188 0.778873
0.539062 0.742188 0.302347
0.554688 0.742188 0.00663816
0.570312 0.742188 5.09327e-05
0.585938 0.742188 2.87102e-07
0.601562 0.742188 9.89296e-10
0.617188 0.742188 0
0.632812 0.742188 0
0.648438 0.742188 0
0.664062 0.742188 0
0.679688 0.742188 0
0.695312 0.742188 0
0.710938 0.742188 0
0.726562 0.742188 0
0.742188 0.742188 0
0.757812 0.742188 0
0.773438 0.742188 0
0.789062 0.742188 0
0.804688 0.742188 0
0.820312 0.742188 0
0.835938 0.742188 0
0.851562 0.742188 0
0.867188 0.742188 0
0.882812 0.742188 0
0.898438 0.742188 0
0.914062 0.742188 0
0.929688 0.742188 0
0.945312 0.742188 0
0.960938 0.742188 0
0.976562 0.742188 0
0.992188 0.742188 0

0.0078125 0.757812 0
0.0234375 0.757812 0
0.0390625 0.757812 0
0.0546875 0.757812 0
0.0703125 0.757812 0
0.0859375 0.757812 0
0.101562 0.757812 0
0.117188 0.757812 0
0.132812 0.757812 0
0.148438 0.757812 0
0.164062 0.757812 0
0.179688 0.757812 0
0.195312 0.757812 0
0.210938 0.757812 6.94855e-07
0.226562 0.757812 1.42525e-05
0.242188 0.757812 0.000140065
0.257812 0.757812 0.000876416
0.273438 0.757812 0.00391818
0.289062 0.757812 0.013354
0.304688 0.757812 0.0363317
0.320312 0.757812 0.082074
0.335938 0.757812 0.159639
0.351562 0.757812 0.275411
0.367188 0.757812 0.440593
0.382812 0.757812 0.62171
0.398438 0.757812 0.780933
0.414062 0.757812 0.925712
0.429688 0.757812 0.94353
0.445312 0.757812 0.933595
0.460938 0.757812 0.929835
0.476562 0.757812 0.928889
0.492188 0.757812 0.924409
0.507812 0.757812 0.900233
0.523438 0.757812 0.778873
0.539062 0.757812 0.302347
0.554688 0.757812 0.00663816
0.570312 0.757812 5.09327e-05
0.585938 0.757812 2.87102e-07
0.601562 0.757812 9.89296e-10
0.617188 0.757812 0
0.632812 0.757812 0
0.648438 0.757812 0
0.664062 0.757812 0
0.679688 0.757812 0
0.695312 0.757812 0
0.710938 0.757812 0
0.726562 0.757812 0
0.742188 0.757812 0
0.757812 0.757812 0
0.773438 0.757812 0
0.789062 0.757812 0
0.804688 0.757812 0
0.820312 0.757812 0
0.835938 0.757812 0
0.851562 0.757812 0
0.867188 0.757812 0
0.882812 0.757812 0
0.898438 0.757812 0
0.914062 0.757812 0
0.929688 0.757812 0
0.945312 0.757812 0
0.960938 0.757812 0
0.976562 0.757812 0
0.992188 0.757812 0

0.0078125 0.773438 0
0.0234375 0.773438 0
0.0390625 0.773438 0
0.0546875 0.773438 0
0.0703125 0.773438 0
0.0859375 0.773438 0
0.101562 0.773438 0
0.117188 0.773438 0
0.132812 0.773438 0
0.148438 0.773438 0
0.164062 0.773438 0
0.179688 0.773438 0
0.195312 0.773438 0
0.210938 0.773438 6.94855e-07
0.226562 0.773438 1.42525e-05
0.242188 0.773438 0.000140065
0.257812 0.773438 0.000876416
0.273438 0.773438 0.00391818
0.289062 0.773438 0.013354
0.304688 0.773438 0.0363317
0.320312 0.773438 0.082074
0.335938 0.773438 0.159639
0.351562 0.773438 0.275411
0.367188 0.773438 0.440593
0.382812 0.773438 0.62171
0.398438 0.773438 0.780933
0.414062 0.773438 0.925712
0.429688 0.773438 0.94353
0.445312 0.773438 0.933595
0.460938 0.773438 0.929835
0.476562 0.773438 0.928889
0.492188 0.773438 0.924409
0.507812 0.773438 0.900233
0.523438 0.773438 0.778873
0.539062 0.773438 0.302347
0.554688 0.773438 0.00663816
0.570312 0.773438 5.09327e-05
0.585938 0.773438 2.87102e-07
0.601562 0.773438 9.89296e-10
0.617188 0.773438 0
0.632812 0.773438 0
0.648438 0.773438 0
0.664062 0.773438 0
0.679688 0.773438 0
0.695312 0.773438 0
0.710938 0.773438 0
0.726562 0.773438 0
0.742188 0.773438 0
0.757812 0.773438 0
0.773438 0.773438 0
0.789062 0.773438 0
0.804688 0.773438 0
0.820312 0.773438 0
0.835938 0.773438 0
0.851562 0.773438 0
0.867188 0.773438 0
0.882812 0.773438 0
0.898438 0.773438 0
0.914062 0.773438 0
0.929688 0.773438 0
0.945312 0.773438 0
0.960938 0.773438 0
0.976562 0.773438 0
0.992188 0.773438 0

0.0078125 0.789062 0
0.0234375 0.789062 0
0.0390625 0.789062 0
0.0546875 0.789062 0
0.0703125 0.789062 0
0.0859375 0.789062 0
0.101562 0.789062 0
0.117188 0.789062 0
0.132812 0.789062 0
0.148438 0.789062 0
0.164062 0.789062 0
0.179688 0.789062 0
0.195312 0.789062 0
0.210938 0.789062 6.94855e-07
0.226562 0.789062 1.42525e-05
0.242188 0.789062 0.000140065
0.257812 0.789062 0.000876416
0.273438 0.789062 0.00391818
0.289062 0.789062 0.013354
0.304688 0.789062 0.0363317
0.320312 0.789062 0.082074
0.335938 0.789062 0.159639
0.351562 0.789062 0.275411
0.367188 0.789062 0.440593
0.382812 0.789062 0.62171
0.398438 0.789062 0.780933
0.414062 0.789062 0.925712
0.429688 0.789062 0.94353
0.445312 0.789062 0.933595
0.460938 0.789062 0.929835
0.476562 0.789062 0.928889
0.492188 0.789062 0.924409
0.507812 0.789062 0.900233
0.523438 0.789062 0.778873
0.539062 0.789062 0.302347
0.554688 0.789062 0.00663816
0.570312 0.789062 5.09327e-05
0.585938 0.789062 2.87102e-07
0.601562 0.789062 9.89296e-10
0.617188 0.789062 0
0.632812 0.789062 0
0.648438 0.789062 0
0.664062 0.789062 0
0.679688 0.789062 0
0.695312 0.789062 0
0.710938 0.789062 0
0.726562 0.789062 0
0.742188 0.789062 0
0.757812 0.789062 0
0.773438 0.789062 0
0.789062 0.789062 0
0.804688 0.789062 0
0.820312 0.789062 0
0.835938 0.789062 0
0.851562 0.789062 0
0.867188 0.789062 0
0.882812 0.789062 0
0.898438 0.789062 0
0.914062 0.789062 0
0.929688 0.789062 0
0.945312 0.789062 0
0.960938 0.789062 0
0.976562 0.789062 0
0.992188 0.789062 0

0.0078125 0.804688 0
0.0234375 0.804688 0
0.0390625 0.804688 0
0.0546875 0.804688 0
0.0703125 0.804688 0
0.0859375 0.804688 0
0.101562 0.804688 0
0.117188 0.804688 0
0.132812 0.804688 0
0.148438 0.804688 0
0.164062 0.804688 0
0.179688 0.804688 0
0.195312 0.804688 0
0.210938 0.804688 6.94855e-07
0.226562 0.804688 1.42525e-05
0.242188 0.804688 0.000140065
0.257812 0.804688 0.000876416
0.273438 0.804688 0.00391818
0.289062 0.804688 0.013354
0.304688 0.804688 0.0363317
0.320312 0.804688 0.082074
0.335938 0.804688 0.159639
0.351562 0.804688 0.275411
0.367188 0.804688 0.440593
0.382812 0.804688 0.62171
0.398438 0.804688 0.780933
0.414062 0.804688 0.925712
0.429688 0.804688 0.94353
0.445312 0.804688 0.933595
0.460938 0.804688 0.929835
0.476562 0.804688 0.928889
0.492188 0.804688 0.924409
0.507812 0.804688 0.900233
0.523438 0.804688 0.778873
0.539062 0.804688 0.302347
0.554688 0.804688 0.00663816
0.570312 0.804688 5.09327e-05
0.585938 0.804688 2.87102e-07
0.601562 0.804688 9.89296e-10
0.617188 0.804688 0
0.632812 0.804688 0
0.648438 0.804688 0
0.664062 0.804688 0
0.679688 0.804688 0
0.695312 0.804688 0
0.710938 0.804688 0
0.726562 0.804688 0
0.742188 0.804688 0
0.757812 0.804688 0
0.773438 0.804688 0
0.789062 0.804688 0
0.804688 0.804688 0
0.820312 0.804688 0
0.835938 0.804688 0
0.851562 0.804688 0
0.867188 0.804688 0
0.882812 0.804688 0
0.898438 0.804688 0
0.914062 0.804688 0
0.929688 0.804688 0
0.945312 0.804688 0
0.960938 0.804688 0
0.976562 0.804688 0
0.992188 0.804688 0

0.0078125 0.820312 0
0.0234375 0.820312 0
0.0390625 0.820312 0
0.0546875 0.820312 0
0.0703125 0.820312 0
0.0859375 0.820312 0
0.101562 0.820312 0
0.117188 0.820312 0
0.132812 0.820312 0
0.148438 0.820312 0
0.164062 0.820312 0
0.179688 0.820312 0
0.195312 0.820312 0
0.210938 0.820312 6.94855e-07
0.226562 0.820312 1.42525e-05
0.242188 0.820312 0.000140065
0.257812 0.820312 0.000876416
0.273438 0.820312 0.00391818
0.289062 0.820312 0.013354
0.304688 0.820312 0.0363317
0.320312 0.820312 0.082074
0.335938 0.820312 0.159639
0.351562 0.820312 0.275411
0.367188 0.820312 0.440593
0.382812 0.820312 0.62171
0.398438 0.820312 0.780933
0.414062 0.820312 0.925712
0.429688 0.820312 0.94353
0.445312 0.820312 0.933595
0.460938 0.820312 0.929835
0.476562 0.820312 0.928889
0.492188 0.820312 0.924409
0.507812 0.820312 0.900233
0.523438 0.820312 0.778873
0.539062 0.820312 0.302347
0.554688 0.820312 0.00663816
0.570312 0.820312 5.09327e-05
0.585938 0.820312 2.87102e-07
0.601562 0.820312 9.89296e-10
0.617188 0.820312 0
0.632812 0.820312 0
0.648438 0.820312 0
0.664062 0.820312 0
0.679688 0.820312 0
0.695312 0.820312 0
0.710938 0.820312 0
0.726562 0.820312 0
0.742188 0.820312 0
0.757812 0.820312 0
0.773438 0.820312 0
0.789062 0.820312 0
0.804688 0.820312 0
0.820312 0.820312 0
0.835938 0.820312 0
0.851562 0.820312 0
0.867188 0.820312 0
0.882812 0.820312 0
0.898438 0.820312 0
0.914062 0.820312 0
0.929688 0.820312 0
0.945312 0.820312 0
0.960938 0.820312 0
0.976562 0.820312 0
0.992188 0.820312 0

0.0078125 0.835938 0
0.0234375 0.835938 0
0.0390625 0.835938 0
0.0546875 0.835938 0
0.0703125 0.835938 0
0.0859375 0.835938 0
0.101562 0.835938 0
0.117188 0.835938 0
0.132812 0.835938 0
0.148438 0.835938 0
0.164062 0.835938 0
0.179688 0.835938 0
0.195312 0.835938 0
0.210938 0.835938 6.94855e-07
0.226562 0.835938 1.42525e-05
0.242188 0.835938 0.000140065
0.257812 0.835938 0.000876416
0.273438 0.835938 0.00391818
0.289062 0.835938 0.013354
0.304688 0.835938 0.0363317
0.320312 0.835938 0.082074
0.335938 0.835938 0.159639
0.351562 0.835938 0.275411
0.367188 0.835938 0.440593
0.382812 0.835938 0.62171
0.398438 0.835938 0.780933
0.414062 0.835938 0.925712
0.429688 0.835938 0.94353
0.445312 0.835938 0.933595
0.460938 0.835938 0.929835
0.476562 0.835938 0.928889
0.492188 0.835938 0.924409
0.507812 0.835938 0.900233
0.523438 0.835938 0.778873
0.539062 0.835938 0.302347
0.554688 0.835938 0.00663816
0.570312 0.835938 5.09327e-05
0.585938 0.835938 2.87102e-07
0.601562 0.835938 9.89296e-10
0.617188 0.835938 0
0.632812 0.835938 0
0.648438 0.835938 0
0.664062 0.835938 0
0.679688 0.835938 0
0.695312 0.835938 0
0.710938 0.835938 0
0.726562 0.835938 0
0.742188 0.835938 0
0.757812 0.835938 0
0.773438 0.835938 0
0.789062 0.835938 0
0.804688 0.835938 0
0.820312 0.835938 0
0.835938 0.835938 0
0.851562 0.835938 0
0.867188 0.835938 0
0.882812 0.835938 0
0.898438 0.835938 0
0.914062 0.835938 0
0.929688 0.835938 0
0.945312 0.835938 0
0.960938 0.835938 0
0.976562 0.835938 0
0.992188 0.835938 0

0.0078125 0.851562 0
0.0234375 0.851562 0
0.0390625 0.851562 0
0.0546875 0.851562 0
0.0703125 0.851562 0
0.0859375 0.851562 0
0.101562 0.851562 0
0.117188 0.851562 0
0.132812 0.851562 0
0.148438 0.851562 0
0.164062 0.851562 0
0.179688 0.851562 0
0.195312 0.851562 0
0.210938 0.851562 6.94855e-07
0.226562 0.851562 1.42525e-05
0.242188 0.851562 0.000140065
0.257812 0.851562 0.000876416
0.273438 0.851562 0.00391818
0.289062 0.851562 0.013354
0.304688 0.851562 0.0363317
0.320312 0.851562 0.082074
0.335938 0.851562 0.159639
0.351562 0.851562 0.275411
0.367188 0.851562 0.440593
0.382812 0.851562 0.62171
0.398438 0.851562 0.780933
0.414062 0.851562 0.925712
0.429688 0.851562 0.94353
0.445312 0.851562 0.933595
0.460938 0.851562 0.929835
0.476562 0.851562 0.928889
0.492188 0.851562 0.924409
0.507812 0.851562 0.900233
0.523438 0.851562 0.778873
0.539062 0.851562 0.302347
0.554688 0.851562 0.00663816
0.570312 0.851562 5.09327e-05
0.585938 0.851562 2.87102e-07
0.601562 0.851562 9.89296e-10
0.617188 0.851562 0
0.632812 0.851562 0
0.648438 0.851562 0
0.664062 0.851562 0
0.679688 0.851562 0
0.695312 0.851562 0
0.710938 0.851562 0
0.726562 0.851562 0
0.742188 0.851562 0
0.757812 0.851562 0
0.773438 0.851562 0
0.789062 0.851562 0
0.804688 0.851562 0
0.820312 0.851562 0
0.835938 0.851562 0
0.851562 0.851562 0
0.867188 0.851562 0
0.882812 0.851562 0
0.898438 0.851562 0
0.914062 0.851562 0
0.929688 0.851562 0
0.945312 0.851562 0
0.960938 0.851562 0
0.976562 0.851562 0
0.992188 0.851562 0

0.0078125 0.867188 0
0.0234375 0.867188 0
0.0390625 0.867188 0
0.0546875 0.867188 0
0.0703125 0.867188 0
0.0859375 0.867188 0
0.101562 0.867188 0
0.117188 0.867188 0
0.132812 0.867188 0
0.148438 0.867188 0
0.164062 0.867188 0
0.179688 0.867188 0
0.195312 0.867188 0
0.210938 0.867188 6.94855e-07
0.226562 0.867188 1.42525e-05
0.242188 0.867188 0.000140065
0.257812 0.867188 0.000876416
0.273438 0.867188 0.00391818
0.289062 0.867188 0.013354
0.304688 0.867188 0.0363317
0.320312 0.867188 0.082074
0.335938 0.867188 0.159639
0.351562 0.867188 0.275411
0.367188 0.867188 0.440593
0.382812 0.867188 0.62171
0.398438 0.867188 0.780933
0.414062 0.867188 0.925712
0.429688 0.867188 0.94353
0.445312 0.867188 0.933595
0.460938 0.867188 0.929835
0.476562 0.867188 0.928889
0.492188 0.867188 0.924409
0.507812 0.867188 0.900233
0.523438 0.867188 0.778873
0.539062 0.867188 0.302347
0.554688 0.867188 0.00663816
0.570312 0.867188 5.09327e-05
0.585938 0.867188 2.87102e-07
0.601562 0.867188 9.89296e-10
0.617188 0.867188 0
0.632812 0.867188 0
0.648438 0.867188 0
0.664062 0.867188 0
0.679688 0.867188 0
0.695312 0.867188 0
0.710938 0.867188 0
0.726562 0.867188 0
0.742188 0.867188 0
0.757812 0.867188 0
0.773438 0.867188 0
0.789062 0.867188 0
0.804688 0.867188 0
0.820312 0.867188 0
0.835938 0.867188 0
0.851562 0.867188 0
0.867188 0.867188 0
0.882812 0.867188 0
0.898438 0.867188 0
0.914062 0.867188 0
0.929688 0.867188 0
0.945312 0.867188 0
0.960938 0.867188 0
0.976562 0.867188 0
0.992188 0.867188 0

0.0078125 0.882812 0
0.0234375 0.882812 0
0.0390625 0.882812 0
0.0546875 0.882812 0
0.0703125 0.882812 0
0.0859375 0.882812 0
0.101562 0.882812 0
0.117188 0.882812 0
0.132812 0.882812 0
0.148438 0.882812 0
0.164062 0.882812 0
0.179688 0.882812 0
0.195312 0.882812 0
0.210938 0.882812 6.94855e-07
0.226562 0.882812 1.42525e-05
0.242188 0.882812 0.000140065
0.257812 0.882812 0.000876416
0.273438 0.882812 0.00391818
0.289062 0.882812 0.013354
0.304688 0.882812 0.0363317
0.320312 0.882812 0.082074
0.335938 0.882812 0.159639
0.351562 0.882812 0.275411
0.367188 0.882812 0.440593
0.382812 0.882812 0.62171
0.398438 0.882812 0.780933
0.414062 0.882812 0.925712
0.429688 0.882812 0.94353
0.445312 0.882812 0.933595
0.460938 0.882812 0.929835
0.476562 0.882812 0.928889
0.492188 0.882812 0.924409
0.507812 0.882812 0.900233
0.523438 0.882812 0.778873
0.539062 0.882812 0.302347
0.554688 0.882812 0.00663816
0.570312 0.882812 5.09327e-05
0.585938 0.882812 2.87102e-07
0.601562 0.882812 9.89296e-10
0.617188 0.882812 0
0.632812 0.882812 0
0.648438 0.882812 0
0.664062 0.882812 0
0.679688 0.882812 0
0.695312 0.882812 0
0.710938 0.882812 0
0.726562 0.882812 0
0.742188 0.882812 0
0.757812 0.882812 0
0.773438 0.882812 0
0.789062 0.882812 0
0.804688 0.882812 0
0.820312 0.882812 0
0.835938 0.882812 0
0.851562 0.882812 0
0.867188 0.882812 0
0.882812 0.882812 0
0.898438 0.882812 0
0.914062 0.882812 0
0.929688 0.882812 0
0.945312 0.882812 0
0.960938 0.882812 0
0.976562 0.882812 0
0.992188 0.882812 0

0.0078125 0.898438 0
0.0234375 0.898438 0
0.0390625 0.898438 0
0.0546875 0.898438 0
0.0703125 0.898438 0
0.0859375 0.898438 0
0.101562 0.898438 0
0.117188 0.898438 0
0.132812 0.898438 0
0.148438 0.898438 0
0.164062 0.898438 0
0.179688 0.898438 0
0.195312 0.898438 0
0.210938 0.898438 6.94855e-07
0.226562 0.898438 1.42525e-05
0.242188 0.898438 0.000140065
0.257812 0.898438 0.000876416
0.273438 0.898438 0.00391818
0.289062 0.898438 0.013354
0.304688 0.898438 0.0363317
0.320312 0.898438 0.082074
0.335938 0.898438 0.159639
0.351562 0.898438 0.275411
0.367188 0.898438 0.440593
0.382812 0.898438 0.62171
0.398438 0.898438 0.780933
0.414062 0.898438 0.925712
0.429688 0.898438 0.94353
0.445312 0.898438 0.933595
0.460938 0.898438 0.929835
0.476562 0.898438 0.928889
0.492188 0.898438 0.924409
0.507812 0.898438 0.900233
0.523438 0.898438 0.778873
0.539062 0.898438 0.302347
0.554688 0.898438 0.00663816
0.570312 0.898438 5.09327e-05
0.585938 0.898438 2.87102e-07
0.601562 0.898438 9.89296e-10
0.617188 0.898438 0
0.632812 0.898438 0
0.648438 0.898438 0
0.664062 0.898438 0
0.679688 0.898438 0
0.695312 0.898438 0
0.710938 0.898438 0
0.726562 0.898438 0
0.742188 0.898438 0
0.757812 0.898438 0
0.773438 0.898438 0
0.789062 0.898438 0
0.804688 0.898438 0
0.820312 0.898438 0
0.835938 0.898438 0
0.851562 0.898438 0
0.867188 0.898438 0
0.882812 0.898438 0
0.898438 0.898438 0
0.914062 0.898438 0
0.929688 0.898438 0
0.945312 0.898438 0
0.960938 0.898438 0
0.976562 0.898438 0
0.992188 0.898438 0

0.0078125 0.914062 0
0.0234375 0.914062 0
0.0390625 0.914062 0
0.0546875 0.914062 0
0.0703125 0.914062 0
0.0859375 0.914062 0
0.101562 0.914062 0
0.117188 0.914062 0
0.132812 0.914062 0
0.148438 0.914062 0
0.164062 0.914062 0
0.179688 0.914062 0
0.195312 0.914062 0
0.210938 0.914062 6.94855e-07
0.226562 0.914062 1.42525e-05
0.242188 0.914062 0.000140065
0.257812 0.914062 0.000876416
0.273438 0.914062 0.00391818
0.289062 0.914062 0.013354
0.304688 0.914062 0.0363317
0.320312 0.914062 0.082074
0.335938 0.914062 0.159639
0.351562 0.914062 0.275411
0.367188 0.914062 0.440593
0.382812 0.914062 0.62171
0.398438 0.914062 0.780933
0.414062 0.914062 0.925712
0.429688 0.914062 0.94353
0.445312 0.914062 0.933595
0.460938 0.914062 0.929835
0.476562 0.914062 0.928889
0.492188 0.914062 0.924409
0.507812 0.914062 0.900233
0.523438 0.914062 0.778873
0.539062 0.914062 0.302347
0.554688 0.914062 0.00663816
0.570312 0.914062 5.09327e-05
0.585938 0.914062 2.87102e-07
0.601562 0.914062 9.89296e-10
0.617188 0.914062 0
0.632812 0.914062 0
0.648438 0.914062 0
0.664062 0.914062 0
0.679688 0.914062 0
0.695312 0.914062 0
0.710938 0.914062 0
0.726562 0.914062 0
0.742188 0.914062 0
0.757812 0.914062 0
0.773438 0.914062 0
0.789062 0.914062 0
0.804688 0.914062 0
0.820312 0.914062 0
0.835938 0.914062 0
0.851562 0.914062 0
0.867188 0.914062 0
0.882812 0.914062 0
0.898438 0.914062 0
0.914062 0.914062 0
0.929688 0.914062 0
0.945312 0.914062 0
0.960938 0.914062 0
0.976562 0.914062 0
0.992188 0.914062 0

0.0078125 0.929688 0
0.0234375 0.929688 0
0.0390625 0.929688 0
0.0546875 0.929688 0
0.0703125 0.929688 0
0.0859375 0.929688 0
0.101562 0.929688 0
0.117188 0.929688 0
0.132812 0.929688 0
0.148438 0.929688 0
0.164062 0.929688 0
0.179688 0.929688 0
0.195312 0.929688 0
0.210938 0.929688 6.94855e-07
0.226562 0.929688 1.42525e-05
0.242188 0.929688 0.000140065
0.257812 0.929688 0.000876416
0.273438 0.929688 0.00391818
0.289062 0.929688 0.013354
0.304688 0.929688 0.0363317
0.320312 0.929688 0.082074
0.335938 0.929688 0.159639
0.351562 0.929688 0.275411
0.367188 0.929688 0.440593
0.382812 0.929688 0.62171
0.398438 0.929688 0.780933
0.414062 0.929688 0.925712
0.429688 0.929688 0.94353
0.445312 0.929688 0.933595
0.460938 0.929688 0.929835
0.476562 0.929688 0.928889
0.492188 0.929688 0.924409
0.507812 0.929688 0.900233
0.523438 0.929688 0.778873
0.539062 0.929688 0.302347
0.554688 0.929688 0.00663816
0.570312 0.929688 5.09327e-05
0.585938 0.929688 2.87102e-07
0.601562 0.929688 9.89296e-10
0.617188 0.929688 0
0.632812 0.929688 0
0.648438 0.929688 0
0.664062 0.929688 0
0.679688 0.929688 0
0.695312 0.929688 0
0.710938 0.929688 0
0.726562 0.929688 0
0.742188 0.929688 0
0.757812 0.929688 0
0.773438 0.929688 0
0.789062 0.929688 0
0.804688 0.929688 0
0.820312 0.929688 0
0.835938 0.929688 0
0.851562 0.929688 0
0.867188 0.929688 0
0.882812 0.929688 0
0.898438 0.929688 0
0.914062 0.929688 0
0.929688 0.929688 0
0.945312 0.929688 0
0.960938 0.929688 0
0.976562 0.929688 0
0.992188 0.929688 0

0.0078125 0.945312 0
0.0234375 0.945312 0
0.0390625 0.945312 0
0.0546875 0.945312 0
0.0703125 0.945312 0
0.0859375 0.945312 0
0.101562 0.945312 0
0.117188 0.945312 0
0.132812 0.945312 0
0.148438 0.945312 0
0.164062 0.945312 0
0.179688 0.945312 0
0.195312 0.945312 0
0.210938 0.945312 6.94855e-07
0.226562 0.945312 1.42525e-05
0.242188 0.945312 0.000140065
0.257812 0.945312 0.000876416
0.273438 0.945312 0.00391818
0.289062 0.945312 0.013354
0.304688 0.945312 0.0363317
0.320312 0.945312 0.082074
0.335938 0.945312 0.159639
0.351562 0.945312 0.275411
0.367188 0.945312 0.440593
0.382812 0.945312 0.62171
0.398438 0.945312 0.780933
0.414062 0.945312 0.925712
0.429688 0.945312 0.94353
0.445312 0.945312 0.933595
0.460938 0.945312 0.929835
0.476562 0.945312 0.928889
0.492188 0.945312 0.924409
0.507812 0.945312 0.900233
0.523438 0.945312 0.778873
0.539062 0.945312 0.302347
0.554688 0.945312 0.00663816
0.570312 0.945312 5.09327e-05
0.585938 0.945312 2.87102e-07
0.601562 0.945312 9.89296e-10
0.617188 0.945312 0
0.632812 0.945312 0
0.648438 0.945312 0
0.664062 0.945312 0
0.679688 0.945312 0
0.695312 0.945312 0
0.710938 0.945312 0
0.726562 0.945312 0
0.742188 0.945312 0
0.757812 0.945312 0
0.773438 0.945312 0
0.789062 0.945312 0
0.804688 0.945312 0
0.820312 0.945312 0
0.835938 0.945312 0
0.851562 0.945312 0
0.867188 0.945312 0
0.882812 0.945312 0
0.898438 0.945312 0
0.914062 0.945312 0
0.929688 0.945312 0
0.945312 0.945312 0
0.960938 0.945312 0
0.976562 0.945312 0
0.992188 0.945312 0

0.0078125 0.960938 0
0.0234375 0.960938 0
0.0390625 0.960938 0
0.0546875 0.960938 0
0.0703125 0.960938 0
0.0859375 0.960938 0
0.101562 0.960938 0
0.117188 0.960938 0
0.132812 0.960938 0
0.148438 0.960938 0
0.164062 0.960938 0
0.179688 0.960938 0
0.195312 0.960938 0
0.210938 0.960938 6.94855e-07
0.226562 0.960938 1.42525e-05
0.242188 0.960938 0.000140065
0.257812 0.960938 0.000876416
0.273438 0.960938 0.00391818
0.289062 0.960938 0.013354
0.304688 0.960938 0.0363317
0.320312 0.960938 0.082074
0.335938 0.960938 0.159639
0.351562 0.960938 0.275411
0.367188 0.960938 0.440593
0.382812 0.960938 0.62171
0.398438 0.960938 0.780933
0.414062 0.960938 0.925712
0.429688 0.960938 0.94353
0.445312 0.960938 0.933595
0.460938 0.960938 0.929835
0.476562 0.960938 0.928889
0.492188 0.960938 0.924409
0.507812 0.960938 0.900233
0.523438 0.960938 0.778873
0.539062 0.960938 0.302347
0.554688 0.960938 0.00663816
0.570312 0.960938 5.09327e-05
0.585938 0.960938 2.87102e-07
0.601562 0.960938 9.89296e-10
0.617188 0.960938 0
0.632812 0.960938 0
0.648438 0.960938 0
0.664062 0.960938 0
0.679688 0.960938 0
0.695312 0.960938 0
0.710938 0.960938 0
0.726562 0.960938 0
0.742188 0.960938 0
0.757812 0.960938 0
0.773438 0.960938 0
0.789062 0.960938 0
0.804688 0.960938 0
0.820312 0.960938 0
0.835938 0.960938 0
0.851562 0.960938 0
0.867188 0.960938 0
0.882812 0.960938 0
0.898438 0.960938 0
0.914062 0.960938 0
0.929688 0.960938 0
0.945312 0.960938 0
0.960938 0.960938 0
0.976562 0.960938 0
0.992188 0.960938 0

0.0078125 0.976562 0
0.0234375 0.976562 0
0.0390625 0.976562 0
0.0546875 0.976562 0
0.0703125 0.976562 0
0.0859375 0.976562 0
0.101562 0.976562 0
0.117188 0.976562 0
0.132812 0.976562 0
0.148438 0.976562 0
0.164062 0.976562 0
0.179688 0.976562 0
0.195312 0.976562 0
0.210938 0.976562 6.94855e-07
0.226562 0.976562 1.42525e-05
0.242188 0.976562 0.000140065
0.257812 0.976562 0.000876416
0.273438 0.976562 0.00391818
0.289062 0.976562 0.013354
0.304688 0.976562 0.0363317
0.320312 0.976562 0.082074
0.335938 0.976562 0.159639
0.351562 0.976562 0.275411
0.367188 0.976562 0.440593
0.382812 0.976562 0.62171
0.398438 0.976562 0.780933
0.414062 0.976562 0.925712
0.429688 0.976562 0.94353
0.445312 0.976562 0.933595
0.460938 0.976562 0.929835
0.476562 0.976562 0.928889
0.492188 0.976562 0.924409
0.507812 0.976562 0.900233
0.523438 0.976562 0.778873
0.539062 0.976562 0.302347
0.554688 0.976562 0.00663816
0.570312 0.976562 5.09327e-05
0.585938 0.976562 2.87102e-07
0.601562 0.976562 9.89296e-10
0.617188 0.976562 0
0.632812 0.976562 0
0.648438 0.976562 0
0.664062 0.976562 0
0.679688 0.976562 0
0.695312 0.976562 0
0.710938 0.976562 0
0.726562 0.976562 0
0.742188 0.976562 0
0.757812 0.976562 0
0.773438 0.976562 0
0.789062 0.976562 0
0.804688 0.976562 0
0.820312 0.976562 0
0.835938 0.976562 0
0.851562 0.976562 0
0.867188 0.976562 0
0.882812 0.976562 0
0.898438 0.976562 0
0.914062 0.976562 0
0.929688 0.976562 0
0.945312 0.976562 0
0.960938 0.976562 0
0.976562 0.976562 0
0.992188 0.976562 0

0.0078125 0.992188 0
0.0234375 0.992188 0
0.0390625 0.992188 0
0.0546875 0.992188 0
0.0703125 0.992188 0
0.0859375 0.992188 0
0.101562 0.992188 0
0.117188 0.992188 0
0.132812 0.992188 0
0.148438 0.992188 0
0.164062 0.992188 0
0.179688 0.992188 0
0.195312 0.992188 0
0.210938 0.992188 6.94855e-07
0.226562 0.992188 1.42525e-05
0.242188 0.992188 0.000140065
0.257812 0.992188 0.000876416
0.273438 0.992188 0.00391818
0.289062 0.992188 0.013354
0.304688 0.992188 0.0363317
0.320312 0.992188 0.082074
0.335938 0.992188 0.159639
0.351562 0.992188 0.275411
0.367188 0.992188 0.440593
0.382812 0.992188 0.62171
0.398438 0.992188 0.780933
0.414062 0.992188 0.925712
0.429688 0.992188 0.94353
0.445312 0.992188 0.933595
0.460938 0.992188 0.929835
0.476562 0.992188 0.928889
0.492188 0.992188 0.924409
0.507812 0.992188 0.900233
0.523438 0.992188 0.778873
0.539062 0.992188 0.302347
0.554688 0.992188 0.00663816
0.570312 0.992188 5.09327e-05
0.585938 0.992188 2.87102e-07
0.601562 0.992188 9.89296e-10
0.617188 0.992188 0
0.632812 0.992188 0
0.648438 0.992188 0
0.664062 0.992188 0
0.679688 0.992188 0
0.695312 0.992188 0
0.710938 0.992188 0
0.726562 0.992188 0
0.742188 0.992188 0
0.757812 0.992188 0
0.773438 0.992188 0
0.789062 0.992188 0
0.804688 0.992188 0
0.820312 0.992188 0
0.835938 0.992188 0
0.851562 0.992188 0
0.867188 0.992188 0
0.882812 0.992188 0
0.898438 0.992188 0
0.914062 0.992188 0
0.929688 0.992188 0
0.945312 0.992188 0
0.960938 0.992188 0
0.976562 0.992188 0
0.992188 0.992188 0

