0.005 0.4
0.015 0.0996889
0.025 0.09235
0.035 0.0854791
0.045 0.0790511
0.055 0.073042
0.065 0.0674288
0.075 0.0621894
0.085 0.057303
0.095 0.0527494
0.105 0.0485095
0.115 0.0445652
0.125 0.040899
0.135 0.0374945
0.145 0.0343358
0.155 0.031408
0.165 0.0286968
0.175 0.0261888
0.185 0.023871
0.195 0.0217314
0.205 0.0197582
0.215 0.0179407
0.225 0.0162684
0.235 0.0147315
0.245 0.0133208
0.255 0.0120276
0.265 0.0108434
0.275 0.00976065
0.285 0.0087719
0.295 0.00787028
0.305 0.0070493
0.315 0.00630283
0.325 0.00562518
0.335 0.00501096
0.345 0.00445514
0.355 0.00395303
0.365 0.00350023
0.375 0.00309263
0.385 0.00272641
0.395 0.00239801
0.405 0.00210412
0.415 0.00184165
0.425 0.00160777
0.435 0.00139982
0.445 0.00121536
0.455 0.00105214
0.465 0.000908086
0.475 0.000781277
0.485 0.00066996
0.495 0.000572523
0.505 0.000487495
0.515 0.000413529
0.525 0.000349398
0.535 0.000293989
0.545 0.000246288
0.555 0.000205381
0.565 0.000170442
0.575 0.000140727
0.585 0.000115568
0.595 9.43665e-05
0.605 7.65906e-05
0.615 0.00189387
0.625 0.00189387
0.635 0.00189387
0.645 0.00189387
0.655 0.00189387
0.665 0.00189387
0.675 0.00189387
0.685 0.00189387
0.695 0.00189387
0.705 0.00189387
0.715 0.00189387
0.725 0.00189387
0.735 0.00189387
0.745 0.00189387
0.755 0.00189387
0.765 0.00189387
0.775 0.00189387
0.785 0.00189387
0.795 0.0197582
0.805 0.0217314
0.815 0.023871
0.825 0.0261888
0.835 0.0286968
0.845 0.031408
0.855 0.0343358
0.865 0.0374945
0.875 0.040899
0.885 0.0445652
0.895 0.0485095
0.905 0.0527494
0.915 0.057303
0.925 0.0621894
0.935 0.0674288
0.945 0.073042
0.955 0.0790511
0.965 0.0854791
0.975 0.09235
0.985 0.0996889
0.995 0.107522
