0.005 460.894
0.015 460.894
0.025 460.894
0.035 460.894
0.045 460.894
0.055 460.894
0.065 460.894
0.075 460.894
0.085 460.894
0.095 460.894
0.105 460.894
0.115 460.894
0.125 460.894
0.135 460.894
0.145 460.894
0.155 460.894
0.165 460.894
0.175 460.894
0.185 460.894
0.195 460.894
0.205 460.894
0.215 460.894
0.225 460.894
0.235 460.894
0.245 460.894
0.255 460.894
0.265 460.894
0.275 460.894
0.285 460.894
0.295 460.894
0.305 460.894
0.315 460.894
0.325 460.894
0.335 460.894
0.345 460.894
0.355 460.894
0.365 460.894
0.375 460.894
0.385 460.894
0.395 460.894
0.405 460.894
0.415 460.894
0.425 460.894
0.435 460.894
0.445 460.894
0.455 460.894
0.465 460.894
0.475 460.894
0.485 460.894
0.495 460.894
0.505 460.894
0.515 460.894
0.525 460.894
0.535 460.894
0.545 460.894
0.555 460.894
0.565 460.894
0.575 460.894
0.585 460.894
0.595 460.894
0.605 460.894
0.615 460.894
0.625 460.894
0.635 460.894
0.645 460.894
0.655 460.894
0.665 460.894
0.675 460.894
0.685 460.894
0.695 460.894
0.705 460.894
0.715 460.894
0.725 460.894
0.735 460.894
0.745 460.894
0.755 460.894
0.765 460.894
0.775 460.894
0.785 460.894
0.795 460.894
0.805 460.894
0.815 460.894
0.825 460.894
0.835 460.894
0.845 460.894
0.855 460.894
0.865 460.894
0.875 460.894
0.885 460.894
0.895 460.894
0.905 460.894
0.915 460.894
0.925 460.894
0.935 460.894
0.945 460.894
0.955 460.894
0.965 460.894
0.975 460.894
0.985 460.894
0.995 460.894
