0.005 111.827 4.06237 -0.495
0.015 111.825 4.06237 -0.485614
0.025 111.822 4.06237 -0.475614
0.035 111.819 4.06237 -0.465614
0.045 111.816 4.06237 -0.455614
0.055 111.814 4.06237 -0.445614
0.065 111.812 4.06237 -0.435614
0.075 111.81 4.06237 -0.425614
0.085 111.809 4.06237 -0.415614
0.095 111.808 4.06237 -0.405614
0.105 111.806 4.06237 -0.395614
0.115 111.805 4.06237 -0.385614
0.125 111.804 4.06237 -0.375614
0.135 111.803 4.06237 -0.365614
0.145 111.803 4.06237 -0.355614
0.155 111.802 4.06237 -0.345614
0.165 111.802 4.06237 -0.335614
0.175 111.803 4.06237 -0.325614
0.185 111.803 4.06237 -0.315614
0.195 111.805 4.06237 -0.305614
0.205 111.808 4.06237 -0.295614
0.215 111.813 4.06237 -0.285614
0.225 111.82 4.06237 -0.275614
0.235 111.832 4.06237 -0.265614
0.245 111.847 4.06237 -0.255615
0.255 111.871 4.06237 -0.245615
0.265 111.893 4.06237 -0.235615
0.275 111.923 4.06237 -0.225615
0.285 111.973 4.06237 -0.215615
0.295 112.042 4.06237 -0.205616
0.305 112.13 4.06237 -0.195616
0.315 112.234 4.06237 -0.185616
0.325 112.36 4.06237 -0.175617
0.335 112.489 4.06237 -0.165618
0.345 112.654 4.06237 -0.155619
0.355 112.838 4.06237 -0.145619
0.365 112.989 4.06237 -0.13562
0.375 113.062 4.06237 -0.12562
0.385 112.982 4.06237 -0.115619
0.395 112.625 4.06237 -0.105616
0.405 111.799 4.06237 -0.0956107
0.415 110.231 4.06237 -0.0856005
0.425 107.512 4.06237 -0.0755831
0.435 103.027 4.06237 -0.0655548
0.445 95.9027 4.06237 -0.0555105
0.455 85.0238 4.06237 -0.0454435
0.465 68.6132 4.06237 -0.0353428
0.475 44.9131 4.06237 -0.0252033
0.485 20.0915 4.06237 -0.0150802
0.495 6.23778 3.91733 -0.00505916
0.505 4.05381 2.89706 0.00497454
0.515 4.06237 0.916749 0.0149969
0.525 4.06237 0.303229 0.024999
0.535 4.06237 0.109307 0.0349996
0.545 4.06237 0.0425661 0.0449999
0.555 4.06237 0.0178272 0.0549999
0.565 4.06237 0.00785988 0.065
0.575 4.06237 0.00350402 0.075
0.585 4.06237 0.0016206 0.085
0.595 4.06237 0.000790573 0.095
0.605 4.06237 0.000388167 0.105
0.615 4.06237 0.000194459 0.115
0.625 4.06237 8.63207e-05 0.125
0.635 4.06237 3.78282e-05 0.135
0.645 4.06237 1.6963e-05 0.145
0.655 4.06237 7.54089e-06 0.155
0.665 4.06237 3.59845e-06 0.165
0.675 4.06237 1.76806e-06 0.175
0.685 4.06237 8.61176e-07 0.185
0.695 4.06237 3.96901e-07 0.195
0.705 4.06237 1.90115e-07 0.205
0.715 4.06237 8.92663e-08 0.215
0.725 4.06237 4.18227e-08 0.225
0.735 4.06237 1.95962e-08 0.235
0.745 4.06237 8.91363e-09 0.245
0.755 4.06237 3.97247e-09 0.255
0.765 4.06237 1.7577e-09 0.265
0.775 4.06237 7.66343e-10 0.275
0.785 4.06237 3.21506e-10 0.285
0.795 4.06237 1.28614e-10 0.295
0.805 4.06237 5.17223e-11 0.305
0.815 4.06237 2.06117e-11 0.315
0.825 4.06237 7.60439e-12 0.325
0.835 4.06237 2.36829e-12 0.335
0.845 4.06237 6.93983e-13 0.345
0.855 4.06237 1.34694e-13 0.355
0.865 4.06237 7.67131e-14 0.365
0.875 4.06237 5.79804e-14 0.375
0.885 4.06237 0 0.385
0.895 4.06237 0 0.395
0.905 4.06237 0 0.405
0.915 4.06237 0 0.415
0.925 4.06237 0 0.425
0.935 4.06237 0 0.435
0.945 4.06237 0 0.445
0.955 4.06237 0 0.455
0.965 4.06237 0 0.465
0.975 4.06237 0 0.475
0.985 4.06237 0 0.485
0.995 4.06237 0 0.495
