0.005 111.813 143.175 -0.505
0.015 111.812 143.175 -0.495507
0.025 111.811 143.175 -0.485507
0.035 111.809 143.175 -0.475507
0.045 111.807 143.175 -0.465507
0.055 111.806 143.175 -0.455507
0.065 111.805 143.175 -0.445507
0.075 111.805 143.175 -0.435507
0.085 111.804 143.175 -0.425507
0.095 111.804 143.175 -0.415507
0.105 111.804 143.175 -0.405507
0.115 111.805 143.175 -0.395507
0.125 111.807 143.175 -0.385507
0.135 111.81 143.175 -0.375507
0.145 111.816 143.175 -0.365507
0.155 111.824 143.175 -0.355507
0.165 111.832 143.175 -0.345507
0.175 111.843 143.175 -0.335507
0.185 111.862 143.175 -0.325507
0.195 111.891 143.175 -0.315507
0.205 111.931 143.175 -0.305508
0.215 111.985 143.175 -0.295508
0.225 112.052 143.175 -0.285508
0.235 112.141 143.175 -0.275508
0.245 112.231 143.175 -0.265509
0.255 112.336 143.175 -0.255509
0.265 112.496 143.175 -0.24551
0.275 112.722 143.175 -0.235511
0.285 113.014 143.175 -0.225512
0.295 113.373 143.175 -0.215514
0.305 113.795 143.175 -0.205516
0.315 114.284 143.175 -0.195518
0.325 114.848 143.175 -0.18552
0.335 115.502 143.175 -0.175523
0.345 116.226 143.175 -0.165527
0.355 117.05 143.175 -0.15553
0.365 117.881 143.175 -0.145534
0.375 118.624 143.175 -0.135537
0.385 119.292 143.175 -0.12554
0.395 120.014 143.175 -0.115544
0.405 120.916 143.175 -0.105548
0.415 121.955 143.175 -0.0955525
0.425 123.047 143.175 -0.0855574
0.435 124.187 143.175 -0.0755624
0.445 125.473 143.175 -0.0655679
0.455 127.058 143.175 -0.0555747
0.465 129.108 143.175 -0.0455834
0.475 131.772 143.175 -0.0355949
0.485 135.262 141.434 -0.0256099
0.495 139.009 138.643 -0.0156261
0.505 141.339 137.613 -0.0105917
0.515 142.632 138.674 -0.000411825
0.525 143.175 139.787 0.0140751
0.535 143.175 139.734 0.0243738
0.545 143.175 138.232 0.0343806
0.555 143.175 136.042 0.0443892
0.565 143.175 134.14 0.0543961
0.575 143.175 132.763 0.0644014
0.585 143.175 131.484 0.0744078
0.595 143.175 129.554 0.0844196
0.605 143.175 126.083 0.0944414
0.615 143.175 119.994 0.104479
0.625 143.175 110.177 0.114533
0.635 143.175 96.5737 0.124601
0.645 143.175 80.898 0.134675
0.655 143.175 63.5217 0.144757
0.665 143.175 44.2138 0.154848
0.675 143.175 25.9397 0.164913
0.685 143.175 14.3131 0.174953
0.695 143.175 7.42387 0.184976
0.705 143.175 3.75605 0.194988
0.715 143.175 1.88225 0.204994
0.725 143.175 0.932999 0.214997
0.735 143.175 0.453081 0.224999
0.745 143.175 0.215195 0.234999
0.755 143.175 0.101091 0.245
0.765 143.175 0.0475043 0.255
0.775 143.175 0.022342 0.265
0.785 143.175 0.0104689 0.275
0.795 143.175 0.00488694 0.285
0.805 143.175 0.00228226 0.295
0.815 143.175 0.00106933 0.305
0.825 143.175 0.000501832 0.315
0.835 143.175 0.000234205 0.325
0.845 143.175 0.000107689 0.335
0.855 143.175 4.86752e-05 0.345
0.865 143.175 2.18647e-05 0.355
0.875 143.175 9.93165e-06 0.365
0.885 143.175 4.60344e-06 0.375
0.895 143.175 2.16535e-06 0.385
0.905 143.175 1.02155e-06 0.395
0.915 143.175 4.8024e-07 0.405
0.925 143.175 2.25351e-07 0.415
0.935 143.175 1.05994e-07 0.425
0.945 143.175 4.99333e-08 0.435
0.955 143.175 2.33737e-08 0.445
0.965 143.175 1.07707e-08 0.455
0.975 143.175 4.87063e-09 0.465
0.985 143.175 2.1386e-09 0.475
0.995 143.175 8.92582e-10 0.485
