0.0005 100 89.6185 -0.4995
0.0015 100 89.6185 -0.4995
0.0025 100 89.6185 -0.4995
0.0035 100 89.6185 -0.4995
0.0045 100 89.6185 -0.4995
0.0055 100 89.6185 -0.4995
0.0065 100 89.6185 -0.4995
0.0075 100 89.6185 -0.4995
0.0085 100 89.6185 -0.4995
0.0095 100 89.6185 -0.4995
0.0105 100 89.6185 -0.4995
0.0115 100 89.6185 -0.4995
0.0125 100 89.6185 -0.4995
0.0135 100 89.6185 -0.4995
0.0145 100 89.6185 -0.4995
0.0155 100 89.6185 -0.4995
0.0165 100 89.6185 -0.4995
0.0175 100 89.6185 -0.4995
0.0185 100 89.6185 -0.4995
0.0195 100 89.6185 -0.4995
0.0205 100 89.6185 -0.4995
0.0215 100 89.6185 -0.4995
0.0225 100 89.6185 -0.499499
0.0235 100 89.6185 -0.499499
0.0245 100 89.6185 -0.499497
0.0255 100 89.6185 -0.499495
0.0265 100 89.6185 -0.499491
0.0275 100 89.6185 -0.499483
0.0285 100 89.6185 -0.49947
0.0295 100 89.6185 -0.49945
0.0305 100 89.6185 -0.499418
0.0315 100 89.6185 -0.499371
0.0325 100 89.6185 -0.499302
0.0335 100 89.6185 -0.499206
0.0345 100 89.6185 -0.499076
0.0355 100 89.6185 -0.498903
0.0365 100 89.6185 -0.498681
0.0375 100 89.6185 -0.498403
0.0385 100 89.6185 -0.498063
0.0395 100 89.6185 -0.497658
0.0405 100 89.6185 -0.497184
0.0415 100 89.6185 -0.496642
0.0425 100 89.6185 -0.496033
0.0435 100 89.6185 -0.495361
0.0445 100 89.6185 -0.494631
0.0455 100 89.6185 -0.493848
0.0465 100 89.6185 -0.493019
0.0475 100 89.6185 -0.492152
0.0485 100 89.6185 -0.491253
0.0495 100 89.6185 -0.490328
0.0505 100 89.6185 -0.489382
0.0515 100 89.6185 -0.488421
0.0525 100 89.6185 -0.487448
0.0535 100 89.6185 -0.486466
0.0545 100 89.6185 -0.485479
0.0555 100 89.6185 -0.484487
0.0565 100 89.6185 -0.483492
0.0575 100 89.6185 -0.482495
0.0585 100 89.6185 -0.481497
0.0595 100 89.6185 -0.480498
0.0605 100 89.6185 -0.479499
0.0615 100 89.6185 -0.478499
0.0625 100 89.6185 -0.4775
0.0635 100 89.6185 -0.4765
0.0645 100 89.6185 -0.4755
0.0655 100 89.6185 -0.4745
0.0665 100 89.6185 -0.4735
0.0675 100 89.6185 -0.4725
0.0685 100 89.6185 -0.4715
0.0695 100 89.6185 -0.4705
0.0705 100 89.6185 -0.4695
0.0715 100 89.6185 -0.4685
0.0725 100 89.6185 -0.4675
0.0735 100 89.6185 -0.4665
0.0745 100 89.6185 -0.4655
0.0755 100 89.6185 -0.4645
0.0765 100 89.6185 -0.4635
0.0775 100 89.6185 -0.4625
0.0785 100 89.6185 -0.4615
0.0795 100 89.6185 -0.4605
0.0805 100 89.6185 -0.4595
0.0815 100 89.6185 -0.4585
0.0825 100 89.6185 -0.4575
0.0835 100 89.6185 -0.4565
0.0845 100 89.6185 -0.4555
0.0855 100 89.6185 -0.4545
0.0865 100 89.6185 -0.4535
0.0875 100 89.6185 -0.4525
0.0885 100 89.6185 -0.4515
0.0895 100 89.6185 -0.4505
0.0905 100 89.6185 -0.4495
0.0915 100 89.6185 -0.4485
0.0925 100 89.6185 -0.4475
0.0935 100 89.6185 -0.4465
0.0945 100 89.6185 -0.4455
0.0955 100 89.6185 -0.4445
0.0965 100 89.6185 -0.4435
0.0975 100 89.6185 -0.4425
0.0985 100 89.6185 -0.4415
0.0995 100 89.6185 -0.4405
0.1005 100 89.6185 -0.4395
0.1015 100 89.6185 -0.4385
0.1025 100 89.6185 -0.4375
0.1035 100 89.6185 -0.4365
0.1045 100 89.6185 -0.4355
0.1055 100 89.6185 -0.4345
0.1065 100 89.6185 -0.4335
0.1075 100 89.6185 -0.4325
0.1085 100 89.6185 -0.4315
0.1095 100 89.6185 -0.4305
0.1105 100 89.6185 -0.4295
0.1115 100 89.6185 -0.4285
0.1125 100 89.6185 -0.4275
0.1135 100 89.6185 -0.4265
0.1145 100 89.6185 -0.4255
0.1155 100 89.6185 -0.4245
0.1165 100 89.6185 -0.4235
0.1175 100 89.6185 -0.4225
0.1185 100 89.6185 -0.4215
0.1195 100 89.6185 -0.4205
0.1205 100 89.6185 -0.4195
0.1215 100 89.6185 -0.4185
0.1225 100 89.6185 -0.4175
0.1235 100 89.6185 -0.4165
0.1245 100 89.6185 -0.4155
0.1255 100 89.6185 -0.4145
0.1265 100 89.6185 -0.4135
0.1275 100 89.6185 -0.4125
0.1285 100 89.6185 -0.4115
0.1295 100 89.6185 -0.4105
0.1305 100 89.6185 -0.4095
0.1315 100 89.6185 -0.4085
0.1325 100 89.6185 -0.4075
0.1335 100 89.6185 -0.4065
0.1345 100 89.6185 -0.4055
0.1355 100 89.6185 -0.4045
0.1365 100 89.6185 -0.4035
0.1375 100 89.6185 -0.4025
0.1385 100 89.6185 -0.4015
0.1395 100 89.6185 -0.4005
0.1405 100 89.6185 -0.3995
0.1415 100 89.6185 -0.3985
0.1425 100 89.6185 -0.3975
0.1435 100 89.6185 -0.3965
0.1445 100 89.6185 -0.3955
0.1455 100 89.6185 -0.3945
0.1465 100 89.6185 -0.3935
0.1475 100 89.6185 -0.3925
0.1485 100 89.6185 -0.3915
0.1495 100 89.6185 -0.3905
0.1505 100 89.6185 -0.3895
0.1515 100 89.6185 -0.3885
0.1525 100 89.6185 -0.3875
0.1535 100 89.6185 -0.3865
0.1545 100 89.6185 -0.3855
0.1555 100 89.6185 -0.3845
0.1565 100 89.6185 -0.3835
0.1575 100 89.6185 -0.3825
0.1585 100 89.6185 -0.3815
0.1595 100 89.6185 -0.3805
0.1605 100 89.6185 -0.3795
0.1615 100 89.6185 -0.3785
0.1625 100 89.6185 -0.3775
0.1635 100 89.6185 -0.3765
0.1645 100 89.6185 -0.3755
0.1655 100 89.6185 -0.3745
0.1665 100 89.6185 -0.3735
0.1675 100 89.6185 -0.3725
0.1685 100 89.6185 -0.3715
0.1695 100 89.6185 -0.3705
0.1705 100 89.6185 -0.3695
0.1715 100 89.6185 -0.3685
0.1725 100 89.6185 -0.3675
0.1735 100 89.6185 -0.3665
0.1745 100 89.6185 -0.3655
0.1755 100 89.6185 -0.3645
0.1765 100 89.6185 -0.3635
0.1775 100 89.6185 -0.3625
0.1785 100 89.6185 -0.3615
0.1795 100 89.6185 -0.3605
0.1805 100 89.6185 -0.3595
0.1815 100 89.6185 -0.3585
0.1825 100 89.6185 -0.3575
0.1835 100 89.6185 -0.3565
0.1845 100 89.6185 -0.3555
0.1855 100 89.6185 -0.3545
0.1865 100 89.6185 -0.3535
0.1875 100 89.6185 -0.3525
0.1885 100 89.6185 -0.3515
0.1895 100 89.6185 -0.3505
0.1905 100 89.6185 -0.3495
0.1915 100 89.6185 -0.3485
0.1925 100 89.6185 -0.3475
0.1935 100 89.6185 -0.3465
0.1945 100 89.6185 -0.3455
0.1955 100 89.6185 -0.3445
0.1965 100 89.6185 -0.3435
0.1975 100 89.6185 -0.3425
0.1985 100 89.6185 -0.3415
0.1995 100 89.6185 -0.3405
0.2005 100 89.6185 -0.3395
0.2015 100 89.6185 -0.3385
0.2025 100 89.6185 -0.3375
0.2035 100 89.6185 -0.3365
0.2045 100 89.6185 -0.3355
0.2055 100 89.6185 -0.3345
0.2065 100 89.6185 -0.3335
0.2075 100 89.6185 -0.3325
0.2085 100 89.6185 -0.3315
0.2095 100 89.6185 -0.3305
0.2105 100 89.6185 -0.3295
0.2115 100 89.6185 -0.3285
0.2125 100 89.6185 -0.3275
0.2135 100 89.6185 -0.3265
0.2145 100 89.6185 -0.3255
0.2155 100 89.6185 -0.3245
0.2165 100 89.6185 -0.3235
0.2175 100 89.6185 -0.3225
0.2185 100 89.6185 -0.3215
0.2195 100 89.6185 -0.3205
0.2205 100 89.6185 -0.3195
0.2215 100 89.6185 -0.3185
0.2225 100 89.6185 -0.3175
0.2235 100 89.6185 -0.3165
0.2245 100 89.6185 -0.3155
0.2255 100 89.6185 -0.3145
0.2265 100 89.6185 -0.3135
0.2275 100 89.6185 -0.3125
0.2285 100 89.6185 -0.3115
0.2295 100 89.6185 -0.3105
0.2305 100 89.6185 -0.3095
0.2315 100 89.6185 -0.3085
0.2325 100 89.6185 -0.3075
0.2335 100 89.6185 -0.3065
0.2345 100 89.6185 -0.3055
0.2355 100 89.6185 -0.3045
0.2365 100 89.6185 -0.3035
0.2375 100 89.6185 -0.3025
0.2385 100 89.6185 -0.3015
0.2395 100 89.6185 -0.3005
0.2405 100 89.6185 -0.2995
0.2415 100 89.6185 -0.2985
0.2425 100 89.6185 -0.2975
0.2435 100 89.6185 -0.2965
0.2445 100 89.6185 -0.2955
0.2455 100 89.6185 -0.2945
0.2465 100 89.6185 -0.2935
0.2475 100 89.6185 -0.2925
0.2485 100 89.6185 -0.2915
0.2495 100 89.6185 -0.2905
0.2505 100 89.6185 -0.2895
0.2515 100 89.6185 -0.2885
0.2525 100 89.6185 -0.2875
0.2535 100 89.6185 -0.2865
0.2545 100 89.6185 -0.2855
0.2555 100 89.6185 -0.2845
0.2565 100 89.6185 -0.2835
0.2575 100 89.6185 -0.2825
0.2585 100 89.6185 -0.2815
0.2595 100 89.6185 -0.2805
0.2605 100 89.6185 -0.2795
0.2615 100 89.6185 -0.2785
0.2625 100 89.6185 -0.2775
0.2635 100 89.6185 -0.2765
0.2645 100 89.6185 -0.2755
0.2655 100 89.6185 -0.2745
0.2665 100 89.6185 -0.2735
0.2675 100 89.6185 -0.2725
0.2685 100 89.6185 -0.2715
0.2695 100 89.6185 -0.2705
0.2705 100 89.6185 -0.2695
0.2715 100 89.6185 -0.2685
0.2725 100 89.6185 -0.2675
0.2735 100 89.6185 -0.2665
0.2745 100 89.6185 -0.2655
0.2755 100 89.6185 -0.2645
0.2765 100 89.6185 -0.2635
0.2775 100 89.6185 -0.2625
0.2785 100 89.6185 -0.2615
0.2795 100 89.6185 -0.2605
0.2805 100 89.6185 -0.2595
0.2815 100 89.6185 -0.2585
0.2825 100 89.6185 -0.2575
0.2835 100 89.6185 -0.2565
0.2845 100 89.6185 -0.2555
0.2855 100 89.6185 -0.2545
0.2865 100 89.6185 -0.2535
0.2875 100 89.6185 -0.2525
0.2885 100 89.6185 -0.2515
0.2895 100 89.6185 -0.2505
0.2905 100 89.6185 -0.2495
0.2915 100 89.6185 -0.2485
0.2925 100 89.6185 -0.2475
0.2935 100 89.6185 -0.2465
0.2945 100 89.6185 -0.2455
0.2955 100 89.6185 -0.2445
0.2965 100 89.6185 -0.2435
0.2975 100 89.6185 -0.2425
0.2985 100 89.6185 -0.2415
0.2995 100 89.6185 -0.2405
0.3005 100 89.6185 -0.2395
0.3015 100 89.6185 -0.2385
0.3025 100 89.6185 -0.2375
0.3035 100 89.6185 -0.2365
0.3045 100 89.6185 -0.2355
0.3055 100 89.6185 -0.2345
0.3065 100 89.6185 -0.2335
0.3075 100 89.6185 -0.2325
0.3085 100 89.6185 -0.2315
0.3095 100 89.6185 -0.2305
0.3105 100 89.6185 -0.2295
0.3115 100 89.6185 -0.2285
0.3125 100 89.6185 -0.2275
0.3135 100 89.6185 -0.2265
0.3145 100 89.6185 -0.2255
0.3155 100 89.6185 -0.2245
0.3165 100 89.6185 -0.2235
0.3175 100 89.6185 -0.2225
0.3185 100 89.6185 -0.2215
0.3195 100 89.6185 -0.2205
0.3205 100 89.6185 -0.2195
0.3215 100 89.6185 -0.2185
0.3225 100 89.6185 -0.2175
0.3235 100 89.6185 -0.2165
0.3245 100 89.6185 -0.2155
0.3255 100 89.6185 -0.2145
0.3265 100 89.6185 -0.2135
0.3275 100 89.6185 -0.2125
0.3285 100 89.6185 -0.2115
0.3295 100 89.6185 -0.2105
0.3305 100 89.6185 -0.2095
0.3315 100 89.6185 -0.2085
0.3325 100 89.6185 -0.2075
0.3335 100 89.6185 -0.2065
0.3345 100 89.6185 -0.2055
0.3355 100 89.6185 -0.2045
0.3365 100 89.6185 -0.2035
0.3375 100 89.6185 -0.2025
0.3385 100 89.6185 -0.2015
0.3395 100 89.6185 -0.2005
0.3405 100 89.6185 -0.1995
0.3415 100 89.6185 -0.1985
0.3425 100 89.6185 -0.1975
0.3435 100 89.6185 -0.1965
0.3445 100 89.6185 -0.1955
0.3455 100 89.6185 -0.1945
0.3465 100 89.6185 -0.1935
0.3475 100 89.6185 -0.1925
0.3485 100 89.6185 -0.1915
0.3495 100 89.6185 -0.1905
0.3505 100 89.6185 -0.1895
0.3515 100 89.6185 -0.1885
0.3525 100 89.6185 -0.1875
0.3535 100 89.6185 -0.1865
0.3545 100 89.6185 -0.1855
0.3555 100 89.6185 -0.1845
0.3565 100 89.6185 -0.1835
0.3575 100 89.6185 -0.1825
0.3585 100 89.6185 -0.1815
0.3595 100 89.6185 -0.1805
0.3605 100 89.6185 -0.1795
0.3615 100 89.6185 -0.1785
0.3625 100 89.6185 -0.1775
0.3635 100 89.6185 -0.1765
0.3645 100 89.6185 -0.1755
0.3655 100 89.6185 -0.1745
0.3665 100 89.6185 -0.1735
0.3675 100 89.6185 -0.1725
0.3685 100 89.6185 -0.1715
0.3695 100 89.6185 -0.1705
0.3705 100 89.6185 -0.1695
0.3715 100 89.6185 -0.1685
0.3725 100 89.6185 -0.1675
0.3735 100 89.6185 -0.1665
0.3745 100 89.6185 -0.1655
0.3755 100 89.6185 -0.1645
0.3765 100 89.6185 -0.1635
0.3775 100 89.6185 -0.1625
0.3785 99.9999 89.6185 -0.1615
0.3795 99.9999 89.6185 -0.1605
0.3805 99.9998 89.6185 -0.1595
0.3815 99.9997 89.6185 -0.1585
0.3825 99.9995 89.6185 -0.1575
0.3835 99.9992 89.6185 -0.1565
0.3845 99.9988 89.6185 -0.1555
0.3855 99.998 89.6185 -0.1545
0.3865 99.9969 89.6185 -0.1535
0.3875 99.9952 89.6185 -0.1525
0.3885 99.9927 89.6185 -0.1515
0.3895 99.9888 89.6185 -0.1505
0.3905 99.9831 89.6185 -0.1495
0.3915 99.9746 89.6185 -0.1485
0.3925 99.9622 89.6185 -0.1475
0.3935 99.9443 89.6185 -0.1465
0.3945 99.9184 89.6185 -0.145499
0.3955 99.8816 89.6185 -0.144499
0.3965 99.8296 89.6185 -0.143499
0.3975 99.7568 89.6185 -0.142498
0.3985 99.656 89.6185 -0.141497
0.3995 99.5176 89.6185 -0.140496
0.4005 99.3297 89.6185 -0.139494
0.4015 99.0774 89.6185 -0.138492
0.4025 98.7429 89.6185 -0.137489
0.4035 98.3053 89.6185 -0.136484
0.4045 97.7418 89.6185 -0.135478
0.4055 97.0288 89.6185 -0.13447
0.4065 96.1452 89.6185 -0.13346
0.4075 95.0761 89.6185 -0.132446
0.4085 93.8153 89.6185 -0.131429
0.4095 92.3918 89.6185 -0.130408
0.4105 90.8087 89.6185 -0.129381
0.4115 89.5394 89.6185 -0.12835
0.4125 88.9081 89.6185 -0.127315
0.4135 88.741 89.6185 -0.12628
0.4145 88.7333 89.6185 -0.125244
0.4155 88.76 89.6185 -0.124208
0.4165 88.8134 89.6185 -0.123173
0.4175 88.8991 89.6185 -0.122137
0.4185 89.0182 89.6185 -0.121102
0.4195 89.1699 89.6185 -0.120067
0.4205 89.3478 89.6185 -0.119033
0.4215 89.5407 89.6185 -0.118
0.4225 89.6862 89.6185 -0.116967
0.4235 89.7583 89.6185 -0.115934
0.4245 89.7819 89.6185 -0.114902
0.4255 89.7863 89.6185 -0.113869
0.4265 89.7865 89.6185 -0.112837
0.4275 89.7865 89.6185 -0.111805
0.4285 89.7864 89.6185 -0.110772
0.4295 89.7863 89.6185 -0.10974
0.4305 89.7861 89.6185 -0.108707
0.4315 89.7859 89.6185 -0.107675
0.4325 89.7855 89.6185 -0.106643
0.4335 89.785 89.6185 -0.10561
0.4345 89.7842 89.6185 -0.104578
0.4355 89.7832 89.6185 -0.103546
0.4365 89.7819 89.6185 -0.102513
0.4375 89.7803 89.6185 -0.101481
0.4385 89.7784 89.6185 -0.100448
0.4395 89.7761 89.6185 -0.0994159
0.4405 89.7734 89.6185 -0.0983834
0.4415 89.7704 89.6185 -0.097351
0.4425 89.7671 89.6185 -0.0963186
0.4435 89.7635 89.6185 -0.0952861
0.4445 89.7597 89.6185 -0.0942536
0.4455 89.7557 89.6185 -0.0932212
0.4465 89.7515 89.6185 -0.0921887
0.4475 89.7472 89.6185 -0.0911562
0.4485 89.7428 89.6185 -0.0901237
0.4495 89.7385 89.6185 -0.0890911
0.4505 89.7342 89.6185 -0.0880586
0.4515 89.7299 89.6185 -0.087026
0.4525 89.7257 89.6185 -0.0859934
0.4535 89.7216 89.6185 -0.0849609
0.4545 89.718 89.6185 -0.0839283
0.4555 89.715 89.6185 -0.0828957
0.4565 89.7127 89.6185 -0.081863
0.4575 89.7109 89.6185 -0.0808304
0.4585 89.7095 89.6185 -0.0797978
0.4595 89.7083 89.6185 -0.0787652
0.4605 89.7071 89.6185 -0.0777325
0.4615 89.7059 89.6185 -0.0766999
0.4625 89.7047 89.6185 -0.0756673
0.4635 89.7034 89.6185 -0.0746346
0.4645 89.7019 89.6329 -0.073602
0.4655 89.7003 89.6504 -0.0725693
0.4665 89.6985 89.6545 -0.0715367
0.4675 89.6964 89.6538 -0.070504
0.4685 89.6941 89.6525 -0.0694714
0.4695 89.6914 89.6514 -0.0684387
0.4705 89.6885 89.6498 -0.067406
0.4715 89.6853 89.6487 -0.0663733
0.4725 89.6819 89.6476 -0.0653406
0.4735 89.6785 89.6466 -0.0643079
0.4745 89.6754 89.6454 -0.0632752
0.4755 89.6729 89.644 -0.0622425
0.4765 89.6708 89.6429 -0.0612097
0.4775 89.6689 89.6418 -0.060177
0.4785 89.6671 89.641 -0.0591443
0.4795 89.6654 89.64 -0.0581115
0.4805 89.6636 89.6393 -0.0570788
0.4815 89.6619 89.6385 -0.056046
0.4825 89.6601 89.6377 -0.0550132
0.4835 89.6583 89.6368 -0.0539805
0.4845 89.6565 89.636 -0.0529477
0.4855 89.6547 89.6351 -0.0519149
0.4865 89.6528 89.6343 -0.0508822
0.4875 89.6509 89.6335 -0.0498494
0.4885 89.649 89.6328 -0.0488166
0.4895 89.6472 89.6318 -0.0477838
0.4905 89.6455 89.6309 -0.046751
0.4915 89.644 89.6299 -0.0457182
0.4925 89.6425 89.6289 -0.0446854
0.4935 89.641 89.628 -0.0436526
0.4945 89.6397 89.6269 -0.0426198
0.4955 89.6384 89.626 -0.041587
0.4965 89.6371 89.625 -0.0405542
0.4975 89.6357 89.6241 -0.0395214
0.4985 89.6343 89.6232 -0.0384886
0.4995 89.6328 89.6225 -0.0374558
0.5005 89.6312 89.6219 -0.036423
0.5015 89.6293 89.6216 -0.0353901
0.5025 89.6279 89.6214 -0.0343573
0.5035 89.6266 89.6214 -0.0333245
0.5045 89.6256 89.6216 -0.0322917
0.5055 89.6247 89.6221 -0.0312589
0.5065 89.6238 89.6228 -0.0302261
0.5075 89.623 89.6236 -0.0291933
0.5085 89.6225 89.6245 -0.0281605
0.5095 89.6224 89.6254 -0.0271277
0.5105 89.6226 89.6263 -0.0260949
0.5115 89.6231 89.6272 -0.0250621
0.5125 89.6236 89.6279 -0.0240294
0.5135 89.6245 89.6284 -0.0229966
0.5145 89.6258 89.6287 -0.0219638
0.5155 89.6266 89.6289 -0.0209311
0.5165 89.6276 89.6288 -0.0198983
0.5175 89.6283 89.6286 -0.0188656
0.5185 89.6288 89.6282 -0.0178327
0.5195 89.629 89.6277 -0.0167997
0.5205 89.6288 89.627 -0.0157664
0.5215 89.6284 89.6263 -0.0147325
0.5225 89.6278 89.6256 -0.0136974
0.5235 89.6268 89.6249 -0.0126606
0.5245 89.6257 89.6242 -0.0116208
0.5255 89.6247 89.6235 -0.0105765
0.5265 89.6234 89.623 -0.00952578
0.5275 89.6221 89.6224 -0.00846588
0.5285 89.6211 89.622 -0.00739367
0.5295 89.6204 89.6217 -0.00630552
0.5305 89.6199 89.6215 -0.00519745
0.5315 89.6195 89.6213 -0.00406537
0.5325 89.6191 89.6212 -0.0029053
0.5335 89.6188 89.6211 -0.0017137
0.5345 89.6186 89.6211 -0.000487652
0.5355 89.6185 89.6212 0.000774897
0.5365 89.6185 89.6212 0.002075
0.5375 89.6185 89.6213 0.00341258
0.5385 89.6185 89.6214 0.00478653
0.5395 89.6185 89.6216 0.00619482
0.5405 89.6185 89.6217 0.0076347
0.5415 89.6185 89.6218 0.0091029
0.5425 89.6185 89.622 0.0105959
0.5435 89.6185 89.6221 0.01211
0.5445 89.6185 89.6223 0.0136418
0.5455 89.6185 89.6224 0.015188
0.5465 89.6185 89.6224 0.0167457
0.5475 89.6185 89.6223 0.0183124
0.5485 89.6185 89.6221 0.019886
0.5495 89.6185 89.6216 0.0214648
0.5505 89.6185 89.621 0.0230473
0.5515 89.6185 89.6203 0.0246326
0.5525 89.6185 89.6196 0.0262197
0.5535 89.6185 89.619 0.0278081
0.5545 89.6185 89.6187 0.0293974
0.5555 89.6185 89.6187 0.0309871
0.5565 89.6185 89.6192 0.0325771
0.5575 89.6185 89.6199 0.0341672
0.5585 89.6185 89.6211 0.0357573
0.5595 89.6185 89.6226 0.0373473
0.5605 89.6185 89.6243 0.0389372
0.5615 89.6185 89.6261 0.0405269
0.5625 89.6185 89.628 0.0421164
0.5635 89.6185 89.6297 0.0437057
0.5645 89.6185 89.6309 0.0452948
0.5655 89.6185 89.6315 0.0468838
0.5665 89.6185 89.6317 0.0484727
0.5675 89.6185 89.6318 0.0500615
0.5685 89.6185 89.632 0.0516501
0.5695 89.6185 89.6324 0.0532388
0.5705 89.6185 89.6327 0.0548273
0.5715 89.6185 89.6329 0.0564158
0.5725 89.6185 89.6332 0.0580042
0.5735 89.6185 89.6336 0.0595926
0.5745 89.6185 89.6343 0.0611809
0.5755 89.6185 89.6349 0.0627692
0.5765 89.6185 89.6357 0.0643574
0.5775 89.6185 89.6364 0.0659456
0.5785 89.6185 89.6374 0.0675337
0.5795 89.6185 89.6381 0.0691217
0.5805 89.6185 89.639 0.0707096
0.5815 89.6185 89.6395 0.0722976
0.5825 89.6185 89.6399 0.0738856
0.5835 89.6185 89.6402 0.0754736
0.5845 89.6185 89.6407 0.0770617
0.5855 89.6185 89.6412 0.0786499
0.5865 89.6185 89.6405 0.080238
0.5875 89.6185 89.6383 0.0818262
0.5885 89.6185 89.6331 0.0834143
0.5895 89.6185 89.6207 0.0850024
0.5905 89.6185 89.5896 0.0865902
0.5915 89.6185 89.5068 0.0881774
0.5925 89.6185 89.2875 0.0897631
0.5935 89.6185 88.7353 0.0913449
0.5945 89.6185 87.3206 0.0929166
0.5955 89.6185 83.7299 0.0944644
0.5965 89.6185 75.3898 0.0959552
0.5975 89.6185 53.9571 0.0973148
0.5985 89.6185 18.5546 0.098468
0.5995 89.6185 3.07581 0.0994948
0.6005 89.6185 0.582253 0.100499
0.6015 89.6185 0.0977715 0.1015
0.6025 89.6185 0.00173887 0.1025
0.6035 89.6185 4.05652e-06 0.1035
0.6045 89.6185 9.21634e-08 0.1045
0.6055 89.6185 1.0065e-08 0.1055
0.6065 89.6185 1.7311e-09 0.1065
0.6075 89.6185 2.86643e-10 0.1075
0.6085 89.6185 2.28811e-11 0.1085
0.6095 89.6185 5.50467e-12 0.1095
0.6105 89.6185 3.52164e-13 0.1105
0.6115 89.6185 1.40304e-14 0.1115
0.6125 89.6185 5.96223e-15 0.1125
0.6135 89.6185 9.31127e-16 0.1135
0.6145 89.6185 1.54528e-17 0.1145
0.6155 89.6185 7.46951e-18 0.1155
0.6165 89.6185 1.6234e-18 0.1165
0.6175 89.6185 0 0.1175
0.6185 89.6185 0 0.1185
0.6195 89.6185 0 0.1195
0.6205 89.6185 0 0.1205
0.6215 89.6185 0 0.1215
0.6225 89.6185 0 0.1225
0.6235 89.6185 0 0.1235
0.6245 89.6185 0 0.1245
0.6255 89.6185 0 0.1255
0.6265 89.6185 0 0.1265
0.6275 89.6185 0 0.1275
0.6285 89.6185 0 0.1285
0.6295 89.6185 0 0.1295
0.6305 89.6185 0 0.1305
0.6315 89.6185 0 0.1315
0.6325 89.6185 0 0.1325
0.6335 89.6185 0 0.1335
0.6345 89.6185 0 0.1345
0.6355 89.6185 0 0.1355
0.6365 89.6185 0 0.1365
0.6375 89.6185 0 0.1375
0.6385 89.6185 0 0.1385
0.6395 89.6185 0 0.1395
0.6405 89.6185 0 0.1405
0.6415 89.6185 0 0.1415
0.6425 89.6185 0 0.1425
0.6435 89.6185 0 0.1435
0.6445 89.6185 0 0.1445
0.6455 89.6185 0 0.1455
0.6465 89.6185 0 0.1465
0.6475 89.6185 0 0.1475
0.6485 89.6185 0 0.1485
0.6495 89.6185 0 0.1495
0.6505 89.6185 0 0.1505
0.6515 89.6185 0 0.1515
0.6525 89.6185 0 0.1525
0.6535 89.6185 0 0.1535
0.6545 89.6185 0 0.1545
0.6555 89.6185 0 0.1555
0.6565 89.6185 0 0.1565
0.6575 89.6185 0 0.1575
0.6585 89.6185 0 0.1585
0.6595 89.6185 0 0.1595
0.6605 89.6185 0 0.1605
0.6615 89.6185 0 0.1615
0.6625 89.6185 0 0.1625
0.6635 89.6185 0 0.1635
0.6645 89.6185 0 0.1645
0.6655 89.6185 0 0.1655
0.6665 89.6185 0 0.1665
0.6675 89.6185 0 0.1675
0.6685 89.6185 0 0.1685
0.6695 89.6185 0 0.1695
0.6705 89.6185 0 0.1705
0.6715 89.6185 0 0.1715
0.6725 89.6185 0 0.1725
0.6735 89.6185 0 0.1735
0.6745 89.6185 0 0.1745
0.6755 89.6185 0 0.1755
0.6765 89.6185 0 0.1765
0.6775 89.6185 0 0.1775
0.6785 89.6185 0 0.1785
0.6795 89.6185 0 0.1795
0.6805 89.6185 0 0.1805
0.6815 89.6185 0 0.1815
0.6825 89.6185 0 0.1825
0.6835 89.6185 0 0.1835
0.6845 89.6185 0 0.1845
0.6855 89.6185 0 0.1855
0.6865 89.6185 0 0.1865
0.6875 89.6185 0 0.1875
0.6885 89.6185 0 0.1885
0.6895 89.6185 0 0.1895
0.6905 89.6185 0 0.1905
0.6915 89.6185 0 0.1915
0.6925 89.6185 0 0.1925
0.6935 89.6185 0 0.1935
0.6945 89.6185 0 0.1945
0.6955 89.6185 0 0.1955
0.6965 89.6185 0 0.1965
0.6975 89.6185 0 0.1975
0.6985 89.6185 0 0.1985
0.6995 89.6185 0 0.1995
0.7005 89.6185 0 0.2005
0.7015 89.6185 0 0.2015
0.7025 89.6185 0 0.2025
0.7035 89.6185 0 0.2035
0.7045 89.6185 0 0.2045
0.7055 89.6185 0 0.2055
0.7065 89.6185 0 0.2065
0.7075 89.6185 0 0.2075
0.7085 89.6185 0 0.2085
0.7095 89.6185 0 0.2095
0.7105 89.6185 0 0.2105
0.7115 89.6185 0 0.2115
0.7125 89.6185 0 0.2125
0.7135 89.6185 0 0.2135
0.7145 89.6185 0 0.2145
0.7155 89.6185 0 0.2155
0.7165 89.6185 0 0.2165
0.7175 89.6185 0 0.2175
0.7185 89.6185 0 0.2185
0.7195 89.6185 0 0.2195
0.7205 89.6185 0 0.2205
0.7215 89.6185 0 0.2215
0.7225 89.6185 0 0.2225
0.7235 89.6185 0 0.2235
0.7245 89.6185 0 0.2245
0.7255 89.6185 0 0.2255
0.7265 89.6185 0 0.2265
0.7275 89.6185 0 0.2275
0.7285 89.6185 0 0.2285
0.7295 89.6185 0 0.2295
0.7305 89.6185 0 0.2305
0.7315 89.6185 0 0.2315
0.7325 89.6185 0 0.2325
0.7335 89.6185 0 0.2335
0.7345 89.6185 0 0.2345
0.7355 89.6185 0 0.2355
0.7365 89.6185 0 0.2365
0.7375 89.6185 0 0.2375
0.7385 89.6185 0 0.2385
0.7395 89.6185 0 0.2395
0.7405 89.6185 0 0.2405
0.7415 89.6185 0 0.2415
0.7425 89.6185 0 0.2425
0.7435 89.6185 0 0.2435
0.7445 89.6185 0 0.2445
0.7455 89.6185 0 0.2455
0.7465 89.6185 0 0.2465
0.7475 89.6185 0 0.2475
0.7485 89.6185 0 0.2485
0.7495 89.6185 0 0.2495
0.7505 89.6185 0 0.2505
0.7515 89.6185 0 0.2515
0.7525 89.6185 0 0.2525
0.7535 89.6185 0 0.2535
0.7545 89.6185 0 0.2545
0.7555 89.6185 0 0.2555
0.7565 89.6185 0 0.2565
0.7575 89.6185 0 0.2575
0.7585 89.6185 0 0.2585
0.7595 89.6185 0 0.2595
0.7605 89.6185 0 0.2605
0.7615 89.6185 0 0.2615
0.7625 89.6185 0 0.2625
0.7635 89.6185 0 0.2635
0.7645 89.6185 0 0.2645
0.7655 89.6185 0 0.2655
0.7665 89.6185 0 0.2665
0.7675 89.6185 0 0.2675
0.7685 89.6185 0 0.2685
0.7695 89.6185 0 0.2695
0.7705 89.6185 0 0.2705
0.7715 89.6185 0 0.2715
0.7725 89.6185 0 0.2725
0.7735 89.6185 0 0.2735
0.7745 89.6185 0 0.2745
0.7755 89.6185 0 0.2755
0.7765 89.6185 0 0.2765
0.7775 89.6185 0 0.2775
0.7785 89.6185 0 0.2785
0.7795 89.6185 0 0.2795
0.7805 89.6185 0 0.2805
0.7815 89.6185 0 0.2815
0.7825 89.6185 0 0.2825
0.7835 89.6185 0 0.2835
0.7845 89.6185 0 0.2845
0.7855 89.6185 0 0.2855
0.7865 89.6185 0 0.2865
0.7875 89.6185 0 0.2875
0.7885 89.6185 0 0.2885
0.7895 89.6185 0 0.2895
0.7905 89.6185 0 0.2905
0.7915 89.6185 0 0.2915
0.7925 89.6185 0 0.2925
0.7935 89.6185 0 0.2935
0.7945 89.6185 0 0.2945
0.7955 89.6185 0 0.2955
0.7965 89.6185 0 0.2965
0.7975 89.6185 0 0.2975
0.7985 89.6185 0 0.2985
0.7995 89.6185 0 0.2995
0.8005 89.6185 0 0.3005
0.8015 89.6185 0 0.3015
0.8025 89.6185 0 0.3025
0.8035 89.6185 0 0.3035
0.8045 89.6185 0 0.3045
0.8055 89.6185 0 0.3055
0.8065 89.6185 0 0.3065
0.8075 89.6185 0 0.3075
0.8085 89.6185 0 0.3085
0.8095 89.6185 0 0.3095
0.8105 89.6185 0 0.3105
0.8115 89.6185 0 0.3115
0.8125 89.6185 0 0.3125
0.8135 89.6185 0 0.3135
0.8145 89.6185 0 0.3145
0.8155 89.6185 0 0.3155
0.8165 89.6185 0 0.3165
0.8175 89.6185 0 0.3175
0.8185 89.6185 0 0.3185
0.8195 89.6185 0 0.3195
0.8205 89.6185 0 0.3205
0.8215 89.6185 0 0.3215
0.8225 89.6185 0 0.3225
0.8235 89.6185 0 0.3235
0.8245 89.6185 0 0.3245
0.8255 89.6185 0 0.3255
0.8265 89.6185 0 0.3265
0.8275 89.6185 0 0.3275
0.8285 89.6185 0 0.3285
0.8295 89.6185 0 0.3295
0.8305 89.6185 0 0.3305
0.8315 89.6185 0 0.3315
0.8325 89.6185 0 0.3325
0.8335 89.6185 0 0.3335
0.8345 89.6185 0 0.3345
0.8355 89.6185 0 0.3355
0.8365 89.6185 0 0.3365
0.8375 89.6185 0 0.3375
0.8385 89.6185 0 0.3385
0.8395 89.6185 0 0.3395
0.8405 89.6185 0 0.3405
0.8415 89.6185 0 0.3415
0.8425 89.6185 0 0.3425
0.8435 89.6185 0 0.3435
0.8445 89.6185 0 0.3445
0.8455 89.6185 0 0.3455
0.8465 89.6185 0 0.3465
0.8475 89.6185 0 0.3475
0.8485 89.6185 0 0.3485
0.8495 89.6185 0 0.3495
0.8505 89.6185 0 0.3505
0.8515 89.6185 0 0.3515
0.8525 89.6185 0 0.3525
0.8535 89.6185 0 0.3535
0.8545 89.6185 0 0.3545
0.8555 89.6185 0 0.3555
0.8565 89.6185 0 0.3565
0.8575 89.6185 0 0.3575
0.8585 89.6185 0 0.3585
0.8595 89.6185 0 0.3595
0.8605 89.6185 0 0.3605
0.8615 89.6185 0 0.3615
0.8625 89.6185 0 0.3625
0.8635 89.6185 0 0.3635
0.8645 89.6185 0 0.3645
0.8655 89.6185 0 0.3655
0.8665 89.6185 0 0.3665
0.8675 89.6185 0 0.3675
0.8685 89.6185 0 0.3685
0.8695 89.6185 0 0.3695
0.8705 89.6185 0 0.3705
0.8715 89.6185 0 0.3715
0.8725 89.6185 0 0.3725
0.8735 89.6185 0 0.3735
0.8745 89.6185 0 0.3745
0.8755 89.6185 0 0.3755
0.8765 89.6185 0 0.3765
0.8775 89.6185 0 0.3775
0.8785 89.6185 0 0.3785
0.8795 89.6185 0 0.3795
0.8805 89.6185 0 0.3805
0.8815 89.6185 0 0.3815
0.8825 89.6185 0 0.3825
0.8835 89.6185 0 0.3835
0.8845 89.6185 0 0.3845
0.8855 89.6185 0 0.3855
0.8865 89.6185 0 0.3865
0.8875 89.6185 0 0.3875
0.8885 89.6185 0 0.3885
0.8895 89.6185 0 0.3895
0.8905 89.6185 0 0.3905
0.8915 89.6185 0 0.3915
0.8925 89.6185 0 0.3925
0.8935 89.6185 0 0.3935
0.8945 89.6185 0 0.3945
0.8955 89.6185 0 0.3955
0.8965 89.6185 0 0.3965
0.8975 89.6185 0 0.3975
0.8985 89.6185 0 0.3985
0.8995 89.6185 0 0.3995
0.9005 89.6185 0 0.4005
0.9015 89.6185 0 0.4015
0.9025 89.6185 0 0.4025
0.9035 89.6185 0 0.4035
0.9045 89.6185 0 0.4045
0.9055 89.6185 0 0.4055
0.9065 89.6185 0 0.4065
0.9075 89.6185 0 0.4075
0.9085 89.6185 0 0.4085
0.9095 89.6185 0 0.4095
0.9105 89.6185 0 0.4105
0.9115 89.6185 0 0.4115
0.9125 89.6185 0 0.4125
0.9135 89.6185 0 0.4135
0.9145 89.6185 0 0.4145
0.9155 89.6185 0 0.4155
0.9165 89.6185 0 0.4165
0.9175 89.6185 0 0.4175
0.9185 89.6185 0 0.4185
0.9195 89.6185 0 0.4195
0.9205 89.6185 0 0.4205
0.9215 89.6185 0 0.4215
0.9225 89.6185 0 0.4225
0.9235 89.6185 0 0.4235
0.9245 89.6185 0 0.4245
0.9255 89.6185 0 0.4255
0.9265 89.6185 0 0.4265
0.9275 89.6185 0 0.4275
0.9285 89.6185 0 0.4285
0.9295 89.6185 0 0.4295
0.9305 89.6185 0 0.4305
0.9315 89.6185 0 0.4315
0.9325 89.6185 0 0.4325
0.9335 89.6185 0 0.4335
0.9345 89.6185 0 0.4345
0.9355 89.6185 0 0.4355
0.9365 89.6185 0 0.4365
0.9375 89.6185 0 0.4375
0.9385 89.6185 0 0.4385
0.9395 89.6185 0 0.4395
0.9405 89.6185 0 0.4405
0.9415 89.6185 0 0.4415
0.9425 89.6185 0 0.4425
0.9435 89.6185 0 0.4435
0.9445 89.6185 0 0.4445
0.9455 89.6185 0 0.4455
0.9465 89.6185 0 0.4465
0.9475 89.6185 0 0.4475
0.9485 89.6185 0 0.4485
0.9495 89.6185 0 0.4495
0.9505 89.6185 0 0.4505
0.9515 89.6185 0 0.4515
0.9525 89.6185 0 0.4525
0.9535 89.6185 0 0.4535
0.9545 89.6185 0 0.4545
0.9555 89.6185 0 0.4555
0.9565 89.6185 0 0.4565
0.9575 89.6185 0 0.4575
0.9585 89.6185 0 0.4585
0.9595 89.6185 0 0.4595
0.9605 89.6185 0 0.4605
0.9615 89.6185 0 0.4615
0.9625 89.6185 0 0.4625
0.9635 89.6185 0 0.4635
0.9645 89.6185 0 0.4645
0.9655 89.6185 0 0.4655
0.9665 89.6185 0 0.4665
0.9675 89.6185 0 0.4675
0.9685 89.6185 0 0.4685
0.9695 89.6185 0 0.4695
0.9705 89.6185 0 0.4705
0.9715 89.6185 0 0.4715
0.9725 89.6185 0 0.4725
0.9735 89.6185 0 0.4735
0.9745 89.6185 0 0.4745
0.9755 89.6185 0 0.4755
0.9765 89.6185 0 0.4765
0.9775 89.6185 0 0.4775
0.9785 89.6185 0 0.4785
0.9795 89.6185 0 0.4795
0.9805 89.6185 0 0.4805
0.9815 89.6185 0 0.4815
0.9825 89.6185 0 0.4825
0.9835 89.6185 0 0.4835
0.9845 89.6185 0 0.4845
0.9855 89.6185 0 0.4855
0.9865 89.6185 0 0.4865
0.9875 89.6185 0 0.4875
0.9885 89.6185 0 0.4885
0.9895 89.6185 0 0.4895
0.9905 89.6185 0 0.4905
0.9915 89.6185 0 0.4915
0.9925 89.6185 0 0.4925
0.9935 89.6185 0 0.4935
0.9945 89.6185 0 0.4945
0.9955 89.6185 0 0.4955
0.9965 89.6185 0 0.4965
0.9975 89.6185 0 0.4975
0.9985 89.6185 0 0.4985
0.9995 89.6185 0 0.4995
