0.005 46.0892
0.015 46.0892
0.025 46.0892
0.035 46.0892
0.045 46.0892
0.055 46.0892
0.065 46.0892
0.075 46.0892
0.085 46.0892
0.095 46.0892
0.105 46.0892
0.115 46.0892
0.125 46.0892
0.135 46.0892
0.145 46.0892
0.155 46.0892
0.165 46.0892
0.175 46.0892
0.185 46.0892
0.195 46.0892
0.205 46.0892
0.215 46.0892
0.225 46.0892
0.235 46.0892
0.245 46.0892
0.255 46.0892
0.265 46.0892
0.275 46.0892
0.285 46.0892
0.295 46.0892
0.305 46.0892
0.315 46.0892
0.325 46.0892
0.335 46.0892
0.345 46.0892
0.355 46.0892
0.365 46.0892
0.375 46.0892
0.385 46.0892
0.395 46.0892
0.405 46.0892
0.415 46.0892
0.425 46.0892
0.435 46.0892
0.445 46.0892
0.455 46.0892
0.465 46.0892
0.475 46.0892
0.485 46.0892
0.495 46.0892
0.505 46.0892
0.515 46.0892
0.525 46.0892
0.535 46.0892
0.545 46.0892
0.555 46.0892
0.565 46.0892
0.575 46.0892
0.585 46.0892
0.595 46.0892
0.605 46.0892
0.615 46.0892
0.625 46.0892
0.635 46.0892
0.645 46.0892
0.655 46.0892
0.665 46.0892
0.675 46.0892
0.685 46.0892
0.695 46.0892
0.705 46.0892
0.715 46.0892
0.725 46.0892
0.735 46.0892
0.745 46.0892
0.755 46.0892
0.765 46.0892
0.775 46.0892
0.785 46.0892
0.795 46.0892
0.805 46.0892
0.815 46.0892
0.825 46.0892
0.835 46.0892
0.845 46.0892
0.855 46.0892
0.865 46.0892
0.875 46.0892
0.885 46.0892
0.895 46.0892
0.905 46.0892
0.915 46.0892
0.925 46.0892
0.935 46.0892
0.945 46.0892
0.955 46.0892
0.965 46.0892
0.975 46.0892
0.985 46.0892
0.995 46.0892
