0.00125 111.801 2.36528e-10 -0.49875
0.00375 111.801 2.36528e-10 -0.496255
0.00625 111.801 2.36528e-10 -0.493755
0.00875 111.801 2.36528e-10 -0.491255
0.01125 111.801 2.36528e-10 -0.488755
0.01375 111.801 2.36528e-10 -0.486255
0.01625 111.8 2.36528e-10 -0.483755
0.01875 111.8 2.36528e-10 -0.481255
0.02125 111.8 2.36528e-10 -0.478755
0.02375 111.799 2.36528e-10 -0.476255
0.02625 111.799 2.36528e-10 -0.473755
0.02875 111.799 2.36528e-10 -0.471255
0.03125 111.798 2.36528e-10 -0.468755
0.03375 111.798 2.36528e-10 -0.466255
0.03625 111.798 2.36528e-10 -0.463755
0.03875 111.797 2.36528e-10 -0.461255
0.04125 111.797 2.36528e-10 -0.458755
0.04375 111.797 2.36528e-10 -0.456255
0.04625 111.797 2.36528e-10 -0.453755
0.04875 111.797 2.36528e-10 -0.451255
0.05125 111.797 2.36528e-10 -0.448755
0.05375 111.797 2.36528e-10 -0.446255
0.05625 111.797 2.36528e-10 -0.443755
0.05875 111.797 2.36528e-10 -0.441255
0.06125 111.797 2.36528e-10 -0.438755
0.06375 111.797 2.36528e-10 -0.436255
0.06625 111.797 2.36528e-10 -0.433755
0.06875 111.798 2.36528e-10 -0.431255
0.07125 111.798 2.36528e-10 -0.428755
0.07375 111.798 2.36528e-10 -0.426255
0.07625 111.798 2.36528e-10 -0.423755
0.07875 111.799 2.36528e-10 -0.421255
0.08125 111.799 2.36528e-10 -0.418755
0.08375 111.799 2.36528e-10 -0.416255
0.08625 111.799 2.36528e-10 -0.413755
0.08875 111.798 2.36528e-10 -0.411255
0.09125 111.798 2.36528e-10 -0.408755
0.09375 111.798 2.36528e-10 -0.406255
0.09625 111.798 2.36528e-10 -0.403755
0.09875 111.797 2.36528e-10 -0.401255
0.10125 111.797 2.36528e-10 -0.398755
0.10375 111.796 2.36528e-10 -0.396255
0.10625 111.796 2.36528e-10 -0.393755
0.10875 111.796 2.36528e-10 -0.391255
0.11125 111.796 2.36528e-10 -0.388755
0.11375 111.796 2.36528e-10 -0.386255
0.11625 111.795 2.36528e-10 -0.383755
0.11875 111.795 2.36528e-10 -0.381255
0.12125 111.795 2.36528e-10 -0.378755
0.12375 111.795 2.36528e-10 -0.376255
0.12625 111.795 2.36528e-10 -0.373755
0.12875 111.795 2.36528e-10 -0.371255
0.13125 111.795 2.36528e-10 -0.368755
0.13375 111.795 2.36528e-10 -0.366255
0.13625 111.796 2.36528e-10 -0.363755
0.13875 111.796 2.36528e-10 -0.361255
0.14125 111.796 2.36528e-10 -0.358755
0.14375 111.797 2.36528e-10 -0.356255
0.14625 111.797 2.36528e-10 -0.353755
0.14875 111.797 2.36528e-10 -0.351255
0.15125 111.797 2.36528e-10 -0.348755
0.15375 111.798 2.36528e-10 -0.346255
0.15625 111.798 2.36528e-10 -0.343755
0.15875 111.798 2.36528e-10 -0.341255
0.16125 111.798 2.36528e-10 -0.338755
0.16375 111.798 2.36528e-10 -0.336255
0.16625 111.798 2.36528e-10 -0.333755
0.16875 111.797 2.36528e-10 -0.331255
0.17125 111.797 2.36528e-10 -0.328755
0.17375 111.797 2.36528e-10 -0.326255
0.17625 111.796 2.36528e-10 -0.323755
0.17875 111.795 2.36528e-10 -0.321255
0.18125 111.795 2.36528e-10 -0.318755
0.18375 111.794 2.36528e-10 -0.316255
0.18625 111.794 2.36528e-10 -0.313755
0.18875 111.794 2.36528e-10 -0.311255
0.19125 111.793 2.36528e-10 -0.308755
0.19375 111.793 2.36528e-10 -0.306255
0.19625 111.794 2.36528e-10 -0.303755
0.19875 111.794 2.36528e-10 -0.301255
0.20125 111.794 2.36528e-10 -0.298755
0.20375 111.794 2.36528e-10 -0.296255
0.20625 111.794 2.36528e-10 -0.293755
0.20875 111.795 2.36528e-10 -0.291255
0.21125 111.795 2.36528e-10 -0.288755
0.21375 111.795 2.36528e-10 -0.286255
0.21625 111.796 2.36528e-10 -0.283755
0.21875 111.796 2.36528e-10 -0.281255
0.22125 111.797 2.36528e-10 -0.278755
0.22375 111.798 2.36528e-10 -0.276255
0.22625 111.798 2.36528e-10 -0.273755
0.22875 111.798 2.36528e-10 -0.271255
0.23125 111.798 2.36528e-10 -0.268755
0.23375 111.798 2.36528e-10 -0.266255
0.23625 111.798 2.36528e-10 -0.263755
0.23875 111.797 2.36528e-10 -0.261255
0.24125 111.797 2.36528e-10 -0.258755
0.24375 111.796 2.36528e-10 -0.256255
0.24625 111.796 2.36528e-10 -0.253755
0.24875 111.795 2.36528e-10 -0.251255
0.25125 111.795 2.36528e-10 -0.248755
0.25375 111.794 2.36528e-10 -0.246255
0.25625 111.794 2.36528e-10 -0.243755
0.25875 111.793 2.36528e-10 -0.241255
0.26125 111.793 2.36528e-10 -0.238755
0.26375 111.793 2.36528e-10 -0.236255
0.26625 111.793 2.36528e-10 -0.233755
0.26875 111.793 2.36528e-10 -0.231255
0.27125 111.793 2.36528e-10 -0.228755
0.27375 111.793 2.36528e-10 -0.226255
0.27625 111.794 2.36528e-10 -0.223755
0.27875 111.794 2.36528e-10 -0.221255
0.28125 111.794 2.36528e-10 -0.218755
0.28375 111.795 2.36528e-10 -0.216255
0.28625 111.795 2.36528e-10 -0.213755
0.28875 111.796 2.36528e-10 -0.211255
0.29125 111.796 2.36528e-10 -0.208755
0.29375 111.797 2.36528e-10 -0.206255
0.29625 111.797 2.36528e-10 -0.203755
0.29875 111.798 2.36528e-10 -0.201255
0.30125 111.798 2.36528e-10 -0.198755
0.30375 111.798 2.36528e-10 -0.196255
0.30625 111.798 2.36528e-10 -0.193755
0.30875 111.798 2.36528e-10 -0.191255
0.31125 111.798 2.36528e-10 -0.188755
0.31375 111.797 2.36528e-10 -0.186255
0.31625 111.797 2.36528e-10 -0.183755
0.31875 111.796 2.36528e-10 -0.181255
0.32125 111.795 2.36528e-10 -0.178755
0.32375 111.794 2.36528e-10 -0.176255
0.32625 111.793 2.36528e-10 -0.173755
0.32875 111.793 2.36528e-10 -0.171255
0.33125 111.793 2.36528e-10 -0.168755
0.33375 111.793 2.36528e-10 -0.166255
0.33625 111.793 2.36528e-10 -0.163755
0.33875 111.793 2.36528e-10 -0.161255
0.34125 111.793 2.36528e-10 -0.158755
0.34375 111.793 2.36528e-10 -0.156255
0.34625 111.793 2.36528e-10 -0.153755
0.34875 111.794 2.36528e-10 -0.151255
0.35125 111.794 2.36528e-10 -0.148755
0.35375 111.794 2.36528e-10 -0.146255
0.35625 111.795 2.36528e-10 -0.143755
0.35875 111.795 2.36528e-10 -0.141255
0.36125 111.795 2.36528e-10 -0.138755
0.36375 111.796 2.36528e-10 -0.136255
0.36625 111.797 2.36528e-10 -0.133755
0.36875 111.799 2.36528e-10 -0.131255
0.37125 111.801 2.36528e-10 -0.128755
0.37375 111.803 2.36528e-10 -0.126255
0.37625 111.805 2.36528e-10 -0.123755
0.37875 111.806 2.36528e-10 -0.121255
0.38125 111.807 2.36528e-10 -0.118755
0.38375 111.807 2.36528e-10 -0.116255
0.38625 111.808 2.36528e-10 -0.113755
0.38875 111.808 2.36528e-10 -0.111255
0.39125 111.809 2.36528e-10 -0.108755
0.39375 111.81 2.36528e-10 -0.106255
0.39625 111.811 2.36528e-10 -0.103755
0.39875 111.814 2.36528e-10 -0.101255
0.40125 111.816 2.36528e-10 -0.0987547
0.40375 111.819 2.36528e-10 -0.0962547
0.40625 111.822 2.36528e-10 -0.0937547
0.40875 111.824 2.36528e-10 -0.0912547
0.41125 111.823 2.36528e-10 -0.0887547
0.41375 111.817 2.36528e-10 -0.0862547
0.41625 111.803 2.36528e-10 -0.0837547
0.41875 111.776 2.36528e-10 -0.0812547
0.42125 111.728 2.36528e-10 -0.0787547
0.42375 111.646 2.36528e-10 -0.0762547
0.42625 111.511 2.36528e-10 -0.0737547
0.42875 111.294 2.36528e-10 -0.0712547
0.43125 110.949 2.36528e-10 -0.0687547
0.43375 110.406 2.36528e-10 -0.0662547
0.43625 109.562 2.36528e-10 -0.0637546
0.43875 108.256 2.36528e-10 -0.0612546
0.44125 106.252 2.36528e-10 -0.0587545
0.44375 103.196 2.36528e-10 -0.0562544
0.44625 98.5841 2.36528e-10 -0.0537542
0.44875 91.7126 2.36528e-10 -0.0512539
0.45125 81.5485 2.36528e-10 -0.0487534
0.45375 67.3029 2.36528e-10 -0.0462528
0.45625 46.5155 2.36528e-10 -0.0437519
0.45875 22.346 2.36528e-10 -0.0412509
0.46125 6.60882 2.36528e-10 -0.0387503
0.46375 1.35785 2.36528e-10 -0.0362501
0.46625 0.230551 2.36528e-10 -0.03375
0.46875 0.0367441 2.36528e-10 -0.03125
0.47125 0.00587324 2.36528e-10 -0.02875
0.47375 0.000964829 2.36528e-10 -0.02625
0.47625 0.000162209 2.36528e-10 -0.02375
0.47875 2.79043e-05 2.36528e-10 -0.02125
0.48125 4.98272e-06 2.36528e-10 -0.01875
0.48375 9.38298e-07 2.36528e-10 -0.01625
0.48625 1.88607e-07 2.36528e-10 -0.01375
0.48875 4.11164e-08 2.36528e-10 -0.01125
0.49125 9.88943e-09 2.36528e-10 -0.00875
0.49375 2.6403e-09 2.36528e-10 -0.00625
0.49625 7.39243e-10 2.36528e-10 -0.00375
0.49875 2.6034e-10 2.20175e-10 -0.00125
0.50125 2.3511e-10 1.4752e-10 0.00125
0.50375 2.36528e-10 5.49338e-11 0.00375
0.50625 2.36528e-10 2.49312e-11 0.00625
0.50875 2.36528e-10 1.20753e-11 0.00875
0.51125 2.36528e-10 6.87207e-12 0.01125
0.51375 2.36528e-10 3.66718e-12 0.01375
0.51625 2.36528e-10 1.75852e-12 0.01625
0.51875 2.36528e-10 7.95559e-13 0.01875
0.52125 2.36528e-10 3.06841e-13 0.02125
0.52375 2.36528e-10 1.08794e-13 0.02375
0.52625 2.36528e-10 7.67129e-14 0.02625
0.52875 2.36528e-10 7.67131e-14 0.02875
0.53125 2.36528e-10 5.88902e-14 0.03125
0.53375 2.36528e-10 1.96053e-14 0.03375
0.53625 2.36528e-10 0 0.03625
0.53875 2.36528e-10 0 0.03875
0.54125 2.36528e-10 0 0.04125
0.54375 2.36528e-10 0 0.04375
0.54625 2.36528e-10 0 0.04625
0.54875 2.36528e-10 0 0.04875
0.55125 2.36528e-10 0 0.05125
0.55375 2.36528e-10 0 0.05375
0.55625 2.36528e-10 0 0.05625
0.55875 2.36528e-10 0 0.05875
0.56125 2.36528e-10 0 0.06125
0.56375 2.36528e-10 0 0.06375
0.56625 2.36528e-10 0 0.06625
0.56875 2.36528e-10 0 0.06875
0.57125 2.36528e-10 0 0.07125
0.57375 2.36528e-10 0 0.07375
0.57625 2.36528e-10 0 0.07625
0.57875 2.36528e-10 0 0.07875
0.58125 2.36528e-10 0 0.08125
0.58375 2.36528e-10 0 0.08375
0.58625 2.36528e-10 0 0.08625
0.58875 2.36528e-10 0 0.08875
0.59125 2.36528e-10 0 0.09125
0.59375 2.36528e-10 0 0.09375
0.59625 2.36528e-10 0 0.09625
0.59875 2.36528e-10 0 0.09875
0.60125 2.36528e-10 0 0.10125
0.60375 2.36528e-10 0 0.10375
0.60625 2.36528e-10 0 0.10625
0.60875 2.36528e-10 0 0.10875
0.61125 2.36528e-10 0 0.11125
0.61375 2.36528e-10 0 0.11375
0.61625 2.36528e-10 0 0.11625
0.61875 2.36528e-10 0 0.11875
0.62125 2.36528e-10 0 0.12125
0.62375 2.36528e-10 0 0.12375
0.62625 2.36528e-10 0 0.12625
0.62875 2.36528e-10 0 0.12875
0.63125 2.36528e-10 0 0.13125
0.63375 2.36528e-10 0 0.13375
0.63625 2.36528e-10 0 0.13625
0.63875 2.36528e-10 0 0.13875
0.64125 2.36528e-10 0 0.14125
0.64375 2.36528e-10 0 0.14375
0.64625 2.36528e-10 0 0.14625
0.64875 2.36528e-10 0 0.14875
0.65125 2.36528e-10 0 0.15125
0.65375 2.36528e-10 0 0.15375
0.65625 2.36528e-10 0 0.15625
0.65875 2.36528e-10 0 0.15875
0.66125 2.36528e-10 0 0.16125
0.66375 2.36528e-10 0 0.16375
0.66625 2.36528e-10 0 0.16625
0.66875 2.36528e-10 0 0.16875
0.67125 2.36528e-10 0 0.17125
0.67375 2.36528e-10 0 0.17375
0.67625 2.36528e-10 0 0.17625
0.67875 2.36528e-10 0 0.17875
0.68125 2.36528e-10 0 0.18125
0.68375 2.36528e-10 0 0.18375
0.68625 2.36528e-10 0 0.18625
0.68875 2.36528e-10 0 0.18875
0.69125 2.36528e-10 0 0.19125
0.69375 2.36528e-10 0 0.19375
0.69625 2.36528e-10 0 0.19625
0.69875 2.36528e-10 0 0.19875
0.70125 2.36528e-10 0 0.20125
0.70375 2.36528e-10 0 0.20375
0.70625 2.36528e-10 0 0.20625
0.70875 2.36528e-10 0 0.20875
0.71125 2.36528e-10 0 0.21125
0.71375 2.36528e-10 0 0.21375
0.71625 2.36528e-10 0 0.21625
0.71875 2.36528e-10 0 0.21875
0.72125 2.36528e-10 0 0.22125
0.72375 2.36528e-10 0 0.22375
0.72625 2.36528e-10 0 0.22625
0.72875 2.36528e-10 0 0.22875
0.73125 2.36528e-10 0 0.23125
0.73375 2.36528e-10 0 0.23375
0.73625 2.36528e-10 0 0.23625
0.73875 2.36528e-10 0 0.23875
0.74125 2.36528e-10 0 0.24125
0.74375 2.36528e-10 0 0.24375
0.74625 2.36528e-10 0 0.24625
0.74875 2.36528e-10 0 0.24875
0.75125 2.36528e-10 0 0.25125
0.75375 2.36528e-10 0 0.25375
0.75625 2.36528e-10 0 0.25625
0.75875 2.36528e-10 0 0.25875
0.76125 2.36528e-10 0 0.26125
0.76375 2.36528e-10 0 0.26375
0.76625 2.36528e-10 0 0.26625
0.76875 2.36528e-10 0 0.26875
0.77125 2.36528e-10 0 0.27125
0.77375 2.36528e-10 0 0.27375
0.77625 2.36528e-10 0 0.27625
0.77875 2.36528e-10 0 0.27875
0.78125 2.36528e-10 0 0.28125
0.78375 2.36528e-10 0 0.28375
0.78625 2.36528e-10 0 0.28625
0.78875 2.36528e-10 0 0.28875
0.79125 2.36528e-10 0 0.29125
0.79375 2.36528e-10 0 0.29375
0.79625 2.36528e-10 0 0.29625
0.79875 2.36528e-10 0 0.29875
0.80125 2.36528e-10 0 0.30125
0.80375 2.36528e-10 0 0.30375
0.80625 2.36528e-10 0 0.30625
0.80875 2.36528e-10 0 0.30875
0.81125 2.36528e-10 0 0.31125
0.81375 2.36528e-10 0 0.31375
0.81625 2.36528e-10 0 0.31625
0.81875 2.36528e-10 0 0.31875
0.82125 2.36528e-10 0 0.32125
0.82375 2.36528e-10 0 0.32375
0.82625 2.36528e-10 0 0.32625
0.82875 2.36528e-10 0 0.32875
0.83125 2.36528e-10 0 0.33125
0.83375 2.36528e-10 0 0.33375
0.83625 2.36528e-10 0 0.33625
0.83875 2.36528e-10 0 0.33875
0.84125 2.36528e-10 0 0.34125
0.84375 2.36528e-10 0 0.34375
0.84625 2.36528e-10 0 0.34625
0.84875 2.36528e-10 0 0.34875
0.85125 2.36528e-10 0 0.35125
0.85375 2.36528e-10 0 0.35375
0.85625 2.36528e-10 0 0.35625
0.85875 2.36528e-10 0 0.35875
0.86125 2.36528e-10 0 0.36125
0.86375 2.36528e-10 0 0.36375
0.86625 2.36528e-10 0 0.36625
0.86875 2.36528e-10 0 0.36875
0.87125 2.36528e-10 0 0.37125
0.87375 2.36528e-10 0 0.37375
0.87625 2.36528e-10 0 0.37625
0.87875 2.36528e-10 0 0.37875
0.88125 2.36528e-10 0 0.38125
0.88375 2.36528e-10 0 0.38375
0.88625 2.36528e-10 0 0.38625
0.88875 2.36528e-10 0 0.38875
0.89125 2.36528e-10 0 0.39125
0.89375 2.36528e-10 0 0.39375
0.89625 2.36528e-10 0 0.39625
0.89875 2.36528e-10 0 0.39875
0.90125 2.36528e-10 0 0.40125
0.90375 2.36528e-10 0 0.40375
0.90625 2.36528e-10 0 0.40625
0.90875 2.36528e-10 0 0.40875
0.91125 2.36528e-10 0 0.41125
0.91375 2.36528e-10 0 0.41375
0.91625 2.36528e-10 0 0.41625
0.91875 2.36528e-10 0 0.41875
0.92125 2.36528e-10 0 0.42125
0.92375 2.36528e-10 0 0.42375
0.92625 2.36528e-10 0 0.42625
0.92875 2.36528e-10 0 0.42875
0.93125 2.36528e-10 0 0.43125
0.93375 2.36528e-10 0 0.43375
0.93625 2.36528e-10 0 0.43625
0.93875 2.36528e-10 0 0.43875
0.94125 2.36528e-10 0 0.44125
0.94375 2.36528e-10 0 0.44375
0.94625 2.36528e-10 0 0.44625
0.94875 2.36528e-10 0 0.44875
0.95125 2.36528e-10 0 0.45125
0.95375 2.36528e-10 0 0.45375
0.95625 2.36528e-10 0 0.45625
0.95875 2.36528e-10 0 0.45875
0.96125 2.36528e-10 0 0.46125
0.96375 2.36528e-10 0 0.46375
0.96625 2.36528e-10 0 0.46625
0.96875 2.36528e-10 0 0.46875
0.97125 2.36528e-10 0 0.47125
0.97375 2.36528e-10 0 0.47375
0.97625 2.36528e-10 0 0.47625
0.97875 2.36528e-10 0 0.47875
0.98125 2.36528e-10 0 0.48125
0.98375 2.36528e-10 0 0.48375
0.98625 2.36528e-10 0 0.48625
0.98875 2.36528e-10 0 0.48875
0.99125 2.36528e-10 0 0.49125
0.99375 2.36528e-10 0 0.49375
0.99625 2.36528e-10 0 0.49625
0.99875 2.36528e-10 0 0.49875
