0.00125 111.798 159.832 -0.52875
0.00375 111.798 159.832 -0.526409
0.00625 111.798 159.832 -0.523909
0.00875 111.797 159.832 -0.521409
0.01125 111.797 159.832 -0.518909
0.01375 111.797 159.832 -0.516409
0.01625 111.797 159.832 -0.513909
0.01875 111.797 159.832 -0.511409
0.02125 111.796 159.832 -0.508909
0.02375 111.796 159.832 -0.506409
0.02625 111.796 159.832 -0.503909
0.02875 111.796 159.832 -0.501409
0.03125 111.796 159.832 -0.498909
0.03375 111.796 159.832 -0.496409
0.03625 111.796 159.832 -0.493909
0.03875 111.796 159.832 -0.491409
0.04125 111.796 159.832 -0.488909
0.04375 111.796 159.832 -0.486409
0.04625 111.796 159.832 -0.483909
0.04875 111.796 159.832 -0.481409
0.05125 111.796 159.832 -0.478909
0.05375 111.796 159.832 -0.476409
0.05625 111.796 159.832 -0.473909
0.05875 111.797 159.832 -0.471409
0.06125 111.797 159.832 -0.468909
0.06375 111.797 159.832 -0.466409
0.06625 111.797 159.832 -0.463909
0.06875 111.797 159.832 -0.461409
0.07125 111.797 159.832 -0.458909
0.07375 111.797 159.832 -0.456409
0.07625 111.797 159.832 -0.453909
0.07875 111.797 159.832 -0.451409
0.08125 111.797 159.832 -0.448909
0.08375 111.797 159.832 -0.446409
0.08625 111.796 159.832 -0.443909
0.08875 111.796 159.832 -0.441409
0.09125 111.796 159.832 -0.438909
0.09375 111.796 159.832 -0.436409
0.09625 111.795 159.832 -0.433909
0.09875 111.795 159.832 -0.431409
0.10125 111.795 159.832 -0.428909
0.10375 111.795 159.832 -0.426409
0.10625 111.795 159.832 -0.423909
0.10875 111.795 159.832 -0.421409
0.11125 111.795 159.832 -0.418909
0.11375 111.795 159.832 -0.416409
0.11625 111.795 159.832 -0.413909
0.11875 111.795 159.832 -0.411409
0.12125 111.795 159.832 -0.408909
0.12375 111.795 159.832 -0.406409
0.12625 111.795 159.832 -0.403909
0.12875 111.796 159.832 -0.401409
0.13125 111.796 159.832 -0.398909
0.13375 111.796 159.832 -0.396409
0.13625 111.796 159.832 -0.393909
0.13875 111.797 159.832 -0.391409
0.14125 111.797 159.832 -0.388909
0.14375 111.797 159.832 -0.386409
0.14625 111.797 159.832 -0.383909
0.14875 111.797 159.832 -0.381409
0.15125 111.797 159.832 -0.378909
0.15375 111.796 159.832 -0.376409
0.15625 111.796 159.832 -0.373909
0.15875 111.796 159.832 -0.371409
0.16125 111.796 159.832 -0.368909
0.16375 111.795 159.832 -0.366409
0.16625 111.795 159.832 -0.363909
0.16875 111.795 159.832 -0.361409
0.17125 111.795 159.832 -0.358909
0.17375 111.794 159.832 -0.356409
0.17625 111.794 159.832 -0.353909
0.17875 111.794 159.832 -0.351409
0.18125 111.794 159.832 -0.348909
0.18375 111.794 159.832 -0.346409
0.18625 111.794 159.832 -0.343909
0.18875 111.794 159.832 -0.341409
0.19125 111.794 159.832 -0.338909
0.19375 111.795 159.832 -0.336409
0.19625 111.795 159.832 -0.333909
0.19875 111.795 159.832 -0.331409
0.20125 111.795 159.832 -0.328909
0.20375 111.796 159.832 -0.326409
0.20625 111.796 159.832 -0.323909
0.20875 111.796 159.832 -0.321409
0.21125 111.796 159.832 -0.318909
0.21375 111.796 159.832 -0.316409
0.21625 111.797 159.832 -0.313909
0.21875 111.797 159.832 -0.311409
0.22125 111.797 159.832 -0.308909
0.22375 111.797 159.832 -0.306409
0.22625 111.797 159.832 -0.303909
0.22875 111.796 159.832 -0.301409
0.23125 111.796 159.832 -0.298909
0.23375 111.796 159.832 -0.296409
0.23625 111.796 159.832 -0.293909
0.23875 111.795 159.832 -0.291409
0.24125 111.795 159.832 -0.288909
0.24375 111.794 159.832 -0.286409
0.24625 111.794 159.832 -0.283909
0.24875 111.794 159.832 -0.281409
0.25125 111.794 159.832 -0.278909
0.25375 111.794 159.832 -0.276409
0.25625 111.794 159.832 -0.273909
0.25875 111.794 159.832 -0.271409
0.26125 111.794 159.832 -0.268909
0.26375 111.795 159.832 -0.266409
0.26625 111.795 159.832 -0.263909
0.26875 111.795 159.832 -0.261409
0.27125 111.796 159.832 -0.258909
0.27375 111.797 159.832 -0.256409
0.27625 111.797 159.832 -0.253909
0.27875 111.798 159.832 -0.251409
0.28125 111.799 159.832 -0.248909
0.28375 111.801 159.832 -0.246409
0.28625 111.802 159.832 -0.243909
0.28875 111.803 159.832 -0.241409
0.29125 111.805 159.832 -0.238909
0.29375 111.807 159.832 -0.236409
0.29625 111.808 159.832 -0.233909
0.29875 111.81 159.832 -0.231409
0.30125 111.812 159.832 -0.228909
0.30375 111.815 159.832 -0.226409
0.30625 111.82 159.832 -0.223909
0.30875 111.825 159.832 -0.221409
0.31125 111.831 159.832 -0.218909
0.31375 111.838 159.832 -0.216409
0.31625 111.845 159.832 -0.213909
0.31875 111.853 159.832 -0.211409
0.32125 111.863 159.832 -0.208909
0.32375 111.875 159.832 -0.206409
0.32625 111.889 159.832 -0.203909
0.32875 111.906 159.832 -0.201409
0.33125 111.926 159.832 -0.198909
0.33375 111.95 159.832 -0.196409
0.33625 111.978 159.832 -0.193909
0.33875 112.01 159.832 -0.191409
0.34125 112.048 159.832 -0.188909
0.34375 112.093 159.832 -0.186409
0.34625 112.144 159.832 -0.183909
0.34875 112.204 159.832 -0.181409
0.35125 112.271 159.832 -0.178909
0.35375 112.348 159.832 -0.17641
0.35625 112.436 159.832 -0.17391
0.35875 112.536 159.832 -0.17141
0.36125 112.65 159.832 -0.16891
0.36375 112.78 159.832 -0.16641
0.36625 112.928 159.832 -0.16391
0.36875 113.094 159.832 -0.161411
0.37125 113.283 159.832 -0.158911
0.37375 113.497 159.832 -0.156411
0.37625 113.738 159.832 -0.153911
0.37875 114.009 159.832 -0.151412
0.38125 114.314 159.832 -0.148912
0.38375 114.655 159.832 -0.146413
0.38625 115.037 159.832 -0.143913
0.38875 115.462 159.832 -0.141414
0.39125 115.935 159.832 -0.138915
0.39375 116.459 159.832 -0.136415
0.39625 117.038 159.832 -0.133916
0.39875 117.675 159.832 -0.131417
0.40125 118.372 159.832 -0.128918
0.40375 119.132 159.832 -0.126419
0.40625 119.958 159.832 -0.12392
0.40875 120.849 159.832 -0.121421
0.41125 121.807 159.832 -0.118923
0.41375 122.831 159.832 -0.116424
0.41625 123.921 159.832 -0.113926
0.41875 125.076 159.832 -0.111427
0.42125 126.297 159.832 -0.108929
0.42375 127.584 159.832 -0.106431
0.42625 128.941 159.832 -0.103933
0.42875 130.373 159.832 -0.101435
0.43125 131.889 159.832 -0.098937
0.43375 133.499 159.832 -0.0964392
0.43625 135.218 159.832 -0.0939416
0.43875 137.059 159.832 -0.0914442
0.44125 139.036 159.832 -0.088947
0.44375 141.165 159.832 -0.08645
0.44625 143.418 159.832 -0.0839532
0.44875 145.839 159.832 -0.0814566
0.45125 148.25 159.832 -0.0789601
0.45375 150.338 159.832 -0.0764631
0.45625 151.979 159.832 -0.0739655
0.45875 153.215 159.832 -0.0714673
0.46125 154.098 159.832 -0.0689687
0.46375 154.911 159.832 -0.0664697
0.46625 155.682 159.832 -0.0639708
0.46875 156.314 159.928 -0.0614719
0.47125 157.016 160.211 -0.0589729
0.47375 157.762 160.417 -0.0564738
0.47625 158.422 160.463 -0.0539748
0.47875 159.074 160.449 -0.0514758
0.48125 159.642 160.415 -0.0489767
0.48375 160.025 160.392 -0.0464772
0.48625 160.198 160.384 -0.0439775
0.48875 160.209 160.379 -0.0414775
0.49125 160.152 160.369 -0.0389774
0.49375 160.085 160.354 -0.0364773
0.49625 160.04 160.336 -0.0339773
0.49875 160.012 160.32 -0.0314772
0.50125 159.995 160.308 -0.0289772
0.50375 159.978 160.304 -0.0264772
0.50625 159.958 160.299 -0.0239772
0.50875 159.934 160.286 -0.0214771
0.51125 159.909 160.272 -0.0189771
0.51375 159.887 160.264 -0.0164771
0.51625 159.869 160.263 -0.013977
0.51875 159.854 160.268 -0.011477
0.52125 159.845 160.275 -0.008977
0.52375 159.845 160.28 -0.006477
0.52625 159.848 160.281 -0.00397701
0.52875 159.843 160.288 -0.00183229
0.53125 159.836 160.306 0.00136177
0.53375 159.832 160.327 0.00355988
0.53625 159.832 160.35 0.00602226
0.53875 159.832 160.379 0.00852222
0.54125 159.832 160.411 0.0110222
0.54375 159.832 160.439 0.0135221
0.54625 159.832 160.471 0.0160221
0.54875 159.832 160.514 0.018522
0.55125 159.832 160.563 0.0210219
0.55375 159.832 160.612 0.0235219
0.55625 159.832 160.659 0.0260218
0.55875 159.832 160.705 0.0285217
0.56125 159.832 160.749 0.0310217
0.56375 159.832 160.809 0.0335216
0.56625 159.832 160.855 0.0360215
0.56875 159.832 160.916 0.0385214
0.57125 159.832 160.962 0.0410214
0.57375 159.832 161.008 0.0435213
0.57625 159.832 161.062 0.0460212
0.57875 159.832 161.115 0.0485211
0.58125 159.832 161.183 0.0510211
0.58375 159.832 161.238 0.053521
0.58625 159.832 161.3 0.0560209
0.58875 159.832 161.357 0.0585208
0.59125 159.832 161.425 0.0610207
0.59375 159.832 161.487 0.0635206
0.59625 159.832 161.551 0.0660205
0.59875 159.832 161.613 0.0685204
0.60125 159.832 161.677 0.0710204
0.60375 159.832 161.735 0.0735203
0.60625 159.832 161.802 0.0760202
0.60875 159.832 161.865 0.0785201
0.61125 159.832 161.94 0.08102
0.61375 159.832 162.007 0.0835199
0.61625 159.832 162.079 0.0860198
0.61875 159.832 162.149 0.0885197
0.62125 159.832 162.221 0.0910196
0.62375 159.832 162.289 0.0935195
0.62625 159.832 162.368 0.0960194
0.62875 159.832 162.433 0.0985193
0.63125 159.832 162.495 0.101019
0.63375 159.832 162.555 0.103519
0.63625 159.832 162.615 0.106019
0.63875 159.832 162.674 0.108519
0.64125 159.832 162.731 0.111019
0.64375 159.832 162.795 0.113519
0.64625 159.832 162.854 0.116019
0.64875 159.832 162.915 0.118519
0.65125 159.832 162.971 0.121019
0.65375 159.832 163.038 0.123518
0.65625 159.832 163.094 0.126018
0.65875 159.832 163.143 0.128518
0.66125 159.832 163.184 0.131018
0.66375 159.832 163.218 0.133518
0.66625 159.832 163.242 0.136018
0.66875 159.832 163.257 0.138518
0.67125 159.832 163.263 0.141018
0.67375 159.832 163.265 0.143518
0.67625 159.832 163.263 0.146018
0.67875 159.832 163.258 0.148518
0.68125 159.832 163.246 0.151018
0.68375 159.832 163.224 0.153518
0.68625 159.832 163.187 0.156018
0.68875 159.832 163.132 0.158518
0.69125 159.832 163.056 0.161019
0.69375 159.832 162.954 0.163519
0.69625 159.832 162.825 0.166019
0.69875 159.832 162.666 0.168519
0.70125 159.832 162.447 0.17102
0.70375 159.832 162.226 0.17352
0.70625 159.832 161.889 0.17602
0.70875 159.832 161.609 0.178521
0.71125 159.832 161.158 0.181021
0.71375 159.832 160.8 0.183522
0.71625 159.832 160.217 0.186023
0.71875 159.832 159.764 0.188524
0.72125 159.832 159.026 0.191025
0.72375 159.832 158.443 0.193526
0.72625 159.832 157.435 0.196027
0.72875 159.832 156.612 0.198529
0.73125 159.832 155.105 0.201031
0.73375 159.832 153.853 0.203534
0.73625 159.832 151.481 0.206037
0.73875 159.832 149.456 0.208542
0.74125 159.832 144.921 0.211048
0.74375 159.832 140.547 0.213556
0.74625 159.832 134.157 0.216073
0.74875 159.832 120.235 0.218593
0.75125 159.832 102.901 0.221138
0.75375 159.832 66.2158 0.223696
0.75625 159.832 24.9798 0.226239
0.75875 159.832 4.70652 0.228748
0.76125 159.832 0.865842 0.23125
0.76375 159.832 0.177243 0.23375
0.76625 159.832 0.0544263 0.23625
0.76875 159.832 0.0234087 0.23875
0.77125 159.832 0.0117599 0.24125
0.77375 159.832 0.00591646 0.24375
0.77625 159.832 0.00288024 0.24625
0.77875 159.832 0.00137452 0.24875
0.78125 159.832 0.000654324 0.25125
0.78375 159.832 0.000311612 0.25375
0.78625 159.832 0.000148227 0.25625
0.78875 159.832 7.03936e-05 0.25875
0.79125 159.832 3.34229e-05 0.26125
0.79375 159.832 1.58881e-05 0.26375
0.79625 159.832 7.56762e-06 0.26625
0.79875 159.832 3.61236e-06 0.26875
0.80125 159.832 1.7279e-06 0.27125
0.80375 159.832 8.27993e-07 0.27375
0.80625 159.832 3.97376e-07 0.27625
0.80875 159.832 1.90994e-07 0.27875
0.81125 159.832 9.19599e-08 0.28125
0.81375 159.832 4.43816e-08 0.28375
0.81625 159.832 2.14893e-08 0.28625
0.81875 159.832 1.04503e-08 0.28875
0.82125 159.832 5.10981e-09 0.29125
0.82375 159.832 2.51512e-09 0.29375
0.82625 159.832 1.24738e-09 0.29625
0.82875 159.832 6.23987e-10 0.29875
0.83125 159.832 3.14563e-10 0.30125
0.83375 159.832 1.5981e-10 0.30375
0.83625 159.832 8.14407e-11 0.30625
0.83875 159.832 4.15241e-11 0.30875
0.84125 159.832 2.09419e-11 0.31125
0.84375 159.832 1.04389e-11 0.31375
0.84625 159.832 5.26373e-12 0.31625
0.84875 159.832 2.82394e-12 0.31875
0.85125 159.832 1.82405e-12 0.32125
0.85375 159.832 1.20423e-12 0.32375
0.85625 159.832 8.80011e-13 0.32625
0.85875 159.832 5.08116e-13 0.32875
0.86125 159.832 3.84151e-13 0.33125
0.86375 159.832 4.48176e-13 0.33375
0.86625 159.832 4.40004e-13 0.33625
0.86875 159.832 3.24212e-13 0.33875
0.87125 159.832 4.44091e-13 0.34125
0.87375 159.832 3.88238e-13 0.34375
0.87625 159.832 3.88239e-13 0.34625
0.87875 159.832 4.40005e-13 0.34875
0.88125 159.832 3.28299e-13 0.35125
0.88375 159.832 4.40006e-13 0.35375
0.88625 159.832 2.4793e-13 0.35625
0.88875 159.832 1.8799e-13 0.35875
0.89125 159.832 6.40256e-14 0.36125
0.89375 159.832 0 0.36375
0.89625 159.832 0 0.36625
0.89875 159.832 0 0.36875
0.90125 159.832 0 0.37125
0.90375 159.832 0 0.37375
0.90625 159.832 0 0.37625
0.90875 159.832 0 0.37875
0.91125 159.832 0 0.38125
0.91375 159.832 0 0.38375
0.91625 159.832 0 0.38625
0.91875 159.832 0 0.38875
0.92125 159.832 0 0.39125
0.92375 159.832 0 0.39375
0.92625 159.832 0 0.39625
0.92875 159.832 0 0.39875
0.93125 159.832 0 0.40125
0.93375 159.832 0 0.40375
0.93625 159.832 0 0.40625
0.93875 159.832 0 0.40875
0.94125 159.832 0 0.41125
0.94375 159.832 0 0.41375
0.94625 159.832 0 0.41625
0.94875 159.832 0 0.41875
0.95125 159.832 0 0.42125
0.95375 159.832 0 0.42375
0.95625 159.832 0 0.42625
0.95875 159.832 0 0.42875
0.96125 159.832 0 0.43125
0.96375 159.832 0 0.43375
0.96625 159.832 0 0.43625
0.96875 159.832 0 0.43875
0.97125 159.832 0 0.44125
0.97375 159.832 0 0.44375
0.97625 159.832 0 0.44625
0.97875 159.832 0 0.44875
0.98125 159.832 0 0.45125
0.98375 159.832 0 0.45375
0.98625 159.832 0 0.45625
0.98875 159.832 0 0.45875
0.99125 159.832 0 0.46125
0.99375 159.832 0 0.46375
0.99625 159.832 0 0.46625
0.99875 159.832 0 0.46875
