0.005 111.918 0 -0.495
0.015 111.909 0 -0.485615
0.025 111.897 0 -0.475615
0.035 111.883 0 -0.465615
0.045 111.869 0 -0.455615
0.055 111.857 0 -0.445615
0.065 111.848 0 -0.435615
0.075 111.842 0 -0.425615
0.085 111.837 0 -0.415614
0.095 111.832 0 -0.405614
0.105 111.828 0 -0.395614
0.115 111.822 0 -0.385614
0.125 111.815 0 -0.375614
0.135 111.805 0 -0.365614
0.145 111.787 0 -0.355614
0.155 111.748 0 -0.345614
0.165 111.681 0 -0.335614
0.175 111.588 0 -0.325613
0.185 111.436 0 -0.315612
0.195 111.157 0 -0.30561
0.205 110.656 0 -0.295607
0.215 109.776 0 -0.285602
0.225 108.272 0 -0.275592
0.235 105.76 0 -0.265577
0.245 101.662 0 -0.255552
0.255 95.1256 0 -0.245512
0.265 84.9553 0 -0.23545
0.275 70.0527 0 -0.225358
0.285 47.6935 0 -0.215224
0.295 20.8523 0 -0.205085
0.305 5.34082 0 -0.195019
0.315 0.920642 0 -0.185003
0.325 0.1318 0 -0.175
0.335 0.0179138 0 -0.165
0.345 0.00246652 0 -0.155
0.355 0.000355417 0 -0.145
0.365 5.08817e-05 0 -0.135
0.375 6.78664e-06 0 -0.125
0.385 8.04951e-07 0 -0.115
0.395 8.68568e-08 0 -0.105
0.405 8.61692e-09 0 -0.095
0.415 7.99186e-10 0 -0.085
0.425 6.9726e-11 0 -0.075
0.435 5.94008e-12 0 -0.065
0.445 5.12165e-13 0 -0.055
0.455 3.20573e-14 0 -0.045
0.465 0 0 -0.035
0.475 0 0 -0.025
0.485 0 0 -0.015
0.495 0 0 -0.005
0.505 0 0 0.005
0.515 0 0 0.015
0.525 0 0 0.025
0.535 0 0 0.035
0.545 0 0 0.045
0.555 0 0 0.055
0.565 0 0 0.065
0.575 0 0 0.075
0.585 0 0 0.085
0.595 0 0 0.095
0.605 0 0 0.105
0.615 0 0 0.115
0.625 0 0 0.125
0.635 0 0 0.135
0.645 0 0 0.145
0.655 0 0 0.155
0.665 0 0 0.165
0.675 0 0 0.175
0.685 0 0 0.185
0.695 0 0 0.195
0.705 0 0 0.205
0.715 0 0 0.215
0.725 0 0 0.225
0.735 0 0 0.235
0.745 0 0 0.245
0.755 0 0 0.255
0.765 0 0 0.265
0.775 0 0 0.275
0.785 0 0 0.285
0.795 0 0 0.295
0.805 0 0 0.305
0.815 0 0 0.315
0.825 0 0 0.325
0.835 0 0 0.335
0.845 0 0 0.345
0.855 0 0 0.355
0.865 0 0 0.365
0.875 0 0 0.375
0.885 0 0 0.385
0.895 0 0 0.395
0.905 0 0 0.405
0.915 0 0 0.415
0.925 0 0 0.425
0.935 0 0 0.435
0.945 0 0 0.445
0.955 0 0 0.455
0.965 0 0 0.465
0.975 0 0 0.475
0.985 0 0 0.485
0.995 0 0 0.495
