0.001 50
0.003 50
0.005 50
0.007 50
0.009 50
0.011 50
0.013 50
0.015 50
0.017 50
0.019 50
0.021 50
0.023 50
0.025 50
0.027 50
0.029 50
0.031 50
0.033 50
0.035 50
0.037 50
0.039 50
0.041 50
0.043 50
0.045 50
0.047 50
0.049 50
0.051 50
0.053 50
0.055 50
0.057 50
0.059 50
0.061 50
0.063 50
0.065 50
0.067 50
0.069 50
0.071 50
0.073 50
0.075 50
0.077 50
0.079 50
0.081 50
0.083 50
0.085 50
0.087 50
0.089 50
0.091 50
0.093 50
0.095 50
0.097 50
0.099 50
0.101 50
0.103 50
0.105 50
0.107 50
0.109 50
0.111 50
0.113 50
0.115 50
0.117 50
0.119 50
0.121 50
0.123 50
0.125 50
0.127 50
0.129 50
0.131 50
0.133 50
0.135 50
0.137 50
0.139 50
0.141 50
0.143 50
0.145 50
0.147 50
0.149 50
0.151 50
0.153 50
0.155 50
0.157 50
0.159 50
0.161 50
0.163 50
0.165 50
0.167 50
0.169 50
0.171 50
0.173 50
0.175 50
0.177 50
0.179 50
0.181 50
0.183 50
0.185 50
0.187 50
0.189 50
0.191 50
0.193 50
0.195 50
0.197 50
0.199 50
0.201 50
0.203 50
0.205 50
0.207 50
0.209 50
0.211 50
0.213 50
0.215 50
0.217 50
0.219 50
0.221 50
0.223 50
0.225 50
0.227 50
0.229 50
0.231 50
0.233 50
0.235 50
0.237 50
0.239 50
0.241 50
0.243 50
0.245 50
0.247 50
0.249 50
0.251 50
0.253 50
0.255 50
0.257 50
0.259 50
0.261 50
0.263 50
0.265 50
0.267 50
0.269 50
0.271 50
0.273 50
0.275 50
0.277 50
0.279 50
0.281 50
0.283 50
0.285 50
0.287 50
0.289 50
0.291 50
0.293 50
0.295 50
0.297 50
0.299 50
0.301 50
0.303 50
0.305 50
0.307 50
0.309 50
0.311 50
0.313 50
0.315 50
0.317 50
0.319 50
0.321 50
0.323 50
0.325 50
0.327 50
0.329 50
0.331 50
0.333 50
0.335 50
0.337 50
0.339 50
0.341 50
0.343 50
0.345 50
0.347 50
0.349 50
0.351 50
0.353 50
0.355 50
0.357 50
0.359 50
0.361 50
0.363 50
0.365 50
0.367 50
0.369 50
0.371 50
0.373 50
0.375 50
0.377 50
0.379 50
0.381 50
0.383 50
0.385 50
0.387 50
0.389 50
0.391 50
0.393 50
0.395 50
0.397 50
0.399 50
0.401 50
0.403 50
0.405 50
0.407 50
0.409 50
0.411 50
0.413 50
0.415 50
0.417 50
0.419 50
0.421 50
0.423 50
0.425 50
0.427 50
0.429 50
0.431 50
0.433 50
0.435 50
0.437 50
0.439 50
0.441 50
0.443 50
0.445 50
0.447 50
0.449 50
0.451 50
0.453 50
0.455 50
0.457 50
0.459 50
0.461 50
0.463 50
0.465 50
0.467 50
0.469 50
0.471 50
0.473 50
0.475 50
0.477 50
0.479 50
0.481 50
0.483 50
0.485 50
0.487 50
0.489 50
0.491 50
0.493 50
0.495 50
0.497 50
0.499 50
0.501 50
0.503 50
0.505 50
0.507 50
0.509 50
0.511 50
0.513 50
0.515 50
0.517 50
0.519 50
0.521 50
0.523 50
0.525 50
0.527 50
0.529 50
0.531 50
0.533 50
0.535 50
0.537 50
0.539 50
0.541 50
0.543 50
0.545 50
0.547 50
0.549 50
0.551 50
0.553 50
0.555 50
0.557 50
0.559 50
0.561 50
0.563 50
0.565 50
0.567 50
0.569 50
0.571 50
0.573 50
0.575 50
0.577 50
0.579 50
0.581 50
0.583 50
0.585 50
0.587 50
0.589 50
0.591 50
0.593 50
0.595 50
0.597 50
0.599 50
0.601 50
0.603 50
0.605 50
0.607 50
0.609 50
0.611 50
0.613 50
0.615 50
0.617 50
0.619 50
0.621 50
0.623 50
0.625 50
0.627 50
0.629 50
0.631 50
0.633 50
0.635 50
0.637 50
0.639 50
0.641 50
0.643 50
0.645 50
0.647 50
0.649 50
0.651 50
0.653 50
0.655 50
0.657 50
0.659 50
0.661 50
0.663 50
0.665 50
0.667 50
0.669 50
0.671 50
0.673 50
0.675 50
0.677 50
0.679 50
0.681 50
0.683 50
0.685 50
0.687 50
0.689 50
0.691 50
0.693 50
0.695 50
0.697 50
0.699 50
0.701 50
0.703 50
0.705 50
0.707 50
0.709 50
0.711 50
0.713 50
0.715 50
0.717 50
0.719 50
0.721 50
0.723 50
0.725 50
0.727 50
0.729 50
0.731 50
0.733 50
0.735 50
0.737 50
0.739 50
0.741 50
0.743 50
0.745 50
0.747 50
0.749 50
0.751 1000
0.753 1000
0.755 1000
0.757 1000
0.759 1000
0.761 1000
0.763 1000
0.765 1000
0.767 1000
0.769 1000
0.771 1000
0.773 1000
0.775 1000
0.777 1000
0.779 1000
0.781 1000
0.783 1000
0.785 1000
0.787 1000
0.789 1000
0.791 1000
0.793 1000
0.795 1000
0.797 1000
0.799 1000
0.801 1000
0.803 1000
0.805 1000
0.807 1000
0.809 1000
0.811 1000
0.813 1000
0.815 1000
0.817 1000
0.819 1000
0.821 1000
0.823 1000
0.825 1000
0.827 1000
0.829 1000
0.831 1000
0.833 1000
0.835 1000
0.837 1000
0.839 1000
0.841 1000
0.843 1000
0.845 1000
0.847 1000
0.849 1000
0.851 1000
0.853 1000
0.855 1000
0.857 1000
0.859 1000
0.861 1000
0.863 1000
0.865 1000
0.867 1000
0.869 1000
0.871 1000
0.873 1000
0.875 1000
0.877 1000
0.879 1000
0.881 1000
0.883 1000
0.885 1000
0.887 1000
0.889 1000
0.891 1000
0.893 1000
0.895 1000
0.897 1000
0.899 1000
0.901 1000
0.903 1000
0.905 1000
0.907 1000
0.909 1000
0.911 1000
0.913 1000
0.915 1000
0.917 1000
0.919 1000
0.921 1000
0.923 1000
0.925 1000
0.927 1000
0.929 1000
0.931 1000
0.933 1000
0.935 1000
0.937 1000
0.939 1000
0.941 1000
0.943 1000
0.945 1000
0.947 1000
0.949 1000
0.951 1000
0.953 1000
0.955 1000
0.957 1000
0.959 1000
0.961 1000
0.963 1000
0.965 1000
0.967 1000
0.969 1000
0.971 1000
0.973 1000
0.975 1000
0.977 1000
0.979 1000
0.981 1000
0.983 1000
0.985 1000
0.987 1000
0.989 1000
0.991 1000
0.993 1000
0.995 1000
0.997 1000
0.999 1000
