0.005 1
0.015 1
0.025 1
0.035 1
0.045 1
0.055 0.9926
0.065 0.974287
0.075 0.956245
0.085 0.938471
0.095 0.920963
0.105 0.903717
0.115 0.88673
0.125 0.87
0.135 0.853523
0.145 0.837297
0.155 0.821318
0.165 0.805585
0.175 0.790093
0.185 0.774841
0.195 0.759825
0.205 0.745043
0.215 0.730492
0.225 0.716169
0.235 0.702071
0.245 0.688197
0.255 0.674542
0.265 0.661106
0.275 0.647884
0.285 0.634875
0.295 0.622075
0.305 0.609483
0.315 0.597096
0.325 0.58491
0.335 0.575062
0.345 0.575062
0.355 0.575062
0.365 0.575062
0.375 0.575062
0.385 0.575062
0.395 0.575062
0.405 0.575062
0.415 0.575062
0.425 0.575062
0.435 0.575062
0.445 0.575062
0.455 0.575062
0.465 0.575062
0.475 0.575062
0.485 0.575062
0.495 0.575062
0.505 0.575062
0.515 0.575062
0.525 0.575062
0.535 0.575062
0.545 0.575062
0.555 0.575062
0.565 0.575062
0.575 0.575062
0.585 0.575062
0.595 0.575062
0.605 0.575062
0.615 0.575062
0.625 0.575062
0.635 0.575062
0.645 0.575062
0.655 0.575062
0.665 0.575062
0.675 0.575062
0.685 0.575062
0.695 0.575062
0.705 0.575062
0.715 0.575062
0.725 0.575062
0.735 0.575062
0.745 5.99924
0.755 5.99924
0.765 5.99924
0.775 5.99924
0.785 1
0.795 1
0.805 1
0.815 1
0.825 1
0.835 1
0.845 1
0.855 1
0.865 1
0.875 1
0.885 1
0.895 1
0.905 1
0.915 1
0.925 1
0.935 1
0.945 1
0.955 1
0.965 1
0.975 1
0.985 1
0.995 1
