0.001 1
0.003 1
0.005 1
0.007 1
0.009 1
0.011 1
0.013 1
0.015 1
0.017 1
0.019 1
0.021 1
0.023 1
0.025 1
0.027 1
0.029 1
0.031 1
0.033 1
0.035 1
0.037 1
0.039 1
0.041 1
0.043 1
0.045 1
0.047 1
0.049 1
0.051 1
0.053 1
0.055 1
0.057 1
0.059 1
0.061 1
0.063 1
0.065 1
0.067 1
0.069 1
0.071 1
0.073 1
0.075 1
0.077 1
0.079 1
0.081 1
0.083 1
0.085 1
0.087 1
0.089 0.990757
0.091 0.976106
0.093 0.961629
0.095 0.947325
0.097 0.933191
0.099 0.919227
0.101 0.90543
0.103 0.891799
0.105 0.878333
0.107 0.865031
0.109 0.851889
0.111 0.838908
0.113 0.826086
0.115 0.813421
0.117 0.800912
0.119 0.788557
0.121 0.776355
0.123 0.764305
0.125 0.752405
0.127 0.740653
0.129 0.729049
0.131 0.717591
0.133 0.706277
0.135 0.695106
0.137 0.684077
0.139 0.673189
0.141 0.66244
0.143 0.651828
0.145 0.641353
0.147 0.631013
0.149 0.620807
0.151 0.610733
0.153 0.60079
0.155 0.590978
0.157 0.581294
0.159 0.571737
0.161 0.562307
0.163 0.553001
0.165 0.543819
0.167 0.534759
0.169 0.525821
0.171 0.517002
0.173 0.508302
0.175 0.49972
0.177 0.491254
0.179 0.482903
0.181 0.474666
0.183 0.466542
0.185 0.458529
0.187 0.450627
0.189 0.442834
0.191 0.43515
0.193 0.427572
0.195 0.4201
0.197 0.412734
0.199 0.405471
0.201 0.39831
0.203 0.391251
0.205 0.384293
0.207 0.377433
0.209 0.370673
0.211 0.364009
0.213 0.357442
0.215 0.350969
0.217 0.344591
0.219 0.338306
0.221 0.332113
0.223 0.326011
0.225 0.319999
0.227 0.314076
0.229 0.308241
0.231 0.302493
0.233 0.296831
0.235 0.291254
0.237 0.285762
0.239 0.280352
0.241 0.275025
0.243 0.269779
0.245 0.264613
0.247 0.259527
0.249 0.25452
0.251 0.24959
0.253 0.244736
0.255 0.239959
0.257 0.235256
0.259 0.230628
0.261 0.226072
0.263 0.221589
0.265 0.217177
0.267 0.212836
0.269 0.208564
0.271 0.204362
0.273 0.200227
0.275 0.196159
0.277 0.192158
0.279 0.188223
0.281 0.184352
0.283 0.180545
0.285 0.176802
0.287 0.17312
0.289 0.1695
0.291 0.165941
0.293 0.162443
0.295 0.159003
0.297 0.155622
0.299 0.152298
0.301 0.149032
0.303 0.145822
0.305 0.142668
0.307 0.139568
0.309 0.136522
0.311 0.13353
0.313 0.130591
0.315 0.127703
0.317 0.124867
0.319 0.122081
0.321 0.119346
0.323 0.11666
0.325 0.114022
0.327 0.111432
0.329 0.108889
0.331 0.106393
0.333 0.103943
0.335 0.101539
0.337 0.099179
0.339 0.0968631
0.341 0.0945908
0.343 0.0923613
0.345 0.090174
0.347 0.0880284
0.349 0.0859238
0.351 0.0838596
0.353 0.0818354
0.355 0.0798503
0.357 0.0779041
0.359 0.0759959
0.361 0.0741253
0.363 0.0722917
0.365 0.0704946
0.367 0.0687335
0.369 0.0670077
0.371 0.0653167
0.373 0.06366
0.375 0.0620372
0.377 0.0604476
0.379 0.0588907
0.381 0.0573661
0.383 0.0558733
0.385 0.0544116
0.387 0.0529808
0.389 0.0515802
0.391 0.0502093
0.393 0.0488678
0.395 0.0475551
0.397 0.0462708
0.399 0.0450144
0.401 0.0437854
0.403 0.0425834
0.405 0.0414079
0.407 0.0402586
0.409 0.0391349
0.411 0.0380364
0.413 0.0369628
0.415 0.0359135
0.417 0.0348882
0.419 0.0338864
0.421 0.0329078
0.423 0.031952
0.425 0.0310184
0.427 0.0301069
0.429 0.0292168
0.431 0.028348
0.433 0.0274999
0.435 0.0266723
0.437 0.0258647
0.439 0.0250768
0.441 0.0243082
0.443 0.0235586
0.445 0.0228276
0.447 0.0221149
0.449 0.0218521
0.451 0.0218521
0.453 0.0218521
0.455 0.0218521
0.457 0.0218521
0.459 0.0218521
0.461 0.0218521
0.463 0.0218521
0.465 0.0218521
0.467 0.0218521
0.469 0.0218521
0.471 0.0218521
0.473 0.0218521
0.475 0.0218521
0.477 0.0218521
0.479 0.0218521
0.481 0.0218521
0.483 0.0218521
0.485 0.0218521
0.487 0.0218521
0.489 0.0218521
0.491 0.0218521
0.493 0.0218521
0.495 0.0218521
0.497 0.0218521
0.499 0.0218521
0.501 0.0218521
0.503 0.0218521
0.505 0.0218521
0.507 0.0218521
0.509 0.0218521
0.511 0.0218521
0.513 0.0218521
0.515 0.0218521
0.517 0.0218521
0.519 0.0218521
0.521 0.0218521
0.523 0.0218521
0.525 0.0218521
0.527 0.0218521
0.529 0.0218521
0.531 0.0218521
0.533 0.0218521
0.535 0.0218521
0.537 0.0218521
0.539 0.0218521
0.541 0.0218521
0.543 0.0218521
0.545 0.0218521
0.547 0.0218521
0.549 0.0218521
0.551 0.0218521
0.553 0.0221149
0.555 0.0228276
0.557 0.0235586
0.559 0.0243082
0.561 0.0250768
0.563 0.0258647
0.565 0.0266723
0.567 0.0274999
0.569 0.028348
0.571 0.0292168
0.573 0.0301069
0.575 0.0310184
0.577 0.031952
0.579 0.0329078
0.581 0.0338864
0.583 0.0348882
0.585 0.0359135
0.587 0.0369628
0.589 0.0380364
0.591 0.0391349
0.593 0.0402586
0.595 0.0414079
0.597 0.0425834
0.599 0.0437854
0.601 0.0450144
0.603 0.0462708
0.605 0.0475551
0.607 0.0488678
0.609 0.0502093
0.611 0.0515802
0.613 0.0529808
0.615 0.0544116
0.617 0.0558733
0.619 0.0573661
0.621 0.0588907
0.623 0.0604476
0.625 0.0620372
0.627 0.06366
0.629 0.0653167
0.631 0.0670077
0.633 0.0687335
0.635 0.0704946
0.637 0.0722917
0.639 0.0741253
0.641 0.0759959
0.643 0.0779041
0.645 0.0798503
0.647 0.0818354
0.649 0.0838596
0.651 0.0859238
0.653 0.0880284
0.655 0.090174
0.657 0.0923613
0.659 0.0945908
0.661 0.0968631
0.663 0.099179
0.665 0.101539
0.667 0.103943
0.669 0.106393
0.671 0.108889
0.673 0.111432
0.675 0.114022
0.677 0.11666
0.679 0.119346
0.681 0.122081
0.683 0.124867
0.685 0.127703
0.687 0.130591
0.689 0.13353
0.691 0.136522
0.693 0.139568
0.695 0.142668
0.697 0.145822
0.699 0.149032
0.701 0.152298
0.703 0.155622
0.705 0.159003
0.707 0.162443
0.709 0.165941
0.711 0.1695
0.713 0.17312
0.715 0.176802
0.717 0.180545
0.719 0.184352
0.721 0.188223
0.723 0.192158
0.725 0.196159
0.727 0.200227
0.729 0.204362
0.731 0.208564
0.733 0.212836
0.735 0.217177
0.737 0.221589
0.739 0.226072
0.741 0.230628
0.743 0.235256
0.745 0.239959
0.747 0.244736
0.749 0.24959
0.751 0.25452
0.753 0.259527
0.755 0.264613
0.757 0.269779
0.759 0.275025
0.761 0.280352
0.763 0.285762
0.765 0.291254
0.767 0.296831
0.769 0.302493
0.771 0.308241
0.773 0.314076
0.775 0.319999
0.777 0.326011
0.779 0.332113
0.781 0.338306
0.783 0.344591
0.785 0.350969
0.787 0.357442
0.789 0.364009
0.791 0.370673
0.793 0.377433
0.795 0.384293
0.797 0.391251
0.799 0.39831
0.801 0.405471
0.803 0.412734
0.805 0.4201
0.807 0.427572
0.809 0.43515
0.811 0.442834
0.813 0.450627
0.815 0.458529
0.817 0.466542
0.819 0.474666
0.821 0.482903
0.823 0.491254
0.825 0.49972
0.827 0.508302
0.829 0.517002
0.831 0.525821
0.833 0.534759
0.835 0.543819
0.837 0.553001
0.839 0.562307
0.841 0.571737
0.843 0.581294
0.845 0.590978
0.847 0.60079
0.849 0.610733
0.851 0.620807
0.853 0.631013
0.855 0.641353
0.857 0.651828
0.859 0.66244
0.861 0.673189
0.863 0.684077
0.865 0.695106
0.867 0.706277
0.869 0.717591
0.871 0.729049
0.873 0.740653
0.875 0.752405
0.877 0.764305
0.879 0.776355
0.881 0.788557
0.883 0.800912
0.885 0.813421
0.887 0.826086
0.889 0.838908
0.891 0.851889
0.893 0.865031
0.895 0.878333
0.897 0.891799
0.899 0.90543
0.901 0.919227
0.903 0.933191
0.905 0.947325
0.907 0.961629
0.909 0.976106
0.911 0.990757
0.913 1
0.915 1
0.917 1
0.919 1
0.921 1
0.923 1
0.925 1
0.927 1
0.929 1
0.931 1
0.933 1
0.935 1
0.937 1
0.939 1
0.941 1
0.943 1
0.945 1
0.947 1
0.949 1
0.951 1
0.953 1
0.955 1
0.957 1
0.959 1
0.961 1
0.963 1
0.965 1
0.967 1
0.969 1
0.971 1
0.973 1
0.975 1
0.977 1
0.979 1
0.981 1
0.983 1
0.985 1
0.987 1
0.989 1
0.991 1
0.993 1
0.995 1
0.997 1
0.999 1
