0.005 1
0.015 1
0.025 1
0.035 1
0.045 1
0.055 1
0.065 1
0.075 1
0.085 1
0.095 1
0.105 1
0.115 1
0.125 1
0.135 1
0.145 1
0.155 1
0.165 1
0.175 1
0.185 1
0.195 1
0.205 0.997737
0.215 0.969932
0.225 0.942749
0.235 0.91618
0.245 0.890213
0.255 0.864839
0.265 0.840046
0.275 0.815825
0.285 0.792166
0.295 0.769059
0.305 0.746495
0.315 0.724463
0.325 0.702955
0.335 0.68196
0.345 0.66147
0.355 0.641476
0.365 0.621968
0.375 0.602938
0.385 0.584376
0.395 0.566274
0.405 0.548624
0.415 0.531417
0.425 0.514644
0.435 0.498297
0.445 0.482368
0.455 0.466849
0.465 0.451733
0.475 0.43701
0.485 0.426319
0.495 0.426319
0.505 0.426319
0.515 0.426319
0.525 0.426319
0.535 0.426319
0.545 0.426319
0.555 0.426319
0.565 0.426319
0.575 0.426319
0.585 0.426319
0.595 0.426319
0.605 0.426319
0.615 0.426319
0.625 0.426319
0.635 0.426319
0.645 0.426319
0.655 0.426319
0.665 0.426319
0.675 0.426319
0.685 0.426319
0.695 0.426319
0.705 0.426319
0.715 0.426319
0.725 0.426319
0.735 0.265574
0.745 0.265574
0.755 0.265574
0.765 0.265574
0.775 0.265574
0.785 0.265574
0.795 0.265574
0.805 0.265574
0.815 0.265574
0.825 0.265574
0.835 0.265574
0.845 0.265574
0.855 0.265574
0.865 0.265574
0.875 0.265574
0.885 0.265574
0.895 0.265574
0.905 0.265574
0.915 0.265574
0.925 0.265574
0.935 0.265574
0.945 0.125
0.955 0.125
0.965 0.125
0.975 0.125
0.985 0.125
0.995 0.125
