0.005 112.128 0 -0.495
0.015 112.121 0 -0.485616
0.025 112.103 0 -0.475616
0.035 112.065 0 -0.465616
0.045 112.011 0 -0.455615
0.055 111.928 0 -0.445615
0.065 111.774 0 -0.435614
0.075 111.472 0 -0.425612
0.085 110.853 0 -0.415608
0.095 109.587 0 -0.4056
0.105 107.087 0 -0.395584
0.115 102.394 0 -0.385555
0.125 94.0108 0 -0.375502
0.135 80.2832 0 -0.365416
0.145 57.6295 0 -0.355276
0.155 26.9125 0 -0.345105
0.165 6.2402 0 -0.33502
0.175 0.836545 0 -0.325002
0.185 0.0820248 0 -0.315
0.195 0.0086534 0 -0.305
0.205 0.00121996 0 -0.295
0.215 0.000123275 0 -0.285
0.225 7.52487e-06 0 -0.275
0.235 4.19753e-07 0 -0.265
0.245 1.98085e-08 0 -0.255
0.255 7.37142e-10 0 -0.245
0.265 2.37099e-11 0 -0.235
0.275 1.13844e-12 0 -0.225
0.285 1.56835e-13 0 -0.215
0.295 7.9955e-15 0 -0.205
0.305 0 0 -0.195
0.315 0 0 -0.185
0.325 0 0 -0.175
0.335 0 0 -0.165
0.345 0 0 -0.155
0.355 0 0 -0.145
0.365 0 0 -0.135
0.375 0 0 -0.125
0.385 0 0 -0.115
0.395 0 0 -0.105
0.405 0 0 -0.095
0.415 0 0 -0.085
0.425 0 0 -0.075
0.435 0 0 -0.065
0.445 0 0 -0.055
0.455 0 0 -0.045
0.465 0 0 -0.035
0.475 0 0 -0.025
0.485 0 0 -0.015
0.495 0 0 -0.005
0.505 0 0 0.005
0.515 0 0 0.015
0.525 0 0 0.025
0.535 0 0 0.035
0.545 0 0 0.045
0.555 0 0 0.055
0.565 0 0 0.065
0.575 0 0 0.075
0.585 0 0 0.085
0.595 0 0 0.095
0.605 0 0 0.105
0.615 0 0 0.115
0.625 0 0 0.125
0.635 0 0 0.135
0.645 0 0 0.145
0.655 0 0 0.155
0.665 0 0 0.165
0.675 0 0 0.175
0.685 0 0 0.185
0.695 0 0 0.195
0.705 0 0 0.205
0.715 0 0 0.215
0.725 0 0 0.225
0.735 0 0 0.235
0.745 0 0 0.245
0.755 0 0 0.255
0.765 0 0 0.265
0.775 0 0 0.275
0.785 0 0 0.285
0.795 0 0 0.295
0.805 0 0 0.305
0.815 0 0 0.315
0.825 0 0 0.325
0.835 0 0 0.335
0.845 0 0 0.345
0.855 0 0 0.355
0.865 0 0 0.365
0.875 0 0 0.375
0.885 0 0 0.385
0.895 0 0 0.395
0.905 0 0 0.405
0.915 0 0 0.415
0.925 0 0 0.425
0.935 0 0 0.435
0.945 0 0 0.445
0.955 0 0 0.455
0.965 0 0 0.465
0.975 0 0 0.475
0.985 0 0 0.485
0.995 0 0 0.495
