0.005 111.881 2.25688e-12 -0.495
0.015 111.875 2.25688e-12 -0.485615
0.025 111.866 2.25688e-12 -0.475615
0.035 111.857 2.25688e-12 -0.465615
0.045 111.848 2.25688e-12 -0.455615
0.055 111.84 2.25688e-12 -0.445615
0.065 111.834 2.25688e-12 -0.435614
0.075 111.83 2.25688e-12 -0.425614
0.085 111.827 2.25688e-12 -0.415614
0.095 111.823 2.25688e-12 -0.405614
0.105 111.82 2.25688e-12 -0.395614
0.115 111.818 2.25688e-12 -0.385614
0.125 111.816 2.25688e-12 -0.375614
0.135 111.813 2.25688e-12 -0.365614
0.145 111.81 2.25688e-12 -0.355614
0.155 111.805 2.25688e-12 -0.345614
0.165 111.796 2.25688e-12 -0.335614
0.175 111.782 2.25688e-12 -0.325614
0.185 111.762 2.25688e-12 -0.315614
0.195 111.722 2.25688e-12 -0.305614
0.205 111.657 2.25688e-12 -0.295613
0.215 111.574 2.25688e-12 -0.285613
0.225 111.436 2.25688e-12 -0.275612
0.235 111.194 2.25688e-12 -0.265611
0.245 110.771 2.25688e-12 -0.255608
0.255 110.039 2.25688e-12 -0.245603
0.265 108.8 2.25688e-12 -0.235596
0.275 106.749 2.25688e-12 -0.225583
0.285 103.427 2.25688e-12 -0.215563
0.295 98.1682 2.25688e-12 -0.205531
0.305 89.9826 2.25688e-12 -0.195481
0.315 77.7346 2.25688e-12 -0.185407
0.325 59.7562 2.25688e-12 -0.175298
0.335 34.8118 2.25688e-12 -0.165153
0.345 11.9811 2.25688e-12 -0.155046
0.355 2.55544 2.25688e-12 -0.145009
0.365 0.408124 2.25688e-12 -0.135001
0.375 0.0571334 2.25688e-12 -0.125
0.385 0.00762318 2.25688e-12 -0.115
0.395 0.00101465 2.25688e-12 -0.105
0.405 0.00013924 2.25688e-12 -0.095
0.415 1.96783e-05 2.25688e-12 -0.085
0.425 2.86395e-06 2.25688e-12 -0.075
0.435 4.23247e-07 2.25688e-12 -0.065
0.445 6.14949e-08 2.25688e-12 -0.055
0.455 8.58553e-09 2.25688e-12 -0.045
0.465 1.17639e-09 2.25688e-12 -0.035
0.475 1.66575e-10 2.25688e-12 -0.025
0.485 2.49692e-11 2.25688e-12 -0.015
0.495 3.93625e-12 2.15619e-12 -0.005
0.505 2.21792e-12 1.66597e-12 0.005
0.515 2.25688e-12 4.67035e-13 0.015
0.525 2.25688e-12 1.11463e-13 0.025
0.535 2.25688e-12 0 0.035
0.545 2.25688e-12 0 0.045
0.555 2.25688e-12 0 0.055
0.565 2.25688e-12 0 0.065
0.575 2.25688e-12 0 0.075
0.585 2.25688e-12 0 0.085
0.595 2.25688e-12 0 0.095
0.605 2.25688e-12 0 0.105
0.615 2.25688e-12 0 0.115
0.625 2.25688e-12 0 0.125
0.635 2.25688e-12 0 0.135
0.645 2.25688e-12 0 0.145
0.655 2.25688e-12 0 0.155
0.665 2.25688e-12 0 0.165
0.675 2.25688e-12 0 0.175
0.685 2.25688e-12 0 0.185
0.695 2.25688e-12 0 0.195
0.705 2.25688e-12 0 0.205
0.715 2.25688e-12 0 0.215
0.725 2.25688e-12 0 0.225
0.735 2.25688e-12 0 0.235
0.745 2.25688e-12 0 0.245
0.755 2.25688e-12 0 0.255
0.765 2.25688e-12 0 0.265
0.775 2.25688e-12 0 0.275
0.785 2.25688e-12 0 0.285
0.795 2.25688e-12 0 0.295
0.805 2.25688e-12 0 0.305
0.815 2.25688e-12 0 0.315
0.825 2.25688e-12 0 0.325
0.835 2.25688e-12 0 0.335
0.845 2.25688e-12 0 0.345
0.855 2.25688e-12 0 0.355
0.865 2.25688e-12 0 0.365
0.875 2.25688e-12 0 0.375
0.885 2.25688e-12 0 0.385
0.895 2.25688e-12 0 0.395
0.905 2.25688e-12 0 0.405
0.915 2.25688e-12 0 0.415
0.925 2.25688e-12 0 0.425
0.935 2.25688e-12 0 0.435
0.945 2.25688e-12 0 0.445
0.955 2.25688e-12 0 0.455
0.965 2.25688e-12 0 0.465
0.975 2.25688e-12 0 0.475
0.985 2.25688e-12 0 0.485
0.995 2.25688e-12 0 0.495
