0.005 111.856 7.50358e-08 -0.495
0.015 111.851 7.50358e-08 -0.485615
0.025 111.846 7.50358e-08 -0.475615
0.035 111.84 7.50358e-08 -0.465615
0.045 111.834 7.50358e-08 -0.455614
0.055 111.828 7.50358e-08 -0.445614
0.065 111.824 7.50358e-08 -0.435614
0.075 111.821 7.50358e-08 -0.425614
0.085 111.818 7.50358e-08 -0.415614
0.095 111.816 7.50358e-08 -0.405614
0.105 111.814 7.50358e-08 -0.395614
0.115 111.813 7.50358e-08 -0.385614
0.125 111.811 7.50358e-08 -0.375614
0.135 111.81 7.50358e-08 -0.365614
0.145 111.808 7.50358e-08 -0.355614
0.155 111.806 7.50358e-08 -0.345614
0.165 111.804 7.50358e-08 -0.335614
0.175 111.802 7.50358e-08 -0.325614
0.185 111.798 7.50358e-08 -0.315614
0.195 111.793 7.50358e-08 -0.305614
0.205 111.783 7.50358e-08 -0.295614
0.215 111.77 7.50358e-08 -0.285614
0.225 111.748 7.50358e-08 -0.275614
0.235 111.71 7.50358e-08 -0.265614
0.245 111.66 7.50358e-08 -0.255613
0.255 111.589 7.50358e-08 -0.245613
0.265 111.468 7.50358e-08 -0.235612
0.275 111.26 7.50358e-08 -0.225611
0.285 110.904 7.50358e-08 -0.215609
0.295 110.299 7.50358e-08 -0.205605
0.305 109.288 7.50358e-08 -0.195599
0.315 107.629 7.50358e-08 -0.185589
0.325 104.957 7.50358e-08 -0.175572
0.335 100.73 7.50358e-08 -0.165546
0.345 94.1777 7.50358e-08 -0.155506
0.355 84.2137 7.50358e-08 -0.145446
0.365 69.8882 7.50358e-08 -0.135358
0.375 48.8124 7.50358e-08 -0.125232
0.385 22.8687 7.50358e-08 -0.115094
0.395 6.42116 7.50358e-08 -0.105023
0.405 1.23308 7.50358e-08 -0.0950042
0.415 0.195261 7.50358e-08 -0.0850006
0.425 0.028576 7.50358e-08 -0.0750001
0.435 0.00418396 7.50358e-08 -0.065
0.445 0.000635626 7.50358e-08 -0.055
0.455 0.000100953 7.50358e-08 -0.045
0.465 1.69505e-05 7.50358e-08 -0.035
0.475 3.07206e-06 7.50358e-08 -0.025
0.485 5.90269e-07 7.50358e-08 -0.015
0.495 1.20708e-07 7.25229e-08 -0.005
0.505 7.46877e-08 5.52509e-08 0.005
0.515 7.50358e-08 1.7309e-08 0.015
0.525 7.50358e-08 6.2865e-09 0.025
0.535 7.50358e-08 2.49213e-09 0.035
0.545 7.50358e-08 1.01032e-09 0.045
0.555 7.50358e-08 4.11823e-10 0.055
0.565 7.50358e-08 1.82902e-10 0.065
0.575 7.50358e-08 8.05255e-11 0.075
0.585 7.50358e-08 3.1545e-11 0.085
0.595 7.50358e-08 1.16058e-11 0.095
0.605 7.50358e-08 4.196e-12 0.105
0.615 7.50358e-08 1.53961e-12 0.115
0.625 7.50358e-08 5.38774e-13 0.125
0.635 7.50358e-08 1.73941e-13 0.135
0.645 7.50358e-08 0 0.145
0.655 7.50358e-08 0 0.155
0.665 7.50358e-08 0 0.165
0.675 7.50358e-08 0 0.175
0.685 7.50358e-08 0 0.185
0.695 7.50358e-08 0 0.195
0.705 7.50358e-08 0 0.205
0.715 7.50358e-08 0 0.215
0.725 7.50358e-08 0 0.225
0.735 7.50358e-08 0 0.235
0.745 7.50358e-08 0 0.245
0.755 7.50358e-08 0 0.255
0.765 7.50358e-08 0 0.265
0.775 7.50358e-08 0 0.275
0.785 7.50358e-08 0 0.285
0.795 7.50358e-08 0 0.295
0.805 7.50358e-08 0 0.305
0.815 7.50358e-08 0 0.315
0.825 7.50358e-08 0 0.325
0.835 7.50358e-08 0 0.335
0.845 7.50358e-08 0 0.345
0.855 7.50358e-08 0 0.355
0.865 7.50358e-08 0 0.365
0.875 7.50358e-08 0 0.375
0.885 7.50358e-08 0 0.385
0.895 7.50358e-08 0 0.395
0.905 7.50358e-08 0 0.405
0.915 7.50358e-08 0 0.415
0.925 7.50358e-08 0 0.425
0.935 7.50358e-08 0 0.435
0.945 7.50358e-08 0 0.445
0.955 7.50358e-08 0 0.455
0.965 7.50358e-08 0 0.465
0.975 7.50358e-08 0 0.475
0.985 7.50358e-08 0 0.485
0.995 7.50358e-08 0 0.495
