0.005 111.839 0.00067021 -0.495
0.015 111.836 0.00067021 -0.485614
0.025 111.832 0.00067021 -0.475614
0.035 111.828 0.00067021 -0.465614
0.045 111.824 0.00067021 -0.455614
0.055 111.82 0.00067021 -0.445614
0.065 111.817 0.00067021 -0.435614
0.075 111.814 0.00067021 -0.425614
0.085 111.813 0.00067021 -0.415614
0.095 111.811 0.00067021 -0.405614
0.105 111.81 0.00067021 -0.395614
0.115 111.809 0.00067021 -0.385614
0.125 111.808 0.00067021 -0.375614
0.135 111.806 0.00067021 -0.365614
0.145 111.805 0.00067021 -0.355614
0.155 111.804 0.00067021 -0.345614
0.165 111.803 0.00067021 -0.335614
0.175 111.802 0.00067021 -0.325614
0.185 111.801 0.00067021 -0.315614
0.195 111.8 0.00067021 -0.305614
0.205 111.799 0.00067021 -0.295614
0.215 111.798 0.00067021 -0.285614
0.225 111.797 0.00067021 -0.275614
0.235 111.794 0.00067021 -0.265614
0.245 111.788 0.00067021 -0.255614
0.255 111.781 0.00067021 -0.245614
0.265 111.769 0.00067021 -0.235614
0.275 111.754 0.00067021 -0.225614
0.285 111.732 0.00067021 -0.215614
0.295 111.693 0.00067021 -0.205614
0.305 111.621 0.00067021 -0.195613
0.315 111.489 0.00067021 -0.185612
0.325 111.251 0.00067021 -0.175611
0.335 110.833 0.00067021 -0.165608
0.345 110.115 0.00067021 -0.155603
0.355 108.914 0.00067021 -0.145596
0.365 106.953 0.00067021 -0.135584
0.375 103.823 0.00067021 -0.125564
0.385 98.9454 0.00067021 -0.115534
0.395 91.4649 0.00067021 -0.105488
0.405 80.3929 0.00067021 -0.0954212
0.415 64.3161 0.00067021 -0.0853229
0.425 41.0789 0.00067021 -0.0751853
0.435 16.9365 0.00067021 -0.0650667
0.445 4.59572 0.00067021 -0.0550165
0.455 0.961468 0.00067021 -0.0450033
0.465 0.179104 0.00067021 -0.0350006
0.475 0.0327263 0.00067021 -0.0250001
0.485 0.00595027 0.00067021 -0.015
0.495 0.00111171 0.000643798 -0.00500001
0.505 0.000668134 0.000469355 0.005
0.515 0.00067021 0.000131455 0.015
0.525 0.00067021 4.28661e-05 0.025
0.535 0.00067021 1.59588e-05 0.035
0.545 0.00067021 6.53432e-06 0.045
0.555 0.00067021 2.86187e-06 0.055
0.565 0.00067021 1.26248e-06 0.065
0.575 0.00067021 6.10173e-07 0.075
0.585 0.00067021 3.02901e-07 0.085
0.595 0.00067021 1.53891e-07 0.095
0.605 0.00067021 7.53805e-08 0.105
0.615 0.00067021 3.45638e-08 0.115
0.625 0.00067021 1.5763e-08 0.125
0.635 0.00067021 6.72579e-09 0.135
0.645 0.00067021 3.05279e-09 0.145
0.655 0.00067021 1.43827e-09 0.155
0.665 0.00067021 6.36688e-10 0.165
0.675 0.00067021 2.5555e-10 0.175
0.685 0.00067021 1.04868e-10 0.185
0.695 0.00067021 4.11841e-11 0.195
0.705 0.00067021 1.58243e-11 0.205
0.715 0.00067021 5.73563e-12 0.215
0.725 0.00067021 2.1551e-12 0.225
0.735 0.00067021 8.09944e-13 0.235
0.745 0.00067021 5.79804e-14 0.245
0.755 0.00067021 0 0.255
0.765 0.00067021 0 0.265
0.775 0.00067021 0 0.275
0.785 0.00067021 0 0.285
0.795 0.00067021 0 0.295
0.805 0.00067021 0 0.305
0.815 0.00067021 0 0.315
0.825 0.00067021 0 0.325
0.835 0.00067021 0 0.335
0.845 0.00067021 0 0.345
0.855 0.00067021 0 0.355
0.865 0.00067021 0 0.365
0.875 0.00067021 0 0.375
0.885 0.00067021 0 0.385
0.895 0.00067021 0 0.395
0.905 0.00067021 0 0.405
0.915 0.00067021 0 0.415
0.925 0.00067021 0 0.425
0.935 0.00067021 0 0.435
0.945 0.00067021 0 0.445
0.955 0.00067021 0 0.455
0.965 0.00067021 0 0.465
0.975 0.00067021 0 0.475
0.985 0.00067021 0 0.485
0.995 0.00067021 0 0.495
