0.00125 1.33326 0.623307 -0.51375
0.00375 1.33326 0.623307 -0.511335
0.00625 1.33326 0.623307 -0.508835
0.00875 1.33326 0.623307 -0.506335
0.01125 1.33326 0.623307 -0.503835
0.01375 1.33326 0.623307 -0.501335
0.01625 1.33326 0.623307 -0.498835
0.01875 1.33326 0.623307 -0.496335
0.02125 1.33326 0.623307 -0.493835
0.02375 1.33326 0.623307 -0.491335
0.02625 1.33326 0.623307 -0.488835
0.02875 1.33326 0.623307 -0.486335
0.03125 1.33326 0.623307 -0.483835
0.03375 1.33326 0.623307 -0.481335
0.03625 1.33326 0.623307 -0.478835
0.03875 1.33326 0.623307 -0.476335
0.04125 1.33326 0.623307 -0.473835
0.04375 1.33326 0.623307 -0.471335
0.04625 1.33327 0.623307 -0.468835
0.04875 1.33327 0.623307 -0.466335
0.05125 1.33327 0.623307 -0.463835
0.05375 1.33327 0.623307 -0.461335
0.05625 1.33327 0.623307 -0.458835
0.05875 1.33327 0.623307 -0.456335
0.06125 1.33327 0.623307 -0.453835
0.06375 1.33326 0.623307 -0.451335
0.06625 1.33326 0.623307 -0.448835
0.06875 1.33326 0.623307 -0.446335
0.07125 1.33326 0.623307 -0.443835
0.07375 1.33326 0.623307 -0.441335
0.07625 1.33326 0.623307 -0.438835
0.07875 1.33326 0.623307 -0.436335
0.08125 1.33325 0.623307 -0.433835
0.08375 1.33325 0.623307 -0.431335
0.08625 1.33324 0.623307 -0.428835
0.08875 1.33324 0.623307 -0.426335
0.09125 1.33323 0.623307 -0.423835
0.09375 1.33322 0.623307 -0.421335
0.09625 1.33322 0.623307 -0.418835
0.09875 1.3332 0.623307 -0.416335
0.10125 1.33319 0.623307 -0.413835
0.10375 1.33318 0.623307 -0.411335
0.10625 1.33317 0.623307 -0.408835
0.10875 1.33315 0.623307 -0.406335
0.11125 1.33313 0.623307 -0.403835
0.11375 1.33311 0.623307 -0.401335
0.11625 1.33309 0.623307 -0.398835
0.11875 1.33305 0.623307 -0.396335
0.12125 1.33302 0.623307 -0.393835
0.12375 1.33298 0.623307 -0.391335
0.12625 1.33295 0.623307 -0.388835
0.12875 1.33292 0.623307 -0.386335
0.13125 1.33288 0.623307 -0.383835
0.13375 1.33284 0.623307 -0.381335
0.13625 1.3328 0.623307 -0.378835
0.13875 1.33275 0.623307 -0.376335
0.14125 1.33269 0.623307 -0.373835
0.14375 1.33264 0.623307 -0.371335
0.14625 1.33257 0.623307 -0.368835
0.14875 1.3325 0.623307 -0.366335
0.15125 1.33242 0.623307 -0.363835
0.15375 1.33232 0.623307 -0.361335
0.15625 1.33221 0.623307 -0.358835
0.15875 1.3321 0.623307 -0.356335
0.16125 1.33197 0.623307 -0.353835
0.16375 1.33184 0.623307 -0.351335
0.16625 1.33171 0.623307 -0.348835
0.16875 1.33161 0.623307 -0.346335
0.17125 1.33155 0.623307 -0.343835
0.17375 1.33153 0.623307 -0.341335
0.17625 1.33152 0.623307 -0.338835
0.17875 1.33152 0.623307 -0.336335
0.18125 1.33152 0.623307 -0.333835
0.18375 1.33153 0.623307 -0.331335
0.18625 1.33154 0.623307 -0.328835
0.18875 1.33156 0.623307 -0.326335
0.19125 1.33159 0.623307 -0.323835
0.19375 1.33162 0.623307 -0.321335
0.19625 1.33166 0.623307 -0.318835
0.19875 1.33171 0.623307 -0.316335
0.20125 1.33177 0.623307 -0.313835
0.20375 1.33184 0.623307 -0.311335
0.20625 1.33193 0.623307 -0.308835
0.20875 1.33202 0.623307 -0.306335
0.21125 1.33213 0.623307 -0.303835
0.21375 1.33225 0.623307 -0.301335
0.21625 1.33238 0.623307 -0.298835
0.21875 1.33252 0.623307 -0.296335
0.22125 1.33267 0.623307 -0.293835
0.22375 1.33276 0.623307 -0.291335
0.22625 1.3328 0.623307 -0.288835
0.22875 1.33283 0.623307 -0.286335
0.23125 1.33286 0.623307 -0.283835
0.23375 1.33289 0.623307 -0.281335
0.23625 1.33293 0.623307 -0.278835
0.23875 1.33296 0.623307 -0.276335
0.24125 1.33298 0.623307 -0.273835
0.24375 1.333 0.623307 -0.271335
0.24625 1.33303 0.623307 -0.268835
0.24875 1.33305 0.623307 -0.266335
0.25125 1.33306 0.623307 -0.263835
0.25375 1.33308 0.623307 -0.261335
0.25625 1.3331 0.623307 -0.258835
0.25875 1.33311 0.623307 -0.256335
0.26125 1.33313 0.623307 -0.253835
0.26375 1.33314 0.623307 -0.251335
0.26625 1.33316 0.623307 -0.248835
0.26875 1.33317 0.623307 -0.246335
0.27125 1.33318 0.623307 -0.243835
0.27375 1.33319 0.623307 -0.241335
0.27625 1.3332 0.623307 -0.238835
0.27875 1.33321 0.623307 -0.236335
0.28125 1.33322 0.623307 -0.233835
0.28375 1.33322 0.623307 -0.231335
0.28625 1.33323 0.623307 -0.228835
0.28875 1.33323 0.623307 -0.226335
0.29125 1.33323 0.623307 -0.223835
0.29375 1.33324 0.623307 -0.221335
0.29625 1.33324 0.623307 -0.218835
0.29875 1.33324 0.623307 -0.216335
0.30125 1.33324 0.623307 -0.213835
0.30375 1.33324 0.623307 -0.211335
0.30625 1.33324 0.623307 -0.208835
0.30875 1.33324 0.623307 -0.206335
0.31125 1.33324 0.623307 -0.203835
0.31375 1.33324 0.623307 -0.201335
0.31625 1.33324 0.623307 -0.198835
0.31875 1.33324 0.623307 -0.196335
0.32125 1.33323 0.623307 -0.193835
0.32375 1.33323 0.623307 -0.191335
0.32625 1.33322 0.623307 -0.188835
0.32875 1.33322 0.623307 -0.186335
0.33125 1.33321 0.623307 -0.183835
0.33375 1.3332 0.623307 -0.181335
0.33625 1.33319 0.623307 -0.178835
0.33875 1.33317 0.623307 -0.176335
0.34125 1.33316 0.623307 -0.173835
0.34375 1.33314 0.623307 -0.171335
0.34625 1.33312 0.623307 -0.168835
0.34875 1.33309 0.623307 -0.166335
0.35125 1.33306 0.623307 -0.163835
0.35375 1.33302 0.623307 -0.161335
0.35625 1.33297 0.623307 -0.158835
0.35875 1.33291 0.623307 -0.156335
0.36125 1.33284 0.623307 -0.153835
0.36375 1.33275 0.623307 -0.151335
0.36625 1.33265 0.623307 -0.148835
0.36875 1.33254 0.623307 -0.146335
0.37125 1.3324 0.623307 -0.143835
0.37375 1.33225 0.623307 -0.141335
0.37625 1.33207 0.623307 -0.138835
0.37875 1.33187 0.623307 -0.136335
0.38125 1.33163 0.623307 -0.133835
0.38375 1.33136 0.623307 -0.131335
0.38625 1.33106 0.623307 -0.128835
0.38875 1.3307 0.623307 -0.126335
0.39125 1.3303 0.623307 -0.123835
0.39375 1.32984 0.623307 -0.121336
0.39625 1.32931 0.623307 -0.118836
0.39875 1.32872 0.623307 -0.116336
0.40125 1.32804 0.623307 -0.113836
0.40375 1.32728 0.623307 -0.111336
0.40625 1.32641 0.623307 -0.108836
0.40875 1.32543 0.623307 -0.106337
0.41125 1.32432 0.623307 -0.103837
0.41375 1.32307 0.623307 -0.101337
0.41625 1.32166 0.623307 -0.0988374
0.41875 1.32007 0.623307 -0.0963377
0.42125 1.31828 0.623307 -0.0938381
0.42375 1.31627 0.623307 -0.0913386
0.42625 1.31402 0.623307 -0.0888391
0.42875 1.31151 0.623307 -0.0863396
0.43125 1.30872 0.623307 -0.0838402
0.43375 1.30563 0.623307 -0.0813409
0.43625 1.30224 0.623307 -0.0788416
0.43875 1.29854 0.623307 -0.0763424
0.44125 1.29453 0.623307 -0.0738433
0.44375 1.29021 0.623307 -0.0713441
0.44625 1.28558 0.623307 -0.068845
0.44875 1.28061 0.623307 -0.0663459
0.45125 1.27522 0.623307 -0.0638469
0.45375 1.26923 0.623307 -0.0613478
0.45625 1.26238 0.623307 -0.0588488
0.45875 1.25432 0.623307 -0.0563499
0.46125 1.24462 0.623307 -0.0538512
0.46375 1.23301 0.623307 -0.0513527
0.46625 1.21878 0.623307 -0.0488546
0.46875 1.20159 0.623307 -0.0463565
0.47125 1.18589 0.623307 -0.0438583
0.47375 1.16845 0.623307 -0.04136
0.47625 1.15156 0.623307 -0.0388614
0.47875 1.13728 0.623307 -0.036363
0.48125 1.11979 0.623307 -0.0338648
0.48375 1.09943 0.621979 -0.0313666
0.48625 1.07688 0.616608 -0.0288682
0.48875 1.05077 0.610259 -0.0263698
0.49125 1.01917 0.605497 -0.0238708
0.49375 0.982468 0.599488 -0.0213715
0.49625 0.939418 0.592251 -0.0188717
0.49875 0.889455 0.584636 -0.0163718
0.50125 0.83417 0.57636 -0.0138719
0.50375 0.772953 0.566879 -0.011372
0.50625 0.70727 0.556608 -0.00887217
0.50875 0.655635 0.5437 -0.00637232
0.51125 0.631784 0.526123 -0.00387245
0.51375 0.625154 0.503868 -0.00204709
0.51625 0.62331 0.476616 0.000921016
0.51875 0.623307 0.443836 0.00361756
0.52125 0.623307 0.404781 0.00612636
0.52375 0.623307 0.358898 0.00862631
0.52625 0.623307 0.304202 0.0111263
0.52875 0.623307 0.245377 0.0136262
0.53125 0.623307 0.199201 0.0161262
0.53375 0.623307 0.173819 0.0186262
0.53625 0.623307 0.163333 0.0211262
0.53875 0.623307 0.160011 0.0236262
0.54125 0.623307 0.159227 0.0261262
0.54375 0.623307 0.159087 0.0286262
0.54625 0.623307 0.159068 0.0311262
0.54875 0.623307 0.159109 0.0336262
0.55125 0.623307 0.15917 0.0361262
0.55375 0.623307 0.159221 0.0386262
0.55625 0.623307 0.159262 0.0411263
0.55875 0.623307 0.159294 0.0436263
0.56125 0.623307 0.159305 0.0461264
0.56375 0.623307 0.159304 0.0486265
0.56625 0.623307 0.159296 0.0511266
0.56875 0.623307 0.159277 0.0536268
0.57125 0.623307 0.159245 0.0561269
0.57375 0.623307 0.159203 0.0586272
0.57625 0.623307 0.159156 0.0611274
0.57875 0.623307 0.159105 0.0636277
0.58125 0.623307 0.159051 0.0661281
0.58375 0.623307 0.158987 0.0686284
0.58625 0.623307 0.158923 0.0711288
0.58875 0.623307 0.158846 0.0736291
0.59125 0.623307 0.158772 0.0761296
0.59375 0.623307 0.15868 0.0786301
0.59625 0.623307 0.158584 0.0811308
0.59875 0.623307 0.158441 0.0836315
0.60125 0.623307 0.158292 0.0861325
0.60375 0.623307 0.15807 0.0886337
0.60625 0.623307 0.157823 0.0911355
0.60875 0.623307 0.157472 0.0936371
0.61125 0.623307 0.157139 0.0961395
0.61375 0.623307 0.15672 0.0986413
0.61625 0.623307 0.156345 0.101144
0.61875 0.623307 0.155842 0.103646
0.62125 0.623307 0.15542 0.106149
0.62375 0.623307 0.154859 0.108653
0.62625 0.623307 0.153946 0.111157
0.62875 0.623307 0.152903 0.113665
0.63125 0.623307 0.150894 0.116179
0.63375 0.623307 0.147664 0.118699
0.63625 0.623307 0.143443 0.121229
0.63875 0.623307 0.13954 0.123744
0.64125 0.623307 0.138363 0.126248
0.64375 0.623307 0.138069 0.128749
0.64625 0.623307 0.137977 0.13125
0.64875 0.623307 0.137937 0.13375
0.65125 0.623307 0.137918 0.13625
0.65375 0.623307 0.137909 0.13875
0.65625 0.623307 0.137904 0.14125
0.65875 0.623307 0.137902 0.14375
0.66125 0.623307 0.137901 0.14625
0.66375 0.623307 0.1379 0.14875
0.66625 0.623307 0.1379 0.15125
0.66875 0.623307 0.1379 0.15375
0.67125 0.623307 0.1379 0.15625
0.67375 0.623307 0.1379 0.15875
0.67625 0.623307 0.1379 0.16125
0.67875 0.623307 0.1379 0.16375
0.68125 0.623307 0.1379 0.16625
0.68375 0.623307 0.1379 0.16875
0.68625 0.623307 0.1379 0.17125
0.68875 0.623307 0.1379 0.17375
0.69125 0.623307 0.1379 0.17625
0.69375 0.623307 0.1379 0.17875
0.69625 0.623307 0.1379 0.18125
0.69875 0.623307 0.1379 0.18375
0.70125 0.623307 0.1379 0.18625
0.70375 0.623307 0.1379 0.18875
0.70625 0.623307 0.1379 0.19125
0.70875 0.623307 0.1379 0.19375
0.71125 0.623307 0.1379 0.19625
0.71375 0.623307 0.1379 0.19875
0.71625 0.623307 0.1379 0.20125
0.71875 0.623307 0.1379 0.20375
0.72125 0.623307 0.1379 0.20625
0.72375 0.623307 0.1379 0.20875
0.72625 0.623307 0.1379 0.21125
0.72875 0.623307 0.1379 0.21375
0.73125 0.623307 0.1379 0.21625
0.73375 0.623307 0.1379 0.21875
0.73625 0.623307 0.1379 0.22125
0.73875 0.623307 0.1379 0.22375
0.74125 0.623307 0.1379 0.22625
0.74375 0.623307 0.1379 0.22875
0.74625 0.623307 0.1379 0.23125
0.74875 0.623307 0.1379 0.23375
0.75125 0.623307 0.1379 0.23625
0.75375 0.623307 0.1379 0.23875
0.75625 0.623307 0.1379 0.24125
0.75875 0.623307 0.1379 0.24375
0.76125 0.623307 0.1379 0.24625
0.76375 0.623307 0.1379 0.24875
0.76625 0.623307 0.1379 0.25125
0.76875 0.623307 0.1379 0.25375
0.77125 0.623307 0.1379 0.25625
0.77375 0.623307 0.1379 0.25875
0.77625 0.623307 0.1379 0.26125
0.77875 0.623307 0.1379 0.26375
0.78125 0.623307 0.1379 0.26625
0.78375 0.623307 0.1379 0.26875
0.78625 0.623307 0.1379 0.27125
0.78875 0.623307 0.1379 0.27375
0.79125 0.623307 0.1379 0.27625
0.79375 0.623307 0.1379 0.27875
0.79625 0.623307 0.1379 0.28125
0.79875 0.623307 0.1379 0.28375
0.80125 0.623307 0.1379 0.28625
0.80375 0.623307 0.1379 0.28875
0.80625 0.623307 0.1379 0.29125
0.80875 0.623307 0.1379 0.29375
0.81125 0.623307 0.1379 0.29625
0.81375 0.623307 0.1379 0.29875
0.81625 0.623307 0.1379 0.30125
0.81875 0.623307 0.1379 0.30375
0.82125 0.623307 0.1379 0.30625
0.82375 0.623307 0.1379 0.30875
0.82625 0.623307 0.1379 0.31125
0.82875 0.623307 0.1379 0.31375
0.83125 0.623307 0.1379 0.31625
0.83375 0.623307 0.1379 0.31875
0.83625 0.623307 0.1379 0.32125
0.83875 0.623307 0.1379 0.32375
0.84125 0.623307 0.1379 0.32625
0.84375 0.623307 0.1379 0.32875
0.84625 0.623307 0.1379 0.33125
0.84875 0.623307 0.1379 0.33375
0.85125 0.623307 0.1379 0.33625
0.85375 0.623307 0.1379 0.33875
0.85625 0.623307 0.1379 0.34125
0.85875 0.623307 0.1379 0.34375
0.86125 0.623307 0.1379 0.34625
0.86375 0.623307 0.1379 0.34875
0.86625 0.623307 0.1379 0.35125
0.86875 0.623307 0.1379 0.35375
0.87125 0.623307 0.1379 0.35625
0.87375 0.623307 0.1379 0.35875
0.87625 0.623307 0.1379 0.36125
0.87875 0.623307 0.1379 0.36375
0.88125 0.623307 0.1379 0.36625
0.88375 0.623307 0.1379 0.36875
0.88625 0.623307 0.1379 0.37125
0.88875 0.623307 0.1379 0.37375
0.89125 0.623307 0.1379 0.37625
0.89375 0.623307 0.1379 0.37875
0.89625 0.623307 0.1379 0.38125
0.89875 0.623307 0.1379 0.38375
0.90125 0.623307 0.1379 0.38625
0.90375 0.623307 0.1379 0.38875
0.90625 0.623307 0.1379 0.39125
0.90875 0.623307 0.1379 0.39375
0.91125 0.623307 0.1379 0.39625
0.91375 0.623307 0.1379 0.39875
0.91625 0.623307 0.1379 0.40125
0.91875 0.623307 0.1379 0.40375
0.92125 0.623307 0.1379 0.40625
0.92375 0.623307 0.1379 0.40875
0.92625 0.623307 0.1379 0.41125
0.92875 0.623307 0.1379 0.41375
0.93125 0.623307 0.1379 0.41625
0.93375 0.623307 0.1379 0.41875
0.93625 0.623307 0.1379 0.42125
0.93875 0.623307 0.1379 0.42375
0.94125 0.623307 0.1379 0.42625
0.94375 0.623307 0.1379 0.42875
0.94625 0.623307 0.1379 0.43125
0.94875 0.623307 0.1379 0.43375
0.95125 0.623307 0.1379 0.43625
0.95375 0.623307 0.1379 0.43875
0.95625 0.623307 0.1379 0.44125
0.95875 0.623307 0.1379 0.44375
0.96125 0.623307 0.1379 0.44625
0.96375 0.623307 0.1379 0.44875
0.96625 0.623307 0.1379 0.45125
0.96875 0.623307 0.1379 0.45375
0.97125 0.623307 0.1379 0.45625
0.97375 0.623307 0.1379 0.45875
0.97625 0.623307 0.1379 0.46125
0.97875 0.623307 0.1379 0.46375
0.98125 0.623307 0.1379 0.46625
0.98375 0.623307 0.1379 0.46875
0.98625 0.623307 0.1379 0.47125
0.98875 0.623307 0.1379 0.47375
0.99125 0.623307 0.1379 0.47625
0.99375 0.623307 0.1379 0.47875
0.99625 0.623307 0.1379 0.48125
0.99875 0.623307 0.1379 0.48375
