0.0005 149996 126634 -0.4995
0.0015 149996 126634 -0.4995
0.0025 149996 126634 -0.4995
0.0035 149996 126634 -0.4995
0.0045 149996 126634 -0.4995
0.0055 149996 126634 -0.4995
0.0065 149996 126634 -0.4995
0.0075 149996 126634 -0.4995
0.0085 149996 126634 -0.4995
0.0095 149995 126634 -0.4995
0.0105 149995 126634 -0.4995
0.0115 149995 126634 -0.4995
0.0125 149995 126634 -0.4995
0.0135 149995 126634 -0.4995
0.0145 149995 126634 -0.4995
0.0155 149995 126634 -0.4995
0.0165 149995 126634 -0.4995
0.0175 149995 126634 -0.4995
0.0185 149995 126634 -0.4995
0.0195 149995 126634 -0.4995
0.0205 149995 126634 -0.4995
0.0215 149995 126634 -0.4995
0.0225 149995 126634 -0.4995
0.0235 149995 126634 -0.4995
0.0245 149995 126634 -0.4995
0.0255 149995 126634 -0.4995
0.0265 149995 126634 -0.4995
0.0275 149995 126634 -0.4995
0.0285 149995 126634 -0.4995
0.0295 149995 126634 -0.4995
0.0305 149995 126634 -0.4995
0.0315 149995 126634 -0.4995
0.0325 149995 126634 -0.4995
0.0335 149995 126634 -0.4995
0.0345 149995 126634 -0.4995
0.0355 149995 126634 -0.4995
0.0365 149995 126634 -0.4995
0.0375 149995 126634 -0.4995
0.0385 149995 126634 -0.4995
0.0395 149995 126634 -0.4995
0.0405 149996 126634 -0.4995
0.0415 149996 126634 -0.4995
0.0425 149996 126634 -0.4995
0.0435 149996 126634 -0.4995
0.0445 149996 126634 -0.4995
0.0455 149996 126634 -0.4995
0.0465 149996 126634 -0.4995
0.0475 149996 126634 -0.4995
0.0485 149996 126634 -0.4995
0.0495 149996 126634 -0.4995
0.0505 149996 126634 -0.4995
0.0515 149996 126634 -0.4995
0.0525 149996 126634 -0.4995
0.0535 149996 126634 -0.4995
0.0545 149996 126634 -0.4995
0.0555 149996 126634 -0.4995
0.0565 149996 126634 -0.4995
0.0575 149996 126634 -0.4995
0.0585 149996 126634 -0.4995
0.0595 149996 126634 -0.4995
0.0605 149996 126634 -0.4995
0.0615 149996 126634 -0.4995
0.0625 149996 126634 -0.4995
0.0635 149996 126634 -0.4995
0.0645 149996 126634 -0.4995
0.0655 149996 126634 -0.4995
0.0665 149996 126634 -0.4995
0.0675 149996 126634 -0.4995
0.0685 149996 126634 -0.4995
0.0695 149996 126634 -0.4995
0.0705 149996 126634 -0.4995
0.0715 149996 126634 -0.4995
0.0725 149996 126634 -0.4995
0.0735 149996 126634 -0.4995
0.0745 149996 126634 -0.4995
0.0755 149996 126634 -0.4995
0.0765 149996 126634 -0.4995
0.0775 149996 126634 -0.4995
0.0785 149996 126634 -0.4995
0.0795 149996 126634 -0.4995
0.0805 149996 126634 -0.4995
0.0815 149996 126634 -0.4995
0.0825 149996 126634 -0.4995
0.0835 149996 126634 -0.4995
0.0845 149995 126634 -0.4995
0.0855 149995 126634 -0.4995
0.0865 149995 126634 -0.4995
0.0875 149995 126634 -0.4995
0.0885 149995 126634 -0.499499
0.0895 149995 126634 -0.499499
0.0905 149995 126634 -0.499498
0.0915 149995 126634 -0.499498
0.0925 149995 126634 -0.499497
0.0935 149995 126634 -0.499495
0.0945 149995 126634 -0.499493
0.0955 149995 126634 -0.49949
0.0965 149995 126634 -0.499486
0.0975 149995 126634 -0.499481
0.0985 149995 126634 -0.499475
0.0995 149995 126634 -0.499465
0.1005 149995 126634 -0.499454
0.1015 149995 126634 -0.499438
0.1025 149995 126634 -0.499419
0.1035 149995 126634 -0.499394
0.1045 149995 126634 -0.499363
0.1055 149995 126634 -0.499325
0.1065 149995 126634 -0.499277
0.1075 149995 126634 -0.499219
0.1085 149995 126634 -0.499148
0.1095 149995 126634 -0.499064
0.1105 149995 126634 -0.498963
0.1115 149995 126634 -0.498844
0.1125 149996 126634 -0.498704
0.1135 149996 126634 -0.498542
0.1145 149996 126634 -0.498355
0.1155 149996 126634 -0.498141
0.1165 149996 126634 -0.497898
0.1175 149996 126634 -0.497625
0.1185 149996 126634 -0.497318
0.1195 149996 126634 -0.496978
0.1205 149996 126634 -0.496602
0.1215 149996 126634 -0.496189
0.1225 149996 126634 -0.49574
0.1235 149996 126634 -0.495253
0.1245 149996 126634 -0.494728
0.1255 149996 126634 -0.494167
0.1265 149996 126634 -0.493568
0.1275 149996 126634 -0.492935
0.1285 149996 126634 -0.492266
0.1295 149996 126634 -0.491565
0.1305 149996 126634 -0.490833
0.1315 149996 126634 -0.490071
0.1325 149996 126634 -0.489281
0.1335 149996 126634 -0.488466
0.1345 149996 126634 -0.487627
0.1355 149996 126634 -0.486767
0.1365 149996 126634 -0.485888
0.1375 149996 126634 -0.484991
0.1385 149996 126634 -0.484079
0.1395 149996 126634 -0.483153
0.1405 149996 126634 -0.482215
0.1415 149996 126634 -0.481267
0.1425 149996 126634 -0.480309
0.1435 149996 126634 -0.479344
0.1445 149996 126634 -0.478372
0.1455 149996 126634 -0.477395
0.1465 149996 126634 -0.476412
0.1475 149996 126634 -0.475425
0.1485 149996 126634 -0.474434
0.1495 149996 126634 -0.47344
0.1505 149996 126634 -0.472443
0.1515 149996 126634 -0.471442
0.1525 149996 126634 -0.470439
0.1535 149996 126634 -0.469432
0.1545 149996 126634 -0.468422
0.1555 149996 126634 -0.467409
0.1565 149996 126634 -0.466392
0.1575 149995 126634 -0.46537
0.1585 149995 126634 -0.464343
0.1595 149995 126634 -0.463311
0.1605 149995 126634 -0.462273
0.1615 149995 126634 -0.461228
0.1625 149995 126634 -0.460175
0.1635 149995 126634 -0.459115
0.1645 149995 126634 -0.458045
0.1655 149995 126634 -0.456966
0.1665 149995 126634 -0.455877
0.1675 149995 126634 -0.454777
0.1685 149995 126634 -0.453666
0.1695 149995 126634 -0.452543
0.1705 149995 126634 -0.451408
0.1715 149995 126634 -0.450261
0.1725 149995 126634 -0.449102
0.1735 149995 126634 -0.44793
0.1745 149995 126634 -0.446746
0.1755 149995 126634 -0.44555
0.1765 149995 126634 -0.444342
0.1775 149995 126634 -0.443123
0.1785 149995 126634 -0.441892
0.1795 149995 126634 -0.440651
0.1805 149995 126634 -0.4394
0.1815 149995 126634 -0.43814
0.1825 149995 126634 -0.436871
0.1835 149995 126634 -0.435595
0.1845 149995 126634 -0.434311
0.1855 149996 126634 -0.43302
0.1865 149996 126634 -0.431724
0.1875 149996 126634 -0.430422
0.1885 149996 126634 -0.429116
0.1895 149996 126634 -0.427805
0.1905 149996 126634 -0.426491
0.1915 149996 126634 -0.425174
0.1925 149996 126634 -0.423854
0.1935 149996 126634 -0.422532
0.1945 149996 126634 -0.421208
0.1955 149996 126634 -0.419882
0.1965 149996 126634 -0.418555
0.1975 149996 126634 -0.417227
0.1985 149996 126634 -0.415898
0.1995 149996 126634 -0.414568
0.2005 149996 126634 -0.413237
0.2015 149996 126634 -0.411906
0.2025 149996 126634 -0.410574
0.2035 149996 126634 -0.409243
0.2045 149996 126634 -0.407911
0.2055 149996 126634 -0.406578
0.2065 149996 126634 -0.405246
0.2075 149996 126634 -0.403913
0.2085 149996 126634 -0.40258
0.2095 149996 126634 -0.401248
0.2105 149996 126634 -0.399915
0.2115 149996 126634 -0.398582
0.2125 149996 126634 -0.397249
0.2135 149996 126634 -0.395916
0.2145 149996 126634 -0.394583
0.2155 149996 126634 -0.39325
0.2165 149996 126634 -0.391916
0.2175 149996 126634 -0.390583
0.2185 149996 126634 -0.38925
0.2195 149996 126634 -0.387917
0.2205 149996 126634 -0.386584
0.2215 149996 126634 -0.385251
0.2225 149996 126634 -0.383918
0.2235 149996 126634 -0.382584
0.2245 149996 126634 -0.381251
0.2255 149996 126634 -0.379918
0.2265 149996 126634 -0.378585
0.2275 149996 126634 -0.377251
0.2285 149996 126634 -0.375918
0.2295 149996 126634 -0.374585
0.2305 149996 126634 -0.373252
0.2315 149996 126634 -0.371919
0.2325 149995 126634 -0.370585
0.2335 149995 126634 -0.369252
0.2345 149995 126634 -0.367919
0.2355 149995 126634 -0.366586
0.2365 149995 126634 -0.365252
0.2375 149995 126634 -0.363919
0.2385 149995 126634 -0.362586
0.2395 149995 126634 -0.361253
0.2405 149995 126634 -0.359919
0.2415 149995 126634 -0.358586
0.2425 149995 126634 -0.357253
0.2435 149995 126634 -0.35592
0.2445 149995 126634 -0.354586
0.2455 149995 126634 -0.353253
0.2465 149995 126634 -0.35192
0.2475 149995 126634 -0.350587
0.2485 149995 126634 -0.349253
0.2495 149995 126634 -0.34792
0.2505 149995 126634 -0.346587
0.2515 149995 126634 -0.345253
0.2525 149995 126634 -0.34392
0.2535 149995 126634 -0.342587
0.2545 149995 126634 -0.341254
0.2555 149995 126634 -0.33992
0.2565 149995 126634 -0.338587
0.2575 149995 126634 -0.337254
0.2585 149996 126634 -0.33592
0.2595 149996 126634 -0.334587
0.2605 149996 126634 -0.333254
0.2615 149996 126634 -0.33192
0.2625 149996 126634 -0.330587
0.2635 149996 126634 -0.329254
0.2645 149996 126634 -0.327921
0.2655 149996 126634 -0.326587
0.2665 149996 126634 -0.325254
0.2675 149996 126634 -0.323921
0.2685 149996 126634 -0.322587
0.2695 149996 126634 -0.321254
0.2705 149996 126634 -0.319921
0.2715 149996 126634 -0.318587
0.2725 149996 126634 -0.317254
0.2735 149996 126634 -0.315921
0.2745 149996 126634 -0.314588
0.2755 149996 126634 -0.313254
0.2765 149996 126634 -0.311921
0.2775 149996 126634 -0.310588
0.2785 149996 126634 -0.309254
0.2795 149996 126634 -0.307921
0.2805 149996 126634 -0.306588
0.2815 149996 126634 -0.305255
0.2825 149996 126634 -0.303921
0.2835 149996 126634 -0.302588
0.2845 149996 126634 -0.301255
0.2855 149996 126634 -0.299921
0.2865 149996 126634 -0.298588
0.2875 149996 126634 -0.297255
0.2885 149996 126634 -0.295922
0.2895 149996 126634 -0.294588
0.2905 149996 126634 -0.293255
0.2915 149996 126634 -0.291922
0.2925 149996 126634 -0.290588
0.2935 149996 126634 -0.289255
0.2945 149996 126634 -0.287922
0.2955 149996 126634 -0.286588
0.2965 149996 126634 -0.285255
0.2975 149996 126634 -0.283922
0.2985 149996 126634 -0.282588
0.2995 149996 126634 -0.281255
0.3005 149996 126634 -0.279922
0.3015 149996 126634 -0.278588
0.3025 149996 126634 -0.277255
0.3035 149996 126634 -0.275922
0.3045 149996 126634 -0.274589
0.3055 149996 126634 -0.273255
0.3065 149995 126634 -0.271922
0.3075 149995 126634 -0.270589
0.3085 149995 126634 -0.269255
0.3095 149995 126634 -0.267922
0.3105 149995 126634 -0.266589
0.3115 149995 126634 -0.265256
0.3125 149995 126634 -0.263922
0.3135 149995 126634 -0.262589
0.3145 149995 126634 -0.261256
0.3155 149995 126634 -0.259922
0.3165 149995 126634 -0.258589
0.3175 149995 126634 -0.257256
0.3185 149995 126634 -0.255922
0.3195 149995 126634 -0.254589
0.3205 149995 126634 -0.253256
0.3215 149995 126634 -0.251923
0.3225 149995 126634 -0.250589
0.3235 149995 126634 -0.249256
0.3245 149995 126634 -0.247923
0.3255 149995 126634 -0.246589
0.3265 149995 126634 -0.245256
0.3275 149995 126634 -0.243923
0.3285 149995 126634 -0.242589
0.3295 149995 126634 -0.241256
0.3305 149995 126634 -0.239923
0.3315 149996 126634 -0.238589
0.3325 149996 126634 -0.237256
0.3335 149996 126634 -0.235923
0.3345 149996 126634 -0.234589
0.3355 149996 126634 -0.233256
0.3365 149996 126634 -0.231923
0.3375 149996 126634 -0.230589
0.3385 149996 126634 -0.229256
0.3395 149996 126634 -0.227923
0.3405 149996 126634 -0.22659
0.3415 149996 126634 -0.225256
0.3425 149996 126634 -0.223923
0.3435 149996 126634 -0.22259
0.3445 149996 126634 -0.221256
0.3455 149996 126634 -0.219923
0.3465 149996 126634 -0.21859
0.3475 149996 126634 -0.217257
0.3485 149996 126634 -0.215923
0.3495 149996 126634 -0.21459
0.3505 149996 126634 -0.213257
0.3515 149996 126634 -0.211923
0.3525 149996 126634 -0.21059
0.3535 149996 126634 -0.209257
0.3545 149996 126634 -0.207923
0.3555 149996 126634 -0.20659
0.3565 149996 126634 -0.205257
0.3575 149996 126634 -0.203924
0.3585 149996 126634 -0.20259
0.3595 149996 126634 -0.201257
0.3605 149996 126634 -0.199924
0.3615 149996 126634 -0.19859
0.3625 149996 126634 -0.197257
0.3635 149996 126634 -0.195924
0.3645 149996 126634 -0.19459
0.3655 149996 126634 -0.193257
0.3665 149995 126634 -0.191924
0.3675 149995 126634 -0.19059
0.3685 149995 126634 -0.189257
0.3695 149995 126634 -0.187924
0.3705 149995 126634 -0.18659
0.3715 149995 126634 -0.185257
0.3725 149995 126634 -0.183924
0.3735 149995 126634 -0.18259
0.3745 149995 126634 -0.181257
0.3755 149995 126634 -0.179924
0.3765 149995 126634 -0.178591
0.3775 149995 126634 -0.177257
0.3785 149995 126634 -0.175924
0.3795 149995 126634 -0.174591
0.3805 149994 126634 -0.173258
0.3815 149994 126634 -0.171924
0.3825 149994 126634 -0.170591
0.3835 149994 126634 -0.169258
0.3845 149993 126634 -0.167924
0.3855 149993 126634 -0.166591
0.3865 149993 126634 -0.165258
0.3875 149992 126634 -0.163925
0.3885 149992 126634 -0.162591
0.3895 149991 126634 -0.161258
0.3905 149990 126634 -0.159925
0.3915 149990 126634 -0.158591
0.3925 149989 126634 -0.157258
0.3935 149988 126634 -0.155925
0.3945 149987 126634 -0.154592
0.3955 149985 126634 -0.153258
0.3965 149984 126634 -0.151925
0.3975 149982 126634 -0.150592
0.3985 149981 126634 -0.149259
0.3995 149979 126634 -0.147925
0.4005 149977 126634 -0.146592
0.4015 149974 126634 -0.145259
0.4025 149971 126634 -0.143926
0.4035 149969 126634 -0.142593
0.4045 149965 126634 -0.141259
0.4055 149961 126634 -0.139926
0.4065 149957 126634 -0.138593
0.4075 149953 126634 -0.13726
0.4085 149947 126634 -0.135927
0.4095 149941 126634 -0.134594
0.4105 149935 126634 -0.133261
0.4115 149927 126634 -0.131929
0.4125 149919 126634 -0.130596
0.4135 149909 126634 -0.129263
0.4145 149899 126634 -0.12793
0.4155 149887 126634 -0.126598
0.4165 149874 126634 -0.125265
0.4175 149859 126634 -0.123933
0.4185 149843 126634 -0.1226
0.4195 149825 126634 -0.121268
0.4205 149805 126634 -0.119936
0.4215 149783 126634 -0.118604
0.4225 149759 126634 -0.117272
0.4235 149732 126634 -0.11594
0.4245 149703 126634 -0.114608
0.4255 149670 126634 -0.113277
0.4265 149635 126634 -0.111946
0.4275 149596 126634 -0.110615
0.4285 149553 126634 -0.109284
0.4295 149505 126634 -0.107954
0.4305 149453 126634 -0.106624
0.4315 149396 126634 -0.105294
0.4325 149334 126634 -0.103965
0.4335 149265 126634 -0.102636
0.4345 149190 126634 -0.101307
0.4355 149108 126634 -0.0999793
0.4365 149018 126634 -0.0986519
0.4375 148919 126634 -0.0973251
0.4385 148812 126634 -0.0959989
0.4395 148694 126634 -0.0946735
0.4405 148566 126634 -0.0933489
0.4415 148426 126634 -0.0920251
0.4425 148274 126634 -0.0907022
0.4435 148107 126634 -0.0893804
0.4445 147926 126634 -0.0880597
0.4455 147729 126634 -0.0867401
0.4465 147514 126634 -0.0854219
0.4475 147281 126634 -0.0841051
0.4485 147027 126634 -0.0827898
0.4495 146751 126634 -0.0814762
0.4505 146452 126634 -0.0801645
0.4515 146128 126634 -0.0788547
0.4525 145777 126634 -0.0775471
0.4535 145398 126634 -0.0762418
0.4545 144990 126634 -0.0749391
0.4555 144551 126634 -0.073639
0.4565 144081 126634 -0.0723419
0.4575 143578 126634 -0.0710479
0.4585 143042 126634 -0.0697573
0.4595 142474 126634 -0.0684703
0.4605 141874 126634 -0.067187
0.4615 141241 126634 -0.0659078
0.4625 140577 126634 -0.0646328
0.4635 139882 126634 -0.0633622
0.4645 139158 126634 -0.0620962
0.4655 138405 126634 -0.060835
0.4665 137625 126634 -0.0595789
0.4675 136816 126634 -0.0583279
0.4685 135981 126634 -0.0570823
0.4695 135120 126634 -0.0558423
0.4705 134231 126634 -0.054608
0.4715 133324 126634 -0.0533797
0.4725 132390 126634 -0.0521575
0.4735 131472 126634 -0.0509415
0.4745 130642 126634 -0.0497312
0.4755 129927 126634 -0.0485259
0.4765 129326 126634 -0.0473247
0.4775 128826 126634 -0.0461267
0.4785 128411 126634 -0.0449313
0.4795 128101 126634 -0.0437375
0.4805 127842 126634 -0.0425449
0.4815 127618 126634 -0.0413531
0.4825 127413 126614 -0.0401621
0.4835 127208 126554 -0.038972
0.4845 126982 126475 -0.0377832
0.4855 126757 126436 -0.036596
0.4865 126551 126439 -0.0354105
0.4875 126383 126452 -0.0342267
0.4885 126265 126464 -0.0330442
0.4895 126208 126478 -0.0318622
0.4905 126212 126491 -0.0306804
0.4915 126236 126503 -0.0294985
0.4925 126266 126517 -0.0283168
0.4935 126294 126528 -0.0271358
0.4945 126318 126539 -0.0259558
0.4955 126340 126551 -0.0247774
0.4965 126360 126563 -0.0236007
0.4975 126380 126575 -0.0224257
0.4985 126400 126587 -0.0212524
0.4995 126419 126597 -0.0200801
0.5005 126438 126607 -0.0189082
0.5015 126456 126617 -0.0177362
0.5025 126472 126627 -0.0165635
0.5035 126488 126637 -0.0153897
0.5045 126503 126648 -0.0142147
0.5055 126517 126658 -0.0130385
0.5065 126531 126668 -0.0118612
0.5075 126544 126677 -0.0106827
0.5085 126556 126686 -0.00950314
0.5095 126568 126695 -0.00832249
0.5105 126579 126704 -0.00714101
0.5115 126589 126714 -0.00595929
0.5125 126598 126725 -0.0047785
0.5135 126607 126734 -0.00360041
0.5145 126616 126743 -0.00242717
0.5155 126623 126752 -0.0012607
0.5165 126629 126762 -0.00010166
0.5175 126633 126771 0.0010561
0.5185 126634 126780 0.00221436
0.5195 126634 126790 0.00337266
0.5205 126634 126798 0.00453044
0.5215 126634 126805 0.00568732
0.5225 126634 126813 0.00684315
0.5235 126634 126820 0.00799804
0.5245 126634 126827 0.00915216
0.5255 126634 126833 0.0103057
0.5265 126634 126840 0.0114589
0.5275 126634 126846 0.0126119
0.5285 126634 126853 0.0137647
0.5295 126634 126860 0.0149175
0.5305 126634 126868 0.0160703
0.5315 126634 126874 0.0172231
0.5325 126634 126882 0.018376
0.5335 126634 126890 0.019529
0.5345 126634 126900 0.0206821
0.5355 126634 126907 0.0218353
0.5365 126634 126914 0.0229886
0.5375 126634 126921 0.0241419
0.5385 126634 126931 0.0252954
0.5395 126634 126939 0.0264489
0.5405 126634 126948 0.0276024
0.5415 126634 126957 0.028756
0.5425 126634 126969 0.0299096
0.5435 126634 126977 0.0310633
0.5445 126634 126987 0.0322171
0.5455 126634 126995 0.0333708
0.5465 126634 127006 0.0345247
0.5475 126634 127014 0.0356785
0.5485 126634 127025 0.0368324
0.5495 126634 127034 0.0379864
0.5505 126634 127043 0.0391404
0.5515 126634 127056 0.0402944
0.5525 126634 127067 0.0414485
0.5535 126634 127078 0.0426027
0.5545 126634 127089 0.0437568
0.5555 126634 127099 0.0449111
0.5565 126634 127109 0.0460653
0.5575 126634 127119 0.0472196
0.5585 126634 127131 0.048374
0.5595 126634 127141 0.0495284
0.5605 126634 127154 0.0506828
0.5615 126634 127164 0.0518373
0.5625 126634 127176 0.0529919
0.5635 126634 127186 0.0541466
0.5645 126634 127198 0.0553013
0.5655 126634 127209 0.056456
0.5665 126634 127222 0.0576109
0.5675 126634 127234 0.0587658
0.5685 126634 127249 0.0599207
0.5695 126634 127260 0.0610758
0.5705 126634 127275 0.0622309
0.5715 126634 127287 0.0633861
0.5725 126634 127300 0.0645413
0.5735 126634 127313 0.0656967
0.5745 126634 127325 0.0668521
0.5755 126634 127340 0.0680076
0.5765 126634 127353 0.0691631
0.5775 126634 127369 0.0703188
0.5785 126634 127382 0.0714745
0.5795 126634 127397 0.0726304
0.5805 126634 127410 0.0737862
0.5815 126634 127426 0.0749422
0.5825 126634 127439 0.0760982
0.5835 126634 127455 0.0772543
0.5845 126634 127468 0.0784104
0.5855 126634 127483 0.0795666
0.5865 126634 127496 0.0807229
0.5875 126634 127508 0.0818793
0.5885 126634 127520 0.0830357
0.5895 126634 127531 0.0841922
0.5905 126634 127541 0.0853487
0.5915 126634 127553 0.0865053
0.5925 126634 127564 0.087662
0.5935 126634 127573 0.0888187
0.5945 126634 127580 0.0899755
0.5955 126634 127582 0.0911323
0.5965 126634 127583 0.0922891
0.5975 126634 127583 0.0934459
0.5985 126634 127582 0.0946027
0.5995 126634 127579 0.0957595
0.6005 126634 127575 0.0969162
0.6015 126634 127568 0.098073
0.6025 126634 127557 0.0992297
0.6035 126634 127543 0.100386
0.6045 126634 127523 0.101543
0.6055 126634 127500 0.102699
0.6065 126634 127467 0.103855
0.6075 126634 127436 0.105011
0.6085 126634 127389 0.106167
0.6095 126634 127346 0.107322
0.6105 126634 127277 0.108477
0.6115 126634 127214 0.109632
0.6125 126634 127115 0.110787
0.6135 126634 127027 0.11194
0.6145 126634 126890 0.113093
0.6155 126634 126770 0.114246
0.6165 126634 126584 0.115397
0.6175 126634 126410 0.116547
0.6185 126634 126112 0.117696
0.6195 126634 125783 0.118843
0.6205 126634 125096 0.119987
0.6215 126634 124197 0.121125
0.6225 126634 122313 0.122254
0.6235 126634 119401 0.123366
0.6245 126634 113815 0.124448
0.6255 126634 106217 0.125489
0.6265 126634 101160 0.126498
0.6275 126634 100173 0.1275
0.6285 126634 100026 0.1285
0.6295 126634 100004 0.1295
0.6305 126634 100001 0.1305
0.6315 126634 100000 0.1315
0.6325 126634 100000 0.1325
0.6335 126634 100000 0.1335
0.6345 126634 100000 0.1345
0.6355 126634 100000 0.1355
0.6365 126634 100000 0.1365
0.6375 126634 100000 0.1375
0.6385 126634 100000 0.1385
0.6395 126634 100000 0.1395
0.6405 126634 100000 0.1405
0.6415 126634 100000 0.1415
0.6425 126634 100000 0.1425
0.6435 126634 100000 0.1435
0.6445 126634 100000 0.1445
0.6455 126634 100000 0.1455
0.6465 126634 100000 0.1465
0.6475 126634 100000 0.1475
0.6485 126634 100000 0.1485
0.6495 126634 100000 0.1495
0.6505 126634 100000 0.1505
0.6515 126634 100000 0.1515
0.6525 126634 100000 0.1525
0.6535 126634 100000 0.1535
0.6545 126634 100000 0.1545
0.6555 126634 100000 0.1555
0.6565 126634 100000 0.1565
0.6575 126634 100000 0.1575
0.6585 126634 100000 0.1585
0.6595 126634 100000 0.1595
0.6605 126634 100000 0.1605
0.6615 126634 100000 0.1615
0.6625 126634 100000 0.1625
0.6635 126634 100000 0.1635
0.6645 126634 100000 0.1645
0.6655 126634 100000 0.1655
0.6665 126634 100000 0.1665
0.6675 126634 100000 0.1675
0.6685 126634 100000 0.1685
0.6695 126634 100000 0.1695
0.6705 126634 100000 0.1705
0.6715 126634 100000 0.1715
0.6725 126634 100000 0.1725
0.6735 126634 100000 0.1735
0.6745 126634 100000 0.1745
0.6755 126634 100000 0.1755
0.6765 126634 100000 0.1765
0.6775 126634 100000 0.1775
0.6785 126634 100000 0.1785
0.6795 126634 100000 0.1795
0.6805 126634 100000 0.1805
0.6815 126634 100000 0.1815
0.6825 126634 100000 0.1825
0.6835 126634 100000 0.1835
0.6845 126634 100000 0.1845
0.6855 126634 100000 0.1855
0.6865 126634 100000 0.1865
0.6875 126634 100000 0.1875
0.6885 126634 100000 0.1885
0.6895 126634 100000 0.1895
0.6905 126634 100000 0.1905
0.6915 126634 100000 0.1915
0.6925 126634 100000 0.1925
0.6935 126634 100000 0.1935
0.6945 126634 100000 0.1945
0.6955 126634 100000 0.1955
0.6965 126634 100000 0.1965
0.6975 126634 100000 0.1975
0.6985 126634 100000 0.1985
0.6995 126634 100000 0.1995
0.7005 126634 100000 0.2005
0.7015 126634 100000 0.2015
0.7025 126634 100000 0.2025
0.7035 126634 100000 0.2035
0.7045 126634 100000 0.2045
0.7055 126634 100000 0.2055
0.7065 126634 100000 0.2065
0.7075 126634 100000 0.2075
0.7085 126634 100000 0.2085
0.7095 126634 100000 0.2095
0.7105 126634 100000 0.2105
0.7115 126634 100000 0.2115
0.7125 126634 100000 0.2125
0.7135 126634 100000 0.2135
0.7145 126634 100000 0.2145
0.7155 126634 100000 0.2155
0.7165 126634 100000 0.2165
0.7175 126634 100000 0.2175
0.7185 126634 100000 0.2185
0.7195 126634 100000 0.2195
0.7205 126634 100000 0.2205
0.7215 126634 100000 0.2215
0.7225 126634 100000 0.2225
0.7235 126634 100000 0.2235
0.7245 126634 100000 0.2245
0.7255 126634 100000 0.2255
0.7265 126634 100000 0.2265
0.7275 126634 100000 0.2275
0.7285 126634 100000 0.2285
0.7295 126634 100000 0.2295
0.7305 126634 100000 0.2305
0.7315 126634 100000 0.2315
0.7325 126634 100000 0.2325
0.7335 126634 100000 0.2335
0.7345 126634 100000 0.2345
0.7355 126634 100000 0.2355
0.7365 126634 100000 0.2365
0.7375 126634 100000 0.2375
0.7385 126634 100000 0.2385
0.7395 126634 100000 0.2395
0.7405 126634 100000 0.2405
0.7415 126634 100000 0.2415
0.7425 126634 100000 0.2425
0.7435 126634 100000 0.2435
0.7445 126634 100000 0.2445
0.7455 126634 100000 0.2455
0.7465 126634 100000 0.2465
0.7475 126634 100000 0.2475
0.7485 126634 100000 0.2485
0.7495 126634 100000 0.2495
0.7505 126634 100000 0.2505
0.7515 126634 100000 0.2515
0.7525 126634 100000 0.2525
0.7535 126634 100000 0.2535
0.7545 126634 100000 0.2545
0.7555 126634 100000 0.2555
0.7565 126634 100000 0.2565
0.7575 126634 100000 0.2575
0.7585 126634 100000 0.2585
0.7595 126634 100000 0.2595
0.7605 126634 100000 0.2605
0.7615 126634 100000 0.2615
0.7625 126634 100000 0.2625
0.7635 126634 100000 0.2635
0.7645 126634 100000 0.2645
0.7655 126634 100000 0.2655
0.7665 126634 100000 0.2665
0.7675 126634 100000 0.2675
0.7685 126634 100000 0.2685
0.7695 126634 100000 0.2695
0.7705 126634 100000 0.2705
0.7715 126634 100000 0.2715
0.7725 126634 100000 0.2725
0.7735 126634 100000 0.2735
0.7745 126634 100000 0.2745
0.7755 126634 100000 0.2755
0.7765 126634 100000 0.2765
0.7775 126634 100000 0.2775
0.7785 126634 100000 0.2785
0.7795 126634 100000 0.2795
0.7805 126634 100000 0.2805
0.7815 126634 100000 0.2815
0.7825 126634 100000 0.2825
0.7835 126634 100000 0.2835
0.7845 126634 100000 0.2845
0.7855 126634 100000 0.2855
0.7865 126634 100000 0.2865
0.7875 126634 100000 0.2875
0.7885 126634 100000 0.2885
0.7895 126634 100000 0.2895
0.7905 126634 100000 0.2905
0.7915 126634 100000 0.2915
0.7925 126634 100000 0.2925
0.7935 126634 100000 0.2935
0.7945 126634 100000 0.2945
0.7955 126634 100000 0.2955
0.7965 126634 100000 0.2965
0.7975 126634 100000 0.2975
0.7985 126634 100000 0.2985
0.7995 126634 100000 0.2995
0.8005 126634 100000 0.3005
0.8015 126634 100000 0.3015
0.8025 126634 100000 0.3025
0.8035 126634 100000 0.3035
0.8045 126634 100000 0.3045
0.8055 126634 100000 0.3055
0.8065 126634 100000 0.3065
0.8075 126634 100000 0.3075
0.8085 126634 100000 0.3085
0.8095 126634 100000 0.3095
0.8105 126634 100000 0.3105
0.8115 126634 100000 0.3115
0.8125 126634 100000 0.3125
0.8135 126634 100000 0.3135
0.8145 126634 100000 0.3145
0.8155 126634 100000 0.3155
0.8165 126634 100000 0.3165
0.8175 126634 100000 0.3175
0.8185 126634 100000 0.3185
0.8195 126634 100000 0.3195
0.8205 126634 100000 0.3205
0.8215 126634 100000 0.3215
0.8225 126634 100000 0.3225
0.8235 126634 100000 0.3235
0.8245 126634 100000 0.3245
0.8255 126634 100000 0.3255
0.8265 126634 100000 0.3265
0.8275 126634 100000 0.3275
0.8285 126634 100000 0.3285
0.8295 126634 100000 0.3295
0.8305 126634 100000 0.3305
0.8315 126634 100000 0.3315
0.8325 126634 100000 0.3325
0.8335 126634 100000 0.3335
0.8345 126634 100000 0.3345
0.8355 126634 100000 0.3355
0.8365 126634 100000 0.3365
0.8375 126634 100000 0.3375
0.8385 126634 100000 0.3385
0.8395 126634 100000 0.3395
0.8405 126634 100000 0.3405
0.8415 126634 100000 0.3415
0.8425 126634 100000 0.3425
0.8435 126634 100000 0.3435
0.8445 126634 100000 0.3445
0.8455 126634 100000 0.3455
0.8465 126634 100000 0.3465
0.8475 126634 100000 0.3475
0.8485 126634 100000 0.3485
0.8495 126634 100000 0.3495
0.8505 126634 100000 0.3505
0.8515 126634 100000 0.3515
0.8525 126634 100000 0.3525
0.8535 126634 100000 0.3535
0.8545 126634 100000 0.3545
0.8555 126634 100000 0.3555
0.8565 126634 100000 0.3565
0.8575 126634 100000 0.3575
0.8585 126634 100000 0.3585
0.8595 126634 100000 0.3595
0.8605 126634 100000 0.3605
0.8615 126634 100000 0.3615
0.8625 126634 100000 0.3625
0.8635 126634 100000 0.3635
0.8645 126634 100000 0.3645
0.8655 126634 100000 0.3655
0.8665 126634 100000 0.3665
0.8675 126634 100000 0.3675
0.8685 126634 100000 0.3685
0.8695 126634 100000 0.3695
0.8705 126634 100000 0.3705
0.8715 126634 100000 0.3715
0.8725 126634 100000 0.3725
0.8735 126634 100000 0.3735
0.8745 126634 100000 0.3745
0.8755 126634 100000 0.3755
0.8765 126634 100000 0.3765
0.8775 126634 100000 0.3775
0.8785 126634 100000 0.3785
0.8795 126634 100000 0.3795
0.8805 126634 100000 0.3805
0.8815 126634 100000 0.3815
0.8825 126634 100000 0.3825
0.8835 126634 100000 0.3835
0.8845 126634 100000 0.3845
0.8855 126634 100000 0.3855
0.8865 126634 100000 0.3865
0.8875 126634 100000 0.3875
0.8885 126634 100000 0.3885
0.8895 126634 100000 0.3895
0.8905 126634 100000 0.3905
0.8915 126634 100000 0.3915
0.8925 126634 100000 0.3925
0.8935 126634 100000 0.3935
0.8945 126634 100000 0.3945
0.8955 126634 100000 0.3955
0.8965 126634 100000 0.3965
0.8975 126634 100000 0.3975
0.8985 126634 100000 0.3985
0.8995 126634 100000 0.3995
0.9005 126634 100000 0.4005
0.9015 126634 100000 0.4015
0.9025 126634 100000 0.4025
0.9035 126634 100000 0.4035
0.9045 126634 100000 0.4045
0.9055 126634 100000 0.4055
0.9065 126634 100000 0.4065
0.9075 126634 100000 0.4075
0.9085 126634 100000 0.4085
0.9095 126634 100000 0.4095
0.9105 126634 100000 0.4105
0.9115 126634 100000 0.4115
0.9125 126634 100000 0.4125
0.9135 126634 100000 0.4135
0.9145 126634 100000 0.4145
0.9155 126634 100000 0.4155
0.9165 126634 100000 0.4165
0.9175 126634 100000 0.4175
0.9185 126634 100000 0.4185
0.9195 126634 100000 0.4195
0.9205 126634 100000 0.4205
0.9215 126634 100000 0.4215
0.9225 126634 100000 0.4225
0.9235 126634 100000 0.4235
0.9245 126634 100000 0.4245
0.9255 126634 100000 0.4255
0.9265 126634 100000 0.4265
0.9275 126634 100000 0.4275
0.9285 126634 100000 0.4285
0.9295 126634 100000 0.4295
0.9305 126634 100000 0.4305
0.9315 126634 100000 0.4315
0.9325 126634 100000 0.4325
0.9335 126634 100000 0.4335
0.9345 126634 100000 0.4345
0.9355 126634 100000 0.4355
0.9365 126634 100000 0.4365
0.9375 126634 100000 0.4375
0.9385 126634 100000 0.4385
0.9395 126634 100000 0.4395
0.9405 126634 100000 0.4405
0.9415 126634 100000 0.4415
0.9425 126634 100000 0.4425
0.9435 126634 100000 0.4435
0.9445 126634 100000 0.4445
0.9455 126634 100000 0.4455
0.9465 126634 100000 0.4465
0.9475 126634 100000 0.4475
0.9485 126634 100000 0.4485
0.9495 126634 100000 0.4495
0.9505 126634 100000 0.4505
0.9515 126634 100000 0.4515
0.9525 126634 100000 0.4525
0.9535 126634 100000 0.4535
0.9545 126634 100000 0.4545
0.9555 126634 100000 0.4555
0.9565 126634 100000 0.4565
0.9575 126634 100000 0.4575
0.9585 126634 100000 0.4585
0.9595 126634 100000 0.4595
0.9605 126634 100000 0.4605
0.9615 126634 100000 0.4615
0.9625 126634 100000 0.4625
0.9635 126634 100000 0.4635
0.9645 126634 100000 0.4645
0.9655 126634 100000 0.4655
0.9665 126634 100000 0.4665
0.9675 126634 100000 0.4675
0.9685 126634 100000 0.4685
0.9695 126634 100000 0.4695
0.9705 126634 100000 0.4705
0.9715 126634 100000 0.4715
0.9725 126634 100000 0.4725
0.9735 126634 100000 0.4735
0.9745 126634 100000 0.4745
0.9755 126634 100000 0.4755
0.9765 126634 100000 0.4765
0.9775 126634 100000 0.4775
0.9785 126634 100000 0.4785
0.9795 126634 100000 0.4795
0.9805 126634 100000 0.4805
0.9815 126634 100000 0.4815
0.9825 126634 100000 0.4825
0.9835 126634 100000 0.4835
0.9845 126634 100000 0.4845
0.9855 126634 100000 0.4855
0.9865 126634 100000 0.4865
0.9875 126634 100000 0.4875
0.9885 126634 100000 0.4885
0.9895 126634 100000 0.4895
0.9905 126634 100000 0.4905
0.9915 126634 100000 0.4915
0.9925 126634 100000 0.4925
0.9935 126634 100000 0.4935
0.9945 126634 100000 0.4945
0.9955 126634 100000 0.4955
0.9965 126634 100000 0.4965
0.9975 126634 100000 0.4975
0.9985 126634 100000 0.4985
0.9995 126634 100000 0.4995
