0.0005 149995 126607 -0.4995
0.0015 149995 126607 -0.4995
0.0025 149995 126607 -0.4995
0.0035 149995 126607 -0.4995
0.0045 149995 126607 -0.4995
0.0055 149995 126607 -0.4995
0.0065 149995 126607 -0.4995
0.0075 149995 126607 -0.4995
0.0085 149995 126607 -0.4995
0.0095 149995 126607 -0.4995
0.0105 149995 126607 -0.4995
0.0115 149995 126607 -0.4995
0.0125 149996 126607 -0.4995
0.0135 149996 126607 -0.4995
0.0145 149996 126607 -0.4995
0.0155 149996 126607 -0.4995
0.0165 149996 126607 -0.4995
0.0175 149996 126607 -0.4995
0.0185 149996 126607 -0.4995
0.0195 149996 126607 -0.4995
0.0205 149996 126607 -0.4995
0.0215 149996 126607 -0.4995
0.0225 149996 126607 -0.4995
0.0235 149996 126607 -0.4995
0.0245 149996 126607 -0.4995
0.0255 149996 126607 -0.4995
0.0265 149996 126607 -0.4995
0.0275 149996 126607 -0.4995
0.0285 149996 126607 -0.4995
0.0295 149996 126607 -0.4995
0.0305 149996 126607 -0.4995
0.0315 149996 126607 -0.4995
0.0325 149996 126607 -0.4995
0.0335 149996 126607 -0.4995
0.0345 149996 126607 -0.4995
0.0355 149996 126607 -0.4995
0.0365 149996 126607 -0.4995
0.0375 149996 126607 -0.4995
0.0385 149996 126607 -0.4995
0.0395 149996 126607 -0.4995
0.0405 149996 126607 -0.4995
0.0415 149996 126607 -0.4995
0.0425 149996 126607 -0.4995
0.0435 149996 126607 -0.4995
0.0445 149996 126607 -0.4995
0.0455 149996 126607 -0.4995
0.0465 149996 126607 -0.4995
0.0475 149996 126607 -0.4995
0.0485 149996 126607 -0.4995
0.0495 149996 126607 -0.4995
0.0505 149996 126607 -0.4995
0.0515 149996 126607 -0.4995
0.0525 149996 126607 -0.4995
0.0535 149996 126607 -0.4995
0.0545 149996 126607 -0.4995
0.0555 149995 126607 -0.4995
0.0565 149995 126607 -0.4995
0.0575 149995 126607 -0.4995
0.0585 149995 126607 -0.4995
0.0595 149995 126607 -0.4995
0.0605 149995 126607 -0.4995
0.0615 149995 126607 -0.4995
0.0625 149995 126607 -0.4995
0.0635 149995 126607 -0.4995
0.0645 149995 126607 -0.4995
0.0655 149995 126607 -0.4995
0.0665 149995 126607 -0.4995
0.0675 149995 126607 -0.4995
0.0685 149995 126607 -0.4995
0.0695 149995 126607 -0.4995
0.0705 149995 126607 -0.4995
0.0715 149995 126607 -0.4995
0.0725 149995 126607 -0.4995
0.0735 149995 126607 -0.4995
0.0745 149995 126607 -0.4995
0.0755 149995 126607 -0.4995
0.0765 149995 126607 -0.4995
0.0775 149995 126607 -0.4995
0.0785 149995 126607 -0.4995
0.0795 149995 126607 -0.4995
0.0805 149995 126607 -0.4995
0.0815 149995 126607 -0.4995
0.0825 149995 126607 -0.4995
0.0835 149996 126607 -0.4995
0.0845 149996 126607 -0.4995
0.0855 149996 126607 -0.4995
0.0865 149996 126607 -0.4995
0.0875 149996 126607 -0.4995
0.0885 149996 126607 -0.4995
0.0895 149996 126607 -0.4995
0.0905 149996 126607 -0.4995
0.0915 149996 126607 -0.4995
0.0925 149996 126607 -0.4995
0.0935 149996 126607 -0.4995
0.0945 149996 126607 -0.4995
0.0955 149996 126607 -0.4995
0.0965 149996 126607 -0.4995
0.0975 149996 126607 -0.499499
0.0985 149996 126607 -0.499499
0.0995 149996 126607 -0.499499
0.1005 149996 126607 -0.499498
0.1015 149996 126607 -0.499497
0.1025 149996 126607 -0.499496
0.1035 149996 126607 -0.499495
0.1045 149996 126607 -0.499492
0.1055 149996 126607 -0.499489
0.1065 149996 126607 -0.499485
0.1075 149996 126607 -0.49948
0.1085 149996 126607 -0.499473
0.1095 149996 126607 -0.499465
0.1105 149996 126607 -0.499453
0.1115 149996 126607 -0.499438
0.1125 149996 126607 -0.49942
0.1135 149996 126607 -0.499396
0.1145 149996 126607 -0.499367
0.1155 149996 126607 -0.499331
0.1165 149996 126607 -0.499287
0.1175 149996 126607 -0.499233
0.1185 149996 126607 -0.499168
0.1195 149996 126607 -0.499091
0.1205 149996 126607 -0.498999
0.1215 149996 126607 -0.498891
0.1225 149996 126607 -0.498764
0.1235 149996 126607 -0.498618
0.1245 149996 126607 -0.498449
0.1255 149996 126607 -0.498256
0.1265 149996 126607 -0.498036
0.1275 149996 126607 -0.497789
0.1285 149995 126607 -0.497512
0.1295 149995 126607 -0.497203
0.1305 149995 126607 -0.496862
0.1315 149995 126607 -0.496487
0.1325 149995 126607 -0.496077
0.1335 149995 126607 -0.495632
0.1345 149995 126607 -0.49515
0.1355 149995 126607 -0.494633
0.1365 149995 126607 -0.494081
0.1375 149995 126607 -0.493493
0.1385 149995 126607 -0.49287
0.1395 149995 126607 -0.492215
0.1405 149995 126607 -0.491527
0.1415 149995 126607 -0.490808
0.1425 149995 126607 -0.490061
0.1435 149995 126607 -0.489286
0.1445 149995 126607 -0.488485
0.1455 149995 126607 -0.487661
0.1465 149995 126607 -0.486815
0.1475 149995 126607 -0.485949
0.1485 149995 126607 -0.485065
0.1495 149995 126607 -0.484165
0.1505 149995 126607 -0.48325
0.1515 149995 126607 -0.482322
0.1525 149995 126607 -0.481383
0.1535 149995 126607 -0.480434
0.1545 149995 126607 -0.479476
0.1555 149995 126607 -0.478511
0.1565 149995 126607 -0.477539
0.1575 149996 126607 -0.476561
0.1585 149996 126607 -0.475577
0.1595 149996 126607 -0.47459
0.1605 149996 126607 -0.473598
0.1615 149996 126607 -0.472602
0.1625 149996 126607 -0.471603
0.1635 149996 126607 -0.4706
0.1645 149996 126607 -0.469593
0.1655 149996 126607 -0.468583
0.1665 149996 126607 -0.467568
0.1675 149996 126607 -0.46655
0.1685 149996 126607 -0.465526
0.1695 149996 126607 -0.464498
0.1705 149996 126607 -0.463464
0.1715 149996 126607 -0.462423
0.1725 149996 126607 -0.461376
0.1735 149996 126607 -0.460322
0.1745 149996 126607 -0.459259
0.1755 149996 126607 -0.458188
0.1765 149996 126607 -0.457107
0.1775 149996 126607 -0.456017
0.1785 149996 126607 -0.454916
0.1795 149996 126607 -0.453805
0.1805 149996 126607 -0.452682
0.1815 149996 126607 -0.451548
0.1825 149996 126607 -0.450403
0.1835 149996 126607 -0.449245
0.1845 149996 126607 -0.448076
0.1855 149996 126607 -0.446895
0.1865 149996 126607 -0.445702
0.1875 149996 126607 -0.444497
0.1885 149996 126607 -0.443282
0.1895 149996 126607 -0.442056
0.1905 149996 126607 -0.440819
0.1915 149996 126607 -0.439573
0.1925 149996 126607 -0.438318
0.1935 149996 126607 -0.437054
0.1945 149996 126607 -0.435782
0.1955 149996 126607 -0.434503
0.1965 149996 126607 -0.433217
0.1975 149996 126607 -0.431925
0.1985 149996 126607 -0.430627
0.1995 149996 126607 -0.429324
0.2005 149996 126607 -0.428017
0.2015 149996 126607 -0.426706
0.2025 149995 126607 -0.425392
0.2035 149995 126607 -0.424075
0.2045 149995 126607 -0.422755
0.2055 149995 126607 -0.421433
0.2065 149995 126607 -0.420109
0.2075 149995 126607 -0.418783
0.2085 149995 126607 -0.417456
0.2095 149995 126607 -0.416128
0.2105 149995 126607 -0.414799
0.2115 149995 126607 -0.41347
0.2125 149995 126607 -0.412139
0.2135 149995 126607 -0.410808
0.2145 149995 126607 -0.409477
0.2155 149995 126607 -0.408145
0.2165 149995 126607 -0.406813
0.2175 149995 126607 -0.405481
0.2185 149995 126607 -0.404148
0.2195 149995 126607 -0.402816
0.2205 149995 126607 -0.401483
0.2215 149995 126607 -0.40015
0.2225 149995 126607 -0.398818
0.2235 149995 126607 -0.397485
0.2245 149995 126607 -0.396152
0.2255 149995 126607 -0.394819
0.2265 149995 126607 -0.393486
0.2275 149995 126607 -0.392153
0.2285 149995 126607 -0.390819
0.2295 149995 126607 -0.389486
0.2305 149996 126607 -0.388153
0.2315 149996 126607 -0.38682
0.2325 149996 126607 -0.385487
0.2335 149996 126607 -0.384154
0.2345 149996 126607 -0.38282
0.2355 149996 126607 -0.381487
0.2365 149996 126607 -0.380154
0.2375 149996 126607 -0.378821
0.2385 149996 126607 -0.377488
0.2395 149996 126607 -0.376154
0.2405 149996 126607 -0.374821
0.2415 149996 126607 -0.373488
0.2425 149996 126607 -0.372155
0.2435 149996 126607 -0.370821
0.2445 149996 126607 -0.369488
0.2455 149996 126607 -0.368155
0.2465 149996 126607 -0.366822
0.2475 149996 126607 -0.365488
0.2485 149996 126607 -0.364155
0.2495 149996 126607 -0.362822
0.2505 149996 126607 -0.361489
0.2515 149996 126607 -0.360155
0.2525 149996 126607 -0.358822
0.2535 149996 126607 -0.357489
0.2545 149996 126607 -0.356156
0.2555 149996 126607 -0.354822
0.2565 149996 126607 -0.353489
0.2575 149996 126607 -0.352156
0.2585 149996 126607 -0.350823
0.2595 149996 126607 -0.349489
0.2605 149996 126607 -0.348156
0.2615 149996 126607 -0.346823
0.2625 149996 126607 -0.34549
0.2635 149996 126607 -0.344156
0.2645 149996 126607 -0.342823
0.2655 149996 126607 -0.34149
0.2665 149996 126607 -0.340156
0.2675 149996 126607 -0.338823
0.2685 149996 126607 -0.33749
0.2695 149996 126607 -0.336157
0.2705 149996 126607 -0.334823
0.2715 149996 126607 -0.33349
0.2725 149996 126607 -0.332157
0.2735 149996 126607 -0.330823
0.2745 149996 126607 -0.32949
0.2755 149996 126607 -0.328157
0.2765 149995 126607 -0.326823
0.2775 149995 126607 -0.32549
0.2785 149995 126607 -0.324157
0.2795 149995 126607 -0.322824
0.2805 149995 126607 -0.32149
0.2815 149995 126607 -0.320157
0.2825 149995 126607 -0.318824
0.2835 149995 126607 -0.31749
0.2845 149995 126607 -0.316157
0.2855 149995 126607 -0.314824
0.2865 149995 126607 -0.313491
0.2875 149995 126607 -0.312157
0.2885 149995 126607 -0.310824
0.2895 149995 126607 -0.309491
0.2905 149995 126607 -0.308157
0.2915 149995 126607 -0.306824
0.2925 149995 126607 -0.305491
0.2935 149995 126607 -0.304158
0.2945 149995 126607 -0.302824
0.2955 149995 126607 -0.301491
0.2965 149995 126607 -0.300158
0.2975 149995 126607 -0.298824
0.2985 149995 126607 -0.297491
0.2995 149995 126607 -0.296158
0.3005 149995 126607 -0.294824
0.3015 149995 126607 -0.293491
0.3025 149995 126607 -0.292158
0.3035 149996 126607 -0.290824
0.3045 149996 126607 -0.289491
0.3055 149996 126607 -0.288158
0.3065 149996 126607 -0.286825
0.3075 149996 126607 -0.285491
0.3085 149996 126607 -0.284158
0.3095 149996 126607 -0.282825
0.3105 149996 126607 -0.281491
0.3115 149996 126607 -0.280158
0.3125 149996 126607 -0.278825
0.3135 149996 126607 -0.277491
0.3145 149996 126607 -0.276158
0.3155 149996 126607 -0.274825
0.3165 149996 126607 -0.273491
0.3175 149996 126607 -0.272158
0.3185 149996 126607 -0.270825
0.3195 149996 126607 -0.269492
0.3205 149996 126607 -0.268158
0.3215 149996 126607 -0.266825
0.3225 149996 126607 -0.265492
0.3235 149996 126607 -0.264158
0.3245 149996 126607 -0.262825
0.3255 149996 126607 -0.261492
0.3265 149996 126607 -0.260159
0.3275 149996 126607 -0.258825
0.3285 149996 126607 -0.257492
0.3295 149996 126607 -0.256159
0.3305 149996 126607 -0.254825
0.3315 149996 126607 -0.253492
0.3325 149996 126607 -0.252159
0.3335 149996 126607 -0.250825
0.3345 149996 126607 -0.249492
0.3355 149996 126607 -0.248159
0.3365 149996 126607 -0.246825
0.3375 149995 126607 -0.245492
0.3385 149995 126607 -0.244159
0.3395 149995 126607 -0.242825
0.3405 149995 126607 -0.241492
0.3415 149995 126607 -0.240159
0.3425 149995 126607 -0.238826
0.3435 149995 126607 -0.237492
0.3445 149995 126607 -0.236159
0.3455 149995 126607 -0.234826
0.3465 149995 126607 -0.233492
0.3475 149995 126607 -0.232159
0.3485 149995 126607 -0.230826
0.3495 149995 126607 -0.229492
0.3505 149994 126607 -0.228159
0.3515 149994 126607 -0.226826
0.3525 149994 126607 -0.225493
0.3535 149994 126607 -0.224159
0.3545 149993 126607 -0.222826
0.3555 149993 126607 -0.221493
0.3565 149993 126607 -0.220159
0.3575 149992 126607 -0.218826
0.3585 149992 126607 -0.217493
0.3595 149991 126607 -0.21616
0.3605 149991 126607 -0.214826
0.3615 149990 126607 -0.213493
0.3625 149989 126607 -0.21216
0.3635 149988 126607 -0.210827
0.3645 149987 126607 -0.209493
0.3655 149986 126607 -0.20816
0.3665 149985 126607 -0.206827
0.3675 149984 126607 -0.205494
0.3685 149982 126607 -0.20416
0.3695 149980 126607 -0.202827
0.3705 149978 126607 -0.201494
0.3715 149976 126607 -0.200161
0.3725 149974 126607 -0.198827
0.3735 149971 126607 -0.197494
0.3745 149968 126607 -0.196161
0.3755 149964 126607 -0.194828
0.3765 149961 126607 -0.193495
0.3775 149956 126607 -0.192162
0.3785 149951 126607 -0.190829
0.3795 149946 126607 -0.189496
0.3805 149940 126607 -0.188163
0.3815 149933 126607 -0.18683
0.3825 149926 126607 -0.185497
0.3835 149918 126607 -0.184164
0.3845 149908 126607 -0.182831
0.3855 149898 126607 -0.181499
0.3865 149886 126607 -0.180166
0.3875 149873 126607 -0.178833
0.3885 149859 126607 -0.177501
0.3895 149843 126607 -0.176169
0.3905 149826 126607 -0.174836
0.3915 149806 126607 -0.173504
0.3925 149785 126607 -0.172172
0.3935 149761 126607 -0.17084
0.3945 149735 126607 -0.169508
0.3955 149706 126607 -0.168177
0.3965 149674 126607 -0.166846
0.3975 149639 126607 -0.165514
0.3985 149601 126607 -0.164183
0.3995 149559 126607 -0.162853
0.4005 149513 126607 -0.161522
0.4015 149463 126607 -0.160192
0.4025 149408 126607 -0.158862
0.4035 149348 126607 -0.157533
0.4045 149282 126607 -0.156204
0.4055 149211 126607 -0.154875
0.4065 149133 126607 -0.153547
0.4075 149047 126607 -0.15222
0.4085 148955 126607 -0.150893
0.4095 148854 126607 -0.149566
0.4105 148744 126607 -0.14824
0.4115 148625 126607 -0.146915
0.4125 148496 126607 -0.145591
0.4135 148356 126607 -0.144268
0.4145 148204 126607 -0.142945
0.4155 148040 126607 -0.141624
0.4165 147863 126607 -0.140304
0.4175 147672 126607 -0.138984
0.4185 147466 126607 -0.137667
0.4195 147245 126607 -0.13635
0.4205 147007 126607 -0.135035
0.4215 146751 126607 -0.133722
0.4225 146478 126607 -0.13241
0.4235 146186 126607 -0.1311
0.4245 145874 126607 -0.129792
0.4255 145542 126607 -0.128486
0.4265 145189 126607 -0.127182
0.4275 144814 126607 -0.125881
0.4285 144418 126607 -0.124582
0.4295 143999 126607 -0.123285
0.4305 143558 126607 -0.121992
0.4315 143094 126607 -0.120701
0.4325 142608 126607 -0.119414
0.4335 142099 126607 -0.118129
0.4345 141569 126607 -0.116848
0.4355 141017 126607 -0.115571
0.4365 140445 126607 -0.114297
0.4375 139852 126607 -0.113027
0.4385 139240 126607 -0.111761
0.4395 138609 126607 -0.110499
0.4405 137962 126607 -0.109241
0.4415 137298 126607 -0.107988
0.4425 136620 126607 -0.106739
0.4435 135927 126607 -0.105494
0.4445 135223 126607 -0.104254
0.4455 134507 126607 -0.103019
0.4465 133781 126607 -0.101788
0.4475 133049 126607 -0.100562
0.4485 132306 126607 -0.0993415
0.4495 131568 126607 -0.0981256
0.4505 130860 126607 -0.0969144
0.4515 130203 126607 -0.0957078
0.4525 129608 126607 -0.0945053
0.4535 129083 126607 -0.0933064
0.4545 128625 126607 -0.0921107
0.4555 128230 126607 -0.0909179
0.4565 127892 126607 -0.0897273
0.4575 127604 126607 -0.0885388
0.4585 127361 126607 -0.0873521
0.4595 127156 126607 -0.0861667
0.4605 126984 126607 -0.0849826
0.4615 126842 126607 -0.0837995
0.4625 126725 126607 -0.0826172
0.4635 126631 126607 -0.0814355
0.4645 126556 126607 -0.0802544
0.4655 126499 126607 -0.0790738
0.4665 126456 126607 -0.0778934
0.4675 126426 126588 -0.0767132
0.4685 126407 126546 -0.0755332
0.4695 126396 126528 -0.0743533
0.4705 126390 126531 -0.0731734
0.4715 126387 126536 -0.0719935
0.4725 126385 126541 -0.0708137
0.4735 126383 126546 -0.0696338
0.4745 126382 126550 -0.0684539
0.4755 126382 126553 -0.067274
0.4765 126384 126556 -0.0660941
0.4775 126388 126559 -0.0649141
0.4785 126395 126561 -0.0637341
0.4795 126406 126563 -0.062554
0.4805 126418 126565 -0.0613737
0.4815 126432 126567 -0.0601934
0.4825 126445 126569 -0.0590128
0.4835 126458 126570 -0.0578322
0.4845 126470 126572 -0.0566513
0.4855 126481 126574 -0.0554703
0.4865 126491 126575 -0.0542892
0.4875 126500 126576 -0.0531078
0.4885 126507 126578 -0.0519264
0.4895 126514 126579 -0.0507447
0.4905 126520 126581 -0.0495629
0.4915 126525 126582 -0.0483809
0.4925 126531 126583 -0.0471988
0.4935 126537 126584 -0.0460164
0.4945 126542 126586 -0.0448338
0.4955 126549 126587 -0.043651
0.4965 126555 126588 -0.042468
0.4975 126561 126589 -0.0412847
0.4985 126565 126591 -0.0401012
0.4995 126569 126592 -0.0389176
0.5005 126573 126593 -0.0377337
0.5015 126575 126594 -0.0365497
0.5025 126577 126595 -0.0353657
0.5035 126579 126597 -0.0341817
0.5045 126581 126598 -0.0329977
0.5055 126583 126599 -0.031814
0.5065 126585 126600 -0.0306306
0.5075 126586 126601 -0.0294478
0.5085 126588 126602 -0.0282656
0.5095 126589 126603 -0.0270842
0.5105 126591 126605 -0.0259038
0.5115 126592 126606 -0.0247244
0.5125 126593 126607 -0.0235459
0.5135 126595 126608 -0.0223684
0.5145 126596 126609 -0.0211917
0.5155 126597 126611 -0.0200156
0.5165 126598 126612 -0.0188398
0.5175 126599 126613 -0.0176642
0.5185 126600 126614 -0.0164884
0.5195 126600 126615 -0.0153123
0.5205 126601 126616 -0.0141357
0.5215 126602 126617 -0.0129586
0.5225 126603 126618 -0.011781
0.5235 126603 126620 -0.0106031
0.5245 126604 126621 -0.00942513
0.5255 126604 126622 -0.00824756
0.5265 126605 126623 -0.00707094
0.5275 126605 126624 -0.00589587
0.5285 126606 126625 -0.00472301
0.5295 126606 126626 -0.00355293
0.5305 126606 126627 -0.00238602
0.5315 126607 126628 -0.00122247
0.5325 126607 126629 -6.20933e-05
0.5335 126607 126630 0.00109665
0.5345 126607 126631 0.00225429
0.5355 126607 126632 0.00341108
0.5365 126607 126633 0.00456715
0.5375 126607 126634 0.00572256
0.5385 126607 126635 0.00687737
0.5395 126607 126636 0.00803161
0.5405 126607 126636 0.00918532
0.5415 126607 126637 0.0103386
0.5425 126607 126637 0.0114914
0.5435 126607 126638 0.0126439
0.5445 126607 126639 0.0137962
0.5455 126607 126639 0.0149482
0.5465 126607 126640 0.0161001
0.5475 126607 126640 0.017252
0.5485 126607 126641 0.0184037
0.5495 126607 126641 0.0195555
0.5505 126607 126642 0.0207073
0.5515 126607 126643 0.021859
0.5525 126607 126643 0.0230108
0.5535 126607 126644 0.0241626
0.5545 126607 126644 0.0253144
0.5555 126607 126645 0.0264663
0.5565 126607 126646 0.0276181
0.5575 126607 126646 0.02877
0.5585 126607 126647 0.0299219
0.5595 126607 126648 0.0310738
0.5605 126607 126648 0.0322257
0.5615 126607 126649 0.0333776
0.5625 126607 126650 0.0345295
0.5635 126607 126651 0.0356813
0.5645 126607 126652 0.0368332
0.5655 126607 126652 0.0379851
0.5665 126607 126653 0.039137
0.5675 126607 126654 0.0402888
0.5685 126607 126655 0.0414407
0.5695 126607 126656 0.0425925
0.5705 126607 126657 0.0437444
0.5715 126607 126657 0.0448962
0.5725 126607 126658 0.046048
0.5735 126607 126659 0.0471999
0.5745 126607 126660 0.0483517
0.5755 126607 126661 0.0495035
0.5765 126607 126662 0.0506553
0.5775 126607 126663 0.0518071
0.5785 126607 126664 0.0529589
0.5795 126607 126665 0.0541107
0.5805 126607 126666 0.0552625
0.5815 126607 126667 0.0564144
0.5825 126607 126668 0.0575662
0.5835 126607 126669 0.058718
0.5845 126607 126670 0.0598699
0.5855 126607 126671 0.0610217
0.5865 126607 126673 0.0621736
0.5875 126607 126674 0.0633254
0.5885 126607 126675 0.0644773
0.5895 126607 126676 0.0656292
0.5905 126607 126677 0.0667811
0.5915 126607 126678 0.067933
0.5925 126607 126679 0.0690849
0.5935 126607 126681 0.0702368
0.5945 126607 126682 0.0713887
0.5955 126607 126683 0.0725406
0.5965 126607 126684 0.0736925
0.5975 126607 126686 0.0748444
0.5985 126607 126687 0.0759964
0.5995 126607 126688 0.0771483
0.6005 126607 126690 0.0783002
0.6015 126607 126691 0.0794522
0.6025 126607 126692 0.0806041
0.6035 126607 126694 0.081756
0.6045 126607 126695 0.082908
0.6055 126607 126696 0.0840599
0.6065 126607 126698 0.0852119
0.6075 126607 126699 0.0863639
0.6085 126607 126701 0.0875159
0.6095 126607 126702 0.0886679
0.6105 126607 126704 0.0898199
0.6115 126607 126705 0.0909719
0.6125 126607 126707 0.0921239
0.6135 126607 126708 0.093276
0.6145 126607 126710 0.094428
0.6155 126607 126712 0.0955801
0.6165 126607 126713 0.0967322
0.6175 126607 126715 0.0978842
0.6185 126607 126717 0.0990363
0.6195 126607 126718 0.100188
0.6205 126607 126720 0.10134
0.6215 126607 126722 0.102493
0.6225 126607 126723 0.103645
0.6235 126607 126725 0.104797
0.6245 126607 126727 0.105949
0.6255 126607 126729 0.107101
0.6265 126607 126730 0.108253
0.6275 126607 126732 0.109405
0.6285 126607 126734 0.110557
0.6295 126607 126736 0.111709
0.6305 126607 126738 0.112862
0.6315 126607 126740 0.114014
0.6325 126607 126742 0.115166
0.6335 126607 126745 0.116318
0.6345 126607 126746 0.11747
0.6355 126607 126749 0.118622
0.6365 126607 126751 0.119774
0.6375 126607 126754 0.120926
0.6385 126607 126756 0.122079
0.6395 126607 126759 0.123231
0.6405 126607 126761 0.124383
0.6415 126607 126765 0.125535
0.6425 126607 126768 0.126687
0.6435 126607 126772 0.12784
0.6445 126607 126774 0.128992
0.6455 126607 126779 0.130144
0.6465 126607 126782 0.131297
0.6475 126607 126786 0.132449
0.6485 126607 126790 0.133601
0.6495 126607 126795 0.134754
0.6505 126607 126799 0.135906
0.6515 126607 126804 0.137058
0.6525 126607 126809 0.138211
0.6535 126607 126814 0.139363
0.6545 126607 126820 0.140516
0.6555 126607 126825 0.141668
0.6565 126607 126831 0.142821
0.6575 126607 126837 0.143974
0.6585 126607 126844 0.145126
0.6595 126607 126850 0.146279
0.6605 126607 126857 0.147432
0.6615 126607 126863 0.148584
0.6625 126607 126871 0.149737
0.6635 126607 126878 0.15089
0.6645 126607 126886 0.152043
0.6655 126607 126893 0.153195
0.6665 126607 126902 0.154348
0.6675 126607 126909 0.155501
0.6685 126607 126918 0.156654
0.6695 126607 126925 0.157807
0.6705 126607 126935 0.15896
0.6715 126607 126943 0.160114
0.6725 126607 126953 0.161267
0.6735 126607 126960 0.16242
0.6745 126607 126971 0.163573
0.6755 126607 126979 0.164727
0.6765 126607 126990 0.16588
0.6775 126607 126998 0.167033
0.6785 126607 127010 0.168187
0.6795 126607 127018 0.16934
0.6805 126607 127030 0.170494
0.6815 126607 127038 0.171648
0.6825 126607 127050 0.172801
0.6835 126607 127059 0.173955
0.6845 126607 127070 0.175109
0.6855 126607 127079 0.176263
0.6865 126607 127091 0.177417
0.6875 126607 127101 0.178571
0.6885 126607 127113 0.179725
0.6895 126607 127124 0.180879
0.6905 126607 127134 0.182033
0.6915 126607 127146 0.183187
0.6925 126607 127156 0.184341
0.6935 126607 127168 0.185496
0.6945 126607 127178 0.18665
0.6955 126607 127191 0.187804
0.6965 126607 127201 0.188959
0.6975 126607 127214 0.190113
0.6985 126607 127225 0.191268
0.6995 126607 127239 0.192423
0.7005 126607 127249 0.193578
0.7015 126607 127264 0.194732
0.7025 126607 127275 0.195887
0.7035 126607 127290 0.197042
0.7045 126607 127301 0.198197
0.7055 126607 127316 0.199352
0.7065 126607 127328 0.200508
0.7075 126607 127343 0.201663
0.7085 126607 127355 0.202818
0.7095 126607 127370 0.203974
0.7105 126607 127382 0.205129
0.7115 126607 127398 0.206285
0.7125 126607 127410 0.20744
0.7135 126607 127426 0.208596
0.7145 126607 127438 0.209752
0.7155 126607 127453 0.210907
0.7165 126607 127466 0.212063
0.7175 126607 127480 0.213219
0.7185 126607 127492 0.214375
0.7195 126607 127506 0.215532
0.7205 126607 127518 0.216688
0.7215 126607 127532 0.217844
0.7225 126607 127543 0.219
0.7235 126607 127556 0.220157
0.7245 126607 127565 0.221313
0.7255 126607 127571 0.22247
0.7265 126607 127574 0.223626
0.7275 126607 127574 0.224783
0.7285 126607 127574 0.225939
0.7295 126607 127573 0.227096
0.7305 126607 127571 0.228252
0.7315 126607 127568 0.229409
0.7325 126607 127562 0.230565
0.7335 126607 127553 0.231721
0.7345 126607 127540 0.232878
0.7355 126607 127522 0.234034
0.7365 126607 127496 0.23519
0.7375 126607 127457 0.236346
0.7385 126607 127398 0.237501
0.7395 126607 127294 0.238656
0.7405 126607 127109 0.239811
0.7415 126607 126732 0.240962
0.7425 126607 125968 0.24211
0.7435 126607 124334 0.24325
0.7445 126607 121041 0.244371
0.7455 126607 114721 0.245459
0.7465 126607 104965 0.246493
0.7475 126607 100752 0.247499
0.7485 126607 100089 0.2485
0.7495 126607 100010 0.2495
0.7505 126607 100001 0.2505
0.7515 126607 100000 0.2515
0.7525 126607 100000 0.2525
0.7535 126607 100000 0.2535
0.7545 126607 100000 0.2545
0.7555 126607 100000 0.2555
0.7565 126607 100000 0.2565
0.7575 126607 100000 0.2575
0.7585 126607 100000 0.2585
0.7595 126607 100000 0.2595
0.7605 126607 100000 0.2605
0.7615 126607 100000 0.2615
0.7625 126607 100000 0.2625
0.7635 126607 100000 0.2635
0.7645 126607 100000 0.2645
0.7655 126607 100000 0.2655
0.7665 126607 100000 0.2665
0.7675 126607 100000 0.2675
0.7685 126607 100000 0.2685
0.7695 126607 100000 0.2695
0.7705 126607 100000 0.2705
0.7715 126607 100000 0.2715
0.7725 126607 100000 0.2725
0.7735 126607 100000 0.2735
0.7745 126607 100000 0.2745
0.7755 126607 100000 0.2755
0.7765 126607 100000 0.2765
0.7775 126607 100000 0.2775
0.7785 126607 100000 0.2785
0.7795 126607 100000 0.2795
0.7805 126607 100000 0.2805
0.7815 126607 100000 0.2815
0.7825 126607 100000 0.2825
0.7835 126607 100000 0.2835
0.7845 126607 100000 0.2845
0.7855 126607 100000 0.2855
0.7865 126607 100000 0.2865
0.7875 126607 100000 0.2875
0.7885 126607 100000 0.2885
0.7895 126607 100000 0.2895
0.7905 126607 100000 0.2905
0.7915 126607 100000 0.2915
0.7925 126607 100000 0.2925
0.7935 126607 100000 0.2935
0.7945 126607 100000 0.2945
0.7955 126607 100000 0.2955
0.7965 126607 100000 0.2965
0.7975 126607 100000 0.2975
0.7985 126607 100000 0.2985
0.7995 126607 100000 0.2995
0.8005 126607 100000 0.3005
0.8015 126607 100000 0.3015
0.8025 126607 100000 0.3025
0.8035 126607 100000 0.3035
0.8045 126607 100000 0.3045
0.8055 126607 100000 0.3055
0.8065 126607 100000 0.3065
0.8075 126607 100000 0.3075
0.8085 126607 100000 0.3085
0.8095 126607 100000 0.3095
0.8105 126607 100000 0.3105
0.8115 126607 100000 0.3115
0.8125 126607 100000 0.3125
0.8135 126607 100000 0.3135
0.8145 126607 100000 0.3145
0.8155 126607 100000 0.3155
0.8165 126607 100000 0.3165
0.8175 126607 100000 0.3175
0.8185 126607 100000 0.3185
0.8195 126607 100000 0.3195
0.8205 126607 100000 0.3205
0.8215 126607 100000 0.3215
0.8225 126607 100000 0.3225
0.8235 126607 100000 0.3235
0.8245 126607 100000 0.3245
0.8255 126607 100000 0.3255
0.8265 126607 100000 0.3265
0.8275 126607 100000 0.3275
0.8285 126607 100000 0.3285
0.8295 126607 100000 0.3295
0.8305 126607 100000 0.3305
0.8315 126607 100000 0.3315
0.8325 126607 100000 0.3325
0.8335 126607 100000 0.3335
0.8345 126607 100000 0.3345
0.8355 126607 100000 0.3355
0.8365 126607 100000 0.3365
0.8375 126607 100000 0.3375
0.8385 126607 100000 0.3385
0.8395 126607 100000 0.3395
0.8405 126607 100000 0.3405
0.8415 126607 100000 0.3415
0.8425 126607 100000 0.3425
0.8435 126607 100000 0.3435
0.8445 126607 100000 0.3445
0.8455 126607 100000 0.3455
0.8465 126607 100000 0.3465
0.8475 126607 100000 0.3475
0.8485 126607 100000 0.3485
0.8495 126607 100000 0.3495
0.8505 126607 100000 0.3505
0.8515 126607 100000 0.3515
0.8525 126607 100000 0.3525
0.8535 126607 100000 0.3535
0.8545 126607 100000 0.3545
0.8555 126607 100000 0.3555
0.8565 126607 100000 0.3565
0.8575 126607 100000 0.3575
0.8585 126607 100000 0.3585
0.8595 126607 100000 0.3595
0.8605 126607 100000 0.3605
0.8615 126607 100000 0.3615
0.8625 126607 100000 0.3625
0.8635 126607 100000 0.3635
0.8645 126607 100000 0.3645
0.8655 126607 100000 0.3655
0.8665 126607 100000 0.3665
0.8675 126607 100000 0.3675
0.8685 126607 100000 0.3685
0.8695 126607 100000 0.3695
0.8705 126607 100000 0.3705
0.8715 126607 100000 0.3715
0.8725 126607 100000 0.3725
0.8735 126607 100000 0.3735
0.8745 126607 100000 0.3745
0.8755 126607 100000 0.3755
0.8765 126607 100000 0.3765
0.8775 126607 100000 0.3775
0.8785 126607 100000 0.3785
0.8795 126607 100000 0.3795
0.8805 126607 100000 0.3805
0.8815 126607 100000 0.3815
0.8825 126607 100000 0.3825
0.8835 126607 100000 0.3835
0.8845 126607 100000 0.3845
0.8855 126607 100000 0.3855
0.8865 126607 100000 0.3865
0.8875 126607 100000 0.3875
0.8885 126607 100000 0.3885
0.8895 126607 100000 0.3895
0.8905 126607 100000 0.3905
0.8915 126607 100000 0.3915
0.8925 126607 100000 0.3925
0.8935 126607 100000 0.3935
0.8945 126607 100000 0.3945
0.8955 126607 100000 0.3955
0.8965 126607 100000 0.3965
0.8975 126607 100000 0.3975
0.8985 126607 100000 0.3985
0.8995 126607 100000 0.3995
0.9005 126607 100000 0.4005
0.9015 126607 100000 0.4015
0.9025 126607 100000 0.4025
0.9035 126607 100000 0.4035
0.9045 126607 100000 0.4045
0.9055 126607 100000 0.4055
0.9065 126607 100000 0.4065
0.9075 126607 100000 0.4075
0.9085 126607 100000 0.4085
0.9095 126607 100000 0.4095
0.9105 126607 100000 0.4105
0.9115 126607 100000 0.4115
0.9125 126607 100000 0.4125
0.9135 126607 100000 0.4135
0.9145 126607 100000 0.4145
0.9155 126607 100000 0.4155
0.9165 126607 100000 0.4165
0.9175 126607 100000 0.4175
0.9185 126607 100000 0.4185
0.9195 126607 100000 0.4195
0.9205 126607 100000 0.4205
0.9215 126607 100000 0.4215
0.9225 126607 100000 0.4225
0.9235 126607 100000 0.4235
0.9245 126607 100000 0.4245
0.9255 126607 100000 0.4255
0.9265 126607 100000 0.4265
0.9275 126607 100000 0.4275
0.9285 126607 100000 0.4285
0.9295 126607 100000 0.4295
0.9305 126607 100000 0.4305
0.9315 126607 100000 0.4315
0.9325 126607 100000 0.4325
0.9335 126607 100000 0.4335
0.9345 126607 100000 0.4345
0.9355 126607 100000 0.4355
0.9365 126607 100000 0.4365
0.9375 126607 100000 0.4375
0.9385 126607 100000 0.4385
0.9395 126607 100000 0.4395
0.9405 126607 100000 0.4405
0.9415 126607 100000 0.4415
0.9425 126607 100000 0.4425
0.9435 126607 100000 0.4435
0.9445 126607 100000 0.4445
0.9455 126607 100000 0.4455
0.9465 126607 100000 0.4465
0.9475 126607 100000 0.4475
0.9485 126607 100000 0.4485
0.9495 126607 100000 0.4495
0.9505 126607 100000 0.4505
0.9515 126607 100000 0.4515
0.9525 126607 100000 0.4525
0.9535 126607 100000 0.4535
0.9545 126607 100000 0.4545
0.9555 126607 100000 0.4555
0.9565 126607 100000 0.4565
0.9575 126607 100000 0.4575
0.9585 126607 100000 0.4585
0.9595 126607 100000 0.4595
0.9605 126607 100000 0.4605
0.9615 126607 100000 0.4615
0.9625 126607 100000 0.4625
0.9635 126607 100000 0.4635
0.9645 126607 100000 0.4645
0.9655 126607 100000 0.4655
0.9665 126607 100000 0.4665
0.9675 126607 100000 0.4675
0.9685 126607 100000 0.4685
0.9695 126607 100000 0.4695
0.9705 126607 100000 0.4705
0.9715 126607 100000 0.4715
0.9725 126607 100000 0.4725
0.9735 126607 100000 0.4735
0.9745 126607 100000 0.4745
0.9755 126607 100000 0.4755
0.9765 126607 100000 0.4765
0.9775 126607 100000 0.4775
0.9785 126607 100000 0.4785
0.9795 126607 100000 0.4795
0.9805 126607 100000 0.4805
0.9815 126607 100000 0.4815
0.9825 126607 100000 0.4825
0.9835 126607 100000 0.4835
0.9845 126607 100000 0.4845
0.9855 126607 100000 0.4855
0.9865 126607 100000 0.4865
0.9875 126607 100000 0.4875
0.9885 126607 100000 0.4885
0.9895 126607 100000 0.4895
0.9905 126607 100000 0.4905
0.9915 126607 100000 0.4915
0.9925 126607 100000 0.4925
0.9935 126607 100000 0.4935
0.9945 126607 100000 0.4945
0.9955 126607 100000 0.4955
0.9965 126607 100000 0.4965
0.9975 126607 100000 0.4975
0.9985 126607 100000 0.4985
0.9995 126607 100000 0.4995
