0.005 112.057 0 -0.495
0.015 112.04 0 -0.485616
0.025 112.012 0 -0.475615
0.035 111.978 0 -0.465615
0.045 111.944 0 -0.455615
0.055 111.916 0 -0.445615
0.065 111.893 0 -0.435615
0.075 111.863 0 -0.425615
0.085 111.816 0 -0.415614
0.095 111.732 0 -0.405614
0.105 111.569 0 -0.395613
0.115 111.242 0 -0.385611
0.125 110.602 0 -0.375607
0.135 109.402 0 -0.365599
0.145 107.232 0 -0.355586
0.155 103.437 0 -0.345562
0.165 96.992 0 -0.335522
0.175 86.4809 0 -0.325457
0.185 70.3221 0 -0.315357
0.195 45.5453 0 -0.305208
0.205 17.6066 0 -0.295067
0.215 3.76207 0 -0.285013
0.225 0.533186 0 -0.275002
0.235 0.0648666 0 -0.265
0.245 0.0101651 0 -0.255
0.255 0.00163765 0 -0.245
0.265 0.00017752 0 -0.235
0.275 1.58324e-05 0 -0.225
0.285 1.25695e-06 0 -0.215
0.295 8.53705e-08 0 -0.205
0.305 5.19477e-09 0 -0.195
0.315 2.9145e-10 0 -0.185
0.325 1.57419e-11 0 -0.175
0.335 8.02517e-13 0 -0.165
0.345 3.19832e-14 0 -0.155
0.355 0 0 -0.145
0.365 0 0 -0.135
0.375 0 0 -0.125
0.385 0 0 -0.115
0.395 0 0 -0.105
0.405 0 0 -0.095
0.415 0 0 -0.085
0.425 0 0 -0.075
0.435 0 0 -0.065
0.445 0 0 -0.055
0.455 0 0 -0.045
0.465 0 0 -0.035
0.475 0 0 -0.025
0.485 0 0 -0.015
0.495 0 0 -0.005
0.505 0 0 0.005
0.515 0 0 0.015
0.525 0 0 0.025
0.535 0 0 0.035
0.545 0 0 0.045
0.555 0 0 0.055
0.565 0 0 0.065
0.575 0 0 0.075
0.585 0 0 0.085
0.595 0 0 0.095
0.605 0 0 0.105
0.615 0 0 0.115
0.625 0 0 0.125
0.635 0 0 0.135
0.645 0 0 0.145
0.655 0 0 0.155
0.665 0 0 0.165
0.675 0 0 0.175
0.685 0 0 0.185
0.695 0 0 0.195
0.705 0 0 0.205
0.715 0 0 0.215
0.725 0 0 0.225
0.735 0 0 0.235
0.745 0 0 0.245
0.755 0 0 0.255
0.765 0 0 0.265
0.775 0 0 0.275
0.785 0 0 0.285
0.795 0 0 0.295
0.805 0 0 0.305
0.815 0 0 0.315
0.825 0 0 0.325
0.835 0 0 0.335
0.845 0 0 0.345
0.855 0 0 0.355
0.865 0 0 0.365
0.875 0 0 0.375
0.885 0 0 0.385
0.895 0 0 0.395
0.905 0 0 0.405
0.915 0 0 0.415
0.925 0 0 0.425
0.935 0 0 0.435
0.945 0 0 0.445
0.955 0 0 0.455
0.965 0 0 0.465
0.975 0 0 0.475
0.985 0 0 0.485
0.995 0 0 0.495
