0.005 111.819 103.497 -0.495
0.015 111.817 103.497 -0.485616
0.025 111.816 103.497 -0.475616
0.035 111.814 103.497 -0.465616
0.045 111.811 103.497 -0.455616
0.055 111.809 103.497 -0.445616
0.065 111.808 103.497 -0.435616
0.075 111.806 103.497 -0.425616
0.085 111.805 103.497 -0.415616
0.095 111.805 103.497 -0.405616
0.105 111.804 103.497 -0.395616
0.115 111.804 103.497 -0.385616
0.125 111.803 103.497 -0.375616
0.135 111.803 103.497 -0.365616
0.145 111.804 103.497 -0.355616
0.155 111.806 103.497 -0.345616
0.165 111.808 103.497 -0.335616
0.175 111.811 103.497 -0.325616
0.185 111.816 103.497 -0.315616
0.195 111.824 103.497 -0.305616
0.205 111.836 103.497 -0.295616
0.215 111.856 103.497 -0.285616
0.225 111.883 103.497 -0.275616
0.235 111.918 103.497 -0.265616
0.245 111.975 103.497 -0.255616
0.255 112.031 103.497 -0.245617
0.265 112.086 103.497 -0.235617
0.275 112.179 103.497 -0.225617
0.285 112.321 103.497 -0.215618
0.295 112.508 103.497 -0.205619
0.305 112.736 103.497 -0.19562
0.315 113.011 103.497 -0.185622
0.325 113.349 103.497 -0.175624
0.335 113.75 103.497 -0.165626
0.345 114.238 103.497 -0.155628
0.355 114.774 103.497 -0.145631
0.365 115.31 103.497 -0.135634
0.375 115.843 103.497 -0.125637
0.385 116.495 103.497 -0.115641
0.395 117.295 103.497 -0.105645
0.405 118.128 103.497 -0.0956493
0.415 118.877 103.497 -0.0856532
0.425 119.457 103.497 -0.075656
0.435 119.775 103.497 -0.0656573
0.445 119.722 103.497 -0.0556564
0.455 119.139 103.497 -0.0456521
0.465 117.806 103.497 -0.0356431
0.475 115.5 103.497 -0.0256278
0.485 111.36 103.497 -0.0156015
0.495 105.412 103.055 -0.00928618
0.505 103.227 100.16 0.000488086
0.515 103.497 93.1644 0.0143262
0.525 103.497 83.3562 0.0245834
0.535 103.497 68.8048 0.0346716
0.545 103.497 52.1624 0.0447653
0.555 103.497 35.6356 0.0548506
0.565 103.497 21.7661 0.0649145
0.575 103.497 12.1295 0.0749544
0.585 103.497 6.28194 0.0849769
0.595 103.497 3.21262 0.0949885
0.605 103.497 1.65985 0.104994
0.615 103.497 0.848857 0.114997
0.625 103.497 0.413981 0.124999
0.635 103.497 0.194356 0.134999
0.645 103.497 0.0919844 0.145
0.655 103.497 0.0434362 0.155
0.665 103.497 0.0203554 0.165
0.675 103.497 0.00951327 0.175
0.685 103.497 0.0044376 0.185
0.695 103.497 0.00207105 0.195
0.705 103.497 0.000974236 0.205
0.715 103.497 0.000460433 0.215
0.725 103.497 0.000214793 0.225
0.735 103.497 9.7413e-05 0.235
0.745 103.497 4.33076e-05 0.245
0.755 103.497 1.93986e-05 0.255
0.765 103.497 8.93766e-06 0.265
0.775 103.497 4.2027e-06 0.275
0.785 103.497 1.98526e-06 0.285
0.795 103.497 9.35108e-07 0.295
0.805 103.497 4.36531e-07 0.305
0.815 103.497 2.04495e-07 0.315
0.825 103.497 9.69608e-08 0.325
0.835 103.497 4.59103e-08 0.335
0.845 103.497 2.13715e-08 0.345
0.855 103.497 9.74763e-09 0.355
0.865 103.497 4.37037e-09 0.365
0.875 103.497 1.93166e-09 0.375
0.885 103.497 8.41955e-10 0.385
0.895 103.497 3.58275e-10 0.395
0.905 103.497 1.47533e-10 0.405
0.915 103.497 5.911e-11 0.415
0.925 103.497 2.3166e-11 0.425
0.935 103.497 8.61111e-12 0.435
0.945 103.497 2.73488e-12 0.445
0.955 103.497 1.04102e-12 0.455
0.965 103.497 4.22864e-13 0.465
0.975 103.497 1.92872e-13 0.475
0.985 103.497 7.66595e-14 0.485
0.995 103.497 5.8094e-14 0.495
