0.005 111.809 158.249 -0.525
0.015 111.808 158.249 -0.515689
0.025 111.807 158.249 -0.505689
0.035 111.806 158.249 -0.495689
0.045 111.805 158.249 -0.485689
0.055 111.805 158.249 -0.475689
0.065 111.805 158.249 -0.465689
0.075 111.806 158.249 -0.455689
0.085 111.807 158.249 -0.445689
0.095 111.809 158.249 -0.435689
0.105 111.813 158.249 -0.425689
0.115 111.819 158.249 -0.415689
0.125 111.828 158.249 -0.405689
0.135 111.84 158.249 -0.395689
0.145 111.859 158.249 -0.385689
0.155 111.876 158.249 -0.375689
0.165 111.896 158.249 -0.365689
0.175 111.932 158.249 -0.355689
0.185 111.984 158.249 -0.34569
0.195 112.053 158.249 -0.33569
0.205 112.139 158.249 -0.325691
0.215 112.247 158.249 -0.315691
0.225 112.381 158.249 -0.305692
0.235 112.548 158.249 -0.295693
0.245 112.758 158.249 -0.285694
0.255 113.017 158.249 -0.275696
0.265 113.333 158.249 -0.265698
0.275 113.726 158.249 -0.2557
0.285 114.215 158.249 -0.245703
0.295 114.796 158.249 -0.235706
0.305 115.451 158.249 -0.22571
0.315 116.164 158.249 -0.215715
0.325 116.937 158.249 -0.205719
0.335 117.768 158.249 -0.195725
0.345 118.629 158.249 -0.18573
0.355 119.489 158.249 -0.175735
0.365 120.333 158.249 -0.16574
0.375 121.198 158.249 -0.155745
0.385 122.108 158.249 -0.145751
0.395 123.191 158.249 -0.135757
0.405 124.321 158.249 -0.125764
0.415 125.688 158.249 -0.115772
0.425 127.257 158.249 -0.105781
0.435 129.332 158.249 -0.0957942
0.445 132.181 158.249 -0.0858113
0.455 135.648 158.249 -0.0758319
0.465 139.612 156.308 -0.0658561
0.475 143.915 153.169 -0.0558826
0.485 148.157 151.515 -0.045909
0.495 152.026 151.644 -0.0359335
0.505 154.785 153.024 -0.025951
0.515 156.179 154.821 -0.0159595
0.525 157.237 156.13 -0.0052711
0.535 158.027 156.703 0.00825226
0.545 158.249 156.783 0.0144782
0.555 158.249 156.659 0.0240378
0.565 158.249 156.477 0.0340392
0.575 158.249 156.066 0.0440423
0.585 158.249 155.402 0.0540473
0.595 158.249 154.495 0.0640542
0.605 158.249 153.272 0.0740635
0.615 158.249 151.676 0.0840752
0.625 158.249 149.723 0.0940886
0.635 158.249 147.511 0.104103
0.645 158.249 145.162 0.114118
0.655 158.249 142.82 0.124132
0.665 158.249 140.305 0.134148
0.675 158.249 137.942 0.144161
0.685 158.249 135.697 0.154173
0.695 158.249 133.804 0.164185
0.705 158.249 131.891 0.174195
0.715 158.249 130.087 0.184212
0.725 158.249 127.098 0.194239
0.735 158.249 122.178 0.204282
0.745 158.249 114.216 0.214351
0.755 158.249 101.903 0.22445
0.765 158.249 84.3111 0.234585
0.775 158.249 60.5828 0.244747
0.785 158.249 34.5925 0.254867
0.795 158.249 17.5887 0.264934
0.805 158.249 8.5965 0.274968
0.815 158.249 4.17909 0.284984
0.825 158.249 2.05214 0.294992
0.835 158.249 1.00504 0.304996
0.845 158.249 0.488159 0.314998
0.855 158.249 0.234092 0.324999
0.865 158.249 0.110773 0.335
0.875 158.249 0.052009 0.345
0.885 158.249 0.0243781 0.355
0.895 158.249 0.0114276 0.365
0.905 158.249 0.00535113 0.375
0.915 158.249 0.00250225 0.385
0.925 158.249 0.00117005 0.395
0.935 158.249 0.000547238 0.405
0.945 158.249 0.000255173 0.415
0.955 158.249 0.000117994 0.425
0.965 158.249 5.39349e-05 0.435
0.975 158.249 2.44481e-05 0.445
0.985 158.249 1.10343e-05 0.455
0.995 158.249 4.81958e-06 0.465
