0.005 150000 1 -0.495
0.015 150000 1 -0.485
0.025 150000 1 -0.475
0.035 150000 1 -0.465
0.045 150000 1 -0.455
0.055 100000 1 -0.445
0.065 100000 1 -0.435
0.075 100000 1 -0.425
0.085 100000 1 -0.415
0.095 100000 1 -0.405
0.105 100000 1 -0.395
0.115 100000 1 -0.385
0.125 100000 1 -0.375
0.135 100000 1 -0.365
0.145 100000 1 -0.355
0.155 100000 1 -0.345
0.165 100000 1 -0.335
0.175 100000 1 -0.325
0.185 100000 1 -0.315
0.195 100000 1 -0.305
0.205 100000 1 -0.295
0.215 100000 1 -0.285
0.225 100000 1 -0.275
0.235 100000 1 -0.265
0.245 100000 1 -0.255
0.255 100000 1 -0.245
0.265 100000 1 -0.235
0.275 100000 1 -0.225
0.285 100000 1 -0.215
0.295 100000 1 -0.205
0.305 100000 1 -0.195
0.315 100000 1 -0.185
0.325 100000 1 -0.175
0.335 100000 1 -0.165
0.345 100000 1 -0.155
0.355 100000 1 -0.145
0.365 100000 1 -0.135
0.375 100000 1 -0.125
0.385 100000 1 -0.115
0.395 100000 1 -0.105
0.405 100000 1 -0.095
0.415 100000 1 -0.085
0.425 100000 1 -0.075
0.435 100000 1 -0.065
0.445 100000 1 -0.055
0.455 100000 1 -0.045
0.465 100000 1 -0.035
0.475 100000 1 -0.025
0.485 100000 1 -0.015
0.495 100000 1 -0.005
0.505 1 100000 0.005
0.515 1 100000 0.015
0.525 1 100000 0.025
0.535 1 100000 0.035
0.545 1 100000 0.045
0.555 1 100000 0.055
0.565 1 100000 0.065
0.575 1 100000 0.075
0.585 1 100000 0.085
0.595 1 100000 0.095
0.605 1 100000 0.105
0.615 1 100000 0.115
0.625 1 100000 0.125
0.635 1 100000 0.135
0.645 1 100000 0.145
0.655 1 100000 0.155
0.665 1 100000 0.165
0.675 1 100000 0.175
0.685 1 100000 0.185
0.695 1 100000 0.195
0.705 1 100000 0.205
0.715 1 100000 0.215
0.725 1 100000 0.225
0.735 1 100000 0.235
0.745 1 100000 0.245
0.755 1 100000 0.255
0.765 1 100000 0.265
0.775 1 100000 0.275
0.785 1 100000 0.285
0.795 1 100000 0.295
0.805 1 100000 0.305
0.815 1 100000 0.315
0.825 1 100000 0.325
0.835 1 100000 0.335
0.845 1 100000 0.345
0.855 1 100000 0.355
0.865 1 100000 0.365
0.875 1 100000 0.375
0.885 1 100000 0.385
0.895 1 100000 0.395
0.905 1 100000 0.405
0.915 1 100000 0.415
0.925 1 100000 0.425
0.935 1 100000 0.435
0.945 1 100000 0.445
0.955 1 100000 0.455
0.965 1 100000 0.465
0.975 1 100000 0.475
0.985 1 100000 0.485
0.995 1 100000 0.495
