0.005 149954 100000 -0.495
0.015 149956 100000 -0.485614
0.025 149958 100000 -0.475614
0.035 149960 100000 -0.465614
0.045 149963 100000 -0.455614
0.055 149965 100000 -0.445614
0.065 149966 100000 -0.435614
0.075 149968 100000 -0.425614
0.085 149968 100000 -0.415614
0.095 149969 100000 -0.405614
0.105 149970 100000 -0.395614
0.115 149970 100000 -0.385614
0.125 149971 100000 -0.375614
0.135 149972 100000 -0.365614
0.145 149973 100000 -0.355614
0.155 149973 100000 -0.345614
0.165 149973 100000 -0.335614
0.175 149974 100000 -0.325614
0.185 149974 100000 -0.315614
0.195 149974 100000 -0.305614
0.205 149973 100000 -0.295614
0.215 149972 100000 -0.285614
0.225 149970 100000 -0.275614
0.235 149965 100000 -0.265614
0.245 149958 100000 -0.255614
0.255 149948 100000 -0.245614
0.265 149933 100000 -0.235614
0.275 149912 100000 -0.225614
0.285 149882 100000 -0.215614
0.295 149832 100000 -0.205614
0.305 149754 100000 -0.195613
0.315 149629 100000 -0.185612
0.325 149428 100000 -0.175611
0.335 149107 100000 -0.165608
0.345 148600 100000 -0.155603
0.355 147804 100000 -0.145596
0.365 146573 100000 -0.135584
0.375 144701 100000 -0.125564
0.385 141923 100000 -0.115534
0.395 137882 100000 -0.105488
0.405 132269 100000 -0.0954212
0.415 124723 100000 -0.0853229
0.425 114922 100000 -0.0751853
0.435 105851 100000 -0.0650667
0.445 101529 100000 -0.0550165
0.455 100307 100000 -0.0450033
0.465 100055 100000 -0.0350006
0.475 100010 100000 -0.0250001
0.485 100002 100000 -0.015
0.495 100000 100000 -0.00500001
0.505 100000 100000 0.005
0.515 100000 100000 0.015
0.525 100000 100000 0.025
0.535 100000 100000 0.035
0.545 100000 100000 0.045
0.555 100000 100000 0.055
0.565 100000 100000 0.065
0.575 100000 100000 0.075
0.585 100000 100000 0.085
0.595 100000 100000 0.095
0.605 100000 100000 0.105
0.615 100000 100000 0.115
0.625 100000 100000 0.125
0.635 100000 100000 0.135
0.645 100000 100000 0.145
0.655 100000 100000 0.155
0.665 100000 100000 0.165
0.675 100000 100000 0.175
0.685 100000 100000 0.185
0.695 100000 100000 0.195
0.705 100000 100000 0.205
0.715 100000 100000 0.215
0.725 100000 100000 0.225
0.735 100000 100000 0.235
0.745 100000 100000 0.245
0.755 100000 100000 0.255
0.765 100000 100000 0.265
0.775 100000 100000 0.275
0.785 100000 100000 0.285
0.795 100000 100000 0.295
0.805 100000 100000 0.305
0.815 100000 100000 0.315
0.825 100000 100000 0.325
0.835 100000 100000 0.335
0.845 100000 100000 0.345
0.855 100000 100000 0.355
0.865 100000 100000 0.365
0.875 100000 100000 0.375
0.885 100000 100000 0.385
0.895 100000 100000 0.395
0.905 100000 100000 0.405
0.915 100000 100000 0.415
0.925 100000 100000 0.425
0.935 100000 100000 0.435
0.945 100000 100000 0.445
0.955 100000 100000 0.455
0.965 100000 100000 0.465
0.975 100000 100000 0.475
0.985 100000 100000 0.485
0.995 100000 100000 0.495
