0.005 149961 101159 -0.495
0.015 149962 101159 -0.485614
0.025 149963 101159 -0.475614
0.035 149965 101159 -0.465614
0.045 149966 101159 -0.455614
0.055 149968 101159 -0.445614
0.065 149969 101159 -0.435614
0.075 149970 101159 -0.425614
0.085 149970 101159 -0.415614
0.095 149971 101159 -0.405614
0.105 149972 101159 -0.395614
0.115 149972 101159 -0.385614
0.125 149973 101159 -0.375614
0.135 149973 101159 -0.365614
0.145 149974 101159 -0.355614
0.155 149974 101159 -0.345614
0.165 149974 101159 -0.335614
0.175 149974 101159 -0.325614
0.185 149973 101159 -0.315614
0.195 149972 101159 -0.305614
0.205 149971 101159 -0.295614
0.215 149968 101159 -0.285614
0.225 149964 101159 -0.275614
0.235 149957 101159 -0.265614
0.245 149948 101159 -0.255615
0.255 149933 101159 -0.245615
0.265 149917 101159 -0.235615
0.275 149897 101159 -0.225615
0.285 149863 101159 -0.215615
0.295 149814 101159 -0.205616
0.305 149749 101159 -0.195616
0.315 149664 101159 -0.185616
0.325 149550 101159 -0.175617
0.335 149418 101159 -0.165618
0.345 149247 101159 -0.155619
0.355 148990 101159 -0.145619
0.365 148638 101159 -0.13562
0.375 148165 101159 -0.12562
0.385 147525 101159 -0.115619
0.395 146651 101159 -0.105616
0.405 145456 101159 -0.0956107
0.415 143831 101159 -0.0856005
0.425 141628 101159 -0.0755831
0.435 138662 101159 -0.0655548
0.445 134710 101159 -0.0555105
0.455 129557 101159 -0.0454435
0.465 122792 101159 -0.0353428
0.475 114254 101159 -0.0252033
0.485 106149 101159 -0.0150802
0.495 101849 101110 -0.00505916
0.505 101162 100777 0.00497454
0.515 101159 100229 0.0149969
0.525 101159 100068 0.024999
0.535 101159 100021 0.0349996
0.545 101159 100008 0.0449999
0.555 101159 100003 0.0549999
0.565 101159 100001 0.065
0.575 101159 100001 0.075
0.585 101159 100000 0.085
0.595 101159 100000 0.095
0.605 101159 100000 0.105
0.615 101159 100000 0.115
0.625 101159 100000 0.125
0.635 101159 100000 0.135
0.645 101159 100000 0.145
0.655 101159 100000 0.155
0.665 101159 100000 0.165
0.675 101159 100000 0.175
0.685 101159 100000 0.185
0.695 101159 100000 0.195
0.705 101159 100000 0.205
0.715 101159 100000 0.215
0.725 101159 100000 0.225
0.735 101159 100000 0.235
0.745 101159 100000 0.245
0.755 101159 100000 0.255
0.765 101159 100000 0.265
0.775 101159 100000 0.275
0.785 101159 100000 0.285
0.795 101159 100000 0.295
0.805 101159 100000 0.305
0.815 101159 100000 0.315
0.825 101159 100000 0.325
0.835 101159 100000 0.335
0.845 101159 100000 0.345
0.855 101159 100000 0.355
0.865 101159 100000 0.365
0.875 101159 100000 0.375
0.885 101159 100000 0.385
0.895 101159 100000 0.395
0.905 101159 100000 0.405
0.915 101159 100000 0.415
0.925 101159 100000 0.425
0.935 101159 100000 0.435
0.945 101159 100000 0.445
0.955 101159 100000 0.455
0.965 101159 100000 0.465
0.975 101159 100000 0.475
0.985 101159 100000 0.485
0.995 101159 100000 0.495
