0.001 -0.499 0 0 
0.003 -0.497 0 0 
0.005 -0.495 0 0 
0.007 -0.493 0 0 
0.009 -0.491 0 0 
0.011 -0.489 0 0 
0.013 -0.487 0 0 
0.015 -0.485 0 0 
0.017 -0.483 0 0 
0.019 -0.481 0 0 
0.021 -0.479 0 0 
0.023 -0.477 0 0 
0.025 -0.475 0 0 
0.027 -0.473 0 0 
0.029 -0.471 0 0 
0.031 -0.469 0 0 
0.033 -0.467 0 0 
0.035 -0.465 0 0 
0.037 -0.463 0 0 
0.039 -0.461 0 0 
0.041 -0.459 0 0 
0.043 -0.457 0 0 
0.045 -0.455 0 0 
0.047 -0.453 0 0 
0.049 -0.451 0 0 
0.051 -0.449 0 0 
0.053 -0.447 0 0 
0.055 -0.445 0 0 
0.057 -0.443 0 0 
0.059 -0.441 0 0 
0.061 -0.439 0 0 
0.063 -0.437 0 0 
0.065 -0.435 0 0 
0.067 -0.433 0 0 
0.069 -0.431 0 0 
0.071 -0.429 0 0 
0.073 -0.427 0 0 
0.075 -0.425 0 0 
0.077 -0.423 0 0 
0.079 -0.421 0 0 
0.081 -0.419 0 0 
0.083 -0.417 0 0 
0.085 -0.415 0 0 
0.087 -0.413 0 0 
0.089 -0.411 0 0 
0.091 -0.409 0 0 
0.093 -0.407 0 0 
0.095 -0.405 0 0 
0.097 -0.403 0 0 
0.099 -0.401 0 0 
0.101 -0.399 0 0 
0.103 -0.397 0 0 
0.105 -0.395 0 0 
0.107 -0.393 0 0 
0.109 -0.391 0 0 
0.111 -0.389 0 0 
0.113 -0.387 0 0 
0.115 -0.385 0 0 
0.117 -0.383 0 0 
0.119 -0.381 0 0 
0.121 -0.379 0 0 
0.123 -0.377 0 0 
0.125 -0.375 0 0 
0.127 -0.373 0 0 
0.129 -0.371 0 0 
0.131 -0.369 0 0 
0.133 -0.367 0 0 
0.135 -0.365 0 0 
0.137 -0.363 0 0 
0.139 -0.361 0 0 
0.141 -0.359 0 0 
0.143 -0.357 0 0 
0.145 -0.355 0 0 
0.147 -0.353 0 0 
0.149 -0.351 0 0 
0.151 -0.349 0 0 
0.153 -0.347 0 0 
0.155 -0.345 0 0 
0.157 -0.343 0 0 
0.159 -0.341 0 0 
0.161 -0.339 0 0 
0.163 -0.337 0 0 
0.165 -0.335 0 0 
0.167 -0.333 0 0 
0.169 -0.331 0 0 
0.171 -0.329 0 0 
0.173 -0.327 0 0 
0.175 -0.325 0 0 
0.177 -0.323 0 0 
0.179 -0.321 0 0 
0.181 -0.319 0 0 
0.183 -0.317 0 0 
0.185 -0.315 0 0 
0.187 -0.313 0 0 
0.189 -0.311 0 0 
0.191 -0.309 0 0 
0.193 -0.307 0 0 
0.195 -0.305 0 0 
0.197 -0.303 0 0 
0.199 -0.301 0 0 
0.201 -0.299 0 0 
0.203 -0.297 0 0 
0.205 -0.295 0 0 
0.207 -0.293 0 0 
0.209 -0.291 0 0 
0.211 -0.289 0 0 
0.213 -0.287 0 0 
0.215 -0.285 0 0 
0.217 -0.283 0 0 
0.219 -0.281 0 0 
0.221 -0.279 0 0 
0.223 -0.277 0 0 
0.225 -0.275 0 0 
0.227 -0.273 0 0 
0.229 -0.271 0 0 
0.231 -0.269 0 0 
0.233 -0.267 0 0 
0.235 -0.265 0 0 
0.237 -0.263 0 0 
0.239 -0.261 0 0 
0.241 -0.259 0 0 
0.243 -0.257 0 0 
0.245 -0.255 0 0 
0.247 -0.253 0 0 
0.249 -0.251 0 0 
0.251 -0.249 0 0 
0.253 -0.247 0 0 
0.255 -0.245 0 0 
0.257 -0.243 0 0 
0.259 -0.241 0 0 
0.261 -0.239 0 0 
0.263 -0.237 0 0 
0.265 -0.235 0 0 
0.267 -0.233 0 0 
0.269 -0.231 0 0 
0.271 -0.229 0 0 
0.273 -0.227 0 0 
0.275 -0.225 0 0 
0.277 -0.223 0 0 
0.279 -0.221 0 0 
0.281 -0.219 0 0 
0.283 -0.217 0 0 
0.285 -0.215 0 0 
0.287 -0.213 0 0 
0.289 -0.211 0 0 
0.291 -0.209 0 0 
0.293 -0.207 0 0 
0.295 -0.205 0 0 
0.297 -0.203 0 0 
0.299 -0.201 0 0 
0.301 -0.199 0 0 
0.303 -0.197 0 0 
0.305 -0.195 0 0 
0.307 -0.193 0 0 
0.309 -0.191 0 0 
0.311 -0.189 0 0 
0.313 -0.187 0 0 
0.315 -0.185 0 0 
0.317 -0.183 0 0 
0.319 -0.181 0 0 
0.321 -0.179 0 0 
0.323 -0.177 0 0 
0.325 -0.175 0 0 
0.327 -0.173 0 0 
0.329 -0.171 0 0 
0.331 -0.169 0 0 
0.333 -0.167 0 0 
0.335 -0.165 0 0 
0.337 -0.163 0 0 
0.339 -0.161 0 0 
0.341 -0.159 0 0 
0.343 -0.157 0 0 
0.345 -0.155 0 0 
0.347 -0.153 0 0 
0.349 -0.151 0 0 
0.351 -0.149 0 0 
0.353 -0.147 0 0 
0.355 -0.145 0 0 
0.357 -0.143 0 0 
0.359 -0.141 0 0 
0.361 -0.139 0 0 
0.363 -0.137 0 0 
0.365 -0.135 0 0 
0.367 -0.133 0 0 
0.369 -0.131 0 0 
0.371 -0.129 0 0 
0.373 -0.127 0 0 
0.375 -0.125 0 0 
0.377 -0.123 0 0 
0.379 -0.121 0 0 
0.381 -0.119 0 0 
0.383 -0.117 0 0 
0.385 -0.115 0 0 
0.387 -0.113 0 0 
0.389 -0.111 0 0 
0.391 -0.109 0 0 
0.393 -0.107 0 0 
0.395 -0.105 0 0 
0.397 -0.103 0 0 
0.399 -0.101 0 0 
0.401 -0.099 0 0 
0.403 -0.097 0 0 
0.405 -0.095 0 0 
0.407 -0.093 0 0 
0.409 -0.091 0 0 
0.411 -0.089 0 0 
0.413 -0.087 0 0 
0.415 -0.085 0 0 
0.417 -0.083 0 0 
0.419 -0.081 0 0 
0.421 -0.079 0 0 
0.423 -0.077 0 0 
0.425 -0.075 0 0 
0.427 -0.073 0 0 
0.429 -0.071 0 0 
0.431 -0.069 0 0 
0.433 -0.067 0 0 
0.435 -0.065 0 0 
0.437 -0.063 4.09266e-08 -3.92971e-07 
0.439 -0.061 5.91716e-07 -2.88449e-05 
0.441 -0.059 4.53077e-06 -0.00218952 
0.443 -0.057 2.41732e-05 -0.138913 
0.445 -0.055 0.000100109 -0.888143 
0.447 -0.0530002 0.000340624 -0.914152 
0.449 -0.0510008 0.000985837 -0.94467 
0.451 -0.0490025 0.00248431 -0.919528 
0.453 -0.0470068 0.00554541 -0.93573 
0.455 -0.0450166 0.0111171 -0.926837 
0.457 -0.0430362 0.0202601 -0.929498 
0.459 -0.0410721 0.0339454 -0.927593 
0.461 -0.0391325 0.0528555 -0.928056 
0.463 -0.0372264 0.0772718 -0.927736 
0.465 -0.0353631 0.107081 -0.92795 
0.467 -0.0335512 0.141874 -0.928064 
0.469 -0.0317979 0.181093 -0.928138 
0.471 -0.0301085 0.224176 -0.928023 
0.473 -0.0284871 0.27065 -0.927735 
0.475 -0.0269364 0.320326 -0.927392 
0.477 -0.0254577 0.371963 -0.927204 
0.479 -0.0240501 0.424311 -0.927231 
0.481 -0.0227109 0.476505 -0.927299 
0.483 -0.0214364 0.527895 -0.927038 
0.485 -0.0202225 0.577936 -0.925912 
0.487 -0.0190647 0.626113 -0.923137 
0.489 -0.0179582 0.671878 -0.917025 
0.491 -0.0168978 0.714629 -0.906377 
0.493 -0.0158781 0.75378 -0.893922 
0.495 -0.0148937 0.788836 -0.88119 
0.497 -0.0139388 0.819358 -0.865856 
0.499 -0.0130076 0.84492 -0.846687 
0.501 0.0129873 0.865238 -0.823354 
0.503 0.0139428 0.880479 -0.795885 
0.505 0.0149242 0.891474 -0.764531 
0.507 0.0159364 0.901273 -0.72977 
0.509 0.0169838 0.912265 -0.692203 
0.511 0.0180706 0.922418 -0.652427 
0.513 0.0192006 0.928368 -0.610954 
0.515 0.0203772 0.929746 -0.56817 
0.517 0.0216033 0.928886 -0.52438 
0.519 0.0228821 0.927877 -0.479886 
0.521 0.0242161 0.92745 -0.434966 
0.523 0.0256079 0.92762 -0.389824 
0.525 0.0270599 0.928173 -0.344598 
0.527 0.0285742 0.928727 -0.299409 
0.529 0.0301529 0.92891 -0.254346 
0.531 0.031798 0.928553 -0.20942 
0.533 0.0335112 0.927948 -0.164906 
0.535 0.0352943 0.927521 -0.120677 
0.537 0.0371486 0.927414 -0.0779201 
0.539 0.0390641 0.927648 -0.0437948 
0.541 0.0410227 0.927968 -0.0207481 
0.543 0.0430064 0.928821 -0.00789605 
0.545 0.0450014 0.926305 -0.00232919 
0.547 0.0470002 0.938382 -0.00052565 
0.549 0.049 0.896702 -9.12675e-05 
0.551 0.051 0.987355 -1.22945e-05 
0.553 0.053 0.788235 -1.28335e-06 
0.555 0.055 0.989749 -1.0234e-07 
0.557 0.057 0.0373886 -6.0496e-09 
0.559 0.059 7.74611e-06 -2.50583e-10 
0.561 0.061 4.16395e-09 -6.50385e-12 
0.563 0.063 2.50844e-12 -7.9825e-14 
0.565 0.065 0 0 
0.567 0.067 0 0 
0.569 0.069 0 0 
0.571 0.071 0 0 
0.573 0.073 0 0 
0.575 0.075 0 0 
0.577 0.077 0 0 
0.579 0.079 0 0 
0.581 0.081 0 0 
0.583 0.083 0 0 
0.585 0.085 0 0 
0.587 0.087 0 0 
0.589 0.089 0 0 
0.591 0.091 0 0 
0.593 0.093 0 0 
0.595 0.095 0 0 
0.597 0.097 0 0 
0.599 0.099 0 0 
0.601 0.101 0 0 
0.603 0.103 0 0 
0.605 0.105 0 0 
0.607 0.107 0 0 
0.609 0.109 0 0 
0.611 0.111 0 0 
0.613 0.113 0 0 
0.615 0.115 0 0 
0.617 0.117 0 0 
0.619 0.119 0 0 
0.621 0.121 0 0 
0.623 0.123 0 0 
0.625 0.125 0 0 
0.627 0.127 0 0 
0.629 0.129 0 0 
0.631 0.131 0 0 
0.633 0.133 0 0 
0.635 0.135 0 0 
0.637 0.137 0 0 
0.639 0.139 0 0 
0.641 0.141 0 0 
0.643 0.143 0 0 
0.645 0.145 0 0 
0.647 0.147 0 0 
0.649 0.149 0 0 
0.651 0.151 0 0 
0.653 0.153 0 0 
0.655 0.155 0 0 
0.657 0.157 0 0 
0.659 0.159 0 0 
0.661 0.161 0 0 
0.663 0.163 0 0 
0.665 0.165 0 0 
0.667 0.167 0 0 
0.669 0.169 0 0 
0.671 0.171 0 0 
0.673 0.173 0 0 
0.675 0.175 0 0 
0.677 0.177 0 0 
0.679 0.179 0 0 
0.681 0.181 0 0 
0.683 0.183 0 0 
0.685 0.185 0 0 
0.687 0.187 0 0 
0.689 0.189 0 0 
0.691 0.191 0 0 
0.693 0.193 0 0 
0.695 0.195 0 0 
0.697 0.197 0 0 
0.699 0.199 0 0 
0.701 0.201 0 0 
0.703 0.203 0 0 
0.705 0.205 0 0 
0.707 0.207 0 0 
0.709 0.209 0 0 
0.711 0.211 0 0 
0.713 0.213 0 0 
0.715 0.215 0 0 
0.717 0.217 0 0 
0.719 0.219 0 0 
0.721 0.221 0 0 
0.723 0.223 0 0 
0.725 0.225 0 0 
0.727 0.227 0 0 
0.729 0.229 0 0 
0.731 0.231 0 0 
0.733 0.233 0 0 
0.735 0.235 0 0 
0.737 0.237 0 0 
0.739 0.239 0 0 
0.741 0.241 0 0 
0.743 0.243 0 0 
0.745 0.245 0 0 
0.747 0.247 0 0 
0.749 0.249 0 0 
0.751 0.251 0 0 
0.753 0.253 0 0 
0.755 0.255 0 0 
0.757 0.257 0 0 
0.759 0.259 0 0 
0.761 0.261 0 0 
0.763 0.263 0 0 
0.765 0.265 0 0 
0.767 0.267 0 0 
0.769 0.269 0 0 
0.771 0.271 0 0 
0.773 0.273 0 0 
0.775 0.275 0 0 
0.777 0.277 0 0 
0.779 0.279 0 0 
0.781 0.281 0 0 
0.783 0.283 0 0 
0.785 0.285 0 0 
0.787 0.287 0 0 
0.789 0.289 0 0 
0.791 0.291 0 0 
0.793 0.293 0 0 
0.795 0.295 0 0 
0.797 0.297 0 0 
0.799 0.299 0 0 
0.801 0.301 0 0 
0.803 0.303 0 0 
0.805 0.305 0 0 
0.807 0.307 0 0 
0.809 0.309 0 0 
0.811 0.311 0 0 
0.813 0.313 0 0 
0.815 0.315 0 0 
0.817 0.317 0 0 
0.819 0.319 0 0 
0.821 0.321 0 0 
0.823 0.323 0 0 
0.825 0.325 0 0 
0.827 0.327 0 0 
0.829 0.329 0 0 
0.831 0.331 0 0 
0.833 0.333 0 0 
0.835 0.335 0 0 
0.837 0.337 0 0 
0.839 0.339 0 0 
0.841 0.341 0 0 
0.843 0.343 0 0 
0.845 0.345 0 0 
0.847 0.347 0 0 
0.849 0.349 0 0 
0.851 0.351 0 0 
0.853 0.353 0 0 
0.855 0.355 0 0 
0.857 0.357 0 0 
0.859 0.359 0 0 
0.861 0.361 0 0 
0.863 0.363 0 0 
0.865 0.365 0 0 
0.867 0.367 0 0 
0.869 0.369 0 0 
0.871 0.371 0 0 
0.873 0.373 0 0 
0.875 0.375 0 0 
0.877 0.377 0 0 
0.879 0.379 0 0 
0.881 0.381 0 0 
0.883 0.383 0 0 
0.885 0.385 0 0 
0.887 0.387 0 0 
0.889 0.389 0 0 
0.891 0.391 0 0 
0.893 0.393 0 0 
0.895 0.395 0 0 
0.897 0.397 0 0 
0.899 0.399 0 0 
0.901 0.401 0 0 
0.903 0.403 0 0 
0.905 0.405 0 0 
0.907 0.407 0 0 
0.909 0.409 0 0 
0.911 0.411 0 0 
0.913 0.413 0 0 
0.915 0.415 0 0 
0.917 0.417 0 0 
0.919 0.419 0 0 
0.921 0.421 0 0 
0.923 0.423 0 0 
0.925 0.425 0 0 
0.927 0.427 0 0 
0.929 0.429 0 0 
0.931 0.431 0 0 
0.933 0.433 0 0 
0.935 0.435 0 0 
0.937 0.437 0 0 
0.939 0.439 0 0 
0.941 0.441 0 0 
0.943 0.443 0 0 
0.945 0.445 0 0 
0.947 0.447 0 0 
0.949 0.449 0 0 
0.951 0.451 0 0 
0.953 0.453 0 0 
0.955 0.455 0 0 
0.957 0.457 0 0 
0.959 0.459 0 0 
0.961 0.461 0 0 
0.963 0.463 0 0 
0.965 0.465 0 0 
0.967 0.467 0 0 
0.969 0.469 0 0 
0.971 0.471 0 0 
0.973 0.473 0 0 
0.975 0.475 0 0 
0.977 0.477 0 0 
0.979 0.479 0 0 
0.981 0.481 0 0 
0.983 0.483 0 0 
0.985 0.485 0 0 
0.987 0.487 0 0 
0.989 0.489 0 0 
0.991 0.491 0 0 
0.993 0.493 0 0 
0.995 0.495 0 0 
0.997 0.497 0 0 
0.999 0.499 0 0 
