0.001 -0.499 0 0 
0.003 -0.497 0 0 
0.005 -0.495 0 0 
0.007 -0.493 0 0 
0.009 -0.491 0 0 
0.011 -0.489 0 0 
0.013 -0.487 0 0 
0.015 -0.485 0 0 
0.017 -0.483 0 0 
0.019 -0.481 0 0 
0.021 -0.479 0 0 
0.023 -0.477 0 0 
0.025 -0.475 0 0 
0.027 -0.473 0 0 
0.029 -0.471 0 0 
0.031 -0.469 0 0 
0.033 -0.467 0 0 
0.035 -0.465 0 0 
0.037 -0.463 0 0 
0.039 -0.461 0 0 
0.041 -0.459 0 0 
0.043 -0.457 0 0 
0.045 -0.455 0 0 
0.047 -0.453 0 0 
0.049 -0.451 0 0 
0.051 -0.449 0 0 
0.053 -0.447 0 0 
0.055 -0.445 0 0 
0.057 -0.443 0 0 
0.059 -0.441 0 0 
0.061 -0.439 0 0 
0.063 -0.437 0 0 
0.065 -0.435 0 0 
0.067 -0.433 0 0 
0.069 -0.431 0 0 
0.071 -0.429 0 0 
0.073 -0.427 0 0 
0.075 -0.425 0 0 
0.077 -0.423 0 0 
0.079 -0.421 0 0 
0.081 -0.419 0 0 
0.083 -0.417 0 0 
0.085 -0.415 0 0 
0.087 -0.413 0 0 
0.089 -0.411 0 0 
0.091 -0.409 0 0 
0.093 -0.407 0 0 
0.095 -0.405 0 0 
0.097 -0.403 0 0 
0.099 -0.401 0 0 
0.101 -0.399 0 0 
0.103 -0.397 0 0 
0.105 -0.395 0 0 
0.107 -0.393 0 0 
0.109 -0.391 0 0 
0.111 -0.389 0 0 
0.113 -0.387 0 0 
0.115 -0.385 0 0 
0.117 -0.383 0 0 
0.119 -0.381 0 0 
0.121 -0.379 0 0 
0.123 -0.377 0 0 
0.125 -0.375 0 0 
0.127 -0.373 0 0 
0.129 -0.371 0 0 
0.131 -0.369 0 0 
0.133 -0.367 0 0 
0.135 -0.365 0 0 
0.137 -0.363 0 0 
0.139 -0.361 0 0 
0.141 -0.359 0 0 
0.143 -0.357 0 0 
0.145 -0.355 0 0 
0.147 -0.353 0 0 
0.149 -0.351 0 0 
0.151 -0.349 0 0 
0.153 -0.347 0 0 
0.155 -0.345 0 0 
0.157 -0.343 0 0 
0.159 -0.341 0 0 
0.161 -0.339 0 0 
0.163 -0.337 0 0 
0.165 -0.335 0 0 
0.167 -0.333 0 0 
0.169 -0.331 0 0 
0.171 -0.329 0 0 
0.173 -0.327 0 0 
0.175 -0.325 0 0 
0.177 -0.323 0 0 
0.179 -0.321 0 0 
0.181 -0.319 0 0 
0.183 -0.317 0 0 
0.185 -0.315 0 0 
0.187 -0.313 0 0 
0.189 -0.311 0 0 
0.191 -0.309 0 0 
0.193 -0.307 0 0 
0.195 -0.305 0 0 
0.197 -0.303 0 0 
0.199 -0.301 0 0 
0.201 -0.299 0 0 
0.203 -0.297 0 0 
0.205 -0.295 0 0 
0.207 -0.293 0 0 
0.209 -0.291 0 0 
0.211 -0.289 0 0 
0.213 -0.287 0 0 
0.215 -0.285 0 0 
0.217 -0.283 0 0 
0.219 -0.281 0 0 
0.221 -0.279 0 0 
0.223 -0.277 0 0 
0.225 -0.275 0 0 
0.227 -0.273 0 0 
0.229 -0.271 0 0 
0.231 -0.269 0 0 
0.233 -0.267 0 0 
0.235 -0.265 0 0 
0.237 -0.263 0 0 
0.239 -0.261 0 0 
0.241 -0.259 0 0 
0.243 -0.257 0 0 
0.245 -0.255 0 0 
0.247 -0.253 0 0 
0.249 -0.251 0 0 
0.251 -0.249 0 0 
0.253 -0.247 0 0 
0.255 -0.245 0 0 
0.257 -0.243 0 0 
0.259 -0.241 0 0 
0.261 -0.239 0 0 
0.263 -0.237 0 0 
0.265 -0.235 0 0 
0.267 -0.233 0 0 
0.269 -0.231 0 0 
0.271 -0.229 0 0 
0.273 -0.227 0 0 
0.275 -0.225 0 0 
0.277 -0.223 0 0 
0.279 -0.221 0 0 
0.281 -0.219 0 0 
0.283 -0.217 0 0 
0.285 -0.215 0 0 
0.287 -0.213 0 0 
0.289 -0.211 0 0 
0.291 -0.209 0 0 
0.293 -0.207 0 0 
0.295 -0.205 0 0 
0.297 -0.203 0 0 
0.299 -0.201 0 0 
0.301 -0.199 0 0 
0.303 -0.197 0 0 
0.305 -0.195 0 0 
0.307 -0.193 0 0 
0.309 -0.191 0 0 
0.311 -0.189 0 0 
0.313 -0.187 0 0 
0.315 -0.185 0 0 
0.317 -0.183 0 0 
0.319 -0.181 0 0 
0.321 -0.179 0 0 
0.323 -0.177 0 0 
0.325 -0.175 0 0 
0.327 -0.173 0 0 
0.329 -0.171 0 0 
0.331 -0.169 0 0 
0.333 -0.167 0 0 
0.335 -0.165 0 0 
0.337 -0.163 0 0 
0.339 -0.161 0 0 
0.341 -0.159 0 0 
0.343 -0.157 0 0 
0.345 -0.155 0 0 
0.347 -0.153 0 0 
0.349 -0.151 0 0 
0.351 -0.149 0 0 
0.353 -0.147 0 0 
0.355 -0.145 0 0 
0.357 -0.143 0 0 
0.359 -0.141 0 0 
0.361 -0.139 0 0 
0.363 -0.137 0 0 
0.365 -0.135 0 0 
0.367 -0.133 0 0 
0.369 -0.131 0 0 
0.371 -0.129 0 0 
0.373 -0.127 0 0 
0.375 -0.125 0 0 
0.377 -0.123 0 0 
0.379 -0.121 0 0 
0.381 -0.119 0 0 
0.383 -0.117 0 0 
0.385 -0.115 0 0 
0.387 -0.113 0 0 
0.389 -0.111 0 0 
0.391 -0.109 0 0 
0.393 -0.107 0 0 
0.395 -0.105 0 0 
0.397 -0.103 0 0 
0.399 -0.101 0 0 
0.401 -0.099 0 0 
0.403 -0.097 0 0 
0.405 -0.095 0 0 
0.407 -0.093 0 0 
0.409 -0.091 0 0 
0.411 -0.089 0 0 
0.413 -0.087 0 0 
0.415 -0.085 0 0 
0.417 -0.083 0 0 
0.419 -0.081 0 0 
0.421 -0.079 0 0 
0.423 -0.077 0 0 
0.425 -0.075 0 0 
0.427 -0.073 3.87741e-09 -2.64005e-08 
0.429 -0.071 6.30974e-08 -2.0212e-06 
0.431 -0.069 5.42341e-07 -0.000153781 
0.433 -0.067 3.24501e-06 -0.011714 
0.435 -0.065 1.50735e-05 -0.446814 
0.437 -0.063 5.75846e-05 -0.955449 
0.439 -0.0610001 0.000187396 -0.945503 
0.441 -0.0590005 0.000531792 -0.902392 
0.443 -0.0570014 0.00133809 -0.946964 
0.445 -0.0550037 0.00302317 -0.918174 
0.447 -0.053009 0.00619611 -0.9326 
0.449 -0.0510199 0.0116241 -0.926414 
0.451 -0.0490404 0.0201302 -0.929319 
0.453 -0.0470761 0.0324482 -0.927904 
0.455 -0.0451337 0.0490852 -0.928507 
0.457 -0.0432206 0.0702456 -0.927928 
0.459 -0.0413446 0.095834 -0.927736 
0.461 -0.0395126 0.125524 -0.927399 
0.463 -0.0377306 0.158858 -0.92728 
0.465 -0.0360033 0.195346 -0.927344 
0.467 -0.0343342 0.234567 -0.927523 
0.469 -0.0327257 0.276245 -0.927704 
0.471 -0.0311794 0.319983 -0.927767 
0.473 -0.0296956 0.364863 -0.927663 
0.475 -0.0282734 0.410186 -0.927455 
0.477 -0.0269107 0.455491 -0.927263 
0.479 -0.0256052 0.50041 -0.927149 
0.481 -0.024354 0.544623 -0.926998 
0.483 -0.0231542 0.587824 -0.926462 
0.485 -0.0220025 0.629698 -0.924951 
0.487 -0.0208954 0.669892 -0.921359 
0.489 -0.0198293 0.708016 -0.914415 
0.491 -0.0188003 0.743663 -0.905621 
0.493 -0.0178045 0.776438 -0.896489 
0.495 -0.0168378 0.805967 -0.885574 
0.497 -0.015896 0.83196 -0.871821 
0.499 -0.0149747 0.854215 -0.854832 
0.501 0.0149541 0.872459 -0.834416 
0.503 0.0158968 0.886453 -0.810605 
0.505 0.0168618 0.89657 -0.783682 
0.507 0.017853 0.90422 -0.754048 
0.509 0.0188736 0.911645 -0.722095 
0.511 0.0199271 0.919401 -0.688171 
0.513 0.0210162 0.925826 -0.652621 
0.515 0.0221438 0.928748 -0.615801 
0.517 0.0233123 0.928758 -0.578021 
0.519 0.0245242 0.928141 -0.539523 
0.521 0.0257817 0.92772 -0.500488 
0.523 0.0270868 0.92769 -0.461057 
0.525 0.0284414 0.927993 -0.421361 
0.527 0.0298475 0.928352 -0.381536 
0.529 0.0313068 0.92846 -0.3417 
0.531 0.0328207 0.928195 -0.301907 
0.533 0.034391 0.927691 -0.262197 
0.535 0.0360193 0.927264 -0.222634 
0.537 0.0377069 0.927227 -0.183275 
0.539 0.0394551 0.927503 -0.144214 
0.541 0.0412654 0.927743 -0.10532 
0.543 0.0431375 0.927721 -0.068639 
0.545 0.0450617 0.927477 -0.0395172 
0.547 0.0470233 0.927158 -0.0194764 
0.549 0.0490072 0.927126 -0.00789487 
0.551 0.0510018 0.926131 -0.00255022 
0.553 0.0530004 0.93215 -0.000649136 
0.555 0.0550001 0.911914 -0.000130988 
0.557 0.057 0.972652 -2.11772e-05 
0.559 0.059 0.801567 -2.75875e-06 
0.561 0.061 1.0815 -2.88979e-07 
0.563 0.063 0.761476 -2.4087e-08 
0.565 0.065 0.623963 -1.56524e-09 
0.567 0.067 0.000130794 -7.65878e-11 
0.569 0.069 1.04032e-07 -2.65887e-12 
0.571 0.071 2.1586e-11 -5.85088e-14 
0.573 0.073 7.10543e-15 -6.66134e-16 
0.575 0.075 0 0 
0.577 0.077 0 0 
0.579 0.079 0 0 
0.581 0.081 0 0 
0.583 0.083 0 0 
0.585 0.085 0 0 
0.587 0.087 0 0 
0.589 0.089 0 0 
0.591 0.091 0 0 
0.593 0.093 0 0 
0.595 0.095 0 0 
0.597 0.097 0 0 
0.599 0.099 0 0 
0.601 0.101 0 0 
0.603 0.103 0 0 
0.605 0.105 0 0 
0.607 0.107 0 0 
0.609 0.109 0 0 
0.611 0.111 0 0 
0.613 0.113 0 0 
0.615 0.115 0 0 
0.617 0.117 0 0 
0.619 0.119 0 0 
0.621 0.121 0 0 
0.623 0.123 0 0 
0.625 0.125 0 0 
0.627 0.127 0 0 
0.629 0.129 0 0 
0.631 0.131 0 0 
0.633 0.133 0 0 
0.635 0.135 0 0 
0.637 0.137 0 0 
0.639 0.139 0 0 
0.641 0.141 0 0 
0.643 0.143 0 0 
0.645 0.145 0 0 
0.647 0.147 0 0 
0.649 0.149 0 0 
0.651 0.151 0 0 
0.653 0.153 0 0 
0.655 0.155 0 0 
0.657 0.157 0 0 
0.659 0.159 0 0 
0.661 0.161 0 0 
0.663 0.163 0 0 
0.665 0.165 0 0 
0.667 0.167 0 0 
0.669 0.169 0 0 
0.671 0.171 0 0 
0.673 0.173 0 0 
0.675 0.175 0 0 
0.677 0.177 0 0 
0.679 0.179 0 0 
0.681 0.181 0 0 
0.683 0.183 0 0 
0.685 0.185 0 0 
0.687 0.187 0 0 
0.689 0.189 0 0 
0.691 0.191 0 0 
0.693 0.193 0 0 
0.695 0.195 0 0 
0.697 0.197 0 0 
0.699 0.199 0 0 
0.701 0.201 0 0 
0.703 0.203 0 0 
0.705 0.205 0 0 
0.707 0.207 0 0 
0.709 0.209 0 0 
0.711 0.211 0 0 
0.713 0.213 0 0 
0.715 0.215 0 0 
0.717 0.217 0 0 
0.719 0.219 0 0 
0.721 0.221 0 0 
0.723 0.223 0 0 
0.725 0.225 0 0 
0.727 0.227 0 0 
0.729 0.229 0 0 
0.731 0.231 0 0 
0.733 0.233 0 0 
0.735 0.235 0 0 
0.737 0.237 0 0 
0.739 0.239 0 0 
0.741 0.241 0 0 
0.743 0.243 0 0 
0.745 0.245 0 0 
0.747 0.247 0 0 
0.749 0.249 0 0 
0.751 0.251 0 0 
0.753 0.253 0 0 
0.755 0.255 0 0 
0.757 0.257 0 0 
0.759 0.259 0 0 
0.761 0.261 0 0 
0.763 0.263 0 0 
0.765 0.265 0 0 
0.767 0.267 0 0 
0.769 0.269 0 0 
0.771 0.271 0 0 
0.773 0.273 0 0 
0.775 0.275 0 0 
0.777 0.277 0 0 
0.779 0.279 0 0 
0.781 0.281 0 0 
0.783 0.283 0 0 
0.785 0.285 0 0 
0.787 0.287 0 0 
0.789 0.289 0 0 
0.791 0.291 0 0 
0.793 0.293 0 0 
0.795 0.295 0 0 
0.797 0.297 0 0 
0.799 0.299 0 0 
0.801 0.301 0 0 
0.803 0.303 0 0 
0.805 0.305 0 0 
0.807 0.307 0 0 
0.809 0.309 0 0 
0.811 0.311 0 0 
0.813 0.313 0 0 
0.815 0.315 0 0 
0.817 0.317 0 0 
0.819 0.319 0 0 
0.821 0.321 0 0 
0.823 0.323 0 0 
0.825 0.325 0 0 
0.827 0.327 0 0 
0.829 0.329 0 0 
0.831 0.331 0 0 
0.833 0.333 0 0 
0.835 0.335 0 0 
0.837 0.337 0 0 
0.839 0.339 0 0 
0.841 0.341 0 0 
0.843 0.343 0 0 
0.845 0.345 0 0 
0.847 0.347 0 0 
0.849 0.349 0 0 
0.851 0.351 0 0 
0.853 0.353 0 0 
0.855 0.355 0 0 
0.857 0.357 0 0 
0.859 0.359 0 0 
0.861 0.361 0 0 
0.863 0.363 0 0 
0.865 0.365 0 0 
0.867 0.367 0 0 
0.869 0.369 0 0 
0.871 0.371 0 0 
0.873 0.373 0 0 
0.875 0.375 0 0 
0.877 0.377 0 0 
0.879 0.379 0 0 
0.881 0.381 0 0 
0.883 0.383 0 0 
0.885 0.385 0 0 
0.887 0.387 0 0 
0.889 0.389 0 0 
0.891 0.391 0 0 
0.893 0.393 0 0 
0.895 0.395 0 0 
0.897 0.397 0 0 
0.899 0.399 0 0 
0.901 0.401 0 0 
0.903 0.403 0 0 
0.905 0.405 0 0 
0.907 0.407 0 0 
0.909 0.409 0 0 
0.911 0.411 0 0 
0.913 0.413 0 0 
0.915 0.415 0 0 
0.917 0.417 0 0 
0.919 0.419 0 0 
0.921 0.421 0 0 
0.923 0.423 0 0 
0.925 0.425 0 0 
0.927 0.427 0 0 
0.929 0.429 0 0 
0.931 0.431 0 0 
0.933 0.433 0 0 
0.935 0.435 0 0 
0.937 0.437 0 0 
0.939 0.439 0 0 
0.941 0.441 0 0 
0.943 0.443 0 0 
0.945 0.445 0 0 
0.947 0.447 0 0 
0.949 0.449 0 0 
0.951 0.451 0 0 
0.953 0.453 0 0 
0.955 0.455 0 0 
0.957 0.457 0 0 
0.959 0.459 0 0 
0.961 0.461 0 0 
0.963 0.463 0 0 
0.965 0.465 0 0 
0.967 0.467 0 0 
0.969 0.469 0 0 
0.971 0.471 0 0 
0.973 0.473 0 0 
0.975 0.475 0 0 
0.977 0.477 0 0 
0.979 0.479 0 0 
0.981 0.481 0 0 
0.983 0.483 0 0 
0.985 0.485 0 0 
0.987 0.487 0 0 
0.989 0.489 0 0 
0.991 0.491 0 0 
0.993 0.493 0 0 
0.995 0.495 0 0 
0.997 0.497 0 0 
0.999 0.499 0 0 
