0.001 -0.499 0 0 
0.003 -0.497 0 0 
0.005 -0.495 0 0 
0.007 -0.493 0 0 
0.009 -0.491 0 0 
0.011 -0.489 0 0 
0.013 -0.487 0 0 
0.015 -0.485 0 0 
0.017 -0.483 0 0 
0.019 -0.481 0 0 
0.021 -0.479 0 0 
0.023 -0.477 0 0 
0.025 -0.475 0 0 
0.027 -0.473 0 0 
0.029 -0.471 0 0 
0.031 -0.469 0 0 
0.033 -0.467 0 0 
0.035 -0.465 0 0 
0.037 -0.463 0 0 
0.039 -0.461 0 0 
0.041 -0.459 0 0 
0.043 -0.457 0 0 
0.045 -0.455 0 0 
0.047 -0.453 0 0 
0.049 -0.451 0 0 
0.051 -0.449 0 0 
0.053 -0.447 0 0 
0.055 -0.445 0 0 
0.057 -0.443 0 0 
0.059 -0.441 0 0 
0.061 -0.439 0 0 
0.063 -0.437 0 0 
0.065 -0.435 0 0 
0.067 -0.433 0 0 
0.069 -0.431 0 0 
0.071 -0.429 0 0 
0.073 -0.427 0 0 
0.075 -0.425 0 0 
0.077 -0.423 0 0 
0.079 -0.421 0 0 
0.081 -0.419 0 0 
0.083 -0.417 0 0 
0.085 -0.415 0 0 
0.087 -0.413 0 0 
0.089 -0.411 0 0 
0.091 -0.409 0 0 
0.093 -0.407 0 0 
0.095 -0.405 0 0 
0.097 -0.403 0 0 
0.099 -0.401 0 0 
0.101 -0.399 0 0 
0.103 -0.397 0 0 
0.105 -0.395 0 0 
0.107 -0.393 0 0 
0.109 -0.391 0 0 
0.111 -0.389 0 0 
0.113 -0.387 0 0 
0.115 -0.385 0 0 
0.117 -0.383 0 0 
0.119 -0.381 0 0 
0.121 -0.379 0 0 
0.123 -0.377 0 0 
0.125 -0.375 0 0 
0.127 -0.373 0 0 
0.129 -0.371 0 0 
0.131 -0.369 0 0 
0.133 -0.367 0 0 
0.135 -0.365 0 0 
0.137 -0.363 0 0 
0.139 -0.361 0 0 
0.141 -0.359 0 0 
0.143 -0.357 0 0 
0.145 -0.355 0 0 
0.147 -0.353 0 0 
0.149 -0.351 0 0 
0.151 -0.349 0 0 
0.153 -0.347 0 0 
0.155 -0.345 0 0 
0.157 -0.343 0 0 
0.159 -0.341 0 0 
0.161 -0.339 0 0 
0.163 -0.337 0 0 
0.165 -0.335 0 0 
0.167 -0.333 0 0 
0.169 -0.331 0 0 
0.171 -0.329 0 0 
0.173 -0.327 0 0 
0.175 -0.325 0 0 
0.177 -0.323 0 0 
0.179 -0.321 0 0 
0.181 -0.319 0 0 
0.183 -0.317 0 0 
0.185 -0.315 0 0 
0.187 -0.313 0 0 
0.189 -0.311 0 0 
0.191 -0.309 0 0 
0.193 -0.307 0 0 
0.195 -0.305 0 0 
0.197 -0.303 0 0 
0.199 -0.301 0 0 
0.201 -0.299 0 0 
0.203 -0.297 0 0 
0.205 -0.295 0 0 
0.207 -0.293 0 0 
0.209 -0.291 0 0 
0.211 -0.289 0 0 
0.213 -0.287 0 0 
0.215 -0.285 0 0 
0.217 -0.283 0 0 
0.219 -0.281 0 0 
0.221 -0.279 0 0 
0.223 -0.277 0 0 
0.225 -0.275 0 0 
0.227 -0.273 0 0 
0.229 -0.271 0 0 
0.231 -0.269 0 0 
0.233 -0.267 0 0 
0.235 -0.265 0 0 
0.237 -0.263 0 0 
0.239 -0.261 0 0 
0.241 -0.259 0 0 
0.243 -0.257 0 0 
0.245 -0.255 0 0 
0.247 -0.253 0 0 
0.249 -0.251 0 0 
0.251 -0.249 0 0 
0.253 -0.247 0 0 
0.255 -0.245 0 0 
0.257 -0.243 0 0 
0.259 -0.241 0 0 
0.261 -0.239 0 0 
0.263 -0.237 0 0 
0.265 -0.235 0 0 
0.267 -0.233 0 0 
0.269 -0.231 0 0 
0.271 -0.229 0 0 
0.273 -0.227 0 0 
0.275 -0.225 0 0 
0.277 -0.223 0 0 
0.279 -0.221 0 0 
0.281 -0.219 0 0 
0.283 -0.217 0 0 
0.285 -0.215 0 0 
0.287 -0.213 0 0 
0.289 -0.211 0 0 
0.291 -0.209 0 0 
0.293 -0.207 0 0 
0.295 -0.205 0 0 
0.297 -0.203 0 0 
0.299 -0.201 0 0 
0.301 -0.199 0 0 
0.303 -0.197 0 0 
0.305 -0.195 0 0 
0.307 -0.193 0 0 
0.309 -0.191 0 0 
0.311 -0.189 0 0 
0.313 -0.187 0 0 
0.315 -0.185 0 0 
0.317 -0.183 0 0 
0.319 -0.181 0 0 
0.321 -0.179 0 0 
0.323 -0.177 0 0 
0.325 -0.175 0 0 
0.327 -0.173 0 0 
0.329 -0.171 0 0 
0.331 -0.169 0 0 
0.333 -0.167 0 0 
0.335 -0.165 0 0 
0.337 -0.163 0 0 
0.339 -0.161 0 0 
0.341 -0.159 0 0 
0.343 -0.157 0 0 
0.345 -0.155 0 0 
0.347 -0.153 0 0 
0.349 -0.151 0 0 
0.351 -0.149 0 0 
0.353 -0.147 0 0 
0.355 -0.145 0 0 
0.357 -0.143 0 0 
0.359 -0.141 0 0 
0.361 -0.139 0 0 
0.363 -0.137 0 0 
0.365 -0.135 0 0 
0.367 -0.133 0 0 
0.369 -0.131 0 0 
0.371 -0.129 0 0 
0.373 -0.127 0 0 
0.375 -0.125 0 0 
0.377 -0.123 0 0 
0.379 -0.121 0 0 
0.381 -0.119 0 0 
0.383 -0.117 0 0 
0.385 -0.115 0 0 
0.387 -0.113 0 0 
0.389 -0.111 0 0 
0.391 -0.109 0 0 
0.393 -0.107 0 0 
0.395 -0.105 0 0 
0.397 -0.103 0 0 
0.399 -0.101 0 0 
0.401 -0.099 0 0 
0.403 -0.097 1.39787e-11 -4.05622e-11 
0.405 -0.095 2.87168e-10 -3.40436e-09 
0.407 -0.093 3.09843e-09 -2.60431e-07 
0.409 -0.091 2.32065e-08 -2.0144e-05 
0.411 -0.089 1.34822e-07 -0.0015873 
0.413 -0.087 6.4459e-07 -0.103561 
0.415 -0.085 2.63e-06 -0.905152 
0.417 -0.083 9.3832e-06 -0.789938 
0.419 -0.081 2.9783e-05 -1.0896 
0.421 -0.0790001 8.51818e-05 -0.744579 
0.423 -0.0770002 0.000221668 -1.01033 
0.425 -0.0750006 0.000528863 -0.869625 
0.427 -0.0730015 0.00116393 -0.952765 
0.429 -0.0710036 0.00237522 -0.91418 
0.431 -0.0690077 0.00451509 -0.933073 
0.433 -0.0670157 0.00802997 -0.923797 
0.435 -0.0650298 0.0134202 -0.928691 
0.437 -0.0630535 0.021174 -0.926366 
0.439 -0.061091 0.0316921 -0.927984 
0.441 -0.059147 0.0452269 -0.927236 
0.443 -0.0572267 0.0618535 -0.927731 
0.445 -0.0553353 0.0814774 -0.927407 
0.447 -0.0534775 0.103872 -0.927392 
0.449 -0.0516573 0.12873 -0.92727 
0.451 -0.0498782 0.155716 -0.927279 
0.453 -0.0481426 0.184512 -0.927371 
0.455 -0.0464523 0.214856 -0.927505 
0.457 -0.0448087 0.246577 -0.927611 
0.459 -0.0432127 0.27944 -0.927631 
0.461 -0.0416644 0.313003 -0.927551 
0.463 -0.0401635 0.346965 -0.927425 
0.465 -0.0387091 0.381145 -0.927343 
0.467 -0.0373004 0.415403 -0.927352 
0.469 -0.035936 0.449616 -0.92744 
0.471 -0.0346148 0.483674 -0.927557 
0.473 -0.0333352 0.517471 -0.927626 
0.475 -0.0320959 0.550905 -0.927582 
0.477 -0.0308952 0.583868 -0.927386 
0.479 -0.0297314 0.616242 -0.926981 
0.481 -0.0286029 0.647894 -0.926224 
0.483 -0.0275078 0.67867 -0.924697 
0.485 -0.0264442 0.708398 -0.921821 
0.487 -0.0254101 0.736882 -0.918088 
0.489 -0.0244033 0.763914 -0.91401 
0.491 -0.0234217 0.789279 -0.908861 
0.493 -0.0224628 0.812763 -0.902035 
0.495 -0.0215242 0.834164 -0.893212 
0.497 -0.0206036 0.853312 -0.88216 
0.499 -0.0196983 0.870063 -0.868777 
0.501 0.0196741 0.884272 -0.85311 
0.503 0.0205966 0.895813 -0.835287 
0.505 0.0215357 0.90462 -0.815457 
0.507 0.0224936 0.910801 -0.793773 
0.509 0.0234724 0.914912 -0.770418 
0.511 0.0244742 0.9183 -0.7456 
0.513 0.0255008 0.921869 -0.719527 
0.515 0.0265541 0.925194 -0.692385 
0.517 0.0276357 0.927405 -0.66435 
0.519 0.0287472 0.92815 -0.635588 
0.521 0.0298901 0.928085 -0.606248 
0.523 0.0310658 0.927944 -0.576453 
0.525 0.0322755 0.927902 -0.546297 
0.527 0.0335204 0.927931 -0.515861 
0.529 0.0348019 0.927922 -0.48522 
0.531 0.0361209 0.927784 -0.454441 
0.533 0.0374785 0.927541 -0.423573 
0.535 0.0388759 0.927299 -0.392642 
0.537 0.0403139 0.927149 -0.36167 
0.539 0.0417936 0.927114 -0.330691 
0.541 0.043316 0.927118 -0.299747 
0.543 0.0448819 0.927071 -0.268863 
0.545 0.0464924 0.927013 -0.238059 
0.547 0.0481482 0.927137 -0.207369 
0.549 0.0498502 0.927549 -0.176811 
0.551 0.0515993 0.928102 -0.146416 
0.553 0.0533959 0.928529 -0.116206 
0.555 0.0552413 0.928551 -0.0861009 
0.557 0.0571338 0.928131 -0.0583601 
0.559 0.0590662 0.92726 -0.0358754 
0.561 0.0610285 0.925656 -0.019486 
0.563 0.0630105 0.923342 -0.00907456 
0.565 0.0650032 0.920779 -0.00353334 
0.567 0.0670008 0.916992 -0.00113649 
0.569 0.0690002 0.914689 -0.000302586 
0.571 0.071 0.899475 -6.73388e-05 
0.573 0.073 0.918267 -1.26547e-05 
0.575 0.075 0.834987 -2.02242e-06 
0.577 0.077 0.767456 -2.75697e-07 
0.579 0.079 -5.16723 -3.20366e-08 
0.581 0.081 -8.91356 -3.16031e-09 
0.583 0.083 -54.0951 -2.62646e-10 
0.585 0.085 2.13038 -1.81741e-11 
0.587 0.087 0.00264352 -1.02923e-12 
0.589 0.089 5.88747e-05 -4.65183e-14 
0.591 0.091 2.10111e-10 -1.72085e-15 
0.593 0.093 3.18107e-12 -5.55112e-17 
0.595 0.095 0 0 
0.597 0.097 0 0 
0.599 0.099 0 0 
0.601 0.101 0 0 
0.603 0.103 0 0 
0.605 0.105 0 0 
0.607 0.107 0 0 
0.609 0.109 0 0 
0.611 0.111 0 0 
0.613 0.113 0 0 
0.615 0.115 0 0 
0.617 0.117 0 0 
0.619 0.119 0 0 
0.621 0.121 0 0 
0.623 0.123 0 0 
0.625 0.125 0 0 
0.627 0.127 0 0 
0.629 0.129 0 0 
0.631 0.131 0 0 
0.633 0.133 0 0 
0.635 0.135 0 0 
0.637 0.137 0 0 
0.639 0.139 0 0 
0.641 0.141 0 0 
0.643 0.143 0 0 
0.645 0.145 0 0 
0.647 0.147 0 0 
0.649 0.149 0 0 
0.651 0.151 0 0 
0.653 0.153 0 0 
0.655 0.155 0 0 
0.657 0.157 0 0 
0.659 0.159 0 0 
0.661 0.161 0 0 
0.663 0.163 0 0 
0.665 0.165 0 0 
0.667 0.167 0 0 
0.669 0.169 0 0 
0.671 0.171 0 0 
0.673 0.173 0 0 
0.675 0.175 0 0 
0.677 0.177 0 0 
0.679 0.179 0 0 
0.681 0.181 0 0 
0.683 0.183 0 0 
0.685 0.185 0 0 
0.687 0.187 0 0 
0.689 0.189 0 0 
0.691 0.191 0 0 
0.693 0.193 0 0 
0.695 0.195 0 0 
0.697 0.197 0 0 
0.699 0.199 0 0 
0.701 0.201 0 0 
0.703 0.203 0 0 
0.705 0.205 0 0 
0.707 0.207 0 0 
0.709 0.209 0 0 
0.711 0.211 0 0 
0.713 0.213 0 0 
0.715 0.215 0 0 
0.717 0.217 0 0 
0.719 0.219 0 0 
0.721 0.221 0 0 
0.723 0.223 0 0 
0.725 0.225 0 0 
0.727 0.227 0 0 
0.729 0.229 0 0 
0.731 0.231 0 0 
0.733 0.233 0 0 
0.735 0.235 0 0 
0.737 0.237 0 0 
0.739 0.239 0 0 
0.741 0.241 0 0 
0.743 0.243 0 0 
0.745 0.245 0 0 
0.747 0.247 0 0 
0.749 0.249 0 0 
0.751 0.251 0 0 
0.753 0.253 0 0 
0.755 0.255 0 0 
0.757 0.257 0 0 
0.759 0.259 0 0 
0.761 0.261 0 0 
0.763 0.263 0 0 
0.765 0.265 0 0 
0.767 0.267 0 0 
0.769 0.269 0 0 
0.771 0.271 0 0 
0.773 0.273 0 0 
0.775 0.275 0 0 
0.777 0.277 0 0 
0.779 0.279 0 0 
0.781 0.281 0 0 
0.783 0.283 0 0 
0.785 0.285 0 0 
0.787 0.287 0 0 
0.789 0.289 0 0 
0.791 0.291 0 0 
0.793 0.293 0 0 
0.795 0.295 0 0 
0.797 0.297 0 0 
0.799 0.299 0 0 
0.801 0.301 0 0 
0.803 0.303 0 0 
0.805 0.305 0 0 
0.807 0.307 0 0 
0.809 0.309 0 0 
0.811 0.311 0 0 
0.813 0.313 0 0 
0.815 0.315 0 0 
0.817 0.317 0 0 
0.819 0.319 0 0 
0.821 0.321 0 0 
0.823 0.323 0 0 
0.825 0.325 0 0 
0.827 0.327 0 0 
0.829 0.329 0 0 
0.831 0.331 0 0 
0.833 0.333 0 0 
0.835 0.335 0 0 
0.837 0.337 0 0 
0.839 0.339 0 0 
0.841 0.341 0 0 
0.843 0.343 0 0 
0.845 0.345 0 0 
0.847 0.347 0 0 
0.849 0.349 0 0 
0.851 0.351 0 0 
0.853 0.353 0 0 
0.855 0.355 0 0 
0.857 0.357 0 0 
0.859 0.359 0 0 
0.861 0.361 0 0 
0.863 0.363 0 0 
0.865 0.365 0 0 
0.867 0.367 0 0 
0.869 0.369 0 0 
0.871 0.371 0 0 
0.873 0.373 0 0 
0.875 0.375 0 0 
0.877 0.377 0 0 
0.879 0.379 0 0 
0.881 0.381 0 0 
0.883 0.383 0 0 
0.885 0.385 0 0 
0.887 0.387 0 0 
0.889 0.389 0 0 
0.891 0.391 0 0 
0.893 0.393 0 0 
0.895 0.395 0 0 
0.897 0.397 0 0 
0.899 0.399 0 0 
0.901 0.401 0 0 
0.903 0.403 0 0 
0.905 0.405 0 0 
0.907 0.407 0 0 
0.909 0.409 0 0 
0.911 0.411 0 0 
0.913 0.413 0 0 
0.915 0.415 0 0 
0.917 0.417 0 0 
0.919 0.419 0 0 
0.921 0.421 0 0 
0.923 0.423 0 0 
0.925 0.425 0 0 
0.927 0.427 0 0 
0.929 0.429 0 0 
0.931 0.431 0 0 
0.933 0.433 0 0 
0.935 0.435 0 0 
0.937 0.437 0 0 
0.939 0.439 0 0 
0.941 0.441 0 0 
0.943 0.443 0 0 
0.945 0.445 0 0 
0.947 0.447 0 0 
0.949 0.449 0 0 
0.951 0.451 0 0 
0.953 0.453 0 0 
0.955 0.455 0 0 
0.957 0.457 0 0 
0.959 0.459 0 0 
0.961 0.461 0 0 
0.963 0.463 0 0 
0.965 0.465 0 0 
0.967 0.467 0 0 
0.969 0.469 0 0 
0.971 0.471 0 0 
0.973 0.473 0 0 
0.975 0.475 0 0 
0.977 0.477 0 0 
0.979 0.479 0 0 
0.981 0.481 0 0 
0.983 0.483 0 0 
0.985 0.485 0 0 
0.987 0.487 0 0 
0.989 0.489 0 0 
0.991 0.491 0 0 
0.993 0.493 0 0 
0.995 0.495 0 0 
0.997 0.497 0 0 
0.999 0.499 0 0 
