0.001 -0.499 0 0 
0.003 -0.497 0 0 
0.005 -0.495 0 0 
0.007 -0.493 0 0 
0.009 -0.491 0 0 
0.011 -0.489 0 0 
0.013 -0.487 0 0 
0.015 -0.485 0 0 
0.017 -0.483 0 0 
0.019 -0.481 0 0 
0.021 -0.479 0 0 
0.023 -0.477 0 0 
0.025 -0.475 0 0 
0.027 -0.473 0 0 
0.029 -0.471 0 0 
0.031 -0.469 0 0 
0.033 -0.467 0 0 
0.035 -0.465 0 0 
0.037 -0.463 0 0 
0.039 -0.461 0 0 
0.041 -0.459 0 0 
0.043 -0.457 0 0 
0.045 -0.455 0 0 
0.047 -0.453 0 0 
0.049 -0.451 0 0 
0.051 -0.449 0 0 
0.053 -0.447 0 0 
0.055 -0.445 0 0 
0.057 -0.443 0 0 
0.059 -0.441 0 0 
0.061 -0.439 0 0 
0.063 -0.437 0 0 
0.065 -0.435 0 0 
0.067 -0.433 0 0 
0.069 -0.431 0 0 
0.071 -0.429 0 0 
0.073 -0.427 0 0 
0.075 -0.425 0 0 
0.077 -0.423 0 0 
0.079 -0.421 0 0 
0.081 -0.419 0 0 
0.083 -0.417 0 0 
0.085 -0.415 0 0 
0.087 -0.413 0 0 
0.089 -0.411 0 0 
0.091 -0.409 0 0 
0.093 -0.407 0 0 
0.095 -0.405 0 0 
0.097 -0.403 0 0 
0.099 -0.401 0 0 
0.101 -0.399 0 0 
0.103 -0.397 0 0 
0.105 -0.395 0 0 
0.107 -0.393 0 0 
0.109 -0.391 0 0 
0.111 -0.389 0 0 
0.113 -0.387 0 0 
0.115 -0.385 0 0 
0.117 -0.383 0 0 
0.119 -0.381 0 0 
0.121 -0.379 0 0 
0.123 -0.377 0 0 
0.125 -0.375 0 0 
0.127 -0.373 0 0 
0.129 -0.371 0 0 
0.131 -0.369 0 0 
0.133 -0.367 0 0 
0.135 -0.365 0 0 
0.137 -0.363 0 0 
0.139 -0.361 0 0 
0.141 -0.359 0 0 
0.143 -0.357 0 0 
0.145 -0.355 0 0 
0.147 -0.353 0 0 
0.149 -0.351 0 0 
0.151 -0.349 0 0 
0.153 -0.347 0 0 
0.155 -0.345 0 0 
0.157 -0.343 0 0 
0.159 -0.341 0 0 
0.161 -0.339 0 0 
0.163 -0.337 0 0 
0.165 -0.335 0 0 
0.167 -0.333 0 0 
0.169 -0.331 0 0 
0.171 -0.329 0 0 
0.173 -0.327 0 0 
0.175 -0.325 0 0 
0.177 -0.323 0 0 
0.179 -0.321 0 0 
0.181 -0.319 0 0 
0.183 -0.317 0 0 
0.185 -0.315 0 0 
0.187 -0.313 0 0 
0.189 -0.311 0 0 
0.191 -0.309 0 0 
0.193 -0.307 0 0 
0.195 -0.305 0 0 
0.197 -0.303 0 0 
0.199 -0.301 0 0 
0.201 -0.299 0 0 
0.203 -0.297 0 0 
0.205 -0.295 0 0 
0.207 -0.293 0 0 
0.209 -0.291 0 0 
0.211 -0.289 0 0 
0.213 -0.287 0 0 
0.215 -0.285 0 0 
0.217 -0.283 0 0 
0.219 -0.281 0 0 
0.221 -0.279 0 0 
0.223 -0.277 0 0 
0.225 -0.275 0 0 
0.227 -0.273 0 0 
0.229 -0.271 0 0 
0.231 -0.269 0 0 
0.233 -0.267 0 0 
0.235 -0.265 0 0 
0.237 -0.263 0 0 
0.239 -0.261 0 0 
0.241 -0.259 0 0 
0.243 -0.257 0 0 
0.245 -0.255 0 0 
0.247 -0.253 0 0 
0.249 -0.251 0 0 
0.251 -0.249 0 0 
0.253 -0.247 0 0 
0.255 -0.245 0 0 
0.257 -0.243 0 0 
0.259 -0.241 0 0 
0.261 -0.239 0 0 
0.263 -0.237 0 0 
0.265 -0.235 0 0 
0.267 -0.233 0 0 
0.269 -0.231 0 0 
0.271 -0.229 0 0 
0.273 -0.227 0 0 
0.275 -0.225 0 0 
0.277 -0.223 0 0 
0.279 -0.221 0 0 
0.281 -0.219 0 0 
0.283 -0.217 0 0 
0.285 -0.215 0 0 
0.287 -0.213 0 0 
0.289 -0.211 0 0 
0.291 -0.209 0 0 
0.293 -0.207 0 0 
0.295 -0.205 0 0 
0.297 -0.203 0 0 
0.299 -0.201 0 0 
0.301 -0.199 0 0 
0.303 -0.197 0 0 
0.305 -0.195 0 0 
0.307 -0.193 0 0 
0.309 -0.191 0 0 
0.311 -0.189 0 0 
0.313 -0.187 0 0 
0.315 -0.185 0 0 
0.317 -0.183 0 0 
0.319 -0.181 0 0 
0.321 -0.179 0 0 
0.323 -0.177 0 0 
0.325 -0.175 0 0 
0.327 -0.173 0 0 
0.329 -0.171 0 0 
0.331 -0.169 0 0 
0.333 -0.167 0 0 
0.335 -0.165 0 0 
0.337 -0.163 0 0 
0.339 -0.161 0 0 
0.341 -0.159 0 0 
0.343 -0.157 0 0 
0.345 -0.155 0 0 
0.347 -0.153 0 0 
0.349 -0.151 0 0 
0.351 -0.149 0 0 
0.353 -0.147 0 0 
0.355 -0.145 0 0 
0.357 -0.143 0 0 
0.359 -0.141 0 0 
0.361 -0.139 0 0 
0.363 -0.137 0 0 
0.365 -0.135 0 0 
0.367 -0.133 0 0 
0.369 -0.131 0 0 
0.371 -0.129 0 0 
0.373 -0.127 0 0 
0.375 -0.125 0 0 
0.377 -0.123 0 0 
0.379 -0.121 0 0 
0.381 -0.119 0 0 
0.383 -0.117 0 0 
0.385 -0.115 0 0 
0.387 -0.113 0 0 
0.389 -0.111 0 0 
0.391 -0.109 0 0 
0.393 -0.107 0 0 
0.395 -0.105 0 0 
0.397 -0.103 3.44236e-12 -8.03463e-12 
0.399 -0.101 7.43414e-11 -6.88815e-10 
0.401 -0.099 8.42173e-10 -5.28225e-08 
0.403 -0.097 6.6179e-09 -4.0856e-06 
0.405 -0.095 4.03247e-08 -0.000322213 
0.407 -0.093 2.02189e-07 -0.0236792 
0.409 -0.091 8.6529e-07 -0.687066 
0.411 -0.089 3.23921e-06 -0.784843 
0.413 -0.087 1.07936e-05 -1.18935 
0.415 -0.085 3.243e-05 -0.562245 
0.417 -0.0830001 8.87276e-05 -1.05457 
0.419 -0.0810002 0.000222761 -0.802899 
0.421 -0.0790006 0.000516363 -0.977086 
0.423 -0.0770015 0.0011107 -0.896826 
0.425 -0.0750035 0.00222657 -0.940579 
0.427 -0.0730074 0.00417603 -0.920067 
0.429 -0.0710147 0.0073554 -0.930552 
0.431 -0.0690277 0.0122131 -0.924939 
0.433 -0.0670493 0.0191945 -0.927901 
0.435 -0.0650832 0.0286769 -0.926222 
0.437 -0.0631338 0.0409133 -0.927438 
0.439 -0.061206 0.0560013 -0.926992 
0.441 -0.0593043 0.0738842 -0.927498 
0.443 -0.0574333 0.0943782 -0.927428 
0.445 -0.0555969 0.117215 -0.927501 
0.447 -0.0537985 0.142091 -0.927409 
0.449 -0.0520404 0.168705 -0.927328 
0.451 -0.0503247 0.196794 -0.927289 
0.453 -0.0486527 0.226152 -0.927338 
0.455 -0.0470252 0.25667 -0.927451 
0.457 -0.0454428 0.287975 -0.927568 
0.459 -0.0439054 0.319754 -0.927618 
0.461 -0.0424125 0.35182 -0.927572 
0.463 -0.0409633 0.384044 -0.927476 
0.465 -0.0395569 0.416319 -0.927393 
0.467 -0.0381923 0.448554 -0.927371 
0.469 -0.0368682 0.480662 -0.927425 
0.471 -0.0355835 0.512558 -0.927525 
0.473 -0.0343369 0.544163 -0.927599 
0.475 -0.033127 0.575391 -0.927566 
0.477 -0.0319525 0.606148 -0.927354 
0.479 -0.0308117 0.636333 -0.92688 
0.481 -0.0297032 0.665824 -0.925978 
0.483 -0.0286254 0.694483 -0.924166 
0.485 -0.0275765 0.722158 -0.921348 
0.487 -0.0265547 0.748676 -0.918151 
0.489 -0.0255581 0.77385 -0.914464 
0.491 -0.0245846 0.797492 -0.909578 
0.493 -0.0236323 0.81941 -0.90307 
0.495 -0.0226989 0.839424 -0.89463 
0.497 -0.0217822 0.857376 -0.884098 
0.499 -0.0208798 0.873123 -0.871449 
0.501 0.0208546 0.886535 -0.856723 
0.503 0.0217734 0.897518 -0.839999 
0.505 0.0227077 0.905966 -0.82141 
0.507 0.0236596 0.911899 -0.801114 
0.509 0.024631 0.915823 -0.779273 
0.511 0.0256236 0.918779 -0.756057 
0.513 0.0266393 0.921683 -0.731647 
0.515 0.0276797 0.924568 -0.706226 
0.517 0.0287463 0.926877 -0.679957 
0.519 0.0298405 0.927967 -0.652979 
0.521 0.0309637 0.928088 -0.625419 
0.523 0.0321173 0.927985 -0.597397 
0.525 0.0333023 0.927908 -0.569012 
0.527 0.0345198 0.927888 -0.540344 
0.529 0.0357711 0.92785 -0.511453 
0.531 0.037057 0.927723 -0.482392 
0.533 0.0383787 0.927514 -0.453212 
0.535 0.0397369 0.927297 -0.423955 
0.537 0.0411327 0.927145 -0.394656 
0.539 0.0425669 0.927082 -0.365332 
0.541 0.0440405 0.927066 -0.335994 
0.543 0.0455542 0.927047 -0.306668 
0.545 0.047109 0.927061 -0.27739 
0.547 0.0487057 0.927227 -0.248187 
0.549 0.050345 0.927631 -0.219064 
0.551 0.0520278 0.928121 -0.190048 
0.553 0.0537546 0.928332 -0.161162 
0.555 0.0555263 0.92804 -0.132457 
0.557 0.0573435 0.927338 -0.103891 
0.559 0.0592069 0.926051 -0.0756516 
0.561 0.0611134 0.924297 -0.0506001 
0.563 0.0630554 0.921605 -0.0306722 
0.565 0.0650236 0.917966 -0.0164099 
0.567 0.0670086 0.914287 -0.00753183 
0.569 0.0690027 0.908043 -0.00290329 
0.571 0.0710007 0.90195 -0.000931723 
0.573 0.0730002 14.8037 -0.000249882 
0.575 0.075 44.3896 -5.65668e-05 
0.577 0.077 15.4461 -1.0915e-05 
0.579 0.079 31.0687 -1.8076e-06 
0.581 0.081 17.8484 -2.57804e-07 
0.583 0.083 28.9868 -3.16696e-08 
0.585 0.085 31.8156 -3.34183e-09 
0.587 0.087 17.2324 -3.01255e-10 
0.589 0.089 -25.8613 -2.30005e-11 
0.591 0.091 3.22998 -1.46871e-12 
0.593 0.093 0.000105417 -7.72715e-14 
0.595 0.095 7.60584e-06 -3.33067e-15 
0.597 0.097 7.08061e-12 -1.11022e-16 
0.599 0.099 2.17215e-13 0 
0.601 0.101 0 0 
0.603 0.103 0 0 
0.605 0.105 0 0 
0.607 0.107 0 0 
0.609 0.109 0 0 
0.611 0.111 0 0 
0.613 0.113 0 0 
0.615 0.115 0 0 
0.617 0.117 0 0 
0.619 0.119 0 0 
0.621 0.121 0 0 
0.623 0.123 0 0 
0.625 0.125 0 0 
0.627 0.127 0 0 
0.629 0.129 0 0 
0.631 0.131 0 0 
0.633 0.133 0 0 
0.635 0.135 0 0 
0.637 0.137 0 0 
0.639 0.139 0 0 
0.641 0.141 0 0 
0.643 0.143 0 0 
0.645 0.145 0 0 
0.647 0.147 0 0 
0.649 0.149 0 0 
0.651 0.151 0 0 
0.653 0.153 0 0 
0.655 0.155 0 0 
0.657 0.157 0 0 
0.659 0.159 0 0 
0.661 0.161 0 0 
0.663 0.163 0 0 
0.665 0.165 0 0 
0.667 0.167 0 0 
0.669 0.169 0 0 
0.671 0.171 0 0 
0.673 0.173 0 0 
0.675 0.175 0 0 
0.677 0.177 0 0 
0.679 0.179 0 0 
0.681 0.181 0 0 
0.683 0.183 0 0 
0.685 0.185 0 0 
0.687 0.187 0 0 
0.689 0.189 0 0 
0.691 0.191 0 0 
0.693 0.193 0 0 
0.695 0.195 0 0 
0.697 0.197 0 0 
0.699 0.199 0 0 
0.701 0.201 0 0 
0.703 0.203 0 0 
0.705 0.205 0 0 
0.707 0.207 0 0 
0.709 0.209 0 0 
0.711 0.211 0 0 
0.713 0.213 0 0 
0.715 0.215 0 0 
0.717 0.217 0 0 
0.719 0.219 0 0 
0.721 0.221 0 0 
0.723 0.223 0 0 
0.725 0.225 0 0 
0.727 0.227 0 0 
0.729 0.229 0 0 
0.731 0.231 0 0 
0.733 0.233 0 0 
0.735 0.235 0 0 
0.737 0.237 0 0 
0.739 0.239 0 0 
0.741 0.241 0 0 
0.743 0.243 0 0 
0.745 0.245 0 0 
0.747 0.247 0 0 
0.749 0.249 0 0 
0.751 0.251 0 0 
0.753 0.253 0 0 
0.755 0.255 0 0 
0.757 0.257 0 0 
0.759 0.259 0 0 
0.761 0.261 0 0 
0.763 0.263 0 0 
0.765 0.265 0 0 
0.767 0.267 0 0 
0.769 0.269 0 0 
0.771 0.271 0 0 
0.773 0.273 0 0 
0.775 0.275 0 0 
0.777 0.277 0 0 
0.779 0.279 0 0 
0.781 0.281 0 0 
0.783 0.283 0 0 
0.785 0.285 0 0 
0.787 0.287 0 0 
0.789 0.289 0 0 
0.791 0.291 0 0 
0.793 0.293 0 0 
0.795 0.295 0 0 
0.797 0.297 0 0 
0.799 0.299 0 0 
0.801 0.301 0 0 
0.803 0.303 0 0 
0.805 0.305 0 0 
0.807 0.307 0 0 
0.809 0.309 0 0 
0.811 0.311 0 0 
0.813 0.313 0 0 
0.815 0.315 0 0 
0.817 0.317 0 0 
0.819 0.319 0 0 
0.821 0.321 0 0 
0.823 0.323 0 0 
0.825 0.325 0 0 
0.827 0.327 0 0 
0.829 0.329 0 0 
0.831 0.331 0 0 
0.833 0.333 0 0 
0.835 0.335 0 0 
0.837 0.337 0 0 
0.839 0.339 0 0 
0.841 0.341 0 0 
0.843 0.343 0 0 
0.845 0.345 0 0 
0.847 0.347 0 0 
0.849 0.349 0 0 
0.851 0.351 0 0 
0.853 0.353 0 0 
0.855 0.355 0 0 
0.857 0.357 0 0 
0.859 0.359 0 0 
0.861 0.361 0 0 
0.863 0.363 0 0 
0.865 0.365 0 0 
0.867 0.367 0 0 
0.869 0.369 0 0 
0.871 0.371 0 0 
0.873 0.373 0 0 
0.875 0.375 0 0 
0.877 0.377 0 0 
0.879 0.379 0 0 
0.881 0.381 0 0 
0.883 0.383 0 0 
0.885 0.385 0 0 
0.887 0.387 0 0 
0.889 0.389 0 0 
0.891 0.391 0 0 
0.893 0.393 0 0 
0.895 0.395 0 0 
0.897 0.397 0 0 
0.899 0.399 0 0 
0.901 0.401 0 0 
0.903 0.403 0 0 
0.905 0.405 0 0 
0.907 0.407 0 0 
0.909 0.409 0 0 
0.911 0.411 0 0 
0.913 0.413 0 0 
0.915 0.415 0 0 
0.917 0.417 0 0 
0.919 0.419 0 0 
0.921 0.421 0 0 
0.923 0.423 0 0 
0.925 0.425 0 0 
0.927 0.427 0 0 
0.929 0.429 0 0 
0.931 0.431 0 0 
0.933 0.433 0 0 
0.935 0.435 0 0 
0.937 0.437 0 0 
0.939 0.439 0 0 
0.941 0.441 0 0 
0.943 0.443 0 0 
0.945 0.445 0 0 
0.947 0.447 0 0 
0.949 0.449 0 0 
0.951 0.451 0 0 
0.953 0.453 0 0 
0.955 0.455 0 0 
0.957 0.457 0 0 
0.959 0.459 0 0 
0.961 0.461 0 0 
0.963 0.463 0 0 
0.965 0.465 0 0 
0.967 0.467 0 0 
0.969 0.469 0 0 
0.971 0.471 0 0 
0.973 0.473 0 0 
0.975 0.475 0 0 
0.977 0.477 0 0 
0.979 0.479 0 0 
0.981 0.481 0 0 
0.983 0.483 0 0 
0.985 0.485 0 0 
0.987 0.487 0 0 
0.989 0.489 0 0 
0.991 0.491 0 0 
0.993 0.493 0 0 
0.995 0.495 0 0 
0.997 0.497 0 0 
0.999 0.499 0 0 
