0.001 -0.499 0 0 
0.003 -0.497 0 0 
0.005 -0.495 0 0 
0.007 -0.493 0 0 
0.009 -0.491 0 0 
0.011 -0.489 0 0 
0.013 -0.487 0 0 
0.015 -0.485 0 0 
0.017 -0.483 0 0 
0.019 -0.481 0 0 
0.021 -0.479 0 0 
0.023 -0.477 0 0 
0.025 -0.475 0 0 
0.027 -0.473 0 0 
0.029 -0.471 0 0 
0.031 -0.469 0 0 
0.033 -0.467 0 0 
0.035 -0.465 0 0 
0.037 -0.463 0 0 
0.039 -0.461 0 0 
0.041 -0.459 0 0 
0.043 -0.457 0 0 
0.045 -0.455 0 0 
0.047 -0.453 0 0 
0.049 -0.451 0 0 
0.051 -0.449 0 0 
0.053 -0.447 0 0 
0.055 -0.445 0 0 
0.057 -0.443 0 0 
0.059 -0.441 0 0 
0.061 -0.439 0 0 
0.063 -0.437 0 0 
0.065 -0.435 0 0 
0.067 -0.433 0 0 
0.069 -0.431 0 0 
0.071 -0.429 0 0 
0.073 -0.427 0 0 
0.075 -0.425 0 0 
0.077 -0.423 0 0 
0.079 -0.421 0 0 
0.081 -0.419 0 0 
0.083 -0.417 0 0 
0.085 -0.415 0 0 
0.087 -0.413 0 0 
0.089 -0.411 0 0 
0.091 -0.409 0 0 
0.093 -0.407 0 0 
0.095 -0.405 0 0 
0.097 -0.403 0 0 
0.099 -0.401 0 0 
0.101 -0.399 0 0 
0.103 -0.397 0 0 
0.105 -0.395 0 0 
0.107 -0.393 0 0 
0.109 -0.391 0 0 
0.111 -0.389 0 0 
0.113 -0.387 0 0 
0.115 -0.385 0 0 
0.117 -0.383 0 0 
0.119 -0.381 0 0 
0.121 -0.379 0 0 
0.123 -0.377 0 0 
0.125 -0.375 0 0 
0.127 -0.373 0 0 
0.129 -0.371 0 0 
0.131 -0.369 0 0 
0.133 -0.367 0 0 
0.135 -0.365 0 0 
0.137 -0.363 0 0 
0.139 -0.361 0 0 
0.141 -0.359 0 0 
0.143 -0.357 0 0 
0.145 -0.355 0 0 
0.147 -0.353 0 0 
0.149 -0.351 0 0 
0.151 -0.349 0 0 
0.153 -0.347 0 0 
0.155 -0.345 0 0 
0.157 -0.343 0 0 
0.159 -0.341 0 0 
0.161 -0.339 0 0 
0.163 -0.337 0 0 
0.165 -0.335 0 0 
0.167 -0.333 0 0 
0.169 -0.331 0 0 
0.171 -0.329 0 0 
0.173 -0.327 0 0 
0.175 -0.325 0 0 
0.177 -0.323 0 0 
0.179 -0.321 0 0 
0.181 -0.319 0 0 
0.183 -0.317 0 0 
0.185 -0.315 0 0 
0.187 -0.313 0 0 
0.189 -0.311 0 0 
0.191 -0.309 0 0 
0.193 -0.307 0 0 
0.195 -0.305 0 0 
0.197 -0.303 0 0 
0.199 -0.301 0 0 
0.201 -0.299 0 0 
0.203 -0.297 0 0 
0.205 -0.295 0 0 
0.207 -0.293 0 0 
0.209 -0.291 0 0 
0.211 -0.289 0 0 
0.213 -0.287 0 0 
0.215 -0.285 0 0 
0.217 -0.283 0 0 
0.219 -0.281 0 0 
0.221 -0.279 0 0 
0.223 -0.277 0 0 
0.225 -0.275 0 0 
0.227 -0.273 0 0 
0.229 -0.271 0 0 
0.231 -0.269 0 0 
0.233 -0.267 0 0 
0.235 -0.265 0 0 
0.237 -0.263 0 0 
0.239 -0.261 0 0 
0.241 -0.259 0 0 
0.243 -0.257 0 0 
0.245 -0.255 0 0 
0.247 -0.253 0 0 
0.249 -0.251 0 0 
0.251 -0.249 0 0 
0.253 -0.247 0 0 
0.255 -0.245 0 0 
0.257 -0.243 0 0 
0.259 -0.241 0 0 
0.261 -0.239 0 0 
0.263 -0.237 0 0 
0.265 -0.235 0 0 
0.267 -0.233 0 0 
0.269 -0.231 0 0 
0.271 -0.229 0 0 
0.273 -0.227 0 0 
0.275 -0.225 0 0 
0.277 -0.223 0 0 
0.279 -0.221 0 0 
0.281 -0.219 0 0 
0.283 -0.217 0 0 
0.285 -0.215 0 0 
0.287 -0.213 0 0 
0.289 -0.211 0 0 
0.291 -0.209 0 0 
0.293 -0.207 0 0 
0.295 -0.205 0 0 
0.297 -0.203 0 0 
0.299 -0.201 0 0 
0.301 -0.199 0 0 
0.303 -0.197 0 0 
0.305 -0.195 0 0 
0.307 -0.193 0 0 
0.309 -0.191 0 0 
0.311 -0.189 0 0 
0.313 -0.187 0 0 
0.315 -0.185 0 0 
0.317 -0.183 0 0 
0.319 -0.181 0 0 
0.321 -0.179 0 0 
0.323 -0.177 0 0 
0.325 -0.175 0 0 
0.327 -0.173 0 0 
0.329 -0.171 0 0 
0.331 -0.169 0 0 
0.333 -0.167 0 0 
0.335 -0.165 0 0 
0.337 -0.163 0 0 
0.339 -0.161 0 0 
0.341 -0.159 0 0 
0.343 -0.157 0 0 
0.345 -0.155 0 0 
0.347 -0.153 0 0 
0.349 -0.151 0 0 
0.351 -0.149 0 0 
0.353 -0.147 0 0 
0.355 -0.145 0 0 
0.357 -0.143 0 0 
0.359 -0.141 0 0 
0.361 -0.139 0 0 
0.363 -0.137 0 0 
0.365 -0.135 0 0 
0.367 -0.133 0 0 
0.369 -0.131 0 0 
0.371 -0.129 0 0 
0.373 -0.127 0 0 
0.375 -0.125 0 0 
0.377 -0.123 0 0 
0.379 -0.121 0 0 
0.381 -0.119 0 0 
0.383 -0.117 0 0 
0.385 -0.115 0 0 
0.387 -0.113 0 0 
0.389 -0.111 0 0 
0.391 -0.109 0 0 
0.393 -0.107 1.35364e-12 -2.73043e-12 
0.395 -0.105 3.01793e-11 -2.37342e-10 
0.397 -0.103 3.52672e-10 -1.82342e-08 
0.399 -0.101 2.85742e-09 -1.41033e-06 
0.401 -0.099 1.79474e-08 -0.000111199 
0.403 -0.097 9.27538e-08 -0.00836967 
0.405 -0.095 4.09169e-07 -0.463519 
0.407 -0.093 1.57916e-06 -0.785143 
0.409 -0.091 5.4265e-06 -1.28579 
0.411 -0.089 1.68203e-05 -0.327281 
0.413 -0.087 4.74989e-05 -1.06583 
0.415 -0.0850001 0.000123151 -0.735848 
0.417 -0.0830003 0.000294971 -0.999466 
0.419 -0.0810008 0.000655992 -0.874546 
0.421 -0.079002 0.00136028 -0.948288 
0.423 -0.0770044 0.00263983 -0.914125 
0.425 -0.075009 0.004811 -0.932541 
0.427 -0.0730175 0.00826205 -0.923589 
0.429 -0.0710321 0.0134177 -0.928664 
0.431 -0.0690558 0.020685 -0.925777 
0.433 -0.0670923 0.0303948 -0.927441 
0.435 -0.065146 0.0427537 -0.926468 
0.437 -0.0632212 0.0578223 -0.927173 
0.439 -0.0613226 0.0755209 -0.927009 
0.441 -0.0594543 0.0956586 -0.927345 
0.443 -0.0576198 0.117974 -0.927404 
0.445 -0.0558223 0.142176 -0.927476 
0.447 -0.0540641 0.167983 -0.927439 
0.449 -0.0523468 0.195152 -0.927367 
0.451 -0.0506717 0.223492 -0.927317 
0.453 -0.0490397 0.2529 -0.927337 
0.455 -0.0474511 0.283028 -0.927432 
0.457 -0.0459059 0.313596 -0.927547 
0.459 -0.0444037 0.344438 -0.927605 
0.461 -0.0429437 0.375441 -0.927582 
0.463 -0.0415251 0.406513 -0.927504 
0.465 -0.040147 0.437572 -0.927422 
0.467 -0.0388083 0.468544 -0.927387 
0.469 -0.0375079 0.499354 -0.927422 
0.471 -0.0362448 0.529934 -0.927506 
0.473 -0.0350176 0.560211 -0.927576 
0.475 -0.0338251 0.590109 -0.92754 
0.477 -0.032666 0.619542 -0.927315 
0.479 -0.0315389 0.648414 -0.926799 
0.481 -0.0304423 0.676612 -0.925769 
0.483 -0.0293747 0.704008 -0.923823 
0.485 -0.0283345 0.730459 -0.921185 
0.487 -0.0273201 0.755804 -0.91831 
0.489 -0.0263296 0.779872 -0.914773 
0.491 -0.0253612 0.802486 -0.91001 
0.493 -0.0244128 0.823468 -0.903677 
0.495 -0.0234825 0.842652 -0.895495 
0.497 -0.0225682 0.859882 -0.885313 
0.499 -0.0216677 0.875017 -0.873115 
0.501 0.0216418 0.887947 -0.858955 
0.503 0.0225583 0.898563 -0.842908 
0.505 0.0234898 0.906751 -0.825077 
0.507 0.024438 0.91255 -0.805608 
0.509 0.0254048 0.916391 -0.784668 
0.511 0.0263919 0.919115 -0.76242 
0.513 0.027401 0.921668 -0.739023 
0.515 0.0284336 0.924309 -0.71464 
0.517 0.0294911 0.92654 -0.68943 
0.519 0.030575 0.927774 -0.663532 
0.521 0.0316865 0.928074 -0.637063 
0.523 0.0328267 0.928006 -0.610127 
0.525 0.0339969 0.927915 -0.58282 
0.527 0.0351982 0.927866 -0.555223 
0.529 0.0364314 0.92781 -0.527401 
0.531 0.0376976 0.927688 -0.499404 
0.533 0.0389977 0.927495 -0.471271 
0.535 0.0403327 0.927293 -0.443045 
0.537 0.0417033 0.927144 -0.414759 
0.539 0.0431104 0.927068 -0.386442 
0.541 0.0445548 0.927042 -0.358112 
0.543 0.0460375 0.927043 -0.32978 
0.545 0.0475591 0.927095 -0.301458 
0.547 0.0491205 0.927277 -0.273177 
0.549 0.0507224 0.92764 -0.24497 
0.551 0.0523655 0.928058 -0.216847 
0.553 0.0540506 0.928153 -0.188816 
0.555 0.0557784 0.927643 -0.1609 
0.557 0.0575495 0.926664 -0.133169 
0.559 0.0593644 0.925238 -0.105584 
0.561 0.061224 0.923231 -0.0781303 
0.563 0.0631259 0.920466 -0.053327 
0.565 0.0650636 0.916453 -0.0331867 
0.567 0.0670282 0.910955 -0.0183837 
0.569 0.0690108 -0.81213 -0.00881674 
0.571 0.0710035 842.221 -0.00357978 
0.573 0.073001 -90.1951 -0.00121711 
0.575 0.0750002 -97.6861 -0.000347007 
0.577 0.077 115.991 -8.37123e-05 
0.579 0.079 221.521 -1.72615e-05 
0.581 0.081 380.367 -3.06598e-06 
0.583 0.083 590.725 -4.71267e-07 
0.585 0.085 594.722 -6.27822e-08 
0.587 0.087 380.838 -7.24032e-09 
0.589 0.089 223.158 -7.2022e-10 
0.591 0.091 114.283 -6.1417e-11 
0.593 0.093 629.208 -4.44894e-12 
0.595 0.095 4.26044 -2.70395e-13 
0.597 0.097 1.57467e-05 -1.36557e-14 
0.599 0.099 2.02519e-06 -5.55112e-16 
0.601 0.101 7.98472e-13 0 
0.603 0.103 4.9627e-14 0 
0.605 0.105 0 0 
0.607 0.107 0 0 
0.609 0.109 0 0 
0.611 0.111 0 0 
0.613 0.113 0 0 
0.615 0.115 0 0 
0.617 0.117 0 0 
0.619 0.119 0 0 
0.621 0.121 0 0 
0.623 0.123 0 0 
0.625 0.125 0 0 
0.627 0.127 0 0 
0.629 0.129 0 0 
0.631 0.131 0 0 
0.633 0.133 0 0 
0.635 0.135 0 0 
0.637 0.137 0 0 
0.639 0.139 0 0 
0.641 0.141 0 0 
0.643 0.143 0 0 
0.645 0.145 0 0 
0.647 0.147 0 0 
0.649 0.149 0 0 
0.651 0.151 0 0 
0.653 0.153 0 0 
0.655 0.155 0 0 
0.657 0.157 0 0 
0.659 0.159 0 0 
0.661 0.161 0 0 
0.663 0.163 0 0 
0.665 0.165 0 0 
0.667 0.167 0 0 
0.669 0.169 0 0 
0.671 0.171 0 0 
0.673 0.173 0 0 
0.675 0.175 0 0 
0.677 0.177 0 0 
0.679 0.179 0 0 
0.681 0.181 0 0 
0.683 0.183 0 0 
0.685 0.185 0 0 
0.687 0.187 0 0 
0.689 0.189 0 0 
0.691 0.191 0 0 
0.693 0.193 0 0 
0.695 0.195 0 0 
0.697 0.197 0 0 
0.699 0.199 0 0 
0.701 0.201 0 0 
0.703 0.203 0 0 
0.705 0.205 0 0 
0.707 0.207 0 0 
0.709 0.209 0 0 
0.711 0.211 0 0 
0.713 0.213 0 0 
0.715 0.215 0 0 
0.717 0.217 0 0 
0.719 0.219 0 0 
0.721 0.221 0 0 
0.723 0.223 0 0 
0.725 0.225 0 0 
0.727 0.227 0 0 
0.729 0.229 0 0 
0.731 0.231 0 0 
0.733 0.233 0 0 
0.735 0.235 0 0 
0.737 0.237 0 0 
0.739 0.239 0 0 
0.741 0.241 0 0 
0.743 0.243 0 0 
0.745 0.245 0 0 
0.747 0.247 0 0 
0.749 0.249 0 0 
0.751 0.251 0 0 
0.753 0.253 0 0 
0.755 0.255 0 0 
0.757 0.257 0 0 
0.759 0.259 0 0 
0.761 0.261 0 0 
0.763 0.263 0 0 
0.765 0.265 0 0 
0.767 0.267 0 0 
0.769 0.269 0 0 
0.771 0.271 0 0 
0.773 0.273 0 0 
0.775 0.275 0 0 
0.777 0.277 0 0 
0.779 0.279 0 0 
0.781 0.281 0 0 
0.783 0.283 0 0 
0.785 0.285 0 0 
0.787 0.287 0 0 
0.789 0.289 0 0 
0.791 0.291 0 0 
0.793 0.293 0 0 
0.795 0.295 0 0 
0.797 0.297 0 0 
0.799 0.299 0 0 
0.801 0.301 0 0 
0.803 0.303 0 0 
0.805 0.305 0 0 
0.807 0.307 0 0 
0.809 0.309 0 0 
0.811 0.311 0 0 
0.813 0.313 0 0 
0.815 0.315 0 0 
0.817 0.317 0 0 
0.819 0.319 0 0 
0.821 0.321 0 0 
0.823 0.323 0 0 
0.825 0.325 0 0 
0.827 0.327 0 0 
0.829 0.329 0 0 
0.831 0.331 0 0 
0.833 0.333 0 0 
0.835 0.335 0 0 
0.837 0.337 0 0 
0.839 0.339 0 0 
0.841 0.341 0 0 
0.843 0.343 0 0 
0.845 0.345 0 0 
0.847 0.347 0 0 
0.849 0.349 0 0 
0.851 0.351 0 0 
0.853 0.353 0 0 
0.855 0.355 0 0 
0.857 0.357 0 0 
0.859 0.359 0 0 
0.861 0.361 0 0 
0.863 0.363 0 0 
0.865 0.365 0 0 
0.867 0.367 0 0 
0.869 0.369 0 0 
0.871 0.371 0 0 
0.873 0.373 0 0 
0.875 0.375 0 0 
0.877 0.377 0 0 
0.879 0.379 0 0 
0.881 0.381 0 0 
0.883 0.383 0 0 
0.885 0.385 0 0 
0.887 0.387 0 0 
0.889 0.389 0 0 
0.891 0.391 0 0 
0.893 0.393 0 0 
0.895 0.395 0 0 
0.897 0.397 0 0 
0.899 0.399 0 0 
0.901 0.401 0 0 
0.903 0.403 0 0 
0.905 0.405 0 0 
0.907 0.407 0 0 
0.909 0.409 0 0 
0.911 0.411 0 0 
0.913 0.413 0 0 
0.915 0.415 0 0 
0.917 0.417 0 0 
0.919 0.419 0 0 
0.921 0.421 0 0 
0.923 0.423 0 0 
0.925 0.425 0 0 
0.927 0.427 0 0 
0.929 0.429 0 0 
0.931 0.431 0 0 
0.933 0.433 0 0 
0.935 0.435 0 0 
0.937 0.437 0 0 
0.939 0.439 0 0 
0.941 0.441 0 0 
0.943 0.443 0 0 
0.945 0.445 0 0 
0.947 0.447 0 0 
0.949 0.449 0 0 
0.951 0.451 0 0 
0.953 0.453 0 0 
0.955 0.455 0 0 
0.957 0.457 0 0 
0.959 0.459 0 0 
0.961 0.461 0 0 
0.963 0.463 0 0 
0.965 0.465 0 0 
0.967 0.467 0 0 
0.969 0.469 0 0 
0.971 0.471 0 0 
0.973 0.473 0 0 
0.975 0.475 0 0 
0.977 0.477 0 0 
0.979 0.479 0 0 
0.981 0.481 0 0 
0.983 0.483 0 0 
0.985 0.485 0 0 
0.987 0.487 0 0 
0.989 0.489 0 0 
0.991 0.491 0 0 
0.993 0.493 0 0 
0.995 0.495 0 0 
0.997 0.497 0 0 
0.999 0.499 0 0 
