0.001 -0.499 0 0 
0.003 -0.497 0 0 
0.005 -0.495 0 0 
0.007 -0.493 0 0 
0.009 -0.491 0 0 
0.011 -0.489 0 0 
0.013 -0.487 0 0 
0.015 -0.485 0 0 
0.017 -0.483 0 0 
0.019 -0.481 0 0 
0.021 -0.479 0 0 
0.023 -0.477 0 0 
0.025 -0.475 0 0 
0.027 -0.473 0 0 
0.029 -0.471 0 0 
0.031 -0.469 0 0 
0.033 -0.467 0 0 
0.035 -0.465 0 0 
0.037 -0.463 0 0 
0.039 -0.461 0 0 
0.041 -0.459 0 0 
0.043 -0.457 0 0 
0.045 -0.455 0 0 
0.047 -0.453 0 0 
0.049 -0.451 0 0 
0.051 -0.449 0 0 
0.053 -0.447 0 0 
0.055 -0.445 0 0 
0.057 -0.443 0 0 
0.059 -0.441 0 0 
0.061 -0.439 0 0 
0.063 -0.437 0 0 
0.065 -0.435 0 0 
0.067 -0.433 0 0 
0.069 -0.431 0 0 
0.071 -0.429 0 0 
0.073 -0.427 0 0 
0.075 -0.425 0 0 
0.077 -0.423 0 0 
0.079 -0.421 0 0 
0.081 -0.419 0 0 
0.083 -0.417 0 0 
0.085 -0.415 0 0 
0.087 -0.413 0 0 
0.089 -0.411 0 0 
0.091 -0.409 0 0 
0.093 -0.407 0 0 
0.095 -0.405 0 0 
0.097 -0.403 0 0 
0.099 -0.401 0 0 
0.101 -0.399 0 0 
0.103 -0.397 0 0 
0.105 -0.395 0 0 
0.107 -0.393 0 0 
0.109 -0.391 0 0 
0.111 -0.389 0 0 
0.113 -0.387 0 0 
0.115 -0.385 0 0 
0.117 -0.383 0 0 
0.119 -0.381 0 0 
0.121 -0.379 0 0 
0.123 -0.377 0 0 
0.125 -0.375 0 0 
0.127 -0.373 0 0 
0.129 -0.371 0 0 
0.131 -0.369 0 0 
0.133 -0.367 0 0 
0.135 -0.365 0 0 
0.137 -0.363 0 0 
0.139 -0.361 0 0 
0.141 -0.359 0 0 
0.143 -0.357 0 0 
0.145 -0.355 0 0 
0.147 -0.353 0 0 
0.149 -0.351 0 0 
0.151 -0.349 0 0 
0.153 -0.347 0 0 
0.155 -0.345 0 0 
0.157 -0.343 0 0 
0.159 -0.341 0 0 
0.161 -0.339 0 0 
0.163 -0.337 0 0 
0.165 -0.335 0 0 
0.167 -0.333 0 0 
0.169 -0.331 0 0 
0.171 -0.329 0 0 
0.173 -0.327 0 0 
0.175 -0.325 0 0 
0.177 -0.323 0 0 
0.179 -0.321 0 0 
0.181 -0.319 0 0 
0.183 -0.317 0 0 
0.185 -0.315 0 0 
0.187 -0.313 0 0 
0.189 -0.311 0 0 
0.191 -0.309 0 0 
0.193 -0.307 0 0 
0.195 -0.305 0 0 
0.197 -0.303 0 0 
0.199 -0.301 0 0 
0.201 -0.299 0 0 
0.203 -0.297 0 0 
0.205 -0.295 0 0 
0.207 -0.293 0 0 
0.209 -0.291 0 0 
0.211 -0.289 0 0 
0.213 -0.287 0 0 
0.215 -0.285 0 0 
0.217 -0.283 0 0 
0.219 -0.281 0 0 
0.221 -0.279 0 0 
0.223 -0.277 0 0 
0.225 -0.275 0 0 
0.227 -0.273 0 0 
0.229 -0.271 0 0 
0.231 -0.269 0 0 
0.233 -0.267 0 0 
0.235 -0.265 0 0 
0.237 -0.263 0 0 
0.239 -0.261 0 0 
0.241 -0.259 0 0 
0.243 -0.257 0 0 
0.245 -0.255 0 0 
0.247 -0.253 0 0 
0.249 -0.251 0 0 
0.251 -0.249 0 0 
0.253 -0.247 0 0 
0.255 -0.245 0 0 
0.257 -0.243 0 0 
0.259 -0.241 0 0 
0.261 -0.239 0 0 
0.263 -0.237 0 0 
0.265 -0.235 0 0 
0.267 -0.233 0 0 
0.269 -0.231 0 0 
0.271 -0.229 0 0 
0.273 -0.227 0 0 
0.275 -0.225 0 0 
0.277 -0.223 0 0 
0.279 -0.221 0 0 
0.281 -0.219 0 0 
0.283 -0.217 0 0 
0.285 -0.215 0 0 
0.287 -0.213 0 0 
0.289 -0.211 0 0 
0.291 -0.209 0 0 
0.293 -0.207 0 0 
0.295 -0.205 0 0 
0.297 -0.203 0 0 
0.299 -0.201 0 0 
0.301 -0.199 0 0 
0.303 -0.197 0 0 
0.305 -0.195 0 0 
0.307 -0.193 0 0 
0.309 -0.191 0 0 
0.311 -0.189 0 0 
0.313 -0.187 0 0 
0.315 -0.185 0 0 
0.317 -0.183 0 0 
0.319 -0.181 0 0 
0.321 -0.179 0 0 
0.323 -0.177 0 0 
0.325 -0.175 0 0 
0.327 -0.173 0 0 
0.329 -0.171 0 0 
0.331 -0.169 0 0 
0.333 -0.167 0 0 
0.335 -0.165 0 0 
0.337 -0.163 0 0 
0.339 -0.161 0 0 
0.341 -0.159 0 0 
0.343 -0.157 0 0 
0.345 -0.155 0 0 
0.347 -0.153 0 0 
0.349 -0.151 0 0 
0.351 -0.149 0 0 
0.353 -0.147 0 0 
0.355 -0.145 0 0 
0.357 -0.143 0 0 
0.359 -0.141 0 0 
0.361 -0.139 0 0 
0.363 -0.137 0 0 
0.365 -0.135 0 0 
0.367 -0.133 0 0 
0.369 -0.131 0 0 
0.371 -0.129 0 0 
0.373 -0.127 0 0 
0.375 -0.125 0 0 
0.377 -0.123 3.2585e-14 -3.63043e-14 
0.379 -0.121 8.16514e-13 -3.33966e-12 
0.381 -0.119 1.06972e-11 -2.58833e-10 
0.383 -0.117 9.70043e-11 -2.00247e-08 
0.385 -0.115 6.81204e-10 -1.5761e-06 
0.387 -0.113 3.93421e-09 -0.000121048 
0.389 -0.111 1.93944e-08 -0.0119298 
0.391 -0.109 8.36783e-08 -0.222653 
0.393 -0.107 3.21696e-07 -2.60158 
0.395 -0.105 1.11678e-06 2.35138 
0.397 -0.103 3.53691e-06 0.244306 
0.399 -0.101 1.03018e-05 238.171 
0.401 -0.099 2.77737e-05 284.598 
0.403 -0.0970001 6.96703e-05 5.43654 
0.405 -0.0950002 0.000163311 -4.28205 
0.407 -0.0930005 0.000358988 -0.819061 
0.409 -0.0910011 0.000742248 -0.941207 
0.411 -0.0890024 0.00144732 -0.887141 
0.413 -0.0870049 0.0026679 -0.927856 
0.415 -0.0850096 0.00465998 -0.91128 
0.417 -0.0830178 0.00773144 -0.92518 
0.419 -0.0810315 0.0122162 -0.920129 
0.421 -0.079053 0.0184358 -0.925447 
0.423 -0.0770856 0.0266572 -0.923905 
0.425 -0.0751326 0.0370575 -0.926068 
0.427 -0.0731977 0.0497041 -0.925638 
0.429 -0.0712848 0.0645554 -0.926533 
0.431 -0.0693973 0.081478 -0.926456 
0.433 -0.0675385 0.100274 -0.926776 
0.435 -0.065711 0.120713 -0.926806 
0.437 -0.063917 0.142558 -0.926898 
0.439 -0.0621581 0.165593 -0.926981 
0.441 -0.0604356 0.189635 -0.927107 
0.443 -0.0587503 0.21455 -0.927254 
0.445 -0.0571028 0.240239 -0.927383 
0.447 -0.0554935 0.266444 -0.927457 
0.449 -0.0539221 0.292975 -0.927463 
0.451 -0.0523884 0.319728 -0.927428 
0.453 -0.0508919 0.346632 -0.927406 
0.455 -0.049432 0.373631 -0.927427 
0.457 -0.0480081 0.400677 -0.927485 
0.459 -0.0466194 0.427723 -0.92755 
0.461 -0.0452653 0.454725 -0.927585 
0.463 -0.043945 0.481643 -0.927567 
0.465 -0.0426575 0.508436 -0.927508 
0.467 -0.0414021 0.535061 -0.92745 
0.469 -0.0401779 0.561476 -0.927431 
0.471 -0.0389838 0.587636 -0.927451 
0.473 -0.0378191 0.613489 -0.927457 
0.475 -0.0366827 0.638977 -0.927362 
0.477 -0.0355735 0.664033 -0.927049 
0.479 -0.0344905 0.688579 -0.926306 
0.481 -0.0334326 0.712528 -0.92494 
0.483 -0.0323985 0.735779 -0.923166 
0.485 -0.0313871 0.75822 -0.921257 
0.487 -0.030397 0.77973 -0.918944 
0.489 -0.0294268 0.800177 -0.915782 
0.491 -0.028475 0.819423 -0.911475 
0.493 -0.0275401 0.83733 -0.905775 
0.495 -0.0266204 0.85376 -0.898514 
0.497 -0.0257144 0.868579 -0.889608 
0.499 -0.0248202 0.881664 -0.879038 
0.501 0.0247917 0.892893 -0.86682 
0.503 0.0257005 0.902161 -0.853009 
0.505 0.026622 0.909419 -0.837698 
0.507 0.0275577 0.914702 -0.821009 
0.509 0.0285091 0.91822 -0.803075 
0.511 0.0294777 0.920477 -0.784023 
0.513 0.0304646 0.922183 -0.763982 
0.515 0.0314713 0.923842 -0.743077 
0.517 0.0324989 0.925531 -0.721435 
0.519 0.0335484 0.926961 -0.699163 
0.521 0.034621 0.927774 -0.676355 
0.523 0.0357176 0.927979 -0.653095 
0.525 0.0368392 0.927916 -0.629464 
0.527 0.0379866 0.927818 -0.605532 
0.529 0.0391607 0.92771 -0.581354 
0.531 0.0403622 0.927574 -0.556976 
0.533 0.0415918 0.927423 -0.532434 
0.535 0.0428504 0.92727 -0.507768 
0.537 0.0441386 0.927139 -0.483009 
0.539 0.0454571 0.927055 -0.458181 
0.541 0.0468065 0.92703 -0.433298 
0.543 0.0481876 0.927069 -0.408378 
0.545 0.0496009 0.927181 -0.383436 
0.547 0.0510471 0.927366 -0.358489 
0.549 0.0525267 0.927572 -0.333551 
0.551 0.0540405 0.927571 -0.308627 
0.553 0.055589 -25968.1 -0.283726 
0.555 0.0571729 3333.96 -0.258859 
0.557 0.0587927 23563.4 -0.234037 
0.559 0.0604489 78370.6 -0.209274 
0.561 0.0621422 -894287 -0.184593 
0.563 0.0638731 1.2294e+06 -0.160019 
0.565 0.065642 93368.3 -0.135547 
0.567 0.0674494 87685.6 -0.111199 
0.569 0.0692958 63897 -0.0869519 
0.571 0.0711812 21656.5 -0.0634866 
0.573 0.073102 -63369.8 -0.0430673 
0.575 0.0750518 -63914.5 -0.0267287 
0.577 0.0770233 -55491.7 -0.0148299 
0.579 0.0790091 -64517.4 -0.00718303 
0.581 0.0810031 -183838 -0.00298452 
0.583 0.0830009 401760 -0.00105593 
0.585 0.0850002 -275573 -0.000318952 
0.587 0.0870001 -810129 -8.29481e-05 
0.589 0.089 -4.37092e+07 -1.87487e-05 
0.591 0.091 -4.37549e+07 -3.71167e-06 
0.593 0.093 -4.38006e+07 -6.46952e-07 
0.595 0.095 6.78241e+06 -9.95723e-08 
0.597 0.097 1.42709e+06 -1.35449e-08 
0.599 0.099 -391721 -1.62724e-09 
0.601 0.101 60765.7 -1.72247e-10 
0.603 0.103 1.283e+06 -1.60026e-11 
0.605 0.105 2.16336e+06 -1.29757e-12 
0.607 0.107 4.69068e+06 -9.12603e-14 
0.609 0.109 846615 -5.66214e-15 
0.611 0.111 7.79173 -2.77556e-16 
0.613 0.113 4.11405e-08 0 
0.615 0.115 7.88259e-09 0 
0.617 0.117 7.21645e-16 0 
0.619 0.119 1.11022e-16 0 
0.621 0.121 0 0 
0.623 0.123 0 0 
0.625 0.125 0 0 
0.627 0.127 0 0 
0.629 0.129 0 0 
0.631 0.131 0 0 
0.633 0.133 0 0 
0.635 0.135 0 0 
0.637 0.137 0 0 
0.639 0.139 0 0 
0.641 0.141 0 0 
0.643 0.143 0 0 
0.645 0.145 0 0 
0.647 0.147 0 0 
0.649 0.149 0 0 
0.651 0.151 0 0 
0.653 0.153 0 0 
0.655 0.155 0 0 
0.657 0.157 0 0 
0.659 0.159 0 0 
0.661 0.161 0 0 
0.663 0.163 0 0 
0.665 0.165 0 0 
0.667 0.167 0 0 
0.669 0.169 0 0 
0.671 0.171 0 0 
0.673 0.173 0 0 
0.675 0.175 0 0 
0.677 0.177 0 0 
0.679 0.179 0 0 
0.681 0.181 0 0 
0.683 0.183 0 0 
0.685 0.185 0 0 
0.687 0.187 0 0 
0.689 0.189 0 0 
0.691 0.191 0 0 
0.693 0.193 0 0 
0.695 0.195 0 0 
0.697 0.197 0 0 
0.699 0.199 0 0 
0.701 0.201 0 0 
0.703 0.203 0 0 
0.705 0.205 0 0 
0.707 0.207 0 0 
0.709 0.209 0 0 
0.711 0.211 0 0 
0.713 0.213 0 0 
0.715 0.215 0 0 
0.717 0.217 0 0 
0.719 0.219 0 0 
0.721 0.221 0 0 
0.723 0.223 0 0 
0.725 0.225 0 0 
0.727 0.227 0 0 
0.729 0.229 0 0 
0.731 0.231 0 0 
0.733 0.233 0 0 
0.735 0.235 0 0 
0.737 0.237 0 0 
0.739 0.239 0 0 
0.741 0.241 0 0 
0.743 0.243 0 0 
0.745 0.245 0 0 
0.747 0.247 0 0 
0.749 0.249 0 0 
0.751 0.251 0 0 
0.753 0.253 0 0 
0.755 0.255 0 0 
0.757 0.257 0 0 
0.759 0.259 0 0 
0.761 0.261 0 0 
0.763 0.263 0 0 
0.765 0.265 0 0 
0.767 0.267 0 0 
0.769 0.269 0 0 
0.771 0.271 0 0 
0.773 0.273 0 0 
0.775 0.275 0 0 
0.777 0.277 0 0 
0.779 0.279 0 0 
0.781 0.281 0 0 
0.783 0.283 0 0 
0.785 0.285 0 0 
0.787 0.287 0 0 
0.789 0.289 0 0 
0.791 0.291 0 0 
0.793 0.293 0 0 
0.795 0.295 0 0 
0.797 0.297 0 0 
0.799 0.299 0 0 
0.801 0.301 0 0 
0.803 0.303 0 0 
0.805 0.305 0 0 
0.807 0.307 0 0 
0.809 0.309 0 0 
0.811 0.311 0 0 
0.813 0.313 0 0 
0.815 0.315 0 0 
0.817 0.317 0 0 
0.819 0.319 0 0 
0.821 0.321 0 0 
0.823 0.323 0 0 
0.825 0.325 0 0 
0.827 0.327 0 0 
0.829 0.329 0 0 
0.831 0.331 0 0 
0.833 0.333 0 0 
0.835 0.335 0 0 
0.837 0.337 0 0 
0.839 0.339 0 0 
0.841 0.341 0 0 
0.843 0.343 0 0 
0.845 0.345 0 0 
0.847 0.347 0 0 
0.849 0.349 0 0 
0.851 0.351 0 0 
0.853 0.353 0 0 
0.855 0.355 0 0 
0.857 0.357 0 0 
0.859 0.359 0 0 
0.861 0.361 0 0 
0.863 0.363 0 0 
0.865 0.365 0 0 
0.867 0.367 0 0 
0.869 0.369 0 0 
0.871 0.371 0 0 
0.873 0.373 0 0 
0.875 0.375 0 0 
0.877 0.377 0 0 
0.879 0.379 0 0 
0.881 0.381 0 0 
0.883 0.383 0 0 
0.885 0.385 0 0 
0.887 0.387 0 0 
0.889 0.389 0 0 
0.891 0.391 0 0 
0.893 0.393 0 0 
0.895 0.395 0 0 
0.897 0.397 0 0 
0.899 0.399 0 0 
0.901 0.401 0 0 
0.903 0.403 0 0 
0.905 0.405 0 0 
0.907 0.407 0 0 
0.909 0.409 0 0 
0.911 0.411 0 0 
0.913 0.413 0 0 
0.915 0.415 0 0 
0.917 0.417 0 0 
0.919 0.419 0 0 
0.921 0.421 0 0 
0.923 0.423 0 0 
0.925 0.425 0 0 
0.927 0.427 0 0 
0.929 0.429 0 0 
0.931 0.431 0 0 
0.933 0.433 0 0 
0.935 0.435 0 0 
0.937 0.437 0 0 
0.939 0.439 0 0 
0.941 0.441 0 0 
0.943 0.443 0 0 
0.945 0.445 0 0 
0.947 0.447 0 0 
0.949 0.449 0 0 
0.951 0.451 0 0 
0.953 0.453 0 0 
0.955 0.455 0 0 
0.957 0.457 0 0 
0.959 0.459 0 0 
0.961 0.461 0 0 
0.963 0.463 0 0 
0.965 0.465 0 0 
0.967 0.467 0 0 
0.969 0.469 0 0 
0.971 0.471 0 0 
0.973 0.473 0 0 
0.975 0.475 0 0 
0.977 0.477 0 0 
0.979 0.479 0 0 
0.981 0.481 0 0 
0.983 0.483 0 0 
0.985 0.485 0 0 
0.987 0.487 0 0 
0.989 0.489 0 0 
0.991 0.491 0 0 
0.993 0.493 0 0 
0.995 0.495 0 0 
0.997 0.497 0 0 
0.999 0.499 0 0 
