0.001 -0.499 0 0 
0.003 -0.497 0 0 
0.005 -0.495 0 0 
0.007 -0.493 0 0 
0.009 -0.491 0 0 
0.011 -0.489 0 0 
0.013 -0.487 0 0 
0.015 -0.485 0 0 
0.017 -0.483 0 0 
0.019 -0.481 0 0 
0.021 -0.479 0 0 
0.023 -0.477 0 0 
0.025 -0.475 0 0 
0.027 -0.473 0 0 
0.029 -0.471 0 0 
0.031 -0.469 0 0 
0.033 -0.467 0 0 
0.035 -0.465 0 0 
0.037 -0.463 0 0 
0.039 -0.461 0 0 
0.041 -0.459 0 0 
0.043 -0.457 0 0 
0.045 -0.455 0 0 
0.047 -0.453 0 0 
0.049 -0.451 0 0 
0.051 -0.449 0 0 
0.053 -0.447 0 0 
0.055 -0.445 0 0 
0.057 -0.443 0 0 
0.059 -0.441 0 0 
0.061 -0.439 0 0 
0.063 -0.437 0 0 
0.065 -0.435 0 0 
0.067 -0.433 0 0 
0.069 -0.431 0 0 
0.071 -0.429 0 0 
0.073 -0.427 0 0 
0.075 -0.425 0 0 
0.077 -0.423 0 0 
0.079 -0.421 0 0 
0.081 -0.419 0 0 
0.083 -0.417 0 0 
0.085 -0.415 0 0 
0.087 -0.413 0 0 
0.089 -0.411 0 0 
0.091 -0.409 0 0 
0.093 -0.407 0 0 
0.095 -0.405 0 0 
0.097 -0.403 0 0 
0.099 -0.401 0 0 
0.101 -0.399 0 0 
0.103 -0.397 0 0 
0.105 -0.395 0 0 
0.107 -0.393 0 0 
0.109 -0.391 0 0 
0.111 -0.389 0 0 
0.113 -0.387 0 0 
0.115 -0.385 0 0 
0.117 -0.383 0 0 
0.119 -0.381 0 0 
0.121 -0.379 0 0 
0.123 -0.377 0 0 
0.125 -0.375 0 0 
0.127 -0.373 0 0 
0.129 -0.371 0 0 
0.131 -0.369 0 0 
0.133 -0.367 0 0 
0.135 -0.365 0 0 
0.137 -0.363 0 0 
0.139 -0.361 0 0 
0.141 -0.359 0 0 
0.143 -0.357 0 0 
0.145 -0.355 0 0 
0.147 -0.353 0 0 
0.149 -0.351 0 0 
0.151 -0.349 0 0 
0.153 -0.347 0 0 
0.155 -0.345 0 0 
0.157 -0.343 0 0 
0.159 -0.341 0 0 
0.161 -0.339 0 0 
0.163 -0.337 0 0 
0.165 -0.335 0 0 
0.167 -0.333 0 0 
0.169 -0.331 0 0 
0.171 -0.329 0 0 
0.173 -0.327 0 0 
0.175 -0.325 0 0 
0.177 -0.323 0 0 
0.179 -0.321 0 0 
0.181 -0.319 0 0 
0.183 -0.317 0 0 
0.185 -0.315 0 0 
0.187 -0.313 0 0 
0.189 -0.311 0 0 
0.191 -0.309 0 0 
0.193 -0.307 0 0 
0.195 -0.305 0 0 
0.197 -0.303 0 0 
0.199 -0.301 0 0 
0.201 -0.299 0 0 
0.203 -0.297 0 0 
0.205 -0.295 0 0 
0.207 -0.293 0 0 
0.209 -0.291 0 0 
0.211 -0.289 0 0 
0.213 -0.287 0 0 
0.215 -0.285 0 0 
0.217 -0.283 0 0 
0.219 -0.281 0 0 
0.221 -0.279 0 0 
0.223 -0.277 0 0 
0.225 -0.275 0 0 
0.227 -0.273 0 0 
0.229 -0.271 0 0 
0.231 -0.269 0 0 
0.233 -0.267 0 0 
0.235 -0.265 0 0 
0.237 -0.263 0 0 
0.239 -0.261 0 0 
0.241 -0.259 0 0 
0.243 -0.257 0 0 
0.245 -0.255 0 0 
0.247 -0.253 0 0 
0.249 -0.251 0 0 
0.251 -0.249 0 0 
0.253 -0.247 0 0 
0.255 -0.245 0 0 
0.257 -0.243 0 0 
0.259 -0.241 0 0 
0.261 -0.239 0 0 
0.263 -0.237 0 0 
0.265 -0.235 0 0 
0.267 -0.233 0 0 
0.269 -0.231 0 0 
0.271 -0.229 0 0 
0.273 -0.227 0 0 
0.275 -0.225 0 0 
0.277 -0.223 0 0 
0.279 -0.221 0 0 
0.281 -0.219 0 0 
0.283 -0.217 0 0 
0.285 -0.215 0 0 
0.287 -0.213 0 0 
0.289 -0.211 0 0 
0.291 -0.209 0 0 
0.293 -0.207 0 0 
0.295 -0.205 0 0 
0.297 -0.203 0 0 
0.299 -0.201 0 0 
0.301 -0.199 0 0 
0.303 -0.197 0 0 
0.305 -0.195 0 0 
0.307 -0.193 0 0 
0.309 -0.191 0 0 
0.311 -0.189 0 0 
0.313 -0.187 0 0 
0.315 -0.185 0 0 
0.317 -0.183 0 0 
0.319 -0.181 0 0 
0.321 -0.179 0 0 
0.323 -0.177 0 0 
0.325 -0.175 0 0 
0.327 -0.173 0 0 
0.329 -0.171 0 0 
0.331 -0.169 0 0 
0.333 -0.167 0 0 
0.335 -0.165 0 0 
0.337 -0.163 0 0 
0.339 -0.161 0 0 
0.341 -0.159 0 0 
0.343 -0.157 0 0 
0.345 -0.155 0 0 
0.347 -0.153 0 0 
0.349 -0.151 0 0 
0.351 -0.149 0 0 
0.353 -0.147 0 0 
0.355 -0.145 0 0 
0.357 -0.143 0 0 
0.359 -0.141 0 0 
0.361 -0.139 0 0 
0.363 -0.137 0 0 
0.365 -0.135 0 0 
0.367 -0.133 0 0 
0.369 -0.131 0 0 
0.371 -0.129 0 0 
0.373 -0.127 1.28786e-14 -1.23235e-14 
0.375 -0.125 3.30846e-13 -1.14964e-12 
0.377 -0.123 4.45083e-12 -8.93333e-11 
0.379 -0.121 4.14251e-11 -6.91231e-09 
0.381 -0.119 2.98497e-10 -5.43825e-07 
0.383 -0.117 1.76866e-09 -4.1846e-05 
0.385 -0.115 8.94473e-09 -0.00409743 
0.387 -0.113 3.95938e-08 -0.101349 
0.389 -0.111 1.56182e-07 -3.47291 
0.391 -0.109 5.56417e-07 -35.0824 
0.393 -0.107 1.80889e-06 13.1978 
0.395 -0.105 5.40995e-06 617.054 
0.397 -0.103 1.49818e-05 1873.13 
0.399 -0.101 3.86202e-05 -6471.48 
0.401 -0.0990001 9.30741e-05 -7423.92 
0.403 -0.0970003 0.000210457 -1829.19 
0.405 -0.0950006 0.000447848 -1167.19 
0.407 -0.0930014 0.000899194 25.6046 
0.409 -0.091003 0.00170739 -1.3633 
0.411 -0.089006 0.00307264 -0.895912 
0.413 -0.0870114 0.00525199 -0.919679 
0.415 -0.0850206 0.00854604 -0.913057 
0.417 -0.0830357 0.0132715 -0.922285 
0.419 -0.0810591 0.0197241 -0.920409 
0.421 -0.0790939 0.02814 -0.924257 
0.423 -0.0771435 0.0386653 -0.923865 
0.425 -0.0752114 0.0513423 -0.925546 
0.427 -0.0733013 0.0661129 -0.925565 
0.429 -0.0714164 0.0828365 -0.926261 
0.431 -0.0695597 0.101318 -0.92642 
0.433 -0.0677337 0.121334 -0.926704 
0.435 -0.0659405 0.142662 -0.926804 
0.437 -0.0641815 0.165097 -0.926898 
0.439 -0.0624579 0.188471 -0.926979 
0.441 -0.0607705 0.212659 -0.927089 
0.443 -0.0591197 0.237565 -0.927226 
0.445 -0.0575059 0.262947 -0.927359 
0.447 -0.055929 0.288631 -0.927448 
0.449 -0.0543887 0.314526 -0.92747 
0.451 -0.0528844 0.340566 -0.927446 
0.453 -0.0514157 0.366703 -0.927423 
0.455 -0.049982 0.392893 -0.927432 
0.457 -0.0485827 0.419095 -0.927477 
0.459 -0.047217 0.44527 -0.927538 
0.461 -0.0458843 0.47138 -0.927578 
0.463 -0.0445837 0.497391 -0.927572 
0.465 -0.0433145 0.523266 -0.927522 
0.467 -0.0420759 0.548967 -0.927465 
0.469 -0.0408671 0.574456 -0.927437 
0.471 -0.039687 0.599689 -0.92744 
0.473 -0.038535 0.624618 -0.927425 
0.475 -0.0374099 0.649188 -0.927306 
0.477 -0.0363109 0.673335 -0.926966 
0.479 -0.0352369 0.696985 -0.926161 
0.481 -0.0341869 0.720056 -0.924777 
0.483 -0.0331598 0.742452 -0.923117 
0.485 -0.0321543 0.764067 -0.92134 
0.487 -0.0311693 0.784788 -0.919101 
0.489 -0.0302033 0.804488 -0.916001 
0.491 -0.029255 0.82304 -0.911787 
0.493 -0.028323 0.840309 -0.906239 
0.495 -0.0274056 0.856165 -0.899198 
0.497 -0.0265014 0.870478 -0.890578 
0.499 -0.0256086 0.883124 -0.880353 
0.501 0.0255795 0.893981 -0.868546 
0.503 0.0264866 0.902955 -0.855212 
0.505 0.0274059 0.909995 -0.840435 
0.507 0.0283389 0.915133 -0.824328 
0.509 0.0292871 0.918581 -0.807019 
0.511 0.0302517 0.920783 -0.788635 
0.513 0.031234 0.922363 -0.769299 
0.515 0.0322352 0.923859 -0.749126 
0.517 0.0332565 0.925412 -0.72823 
0.519 0.034299 0.926767 -0.706719 
0.521 0.0353635 0.927651 -0.684686 
0.523 0.0364511 0.927941 -0.662212 
0.525 0.0375626 0.927893 -0.639364 
0.527 0.0386989 0.927803 -0.616211 
0.529 0.0398607 0.927692 -0.592811 
0.531 0.0410488 0.927562 -0.56921 
0.533 0.042264 0.927415 -0.545446 
0.535 0.0435068 0.927265 -0.521548 
0.537 0.044778 0.927141 -0.497546 
0.539 0.0460783 0.92706 -0.473469 
0.541 0.0474082 0.927036 -0.449337 
0.543 0.0487684 0.92708 -0.425163 
0.545 0.0501595 0.927196 -0.400959 
0.547 0.051582 0.927379 -0.376738 
0.549 0.0530366 -5683.51 -0.352515 
0.551 0.0545239 11612.2 -0.328302 
0.553 0.0560444 43207.6 -0.304108 
0.555 0.0575987 60269.7 -0.279935 
0.557 0.0591874 -1.04358e+07 -0.255795 
0.559 0.060811 1.20414e+06 -0.231699 
0.561 0.06247 -329811 -0.207659 
0.563 0.0641651 -414091 -0.183691 
0.565 0.0658966 -19714 -0.159817 
0.567 0.0676651 -26939.7 -0.13605 
0.569 0.0694709 -1.69932e+06 -0.112417 
0.571 0.0713145 -1.11303e+06 -0.0888626 
0.573 0.0731962 -824692 -0.0658165 
0.575 0.0751129 -686937 -0.0454615 
0.577 0.077059 -637870 -0.0288769 
0.579 0.0790275 -673313 -0.0165102 
0.581 0.0810112 -855973 -0.00830066 
0.583 0.083004 -1.92848e+06 -0.00360196 
0.585 0.0850012 1.21475e+08 -0.00133668 
0.587 0.0870003 1.21223e+08 -0.000424526 
0.589 0.0890001 1.20971e+08 -0.000116246 
0.591 0.091 1.2072e+08 -2.77021e-05 
0.593 0.093 1.2047e+08 -5.79223e-06 
0.595 0.095 1.19998e+08 -1.06889e-06 
0.597 0.097 1.18623e+08 -1.74722e-07 
0.599 0.099 -1.85193e+07 -2.53402e-08 
0.601 0.101 1.28565e+06 -3.26096e-09 
0.603 0.103 -1.81689e+06 -3.71829e-10 
0.605 0.105 -1.81909e+06 -3.74613e-11 
0.607 0.107 -1.82052e+06 -3.32068e-12 
0.609 0.109 -1.82155e+06 -2.57683e-13 
0.611 0.111 -1.82235e+06 -1.7375e-14 
0.613 0.113 299470 -1.05471e-15 
0.615 0.115 8.46793 0 
0.617 0.117 1.02469e-08 0 
0.619 0.119 1.85695e-09 0 
0.621 0.121 1.66533e-16 0 
0.623 0.123 0 0 
0.625 0.125 0 0 
0.627 0.127 0 0 
0.629 0.129 0 0 
0.631 0.131 0 0 
0.633 0.133 0 0 
0.635 0.135 0 0 
0.637 0.137 0 0 
0.639 0.139 0 0 
0.641 0.141 0 0 
0.643 0.143 0 0 
0.645 0.145 0 0 
0.647 0.147 0 0 
0.649 0.149 0 0 
0.651 0.151 0 0 
0.653 0.153 0 0 
0.655 0.155 0 0 
0.657 0.157 0 0 
0.659 0.159 0 0 
0.661 0.161 0 0 
0.663 0.163 0 0 
0.665 0.165 0 0 
0.667 0.167 0 0 
0.669 0.169 0 0 
0.671 0.171 0 0 
0.673 0.173 0 0 
0.675 0.175 0 0 
0.677 0.177 0 0 
0.679 0.179 0 0 
0.681 0.181 0 0 
0.683 0.183 0 0 
0.685 0.185 0 0 
0.687 0.187 0 0 
0.689 0.189 0 0 
0.691 0.191 0 0 
0.693 0.193 0 0 
0.695 0.195 0 0 
0.697 0.197 0 0 
0.699 0.199 0 0 
0.701 0.201 0 0 
0.703 0.203 0 0 
0.705 0.205 0 0 
0.707 0.207 0 0 
0.709 0.209 0 0 
0.711 0.211 0 0 
0.713 0.213 0 0 
0.715 0.215 0 0 
0.717 0.217 0 0 
0.719 0.219 0 0 
0.721 0.221 0 0 
0.723 0.223 0 0 
0.725 0.225 0 0 
0.727 0.227 0 0 
0.729 0.229 0 0 
0.731 0.231 0 0 
0.733 0.233 0 0 
0.735 0.235 0 0 
0.737 0.237 0 0 
0.739 0.239 0 0 
0.741 0.241 0 0 
0.743 0.243 0 0 
0.745 0.245 0 0 
0.747 0.247 0 0 
0.749 0.249 0 0 
0.751 0.251 0 0 
0.753 0.253 0 0 
0.755 0.255 0 0 
0.757 0.257 0 0 
0.759 0.259 0 0 
0.761 0.261 0 0 
0.763 0.263 0 0 
0.765 0.265 0 0 
0.767 0.267 0 0 
0.769 0.269 0 0 
0.771 0.271 0 0 
0.773 0.273 0 0 
0.775 0.275 0 0 
0.777 0.277 0 0 
0.779 0.279 0 0 
0.781 0.281 0 0 
0.783 0.283 0 0 
0.785 0.285 0 0 
0.787 0.287 0 0 
0.789 0.289 0 0 
0.791 0.291 0 0 
0.793 0.293 0 0 
0.795 0.295 0 0 
0.797 0.297 0 0 
0.799 0.299 0 0 
0.801 0.301 0 0 
0.803 0.303 0 0 
0.805 0.305 0 0 
0.807 0.307 0 0 
0.809 0.309 0 0 
0.811 0.311 0 0 
0.813 0.313 0 0 
0.815 0.315 0 0 
0.817 0.317 0 0 
0.819 0.319 0 0 
0.821 0.321 0 0 
0.823 0.323 0 0 
0.825 0.325 0 0 
0.827 0.327 0 0 
0.829 0.329 0 0 
0.831 0.331 0 0 
0.833 0.333 0 0 
0.835 0.335 0 0 
0.837 0.337 0 0 
0.839 0.339 0 0 
0.841 0.341 0 0 
0.843 0.343 0 0 
0.845 0.345 0 0 
0.847 0.347 0 0 
0.849 0.349 0 0 
0.851 0.351 0 0 
0.853 0.353 0 0 
0.855 0.355 0 0 
0.857 0.357 0 0 
0.859 0.359 0 0 
0.861 0.361 0 0 
0.863 0.363 0 0 
0.865 0.365 0 0 
0.867 0.367 0 0 
0.869 0.369 0 0 
0.871 0.371 0 0 
0.873 0.373 0 0 
0.875 0.375 0 0 
0.877 0.377 0 0 
0.879 0.379 0 0 
0.881 0.381 0 0 
0.883 0.383 0 0 
0.885 0.385 0 0 
0.887 0.387 0 0 
0.889 0.389 0 0 
0.891 0.391 0 0 
0.893 0.393 0 0 
0.895 0.395 0 0 
0.897 0.397 0 0 
0.899 0.399 0 0 
0.901 0.401 0 0 
0.903 0.403 0 0 
0.905 0.405 0 0 
0.907 0.407 0 0 
0.909 0.409 0 0 
0.911 0.411 0 0 
0.913 0.413 0 0 
0.915 0.415 0 0 
0.917 0.417 0 0 
0.919 0.419 0 0 
0.921 0.421 0 0 
0.923 0.423 0 0 
0.925 0.425 0 0 
0.927 0.427 0 0 
0.929 0.429 0 0 
0.931 0.431 0 0 
0.933 0.433 0 0 
0.935 0.435 0 0 
0.937 0.437 0 0 
0.939 0.439 0 0 
0.941 0.441 0 0 
0.943 0.443 0 0 
0.945 0.445 0 0 
0.947 0.447 0 0 
0.949 0.449 0 0 
0.951 0.451 0 0 
0.953 0.453 0 0 
0.955 0.455 0 0 
0.957 0.457 0 0 
0.959 0.459 0 0 
0.961 0.461 0 0 
0.963 0.463 0 0 
0.965 0.465 0 0 
0.967 0.467 0 0 
0.969 0.469 0 0 
0.971 0.471 0 0 
0.973 0.473 0 0 
0.975 0.475 0 0 
0.977 0.477 0 0 
0.979 0.479 0 0 
0.981 0.481 0 0 
0.983 0.483 0 0 
0.985 0.485 0 0 
0.987 0.487 0 0 
0.989 0.489 0 0 
0.991 0.491 0 0 
0.993 0.493 0 0 
0.995 0.495 0 0 
0.997 0.497 0 0 
0.999 0.499 0 0 
