0.001 -0.499 0 0 
0.003 -0.497 0 0 
0.005 -0.495 0 0 
0.007 -0.493 0 0 
0.009 -0.491 0 0 
0.011 -0.489 0 0 
0.013 -0.487 0 0 
0.015 -0.485 0 0 
0.017 -0.483 0 0 
0.019 -0.481 0 0 
0.021 -0.479 0 0 
0.023 -0.477 0 0 
0.025 -0.475 0 0 
0.027 -0.473 0 0 
0.029 -0.471 0 0 
0.031 -0.469 0 0 
0.033 -0.467 0 0 
0.035 -0.465 0 0 
0.037 -0.463 0 0 
0.039 -0.461 0 0 
0.041 -0.459 0 0 
0.043 -0.457 0 0 
0.045 -0.455 0 0 
0.047 -0.453 0 0 
0.049 -0.451 0 0 
0.051 -0.449 0 0 
0.053 -0.447 0 0 
0.055 -0.445 0 0 
0.057 -0.443 0 0 
0.059 -0.441 0 0 
0.061 -0.439 0 0 
0.063 -0.437 0 0 
0.065 -0.435 0 0 
0.067 -0.433 0 0 
0.069 -0.431 0 0 
0.071 -0.429 0 0 
0.073 -0.427 0 0 
0.075 -0.425 0 0 
0.077 -0.423 0 0 
0.079 -0.421 0 0 
0.081 -0.419 0 0 
0.083 -0.417 0 0 
0.085 -0.415 0 0 
0.087 -0.413 0 0 
0.089 -0.411 0 0 
0.091 -0.409 0 0 
0.093 -0.407 0 0 
0.095 -0.405 0 0 
0.097 -0.403 0 0 
0.099 -0.401 0 0 
0.101 -0.399 0 0 
0.103 -0.397 0 0 
0.105 -0.395 0 0 
0.107 -0.393 0 0 
0.109 -0.391 0 0 
0.111 -0.389 0 0 
0.113 -0.387 0 0 
0.115 -0.385 0 0 
0.117 -0.383 0 0 
0.119 -0.381 0 0 
0.121 -0.379 0 0 
0.123 -0.377 0 0 
0.125 -0.375 0 0 
0.127 -0.373 0 0 
0.129 -0.371 0 0 
0.131 -0.369 0 0 
0.133 -0.367 0 0 
0.135 -0.365 0 0 
0.137 -0.363 0 0 
0.139 -0.361 0 0 
0.141 -0.359 0 0 
0.143 -0.357 0 0 
0.145 -0.355 0 0 
0.147 -0.353 0 0 
0.149 -0.351 0 0 
0.151 -0.349 0 0 
0.153 -0.347 0 0 
0.155 -0.345 0 0 
0.157 -0.343 0 0 
0.159 -0.341 0 0 
0.161 -0.339 0 0 
0.163 -0.337 0 0 
0.165 -0.335 0 0 
0.167 -0.333 0 0 
0.169 -0.331 0 0 
0.171 -0.329 0 0 
0.173 -0.327 0 0 
0.175 -0.325 0 0 
0.177 -0.323 0 0 
0.179 -0.321 0 0 
0.181 -0.319 0 0 
0.183 -0.317 0 0 
0.185 -0.315 0 0 
0.187 -0.313 0 0 
0.189 -0.311 0 0 
0.191 -0.309 0 0 
0.193 -0.307 0 0 
0.195 -0.305 0 0 
0.197 -0.303 0 0 
0.199 -0.301 0 0 
0.201 -0.299 0 0 
0.203 -0.297 0 0 
0.205 -0.295 0 0 
0.207 -0.293 0 0 
0.209 -0.291 0 0 
0.211 -0.289 0 0 
0.213 -0.287 0 0 
0.215 -0.285 0 0 
0.217 -0.283 0 0 
0.219 -0.281 0 0 
0.221 -0.279 0 0 
0.223 -0.277 0 0 
0.225 -0.275 0 0 
0.227 -0.273 0 0 
0.229 -0.271 0 0 
0.231 -0.269 0 0 
0.233 -0.267 0 0 
0.235 -0.265 0 0 
0.237 -0.263 0 0 
0.239 -0.261 0 0 
0.241 -0.259 0 0 
0.243 -0.257 0 0 
0.245 -0.255 0 0 
0.247 -0.253 0 0 
0.249 -0.251 0 0 
0.251 -0.249 0 0 
0.253 -0.247 0 0 
0.255 -0.245 0 0 
0.257 -0.243 0 0 
0.259 -0.241 0 0 
0.261 -0.239 0 0 
0.263 -0.237 0 0 
0.265 -0.235 0 0 
0.267 -0.233 0 0 
0.269 -0.231 0 0 
0.271 -0.229 0 0 
0.273 -0.227 0 0 
0.275 -0.225 0 0 
0.277 -0.223 0 0 
0.279 -0.221 0 0 
0.281 -0.219 0 0 
0.283 -0.217 0 0 
0.285 -0.215 0 0 
0.287 -0.213 0 0 
0.289 -0.211 0 0 
0.291 -0.209 0 0 
0.293 -0.207 0 0 
0.295 -0.205 0 0 
0.297 -0.203 0 0 
0.299 -0.201 0 0 
0.301 -0.199 0 0 
0.303 -0.197 0 0 
0.305 -0.195 0 0 
0.307 -0.193 0 0 
0.309 -0.191 0 0 
0.311 -0.189 0 0 
0.313 -0.187 0 0 
0.315 -0.185 0 0 
0.317 -0.183 0 0 
0.319 -0.181 0 0 
0.321 -0.179 0 0 
0.323 -0.177 0 0 
0.325 -0.175 0 0 
0.327 -0.173 0 0 
0.329 -0.171 0 0 
0.331 -0.169 0 0 
0.333 -0.167 0 0 
0.335 -0.165 0 0 
0.337 -0.163 0 0 
0.339 -0.161 0 0 
0.341 -0.159 0 0 
0.343 -0.157 0 0 
0.345 -0.155 0 0 
0.347 -0.153 0 0 
0.349 -0.151 0 0 
0.351 -0.149 0 0 
0.353 -0.147 0 0 
0.355 -0.145 0 0 
0.357 -0.143 0 0 
0.359 -0.141 0 0 
0.361 -0.139 0 0 
0.363 -0.137 0 0 
0.365 -0.135 0 0 
0.367 -0.133 3.21965e-15 -2.44249e-15 
0.369 -0.131 8.53206e-14 -2.32037e-13 
0.371 -0.129 1.1921e-12 -1.81121e-11 
0.373 -0.127 1.15218e-11 -1.40186e-09 
0.375 -0.125 8.61731e-11 -1.10227e-07 
0.377 -0.123 5.29854e-10 -8.50273e-06 
0.379 -0.121 2.78047e-09 -0.000817886 
0.381 -0.119 1.27711e-08 -0.0247281 
0.383 -0.117 5.22802e-08 -5.02714 
0.385 -0.115 1.93334e-07 -9280.73 
0.387 -0.113 6.52619e-07 14560.5 
0.389 -0.111 2.02745e-06 13550.4 
0.391 -0.109 5.83498e-06 -3156.07 
0.393 -0.107 1.56407e-05 35111.7 
0.395 -0.105 3.92208e-05 23950 
0.397 -0.103 9.23435e-05 16103.2 
0.399 -0.101 0.000204765 10682.8 
0.401 -0.0990006 0.000428737 6661.53 
0.403 -0.0970014 0.000849542 3298.56 
0.405 -0.0950029 0.00159628 19.7311 
0.407 -0.0930057 0.00284961 -3484.97 
0.409 -0.0910107 0.00484222 1383.83 
0.411 -0.0890192 0.00784811 -855.718 
0.413 -0.087033 0.0121596 -42.3205 
0.415 -0.0850545 0.0180549 -0.930153 
0.417 -0.0830863 0.0257633 -0.916705 
0.419 -0.0811317 0.0354361 -0.921131 
0.421 -0.079194 0.0471308 -0.921932 
0.423 -0.0772765 0.0608116 -0.923902 
0.425 -0.0753824 0.0763629 -0.924502 
0.427 -0.0735147 0.0936125 -0.925457 
0.429 -0.0716758 0.112357 -0.925866 
0.431 -0.0698676 0.132386 -0.92633 
0.433 -0.0680919 0.153503 -0.926592 
0.435 -0.0663497 0.175537 -0.926784 
0.437 -0.0646418 0.198351 -0.926895 
0.439 -0.0629689 0.22188 -0.926981 
0.441 -0.0613313 0.245932 -0.927077 
0.443 -0.0597291 0.270321 -0.927202 
0.445 -0.058162 0.294938 -0.927334 
0.447 -0.0566297 0.319719 -0.927432 
0.449 -0.0551318 0.344615 -0.927471 
0.451 -0.0536678 0.369589 -0.927464 
0.453 -0.052237 0.394604 -0.927444 
0.455 -0.0508391 0.419627 -0.927442 
0.457 -0.0494732 0.444626 -0.927471 
0.459 -0.0481388 0.469571 -0.927523 
0.461 -0.0468351 0.49443 -0.927566 
0.463 -0.0455615 0.519174 -0.927573 
0.465 -0.0443172 0.543772 -0.927538 
0.467 -0.0431015 0.568191 -0.927485 
0.469 -0.0419135 0.592397 -0.927445 
0.471 -0.0407526 0.61635 -0.927423 
0.473 -0.0396178 0.640004 -0.927376 
0.475 -0.0385083 0.663308 -0.927221 
0.477 -0.0374233 0.686203 -0.926822 
0.479 -0.0363617 0.708621 -0.925959 
0.481 -0.0353226 0.730483 -0.924605 
0.483 -0.0343049 0.751703 -0.923078 
0.485 -0.0333077 0.772185 -0.921442 
0.487 -0.0323296 0.79182 -0.919316 
0.489 -0.0313695 0.810495 -0.916327 
0.491 -0.0304261 0.82809 -0.912247 
0.493 -0.0294981 0.844481 -0.906907 
0.495 -0.0285839 0.859543 -0.900174 
0.497 -0.0276822 0.873153 -0.891958 
0.499 -0.0267913 0.885185 -0.882223 
0.501 0.0267613 0.895524 -0.870988 
0.503 0.027666 0.904078 -0.85831 
0.505 0.0285824 0.9108 -0.844274 
0.507 0.0295116 0.915732 -0.828979 
0.509 0.0304552 0.91908 -0.81254 
0.511 0.0314143 0.921206 -0.795076 
0.513 0.0323902 0.922655 -0.776709 
0.515 0.0333839 0.923935 -0.757548 
0.517 0.0343965 0.925272 -0.737694 
0.519 0.0354291 0.92652 -0.717241 
0.521 0.0364825 0.927454 -0.696278 
0.523 0.0375576 0.927861 -0.674887 
0.525 0.0386552 0.927871 -0.653134 
0.527 0.0397762 0.927777 -0.631075 
0.529 0.0409212 0.927657 -0.608762 
0.531 0.042091 0.927526 -0.586241 
0.533 0.0432862 0.927398 -0.563554 
0.535 0.0445074 0.927276 -0.540734 
0.537 0.0457553 0.927152 -0.517803 
0.539 0.0470306 0.92707 -0.494783 
0.541 0.0483337 0.927057 -0.471696 
0.543 0.0496653 -33040 -0.448561 
0.545 0.0510259 -113288 -0.425394 
0.547 0.052416 -7298.91 -0.402204 
0.549 0.0538363 -1.47287e+06 -0.378996 
0.551 0.0552872 8.37432e+06 -0.355783 
0.553 0.0567693 -2.22471e+07 -0.332576 
0.555 0.0582832 -3.99554e+07 -0.309386 
0.557 0.0598293 -3.24814e+07 -0.286219 
0.559 0.0614081 -2.93914e+07 -0.263078 
0.561 0.0630202 -3.26121e+07 -0.23997 
0.563 0.0646661 -7.51542e+07 -0.216909 
0.565 0.0663463 -1.02108e+06 -0.193908 
0.567 0.0680612 6.05669e+08 -0.170978 
0.569 0.0698113 4.52203e+07 -0.148133 
0.571 0.071597 -9.78663e+08 -0.125397 
0.573 0.0734186 -5.7133e+08 -0.102794 
0.575 0.0752767 2.92323e+07 -0.0802554 
0.577 0.0771708 -6.61276e+06 -0.0587089 
0.579 0.0790972 -7.35245e+08 -0.0400761 
0.581 0.0810501 -7.55935e+08 -0.0251189 
0.583 0.0830231 -7.77308e+08 -0.0141434 
0.585 0.0850093 -7.99411e+08 -0.00700141 
0.587 0.0870033 -8.22294e+08 -0.00299811 
0.589 0.089001 -8.46329e+08 -0.00110294 
0.591 0.0910003 -8.7261e+08 -0.000349363 
0.593 0.0930001 -9.0347e+08 -9.60222e-05 
0.595 0.095 -9.43264e+08 -2.31083e-05 
0.597 0.097 -9.99557e+08 -4.90709e-06 
0.599 0.099 -1.08304e+09 -9.24653e-07 
0.601 0.101 -1.18548e+09 -1.55158e-07 
0.603 0.103 -1.1317e+09 -2.32269e-08 
0.605 0.105 6.33074e+09 -3.10304e-09 
0.607 0.107 -8.4008e+07 -3.69632e-10 
0.609 0.109 9.25143e+06 -3.91753e-11 
0.611 0.111 9.18186e+06 -3.68183e-12 
0.613 0.113 9.11937e+06 -3.05533e-13 
0.615 0.115 9.06299e+06 -2.23155e-14 
0.617 0.117 9.01191e+06 -1.4988e-15 
0.619 0.119 -511777 0 
0.621 0.121 9.39217 0 
0.623 0.123 1.25644e-09 0 
0.625 0.125 2.12517e-10 0 
0.627 0.127 0 0 
0.629 0.129 0 0 
0.631 0.131 0 0 
0.633 0.133 0 0 
0.635 0.135 0 0 
0.637 0.137 0 0 
0.639 0.139 0 0 
0.641 0.141 0 0 
0.643 0.143 0 0 
0.645 0.145 0 0 
0.647 0.147 0 0 
0.649 0.149 0 0 
0.651 0.151 0 0 
0.653 0.153 0 0 
0.655 0.155 0 0 
0.657 0.157 0 0 
0.659 0.159 0 0 
0.661 0.161 0 0 
0.663 0.163 0 0 
0.665 0.165 0 0 
0.667 0.167 0 0 
0.669 0.169 0 0 
0.671 0.171 0 0 
0.673 0.173 0 0 
0.675 0.175 0 0 
0.677 0.177 0 0 
0.679 0.179 0 0 
0.681 0.181 0 0 
0.683 0.183 0 0 
0.685 0.185 0 0 
0.687 0.187 0 0 
0.689 0.189 0 0 
0.691 0.191 0 0 
0.693 0.193 0 0 
0.695 0.195 0 0 
0.697 0.197 0 0 
0.699 0.199 0 0 
0.701 0.201 0 0 
0.703 0.203 0 0 
0.705 0.205 0 0 
0.707 0.207 0 0 
0.709 0.209 0 0 
0.711 0.211 0 0 
0.713 0.213 0 0 
0.715 0.215 0 0 
0.717 0.217 0 0 
0.719 0.219 0 0 
0.721 0.221 0 0 
0.723 0.223 0 0 
0.725 0.225 0 0 
0.727 0.227 0 0 
0.729 0.229 0 0 
0.731 0.231 0 0 
0.733 0.233 0 0 
0.735 0.235 0 0 
0.737 0.237 0 0 
0.739 0.239 0 0 
0.741 0.241 0 0 
0.743 0.243 0 0 
0.745 0.245 0 0 
0.747 0.247 0 0 
0.749 0.249 0 0 
0.751 0.251 0 0 
0.753 0.253 0 0 
0.755 0.255 0 0 
0.757 0.257 0 0 
0.759 0.259 0 0 
0.761 0.261 0 0 
0.763 0.263 0 0 
0.765 0.265 0 0 
0.767 0.267 0 0 
0.769 0.269 0 0 
0.771 0.271 0 0 
0.773 0.273 0 0 
0.775 0.275 0 0 
0.777 0.277 0 0 
0.779 0.279 0 0 
0.781 0.281 0 0 
0.783 0.283 0 0 
0.785 0.285 0 0 
0.787 0.287 0 0 
0.789 0.289 0 0 
0.791 0.291 0 0 
0.793 0.293 0 0 
0.795 0.295 0 0 
0.797 0.297 0 0 
0.799 0.299 0 0 
0.801 0.301 0 0 
0.803 0.303 0 0 
0.805 0.305 0 0 
0.807 0.307 0 0 
0.809 0.309 0 0 
0.811 0.311 0 0 
0.813 0.313 0 0 
0.815 0.315 0 0 
0.817 0.317 0 0 
0.819 0.319 0 0 
0.821 0.321 0 0 
0.823 0.323 0 0 
0.825 0.325 0 0 
0.827 0.327 0 0 
0.829 0.329 0 0 
0.831 0.331 0 0 
0.833 0.333 0 0 
0.835 0.335 0 0 
0.837 0.337 0 0 
0.839 0.339 0 0 
0.841 0.341 0 0 
0.843 0.343 0 0 
0.845 0.345 0 0 
0.847 0.347 0 0 
0.849 0.349 0 0 
0.851 0.351 0 0 
0.853 0.353 0 0 
0.855 0.355 0 0 
0.857 0.357 0 0 
0.859 0.359 0 0 
0.861 0.361 0 0 
0.863 0.363 0 0 
0.865 0.365 0 0 
0.867 0.367 0 0 
0.869 0.369 0 0 
0.871 0.371 0 0 
0.873 0.373 0 0 
0.875 0.375 0 0 
0.877 0.377 0 0 
0.879 0.379 0 0 
0.881 0.381 0 0 
0.883 0.383 0 0 
0.885 0.385 0 0 
0.887 0.387 0 0 
0.889 0.389 0 0 
0.891 0.391 0 0 
0.893 0.393 0 0 
0.895 0.395 0 0 
0.897 0.397 0 0 
0.899 0.399 0 0 
0.901 0.401 0 0 
0.903 0.403 0 0 
0.905 0.405 0 0 
0.907 0.407 0 0 
0.909 0.409 0 0 
0.911 0.411 0 0 
0.913 0.413 0 0 
0.915 0.415 0 0 
0.917 0.417 0 0 
0.919 0.419 0 0 
0.921 0.421 0 0 
0.923 0.423 0 0 
0.925 0.425 0 0 
0.927 0.427 0 0 
0.929 0.429 0 0 
0.931 0.431 0 0 
0.933 0.433 0 0 
0.935 0.435 0 0 
0.937 0.437 0 0 
0.939 0.439 0 0 
0.941 0.441 0 0 
0.943 0.443 0 0 
0.945 0.445 0 0 
0.947 0.447 0 0 
0.949 0.449 0 0 
0.951 0.451 0 0 
0.953 0.453 0 0 
0.955 0.455 0 0 
0.957 0.457 0 0 
0.959 0.459 0 0 
0.961 0.461 0 0 
0.963 0.463 0 0 
0.965 0.465 0 0 
0.967 0.467 0 0 
0.969 0.469 0 0 
0.971 0.471 0 0 
0.973 0.473 0 0 
0.975 0.475 0 0 
0.977 0.477 0 0 
0.979 0.479 0 0 
0.981 0.481 0 0 
0.983 0.483 0 0 
0.985 0.485 0 0 
0.987 0.487 0 0 
0.989 0.489 0 0 
0.991 0.491 0 0 
0.993 0.493 0 0 
0.995 0.495 0 0 
0.997 0.497 0 0 
0.999 0.499 0 0 
