0.001 -0.499 0 0 
0.003 -0.497 0 0 
0.005 -0.495 0 0 
0.007 -0.493 0 0 
0.009 -0.491 0 0 
0.011 -0.489 0 0 
0.013 -0.487 0 0 
0.015 -0.485 0 0 
0.017 -0.483 0 0 
0.019 -0.481 0 0 
0.021 -0.479 0 0 
0.023 -0.477 0 0 
0.025 -0.475 0 0 
0.027 -0.473 0 0 
0.029 -0.471 0 0 
0.031 -0.469 0 0 
0.033 -0.467 0 0 
0.035 -0.465 0 0 
0.037 -0.463 0 0 
0.039 -0.461 0 0 
0.041 -0.459 0 0 
0.043 -0.457 0 0 
0.045 -0.455 0 0 
0.047 -0.453 0 0 
0.049 -0.451 0 0 
0.051 -0.449 0 0 
0.053 -0.447 0 0 
0.055 -0.445 0 0 
0.057 -0.443 0 0 
0.059 -0.441 0 0 
0.061 -0.439 0 0 
0.063 -0.437 0 0 
0.065 -0.435 0 0 
0.067 -0.433 0 0 
0.069 -0.431 0 0 
0.071 -0.429 0 0 
0.073 -0.427 0 0 
0.075 -0.425 0 0 
0.077 -0.423 0 0 
0.079 -0.421 0 0 
0.081 -0.419 0 0 
0.083 -0.417 0 0 
0.085 -0.415 0 0 
0.087 -0.413 0 0 
0.089 -0.411 0 0 
0.091 -0.409 0 0 
0.093 -0.407 0 0 
0.095 -0.405 0 0 
0.097 -0.403 0 0 
0.099 -0.401 0 0 
0.101 -0.399 0 0 
0.103 -0.397 0 0 
0.105 -0.395 0 0 
0.107 -0.393 0 0 
0.109 -0.391 0 0 
0.111 -0.389 0 0 
0.113 -0.387 0 0 
0.115 -0.385 0 0 
0.117 -0.383 0 0 
0.119 -0.381 0 0 
0.121 -0.379 0 0 
0.123 -0.377 0 0 
0.125 -0.375 0 0 
0.127 -0.373 0 0 
0.129 -0.371 0 0 
0.131 -0.369 0 0 
0.133 -0.367 0 0 
0.135 -0.365 0 0 
0.137 -0.363 0 0 
0.139 -0.361 0 0 
0.141 -0.359 0 0 
0.143 -0.357 0 0 
0.145 -0.355 0 0 
0.147 -0.353 0 0 
0.149 -0.351 0 0 
0.151 -0.349 0 0 
0.153 -0.347 0 0 
0.155 -0.345 0 0 
0.157 -0.343 0 0 
0.159 -0.341 0 0 
0.161 -0.339 0 0 
0.163 -0.337 0 0 
0.165 -0.335 0 0 
0.167 -0.333 0 0 
0.169 -0.331 0 0 
0.171 -0.329 0 0 
0.173 -0.327 0 0 
0.175 -0.325 0 0 
0.177 -0.323 0 0 
0.179 -0.321 0 0 
0.181 -0.319 0 0 
0.183 -0.317 0 0 
0.185 -0.315 0 0 
0.187 -0.313 0 0 
0.189 -0.311 0 0 
0.191 -0.309 0 0 
0.193 -0.307 0 0 
0.195 -0.305 0 0 
0.197 -0.303 0 0 
0.199 -0.301 0 0 
0.201 -0.299 0 0 
0.203 -0.297 0 0 
0.205 -0.295 0 0 
0.207 -0.293 0 0 
0.209 -0.291 0 0 
0.211 -0.289 0 0 
0.213 -0.287 0 0 
0.215 -0.285 0 0 
0.217 -0.283 0 0 
0.219 -0.281 0 0 
0.221 -0.279 0 0 
0.223 -0.277 0 0 
0.225 -0.275 0 0 
0.227 -0.273 0 0 
0.229 -0.271 0 0 
0.231 -0.269 0 0 
0.233 -0.267 0 0 
0.235 -0.265 0 0 
0.237 -0.263 0 0 
0.239 -0.261 0 0 
0.241 -0.259 0 0 
0.243 -0.257 0 0 
0.245 -0.255 0 0 
0.247 -0.253 0 0 
0.249 -0.251 0 0 
0.251 -0.249 0 0 
0.253 -0.247 0 0 
0.255 -0.245 0 0 
0.257 -0.243 0 0 
0.259 -0.241 0 0 
0.261 -0.239 0 0 
0.263 -0.237 0 0 
0.265 -0.235 0 0 
0.267 -0.233 0 0 
0.269 -0.231 0 0 
0.271 -0.229 0 0 
0.273 -0.227 0 0 
0.275 -0.225 0 0 
0.277 -0.223 0 0 
0.279 -0.221 0 0 
0.281 -0.219 0 0 
0.283 -0.217 0 0 
0.285 -0.215 0 0 
0.287 -0.213 0 0 
0.289 -0.211 0 0 
0.291 -0.209 0 0 
0.293 -0.207 0 0 
0.295 -0.205 0 0 
0.297 -0.203 0 0 
0.299 -0.201 0 0 
0.301 -0.199 0 0 
0.303 -0.197 0 0 
0.305 -0.195 0 0 
0.307 -0.193 0 0 
0.309 -0.191 0 0 
0.311 -0.189 0 0 
0.313 -0.187 0 0 
0.315 -0.185 0 0 
0.317 -0.183 0 0 
0.319 -0.181 0 0 
0.321 -0.179 0 0 
0.323 -0.177 0 0 
0.325 -0.175 0 0 
0.327 -0.173 0 0 
0.329 -0.171 0 0 
0.331 -0.169 0 0 
0.333 -0.167 0 0 
0.335 -0.165 0 0 
0.337 -0.163 0 0 
0.339 -0.161 0 0 
0.341 -0.159 0 0 
0.343 -0.157 0 0 
0.345 -0.155 0 0 
0.347 -0.153 0 0 
0.349 -0.151 0 0 
0.351 -0.149 0 0 
0.353 -0.147 0 0 
0.355 -0.145 0 0 
0.357 -0.143 0 0 
0.359 -0.141 0 0 
0.361 -0.139 0 0 
0.363 -0.137 1.27676e-15 -7.77156e-16 
0.365 -0.135 3.45279e-14 -7.98805e-14 
0.367 -0.133 4.94882e-13 -6.25044e-12 
0.369 -0.131 4.89891e-12 -4.83898e-10 
0.371 -0.129 3.75301e-11 -3.80347e-08 
0.373 -0.127 2.36323e-10 -2.93833e-06 
0.375 -0.125 1.26992e-09 -0.000279102 
0.377 -0.123 5.97304e-09 -0.00902489 
0.379 -0.121 2.50404e-08 -5.97355 
0.381 -0.119 9.48422e-08 25808.7 
0.383 -0.117 3.27956e-07 22532.8 
0.385 -0.115 1.04392e-06 12089.1 
0.387 -0.113 3.07923e-06 206716 
0.389 -0.111 8.46224e-06 94482.8 
0.391 -0.109 2.17639e-05 14915.1 
0.393 -0.107 5.25781e-05 -18628 
0.395 -0.105 0.000119684 31077.9 
0.397 -0.103 0.000257375 -113078 
0.399 -0.101001 0.000524045 -672548 
0.401 -0.0990017 0.00101226 42610.6 
0.403 -0.0970035 0.00185831 -572458 
0.405 -0.0950068 0.00324785 -239794 
0.407 -0.0930125 0.00541382 -57673.2 
0.409 -0.091022 0.00862343 55403.7 
0.411 -0.0890372 0.0131543 -2830.65 
0.413 -0.0870604 0.0192627 7213.55 
0.415 -0.0850944 0.0271522 -4677.8 
0.417 -0.0831422 0.0369485 146.92 
0.419 -0.081207 0.0486876 -0.9213 
0.421 -0.0792921 0.0623193 -0.921268 
0.423 -0.0774006 0.0777215 -0.923181 
0.425 -0.075535 0.0947228 -0.924111 
0.427 -0.0736978 0.113127 -0.925116 
0.429 -0.0718907 0.132733 -0.92571 
0.431 -0.0701153 0.153355 -0.926209 
0.433 -0.0683726 0.174835 -0.92653 
0.435 -0.0666634 0.197044 -0.926754 
0.437 -0.0649881 0.219924 -0.92689 
0.439 -0.0633472 0.243286 -0.926986 
0.441 -0.0617407 0.26696 -0.927079 
0.443 -0.0601684 0.290848 -0.927196 
0.445 -0.0586299 0.314892 -0.927321 
0.447 -0.0571249 0.339048 -0.927418 
0.449 -0.0556528 0.363283 -0.927466 
0.451 -0.0542132 0.387563 -0.927471 
0.453 -0.0528055 0.411858 -0.927456 
0.455 -0.0514292 0.436141 -0.927448 
0.457 -0.0500836 0.460383 -0.927469 
0.459 -0.0487681 0.484557 -0.927514 
0.461 -0.0474821 0.508637 -0.927557 
0.463 -0.0462249 0.532595 -0.927571 
0.465 -0.0449957 0.556404 -0.927545 
0.467 -0.0437939 0.580033 -0.927497 
0.469 -0.0426187 0.603448 -0.927451 
0.471 -0.0414693 0.626612 -0.927412 
0.473 -0.0403451 0.649483 -0.927343 
0.475 -0.0392451 0.672009 -0.927163 
0.477 -0.0381685 0.694136 -0.926727 
0.479 -0.0371145 0.715797 -0.925841 
0.481 -0.0360821 0.73692 -0.924524 
0.483 -0.0350703 0.75742 -0.923073 
0.485 -0.034078 0.777206 -0.921502 
0.487 -0.0331042 0.796176 -0.919436 
0.489 -0.0321478 0.814223 -0.91653 
0.491 -0.0312074 0.831232 -0.912552 
0.493 -0.0302819 0.847083 -0.907343 
0.495 -0.0293697 0.861656 -0.900794 
0.497 -0.0284696 0.87483 -0.892828 
0.499 -0.0275799 0.886482 -0.883402 
0.501 0.0275493 0.896498 -0.872526 
0.503 0.0284526 0.904786 -0.860255 
0.505 0.029367 0.911304 -0.846673 
0.507 0.0302939 0.916106 -0.831879 
0.509 0.0312347 0.919386 -0.815979 
0.511 0.0321904 0.921461 -0.799085 
0.513 0.0331623 0.92284 -0.781313 
0.515 0.0341513 0.924017 -0.762772 
0.517 0.0351586 0.925217 -0.743559 
0.519 0.0361851 0.926391 -0.723764 
0.521 0.0372316 0.927324 -0.703466 
0.523 0.0382991 0.927786 -0.682743 
0.525 0.0393882 0.92785 -0.661663 
0.527 0.0404998 0.927766 -0.640282 
0.529 0.0416345 0.927645 -0.618649 
0.531 0.042793 0.927502 -0.596803 
0.533 0.043976 0.927382 -0.574786 
0.535 0.045184 0.927268 -0.552631 
0.537 0.0464177 0.927152 -0.530365 
0.539 0.0476776 612611 -0.508009 
0.541 0.0489644 -479763 -0.485579 
0.543 0.0502784 -325322 -0.463093 
0.545 0.0516204 -4.54462e+06 -0.440568 
0.547 0.0529908 -2.17925e+07 -0.418018 
0.549 0.05439 -1.51191e+07 -0.39545 
0.551 0.0558188 -9.56745e+07 -0.37287 
0.553 0.0572774 -2.21006e+07 -0.350286 
0.555 0.0587666 5.73533e+07 -0.32771 
0.557 0.0602867 8.46262e+09 -0.30515 
0.559 0.0618382 2.13666e+07 -0.282614 
0.561 0.0634217 2.13852e+07 -0.260105 
0.563 0.0650376 -inf -0.237628 
0.565 0.0666864 -nan -0.215191 
0.567 0.0683686 -nan -0.192811 
0.569 0.0700845 -inf -0.170502 
0.571 0.0718347 -inf -0.148271 
0.573 0.0736195 -nan -0.126131 
0.575 0.0754393 -nan -0.104125 
0.577 0.0772944 -nan -0.0822053 
0.579 0.0791849 -nan -0.060964 
0.581 0.0811075 -nan -0.0423223 
0.583 0.0830569 -nan -0.0271183 
0.585 0.085027 -nan -0.0157074 
0.587 0.0870113 -nan -0.00804987 
0.589 0.0890042 -nan -0.00358865 
0.591 0.0910013 -nan -0.00137962 
0.593 0.0930004 -nan -0.000457622 
0.595 0.0950001 -nan -0.000131859 
0.597 0.097 -nan -3.32978e-05 
0.599 0.099 -nan -7.42883e-06 
0.601 0.101 -nan -1.47328e-06 
0.603 0.103 -nan -2.60792e-07 
0.605 0.105 -nan -4.13026e-08 
0.607 0.107 -nan -5.85795e-09 
0.609 0.109 -nan -7.43847e-10 
0.611 0.111 -nan -8.44481e-11 
0.613 0.113 -inf -8.55038e-12 
0.615 0.115 -inf -7.6944e-13 
0.617 0.117 -inf -6.12843e-14 
0.619 0.119 -inf -4.27436e-15 
0.621 0.121 -inf -2.77556e-16 
0.623 0.123 -7.54232e+06 0 
0.625 0.125 9.96068 0 
0.627 0.127 3.08211e-10 0 
0.629 0.129 5.0262e-11 0 
0.631 0.131 0 0 
0.633 0.133 0 0 
0.635 0.135 0 0 
0.637 0.137 0 0 
0.639 0.139 0 0 
0.641 0.141 0 0 
0.643 0.143 0 0 
0.645 0.145 0 0 
0.647 0.147 0 0 
0.649 0.149 0 0 
0.651 0.151 0 0 
0.653 0.153 0 0 
0.655 0.155 0 0 
0.657 0.157 0 0 
0.659 0.159 0 0 
0.661 0.161 0 0 
0.663 0.163 0 0 
0.665 0.165 0 0 
0.667 0.167 0 0 
0.669 0.169 0 0 
0.671 0.171 0 0 
0.673 0.173 0 0 
0.675 0.175 0 0 
0.677 0.177 0 0 
0.679 0.179 0 0 
0.681 0.181 0 0 
0.683 0.183 0 0 
0.685 0.185 0 0 
0.687 0.187 0 0 
0.689 0.189 0 0 
0.691 0.191 0 0 
0.693 0.193 0 0 
0.695 0.195 0 0 
0.697 0.197 0 0 
0.699 0.199 0 0 
0.701 0.201 0 0 
0.703 0.203 0 0 
0.705 0.205 0 0 
0.707 0.207 0 0 
0.709 0.209 0 0 
0.711 0.211 0 0 
0.713 0.213 0 0 
0.715 0.215 0 0 
0.717 0.217 0 0 
0.719 0.219 0 0 
0.721 0.221 0 0 
0.723 0.223 0 0 
0.725 0.225 0 0 
0.727 0.227 0 0 
0.729 0.229 0 0 
0.731 0.231 0 0 
0.733 0.233 0 0 
0.735 0.235 0 0 
0.737 0.237 0 0 
0.739 0.239 0 0 
0.741 0.241 0 0 
0.743 0.243 0 0 
0.745 0.245 0 0 
0.747 0.247 0 0 
0.749 0.249 0 0 
0.751 0.251 0 0 
0.753 0.253 0 0 
0.755 0.255 0 0 
0.757 0.257 0 0 
0.759 0.259 0 0 
0.761 0.261 0 0 
0.763 0.263 0 0 
0.765 0.265 0 0 
0.767 0.267 0 0 
0.769 0.269 0 0 
0.771 0.271 0 0 
0.773 0.273 0 0 
0.775 0.275 0 0 
0.777 0.277 0 0 
0.779 0.279 0 0 
0.781 0.281 0 0 
0.783 0.283 0 0 
0.785 0.285 0 0 
0.787 0.287 0 0 
0.789 0.289 0 0 
0.791 0.291 0 0 
0.793 0.293 0 0 
0.795 0.295 0 0 
0.797 0.297 0 0 
0.799 0.299 0 0 
0.801 0.301 0 0 
0.803 0.303 0 0 
0.805 0.305 0 0 
0.807 0.307 0 0 
0.809 0.309 0 0 
0.811 0.311 0 0 
0.813 0.313 0 0 
0.815 0.315 0 0 
0.817 0.317 0 0 
0.819 0.319 0 0 
0.821 0.321 0 0 
0.823 0.323 0 0 
0.825 0.325 0 0 
0.827 0.327 0 0 
0.829 0.329 0 0 
0.831 0.331 0 0 
0.833 0.333 0 0 
0.835 0.335 0 0 
0.837 0.337 0 0 
0.839 0.339 0 0 
0.841 0.341 0 0 
0.843 0.343 0 0 
0.845 0.345 0 0 
0.847 0.347 0 0 
0.849 0.349 0 0 
0.851 0.351 0 0 
0.853 0.353 0 0 
0.855 0.355 0 0 
0.857 0.357 0 0 
0.859 0.359 0 0 
0.861 0.361 0 0 
0.863 0.363 0 0 
0.865 0.365 0 0 
0.867 0.367 0 0 
0.869 0.369 0 0 
0.871 0.371 0 0 
0.873 0.373 0 0 
0.875 0.375 0 0 
0.877 0.377 0 0 
0.879 0.379 0 0 
0.881 0.381 0 0 
0.883 0.383 0 0 
0.885 0.385 0 0 
0.887 0.387 0 0 
0.889 0.389 0 0 
0.891 0.391 0 0 
0.893 0.393 0 0 
0.895 0.395 0 0 
0.897 0.397 0 0 
0.899 0.399 0 0 
0.901 0.401 0 0 
0.903 0.403 0 0 
0.905 0.405 0 0 
0.907 0.407 0 0 
0.909 0.409 0 0 
0.911 0.411 0 0 
0.913 0.413 0 0 
0.915 0.415 0 0 
0.917 0.417 0 0 
0.919 0.419 0 0 
0.921 0.421 0 0 
0.923 0.423 0 0 
0.925 0.425 0 0 
0.927 0.427 0 0 
0.929 0.429 0 0 
0.931 0.431 0 0 
0.933 0.433 0 0 
0.935 0.435 0 0 
0.937 0.437 0 0 
0.939 0.439 0 0 
0.941 0.441 0 0 
0.943 0.443 0 0 
0.945 0.445 0 0 
0.947 0.447 0 0 
0.949 0.449 0 0 
0.951 0.451 0 0 
0.953 0.453 0 0 
0.955 0.455 0 0 
0.957 0.457 0 0 
0.959 0.459 0 0 
0.961 0.461 0 0 
0.963 0.463 0 0 
0.965 0.465 0 0 
0.967 0.467 0 0 
0.969 0.469 0 0 
0.971 0.471 0 0 
0.973 0.473 0 0 
0.975 0.475 0 0 
0.977 0.477 0 0 
0.979 0.479 0 0 
0.981 0.481 0 0 
0.983 0.483 0 0 
0.985 0.485 0 0 
0.987 0.487 0 0 
0.989 0.489 0 0 
0.991 0.491 0 0 
0.993 0.493 0 0 
0.995 0.495 0 0 
0.997 0.497 0 0 
0.999 0.499 0 0 
