0.001 -0.499 0 0 
0.003 -0.497 0 0 
0.005 -0.495 0 0 
0.007 -0.493 0 0 
0.009 -0.491 0 0 
0.011 -0.489 0 0 
0.013 -0.487 0 0 
0.015 -0.485 0 0 
0.017 -0.483 0 0 
0.019 -0.481 0 0 
0.021 -0.479 0 0 
0.023 -0.477 0 0 
0.025 -0.475 0 0 
0.027 -0.473 0 0 
0.029 -0.471 0 0 
0.031 -0.469 0 0 
0.033 -0.467 0 0 
0.035 -0.465 0 0 
0.037 -0.463 0 0 
0.039 -0.461 0 0 
0.041 -0.459 0 0 
0.043 -0.457 0 0 
0.045 -0.455 0 0 
0.047 -0.453 0 0 
0.049 -0.451 0 0 
0.051 -0.449 0 0 
0.053 -0.447 0 0 
0.055 -0.445 0 0 
0.057 -0.443 0 0 
0.059 -0.441 0 0 
0.061 -0.439 0 0 
0.063 -0.437 0 0 
0.065 -0.435 0 0 
0.067 -0.433 0 0 
0.069 -0.431 0 0 
0.071 -0.429 0 0 
0.073 -0.427 0 0 
0.075 -0.425 0 0 
0.077 -0.423 0 0 
0.079 -0.421 0 0 
0.081 -0.419 0 0 
0.083 -0.417 0 0 
0.085 -0.415 0 0 
0.087 -0.413 0 0 
0.089 -0.411 0 0 
0.091 -0.409 0 0 
0.093 -0.407 0 0 
0.095 -0.405 0 0 
0.097 -0.403 0 0 
0.099 -0.401 0 0 
0.101 -0.399 0 0 
0.103 -0.397 0 0 
0.105 -0.395 0 0 
0.107 -0.393 0 0 
0.109 -0.391 0 0 
0.111 -0.389 0 0 
0.113 -0.387 0 0 
0.115 -0.385 0 0 
0.117 -0.383 0 0 
0.119 -0.381 0 0 
0.121 -0.379 0 0 
0.123 -0.377 0 0 
0.125 -0.375 0 0 
0.127 -0.373 0 0 
0.129 -0.371 0 0 
0.131 -0.369 0 0 
0.133 -0.367 0 0 
0.135 -0.365 0 0 
0.137 -0.363 0 0 
0.139 -0.361 0 0 
0.141 -0.359 0 0 
0.143 -0.357 0 0 
0.145 -0.355 0 0 
0.147 -0.353 0 0 
0.149 -0.351 0 0 
0.151 -0.349 0 0 
0.153 -0.347 0 0 
0.155 -0.345 0 0 
0.157 -0.343 0 0 
0.159 -0.341 0 0 
0.161 -0.339 0 0 
0.163 -0.337 0 0 
0.165 -0.335 0 0 
0.167 -0.333 0 0 
0.169 -0.331 0 0 
0.171 -0.329 0 0 
0.173 -0.327 0 0 
0.175 -0.325 0 0 
0.177 -0.323 0 0 
0.179 -0.321 0 0 
0.181 -0.319 0 0 
0.183 -0.317 0 0 
0.185 -0.315 0 0 
0.187 -0.313 0 0 
0.189 -0.311 0 0 
0.191 -0.309 0 0 
0.193 -0.307 0 0 
0.195 -0.305 0 0 
0.197 -0.303 0 0 
0.199 -0.301 0 0 
0.201 -0.299 0 0 
0.203 -0.297 0 0 
0.205 -0.295 0 0 
0.207 -0.293 0 0 
0.209 -0.291 0 0 
0.211 -0.289 0 0 
0.213 -0.287 0 0 
0.215 -0.285 0 0 
0.217 -0.283 0 0 
0.219 -0.281 0 0 
0.221 -0.279 0 0 
0.223 -0.277 0 0 
0.225 -0.275 0 0 
0.227 -0.273 0 0 
0.229 -0.271 0 0 
0.231 -0.269 0 0 
0.233 -0.267 0 0 
0.235 -0.265 0 0 
0.237 -0.263 0 0 
0.239 -0.261 0 0 
0.241 -0.259 0 0 
0.243 -0.257 0 0 
0.245 -0.255 0 0 
0.247 -0.253 0 0 
0.249 -0.251 0 0 
0.251 -0.249 0 0 
0.253 -0.247 0 0 
0.255 -0.245 0 0 
0.257 -0.243 0 0 
0.259 -0.241 0 0 
0.261 -0.239 0 0 
0.263 -0.237 0 0 
0.265 -0.235 0 0 
0.267 -0.233 0 0 
0.269 -0.231 0 0 
0.271 -0.229 0 0 
0.273 -0.227 0 0 
0.275 -0.225 0 0 
0.277 -0.223 0 0 
0.279 -0.221 0 0 
0.281 -0.219 0 0 
0.283 -0.217 0 0 
0.285 -0.215 0 0 
0.287 -0.213 0 0 
0.289 -0.211 0 0 
0.291 -0.209 0 0 
0.293 -0.207 0 0 
0.295 -0.205 0 0 
0.297 -0.203 0 0 
0.299 -0.201 0 0 
0.301 -0.199 0 0 
0.303 -0.197 0 0 
0.305 -0.195 0 0 
0.307 -0.193 0 0 
0.309 -0.191 0 0 
0.311 -0.189 0 0 
0.313 -0.187 0 0 
0.315 -0.185 0 0 
0.317 -0.183 0 0 
0.319 -0.181 0 0 
0.321 -0.179 0 0 
0.323 -0.177 0 0 
0.325 -0.175 0 0 
0.327 -0.173 0 0 
0.329 -0.171 0 0 
0.331 -0.169 0 0 
0.333 -0.167 0 0 
0.335 -0.165 0 0 
0.337 -0.163 0 0 
0.339 -0.161 0 0 
0.341 -0.159 0 0 
0.343 -0.157 0 0 
0.345 -0.155 0 0 
0.347 -0.153 0 0 
0.349 -0.151 0 0 
0.351 -0.149 0 0 
0.353 -0.147 0 0 
0.355 -0.145 0 0 
0.357 -0.143 3.33067e-16 -1.11022e-16 
0.359 -0.141 8.88178e-15 -1.61537e-14 
0.361 -0.139 1.32061e-13 -1.26704e-12 
0.363 -0.137 1.35442e-12 -9.81352e-11 
0.365 -0.135 1.07426e-11 -7.70961e-09 
0.367 -0.133 7.00204e-11 -5.96813e-07 
0.369 -0.131 3.89431e-10 -5.56787e-05 
0.371 -0.129 1.89572e-09 -0.0019284 
0.373 -0.127 8.22566e-09 -7.19138 
0.375 -0.125 3.22512e-08 -64791.3 
0.377 -0.123 1.1547e-07 -46615.7 
0.379 -0.121 3.8068e-07 -136415 
0.381 -0.119 1.16339e-06 81302 
0.383 -0.117 3.31398e-06 344910 
0.385 -0.115 8.83896e-06 445824 
0.387 -0.113 2.21573e-05 818307 
0.389 -0.111 5.2369e-05 -346732 
0.391 -0.109 0.000117012 -347258 
0.393 -0.107 0.000247725 -1.20772e+06 
0.395 -0.105001 0.000497895 -703436 
0.397 -0.103002 0.000951661 -1.23385e+06 
0.399 -0.101003 0.00173256 -4.25066e+06 
0.401 -0.0990064 0.00300897 3.15518e+06 
0.403 -0.0970117 0.004993 8.15029e+06 
0.405 -0.0950205 0.00792997 8.09842e+06 
0.407 -0.0930344 0.0120779 9.00771e+06 
0.409 -0.0910557 0.0176799 1.13859e+07 
0.411 -0.0890869 0.024935 1.65545e+07 
0.413 -0.0871308 0.0339741 2.46318e+07 
0.415 -0.0851904 0.044847 -4.59717e+07 
0.417 -0.0832688 0.0575226 -9.94775e+06 
0.419 -0.081369 0.0719001 23998.5 
0.421 -0.0794935 0.0878282 -127752 
0.423 -0.0776447 0.105127 -36706 
0.425 -0.0758243 0.123607 -0.923418 
0.427 -0.074034 0.143091 -0.924523 
0.429 -0.0722747 0.163418 -0.925409 
0.431 -0.0705473 0.184462 -0.926022 
0.433 -0.0688524 0.206136 -0.926437 
0.435 -0.0671904 0.228346 -0.926706 
0.437 -0.0655615 0.250902 -0.926878 
0.439 -0.0639654 0.273685 -0.926992 
0.441 -0.062402 0.296635 -0.92709 
0.443 -0.060871 0.31971 -0.927193 
0.445 -0.0593719 0.342877 -0.927302 
0.447 -0.0579042 0.366108 -0.927394 
0.449 -0.0564676 0.389375 -0.927454 
0.451 -0.0550616 0.412654 -0.927476 
0.453 -0.0536855 0.435921 -0.927469 
0.455 -0.0523389 0.459153 -0.92746 
0.457 -0.0510212 0.482325 -0.92747 
0.459 -0.0497317 0.505417 -0.927504 
0.461 -0.0484698 0.528406 -0.927544 
0.463 -0.047235 0.551266 -0.927564 
0.465 -0.0460266 0.573975 -0.927552 
0.467 -0.0448438 0.596502 -0.927512 
0.469 -0.0436861 0.618819 -0.927459 
0.471 -0.0425528 0.640888 -0.927396 
0.473 -0.041443 0.66267 -0.927294 
0.475 -0.0403561 0.684119 -0.927076 
0.477 -0.0392913 0.70518 -0.926592 
0.479 -0.0382477 0.725794 -0.925684 
0.481 -0.0372245 0.745892 -0.924433 
0.483 -0.0362208 0.765395 -0.923091 
0.485 -0.0352355 0.78422 -0.921598 
0.487 -0.0342678 0.802271 -0.919601 
0.489 -0.0333164 0.819448 -0.916806 
0.491 -0.0323802 0.835643 -0.912988 
0.493 -0.0314581 0.850745 -0.907985 
0.495 -0.0305488 0.864638 -0.901696 
0.497 -0.0296509 0.877203 -0.894068 
0.499 -0.028763 0.888321 -0.88507 
0.501 0.0287315 0.89788 -0.874703 
0.503 0.0296326 0.905791 -0.863008 
0.505 0.0305444 0.91202 -0.85006 
0.507 0.0314681 0.916637 -0.83596 
0.509 0.0324048 0.919797 -0.820809 
0.511 0.0333558 0.921817 -0.804712 
0.513 0.0343221 0.923053 -0.787773 
0.515 0.0353047 0.924157 -0.770094 
0.517 0.0363046 0.925237 -0.751769 
0.519 0.0373226 0.926237 -0.732885 
0.521 0.0383596 0.92714 -0.713518 
0.523 0.0394164 0.927663 -0.693734 
0.525 0.0404938 0.927808 -0.673595 
0.527 0.0415923 0.927744 -0.653158 
0.529 0.0427127 0.927626 -0.632471 
0.531 0.0438557 0.927474 -0.611576 
0.533 0.0450217 5.78006e+06 -0.590504 
0.535 0.0462115 6.86973e+06 -0.569286 
0.537 0.0474255 -nan -0.54795 
0.539 0.0486643 -nan -0.526521 
0.541 0.0499284 -nan -0.505017 
0.543 0.0512183 -nan -0.483451 
0.545 0.0525345 -nan -0.461837 
0.547 0.0538776 -nan -0.440185 
0.549 0.0552479 -nan -0.418511 
0.551 0.056646 -nan -0.396823 
0.553 0.0580724 -nan -0.375128 
0.555 0.0595274 -nan -0.353429 
0.557 0.0610117 -nan -0.331731 
0.559 0.0625256 -nan -0.310046 
0.561 0.0640695 -nan -0.288381 
0.563 0.0656441 -nan -0.266742 
0.565 0.0672496 -nan -0.245132 
0.567 0.0688866 -nan -0.223557 
0.569 0.0705554 -nan -0.202022 
0.571 0.0722566 -nan -0.180542 
0.573 0.0739904 -nan -0.159135 
0.575 0.0757573 -nan -0.137808 
0.577 0.0775577 -nan -0.116576 
0.579 0.0793917 -nan -0.0954634 
0.581 0.08126 -nan -0.0744273 
0.583 0.0831616 -nan -0.0545803 
0.585 0.0850928 -nan -0.0374674 
0.587 0.0870486 -nan -0.0236893 
0.589 0.0890228 -nan -0.0135154 
0.591 0.0910095 -nan -0.00681976 
0.593 0.0930034 -nan -0.00299876 
0.595 0.0950011 -nan -0.00114164 
0.597 0.0970003 -nan -0.000376992 
0.599 0.0990001 -nan -0.00010876 
0.601 0.101 -nan -2.76485e-05 
0.603 0.103 -nan -6.24117e-06 
0.605 0.105 -nan -1.25827e-06 
0.607 0.107 -nan -2.27464e-07 
0.609 0.109 -nan -3.69587e-08 
0.611 0.111 -nan -5.4034e-09 
0.613 0.113 -nan -7.10831e-10 
0.615 0.115 -nan -8.40605e-11 
0.617 0.117 -nan -8.9187e-12 
0.619 0.119 -nan -8.46545e-13 
0.621 0.121 -nan -7.17204e-14 
0.623 0.123 -nan -5.4956e-15 
0.625 0.125 -nan -3.33067e-16 
0.627 0.127 -nan 0 
0.629 0.129 -nan 0 
0.631 0.131 -nan 0 
0.633 0.133 -nan 0 
0.635 0.135 5.80325e-12 0 
0.637 0.137 0 0 
0.639 0.139 0 0 
0.641 0.141 0 0 
0.643 0.143 0 0 
0.645 0.145 0 0 
0.647 0.147 0 0 
0.649 0.149 0 0 
0.651 0.151 0 0 
0.653 0.153 0 0 
0.655 0.155 0 0 
0.657 0.157 0 0 
0.659 0.159 0 0 
0.661 0.161 0 0 
0.663 0.163 0 0 
0.665 0.165 0 0 
0.667 0.167 0 0 
0.669 0.169 0 0 
0.671 0.171 0 0 
0.673 0.173 0 0 
0.675 0.175 0 0 
0.677 0.177 0 0 
0.679 0.179 0 0 
0.681 0.181 0 0 
0.683 0.183 0 0 
0.685 0.185 0 0 
0.687 0.187 0 0 
0.689 0.189 0 0 
0.691 0.191 0 0 
0.693 0.193 0 0 
0.695 0.195 0 0 
0.697 0.197 0 0 
0.699 0.199 0 0 
0.701 0.201 0 0 
0.703 0.203 0 0 
0.705 0.205 0 0 
0.707 0.207 0 0 
0.709 0.209 0 0 
0.711 0.211 0 0 
0.713 0.213 0 0 
0.715 0.215 0 0 
0.717 0.217 0 0 
0.719 0.219 0 0 
0.721 0.221 0 0 
0.723 0.223 0 0 
0.725 0.225 0 0 
0.727 0.227 0 0 
0.729 0.229 0 0 
0.731 0.231 0 0 
0.733 0.233 0 0 
0.735 0.235 0 0 
0.737 0.237 0 0 
0.739 0.239 0 0 
0.741 0.241 0 0 
0.743 0.243 0 0 
0.745 0.245 0 0 
0.747 0.247 0 0 
0.749 0.249 0 0 
0.751 0.251 0 0 
0.753 0.253 0 0 
0.755 0.255 0 0 
0.757 0.257 0 0 
0.759 0.259 0 0 
0.761 0.261 0 0 
0.763 0.263 0 0 
0.765 0.265 0 0 
0.767 0.267 0 0 
0.769 0.269 0 0 
0.771 0.271 0 0 
0.773 0.273 0 0 
0.775 0.275 0 0 
0.777 0.277 0 0 
0.779 0.279 0 0 
0.781 0.281 0 0 
0.783 0.283 0 0 
0.785 0.285 0 0 
0.787 0.287 0 0 
0.789 0.289 0 0 
0.791 0.291 0 0 
0.793 0.293 0 0 
0.795 0.295 0 0 
0.797 0.297 0 0 
0.799 0.299 0 0 
0.801 0.301 0 0 
0.803 0.303 0 0 
0.805 0.305 0 0 
0.807 0.307 0 0 
0.809 0.309 0 0 
0.811 0.311 0 0 
0.813 0.313 0 0 
0.815 0.315 0 0 
0.817 0.317 0 0 
0.819 0.319 0 0 
0.821 0.321 0 0 
0.823 0.323 0 0 
0.825 0.325 0 0 
0.827 0.327 0 0 
0.829 0.329 0 0 
0.831 0.331 0 0 
0.833 0.333 0 0 
0.835 0.335 0 0 
0.837 0.337 0 0 
0.839 0.339 0 0 
0.841 0.341 0 0 
0.843 0.343 0 0 
0.845 0.345 0 0 
0.847 0.347 0 0 
0.849 0.349 0 0 
0.851 0.351 0 0 
0.853 0.353 0 0 
0.855 0.355 0 0 
0.857 0.357 0 0 
0.859 0.359 0 0 
0.861 0.361 0 0 
0.863 0.363 0 0 
0.865 0.365 0 0 
0.867 0.367 0 0 
0.869 0.369 0 0 
0.871 0.371 0 0 
0.873 0.373 0 0 
0.875 0.375 0 0 
0.877 0.377 0 0 
0.879 0.379 0 0 
0.881 0.381 0 0 
0.883 0.383 0 0 
0.885 0.385 0 0 
0.887 0.387 0 0 
0.889 0.389 0 0 
0.891 0.391 0 0 
0.893 0.393 0 0 
0.895 0.395 0 0 
0.897 0.397 0 0 
0.899 0.399 0 0 
0.901 0.401 0 0 
0.903 0.403 0 0 
0.905 0.405 0 0 
0.907 0.407 0 0 
0.909 0.409 0 0 
0.911 0.411 0 0 
0.913 0.413 0 0 
0.915 0.415 0 0 
0.917 0.417 0 0 
0.919 0.419 0 0 
0.921 0.421 0 0 
0.923 0.423 0 0 
0.925 0.425 0 0 
0.927 0.427 0 0 
0.929 0.429 0 0 
0.931 0.431 0 0 
0.933 0.433 0 0 
0.935 0.435 0 0 
0.937 0.437 0 0 
0.939 0.439 0 0 
0.941 0.441 0 0 
0.943 0.443 0 0 
0.945 0.445 0 0 
0.947 0.447 0 0 
0.949 0.449 0 0 
0.951 0.451 0 0 
0.953 0.453 0 0 
0.955 0.455 0 0 
0.957 0.457 0 0 
0.959 0.459 0 0 
0.961 0.461 0 0 
0.963 0.463 0 0 
0.965 0.465 0 0 
0.967 0.467 0 0 
0.969 0.469 0 0 
0.971 0.471 0 0 
0.973 0.473 0 0 
0.975 0.475 0 0 
0.977 0.477 0 0 
0.979 0.479 0 0 
0.981 0.481 0 0 
0.983 0.483 0 0 
0.985 0.485 0 0 
0.987 0.487 0 0 
0.989 0.489 0 0 
0.991 0.491 0 0 
0.993 0.493 0 0 
0.995 0.495 0 0 
0.997 0.497 0 0 
0.999 0.499 0 0 
