0.001 -0.499 0 0 
0.003 -0.497 0 0 
0.005 -0.495 0 0 
0.007 -0.493 0 0 
0.009 -0.491 0 0 
0.011 -0.489 0 0 
0.013 -0.487 0 0 
0.015 -0.485 0 0 
0.017 -0.483 0 0 
0.019 -0.481 0 0 
0.021 -0.479 0 0 
0.023 -0.477 0 0 
0.025 -0.475 0 0 
0.027 -0.473 0 0 
0.029 -0.471 0 0 
0.031 -0.469 0 0 
0.033 -0.467 0 0 
0.035 -0.465 0 0 
0.037 -0.463 0 0 
0.039 -0.461 0 0 
0.041 -0.459 0 0 
0.043 -0.457 0 0 
0.045 -0.455 0 0 
0.047 -0.453 0 0 
0.049 -0.451 0 0 
0.051 -0.449 0 0 
0.053 -0.447 0 0 
0.055 -0.445 0 0 
0.057 -0.443 0 0 
0.059 -0.441 0 0 
0.061 -0.439 0 0 
0.063 -0.437 0 0 
0.065 -0.435 0 0 
0.067 -0.433 0 0 
0.069 -0.431 0 0 
0.071 -0.429 0 0 
0.073 -0.427 0 0 
0.075 -0.425 0 0 
0.077 -0.423 0 0 
0.079 -0.421 0 0 
0.081 -0.419 0 0 
0.083 -0.417 0 0 
0.085 -0.415 0 0 
0.087 -0.413 0 0 
0.089 -0.411 0 0 
0.091 -0.409 0 0 
0.093 -0.407 0 0 
0.095 -0.405 0 0 
0.097 -0.403 0 0 
0.099 -0.401 0 0 
0.101 -0.399 0 0 
0.103 -0.397 0 0 
0.105 -0.395 0 0 
0.107 -0.393 0 0 
0.109 -0.391 0 0 
0.111 -0.389 0 0 
0.113 -0.387 0 0 
0.115 -0.385 0 0 
0.117 -0.383 0 0 
0.119 -0.381 0 0 
0.121 -0.379 0 0 
0.123 -0.377 0 0 
0.125 -0.375 0 0 
0.127 -0.373 0 0 
0.129 -0.371 0 0 
0.131 -0.369 0 0 
0.133 -0.367 0 0 
0.135 -0.365 0 0 
0.137 -0.363 0 0 
0.139 -0.361 0 0 
0.141 -0.359 0 0 
0.143 -0.357 0 0 
0.145 -0.355 0 0 
0.147 -0.353 0 0 
0.149 -0.351 0 0 
0.151 -0.349 0 0 
0.153 -0.347 0 0 
0.155 -0.345 0 0 
0.157 -0.343 0 0 
0.159 -0.341 0 0 
0.161 -0.339 0 0 
0.163 -0.337 0 0 
0.165 -0.335 0 0 
0.167 -0.333 0 0 
0.169 -0.331 0 0 
0.171 -0.329 0 0 
0.173 -0.327 0 0 
0.175 -0.325 0 0 
0.177 -0.323 0 0 
0.179 -0.321 0 0 
0.181 -0.319 0 0 
0.183 -0.317 0 0 
0.185 -0.315 0 0 
0.187 -0.313 0 0 
0.189 -0.311 0 0 
0.191 -0.309 0 0 
0.193 -0.307 0 0 
0.195 -0.305 0 0 
0.197 -0.303 0 0 
0.199 -0.301 0 0 
0.201 -0.299 0 0 
0.203 -0.297 0 0 
0.205 -0.295 0 0 
0.207 -0.293 0 0 
0.209 -0.291 0 0 
0.211 -0.289 0 0 
0.213 -0.287 0 0 
0.215 -0.285 0 0 
0.217 -0.283 0 0 
0.219 -0.281 0 0 
0.221 -0.279 0 0 
0.223 -0.277 0 0 
0.225 -0.275 0 0 
0.227 -0.273 0 0 
0.229 -0.271 0 0 
0.231 -0.269 0 0 
0.233 -0.267 0 0 
0.235 -0.265 0 0 
0.237 -0.263 0 0 
0.239 -0.261 0 0 
0.241 -0.259 0 0 
0.243 -0.257 0 0 
0.245 -0.255 0 0 
0.247 -0.253 0 0 
0.249 -0.251 0 0 
0.251 -0.249 0 0 
0.253 -0.247 0 0 
0.255 -0.245 0 0 
0.257 -0.243 0 0 
0.259 -0.241 0 0 
0.261 -0.239 0 0 
0.263 -0.237 0 0 
0.265 -0.235 0 0 
0.267 -0.233 0 0 
0.269 -0.231 0 0 
0.271 -0.229 0 0 
0.273 -0.227 0 0 
0.275 -0.225 0 0 
0.277 -0.223 0 0 
0.279 -0.221 0 0 
0.281 -0.219 0 0 
0.283 -0.217 0 0 
0.285 -0.215 0 0 
0.287 -0.213 0 0 
0.289 -0.211 0 0 
0.291 -0.209 0 0 
0.293 -0.207 0 0 
0.295 -0.205 0 0 
0.297 -0.203 0 0 
0.299 -0.201 0 0 
0.301 -0.199 0 0 
0.303 -0.197 0 0 
0.305 -0.195 0 0 
0.307 -0.193 0 0 
0.309 -0.191 0 0 
0.311 -0.189 0 0 
0.313 -0.187 0 0 
0.315 -0.185 0 0 
0.317 -0.183 0 0 
0.319 -0.181 0 0 
0.321 -0.179 0 0 
0.323 -0.177 0 0 
0.325 -0.175 0 0 
0.327 -0.173 0 0 
0.329 -0.171 0 0 
0.331 -0.169 0 0 
0.333 -0.167 0 0 
0.335 -0.165 0 0 
0.337 -0.163 0 0 
0.339 -0.161 0 0 
0.341 -0.159 0 0 
0.343 -0.157 0 0 
0.345 -0.155 0 0 
0.347 -0.153 0 0 
0.349 -0.151 0 0 
0.351 -0.149 0 0 
0.353 -0.147 1.11022e-16 0 
0.355 -0.145 3.66374e-15 -5.60663e-15 
0.357 -0.143 5.4623e-14 -4.3715e-13 
0.359 -0.141 5.73763e-13 -3.38742e-11 
0.361 -0.139 4.65383e-12 -2.66036e-09 
0.363 -0.137 3.10169e-11 -2.06199e-07 
0.365 -0.135 1.76372e-10 -1.90235e-05 
0.367 -0.133 8.77781e-10 -0.000684002 
0.369 -0.131 3.89412e-09 -7.90417 
0.371 -0.129 1.56114e-08 -639228 
0.373 -0.127 5.71581e-08 -456013 
0.375 -0.125 1.9273e-07 -1.04406e+06 
0.377 -0.123 6.02544e-07 3.67395e+06 
0.379 -0.121 1.75629e-06 3.47568e+06 
0.381 -0.119 4.79465e-06 3.03433e+06 
0.383 -0.117 1.23064e-05 2.2154e+06 
0.385 -0.115 2.97927e-05 -601037 
0.387 -0.113 6.82136e-05 -605533 
0.389 -0.111 0.000148051 -9.84893e+06 
0.391 -0.109 0.000305201 -1.37207e+06 
0.393 -0.107001 0.000598596 -1.33655e+06 
0.395 -0.105002 0.00111871 -1.22422e+06 
0.397 -0.103004 0.00199507 3.27802e+07 
0.399 -0.101008 0.00339994 -9.57408e+06 
0.401 -0.0990135 0.00554514 -1.514e+07 
0.403 -0.0970233 0.00866972 -1.46705e+07 
0.405 -0.0950385 0.0130189 -8.85495e+06 
0.407 -0.0930615 0.0188172 2.94823e+06 
0.409 -0.0910946 0.0262417 4.83679e+07 
0.411 -0.0891408 0.0354017 -2.57554e+07 
0.413 -0.0872029 0.0463287 1.14299e+07 
0.415 -0.0852838 0.0589788 6.06544e+07 
0.417 -0.0833864 0.0732451 1.37398e+08 
0.419 -0.0815131 0.0889764 9.61375e+07 
0.421 -0.079666 0.105998 -1.64984e+07 
0.423 -0.0778469 0.124129 111321 
0.425 -0.0760572 0.1432 101354 
0.427 -0.0742979 0.163062 -1.81284e+06 
0.429 -0.0725697 0.183596 -0.92504 
0.431 -0.0708732 0.204724 -0.925899 
0.433 -0.0692088 0.22635 -0.926371 
0.435 -0.0675765 0.248296 -0.926674 
0.437 -0.0659763 0.270455 -0.92687 
0.439 -0.064408 0.292772 -0.926999 
0.441 -0.0628711 0.315208 -0.927095 
0.443 -0.0613653 0.337734 -0.92719 
0.445 -0.0598903 0.360323 -0.927288 
0.447 -0.0584456 0.382953 -0.927378 
0.449 -0.0570307 0.405599 -0.927445 
0.451 -0.0556452 0.428241 -0.927477 
0.453 -0.0542884 0.450857 -0.927477 
0.455 -0.0529599 0.473427 -0.927467 
0.457 -0.0516592 0.49593 -0.927473 
0.459 -0.0503856 0.518347 -0.9275 
0.461 -0.0491385 0.540655 -0.927536 
0.463 -0.0479174 0.562834 -0.927559 
0.465 -0.0467216 0.58486 -0.927554 
0.467 -0.0455506 0.606705 -0.927519 
0.469 -0.0444036 0.628341 -0.927462 
0.471 -0.0432801 0.649733 -0.927386 
0.473 -0.0421792 0.670843 -0.927263 
0.475 -0.0411004 0.691625 -0.927021 
0.477 -0.0400428 0.71203 -0.926505 
0.479 -0.0390056 0.731997 -0.925587 
0.481 -0.0379881 0.751463 -0.924388 
0.483 -0.0369893 0.770352 -0.923118 
0.485 -0.0360084 0.788584 -0.921667 
0.487 -0.0350444 0.806068 -0.919707 
0.489 -0.0340961 0.822709 -0.916977 
0.491 -0.0331626 0.838402 -0.913261 
0.493 -0.0322427 0.85304 -0.908395 
0.495 -0.0313351 0.866511 -0.902278 
0.497 -0.0304386 0.878697 -0.89486 
0.499 -0.0295517 0.889482 -0.886123 
0.501 0.0295197 0.898753 -0.876071 
0.503 0.0304195 0.906426 -0.864738 
0.505 0.0313296 0.912476 -0.85219 
0.507 0.0322512 0.916976 -0.83852 
0.509 0.0331855 0.920022 -0.823831 
0.511 0.0341335 0.922004 -0.808227 
0.513 0.0350964 0.923251 -0.791806 
0.515 0.036075 0.924217 -0.774663 
0.517 0.0370702 0.92517 -0.75689 
0.519 0.038083 0.926228 -0.738569 
0.521 0.0391142 0.927095 -0.719777 
0.523 0.0401644 0.927572 -0.700577 
0.525 0.0412344 0.927772 -0.681027 
0.527 0.0423249 0.927712 -0.661179 
0.529 0.0434365 -nan -0.641081 
0.531 0.0445699 -nan -0.620774 
0.533 0.0457255 -nan -0.600293 
0.535 0.046904 -nan -0.579664 
0.537 0.0481059 -nan -0.558912 
0.539 0.0493317 -nan -0.538061 
0.541 0.0505818 -nan -0.517133 
0.543 0.0518569 -nan -0.496143 
0.545 0.0531573 -nan -0.475102 
0.547 0.0544835 -nan -0.454019 
0.549 0.0558361 -nan -0.432906 
0.551 0.0572154 -nan -0.411774 
0.553 0.0586219 -nan -0.390632 
0.555 0.060056 -nan -0.369487 
0.557 0.0615182 -nan -0.34834 
0.559 0.063009 -nan -0.327195 
0.561 0.0645287 -nan -0.306061 
0.563 0.0660779 -nan -0.284949 
0.565 0.0676569 -nan -0.263862 
0.567 0.0692661 -nan -0.242802 
0.569 0.070906 -nan -0.221777 
0.571 0.072577 -nan -0.200792 
0.573 0.0742794 -nan -0.179854 
0.575 0.0760138 -nan -0.158981 
0.577 0.0777804 -nan -0.138191 
0.579 0.0795795 -nan -0.117489 
0.581 0.0814115 -nan -0.0968878 
0.583 0.0832768 -nan -0.0763724 
0.585 0.0851749 -nan -0.0567454 
0.587 0.0871025 -nan -0.0395823 
0.589 0.089055 -nan -0.0255585 
0.591 0.0910266 -nan -0.0149766 
0.593 0.0930114 -nan -0.0078071 
0.595 0.0950043 -nan -0.00356406 
0.597 0.0970014 -nan -0.00141351 
0.599 0.0990004 -nan -0.000487154 
0.601 0.101 -nan -0.000146804 
0.603 0.103 -nan -3.90085e-05 
0.605 0.105 -nan -9.2119e-06 
0.607 0.107 -nan -1.94539e-06 
0.609 0.109 -nan -3.6902e-07 
0.611 0.111 -nan -6.30535e-08 
0.613 0.113 -nan -9.71986e-09 
0.615 0.115 -nan -1.35242e-09 
0.617 0.117 -nan -1.69774e-10 
0.619 0.119 -nan -1.92024e-11 
0.621 0.121 -nan -1.95255e-12 
0.623 0.123 -nan -1.78191e-13 
0.625 0.125 -nan -1.45994e-14 
0.627 0.127 -nan -1.05471e-15 
0.629 0.129 -nan 0 
0.631 0.131 -nan 0 
0.633 0.133 -nan 0 
0.635 0.135 -nan 0 
0.637 0.137 -nan 0 
0.639 0.139 -nan 0 
0.641 0.141 -nan 0 
0.643 0.143 0 0 
0.645 0.145 0 0 
0.647 0.147 0 0 
0.649 0.149 0 0 
0.651 0.151 0 0 
0.653 0.153 0 0 
0.655 0.155 0 0 
0.657 0.157 0 0 
0.659 0.159 0 0 
0.661 0.161 0 0 
0.663 0.163 0 0 
0.665 0.165 0 0 
0.667 0.167 0 0 
0.669 0.169 0 0 
0.671 0.171 0 0 
0.673 0.173 0 0 
0.675 0.175 0 0 
0.677 0.177 0 0 
0.679 0.179 0 0 
0.681 0.181 0 0 
0.683 0.183 0 0 
0.685 0.185 0 0 
0.687 0.187 0 0 
0.689 0.189 0 0 
0.691 0.191 0 0 
0.693 0.193 0 0 
0.695 0.195 0 0 
0.697 0.197 0 0 
0.699 0.199 0 0 
0.701 0.201 0 0 
0.703 0.203 0 0 
0.705 0.205 0 0 
0.707 0.207 0 0 
0.709 0.209 0 0 
0.711 0.211 0 0 
0.713 0.213 0 0 
0.715 0.215 0 0 
0.717 0.217 0 0 
0.719 0.219 0 0 
0.721 0.221 0 0 
0.723 0.223 0 0 
0.725 0.225 0 0 
0.727 0.227 0 0 
0.729 0.229 0 0 
0.731 0.231 0 0 
0.733 0.233 0 0 
0.735 0.235 0 0 
0.737 0.237 0 0 
0.739 0.239 0 0 
0.741 0.241 0 0 
0.743 0.243 0 0 
0.745 0.245 0 0 
0.747 0.247 0 0 
0.749 0.249 0 0 
0.751 0.251 0 0 
0.753 0.253 0 0 
0.755 0.255 0 0 
0.757 0.257 0 0 
0.759 0.259 0 0 
0.761 0.261 0 0 
0.763 0.263 0 0 
0.765 0.265 0 0 
0.767 0.267 0 0 
0.769 0.269 0 0 
0.771 0.271 0 0 
0.773 0.273 0 0 
0.775 0.275 0 0 
0.777 0.277 0 0 
0.779 0.279 0 0 
0.781 0.281 0 0 
0.783 0.283 0 0 
0.785 0.285 0 0 
0.787 0.287 0 0 
0.789 0.289 0 0 
0.791 0.291 0 0 
0.793 0.293 0 0 
0.795 0.295 0 0 
0.797 0.297 0 0 
0.799 0.299 0 0 
0.801 0.301 0 0 
0.803 0.303 0 0 
0.805 0.305 0 0 
0.807 0.307 0 0 
0.809 0.309 0 0 
0.811 0.311 0 0 
0.813 0.313 0 0 
0.815 0.315 0 0 
0.817 0.317 0 0 
0.819 0.319 0 0 
0.821 0.321 0 0 
0.823 0.323 0 0 
0.825 0.325 0 0 
0.827 0.327 0 0 
0.829 0.329 0 0 
0.831 0.331 0 0 
0.833 0.333 0 0 
0.835 0.335 0 0 
0.837 0.337 0 0 
0.839 0.339 0 0 
0.841 0.341 0 0 
0.843 0.343 0 0 
0.845 0.345 0 0 
0.847 0.347 0 0 
0.849 0.349 0 0 
0.851 0.351 0 0 
0.853 0.353 0 0 
0.855 0.355 0 0 
0.857 0.357 0 0 
0.859 0.359 0 0 
0.861 0.361 0 0 
0.863 0.363 0 0 
0.865 0.365 0 0 
0.867 0.367 0 0 
0.869 0.369 0 0 
0.871 0.371 0 0 
0.873 0.373 0 0 
0.875 0.375 0 0 
0.877 0.377 0 0 
0.879 0.379 0 0 
0.881 0.381 0 0 
0.883 0.383 0 0 
0.885 0.385 0 0 
0.887 0.387 0 0 
0.889 0.389 0 0 
0.891 0.391 0 0 
0.893 0.393 0 0 
0.895 0.395 0 0 
0.897 0.397 0 0 
0.899 0.399 0 0 
0.901 0.401 0 0 
0.903 0.403 0 0 
0.905 0.405 0 0 
0.907 0.407 0 0 
0.909 0.409 0 0 
0.911 0.411 0 0 
0.913 0.413 0 0 
0.915 0.415 0 0 
0.917 0.417 0 0 
0.919 0.419 0 0 
0.921 0.421 0 0 
0.923 0.423 0 0 
0.925 0.425 0 0 
0.927 0.427 0 0 
0.929 0.429 0 0 
0.931 0.431 0 0 
0.933 0.433 0 0 
0.935 0.435 0 0 
0.937 0.437 0 0 
0.939 0.439 0 0 
0.941 0.441 0 0 
0.943 0.443 0 0 
0.945 0.445 0 0 
0.947 0.447 0 0 
0.949 0.449 0 0 
0.951 0.451 0 0 
0.953 0.453 0 0 
0.955 0.455 0 0 
0.957 0.457 0 0 
0.959 0.459 0 0 
0.961 0.461 0 0 
0.963 0.463 0 0 
0.965 0.465 0 0 
0.967 0.467 0 0 
0.969 0.469 0 0 
0.971 0.471 0 0 
0.973 0.473 0 0 
0.975 0.475 0 0 
0.977 0.477 0 0 
0.979 0.479 0 0 
0.981 0.481 0 0 
0.983 0.483 0 0 
0.985 0.485 0 0 
0.987 0.487 0 0 
0.989 0.489 0 0 
0.991 0.491 0 0 
0.993 0.493 0 0 
0.995 0.495 0 0 
0.997 0.497 0 0 
0.999 0.499 0 0 
