0.001 -0.499 0 0 
0.003 -0.497 0 0 
0.005 -0.495 0 0 
0.007 -0.493 0 0 
0.009 -0.491 0 0 
0.011 -0.489 0 0 
0.013 -0.487 0 0 
0.015 -0.485 0 0 
0.017 -0.483 0 0 
0.019 -0.481 0 0 
0.021 -0.479 0 0 
0.023 -0.477 0 0 
0.025 -0.475 0 0 
0.027 -0.473 0 0 
0.029 -0.471 0 0 
0.031 -0.469 0 0 
0.033 -0.467 0 0 
0.035 -0.465 0 0 
0.037 -0.463 0 0 
0.039 -0.461 0 0 
0.041 -0.459 0 0 
0.043 -0.457 0 0 
0.045 -0.455 0 0 
0.047 -0.453 0 0 
0.049 -0.451 0 0 
0.051 -0.449 0 0 
0.053 -0.447 0 0 
0.055 -0.445 0 0 
0.057 -0.443 0 0 
0.059 -0.441 0 0 
0.061 -0.439 0 0 
0.063 -0.437 0 0 
0.065 -0.435 0 0 
0.067 -0.433 0 0 
0.069 -0.431 0 0 
0.071 -0.429 0 0 
0.073 -0.427 0 0 
0.075 -0.425 0 0 
0.077 -0.423 0 0 
0.079 -0.421 0 0 
0.081 -0.419 0 0 
0.083 -0.417 0 0 
0.085 -0.415 0 0 
0.087 -0.413 0 0 
0.089 -0.411 0 0 
0.091 -0.409 0 0 
0.093 -0.407 0 0 
0.095 -0.405 0 0 
0.097 -0.403 0 0 
0.099 -0.401 0 0 
0.101 -0.399 0 0 
0.103 -0.397 0 0 
0.105 -0.395 0 0 
0.107 -0.393 0 0 
0.109 -0.391 0 0 
0.111 -0.389 0 0 
0.113 -0.387 0 0 
0.115 -0.385 0 0 
0.117 -0.383 0 0 
0.119 -0.381 0 0 
0.121 -0.379 0 0 
0.123 -0.377 0 0 
0.125 -0.375 0 0 
0.127 -0.373 0 0 
0.129 -0.371 0 0 
0.131 -0.369 0 0 
0.133 -0.367 0 0 
0.135 -0.365 0 0 
0.137 -0.363 0 0 
0.139 -0.361 0 0 
0.141 -0.359 0 0 
0.143 -0.357 0 0 
0.145 -0.355 0 0 
0.147 -0.353 0 0 
0.149 -0.351 0 0 
0.151 -0.349 0 0 
0.153 -0.347 0 0 
0.155 -0.345 0 0 
0.157 -0.343 0 0 
0.159 -0.341 0 0 
0.161 -0.339 0 0 
0.163 -0.337 0 0 
0.165 -0.335 0 0 
0.167 -0.333 0 0 
0.169 -0.331 0 0 
0.171 -0.329 0 0 
0.173 -0.327 0 0 
0.175 -0.325 0 0 
0.177 -0.323 0 0 
0.179 -0.321 0 0 
0.181 -0.319 0 0 
0.183 -0.317 0 0 
0.185 -0.315 0 0 
0.187 -0.313 0 0 
0.189 -0.311 0 0 
0.191 -0.309 0 0 
0.193 -0.307 0 0 
0.195 -0.305 0 0 
0.197 -0.303 0 0 
0.199 -0.301 0 0 
0.201 -0.299 0 0 
0.203 -0.297 0 0 
0.205 -0.295 0 0 
0.207 -0.293 0 0 
0.209 -0.291 0 0 
0.211 -0.289 0 0 
0.213 -0.287 0 0 
0.215 -0.285 0 0 
0.217 -0.283 0 0 
0.219 -0.281 0 0 
0.221 -0.279 0 0 
0.223 -0.277 0 0 
0.225 -0.275 0 0 
0.227 -0.273 0 0 
0.229 -0.271 0 0 
0.231 -0.269 0 0 
0.233 -0.267 0 0 
0.235 -0.265 0 0 
0.237 -0.263 0 0 
0.239 -0.261 0 0 
0.241 -0.259 0 0 
0.243 -0.257 0 0 
0.245 -0.255 0 0 
0.247 -0.253 0 0 
0.249 -0.251 0 0 
0.251 -0.249 0 0 
0.253 -0.247 0 0 
0.255 -0.245 0 0 
0.257 -0.243 0 0 
0.259 -0.241 0 0 
0.261 -0.239 0 0 
0.263 -0.237 0 0 
0.265 -0.235 0 0 
0.267 -0.233 0 0 
0.269 -0.231 0 0 
0.271 -0.229 0 0 
0.273 -0.227 0 0 
0.275 -0.225 0 0 
0.277 -0.223 0 0 
0.279 -0.221 0 0 
0.281 -0.219 0 0 
0.283 -0.217 0 0 
0.285 -0.215 0 0 
0.287 -0.213 0 0 
0.289 -0.211 0 0 
0.291 -0.209 0 0 
0.293 -0.207 0 0 
0.295 -0.205 0 0 
0.297 -0.203 0 0 
0.299 -0.201 0 0 
0.301 -0.199 0 0 
0.303 -0.197 0 0 
0.305 -0.195 0 0 
0.307 -0.193 0 0 
0.309 -0.191 0 0 
0.311 -0.189 0 0 
0.313 -0.187 0 0 
0.315 -0.185 0 0 
0.317 -0.183 0 0 
0.319 -0.181 0 0 
0.321 -0.179 0 0 
0.323 -0.177 0 0 
0.325 -0.175 0 0 
0.327 -0.173 0 0 
0.329 -0.171 0 0 
0.331 -0.169 0 0 
0.333 -0.167 0 0 
0.335 -0.165 0 0 
0.337 -0.163 0 0 
0.339 -0.161 0 0 
0.341 -0.159 0 0 
0.343 -0.157 0 0 
0.345 -0.155 0 0 
0.347 -0.153 1.11022e-16 0 
0.349 -0.151 9.4369e-16 -9.99201e-16 
0.351 -0.149 1.44884e-14 -8.86513e-14 
0.353 -0.147 1.57874e-13 -6.86956e-12 
0.355 -0.145 1.32228e-12 -5.39279e-10 
0.357 -0.143 9.10194e-12 -4.18694e-08 
0.359 -0.141 5.34514e-11 -3.80344e-06 
0.361 -0.139 2.74707e-10 -0.000143848 
0.363 -0.137 1.2585e-09 -8.86855 
0.365 -0.135 5.21059e-09 -764102 
0.367 -0.133 1.97055e-08 -963018 
0.369 -0.131 6.86465e-08 5.71442e+07 
0.371 -0.129 2.21785e-07 1.23451e+07 
0.373 -0.127 6.68279e-07 7.65953e+06 
0.375 -0.125 1.88671e-06 4.22455e+06 
0.377 -0.123 5.01026e-06 1.76203e+06 
0.379 -0.121 1.25557e-05 -83572.6 
0.381 -0.119 2.97752e-05 -1.44522e+06 
0.383 -0.117 6.69756e-05 8.75835e+07 
0.385 -0.115 0.000143186 -4.95403e+07 
0.387 -0.113 0.000291444 4.11791e+09 
0.389 -0.111001 0.000565628 1.92337e+09 
0.391 -0.109002 0.00104813 5.69087e+08 
0.393 -0.107004 0.00185676 -3.22621e+07 
0.395 -0.105007 0.00314848 3.74313e+07 
0.397 -0.103013 0.00511726 2.63168e+08 
0.399 -0.101022 0.0079839 1.0063e+08 
0.401 -0.0990357 0.0119779 -2.00683e+08 
0.403 -0.0970568 0.0173134 -2.4966e+08 
0.405 -0.0950873 0.024165 inf 
0.407 -0.0931298 0.032647 inf 
0.409 -0.091187 0.0428032 -nan 
0.411 -0.0892618 0.0546064 -inf 
0.413 -0.0873569 0.067968 -inf 
0.415 -0.0854746 0.0827541 -inf 
0.417 -0.083617 0.0988043 -inf 
0.419 -0.0817859 0.115949 -inf 
0.421 -0.0799828 0.134024 -inf 
0.423 -0.0782086 0.152883 -inf 
0.425 -0.0764642 0.172405 -inf 
0.427 -0.0747502 0.192495 -inf 
0.429 -0.0730668 0.213102 7.97146e+06 
0.431 -0.0714144 0.234066 -1.6531e+06 
0.433 -0.069793 0.255263 2.66753e+06 
0.435 -0.0682023 0.276625 -0.926566 
0.437 -0.0666421 0.298114 -0.926886 
0.439 -0.0651121 0.319701 -0.926998 
0.441 -0.063612 0.341363 -0.927096 
0.443 -0.0621413 0.363078 -0.92718 
0.445 -0.0606996 0.384825 -0.927268 
0.447 -0.0592865 0.406586 -0.927357 
0.449 -0.0579015 0.428342 -0.927432 
0.451 -0.0565442 0.450075 -0.927475 
0.453 -0.0552141 0.471768 -0.927485 
0.455 -0.0539107 0.493403 -0.927479 
0.457 -0.0526333 0.514962 -0.927479 
0.459 -0.0513816 0.536429 -0.927496 
0.461 -0.050155 0.557785 -0.927526 
0.463 -0.0489528 0.579009 -0.927551 
0.465 -0.0477746 0.60008 -0.927553 
0.467 -0.0466197 0.620972 -0.927524 
0.469 -0.0454876 0.641657 -0.927465 
0.471 -0.0443776 0.662104 -0.927371 
0.473 -0.0432891 0.682276 -0.927219 
0.475 -0.0422214 0.702129 -0.926943 
0.477 -0.0411738 0.721618 -0.926378 
0.479 -0.0401456 0.740685 -0.925455 
0.481 -0.039136 0.759271 -0.924341 
0.483 -0.0381442 0.777306 -0.923172 
0.485 -0.0371693 0.794713 -0.921781 
0.487 -0.0362105 0.811408 -0.919868 
0.489 -0.0352667 0.827301 -0.917222 
0.491 -0.0343369 0.842295 -0.913645 
0.493 -0.03342 0.856285 -0.908978 
0.495 -0.0325149 0.869165 -0.903115 
0.497 -0.0316203 0.880819 -0.896003 
0.499 -0.030735 0.891132 -0.887631 
0.501 0.0307022 0.899997 -0.878013 
0.503 0.0316001 0.907337 -0.867185 
0.505 0.0325079 0.91313 -0.855203 
0.507 0.0334266 0.917419 -0.842143 
0.509 0.0343574 0.92038 -0.828102 
0.511 0.0353012 0.922227 -0.813183 
0.513 0.0362592 0.92347 -0.797484 
0.515 0.0372321 0.924396 -0.781093 
0.517 0.038221 -nan -0.764093 
0.519 0.0392264 -nan -0.746563 
0.521 0.0402494 -nan -0.728573 
0.523 0.0412904 -nan -0.710189 
0.525 0.0423503 -nan -0.691464 
0.527 0.0434296 -nan -0.672447 
0.529 0.0445289 -nan -0.653179 
0.531 0.0456489 -nan -0.633701 
0.533 0.0467901 -nan -0.614046 
0.535 0.0479529 -nan -0.594245 
0.537 0.0491379 -nan -0.57432 
0.539 0.0503456 -nan -0.554291 
0.541 0.0515764 -nan -0.534177 
0.543 0.0528308 -nan -0.513993 
0.545 0.0541092 -nan -0.493757 
0.547 0.0554122 -nan -0.473479 
0.549 0.05674 -nan -0.453167 
0.551 0.0580932 -nan -0.432826 
0.553 0.0594722 -nan -0.412467 
0.555 0.0608773 -nan -0.392098 
0.557 0.062309 -nan -0.371726 
0.559 0.0637677 -nan -0.351356 
0.561 0.0652538 -nan -0.330989 
0.563 0.0667678 -nan -0.310629 
0.565 0.0683099 -nan -0.290281 
0.567 0.0698807 -nan -0.269955 
0.569 0.0714805 -nan -0.249659 
0.571 0.0731096 -nan -0.229391 
0.573 0.0747686 -nan -0.209155 
0.575 0.0764578 -nan -0.188963 
0.577 0.0781774 -nan -0.168821 
0.579 0.079928 -nan -0.148738 
0.581 0.0817097 -nan -0.128732 
0.583 0.083523 -nan -0.108837 
0.585 0.085368 -nan -0.0890297 
0.587 0.0872452 -nan -0.0693106 
0.589 0.0891533 -nan -0.0509801 
0.591 0.0910889 -nan -0.0351697 
0.593 0.0930471 -nan -0.0224114 
0.595 0.0950225 -nan -0.0129375 
0.597 0.0970095 -nan -0.00664044 
0.599 0.0990036 -nan -0.0029893 
0.601 0.101001 -nan -0.00117308 
0.603 0.103 -nan -0.000401932 
0.605 0.105 -nan -0.000121033 
0.607 0.107 -nan -3.22958e-05 
0.609 0.109 -nan -7.69368e-06 
0.611 0.111 -nan -1.64596e-06 
0.613 0.113 -nan -3.17567e-07 
0.615 0.115 -nan -5.54095e-08 
0.617 0.117 -nan -8.75718e-09 
0.619 0.119 -nan -1.25445e-09 
0.621 0.121 -nan -1.62839e-10 
0.623 0.123 -nan -1.91362e-11 
0.625 0.125 -nan -2.03243e-12 
0.627 0.127 -nan -1.94789e-13 
0.629 0.129 -nan -1.68199e-14 
0.631 0.131 -nan -1.27676e-15 
0.633 0.133 -nan 0 
0.635 0.135 -nan 0 
0.637 0.137 -nan 0 
0.639 0.139 -nan 0 
0.641 0.141 -nan 0 
0.643 0.143 -nan 0 
0.645 0.145 -nan 0 
0.647 0.147 -nan 0 
0.649 0.149 -nan 0 
0.651 0.151 -nan 0 
0.653 0.153 -nan 0 
0.655 0.155 0 0 
0.657 0.157 0 0 
0.659 0.159 0 0 
0.661 0.161 0 0 
0.663 0.163 0 0 
0.665 0.165 0 0 
0.667 0.167 0 0 
0.669 0.169 0 0 
0.671 0.171 0 0 
0.673 0.173 0 0 
0.675 0.175 0 0 
0.677 0.177 0 0 
0.679 0.179 0 0 
0.681 0.181 0 0 
0.683 0.183 0 0 
0.685 0.185 0 0 
0.687 0.187 0 0 
0.689 0.189 0 0 
0.691 0.191 0 0 
0.693 0.193 0 0 
0.695 0.195 0 0 
0.697 0.197 0 0 
0.699 0.199 0 0 
0.701 0.201 0 0 
0.703 0.203 0 0 
0.705 0.205 0 0 
0.707 0.207 0 0 
0.709 0.209 0 0 
0.711 0.211 0 0 
0.713 0.213 0 0 
0.715 0.215 0 0 
0.717 0.217 0 0 
0.719 0.219 0 0 
0.721 0.221 0 0 
0.723 0.223 0 0 
0.725 0.225 0 0 
0.727 0.227 0 0 
0.729 0.229 0 0 
0.731 0.231 0 0 
0.733 0.233 0 0 
0.735 0.235 0 0 
0.737 0.237 0 0 
0.739 0.239 0 0 
0.741 0.241 0 0 
0.743 0.243 0 0 
0.745 0.245 0 0 
0.747 0.247 0 0 
0.749 0.249 0 0 
0.751 0.251 0 0 
0.753 0.253 0 0 
0.755 0.255 0 0 
0.757 0.257 0 0 
0.759 0.259 0 0 
0.761 0.261 0 0 
0.763 0.263 0 0 
0.765 0.265 0 0 
0.767 0.267 0 0 
0.769 0.269 0 0 
0.771 0.271 0 0 
0.773 0.273 0 0 
0.775 0.275 0 0 
0.777 0.277 0 0 
0.779 0.279 0 0 
0.781 0.281 0 0 
0.783 0.283 0 0 
0.785 0.285 0 0 
0.787 0.287 0 0 
0.789 0.289 0 0 
0.791 0.291 0 0 
0.793 0.293 0 0 
0.795 0.295 0 0 
0.797 0.297 0 0 
0.799 0.299 0 0 
0.801 0.301 0 0 
0.803 0.303 0 0 
0.805 0.305 0 0 
0.807 0.307 0 0 
0.809 0.309 0 0 
0.811 0.311 0 0 
0.813 0.313 0 0 
0.815 0.315 0 0 
0.817 0.317 0 0 
0.819 0.319 0 0 
0.821 0.321 0 0 
0.823 0.323 0 0 
0.825 0.325 0 0 
0.827 0.327 0 0 
0.829 0.329 0 0 
0.831 0.331 0 0 
0.833 0.333 0 0 
0.835 0.335 0 0 
0.837 0.337 0 0 
0.839 0.339 0 0 
0.841 0.341 0 0 
0.843 0.343 0 0 
0.845 0.345 0 0 
0.847 0.347 0 0 
0.849 0.349 0 0 
0.851 0.351 0 0 
0.853 0.353 0 0 
0.855 0.355 0 0 
0.857 0.357 0 0 
0.859 0.359 0 0 
0.861 0.361 0 0 
0.863 0.363 0 0 
0.865 0.365 0 0 
0.867 0.367 0 0 
0.869 0.369 0 0 
0.871 0.371 0 0 
0.873 0.373 0 0 
0.875 0.375 0 0 
0.877 0.377 0 0 
0.879 0.379 0 0 
0.881 0.381 0 0 
0.883 0.383 0 0 
0.885 0.385 0 0 
0.887 0.387 0 0 
0.889 0.389 0 0 
0.891 0.391 0 0 
0.893 0.393 0 0 
0.895 0.395 0 0 
0.897 0.397 0 0 
0.899 0.399 0 0 
0.901 0.401 0 0 
0.903 0.403 0 0 
0.905 0.405 0 0 
0.907 0.407 0 0 
0.909 0.409 0 0 
0.911 0.411 0 0 
0.913 0.413 0 0 
0.915 0.415 0 0 
0.917 0.417 0 0 
0.919 0.419 0 0 
0.921 0.421 0 0 
0.923 0.423 0 0 
0.925 0.425 0 0 
0.927 0.427 0 0 
0.929 0.429 0 0 
0.931 0.431 0 0 
0.933 0.433 0 0 
0.935 0.435 0 0 
0.937 0.437 0 0 
0.939 0.439 0 0 
0.941 0.441 0 0 
0.943 0.443 0 0 
0.945 0.445 0 0 
0.947 0.447 0 0 
0.949 0.449 0 0 
0.951 0.451 0 0 
0.953 0.453 0 0 
0.955 0.455 0 0 
0.957 0.457 0 0 
0.959 0.459 0 0 
0.961 0.461 0 0 
0.963 0.463 0 0 
0.965 0.465 0 0 
0.967 0.467 0 0 
0.969 0.469 0 0 
0.971 0.471 0 0 
0.973 0.473 0 0 
0.975 0.475 0 0 
0.977 0.477 0 0 
0.979 0.479 0 0 
0.981 0.481 0 0 
0.983 0.483 0 0 
0.985 0.485 0 0 
0.987 0.487 0 0 
0.989 0.489 0 0 
0.991 0.491 0 0 
0.993 0.493 0 0 
0.995 0.495 0 0 
0.997 0.497 0 0 
0.999 0.499 0 0 
