0.001 -0.499 0 0 
0.003 -0.497 0 0 
0.005 -0.495 0 0 
0.007 -0.493 0 0 
0.009 -0.491 0 0 
0.011 -0.489 0 0 
0.013 -0.487 0 0 
0.015 -0.485 0 0 
0.017 -0.483 0 0 
0.019 -0.481 0 0 
0.021 -0.479 0 0 
0.023 -0.477 0 0 
0.025 -0.475 0 0 
0.027 -0.473 0 0 
0.029 -0.471 0 0 
0.031 -0.469 0 0 
0.033 -0.467 0 0 
0.035 -0.465 0 0 
0.037 -0.463 0 0 
0.039 -0.461 0 0 
0.041 -0.459 0 0 
0.043 -0.457 0 0 
0.045 -0.455 0 0 
0.047 -0.453 0 0 
0.049 -0.451 0 0 
0.051 -0.449 0 0 
0.053 -0.447 0 0 
0.055 -0.445 0 0 
0.057 -0.443 0 0 
0.059 -0.441 0 0 
0.061 -0.439 0 0 
0.063 -0.437 0 0 
0.065 -0.435 0 0 
0.067 -0.433 0 0 
0.069 -0.431 0 0 
0.071 -0.429 0 0 
0.073 -0.427 0 0 
0.075 -0.425 0 0 
0.077 -0.423 0 0 
0.079 -0.421 0 0 
0.081 -0.419 0 0 
0.083 -0.417 0 0 
0.085 -0.415 0 0 
0.087 -0.413 0 0 
0.089 -0.411 0 0 
0.091 -0.409 0 0 
0.093 -0.407 0 0 
0.095 -0.405 0 0 
0.097 -0.403 0 0 
0.099 -0.401 0 0 
0.101 -0.399 0 0 
0.103 -0.397 0 0 
0.105 -0.395 0 0 
0.107 -0.393 0 0 
0.109 -0.391 0 0 
0.111 -0.389 0 0 
0.113 -0.387 0 0 
0.115 -0.385 0 0 
0.117 -0.383 0 0 
0.119 -0.381 0 0 
0.121 -0.379 0 0 
0.123 -0.377 0 0 
0.125 -0.375 0 0 
0.127 -0.373 0 0 
0.129 -0.371 0 0 
0.131 -0.369 0 0 
0.133 -0.367 0 0 
0.135 -0.365 0 0 
0.137 -0.363 0 0 
0.139 -0.361 0 0 
0.141 -0.359 0 0 
0.143 -0.357 0 0 
0.145 -0.355 0 0 
0.147 -0.353 0 0 
0.149 -0.351 0 0 
0.151 -0.349 0 0 
0.153 -0.347 0 0 
0.155 -0.345 0 0 
0.157 -0.343 0 0 
0.159 -0.341 0 0 
0.161 -0.339 0 0 
0.163 -0.337 0 0 
0.165 -0.335 0 0 
0.167 -0.333 0 0 
0.169 -0.331 0 0 
0.171 -0.329 0 0 
0.173 -0.327 0 0 
0.175 -0.325 0 0 
0.177 -0.323 0 0 
0.179 -0.321 0 0 
0.181 -0.319 0 0 
0.183 -0.317 0 0 
0.185 -0.315 0 0 
0.187 -0.313 0 0 
0.189 -0.311 0 0 
0.191 -0.309 0 0 
0.193 -0.307 0 0 
0.195 -0.305 0 0 
0.197 -0.303 0 0 
0.199 -0.301 0 0 
0.201 -0.299 0 0 
0.203 -0.297 0 0 
0.205 -0.295 0 0 
0.207 -0.293 0 0 
0.209 -0.291 0 0 
0.211 -0.289 0 0 
0.213 -0.287 0 0 
0.215 -0.285 0 0 
0.217 -0.283 0 0 
0.219 -0.281 0 0 
0.221 -0.279 0 0 
0.223 -0.277 0 0 
0.225 -0.275 0 0 
0.227 -0.273 0 0 
0.229 -0.271 0 0 
0.231 -0.269 0 0 
0.233 -0.267 0 0 
0.235 -0.265 0 0 
0.237 -0.263 0 0 
0.239 -0.261 0 0 
0.241 -0.259 0 0 
0.243 -0.257 0 0 
0.245 -0.255 0 0 
0.247 -0.253 0 0 
0.249 -0.251 0 0 
0.251 -0.249 0 0 
0.253 -0.247 0 0 
0.255 -0.245 0 0 
0.257 -0.243 0 0 
0.259 -0.241 0 0 
0.261 -0.239 0 0 
0.263 -0.237 0 0 
0.265 -0.235 0 0 
0.267 -0.233 0 0 
0.269 -0.231 0 0 
0.271 -0.229 0 0 
0.273 -0.227 0 0 
0.275 -0.225 0 0 
0.277 -0.223 0 0 
0.279 -0.221 0 0 
0.281 -0.219 0 0 
0.283 -0.217 0 0 
0.285 -0.215 0 0 
0.287 -0.213 0 0 
0.289 -0.211 0 0 
0.291 -0.209 0 0 
0.293 -0.207 0 0 
0.295 -0.205 0 0 
0.297 -0.203 0 0 
0.299 -0.201 0 0 
0.301 -0.199 0 0 
0.303 -0.197 0 0 
0.305 -0.195 0 0 
0.307 -0.193 0 0 
0.309 -0.191 0 0 
0.311 -0.189 0 0 
0.313 -0.187 0 0 
0.315 -0.185 0 0 
0.317 -0.183 0 0 
0.319 -0.181 0 0 
0.321 -0.179 0 0 
0.323 -0.177 0 0 
0.325 -0.175 0 0 
0.327 -0.173 0 0 
0.329 -0.171 0 0 
0.331 -0.169 0 0 
0.333 -0.167 0 0 
0.335 -0.165 0 0 
0.337 -0.163 0 0 
0.339 -0.161 0 0 
0.341 -0.159 0 0 
0.343 -0.157 1.11022e-16 0 
0.345 -0.155 4.44089e-16 -2.77556e-16 
0.347 -0.153 5.9952e-15 -3.05866e-14 
0.349 -0.151 6.65579e-14 -2.3711e-12 
0.351 -0.149 5.70155e-13 -1.86095e-10 
0.353 -0.147 4.00785e-12 -1.44632e-08 
0.355 -0.145 2.40304e-11 -1.30138e-06 
0.357 -0.143 1.26091e-10 -5.07798e-05 
0.359 -0.141 5.89765e-10 -9.45733 
0.361 -0.139 2.49311e-09 1.06922e+07 
0.363 -0.137 9.62741e-09 -1.32625e+07 
0.365 -0.135 3.42497e-08 8.05094e+07 
0.367 -0.133 1.13021e-07 inf 
0.369 -0.131 3.47897e-07 inf 
0.371 -0.129 1.00361e-06 inf 
0.373 -0.127 2.72398e-06 inf 
0.375 -0.125 6.97909e-06 inf 
0.377 -0.123 1.69267e-05 -nan 
0.379 -0.121 3.89545e-05 -nan 
0.381 -0.119 8.52402e-05 -nan 
0.383 -0.117 0.00017766 -nan 
0.385 -0.115001 0.000353223 -nan 
0.387 -0.113001 0.000670812 -nan 
0.389 -0.111002 0.00121834 -nan 
0.391 -0.109005 0.00211866 -nan 
0.393 -0.107008 0.00353176 -nan 
0.395 -0.105014 0.00565094 -nan 
0.397 -0.103024 0.00869128 -nan 
0.399 -0.10104 0.012871 -nan 
0.401 -0.0990624 0.0183883 -nan 
0.403 -0.0970948 0.025399 -nan 
0.405 -0.0951394 0.0339989 -nan 
0.407 -0.093199 0.0442158 -nan 
0.409 -0.0912762 0.0560112 -nan 
0.411 -0.0893735 0.0692908 -nan 
0.413 -0.0874934 0.0839205 -nan 
0.415 -0.0856377 0.0997435 -nan 
0.417 -0.083808 0.116597 -nan 
0.419 -0.0820058 0.134325 -nan 
0.421 -0.0802319 0.15279 -nan 
0.423 -0.0784871 0.171878 -nan 
0.425 -0.076772 0.191502 -nan 
0.427 -0.0750869 0.211611 -nan 
0.429 -0.073432 0.232051 -nan 
0.431 -0.0718073 0.252708 -nan 
0.433 -0.0702126 0.273521 -nan 
0.435 -0.0686477 0.294455 -nan 
0.437 -0.0671122 0.315483 1.96483e+08 
0.439 -0.0656059 0.336584 -0.926971 
0.441 -0.0641283 0.357738 -0.927095 
0.443 -0.0626791 0.378926 -0.927171 
0.445 -0.0612579 0.400132 -0.927259 
0.447 -0.0598643 0.421339 -0.927347 
0.449 -0.0584977 0.442529 -0.927424 
0.451 -0.0571578 0.463688 -0.927473 
0.453 -0.055844 0.484799 -0.927489 
0.455 -0.0545559 0.505847 -0.927485 
0.457 -0.053293 0.526816 -0.927484 
0.459 -0.0520548 0.54769 -0.927496 
0.461 -0.0508407 0.568451 -0.927521 
0.463 -0.0496502 0.58908 -0.927545 
0.465 -0.0484828 0.609556 -0.92755 
0.467 -0.0473379 0.629854 -0.927524 
0.469 -0.0462149 0.649949 -0.927464 
0.471 -0.0451133 0.669809 -0.927362 
0.473 -0.0440324 0.689397 -0.927192 
0.475 -0.0429716 0.708675 -0.92689 
0.477 -0.0419302 0.727595 -0.92629 
0.479 -0.0409076 0.746104 -0.925401 
0.481 -0.0399029 0.764145 -0.924329 
0.483 -0.0389154 0.781649 -0.923193 
0.485 -0.0379443 0.798545 -0.921862 
0.487 -0.0369886 0.814752 -0.919975 
0.489 -0.0360476 0.830181 -0.917381 
0.491 -0.0351201 0.84474 -0.913887 
0.493 -0.0342051 0.858328 -0.909345 
0.495 -0.0333016 0.870838 -0.903645 
0.497 -0.0324083 0.882159 -0.896733 
0.499 -0.031524 0.892176 -0.888593 
0.501 0.0314906 0.900787 -0.879246 
0.503 0.0323873 0.907916 -0.868728 
0.505 0.0332936 0.913542 -0.857096 
0.507 0.0342105 0.917706 -0.844421 
0.509 0.0351391 -nan -0.830789 
0.511 0.0360804 -nan -0.816297 
0.513 0.0370353 -nan -0.801045 
0.515 0.0380047 -nan -0.78512 
0.517 0.0389895 -nan -0.768603 
0.519 0.0399904 -nan -0.751567 
0.521 0.0410082 -nan -0.734079 
0.523 0.0420436 -nan -0.716202 
0.525 0.0430971 -nan -0.697991 
0.527 0.0441695 -nan -0.679492 
0.529 0.0452613 -nan -0.660745 
0.531 0.0463729 -nan -0.641788 
0.533 0.0475051 -nan -0.622652 
0.535 0.0486582 -nan -0.603367 
0.537 0.0498328 -nan -0.583959 
0.539 0.0510293 -nan -0.564446 
0.541 0.0522481 -nan -0.544845 
0.543 0.0534897 -nan -0.525172 
0.545 0.0547546 -nan -0.505441 
0.547 0.0560431 -nan -0.485665 
0.549 0.0573557 -nan -0.465854 
0.551 0.0586928 -nan -0.446015 
0.553 0.0600547 -nan -0.426153 
0.555 0.0614419 -nan -0.406275 
0.557 0.0628547 -nan -0.386389 
0.559 0.0642937 -nan -0.366502 
0.561 0.065759 -nan -0.346618 
0.563 0.0672513 -nan -0.326739 
0.565 0.0687707 -nan -0.306869 
0.567 0.0703177 -nan -0.287009 
0.569 0.0718927 -nan -0.267168 
0.571 0.0734961 -nan -0.247357 
0.573 0.0751282 -nan -0.227577 
0.575 0.0767895 -nan -0.207825 
0.577 0.0784801 -nan -0.188112 
0.579 0.0802006 -nan -0.168449 
0.581 0.0819512 -nan -0.148844 
0.583 0.0837323 -nan -0.129304 
0.585 0.0855442 -nan -0.109863 
0.587 0.087387 -nan -0.0905297 
0.589 0.0892611 -nan -0.0712366 
0.591 0.0911659 -nan -0.0530414 
0.593 0.0930981 -nan -0.0371699 
0.595 0.0950532 -nan -0.0241647 
0.597 0.0970261 -nan -0.014308 
0.599 0.0990114 -nan -0.00757285 
0.601 0.101004 -nan -0.00353104 
0.603 0.103002 -nan -0.00143968 
0.605 0.105 -nan -0.000513337 
0.607 0.107 -nan -0.00016098 
0.609 0.109 -nan -4.47523e-05 
0.611 0.111 -nan -1.11139e-05 
0.613 0.113 -nan -2.48096e-06 
0.615 0.115 -nan -5.00116e-07 
0.617 0.117 -nan -9.13249e-08 
0.619 0.119 -nan -1.51366e-08 
0.621 0.121 -nan -2.27943e-09 
0.623 0.123 -nan -3.11935e-10 
0.625 0.125 -nan -3.87699e-11 
0.627 0.127 -nan -4.37106e-12 
0.629 0.129 -nan -4.46365e-13 
0.631 0.131 -nan -4.10783e-14 
0.633 0.133 -nan -3.44169e-15 
0.635 0.135 -nan -2.22045e-16 
0.637 0.137 -nan 0 
0.639 0.139 -nan 0 
0.641 0.141 -nan 0 
0.643 0.143 -nan 0 
0.645 0.145 -nan 0 
0.647 0.147 -nan 0 
0.649 0.149 -nan 0 
0.651 0.151 -nan 0 
0.653 0.153 -nan 0 
0.655 0.155 -nan 0 
0.657 0.157 -nan 0 
0.659 0.159 -nan 0 
0.661 0.161 -nan 0 
0.663 0.163 0 0 
0.665 0.165 0 0 
0.667 0.167 0 0 
0.669 0.169 0 0 
0.671 0.171 0 0 
0.673 0.173 0 0 
0.675 0.175 0 0 
0.677 0.177 0 0 
0.679 0.179 0 0 
0.681 0.181 0 0 
0.683 0.183 0 0 
0.685 0.185 0 0 
0.687 0.187 0 0 
0.689 0.189 0 0 
0.691 0.191 0 0 
0.693 0.193 0 0 
0.695 0.195 0 0 
0.697 0.197 0 0 
0.699 0.199 0 0 
0.701 0.201 0 0 
0.703 0.203 0 0 
0.705 0.205 0 0 
0.707 0.207 0 0 
0.709 0.209 0 0 
0.711 0.211 0 0 
0.713 0.213 0 0 
0.715 0.215 0 0 
0.717 0.217 0 0 
0.719 0.219 0 0 
0.721 0.221 0 0 
0.723 0.223 0 0 
0.725 0.225 0 0 
0.727 0.227 0 0 
0.729 0.229 0 0 
0.731 0.231 0 0 
0.733 0.233 0 0 
0.735 0.235 0 0 
0.737 0.237 0 0 
0.739 0.239 0 0 
0.741 0.241 0 0 
0.743 0.243 0 0 
0.745 0.245 0 0 
0.747 0.247 0 0 
0.749 0.249 0 0 
0.751 0.251 0 0 
0.753 0.253 0 0 
0.755 0.255 0 0 
0.757 0.257 0 0 
0.759 0.259 0 0 
0.761 0.261 0 0 
0.763 0.263 0 0 
0.765 0.265 0 0 
0.767 0.267 0 0 
0.769 0.269 0 0 
0.771 0.271 0 0 
0.773 0.273 0 0 
0.775 0.275 0 0 
0.777 0.277 0 0 
0.779 0.279 0 0 
0.781 0.281 0 0 
0.783 0.283 0 0 
0.785 0.285 0 0 
0.787 0.287 0 0 
0.789 0.289 0 0 
0.791 0.291 0 0 
0.793 0.293 0 0 
0.795 0.295 0 0 
0.797 0.297 0 0 
0.799 0.299 0 0 
0.801 0.301 0 0 
0.803 0.303 0 0 
0.805 0.305 0 0 
0.807 0.307 0 0 
0.809 0.309 0 0 
0.811 0.311 0 0 
0.813 0.313 0 0 
0.815 0.315 0 0 
0.817 0.317 0 0 
0.819 0.319 0 0 
0.821 0.321 0 0 
0.823 0.323 0 0 
0.825 0.325 0 0 
0.827 0.327 0 0 
0.829 0.329 0 0 
0.831 0.331 0 0 
0.833 0.333 0 0 
0.835 0.335 0 0 
0.837 0.337 0 0 
0.839 0.339 0 0 
0.841 0.341 0 0 
0.843 0.343 0 0 
0.845 0.345 0 0 
0.847 0.347 0 0 
0.849 0.349 0 0 
0.851 0.351 0 0 
0.853 0.353 0 0 
0.855 0.355 0 0 
0.857 0.357 0 0 
0.859 0.359 0 0 
0.861 0.361 0 0 
0.863 0.363 0 0 
0.865 0.365 0 0 
0.867 0.367 0 0 
0.869 0.369 0 0 
0.871 0.371 0 0 
0.873 0.373 0 0 
0.875 0.375 0 0 
0.877 0.377 0 0 
0.879 0.379 0 0 
0.881 0.381 0 0 
0.883 0.383 0 0 
0.885 0.385 0 0 
0.887 0.387 0 0 
0.889 0.389 0 0 
0.891 0.391 0 0 
0.893 0.393 0 0 
0.895 0.395 0 0 
0.897 0.397 0 0 
0.899 0.399 0 0 
0.901 0.401 0 0 
0.903 0.403 0 0 
0.905 0.405 0 0 
0.907 0.407 0 0 
0.909 0.409 0 0 
0.911 0.411 0 0 
0.913 0.413 0 0 
0.915 0.415 0 0 
0.917 0.417 0 0 
0.919 0.419 0 0 
0.921 0.421 0 0 
0.923 0.423 0 0 
0.925 0.425 0 0 
0.927 0.427 0 0 
0.929 0.429 0 0 
0.931 0.431 0 0 
0.933 0.433 0 0 
0.935 0.435 0 0 
0.937 0.437 0 0 
0.939 0.439 0 0 
0.941 0.441 0 0 
0.943 0.443 0 0 
0.945 0.445 0 0 
0.947 0.447 0 0 
0.949 0.449 0 0 
0.951 0.451 0 0 
0.953 0.453 0 0 
0.955 0.455 0 0 
0.957 0.457 0 0 
0.959 0.459 0 0 
0.961 0.461 0 0 
0.963 0.463 0 0 
0.965 0.465 0 0 
0.967 0.467 0 0 
0.969 0.469 0 0 
0.971 0.471 0 0 
0.973 0.473 0 0 
0.975 0.475 0 0 
0.977 0.477 0 0 
0.979 0.479 0 0 
0.981 0.481 0 0 
0.983 0.483 0 0 
0.985 0.485 0 0 
0.987 0.487 0 0 
0.989 0.489 0 0 
0.991 0.491 0 0 
0.993 0.493 0 0 
0.995 0.495 0 0 
0.997 0.497 0 0 
0.999 0.499 0 0 
