0.001 -0.499 0 0 
0.003 -0.497 0 0 
0.005 -0.495 0 0 
0.007 -0.493 0 0 
0.009 -0.491 0 0 
0.011 -0.489 0 0 
0.013 -0.487 0 0 
0.015 -0.485 0 0 
0.017 -0.483 0 0 
0.019 -0.481 0 0 
0.021 -0.479 0 0 
0.023 -0.477 0 0 
0.025 -0.475 0 0 
0.027 -0.473 0 0 
0.029 -0.471 0 0 
0.031 -0.469 0 0 
0.033 -0.467 0 0 
0.035 -0.465 0 0 
0.037 -0.463 0 0 
0.039 -0.461 0 0 
0.041 -0.459 0 0 
0.043 -0.457 0 0 
0.045 -0.455 0 0 
0.047 -0.453 0 0 
0.049 -0.451 0 0 
0.051 -0.449 0 0 
0.053 -0.447 0 0 
0.055 -0.445 0 0 
0.057 -0.443 0 0 
0.059 -0.441 0 0 
0.061 -0.439 0 0 
0.063 -0.437 0 0 
0.065 -0.435 0 0 
0.067 -0.433 0 0 
0.069 -0.431 0 0 
0.071 -0.429 0 0 
0.073 -0.427 0 0 
0.075 -0.425 0 0 
0.077 -0.423 0 0 
0.079 -0.421 0 0 
0.081 -0.419 0 0 
0.083 -0.417 0 0 
0.085 -0.415 0 0 
0.087 -0.413 0 0 
0.089 -0.411 0 0 
0.091 -0.409 0 0 
0.093 -0.407 0 0 
0.095 -0.405 0 0 
0.097 -0.403 0 0 
0.099 -0.401 0 0 
0.101 -0.399 0 0 
0.103 -0.397 0 0 
0.105 -0.395 0 0 
0.107 -0.393 0 0 
0.109 -0.391 0 0 
0.111 -0.389 0 0 
0.113 -0.387 0 0 
0.115 -0.385 0 0 
0.117 -0.383 0 0 
0.119 -0.381 0 0 
0.121 -0.379 0 0 
0.123 -0.377 0 0 
0.125 -0.375 0 0 
0.127 -0.373 0 0 
0.129 -0.371 0 0 
0.131 -0.369 0 0 
0.133 -0.367 0 0 
0.135 -0.365 0 0 
0.137 -0.363 0 0 
0.139 -0.361 0 0 
0.141 -0.359 0 0 
0.143 -0.357 0 0 
0.145 -0.355 0 0 
0.147 -0.353 0 0 
0.149 -0.351 0 0 
0.151 -0.349 0 0 
0.153 -0.347 0 0 
0.155 -0.345 0 0 
0.157 -0.343 0 0 
0.159 -0.341 0 0 
0.161 -0.339 0 0 
0.163 -0.337 0 0 
0.165 -0.335 0 0 
0.167 -0.333 0 0 
0.169 -0.331 0 0 
0.171 -0.329 0 0 
0.173 -0.327 0 0 
0.175 -0.325 0 0 
0.177 -0.323 0 0 
0.179 -0.321 0 0 
0.181 -0.319 0 0 
0.183 -0.317 0 0 
0.185 -0.315 0 0 
0.187 -0.313 0 0 
0.189 -0.311 0 0 
0.191 -0.309 0 0 
0.193 -0.307 0 0 
0.195 -0.305 0 0 
0.197 -0.303 0 0 
0.199 -0.301 0 0 
0.201 -0.299 0 0 
0.203 -0.297 0 0 
0.205 -0.295 0 0 
0.207 -0.293 0 0 
0.209 -0.291 0 0 
0.211 -0.289 0 0 
0.213 -0.287 0 0 
0.215 -0.285 0 0 
0.217 -0.283 0 0 
0.219 -0.281 0 0 
0.221 -0.279 0 0 
0.223 -0.277 0 0 
0.225 -0.275 0 0 
0.227 -0.273 0 0 
0.229 -0.271 0 0 
0.231 -0.269 0 0 
0.233 -0.267 0 0 
0.235 -0.265 0 0 
0.237 -0.263 0 0 
0.239 -0.261 0 0 
0.241 -0.259 0 0 
0.243 -0.257 0 0 
0.245 -0.255 0 0 
0.247 -0.253 0 0 
0.249 -0.251 0 0 
0.251 -0.249 0 0 
0.253 -0.247 0 0 
0.255 -0.245 0 0 
0.257 -0.243 0 0 
0.259 -0.241 0 0 
0.261 -0.239 0 0 
0.263 -0.237 0 0 
0.265 -0.235 0 0 
0.267 -0.233 0 0 
0.269 -0.231 0 0 
0.271 -0.229 0 0 
0.273 -0.227 0 0 
0.275 -0.225 0 0 
0.277 -0.223 0 0 
0.279 -0.221 0 0 
0.281 -0.219 0 0 
0.283 -0.217 0 0 
0.285 -0.215 0 0 
0.287 -0.213 0 0 
0.289 -0.211 0 0 
0.291 -0.209 0 0 
0.293 -0.207 0 0 
0.295 -0.205 0 0 
0.297 -0.203 0 0 
0.299 -0.201 0 0 
0.301 -0.199 0 0 
0.303 -0.197 0 0 
0.305 -0.195 0 0 
0.307 -0.193 0 0 
0.309 -0.191 0 0 
0.311 -0.189 0 0 
0.313 -0.187 0 0 
0.315 -0.185 0 0 
0.317 -0.183 0 0 
0.319 -0.181 0 0 
0.321 -0.179 0 0 
0.323 -0.177 0 0 
0.325 -0.175 0 0 
0.327 -0.173 0 0 
0.329 -0.171 0 0 
0.331 -0.169 0 0 
0.333 -0.167 0 0 
0.335 -0.165 0 0 
0.337 -0.163 1.11022e-16 0 
0.339 -0.161 1.11022e-16 0 
0.341 -0.159 1.77636e-15 -6.10623e-15 
0.343 -0.157 1.82077e-14 -4.80838e-13 
0.345 -0.155 1.60871e-13 -3.77245e-11 
0.347 -0.153 1.16629e-12 -2.93608e-09 
0.349 -0.151 7.20757e-12 -2.60709e-07 
0.351 -0.149 3.89783e-11 -1.06295e-05 
0.353 -0.147 1.87898e-10 -10.2771 
0.355 -0.145 8.18667e-10 -nan 
0.357 -0.143 3.25867e-09 -nan 
0.359 -0.141 1.19514e-08 -nan 
0.361 -0.139 4.06668e-08 -nan 
0.363 -0.137 1.29111e-07 -nan 
0.365 -0.135 3.84271e-07 -nan 
0.367 -0.133 1.07643e-06 -nan 
0.369 -0.131 2.84753e-06 -nan 
0.371 -0.129 7.13385e-06 -nan 
0.373 -0.127 1.69674e-05 -nan 
0.375 -0.125 3.83927e-05 -nan 
0.377 -0.123 8.2795e-05 -nan 
0.379 -0.121 0.000170432 -nan 
0.381 -0.119001 0.000335328 -nan 
0.383 -0.117001 0.000631354 -nan 
0.385 -0.115002 0.00113875 -nan 
0.387 -0.113004 0.00196963 -nan 
0.389 -0.111008 0.00327044 -nan 
0.391 -0.109013 0.00521907 -nan 
0.393 -0.107023 0.0080153 -nan 
0.395 -0.105037 0.0118645 -nan 
0.397 -0.103058 0.016957 -nan 
0.399 -0.101088 0.0234469 -nan 
0.401 -0.0991287 0.0314353 -nan 
0.403 -0.0971838 0.0409609 -nan 
0.405 -0.0952554 0.0519998 -nan 
0.407 -0.0933458 0.0644738 -nan 
0.409 -0.0914574 0.0782636 -nan 
0.411 -0.0895922 0.0932253 -nan 
0.413 -0.0877517 0.109206 -nan 
0.415 -0.0859372 0.126055 -nan 
0.417 -0.0841499 0.143637 -nan 
0.419 -0.0823905 0.161836 -nan 
0.421 -0.0806595 0.180561 -nan 
0.423 -0.0789574 0.19976 -nan 
0.425 -0.0772844 0.219329 -nan 
0.427 -0.0756405 0.239139 -nan 
0.429 -0.0740257 0.259114 -nan 
0.431 -0.0724397 0.279215 -nan 
0.433 -0.0708823 0.299414 -nan 
0.435 -0.0693533 0.319693 -nan 
0.437 -0.0678522 0.340033 -nan 
0.439 -0.0663787 0.360417 -nan 
0.441 -0.0649326 0.380831 -nan 
0.443 -0.0635133 0.401258 -nan 
0.445 -0.0621205 0.421685 -nan 
0.447 -0.0607538 0.442098 -nan 
0.449 -0.0594128 0.462483 -0.927412 
0.451 -0.0580969 0.482826 -0.927466 
0.453 -0.0568059 0.503113 -0.927491 
0.455 -0.0555391 0.523333 -0.927493 
0.457 -0.0542962 0.543469 -0.927491 
0.459 -0.0530767 0.563508 -0.927497 
0.461 -0.0518801 0.583432 -0.927516 
0.463 -0.0507058 0.603225 -0.927537 
0.465 -0.0495534 0.622866 -0.927543 
0.467 -0.0484223 0.642333 -0.92752 
0.469 -0.0473121 0.661599 -0.92746 
0.471 -0.0462222 0.680635 -0.927348 
0.473 -0.0451519 0.699407 -0.927154 
0.475 -0.0441007 0.717877 -0.9268 
0.477 -0.043068 0.736001 -0.926225 
0.479 -0.0420531 0.75373 -0.925319 
0.481 -0.0410553 0.771007 -0.924332 
0.483 -0.0400738 0.787771 -0.923282 
0.485 -0.039108 0.803952 -0.921917 
0.487 -0.0381569 0.819474 -0.920124 
0.489 -0.0372198 0.834254 -0.917609 
0.491 -0.0362956 0.848203 -0.914241 
0.493 -0.0353833 0.861226 -0.909864 
0.495 -0.034482 0.873216 -0.904401 
0.497 -0.0335904 -nan -0.897776 
0.499 -0.0327075 -nan -0.889974 
0.501 0.0326733 -nan -0.88101 
0.503 0.0335684 -nan -0.870928 
0.505 0.0344725 -nan -0.859784 
0.507 0.0353869 -nan -0.847647 
0.509 0.0363123 -nan -0.834593 
0.511 0.0372499 -nan -0.820709 
0.513 0.0382006 -nan -0.806086 
0.515 0.0391651 -nan -0.790813 
0.517 0.0401442 -nan -0.774971 
0.519 0.0411387 -nan -0.758629 
0.521 0.0421494 -nan -0.741849 
0.523 0.0431767 -nan -0.724688 
0.525 0.0442214 -nan -0.707199 
0.527 0.0452841 -nan -0.689428 
0.529 0.0463652 -nan -0.671415 
0.531 0.0474653 -nan -0.653193 
0.533 0.0485849 -nan -0.634792 
0.535 0.0497244 -nan -0.61624 
0.537 0.0508844 -nan -0.59756 
0.539 0.0520652 -nan -0.578774 
0.541 0.0532673 -nan -0.5599 
0.543 0.0544911 -nan -0.540951 
0.545 0.055737 -nan -0.521939 
0.547 0.0570054 -nan -0.502877 
0.549 0.0582967 -nan -0.483774 
0.551 0.0596113 -nan -0.46464 
0.553 0.0609495 -nan -0.445484 
0.555 0.0623117 -nan -0.426309 
0.557 0.0636983 -nan -0.407119 
0.559 0.0651096 -nan -0.387918 
0.561 0.0665461 -nan -0.368717 
0.563 0.068008 -nan -0.349518 
0.565 0.0694958 -nan -0.330325 
0.567 0.0710098 -nan -0.31114 
0.569 0.0725503 -nan -0.291966 
0.571 0.0741178 -nan -0.272806 
0.573 0.0757125 -nan -0.253664 
0.575 0.0773349 -nan -0.23455 
0.577 0.0789851 -nan -0.215472 
0.579 0.0806637 -nan -0.196424 
0.581 0.0823709 -nan -0.17741 
0.583 0.0841071 -nan -0.158446 
0.585 0.0858725 -nan -0.139546 
0.587 0.0876674 -nan -0.120709 
0.589 0.0894921 -nan -0.10196 
0.591 0.0913469 -nan -0.0833121 
0.593 0.093232 -nan -0.0648373 
0.595 0.0951459 -nan -0.0477972 
0.597 0.0970853 -nan -0.0331316 
0.599 0.0990457 -nan -0.0212617 
0.601 0.101022 -nan -0.0124036 
0.603 0.10301 -nan -0.00646468 
0.605 0.105004 -nan -0.00297193 
0.607 0.107001 -nan -0.00119827 
0.609 0.109 -nan -0.000424306 
0.611 0.111 -nan -0.000132755 
0.613 0.113 -nan -3.69874e-05 
0.615 0.115 -nan -9.24402e-06 
0.617 0.117 -nan -2.08463e-06 
0.619 0.119 -nan -4.26043e-07 
0.621 0.121 -nan -7.91501e-08 
0.623 0.123 -nan -1.33929e-08 
0.625 0.125 -nan -2.0663e-09 
0.627 0.127 -nan -2.9077e-10 
0.629 0.129 -nan -3.73075e-11 
0.631 0.131 -nan -4.36035e-12 
0.633 0.133 -nan -4.63518e-13 
0.635 0.135 -nan -4.4742e-14 
0.637 0.137 -nan -3.94129e-15 
0.639 0.139 -nan -3.33067e-16 
0.641 0.141 -nan 0 
0.643 0.143 -nan 0 
0.645 0.145 -nan 0 
0.647 0.147 -nan 0 
0.649 0.149 -nan 0 
0.651 0.151 -nan 0 
0.653 0.153 -nan 0 
0.655 0.155 -nan 0 
0.657 0.157 -nan 0 
0.659 0.159 -nan 0 
0.661 0.161 -nan 0 
0.663 0.163 -nan 0 
0.665 0.165 -nan 0 
0.667 0.167 -nan 0 
0.669 0.169 -nan 0 
0.671 0.171 -nan 0 
0.673 0.173 -nan 0 
0.675 0.175 0 0 
0.677 0.177 0 0 
0.679 0.179 0 0 
0.681 0.181 0 0 
0.683 0.183 0 0 
0.685 0.185 0 0 
0.687 0.187 0 0 
0.689 0.189 0 0 
0.691 0.191 0 0 
0.693 0.193 0 0 
0.695 0.195 0 0 
0.697 0.197 0 0 
0.699 0.199 0 0 
0.701 0.201 0 0 
0.703 0.203 0 0 
0.705 0.205 0 0 
0.707 0.207 0 0 
0.709 0.209 0 0 
0.711 0.211 0 0 
0.713 0.213 0 0 
0.715 0.215 0 0 
0.717 0.217 0 0 
0.719 0.219 0 0 
0.721 0.221 0 0 
0.723 0.223 0 0 
0.725 0.225 0 0 
0.727 0.227 0 0 
0.729 0.229 0 0 
0.731 0.231 0 0 
0.733 0.233 0 0 
0.735 0.235 0 0 
0.737 0.237 0 0 
0.739 0.239 0 0 
0.741 0.241 0 0 
0.743 0.243 0 0 
0.745 0.245 0 0 
0.747 0.247 0 0 
0.749 0.249 0 0 
0.751 0.251 0 0 
0.753 0.253 0 0 
0.755 0.255 0 0 
0.757 0.257 0 0 
0.759 0.259 0 0 
0.761 0.261 0 0 
0.763 0.263 0 0 
0.765 0.265 0 0 
0.767 0.267 0 0 
0.769 0.269 0 0 
0.771 0.271 0 0 
0.773 0.273 0 0 
0.775 0.275 0 0 
0.777 0.277 0 0 
0.779 0.279 0 0 
0.781 0.281 0 0 
0.783 0.283 0 0 
0.785 0.285 0 0 
0.787 0.287 0 0 
0.789 0.289 0 0 
0.791 0.291 0 0 
0.793 0.293 0 0 
0.795 0.295 0 0 
0.797 0.297 0 0 
0.799 0.299 0 0 
0.801 0.301 0 0 
0.803 0.303 0 0 
0.805 0.305 0 0 
0.807 0.307 0 0 
0.809 0.309 0 0 
0.811 0.311 0 0 
0.813 0.313 0 0 
0.815 0.315 0 0 
0.817 0.317 0 0 
0.819 0.319 0 0 
0.821 0.321 0 0 
0.823 0.323 0 0 
0.825 0.325 0 0 
0.827 0.327 0 0 
0.829 0.329 0 0 
0.831 0.331 0 0 
0.833 0.333 0 0 
0.835 0.335 0 0 
0.837 0.337 0 0 
0.839 0.339 0 0 
0.841 0.341 0 0 
0.843 0.343 0 0 
0.845 0.345 0 0 
0.847 0.347 0 0 
0.849 0.349 0 0 
0.851 0.351 0 0 
0.853 0.353 0 0 
0.855 0.355 0 0 
0.857 0.357 0 0 
0.859 0.359 0 0 
0.861 0.361 0 0 
0.863 0.363 0 0 
0.865 0.365 0 0 
0.867 0.367 0 0 
0.869 0.369 0 0 
0.871 0.371 0 0 
0.873 0.373 0 0 
0.875 0.375 0 0 
0.877 0.377 0 0 
0.879 0.379 0 0 
0.881 0.381 0 0 
0.883 0.383 0 0 
0.885 0.385 0 0 
0.887 0.387 0 0 
0.889 0.389 0 0 
0.891 0.391 0 0 
0.893 0.393 0 0 
0.895 0.395 0 0 
0.897 0.397 0 0 
0.899 0.399 0 0 
0.901 0.401 0 0 
0.903 0.403 0 0 
0.905 0.405 0 0 
0.907 0.407 0 0 
0.909 0.409 0 0 
0.911 0.411 0 0 
0.913 0.413 0 0 
0.915 0.415 0 0 
0.917 0.417 0 0 
0.919 0.419 0 0 
0.921 0.421 0 0 
0.923 0.423 0 0 
0.925 0.425 0 0 
0.927 0.427 0 0 
0.929 0.429 0 0 
0.931 0.431 0 0 
0.933 0.433 0 0 
0.935 0.435 0 0 
0.937 0.437 0 0 
0.939 0.439 0 0 
0.941 0.441 0 0 
0.943 0.443 0 0 
0.945 0.445 0 0 
0.947 0.447 0 0 
0.949 0.449 0 0 
0.951 0.451 0 0 
0.953 0.453 0 0 
0.955 0.455 0 0 
0.957 0.457 0 0 
0.959 0.459 0 0 
0.961 0.461 0 0 
0.963 0.463 0 0 
0.965 0.465 0 0 
0.967 0.467 0 0 
0.969 0.469 0 0 
0.971 0.471 0 0 
0.973 0.473 0 0 
0.975 0.475 0 0 
0.977 0.477 0 0 
0.979 0.479 0 0 
0.981 0.481 0 0 
0.983 0.483 0 0 
0.985 0.485 0 0 
0.987 0.487 0 0 
0.989 0.489 0 0 
0.991 0.491 0 0 
0.993 0.493 0 0 
0.995 0.495 0 0 
0.997 0.497 0 0 
0.999 0.499 0 0 
