0.001 -0.499 0 0 
0.003 -0.497 0 0 
0.005 -0.495 0 0 
0.007 -0.493 0 0 
0.009 -0.491 0 0 
0.011 -0.489 0 0 
0.013 -0.487 0 0 
0.015 -0.485 0 0 
0.017 -0.483 0 0 
0.019 -0.481 0 0 
0.021 -0.479 0 0 
0.023 -0.477 0 0 
0.025 -0.475 0 0 
0.027 -0.473 0 0 
0.029 -0.471 0 0 
0.031 -0.469 0 0 
0.033 -0.467 0 0 
0.035 -0.465 0 0 
0.037 -0.463 0 0 
0.039 -0.461 0 0 
0.041 -0.459 0 0 
0.043 -0.457 0 0 
0.045 -0.455 0 0 
0.047 -0.453 0 0 
0.049 -0.451 0 0 
0.051 -0.449 0 0 
0.053 -0.447 0 0 
0.055 -0.445 0 0 
0.057 -0.443 0 0 
0.059 -0.441 0 0 
0.061 -0.439 0 0 
0.063 -0.437 0 0 
0.065 -0.435 0 0 
0.067 -0.433 0 0 
0.069 -0.431 0 0 
0.071 -0.429 0 0 
0.073 -0.427 0 0 
0.075 -0.425 0 0 
0.077 -0.423 0 0 
0.079 -0.421 0 0 
0.081 -0.419 0 0 
0.083 -0.417 0 0 
0.085 -0.415 0 0 
0.087 -0.413 0 0 
0.089 -0.411 0 0 
0.091 -0.409 0 0 
0.093 -0.407 0 0 
0.095 -0.405 0 0 
0.097 -0.403 0 0 
0.099 -0.401 0 0 
0.101 -0.399 0 0 
0.103 -0.397 0 0 
0.105 -0.395 0 0 
0.107 -0.393 0 0 
0.109 -0.391 0 0 
0.111 -0.389 0 0 
0.113 -0.387 0 0 
0.115 -0.385 0 0 
0.117 -0.383 0 0 
0.119 -0.381 0 0 
0.121 -0.379 0 0 
0.123 -0.377 0 0 
0.125 -0.375 0 0 
0.127 -0.373 0 0 
0.129 -0.371 0 0 
0.131 -0.369 0 0 
0.133 -0.367 0 0 
0.135 -0.365 0 0 
0.137 -0.363 0 0 
0.139 -0.361 0 0 
0.141 -0.359 0 0 
0.143 -0.357 0 0 
0.145 -0.355 0 0 
0.147 -0.353 0 0 
0.149 -0.351 0 0 
0.151 -0.349 0 0 
0.153 -0.347 0 0 
0.155 -0.345 0 0 
0.157 -0.343 0 0 
0.159 -0.341 0 0 
0.161 -0.339 0 0 
0.163 -0.337 0 0 
0.165 -0.335 0 0 
0.167 -0.333 0 0 
0.169 -0.331 0 0 
0.171 -0.329 0 0 
0.173 -0.327 0 0 
0.175 -0.325 0 0 
0.177 -0.323 0 0 
0.179 -0.321 0 0 
0.181 -0.319 0 0 
0.183 -0.317 0 0 
0.185 -0.315 0 0 
0.187 -0.313 0 0 
0.189 -0.311 0 0 
0.191 -0.309 0 0 
0.193 -0.307 0 0 
0.195 -0.305 0 0 
0.197 -0.303 0 0 
0.199 -0.301 0 0 
0.201 -0.299 0 0 
0.203 -0.297 0 0 
0.205 -0.295 0 0 
0.207 -0.293 0 0 
0.209 -0.291 0 0 
0.211 -0.289 0 0 
0.213 -0.287 0 0 
0.215 -0.285 0 0 
0.217 -0.283 0 0 
0.219 -0.281 0 0 
0.221 -0.279 0 0 
0.223 -0.277 0 0 
0.225 -0.275 0 0 
0.227 -0.273 0 0 
0.229 -0.271 0 0 
0.231 -0.269 0 0 
0.233 -0.267 0 0 
0.235 -0.265 0 0 
0.237 -0.263 0 0 
0.239 -0.261 0 0 
0.241 -0.259 0 0 
0.243 -0.257 0 0 
0.245 -0.255 0 0 
0.247 -0.253 0 0 
0.249 -0.251 0 0 
0.251 -0.249 0 0 
0.253 -0.247 0 0 
0.255 -0.245 0 0 
0.257 -0.243 0 0 
0.259 -0.241 0 0 
0.261 -0.239 0 0 
0.263 -0.237 0 0 
0.265 -0.235 0 0 
0.267 -0.233 0 0 
0.269 -0.231 0 0 
0.271 -0.229 0 0 
0.273 -0.227 0 0 
0.275 -0.225 0 0 
0.277 -0.223 0 0 
0.279 -0.221 0 0 
0.281 -0.219 0 0 
0.283 -0.217 0 0 
0.285 -0.215 0 0 
0.287 -0.213 0 0 
0.289 -0.211 0 0 
0.291 -0.209 0 0 
0.293 -0.207 0 0 
0.295 -0.205 0 0 
0.297 -0.203 0 0 
0.299 -0.201 0 0 
0.301 -0.199 0 0 
0.303 -0.197 0 0 
0.305 -0.195 0 0 
0.307 -0.193 0 0 
0.309 -0.191 0 0 
0.311 -0.189 0 0 
0.313 -0.187 0 0 
0.315 -0.185 0 0 
0.317 -0.183 0 0 
0.319 -0.181 0 0 
0.321 -0.179 0 0 
0.323 -0.177 0 0 
0.325 -0.175 0 0 
0.327 -0.173 0 0 
0.329 -0.171 0 0 
0.331 -0.169 0 0 
0.333 -0.167 0 0 
0.335 -0.165 0 0 
0.337 -0.163 2.22045e-16 0 
0.339 -0.161 1.11022e-15 -3.66374e-15 
0.341 -0.159 1.18794e-14 -2.82385e-13 
0.343 -0.157 1.05582e-13 -2.21609e-11 
0.345 -0.155 7.71994e-13 -1.72553e-09 
0.347 -0.153 4.81842e-12 -1.52584e-07 
0.349 -0.151 2.63156e-11 -6.30842e-06 
0.351 -0.149 1.28108e-10 -nan 
0.353 -0.147 5.63675e-10 -nan 
0.355 -0.145 2.2659e-09 -nan 
0.357 -0.143 8.39304e-09 -nan 
0.359 -0.141 2.88446e-08 -nan 
0.361 -0.139 9.25007e-08 -nan 
0.363 -0.137 2.7811e-07 -nan 
0.365 -0.135 7.87059e-07 -nan 
0.367 -0.133 2.1037e-06 -nan 
0.369 -0.131 5.32592e-06 -nan 
0.371 -0.129 1.28029e-05 -nan 
0.373 -0.127 2.92846e-05 -nan 
0.375 -0.125 6.38519e-05 -nan 
0.377 -0.123 0.000132919 -nan 
0.379 -0.121 0.000264523 -nan 
0.381 -0.119001 0.000503867 -nan 
0.383 -0.117002 0.000919614 -nan 
0.385 -0.115003 0.00160978 -nan 
0.387 -0.113006 0.00270546 -nan 
0.389 -0.111011 0.00437011 -nan 
0.391 -0.109019 0.00679284 -nan 
0.393 -0.107031 0.0101749 -nan 
0.395 -0.105049 0.0147107 -nan 
0.397 -0.103074 0.0205675 -nan 
0.399 -0.101111 0.0278661 -nan 
0.401 -0.0991595 0.0366692 -nan 
0.403 -0.0972236 0.0469774 -nan 
0.405 -0.0953055 0.0587342 -nan 
0.407 -0.0934074 0.0718374 -nan 
0.409 -0.0915313 0.0861538 -nan 
0.411 -0.0896791 0.101535 -nan 
0.413 -0.0878522 0.117832 -nan 
0.415 -0.0860516 0.134903 -nan 
0.417 -0.0842783 0.152627 -nan 
0.419 -0.0825329 0.170904 -nan 
0.421 -0.0808158 0.18966 -nan 
0.423 -0.0791274 0.208841 -nan 
0.425 -0.0774678 0.228309 -nan 
0.427 -0.0758371 0.247967 -nan 
0.429 -0.0742349 0.267764 -nan 
0.431 -0.0726611 0.287669 -nan 
0.433 -0.0711155 0.307662 -nan 
0.435 -0.0695977 0.327723 -nan 
0.437 -0.0681074 0.347836 -nan 
0.439 -0.0666443 0.367987 -nan 
0.441 -0.0652079 0.388161 -nan 
0.443 -0.063798 0.408343 -nan 
0.445 -0.0624142 0.428519 -nan 
0.447 -0.0610559 0.448678 -nan 
0.449 -0.0597229 0.468805 -nan 
0.451 -0.0584146 0.488888 -nan 
0.453 -0.0571307 0.508914 -0.927491 
0.455 -0.0558706 0.52887 -0.927495 
0.457 -0.054634 0.548742 -0.927493 
0.459 -0.0534203 0.568516 -0.927498 
0.461 -0.0522291 0.588175 -0.927514 
0.463 -0.05106 0.607704 -0.927534 
0.465 -0.0499123 0.62708 -0.92754 
0.467 -0.0487856 0.646283 -0.927518 
0.469 -0.0476794 0.665287 -0.927458 
0.471 -0.0465931 0.684063 -0.927343 
0.473 -0.0455262 0.702577 -0.927143 
0.475 -0.044478 0.720793 -0.926794 
0.477 -0.043448 0.738666 -0.926143 
0.479 -0.0424356 0.756148 -0.925374 
0.481 -0.0414399 0.773184 -0.924366 
0.483 -0.0404604 0.789714 -0.923222 
0.485 -0.0394963 0.805669 -0.921978 
0.487 -0.0385466 0.820975 -0.92015 
0.489 -0.0376107 0.835551 -0.917688 
0.491 -0.0366875 0.849307 -0.914351 
0.493 -0.0357761 -nan -0.910036 
0.495 -0.0348755 -nan -0.90464 
0.497 -nan -nan -0.898111 
0.499 -nan -nan -0.890417 
0.501 0.0330676 -nan -0.881577 
0.503 0.0339621 -nan -0.871633 
0.505 0.0348656 -nan -0.860643 
0.507 0.0357791 -nan -0.848675 
0.509 0.0367036 -nan -0.835804 
0.511 0.03764 -nan -0.822114 
0.513 0.0385893 -nan -0.807691 
0.515 0.0395522 -nan -0.792625 
0.517 0.0405296 -nan -0.776996 
0.519 0.0415221 -nan -0.760873 
0.521 0.0425304 -nan -0.744318 
0.523 0.0435553 -nan -0.727384 
0.525 0.0445972 -nan -0.710125 
0.527 0.0456567 -nan -0.692584 
0.529 0.0467345 -nan -0.674803 
0.531 0.0478309 -nan -0.656814 
0.533 0.0489465 -nan -0.638647 
0.535 0.0500818 -nan -0.620329 
0.537 0.0512372 -nan -0.601881 
0.539 0.0524131 -nan -0.583326 
0.541 0.0536099 -nan -0.564683 
0.543 0.0548281 -nan -0.545964 
0.545 0.056068 -nan -0.527182 
0.547 0.0573301 -nan -0.508348 
0.549 0.0586147 -nan -0.489472 
0.551 0.0599222 -nan -0.470563 
0.553 0.0612529 -nan -0.45163 
0.555 0.0626072 -nan -0.432678 
0.557 0.0639856 -nan -0.413712 
0.559 0.0653882 -nan -0.394733 
0.561 0.0668156 -nan -0.375749 
0.563 0.068268 -nan -0.356767 
0.565 0.0697459 -nan -0.337791 
0.567 0.0712495 -nan -0.31882 
0.569 0.0727791 -nan -0.299859 
0.571 0.0743353 -nan -0.280912 
0.573 0.0759183 -nan -0.26198 
0.575 0.0775284 -nan -0.243068 
0.577 0.079166 -nan -0.224189 
0.579 0.0808314 -nan -0.205344 
0.581 0.0825249 -nan -0.186531 
0.583 0.0842469 -nan -0.167753 
0.585 0.0859977 -nan -0.149031 
0.587 0.0877775 -nan -0.130378 
0.589 0.0895867 -nan -0.11179 
0.591 0.0914255 -nan -0.093292 
0.593 0.093294 -nan -0.0748805 
0.595 0.0951923 -nan -0.0570446 
0.597 0.0971178 -nan -0.0411153 
0.599 0.0990667 -nan -0.0277217 
0.601 0.101034 -nan -0.0171893 
0.603 0.103016 -nan -0.00962623 
0.605 0.105007 -nan -0.00479279 
0.607 0.107002 -nan -0.00210043 
0.609 0.109001 -nan -0.000808073 
0.611 0.111 -nan -0.000273871 
0.613 0.113 -nan -8.23451e-05 
0.615 0.115 -nan -2.2135e-05 
0.617 0.117 -nan -5.35562e-06 
0.619 0.119 -nan -1.17251e-06 
0.621 0.121 -nan -2.33166e-07 
0.623 0.123 -nan -4.22276e-08 
0.625 0.125 -nan -6.97629e-09 
0.627 0.127 -nan -1.05225e-09 
0.629 0.129 -nan -1.44924e-10 
0.631 0.131 -nan -1.82175e-11 
0.633 0.133 -nan -2.08783e-12 
0.635 0.135 -nan -2.1777e-13 
0.637 0.137 -nan -2.07057e-14 
0.639 0.139 -nan -1.83187e-15 
0.641 0.141 -nan -1.11022e-16 
0.643 0.143 -nan 0 
0.645 0.145 -nan 0 
0.647 0.147 -nan 0 
0.649 0.149 -nan 0 
0.651 0.151 -nan 0 
0.653 0.153 -nan 0 
0.655 0.155 -nan 0 
0.657 0.157 -nan 0 
0.659 0.159 -nan 0 
0.661 0.161 -nan 0 
0.663 0.163 -nan 0 
0.665 0.165 -nan 0 
0.667 0.167 -nan 0 
0.669 0.169 -nan 0 
0.671 0.171 -nan 0 
0.673 0.173 -nan 0 
0.675 0.175 -nan 0 
0.677 0.177 -nan 0 
0.679 0.179 0 0 
0.681 0.181 0 0 
0.683 0.183 0 0 
0.685 0.185 0 0 
0.687 0.187 0 0 
0.689 0.189 0 0 
0.691 0.191 0 0 
0.693 0.193 0 0 
0.695 0.195 0 0 
0.697 0.197 0 0 
0.699 0.199 0 0 
0.701 0.201 0 0 
0.703 0.203 0 0 
0.705 0.205 0 0 
0.707 0.207 0 0 
0.709 0.209 0 0 
0.711 0.211 0 0 
0.713 0.213 0 0 
0.715 0.215 0 0 
0.717 0.217 0 0 
0.719 0.219 0 0 
0.721 0.221 0 0 
0.723 0.223 0 0 
0.725 0.225 0 0 
0.727 0.227 0 0 
0.729 0.229 0 0 
0.731 0.231 0 0 
0.733 0.233 0 0 
0.735 0.235 0 0 
0.737 0.237 0 0 
0.739 0.239 0 0 
0.741 0.241 0 0 
0.743 0.243 0 0 
0.745 0.245 0 0 
0.747 0.247 0 0 
0.749 0.249 0 0 
0.751 0.251 0 0 
0.753 0.253 0 0 
0.755 0.255 0 0 
0.757 0.257 0 0 
0.759 0.259 0 0 
0.761 0.261 0 0 
0.763 0.263 0 0 
0.765 0.265 0 0 
0.767 0.267 0 0 
0.769 0.269 0 0 
0.771 0.271 0 0 
0.773 0.273 0 0 
0.775 0.275 0 0 
0.777 0.277 0 0 
0.779 0.279 0 0 
0.781 0.281 0 0 
0.783 0.283 0 0 
0.785 0.285 0 0 
0.787 0.287 0 0 
0.789 0.289 0 0 
0.791 0.291 0 0 
0.793 0.293 0 0 
0.795 0.295 0 0 
0.797 0.297 0 0 
0.799 0.299 0 0 
0.801 0.301 0 0 
0.803 0.303 0 0 
0.805 0.305 0 0 
0.807 0.307 0 0 
0.809 0.309 0 0 
0.811 0.311 0 0 
0.813 0.313 0 0 
0.815 0.315 0 0 
0.817 0.317 0 0 
0.819 0.319 0 0 
0.821 0.321 0 0 
0.823 0.323 0 0 
0.825 0.325 0 0 
0.827 0.327 0 0 
0.829 0.329 0 0 
0.831 0.331 0 0 
0.833 0.333 0 0 
0.835 0.335 0 0 
0.837 0.337 0 0 
0.839 0.339 0 0 
0.841 0.341 0 0 
0.843 0.343 0 0 
0.845 0.345 0 0 
0.847 0.347 0 0 
0.849 0.349 0 0 
0.851 0.351 0 0 
0.853 0.353 0 0 
0.855 0.355 0 0 
0.857 0.357 0 0 
0.859 0.359 0 0 
0.861 0.361 0 0 
0.863 0.363 0 0 
0.865 0.365 0 0 
0.867 0.367 0 0 
0.869 0.369 0 0 
0.871 0.371 0 0 
0.873 0.373 0 0 
0.875 0.375 0 0 
0.877 0.377 0 0 
0.879 0.379 0 0 
0.881 0.381 0 0 
0.883 0.383 0 0 
0.885 0.385 0 0 
0.887 0.387 0 0 
0.889 0.389 0 0 
0.891 0.391 0 0 
0.893 0.393 0 0 
0.895 0.395 0 0 
0.897 0.397 0 0 
0.899 0.399 0 0 
0.901 0.401 0 0 
0.903 0.403 0 0 
0.905 0.405 0 0 
0.907 0.407 0 0 
0.909 0.409 0 0 
0.911 0.411 0 0 
0.913 0.413 0 0 
0.915 0.415 0 0 
0.917 0.417 0 0 
0.919 0.419 0 0 
0.921 0.421 0 0 
0.923 0.423 0 0 
0.925 0.425 0 0 
0.927 0.427 0 0 
0.929 0.429 0 0 
0.931 0.431 0 0 
0.933 0.433 0 0 
0.935 0.435 0 0 
0.937 0.437 0 0 
0.939 0.439 0 0 
0.941 0.441 0 0 
0.943 0.443 0 0 
0.945 0.445 0 0 
0.947 0.447 0 0 
0.949 0.449 0 0 
0.951 0.451 0 0 
0.953 0.453 0 0 
0.955 0.455 0 0 
0.957 0.457 0 0 
0.959 0.459 0 0 
0.961 0.461 0 0 
0.963 0.463 0 0 
0.965 0.465 0 0 
0.967 0.467 0 0 
0.969 0.469 0 0 
0.971 0.471 0 0 
0.973 0.473 0 0 
0.975 0.475 0 0 
0.977 0.477 0 0 
0.979 0.479 0 0 
0.981 0.481 0 0 
0.983 0.483 0 0 
0.985 0.485 0 0 
0.987 0.487 0 0 
0.989 0.489 0 0 
0.991 0.491 0 0 
0.993 0.493 0 0 
0.995 0.495 0 0 
0.997 0.497 0 0 
0.999 0.499 0 0 
