0.00125 149865 100000 -0.49875
0.00375 149867 100000 -0.496255
0.00625 149872 100000 -0.493755
0.00875 149879 100000 -0.491255
0.01125 149889 100000 -0.488755
0.01375 149902 100000 -0.486255
0.01625 149915 100000 -0.483755
0.01875 149927 100000 -0.481255
0.02125 149935 100000 -0.478755
0.02375 149940 100000 -0.476255
0.02625 149945 100000 -0.473755
0.02875 149949 100000 -0.471255
0.03125 149953 100000 -0.468755
0.03375 149956 100000 -0.466255
0.03625 149959 100000 -0.463755
0.03875 149963 100000 -0.461255
0.04125 149966 100000 -0.458755
0.04375 149969 100000 -0.456255
0.04625 149971 100000 -0.453755
0.04875 149972 100000 -0.451255
0.05125 149972 100000 -0.448755
0.05375 149973 100000 -0.446255
0.05625 149973 100000 -0.443755
0.05875 149974 100000 -0.441255
0.06125 149975 100000 -0.438755
0.06375 149976 100000 -0.436255
0.06625 149976 100000 -0.433755
0.06875 149977 100000 -0.431255
0.07125 149979 100000 -0.428755
0.07375 149980 100000 -0.426255
0.07625 149981 100000 -0.423755
0.07875 149982 100000 -0.421255
0.08125 149983 100000 -0.418755
0.08375 149985 100000 -0.416255
0.08625 149985 100000 -0.413755
0.08875 149985 100000 -0.411255
0.09125 149985 100000 -0.408755
0.09375 149983 100000 -0.406255
0.09625 149981 100000 -0.403755
0.09875 149976 100000 -0.401255
0.10125 149970 100000 -0.398755
0.10375 149959 100000 -0.396255
0.10625 149942 100000 -0.393755
0.10875 149921 100000 -0.391255
0.11125 149888 100000 -0.388755
0.11375 149831 100000 -0.386255
0.11625 149734 100000 -0.383755
0.11875 149570 100000 -0.381255
0.12125 149298 100000 -0.378755
0.12375 148850 100000 -0.376255
0.12625 148126 100000 -0.373755
0.12875 146974 100000 -0.371254
0.13125 145171 100000 -0.368754
0.13375 142418 100000 -0.366254
0.13625 138306 100000 -0.363754
0.13875 132418 100000 -0.361253
0.14125 124437 100000 -0.358752
0.14375 113972 100000 -0.356251
0.14625 104941 100000 -0.353751
0.14875 101094 100000 -0.35125
0.15125 100180 100000 -0.34875
0.15375 100029 100000 -0.34625
0.15625 100006 100000 -0.34375
0.15875 100001 100000 -0.34125
0.16125 100000 100000 -0.33875
0.16375 100000 100000 -0.33625
0.16625 100000 100000 -0.33375
0.16875 100000 100000 -0.33125
0.17125 100000 100000 -0.32875
0.17375 100000 100000 -0.32625
0.17625 100000 100000 -0.32375
0.17875 100000 100000 -0.32125
0.18125 100000 100000 -0.31875
0.18375 100000 100000 -0.31625
0.18625 100000 100000 -0.31375
0.18875 100000 100000 -0.31125
0.19125 100000 100000 -0.30875
0.19375 100000 100000 -0.30625
0.19625 100000 100000 -0.30375
0.19875 100000 100000 -0.30125
0.20125 100000 100000 -0.29875
0.20375 100000 100000 -0.29625
0.20625 100000 100000 -0.29375
0.20875 100000 100000 -0.29125
0.21125 100000 100000 -0.28875
0.21375 100000 100000 -0.28625
0.21625 100000 100000 -0.28375
0.21875 100000 100000 -0.28125
0.22125 100000 100000 -0.27875
0.22375 100000 100000 -0.27625
0.22625 100000 100000 -0.27375
0.22875 100000 100000 -0.27125
0.23125 100000 100000 -0.26875
0.23375 100000 100000 -0.26625
0.23625 100000 100000 -0.26375
0.23875 100000 100000 -0.26125
0.24125 100000 100000 -0.25875
0.24375 100000 100000 -0.25625
0.24625 100000 100000 -0.25375
0.24875 100000 100000 -0.25125
0.25125 100000 100000 -0.24875
0.25375 100000 100000 -0.24625
0.25625 100000 100000 -0.24375
0.25875 100000 100000 -0.24125
0.26125 100000 100000 -0.23875
0.26375 100000 100000 -0.23625
0.26625 100000 100000 -0.23375
0.26875 100000 100000 -0.23125
0.27125 100000 100000 -0.22875
0.27375 100000 100000 -0.22625
0.27625 100000 100000 -0.22375
0.27875 100000 100000 -0.22125
0.28125 100000 100000 -0.21875
0.28375 100000 100000 -0.21625
0.28625 100000 100000 -0.21375
0.28875 100000 100000 -0.21125
0.29125 100000 100000 -0.20875
0.29375 100000 100000 -0.20625
0.29625 100000 100000 -0.20375
0.29875 100000 100000 -0.20125
0.30125 100000 100000 -0.19875
0.30375 100000 100000 -0.19625
0.30625 100000 100000 -0.19375
0.30875 100000 100000 -0.19125
0.31125 100000 100000 -0.18875
0.31375 100000 100000 -0.18625
0.31625 100000 100000 -0.18375
0.31875 100000 100000 -0.18125
0.32125 100000 100000 -0.17875
0.32375 100000 100000 -0.17625
0.32625 100000 100000 -0.17375
0.32875 100000 100000 -0.17125
0.33125 100000 100000 -0.16875
0.33375 100000 100000 -0.16625
0.33625 100000 100000 -0.16375
0.33875 100000 100000 -0.16125
0.34125 100000 100000 -0.15875
0.34375 100000 100000 -0.15625
0.34625 100000 100000 -0.15375
0.34875 100000 100000 -0.15125
0.35125 100000 100000 -0.14875
0.35375 100000 100000 -0.14625
0.35625 100000 100000 -0.14375
0.35875 100000 100000 -0.14125
0.36125 100000 100000 -0.13875
0.36375 100000 100000 -0.13625
0.36625 100000 100000 -0.13375
0.36875 100000 100000 -0.13125
0.37125 100000 100000 -0.12875
0.37375 100000 100000 -0.12625
0.37625 100000 100000 -0.12375
0.37875 100000 100000 -0.12125
0.38125 100000 100000 -0.11875
0.38375 100000 100000 -0.11625
0.38625 100000 100000 -0.11375
0.38875 100000 100000 -0.11125
0.39125 100000 100000 -0.10875
0.39375 100000 100000 -0.10625
0.39625 100000 100000 -0.10375
0.39875 100000 100000 -0.10125
0.40125 100000 100000 -0.09875
0.40375 100000 100000 -0.09625
0.40625 100000 100000 -0.09375
0.40875 100000 100000 -0.09125
0.41125 100000 100000 -0.08875
0.41375 100000 100000 -0.08625
0.41625 100000 100000 -0.08375
0.41875 100000 100000 -0.08125
0.42125 100000 100000 -0.07875
0.42375 100000 100000 -0.07625
0.42625 100000 100000 -0.07375
0.42875 100000 100000 -0.07125
0.43125 100000 100000 -0.06875
0.43375 100000 100000 -0.06625
0.43625 100000 100000 -0.06375
0.43875 100000 100000 -0.06125
0.44125 100000 100000 -0.05875
0.44375 100000 100000 -0.05625
0.44625 100000 100000 -0.05375
0.44875 100000 100000 -0.05125
0.45125 100000 100000 -0.04875
0.45375 100000 100000 -0.04625
0.45625 100000 100000 -0.04375
0.45875 100000 100000 -0.04125
0.46125 100000 100000 -0.03875
0.46375 100000 100000 -0.03625
0.46625 100000 100000 -0.03375
0.46875 100000 100000 -0.03125
0.47125 100000 100000 -0.02875
0.47375 100000 100000 -0.02625
0.47625 100000 100000 -0.02375
0.47875 100000 100000 -0.02125
0.48125 100000 100000 -0.01875
0.48375 100000 100000 -0.01625
0.48625 100000 100000 -0.01375
0.48875 100000 100000 -0.01125
0.49125 100000 100000 -0.00875
0.49375 100000 100000 -0.00625
0.49625 100000 100000 -0.00375
0.49875 100000 100000 -0.00125
0.50125 100000 100000 0.00125
0.50375 100000 100000 0.00375
0.50625 100000 100000 0.00625
0.50875 100000 100000 0.00875
0.51125 100000 100000 0.01125
0.51375 100000 100000 0.01375
0.51625 100000 100000 0.01625
0.51875 100000 100000 0.01875
0.52125 100000 100000 0.02125
0.52375 100000 100000 0.02375
0.52625 100000 100000 0.02625
0.52875 100000 100000 0.02875
0.53125 100000 100000 0.03125
0.53375 100000 100000 0.03375
0.53625 100000 100000 0.03625
0.53875 100000 100000 0.03875
0.54125 100000 100000 0.04125
0.54375 100000 100000 0.04375
0.54625 100000 100000 0.04625
0.54875 100000 100000 0.04875
0.55125 100000 100000 0.05125
0.55375 100000 100000 0.05375
0.55625 100000 100000 0.05625
0.55875 100000 100000 0.05875
0.56125 100000 100000 0.06125
0.56375 100000 100000 0.06375
0.56625 100000 100000 0.06625
0.56875 100000 100000 0.06875
0.57125 100000 100000 0.07125
0.57375 100000 100000 0.07375
0.57625 100000 100000 0.07625
0.57875 100000 100000 0.07875
0.58125 100000 100000 0.08125
0.58375 100000 100000 0.08375
0.58625 100000 100000 0.08625
0.58875 100000 100000 0.08875
0.59125 100000 100000 0.09125
0.59375 100000 100000 0.09375
0.59625 100000 100000 0.09625
0.59875 100000 100000 0.09875
0.60125 100000 100000 0.10125
0.60375 100000 100000 0.10375
0.60625 100000 100000 0.10625
0.60875 100000 100000 0.10875
0.61125 100000 100000 0.11125
0.61375 100000 100000 0.11375
0.61625 100000 100000 0.11625
0.61875 100000 100000 0.11875
0.62125 100000 100000 0.12125
0.62375 100000 100000 0.12375
0.62625 100000 100000 0.12625
0.62875 100000 100000 0.12875
0.63125 100000 100000 0.13125
0.63375 100000 100000 0.13375
0.63625 100000 100000 0.13625
0.63875 100000 100000 0.13875
0.64125 100000 100000 0.14125
0.64375 100000 100000 0.14375
0.64625 100000 100000 0.14625
0.64875 100000 100000 0.14875
0.65125 100000 100000 0.15125
0.65375 100000 100000 0.15375
0.65625 100000 100000 0.15625
0.65875 100000 100000 0.15875
0.66125 100000 100000 0.16125
0.66375 100000 100000 0.16375
0.66625 100000 100000 0.16625
0.66875 100000 100000 0.16875
0.67125 100000 100000 0.17125
0.67375 100000 100000 0.17375
0.67625 100000 100000 0.17625
0.67875 100000 100000 0.17875
0.68125 100000 100000 0.18125
0.68375 100000 100000 0.18375
0.68625 100000 100000 0.18625
0.68875 100000 100000 0.18875
0.69125 100000 100000 0.19125
0.69375 100000 100000 0.19375
0.69625 100000 100000 0.19625
0.69875 100000 100000 0.19875
0.70125 100000 100000 0.20125
0.70375 100000 100000 0.20375
0.70625 100000 100000 0.20625
0.70875 100000 100000 0.20875
0.71125 100000 100000 0.21125
0.71375 100000 100000 0.21375
0.71625 100000 100000 0.21625
0.71875 100000 100000 0.21875
0.72125 100000 100000 0.22125
0.72375 100000 100000 0.22375
0.72625 100000 100000 0.22625
0.72875 100000 100000 0.22875
0.73125 100000 100000 0.23125
0.73375 100000 100000 0.23375
0.73625 100000 100000 0.23625
0.73875 100000 100000 0.23875
0.74125 100000 100000 0.24125
0.74375 100000 100000 0.24375
0.74625 100000 100000 0.24625
0.74875 100000 100000 0.24875
0.75125 100000 100000 0.25125
0.75375 100000 100000 0.25375
0.75625 100000 100000 0.25625
0.75875 100000 100000 0.25875
0.76125 100000 100000 0.26125
0.76375 100000 100000 0.26375
0.76625 100000 100000 0.26625
0.76875 100000 100000 0.26875
0.77125 100000 100000 0.27125
0.77375 100000 100000 0.27375
0.77625 100000 100000 0.27625
0.77875 100000 100000 0.27875
0.78125 100000 100000 0.28125
0.78375 100000 100000 0.28375
0.78625 100000 100000 0.28625
0.78875 100000 100000 0.28875
0.79125 100000 100000 0.29125
0.79375 100000 100000 0.29375
0.79625 100000 100000 0.29625
0.79875 100000 100000 0.29875
0.80125 100000 100000 0.30125
0.80375 100000 100000 0.30375
0.80625 100000 100000 0.30625
0.80875 100000 100000 0.30875
0.81125 100000 100000 0.31125
0.81375 100000 100000 0.31375
0.81625 100000 100000 0.31625
0.81875 100000 100000 0.31875
0.82125 100000 100000 0.32125
0.82375 100000 100000 0.32375
0.82625 100000 100000 0.32625
0.82875 100000 100000 0.32875
0.83125 100000 100000 0.33125
0.83375 100000 100000 0.33375
0.83625 100000 100000 0.33625
0.83875 100000 100000 0.33875
0.84125 100000 100000 0.34125
0.84375 100000 100000 0.34375
0.84625 100000 100000 0.34625
0.84875 100000 100000 0.34875
0.85125 100000 100000 0.35125
0.85375 100000 100000 0.35375
0.85625 100000 100000 0.35625
0.85875 100000 100000 0.35875
0.86125 100000 100000 0.36125
0.86375 100000 100000 0.36375
0.86625 100000 100000 0.36625
0.86875 100000 100000 0.36875
0.87125 100000 100000 0.37125
0.87375 100000 100000 0.37375
0.87625 100000 100000 0.37625
0.87875 100000 100000 0.37875
0.88125 100000 100000 0.38125
0.88375 100000 100000 0.38375
0.88625 100000 100000 0.38625
0.88875 100000 100000 0.38875
0.89125 100000 100000 0.39125
0.89375 100000 100000 0.39375
0.89625 100000 100000 0.39625
0.89875 100000 100000 0.39875
0.90125 100000 100000 0.40125
0.90375 100000 100000 0.40375
0.90625 100000 100000 0.40625
0.90875 100000 100000 0.40875
0.91125 100000 100000 0.41125
0.91375 100000 100000 0.41375
0.91625 100000 100000 0.41625
0.91875 100000 100000 0.41875
0.92125 100000 100000 0.42125
0.92375 100000 100000 0.42375
0.92625 100000 100000 0.42625
0.92875 100000 100000 0.42875
0.93125 100000 100000 0.43125
0.93375 100000 100000 0.43375
0.93625 100000 100000 0.43625
0.93875 100000 100000 0.43875
0.94125 100000 100000 0.44125
0.94375 100000 100000 0.44375
0.94625 100000 100000 0.44625
0.94875 100000 100000 0.44875
0.95125 100000 100000 0.45125
0.95375 100000 100000 0.45375
0.95625 100000 100000 0.45625
0.95875 100000 100000 0.45875
0.96125 100000 100000 0.46125
0.96375 100000 100000 0.46375
0.96625 100000 100000 0.46625
0.96875 100000 100000 0.46875
0.97125 100000 100000 0.47125
0.97375 100000 100000 0.47375
0.97625 100000 100000 0.47625
0.97875 100000 100000 0.47875
0.98125 100000 100000 0.48125
0.98375 100000 100000 0.48375
0.98625 100000 100000 0.48625
0.98875 100000 100000 0.48875
0.99125 100000 100000 0.49125
0.99375 100000 100000 0.49375
0.99625 100000 100000 0.49625
0.99875 100000 100000 0.49875
