0.00125 149992 100000 -0.49875
0.00375 149992 100000 -0.496255
0.00625 149992 100000 -0.493755
0.00875 149992 100000 -0.491255
0.01125 149993 100000 -0.488755
0.01375 149993 100000 -0.486255
0.01625 149993 100000 -0.483755
0.01875 149993 100000 -0.481255
0.02125 149993 100000 -0.478755
0.02375 149993 100000 -0.476255
0.02625 149993 100000 -0.473755
0.02875 149994 100000 -0.471255
0.03125 149994 100000 -0.468755
0.03375 149994 100000 -0.466255
0.03625 149994 100000 -0.463755
0.03875 149994 100000 -0.461255
0.04125 149994 100000 -0.458755
0.04375 149994 100000 -0.456255
0.04625 149994 100000 -0.453755
0.04875 149994 100000 -0.451255
0.05125 149995 100000 -0.448755
0.05375 149995 100000 -0.446255
0.05625 149995 100000 -0.443755
0.05875 149994 100000 -0.441255
0.06125 149994 100000 -0.438755
0.06375 149994 100000 -0.436255
0.06625 149994 100000 -0.433755
0.06875 149994 100000 -0.431255
0.07125 149994 100000 -0.428755
0.07375 149994 100000 -0.426255
0.07625 149994 100000 -0.423755
0.07875 149994 100000 -0.421255
0.08125 149994 100000 -0.418755
0.08375 149994 100000 -0.416255
0.08625 149994 100000 -0.413755
0.08875 149994 100000 -0.411255
0.09125 149994 100000 -0.408755
0.09375 149994 100000 -0.406255
0.09625 149994 100000 -0.403755
0.09875 149994 100000 -0.401255
0.10125 149995 100000 -0.398755
0.10375 149995 100000 -0.396255
0.10625 149995 100000 -0.393755
0.10875 149995 100000 -0.391255
0.11125 149995 100000 -0.388755
0.11375 149995 100000 -0.386255
0.11625 149995 100000 -0.383755
0.11875 149995 100000 -0.381255
0.12125 149996 100000 -0.378755
0.12375 149996 100000 -0.376255
0.12625 149996 100000 -0.373755
0.12875 149996 100000 -0.371255
0.13125 149995 100000 -0.368755
0.13375 149995 100000 -0.366255
0.13625 149995 100000 -0.363755
0.13875 149995 100000 -0.361255
0.14125 149995 100000 -0.358755
0.14375 149995 100000 -0.356255
0.14625 149994 100000 -0.353755
0.14875 149994 100000 -0.351255
0.15125 149994 100000 -0.348755
0.15375 149994 100000 -0.346255
0.15625 149994 100000 -0.343755
0.15875 149994 100000 -0.341255
0.16125 149994 100000 -0.338755
0.16375 149994 100000 -0.336255
0.16625 149994 100000 -0.333755
0.16875 149994 100000 -0.331255
0.17125 149994 100000 -0.328755
0.17375 149995 100000 -0.326255
0.17625 149995 100000 -0.323755
0.17875 149995 100000 -0.321255
0.18125 149996 100000 -0.318755
0.18375 149996 100000 -0.316255
0.18625 149996 100000 -0.313755
0.18875 149996 100000 -0.311255
0.19125 149996 100000 -0.308755
0.19375 149996 100000 -0.306255
0.19625 149996 100000 -0.303755
0.19875 149996 100000 -0.301255
0.20125 149996 100000 -0.298755
0.20375 149996 100000 -0.296255
0.20625 149996 100000 -0.293755
0.20875 149996 100000 -0.291255
0.21125 149996 100000 -0.288755
0.21375 149995 100000 -0.286255
0.21625 149995 100000 -0.283755
0.21875 149995 100000 -0.281255
0.22125 149994 100000 -0.278755
0.22375 149994 100000 -0.276255
0.22625 149994 100000 -0.273755
0.22875 149994 100000 -0.271255
0.23125 149994 100000 -0.268755
0.23375 149994 100000 -0.266255
0.23625 149994 100000 -0.263755
0.23875 149994 100000 -0.261255
0.24125 149994 100000 -0.258755
0.24375 149995 100000 -0.256255
0.24625 149995 100000 -0.253755
0.24875 149995 100000 -0.251255
0.25125 149996 100000 -0.248755
0.25375 149996 100000 -0.246255
0.25625 149996 100000 -0.243755
0.25875 149996 100000 -0.241255
0.26125 149996 100000 -0.238755
0.26375 149996 100000 -0.236255
0.26625 149996 100000 -0.233755
0.26875 149996 100000 -0.231255
0.27125 149996 100000 -0.228755
0.27375 149996 100000 -0.226255
0.27625 149996 100000 -0.223755
0.27875 149996 100000 -0.221255
0.28125 149996 100000 -0.218755
0.28375 149996 100000 -0.216255
0.28625 149995 100000 -0.213755
0.28875 149995 100000 -0.211255
0.29125 149995 100000 -0.208755
0.29375 149994 100000 -0.206255
0.29625 149994 100000 -0.203755
0.29875 149994 100000 -0.201255
0.30125 149994 100000 -0.198755
0.30375 149994 100000 -0.196255
0.30625 149994 100000 -0.193755
0.30875 149994 100000 -0.191255
0.31125 149994 100000 -0.188755
0.31375 149994 100000 -0.186255
0.31625 149995 100000 -0.183755
0.31875 149995 100000 -0.181255
0.32125 149995 100000 -0.178755
0.32375 149996 100000 -0.176255
0.32625 149996 100000 -0.173755
0.32875 149997 100000 -0.171255
0.33125 149997 100000 -0.168755
0.33375 149997 100000 -0.166255
0.33625 149997 100000 -0.163755
0.33875 149997 100000 -0.161255
0.34125 149997 100000 -0.158755
0.34375 149996 100000 -0.156255
0.34625 149996 100000 -0.153755
0.34875 149996 100000 -0.151255
0.35125 149996 100000 -0.148755
0.35375 149996 100000 -0.146255
0.35625 149996 100000 -0.143755
0.35875 149995 100000 -0.141255
0.36125 149995 100000 -0.138755
0.36375 149995 100000 -0.136255
0.36625 149994 100000 -0.133755
0.36875 149993 100000 -0.131255
0.37125 149992 100000 -0.128755
0.37375 149991 100000 -0.126255
0.37625 149990 100000 -0.123755
0.37875 149989 100000 -0.121255
0.38125 149988 100000 -0.118755
0.38375 149988 100000 -0.116255
0.38625 149987 100000 -0.113755
0.38875 149987 100000 -0.111255
0.39125 149986 100000 -0.108755
0.39375 149984 100000 -0.106255
0.39625 149982 100000 -0.103755
0.39875 149979 100000 -0.101255
0.40125 149975 100000 -0.0987547
0.40375 149970 100000 -0.0962547
0.40625 149963 100000 -0.0937547
0.40875 149953 100000 -0.0912547
0.41125 149940 100000 -0.0887547
0.41375 149922 100000 -0.0862547
0.41625 149898 100000 -0.0837547
0.41875 149864 100000 -0.0812547
0.42125 149816 100000 -0.0787547
0.42375 149746 100000 -0.0762547
0.42625 149643 100000 -0.0737547
0.42875 149492 100000 -0.0712547
0.43125 149267 100000 -0.0687547
0.43375 148933 100000 -0.0662547
0.43625 148434 100000 -0.0637546
0.43875 147689 100000 -0.0612546
0.44125 146576 100000 -0.0587545
0.44375 144924 100000 -0.0562544
0.44625 142497 100000 -0.0537542
0.44875 138988 100000 -0.0512539
0.45125 133987 100000 -0.0487534
0.45375 127305 100000 -0.0462528
0.45625 118156 100000 -0.0437519
0.45875 108380 100000 -0.0412509
0.46125 102434 100000 -0.0387503
0.46375 100495 100000 -0.0362501
0.46625 100082 100000 -0.03375
0.46875 100013 100000 -0.03125
0.47125 100002 100000 -0.02875
0.47375 100000 100000 -0.02625
0.47625 100000 100000 -0.02375
0.47875 100000 100000 -0.02125
0.48125 100000 100000 -0.01875
0.48375 100000 100000 -0.01625
0.48625 100000 100000 -0.01375
0.48875 100000 100000 -0.01125
0.49125 100000 100000 -0.00875
0.49375 100000 100000 -0.00625
0.49625 100000 100000 -0.00375
0.49875 100000 100000 -0.00125
0.50125 100000 100000 0.00125
0.50375 100000 100000 0.00375
0.50625 100000 100000 0.00625
0.50875 100000 100000 0.00875
0.51125 100000 100000 0.01125
0.51375 100000 100000 0.01375
0.51625 100000 100000 0.01625
0.51875 100000 100000 0.01875
0.52125 100000 100000 0.02125
0.52375 100000 100000 0.02375
0.52625 100000 100000 0.02625
0.52875 100000 100000 0.02875
0.53125 100000 100000 0.03125
0.53375 100000 100000 0.03375
0.53625 100000 100000 0.03625
0.53875 100000 100000 0.03875
0.54125 100000 100000 0.04125
0.54375 100000 100000 0.04375
0.54625 100000 100000 0.04625
0.54875 100000 100000 0.04875
0.55125 100000 100000 0.05125
0.55375 100000 100000 0.05375
0.55625 100000 100000 0.05625
0.55875 100000 100000 0.05875
0.56125 100000 100000 0.06125
0.56375 100000 100000 0.06375
0.56625 100000 100000 0.06625
0.56875 100000 100000 0.06875
0.57125 100000 100000 0.07125
0.57375 100000 100000 0.07375
0.57625 100000 100000 0.07625
0.57875 100000 100000 0.07875
0.58125 100000 100000 0.08125
0.58375 100000 100000 0.08375
0.58625 100000 100000 0.08625
0.58875 100000 100000 0.08875
0.59125 100000 100000 0.09125
0.59375 100000 100000 0.09375
0.59625 100000 100000 0.09625
0.59875 100000 100000 0.09875
0.60125 100000 100000 0.10125
0.60375 100000 100000 0.10375
0.60625 100000 100000 0.10625
0.60875 100000 100000 0.10875
0.61125 100000 100000 0.11125
0.61375 100000 100000 0.11375
0.61625 100000 100000 0.11625
0.61875 100000 100000 0.11875
0.62125 100000 100000 0.12125
0.62375 100000 100000 0.12375
0.62625 100000 100000 0.12625
0.62875 100000 100000 0.12875
0.63125 100000 100000 0.13125
0.63375 100000 100000 0.13375
0.63625 100000 100000 0.13625
0.63875 100000 100000 0.13875
0.64125 100000 100000 0.14125
0.64375 100000 100000 0.14375
0.64625 100000 100000 0.14625
0.64875 100000 100000 0.14875
0.65125 100000 100000 0.15125
0.65375 100000 100000 0.15375
0.65625 100000 100000 0.15625
0.65875 100000 100000 0.15875
0.66125 100000 100000 0.16125
0.66375 100000 100000 0.16375
0.66625 100000 100000 0.16625
0.66875 100000 100000 0.16875
0.67125 100000 100000 0.17125
0.67375 100000 100000 0.17375
0.67625 100000 100000 0.17625
0.67875 100000 100000 0.17875
0.68125 100000 100000 0.18125
0.68375 100000 100000 0.18375
0.68625 100000 100000 0.18625
0.68875 100000 100000 0.18875
0.69125 100000 100000 0.19125
0.69375 100000 100000 0.19375
0.69625 100000 100000 0.19625
0.69875 100000 100000 0.19875
0.70125 100000 100000 0.20125
0.70375 100000 100000 0.20375
0.70625 100000 100000 0.20625
0.70875 100000 100000 0.20875
0.71125 100000 100000 0.21125
0.71375 100000 100000 0.21375
0.71625 100000 100000 0.21625
0.71875 100000 100000 0.21875
0.72125 100000 100000 0.22125
0.72375 100000 100000 0.22375
0.72625 100000 100000 0.22625
0.72875 100000 100000 0.22875
0.73125 100000 100000 0.23125
0.73375 100000 100000 0.23375
0.73625 100000 100000 0.23625
0.73875 100000 100000 0.23875
0.74125 100000 100000 0.24125
0.74375 100000 100000 0.24375
0.74625 100000 100000 0.24625
0.74875 100000 100000 0.24875
0.75125 100000 100000 0.25125
0.75375 100000 100000 0.25375
0.75625 100000 100000 0.25625
0.75875 100000 100000 0.25875
0.76125 100000 100000 0.26125
0.76375 100000 100000 0.26375
0.76625 100000 100000 0.26625
0.76875 100000 100000 0.26875
0.77125 100000 100000 0.27125
0.77375 100000 100000 0.27375
0.77625 100000 100000 0.27625
0.77875 100000 100000 0.27875
0.78125 100000 100000 0.28125
0.78375 100000 100000 0.28375
0.78625 100000 100000 0.28625
0.78875 100000 100000 0.28875
0.79125 100000 100000 0.29125
0.79375 100000 100000 0.29375
0.79625 100000 100000 0.29625
0.79875 100000 100000 0.29875
0.80125 100000 100000 0.30125
0.80375 100000 100000 0.30375
0.80625 100000 100000 0.30625
0.80875 100000 100000 0.30875
0.81125 100000 100000 0.31125
0.81375 100000 100000 0.31375
0.81625 100000 100000 0.31625
0.81875 100000 100000 0.31875
0.82125 100000 100000 0.32125
0.82375 100000 100000 0.32375
0.82625 100000 100000 0.32625
0.82875 100000 100000 0.32875
0.83125 100000 100000 0.33125
0.83375 100000 100000 0.33375
0.83625 100000 100000 0.33625
0.83875 100000 100000 0.33875
0.84125 100000 100000 0.34125
0.84375 100000 100000 0.34375
0.84625 100000 100000 0.34625
0.84875 100000 100000 0.34875
0.85125 100000 100000 0.35125
0.85375 100000 100000 0.35375
0.85625 100000 100000 0.35625
0.85875 100000 100000 0.35875
0.86125 100000 100000 0.36125
0.86375 100000 100000 0.36375
0.86625 100000 100000 0.36625
0.86875 100000 100000 0.36875
0.87125 100000 100000 0.37125
0.87375 100000 100000 0.37375
0.87625 100000 100000 0.37625
0.87875 100000 100000 0.37875
0.88125 100000 100000 0.38125
0.88375 100000 100000 0.38375
0.88625 100000 100000 0.38625
0.88875 100000 100000 0.38875
0.89125 100000 100000 0.39125
0.89375 100000 100000 0.39375
0.89625 100000 100000 0.39625
0.89875 100000 100000 0.39875
0.90125 100000 100000 0.40125
0.90375 100000 100000 0.40375
0.90625 100000 100000 0.40625
0.90875 100000 100000 0.40875
0.91125 100000 100000 0.41125
0.91375 100000 100000 0.41375
0.91625 100000 100000 0.41625
0.91875 100000 100000 0.41875
0.92125 100000 100000 0.42125
0.92375 100000 100000 0.42375
0.92625 100000 100000 0.42625
0.92875 100000 100000 0.42875
0.93125 100000 100000 0.43125
0.93375 100000 100000 0.43375
0.93625 100000 100000 0.43625
0.93875 100000 100000 0.43875
0.94125 100000 100000 0.44125
0.94375 100000 100000 0.44375
0.94625 100000 100000 0.44625
0.94875 100000 100000 0.44875
0.95125 100000 100000 0.45125
0.95375 100000 100000 0.45375
0.95625 100000 100000 0.45625
0.95875 100000 100000 0.45875
0.96125 100000 100000 0.46125
0.96375 100000 100000 0.46375
0.96625 100000 100000 0.46625
0.96875 100000 100000 0.46875
0.97125 100000 100000 0.47125
0.97375 100000 100000 0.47375
0.97625 100000 100000 0.47625
0.97875 100000 100000 0.47875
0.98125 100000 100000 0.48125
0.98375 100000 100000 0.48375
0.98625 100000 100000 0.48625
0.98875 100000 100000 0.48875
0.99125 100000 100000 0.49125
0.99375 100000 100000 0.49375
0.99625 100000 100000 0.49625
0.99875 100000 100000 0.49875
