0.00125 149994 127822 -0.50125
0.00375 149994 127822 -0.49876
0.00625 149994 127822 -0.49626
0.00875 149994 127822 -0.49376
0.01125 149994 127822 -0.49126
0.01375 149994 127822 -0.48876
0.01625 149994 127822 -0.48626
0.01875 149994 127822 -0.48376
0.02125 149994 127822 -0.48126
0.02375 149994 127822 -0.47876
0.02625 149994 127822 -0.47626
0.02875 149994 127822 -0.47376
0.03125 149994 127822 -0.47126
0.03375 149994 127822 -0.46876
0.03625 149994 127822 -0.46626
0.03875 149994 127822 -0.46376
0.04125 149994 127822 -0.46126
0.04375 149994 127822 -0.45876
0.04625 149994 127822 -0.45626
0.04875 149994 127822 -0.45376
0.05125 149994 127822 -0.45126
0.05375 149994 127822 -0.44876
0.05625 149994 127822 -0.44626
0.05875 149994 127822 -0.44376
0.06125 149994 127822 -0.44126
0.06375 149994 127822 -0.43876
0.06625 149994 127822 -0.43626
0.06875 149994 127822 -0.43376
0.07125 149994 127822 -0.43126
0.07375 149995 127822 -0.42876
0.07625 149995 127822 -0.42626
0.07875 149995 127822 -0.42376
0.08125 149995 127822 -0.42126
0.08375 149995 127822 -0.41876
0.08625 149995 127822 -0.41626
0.08875 149995 127822 -0.41376
0.09125 149995 127822 -0.41126
0.09375 149995 127822 -0.40876
0.09625 149995 127822 -0.40626
0.09875 149995 127822 -0.40376
0.10125 149995 127822 -0.40126
0.10375 149995 127822 -0.39876
0.10625 149995 127822 -0.39626
0.10875 149995 127822 -0.39376
0.11125 149995 127822 -0.39126
0.11375 149995 127822 -0.38876
0.11625 149995 127822 -0.38626
0.11875 149994 127822 -0.38376
0.12125 149994 127822 -0.38126
0.12375 149994 127822 -0.37876
0.12625 149994 127822 -0.37626
0.12875 149994 127822 -0.37376
0.13125 149994 127822 -0.37126
0.13375 149994 127822 -0.36876
0.13625 149994 127822 -0.36626
0.13875 149994 127822 -0.36376
0.14125 149995 127822 -0.36126
0.14375 149995 127822 -0.35876
0.14625 149995 127822 -0.35626
0.14875 149995 127822 -0.35376
0.15125 149995 127822 -0.35126
0.15375 149996 127822 -0.34876
0.15625 149996 127822 -0.34626
0.15875 149996 127822 -0.34376
0.16125 149996 127822 -0.34126
0.16375 149996 127822 -0.33876
0.16625 149996 127822 -0.33626
0.16875 149996 127822 -0.33376
0.17125 149996 127822 -0.33126
0.17375 149996 127822 -0.32876
0.17625 149996 127822 -0.32626
0.17875 149996 127822 -0.32376
0.18125 149995 127822 -0.32126
0.18375 149995 127822 -0.31876
0.18625 149995 127822 -0.31626
0.18875 149995 127822 -0.31376
0.19125 149995 127822 -0.31126
0.19375 149995 127822 -0.30876
0.19625 149994 127822 -0.30626
0.19875 149994 127822 -0.30376
0.20125 149994 127822 -0.30126
0.20375 149994 127822 -0.29876
0.20625 149994 127822 -0.29626
0.20875 149994 127822 -0.29376
0.21125 149994 127822 -0.29126
0.21375 149995 127822 -0.28876
0.21625 149995 127822 -0.28626
0.21875 149995 127822 -0.28376
0.22125 149995 127822 -0.28126
0.22375 149996 127822 -0.27876
0.22625 149996 127822 -0.27626
0.22875 149996 127822 -0.27376
0.23125 149996 127822 -0.27126
0.23375 149996 127822 -0.26876
0.23625 149996 127822 -0.26626
0.23875 149996 127822 -0.26376
0.24125 149996 127822 -0.26126
0.24375 149996 127822 -0.25876
0.24625 149996 127822 -0.25626
0.24875 149996 127822 -0.25376
0.25125 149996 127822 -0.25126
0.25375 149996 127822 -0.24876
0.25625 149996 127822 -0.24626
0.25875 149995 127822 -0.24376
0.26125 149995 127822 -0.24126
0.26375 149995 127822 -0.23876
0.26625 149994 127822 -0.23626
0.26875 149994 127822 -0.23376
0.27125 149994 127822 -0.23126
0.27375 149994 127822 -0.22876
0.27625 149994 127822 -0.22626
0.27875 149994 127822 -0.22376
0.28125 149994 127822 -0.22126
0.28375 149995 127822 -0.21876
0.28625 149995 127822 -0.21626
0.28875 149995 127822 -0.21376
0.29125 149995 127822 -0.21126
0.29375 149996 127822 -0.20876
0.29625 149996 127822 -0.20626
0.29875 149996 127822 -0.20376
0.30125 149996 127822 -0.20126
0.30375 149996 127822 -0.19876
0.30625 149996 127822 -0.19626
0.30875 149996 127822 -0.19376
0.31125 149996 127822 -0.19126
0.31375 149996 127822 -0.18876
0.31625 149996 127822 -0.18626
0.31875 149996 127822 -0.18376
0.32125 149996 127822 -0.18126
0.32375 149996 127822 -0.17876
0.32625 149996 127822 -0.17626
0.32875 149995 127822 -0.17376
0.33125 149995 127822 -0.17126
0.33375 149995 127822 -0.16876
0.33625 149994 127822 -0.16626
0.33875 149994 127822 -0.16376
0.34125 149993 127822 -0.16126
0.34375 149992 127822 -0.15876
0.34625 149991 127822 -0.15626
0.34875 149991 127822 -0.15376
0.35125 149990 127822 -0.15126
0.35375 149989 127822 -0.14876
0.35625 149988 127822 -0.14626
0.35875 149987 127822 -0.14376
0.36125 149985 127822 -0.14126
0.36375 149984 127822 -0.13876
0.36625 149983 127822 -0.13626
0.36875 149981 127822 -0.13376
0.37125 149978 127822 -0.13126
0.37375 149975 127822 -0.12876
0.37625 149971 127822 -0.12626
0.37875 149966 127822 -0.12376
0.38125 149960 127822 -0.12126
0.38375 149953 127822 -0.11876
0.38625 149944 127822 -0.11626
0.38875 149934 127822 -0.11376
0.39125 149922 127822 -0.11126
0.39375 149908 127822 -0.10876
0.39625 149892 127822 -0.10626
0.39875 149873 127822 -0.10376
0.40125 149852 127822 -0.10126
0.40375 149826 127822 -0.0987601
0.40625 149797 127822 -0.0962601
0.40875 149764 127822 -0.0937601
0.41125 149725 127822 -0.0912601
0.41375 149680 127822 -0.0887601
0.41625 149629 127822 -0.0862601
0.41875 149570 127822 -0.0837601
0.42125 149504 127822 -0.0812602
0.42375 149428 127822 -0.0787602
0.42625 149342 127822 -0.0762602
0.42875 149246 127822 -0.0737602
0.43125 149136 127822 -0.0712602
0.43375 149012 127822 -0.0687602
0.43625 148871 127822 -0.0662603
0.43875 148710 127822 -0.0637603
0.44125 148526 127822 -0.0612603
0.44375 148316 127822 -0.0587604
0.44625 148080 127822 -0.0562604
0.44875 147810 127822 -0.0537604
0.45125 147539 127822 -0.0512605
0.45375 147231 127822 -0.0487605
0.45625 146903 127822 -0.0462606
0.45875 146535 127822 -0.0437607
0.46125 146061 127822 -0.0412607
0.46375 145519 127822 -0.0387608
0.46625 144927 127822 -0.0362609
0.46875 144298 127822 -0.033761
0.47125 143621 127822 -0.0312611
0.47375 142897 127822 -0.0287612
0.47625 142128 127822 -0.0262613
0.47875 141323 127822 -0.0237614
0.48125 140491 127822 -0.0212615
0.48375 139639 127822 -0.0187616
0.48625 138758 127822 -0.0162616
0.48875 137806 127822 -0.0137616
0.49125 136708 127822 -0.0112615
0.49375 135351 127822 -0.00876142
0.49625 133507 128068 -0.00626125
0.49875 131175 128356 -0.00376088
0.50125 129157 127760 -0.000437162
0.50375 128109 125835 0.00318114
0.50625 127822 122499 0.0037478
0.50875 127822 118914 0.00624085
0.51125 127822 115853 0.0087419
0.51375 127822 112655 0.0112432
0.51625 127822 109343 0.0137448
0.51875 127822 106223 0.0162465
0.52125 127822 103715 0.0187479
0.52375 127822 102037 0.0212489
0.52625 127822 101058 0.0237494
0.52875 127822 100525 0.0262497
0.53125 127822 100256 0.0287499
0.53375 127822 100127 0.0312499
0.53625 127822 100063 0.03375
0.53875 127822 100031 0.03625
0.54125 127822 100015 0.03875
0.54375 127822 100007 0.04125
0.54625 127822 100004 0.04375
0.54875 127822 100002 0.04625
0.55125 127822 100001 0.04875
0.55375 127822 100000 0.05125
0.55625 127822 100000 0.05375
0.55875 127822 100000 0.05625
0.56125 127822 100000 0.05875
0.56375 127822 100000 0.06125
0.56625 127822 100000 0.06375
0.56875 127822 100000 0.06625
0.57125 127822 100000 0.06875
0.57375 127822 100000 0.07125
0.57625 127822 100000 0.07375
0.57875 127822 100000 0.07625
0.58125 127822 100000 0.07875
0.58375 127822 100000 0.08125
0.58625 127822 100000 0.08375
0.58875 127822 100000 0.08625
0.59125 127822 100000 0.08875
0.59375 127822 100000 0.09125
0.59625 127822 100000 0.09375
0.59875 127822 100000 0.09625
0.60125 127822 100000 0.09875
0.60375 127822 100000 0.10125
0.60625 127822 100000 0.10375
0.60875 127822 100000 0.10625
0.61125 127822 100000 0.10875
0.61375 127822 100000 0.11125
0.61625 127822 100000 0.11375
0.61875 127822 100000 0.11625
0.62125 127822 100000 0.11875
0.62375 127822 100000 0.12125
0.62625 127822 100000 0.12375
0.62875 127822 100000 0.12625
0.63125 127822 100000 0.12875
0.63375 127822 100000 0.13125
0.63625 127822 100000 0.13375
0.63875 127822 100000 0.13625
0.64125 127822 100000 0.13875
0.64375 127822 100000 0.14125
0.64625 127822 100000 0.14375
0.64875 127822 100000 0.14625
0.65125 127822 100000 0.14875
0.65375 127822 100000 0.15125
0.65625 127822 100000 0.15375
0.65875 127822 100000 0.15625
0.66125 127822 100000 0.15875
0.66375 127822 100000 0.16125
0.66625 127822 100000 0.16375
0.66875 127822 100000 0.16625
0.67125 127822 100000 0.16875
0.67375 127822 100000 0.17125
0.67625 127822 100000 0.17375
0.67875 127822 100000 0.17625
0.68125 127822 100000 0.17875
0.68375 127822 100000 0.18125
0.68625 127822 100000 0.18375
0.68875 127822 100000 0.18625
0.69125 127822 100000 0.18875
0.69375 127822 100000 0.19125
0.69625 127822 100000 0.19375
0.69875 127822 100000 0.19625
0.70125 127822 100000 0.19875
0.70375 127822 100000 0.20125
0.70625 127822 100000 0.20375
0.70875 127822 100000 0.20625
0.71125 127822 100000 0.20875
0.71375 127822 100000 0.21125
0.71625 127822 100000 0.21375
0.71875 127822 100000 0.21625
0.72125 127822 100000 0.21875
0.72375 127822 100000 0.22125
0.72625 127822 100000 0.22375
0.72875 127822 100000 0.22625
0.73125 127822 100000 0.22875
0.73375 127822 100000 0.23125
0.73625 127822 100000 0.23375
0.73875 127822 100000 0.23625
0.74125 127822 100000 0.23875
0.74375 127822 100000 0.24125
0.74625 127822 100000 0.24375
0.74875 127822 100000 0.24625
0.75125 127822 100000 0.24875
0.75375 127822 100000 0.25125
0.75625 127822 100000 0.25375
0.75875 127822 100000 0.25625
0.76125 127822 100000 0.25875
0.76375 127822 100000 0.26125
0.76625 127822 100000 0.26375
0.76875 127822 100000 0.26625
0.77125 127822 100000 0.26875
0.77375 127822 100000 0.27125
0.77625 127822 100000 0.27375
0.77875 127822 100000 0.27625
0.78125 127822 100000 0.27875
0.78375 127822 100000 0.28125
0.78625 127822 100000 0.28375
0.78875 127822 100000 0.28625
0.79125 127822 100000 0.28875
0.79375 127822 100000 0.29125
0.79625 127822 100000 0.29375
0.79875 127822 100000 0.29625
0.80125 127822 100000 0.29875
0.80375 127822 100000 0.30125
0.80625 127822 100000 0.30375
0.80875 127822 100000 0.30625
0.81125 127822 100000 0.30875
0.81375 127822 100000 0.31125
0.81625 127822 100000 0.31375
0.81875 127822 100000 0.31625
0.82125 127822 100000 0.31875
0.82375 127822 100000 0.32125
0.82625 127822 100000 0.32375
0.82875 127822 100000 0.32625
0.83125 127822 100000 0.32875
0.83375 127822 100000 0.33125
0.83625 127822 100000 0.33375
0.83875 127822 100000 0.33625
0.84125 127822 100000 0.33875
0.84375 127822 100000 0.34125
0.84625 127822 100000 0.34375
0.84875 127822 100000 0.34625
0.85125 127822 100000 0.34875
0.85375 127822 100000 0.35125
0.85625 127822 100000 0.35375
0.85875 127822 100000 0.35625
0.86125 127822 100000 0.35875
0.86375 127822 100000 0.36125
0.86625 127822 100000 0.36375
0.86875 127822 100000 0.36625
0.87125 127822 100000 0.36875
0.87375 127822 100000 0.37125
0.87625 127822 100000 0.37375
0.87875 127822 100000 0.37625
0.88125 127822 100000 0.37875
0.88375 127822 100000 0.38125
0.88625 127822 100000 0.38375
0.88875 127822 100000 0.38625
0.89125 127822 100000 0.38875
0.89375 127822 100000 0.39125
0.89625 127822 100000 0.39375
0.89875 127822 100000 0.39625
0.90125 127822 100000 0.39875
0.90375 127822 100000 0.40125
0.90625 127822 100000 0.40375
0.90875 127822 100000 0.40625
0.91125 127822 100000 0.40875
0.91375 127822 100000 0.41125
0.91625 127822 100000 0.41375
0.91875 127822 100000 0.41625
0.92125 127822 100000 0.41875
0.92375 127822 100000 0.42125
0.92625 127822 100000 0.42375
0.92875 127822 100000 0.42625
0.93125 127822 100000 0.42875
0.93375 127822 100000 0.43125
0.93625 127822 100000 0.43375
0.93875 127822 100000 0.43625
0.94125 127822 100000 0.43875
0.94375 127822 100000 0.44125
0.94625 127822 100000 0.44375
0.94875 127822 100000 0.44625
0.95125 127822 100000 0.44875
0.95375 127822 100000 0.45125
0.95625 127822 100000 0.45375
0.95875 127822 100000 0.45625
0.96125 127822 100000 0.45875
0.96375 127822 100000 0.46125
0.96625 127822 100000 0.46375
0.96875 127822 100000 0.46625
0.97125 127822 100000 0.46875
0.97375 127822 100000 0.47125
0.97625 127822 100000 0.47375
0.97875 127822 100000 0.47625
0.98125 127822 100000 0.47875
0.98375 127822 100000 0.48125
0.98625 127822 100000 0.48375
0.98875 127822 100000 0.48625
0.99125 127822 100000 0.48875
0.99375 127822 100000 0.49125
0.99625 127822 100000 0.49375
0.99875 127822 100000 0.49625
