0.025 0.025 0 0.00332012 -0.475
0.075 0.025 0 0.00353831 -0.441051
0.125 0.025 0 0.00374952 -0.393401
0.175 0.025 0 0.00384623 -0.344041
0.225 0.025 0 0.00388964 -0.294318
0.275 0.025 0 0.00390828 -0.24441
0.325 0.025 0 0.00391718 -0.194434
0.375 0.025 0 0.00392246 -0.144439
0.425 0.025 -3.30357e-06 0.00392302 -0.0944395
0.475 0.025 2.70592e-05 0.00398434 -0.0444396
0.525 0.025 0.00197976 0.000990884 0.00556041
0.575 0.025 0.00253302 5.99329e-18 0.0555604
0.625 0.025 0.00253305 0 0.10556
0.675 0.025 0.00253004 0 0.155561
0.725 0.025 0.00252299 0 0.205563
0.775 0.025 0.00250919 0 0.255571
0.825 0.025 0.00288443 0 0.305599
0.875 0.025 0.00280245 0 0.355678
0.925 0.025 0.00231779 0 0.405859
0.975 0.025 0.00209101 0 0.456216

0.025 0.075 0 0.00717288 -0.475
0.075 0.075 0 0.00764761 -0.441029
0.125 0.075 0 0.00804923 -0.393376
0.175 0.075 0 0.00821456 -0.344016
0.225 0.075 0 0.00826723 -0.294293
0.275 0.075 0 0.00827302 -0.244385
0.325 0.075 0 0.00826519 -0.194409
0.375 0.075 0 0.008256 -0.144414
0.425 0.075 -1.4014e-05 0.00825505 -0.0944146
0.475 0.075 0.000115701 0.00838303 -0.0444146
0.525 0.075 0.00961672 0.0041114 0.00558538
0.575 0.075 0.0111826 -1.49832e-18 0.0555854
0.625 0.075 0.0111824 0 0.105585
0.675 0.075 0.0111879 0 0.155586
0.725 0.075 0.0111969 0 0.205588
0.775 0.075 0.0111993 0 0.255596
0.825 0.075 0.0135564 0 0.305624
0.875 0.075 0.00711235 0 0.355704
0.925 0.075 0.0106527 0 0.405885
0.975 0.075 0.00975148 0 0.456243

0.025 0.125 0 0.00756918 -0.475
0.075 0.125 0 0.00798615 -0.441005
0.125 0.125 0 0.00839201 -0.393348
0.175 0.125 0 0.008572 -0.343988
0.225 0.125 0 0.00864881 -0.294265
0.275 0.125 0 0.00867853 -0.244358
0.325 0.125 0 0.00869061 -0.194382
0.375 0.125 0 0.00869687 -0.144386
0.425 0.125 9.02586e-05 0.00869755 -0.0943868
0.475 0.125 -5.45389e-05 0.00883168 -0.0443869
0.525 0.125 0.00576614 0.00287904 0.00561311
0.575 0.125 0.00715323 -1.20937e-16 0.0556131
0.625 0.125 0.00715323 0 0.105613
0.675 0.125 0.00714966 0 0.155613
0.725 0.125 0.00714031 0 0.205615
0.775 0.125 0.00711807 0 0.255624
0.825 0.125 0.0108724 0 0.305652
0.875 0.125 0.00708873 0 0.355732
0.925 0.125 0.00660685 0 0.405914
0.975 0.125 0.00281921 0 0.456273

0.025 0.175 0 0.00765827 -0.475
0.075 0.175 0 0.00824947 -0.440977
0.125 0.175 0 0.00881696 -0.393318
0.175 0.175 0 0.0090575 -0.343958
0.225 0.175 0 0.00915194 -0.294234
0.275 0.175 0 0.00918155 -0.244327
0.325 0.175 0 0.00918871 -0.194351
0.375 0.175 0 0.00918998 -0.144355
0.425 0.175 -7.73435e-06 0.00919014 -0.0943559
0.475 0.175 6.27926e-05 0.00933103 -0.0443559
0.525 0.175 0.00755684 0.00324128 0.00564408
0.575 0.175 0.00919015 0 0.0556441
0.625 0.175 0.00919009 0 0.105644
0.675 0.175 0.00918951 0 0.155644
0.725 0.175 0.0091858 0 0.205646
0.775 0.175 0.00916882 0 0.255655
0.825 0.175 0.00910817 0 0.305683
0.875 0.175 0.0124055 0 0.355763
0.925 0.175 0.00851654 0 0.405946
0.975 0.175 0.00438164 0 0.456305

0.025 0.225 0 0.00821905 -0.475
0.075 0.225 0 0.00881186 -0.440947
0.125 0.225 0 0.00937115 -0.393283
0.175 0.225 0 0.00961043 -0.343923
0.225 0.225 0 0.00970406 -0.2942
0.275 0.225 0 0.00973335 -0.244292
0.325 0.225 0 0.00974043 -0.194316
0.375 0.225 0 0.00974169 -0.14432
0.425 0.225 -0.000125637 0.00974184 -0.0943211
0.475 0.225 0.000196399 0.0098902 -0.0443211
0.525 0.225 0.00636859 0.00346663 0.00567887
0.575 0.225 0.00974185 1.16442e-16 0.0556789
0.625 0.225 0.00974179 0 0.105679
0.675 0.225 0.00974116 0 0.155679
0.725 0.225 0.00973712 0 0.205681
0.775 0.225 0.00971871 0 0.255689
0.825 0.225 0.009655 0 0.305718
0.875 0.225 0.00948093 0 0.355798
0.925 0.225 0.00909454 0 0.405981
0.975 0.225 0.00834911 0 0.456341

0.025 0.275 0 0.00723168 -0.475
0.075 0.275 0 0.00780909 -0.440914
0.125 0.275 0 0.00835394 -0.393244
0.175 0.275 0 0.00858928 -0.343884
0.225 0.275 0 0.00868148 -0.29416
0.275 0.275 0 0.00870995 -0.244253
0.325 0.275 0 0.00871659 -0.194277
0.375 0.275 0 0.00871768 -0.144281
0.425 0.275 -1.78167e-05 0.00871779 -0.0942817
0.475 0.275 7.3851e-05 0.00883981 -0.0442817
0.525 0.275 0.0105068 0.00359644 0.00571826
0.575 0.275 0.00962646 2.99665e-18 0.0557183
0.625 0.275 0.00962199 0 0.105718
0.675 0.275 0.00961915 0 0.155719
0.725 0.275 0.0096155 0 0.20572
0.775 0.275 0.00959993 0 0.255729
0.825 0.275 0.00953994 0 0.305758
0.875 0.275 0.00936616 0 0.355838
0.925 0.275 0.00896939 0 0.406021
0.975 0.275 0.00819544 0 0.45638

0.025 0.325 0 0.0101328 -0.475
0.075 0.325 0 0.0108803 -0.440875
0.125 0.325 0 0.0117347 -0.3932
0.175 0.325 0 0.0121038 -0.34384
0.225 0.325 0 0.0122517 -0.294115
0.275 0.325 0 0.0122989 -0.244208
0.325 0.325 0 0.0123105 -0.194232
0.375 0.325 0 0.0123127 -0.144236
0.425 0.325 -7.6282e-06 0.0123129 -0.0942367
0.475 0.325 2.01338e-05 0.0126459 -0.0442368
0.525 0.325 0.00660587 0.00373529 0.00576322
0.575 0.325 0.0103757 -1.49832e-18 0.0557632
0.625 0.325 0.010385 0 0.105763
0.675 0.325 0.0103889 0 0.155764
0.725 0.325 0.010383 0 0.205765
0.775 0.325 0.0103536 0 0.255774
0.825 0.325 0.0102643 0 0.305803
0.875 0.325 0.0100409 0 0.355883
0.925 0.325 0.00956979 0 0.406066
0.975 0.325 0.00868343 0 0.456424

0.025 0.375 0 0.00340202 -0.475
0.075 0.375 0 0.00357493 -0.440645
0.125 0.375 0 0.00390101 -0.392921
0.175 0.375 0 0.00405373 -0.343551
0.225 0.375 0 0.00412544 -0.293822
0.275 0.375 0 0.0041576 -0.243913
0.325 0.375 0 0.0041711 -0.193936
0.375 0.375 0 0.00413685 -0.143941
0.425 0.375 2.92852e-06 0.0040596 -0.0939415
0.475 0.375 -4.66354e-06 0.00644308 -0.0439416
0.525 0.375 0.00342761 -0.00429847 0.00605844
0.575 0.375 0.00545384 0.00757944 0.0560584
0.625 0.375 0.00544886 0 0.106058
0.675 0.375 0.00544612 0 0.156059
0.725 0.375 0.00544484 0 0.20606
0.775 0.375 0.00544002 0 0.256068
0.825 0.375 0.00541559 0 0.306095
0.875 0.375 0.00533494 0 0.356169
0.925 0.375 0.00513673 0 0.406338
0.975 0.375 0.00470174 0 0.456671

0.025 0.425 0 0.00508803 -0.475
0.075 0.425 0 0.00536793 -0.440341
0.125 0.425 0 0.00595009 -0.392551
0.175 0.425 0 0.00618674 -0.343167
0.225 0.425 0 0.00628011 -0.293433
0.275 0.425 0 0.00629902 -0.243521
0.325 0.425 0 0.00629781 -0.193544
0.375 0.425 0 0.00630229 -0.143548
0.425 0.425 1.11353e-05 0.00630237 -0.093549
0.475 0.425 -2.04607e-05 0.0106784 -0.0435491
0.525 0.425 0.00321725 -0.000175034 0.00645095
0.575 0.425 0.00618016 0 0.0564509
0.625 0.425 0.00618013 0 0.106451
0.675 0.425 0.00617978 0 0.156451
0.725 0.425 0.00617745 0 0.206453
0.775 0.425 0.00616651 0 0.256459
0.825 0.425 0.00612742 0 0.306483
0.875 0.425 0.00601725 0 0.356547
0.925 0.425 0.00576661 0 0.406696
0.975 0.425 0.00523645 0 0.456993

0.025 0.475 0 0.00545519 -0.475
0.075 0.475 0 0.0056972 -0.440012
0.125 0.475 0 0.0061646 -0.392147
0.175 0.475 0 0.00627544 -0.342748
0.225 0.475 0 0.00624179 -0.293007
0.275 0.475 0 0.00614972 -0.243093
0.325 0.475 0 0.0061028 -0.193115
0.375 0.475 0 0.00621459 -0.143119
0.425 0.475 8.88192e-06 0.00651134 -0.0931193
0.475 0.475 -1.75424e-05 0.00689302 -0.0431193
0.525 0.475 0.00379684 0.00795009 0.00688066
0.575 0.475 0.00672034 -0.00757944 0.0568807
0.625 0.475 0.00669864 0 0.106881
0.675 0.475 0.00667095 0 0.156881
0.725 0.475 0.0066335 0 0.206882
0.775 0.475 0.00657614 0 0.256887
0.825 0.475 0.00647346 0 0.306906
0.875 0.475 0.00627417 0 0.35696
0.925 0.475 0.00590219 0 0.407085
0.975 0.475 0.00521491 0 0.45734

0.025 0.525 0 0.00682992 -0.475
0.075 0.525 0 0.007461 -0.439651
0.125 0.525 0 0.00865384 -0.391703
0.175 0.525 0 0.0093234 -0.342286
0.225 0.525 0 0.00975195 -0.292536
0.275 0.525 0 0.0100551 -0.242619
0.325 0.525 0 0.0101855 -0.19264
0.375 0.525 0 0.0101098 -0.142644
0.425 0.525 8.51685e-06 0.00984368 -0.0926447
0.475 0.525 -1.79638e-05 0.00910054 -0.0426448
0.525 0.525 0.00423943 0.00670998 0.00735523
0.575 0.525 0.00806346 1.49832e-18 0.0573552
0.625 0.525 0.00810912 0 0.107355
0.675 0.525 0.00816613 0 0.157355
0.725 0.525 0.00823577 0 0.207356
0.775 0.525 0.00831249 0 0.25736
0.825 0.525 0.00837082 0 0.307374
0.875 0.525 0.00834679 0 0.357414
0.925 0.525 0.00813162 0 0.40751
0.975 0.525 0.00749838 0 0.457715

0.025 0.575 0 0.00496991 -0.475
0.075 0.575 0 0.00522376 -0.439253
0.125 0.575 0 0.00566233 -0.39121
0.175 0.575 0 0.00575557 -0.34177
0.225 0.575 0 0.00570608 -0.292011
0.275 0.575 0 0.00557277 -0.24209
0.325 0.575 0 0.00548829 -0.192111
0.375 0.575 0 0.00546141 -0.142115
0.425 0.575 8.17913e-06 0.00550816 -0.092115
0.475 0.575 -1.85995e-05 0.00585691 -0.0421151
0.525 0.575 0.00477992 0.0047049 0.00788495
0.575 0.575 0.00763911 -3.48184e-17 0.0578849
0.625 0.575 0.00764465 0 0.107885
0.675 0.575 0.00764289 0 0.157885
0.725 0.575 0.00762836 0 0.207885
0.775 0.575 0.00758648 0 0.257888
0.825 0.575 0.00748104 0 0.307895
0.875 0.575 0.00724033 0 0.357918
0.925 0.575 0.00676483 0 0.407979
0.975 0.575 0.00587299 0 0.458125

0.025 0.625 0 0.010134 -0.475
0.075 0.625 0 0.0110589 -0.438809
0.125 0.625 0 0.0125484 -0.390654
0.175 0.625 0 0.0132351 -0.341188
0.225 0.625 0 0.013567 -0.291417
0.275 0.625 0 0.013701 -0.241493
0.325 0.625 0 0.013816 -0.191512
0.375 0.625 0 0.0138814 -0.141515
0.425 0.625 7.86162e-06 0.0138819 -0.0915159
0.475 0.625 -1.95907e-05 0.0137228 -0.041516
0.525 0.625 0.00545043 0.00643978 0.00848405
0.575 0.625 0.0121542 3.93134e-17 0.058484
0.625 0.625 0.01209 0 0.108484
0.675 0.625 0.012026 0 0.158484
0.725 0.625 0.011959 0 0.208484
0.775 0.625 0.0118722 0 0.258484
0.825 0.625 0.011714 0 0.308483
0.875 0.625 0.0113741 0 0.358486
0.925 0.625 0.0106939 0 0.408503
0.975 0.625 0.00937474 0 0.458577

0.025 0.675 0 0.00641228 -0.475
0.075 0.675 0 0.00702321 -0.438305
0.125 0.675 0 0.00802892 -0.39002
0.175 0.675 0 0.00847015 -0.340521
0.225 0.675 0 0.00863416 -0.290735
0.275 0.675 0 0.00871932 -0.240805
0.325 0.675 0 0.00870058 -0.190823
0.375 0.675 0 0.00869074 -0.140826
0.425 0.675 7.55243e-06 0.00868199 -0.0908269
0.475 0.675 -2.12675e-05 0.00853188 -0.0408269
0.525 0.675 0.00629963 0.00512824 0.00917306
0.575 0.675 0.00946378 0.000533039 0.0591731
0.625 0.675 0.0094811 0 0.109173
0.675 0.675 0.00949352 0 0.159173
0.725 0.675 0.00949544 0 0.209172
0.775 0.675 0.00946783 0 0.259169
0.825 0.675 0.00935865 0 0.309159
0.875 0.675 0.00906191 0 0.359134
0.925 0.675 0.00843542 0 0.409097
0.975 0.675 0.00724966 0 0.459081

0.025 0.725 0 0.0120807 -0.475
0.075 0.725 0 0.0134061 -0.437723
0.125 0.725 0 0.0153283 -0.389279
0.175 0.725 0 0.0161383 -0.339738
0.225 0.725 0 0.0164212 -0.289933
0.275 0.725 0 0.0164617 -0.239997
0.325 0.725 0 0.0164243 -0.190013
0.375 0.725 0 0.0163821 -0.140016
0.425 0.725 7.22834e-06 0.0164026 -0.0900169
0.475 0.725 -2.44846e-05 0.0173314 -0.0400169
0.525 0.725 0.0074011 0.0081943 0.00998311
0.575 0.725 0.0167489 0 0.0599831
0.625 0.725 0.0167871 0 0.109983
0.675 0.725 0.0168312 0 0.159983
0.725 0.725 0.0168739 0 0.209981
0.775 0.725 0.0168816 0 0.259974
0.825 0.725 0.0167553 0 0.30995
0.875 0.725 0.0162886 0 0.359891
0.925 0.725 0.0152099 0 0.409783
0.975 0.725 0.013062 0 0.459655

0.025 0.775 0 0.00952087 -0.475
0.075 0.775 0 0.0106603 -0.437031
0.125 0.775 0 0.0122811 -0.388389
0.175 0.775 0 0.0129409 -0.338791
0.225 0.775 0 0.013157 -0.288962
0.275 0.775 0 0.0131739 -0.239018
0.325 0.775 0 0.0131174 -0.189032
0.375 0.775 0 0.0130086 -0.139035
0.425 0.775 7.91823e-06 0.0127193 -0.0890353
0.475 0.775 -3.49695e-05 0.0133482 -0.0390353
0.525 0.775 0.00888291 0.00583944 0.0109647
0.575 0.775 0.0140501 -0.000533039 0.0609647
0.625 0.775 0.0139646 0 0.110965
0.675 0.775 0.0138493 0 0.160964
0.725 0.775 0.0136913 0 0.210961
0.775 0.775 0.0134535 0 0.260949
0.825 0.775 0.013042 0 0.310907
0.875 0.775 0.0122838 0 0.360801
0.925 0.775 0.0109938 0 0.410599
0.975 0.775 0.00899714 0 0.460325

0.025 0.825 0 0.0164258 -0.475
0.075 0.825 0 0.0195662 -0.436171
0.125 0.825 0 0.0237558 -0.387271
0.175 0.825 0 0.0260104 -0.337596
0.225 0.825 0 0.0270263 -0.287734
0.275 0.825 0 0.0275262 -0.237779
0.325 0.825 0 0.0278486 -0.18779
0.375 0.825 0 0.0281843 -0.137792
0.425 0.825 9.24563e-05 0.0288438 -0.0877919
0.475 0.825 -0.000154564 0.0270321 -0.0377919
0.525 0.825 0.012792 0.00766695 0.0122081
0.575 0.825 0.0244529 3.7815e-17 0.0622081
0.625 0.825 0.0246013 0 0.112208
0.675 0.825 0.0248019 0 0.162207
0.725 0.825 0.0250429 0 0.212203
0.775 0.825 0.0252517 0 0.262183
0.825 0.825 0.0252056 0 0.312116
0.875 0.825 0.0244571 0 0.361944
0.925 0.825 0.0224838 0 0.411613
0.975 0.825 0.018808 0 0.461143

0.025 0.875 0 0.0179208 -0.475
0.075 0.875 0 0.0201609 -0.435014
0.125 0.875 0 0.0239844 -0.385757
0.175 0.875 0 0.0253365 -0.335973
0.225 0.875 0 0.0252055 -0.286063
0.275 0.875 0 0.0246494 -0.236092
0.325 0.875 0 0.0239465 -0.186099
0.375 0.875 0 0.0230963 -0.1361
0.425 0.875 9.04339e-05 0.0215589 -0.0861005
0.475 0.875 -5.66039e-05 0.02664 -0.0361005
0.525 0.875 0.0130565 0.0092989 0.0138995
0.575 0.875 0.0280294 -3.93134e-17 0.0638995
0.625 0.875 0.0270177 0 0.113899
0.675 0.875 0.0259316 0 0.163898
0.725 0.875 0.0246804 0 0.213891
0.775 0.875 0.0242128 0 0.26386
0.825 0.875 0.0235478 0 0.313757
0.875 0.875 0.0221361 0 0.363492
0.925 0.875 0.0196333 0 0.412977
0.975 0.875 0.0156541 0 0.462234

0.025 0.925 0 0.0341143 -0.475
0.075 0.925 0 0.0420612 -0.434145
0.125 0.925 0 0.0574859 -0.383962
0.175 0.925 0 0.0672164 -0.333659
0.225 0.925 0 0.0740986 -0.28352
0.275 0.925 0 0.0778706 -0.233476
0.325 0.925 0 0.0805468 -0.183466
0.375 0.925 0 0.0832654 -0.133465
0.425 0.925 0 0.0879635 -0.0834646
0.475 0.925 0.000114574 0.0745068 -0.0334646
0.525 0.925 0.0326016 0.00541594 0.0165354
0.575 0.925 0.0759135 -4.08117e-17 0.0665353
0.625 0.925 0.0795574 0 0.116535
0.675 0.925 0.0834024 0 0.166532
0.725 0.925 0.0876043 0 0.21651
0.775 0.925 0.0872347 0 0.266413
0.825 0.925 0.0837486 0 0.316095
0.875 0.925 0.0754375 0 0.365327
0.925 0.925 0.0621604 0 0.414001
0.975 0.925 0.0444765 0 0.462412

0.025 0.975 0 0.0270722 -0.475
0.075 0.975 0 0.0379845 -0.432269
0.125 0.975 0 0.0612113 -0.38002
0.175 0.975 0 0.0787009 -0.328293
0.225 0.975 0 0.0850553 -0.277468
0.275 0.975 0 0.0857501 -0.227201
0.325 0.975 0 0.0844469 -0.177141
0.375 0.975 0 0.082384 -0.127131
0.425 0.975 0 0.0784811 -0.07713
0.475 0.975 1.25584e-05 0.0907802 -0.02713
0.525 0.975 0.0249352 0.00307549 0.02287
0.575 0.975 0.0867778 -7.86267e-17 0.07287
0.625 0.975 0.0839124 0 0.122869
0.675 0.975 0.0807217 0 0.172858
0.725 0.975 0.0766083 0 0.222787
0.775 0.975 0.0741305 0 0.272476
0.825 0.975 0.0678878 0 0.321491
0.875 0.975 0.055215 0 0.369328
0.925 0.975 0.0391686 0 0.416185
0.975 0.975 0.0244192 0 0.463183

