0.0005 149996 125803 -0.5005
0.0015 149996 125803 -0.499546
0.0025 149996 125803 -0.498546
0.0035 149996 125803 -0.497546
0.0045 149996 125803 -0.496546
0.0055 149996 125803 -0.495546
0.0065 149996 125803 -0.494546
0.0075 149996 125803 -0.493546
0.0085 149996 125803 -0.492546
0.0095 149996 125803 -0.491546
0.0105 149996 125803 -0.490546
0.0115 149996 125803 -0.489546
0.0125 149996 125803 -0.488546
0.0135 149996 125803 -0.487546
0.0145 149996 125803 -0.486546
0.0155 149996 125803 -0.485546
0.0165 149996 125803 -0.484546
0.0175 149996 125803 -0.483546
0.0185 149996 125803 -0.482546
0.0195 149996 125803 -0.481546
0.0205 149996 125803 -0.480546
0.0215 149996 125803 -0.479546
0.0225 149996 125803 -0.478546
0.0235 149996 125803 -0.477546
0.0245 149996 125803 -0.476546
0.0255 149996 125803 -0.475546
0.0265 149996 125803 -0.474546
0.0275 149996 125803 -0.473546
0.0285 149996 125803 -0.472546
0.0295 149996 125803 -0.471546
0.0305 149996 125803 -0.470546
0.0315 149996 125803 -0.469546
0.0325 149996 125803 -0.468546
0.0335 149996 125803 -0.467546
0.0345 149996 125803 -0.466546
0.0355 149996 125803 -0.465546
0.0365 149996 125803 -0.464546
0.0375 149996 125803 -0.463546
0.0385 149995 125803 -0.462546
0.0395 149995 125803 -0.461546
0.0405 149995 125803 -0.460546
0.0415 149995 125803 -0.459546
0.0425 149995 125803 -0.458546
0.0435 149995 125803 -0.457546
0.0445 149995 125803 -0.456546
0.0455 149995 125803 -0.455546
0.0465 149995 125803 -0.454546
0.0475 149995 125803 -0.453546
0.0485 149995 125803 -0.452546
0.0495 149995 125803 -0.451546
0.0505 149995 125803 -0.450546
0.0515 149995 125803 -0.449546
0.0525 149995 125803 -0.448546
0.0535 149995 125803 -0.447546
0.0545 149995 125803 -0.446546
0.0555 149995 125803 -0.445546
0.0565 149995 125803 -0.444546
0.0575 149995 125803 -0.443546
0.0585 149995 125803 -0.442546
0.0595 149995 125803 -0.441546
0.0605 149995 125803 -0.440546
0.0615 149995 125803 -0.439546
0.0625 149995 125803 -0.438546
0.0635 149995 125803 -0.437546
0.0645 149995 125803 -0.436546
0.0655 149995 125803 -0.435546
0.0665 149995 125803 -0.434546
0.0675 149995 125803 -0.433546
0.0685 149996 125803 -0.432546
0.0695 149996 125803 -0.431546
0.0705 149996 125803 -0.430546
0.0715 149996 125803 -0.429546
0.0725 149996 125803 -0.428546
0.0735 149996 125803 -0.427546
0.0745 149996 125803 -0.426546
0.0755 149996 125803 -0.425546
0.0765 149996 125803 -0.424546
0.0775 149996 125803 -0.423546
0.0785 149996 125803 -0.422546
0.0795 149996 125803 -0.421546
0.0805 149996 125803 -0.420546
0.0815 149996 125803 -0.419546
0.0825 149996 125803 -0.418546
0.0835 149996 125803 -0.417546
0.0845 149996 125803 -0.416546
0.0855 149996 125803 -0.415546
0.0865 149996 125803 -0.414546
0.0875 149996 125803 -0.413546
0.0885 149996 125803 -0.412546
0.0895 149996 125803 -0.411546
0.0905 149996 125803 -0.410546
0.0915 149996 125803 -0.409546
0.0925 149996 125803 -0.408546
0.0935 149996 125803 -0.407546
0.0945 149996 125803 -0.406546
0.0955 149996 125803 -0.405546
0.0965 149996 125803 -0.404546
0.0975 149996 125803 -0.403546
0.0985 149996 125803 -0.402546
0.0995 149996 125803 -0.401546
0.1005 149996 125803 -0.400546
0.1015 149996 125803 -0.399546
0.1025 149996 125803 -0.398546
0.1035 149996 125803 -0.397546
0.1045 149996 125803 -0.396546
0.1055 149996 125803 -0.395546
0.1065 149996 125803 -0.394546
0.1075 149996 125803 -0.393546
0.1085 149996 125803 -0.392546
0.1095 149996 125803 -0.391546
0.1105 149996 125803 -0.390546
0.1115 149996 125803 -0.389546
0.1125 149996 125803 -0.388546
0.1135 149995 125803 -0.387546
0.1145 149995 125803 -0.386546
0.1155 149995 125803 -0.385546
0.1165 149995 125803 -0.384546
0.1175 149995 125803 -0.383546
0.1185 149995 125803 -0.382546
0.1195 149995 125803 -0.381546
0.1205 149995 125803 -0.380546
0.1215 149995 125803 -0.379546
0.1225 149995 125803 -0.378546
0.1235 149995 125803 -0.377546
0.1245 149995 125803 -0.376546
0.1255 149995 125803 -0.375546
0.1265 149995 125803 -0.374546
0.1275 149995 125803 -0.373546
0.1285 149995 125803 -0.372546
0.1295 149995 125803 -0.371546
0.1305 149995 125803 -0.370546
0.1315 149995 125803 -0.369546
0.1325 149995 125803 -0.368546
0.1335 149995 125803 -0.367546
0.1345 149995 125803 -0.366546
0.1355 149995 125803 -0.365546
0.1365 149995 125803 -0.364546
0.1375 149995 125803 -0.363546
0.1385 149995 125803 -0.362546
0.1395 149995 125803 -0.361546
0.1405 149996 125803 -0.360546
0.1415 149996 125803 -0.359546
0.1425 149996 125803 -0.358546
0.1435 149996 125803 -0.357546
0.1445 149996 125803 -0.356546
0.1455 149996 125803 -0.355546
0.1465 149996 125803 -0.354546
0.1475 149996 125803 -0.353546
0.1485 149996 125803 -0.352546
0.1495 149996 125803 -0.351546
0.1505 149996 125803 -0.350546
0.1515 149996 125803 -0.349546
0.1525 149996 125803 -0.348546
0.1535 149996 125803 -0.347546
0.1545 149996 125803 -0.346546
0.1555 149996 125803 -0.345546
0.1565 149996 125803 -0.344546
0.1575 149996 125803 -0.343546
0.1585 149996 125803 -0.342546
0.1595 149996 125803 -0.341546
0.1605 149996 125803 -0.340546
0.1615 149996 125803 -0.339546
0.1625 149996 125803 -0.338546
0.1635 149996 125803 -0.337546
0.1645 149996 125803 -0.336546
0.1655 149996 125803 -0.335546
0.1665 149996 125803 -0.334546
0.1675 149996 125803 -0.333546
0.1685 149996 125803 -0.332546
0.1695 149996 125803 -0.331546
0.1705 149996 125803 -0.330546
0.1715 149996 125803 -0.329546
0.1725 149996 125803 -0.328546
0.1735 149996 125803 -0.327546
0.1745 149996 125803 -0.326546
0.1755 149996 125803 -0.325546
0.1765 149996 125803 -0.324546
0.1775 149996 125803 -0.323546
0.1785 149996 125803 -0.322546
0.1795 149996 125803 -0.321546
0.1805 149996 125803 -0.320546
0.1815 149996 125803 -0.319546
0.1825 149996 125803 -0.318546
0.1835 149996 125803 -0.317546
0.1845 149996 125803 -0.316546
0.1855 149996 125803 -0.315546
0.1865 149996 125803 -0.314546
0.1875 149995 125803 -0.313546
0.1885 149995 125803 -0.312546
0.1895 149995 125803 -0.311546
0.1905 149995 125803 -0.310546
0.1915 149995 125803 -0.309546
0.1925 149995 125803 -0.308546
0.1935 149995 125803 -0.307546
0.1945 149995 125803 -0.306546
0.1955 149995 125803 -0.305546
0.1965 149995 125803 -0.304546
0.1975 149995 125803 -0.303546
0.1985 149995 125803 -0.302546
0.1995 149995 125803 -0.301546
0.2005 149995 125803 -0.300546
0.2015 149995 125803 -0.299546
0.2025 149995 125803 -0.298546
0.2035 149995 125803 -0.297546
0.2045 149995 125803 -0.296546
0.2055 149995 125803 -0.295546
0.2065 149995 125803 -0.294546
0.2075 149995 125803 -0.293546
0.2085 149995 125803 -0.292546
0.2095 149995 125803 -0.291546
0.2105 149995 125803 -0.290546
0.2115 149995 125803 -0.289546
0.2125 149995 125803 -0.288546
0.2135 149996 125803 -0.287546
0.2145 149996 125803 -0.286546
0.2155 149996 125803 -0.285546
0.2165 149996 125803 -0.284546
0.2175 149996 125803 -0.283546
0.2185 149996 125803 -0.282546
0.2195 149996 125803 -0.281546
0.2205 149996 125803 -0.280546
0.2215 149996 125803 -0.279546
0.2225 149996 125803 -0.278546
0.2235 149996 125803 -0.277546
0.2245 149996 125803 -0.276546
0.2255 149996 125803 -0.275546
0.2265 149996 125803 -0.274546
0.2275 149996 125803 -0.273546
0.2285 149996 125803 -0.272546
0.2295 149996 125803 -0.271546
0.2305 149996 125803 -0.270546
0.2315 149996 125803 -0.269546
0.2325 149996 125803 -0.268546
0.2335 149996 125803 -0.267546
0.2345 149996 125803 -0.266546
0.2355 149996 125803 -0.265546
0.2365 149996 125803 -0.264546
0.2375 149996 125803 -0.263546
0.2385 149996 125803 -0.262546
0.2395 149996 125803 -0.261546
0.2405 149996 125803 -0.260546
0.2415 149996 125803 -0.259546
0.2425 149996 125803 -0.258546
0.2435 149996 125803 -0.257546
0.2445 149996 125803 -0.256546
0.2455 149996 125803 -0.255546
0.2465 149996 125803 -0.254546
0.2475 149996 125803 -0.253546
0.2485 149996 125803 -0.252546
0.2495 149996 125803 -0.251546
0.2505 149996 125803 -0.250546
0.2515 149996 125803 -0.249546
0.2525 149996 125803 -0.248546
0.2535 149996 125803 -0.247546
0.2545 149996 125803 -0.246546
0.2555 149996 125803 -0.245546
0.2565 149996 125803 -0.244546
0.2575 149996 125803 -0.243546
0.2585 149996 125803 -0.242546
0.2595 149996 125803 -0.241546
0.2605 149996 125803 -0.240546
0.2615 149995 125803 -0.239546
0.2625 149995 125803 -0.238546
0.2635 149995 125803 -0.237546
0.2645 149995 125803 -0.236546
0.2655 149995 125803 -0.235546
0.2665 149995 125803 -0.234546
0.2675 149995 125803 -0.233546
0.2685 149995 125803 -0.232546
0.2695 149995 125803 -0.231546
0.2705 149995 125803 -0.230546
0.2715 149995 125803 -0.229546
0.2725 149995 125803 -0.228546
0.2735 149995 125803 -0.227546
0.2745 149995 125803 -0.226546
0.2755 149995 125803 -0.225546
0.2765 149995 125803 -0.224546
0.2775 149995 125803 -0.223546
0.2785 149995 125803 -0.222546
0.2795 149995 125803 -0.221546
0.2805 149995 125803 -0.220546
0.2815 149995 125803 -0.219546
0.2825 149995 125803 -0.218546
0.2835 149995 125803 -0.217546
0.2845 149995 125803 -0.216546
0.2855 149995 125803 -0.215546
0.2865 149996 125803 -0.214546
0.2875 149996 125803 -0.213546
0.2885 149996 125803 -0.212546
0.2895 149996 125803 -0.211546
0.2905 149996 125803 -0.210546
0.2915 149996 125803 -0.209546
0.2925 149996 125803 -0.208546
0.2935 149996 125803 -0.207546
0.2945 149996 125803 -0.206546
0.2955 149996 125803 -0.205546
0.2965 149996 125803 -0.204546
0.2975 149996 125803 -0.203546
0.2985 149996 125803 -0.202546
0.2995 149996 125803 -0.201546
0.3005 149996 125803 -0.200546
0.3015 149996 125803 -0.199546
0.3025 149996 125803 -0.198546
0.3035 149996 125803 -0.197546
0.3045 149996 125803 -0.196546
0.3055 149996 125803 -0.195546
0.3065 149996 125803 -0.194546
0.3075 149996 125803 -0.193546
0.3085 149996 125803 -0.192546
0.3095 149996 125803 -0.191546
0.3105 149996 125803 -0.190546
0.3115 149996 125803 -0.189546
0.3125 149996 125803 -0.188546
0.3135 149996 125803 -0.187546
0.3145 149996 125803 -0.186546
0.3155 149996 125803 -0.185546
0.3165 149996 125803 -0.184546
0.3175 149996 125803 -0.183546
0.3185 149996 125803 -0.182546
0.3195 149996 125803 -0.181546
0.3205 149996 125803 -0.180546
0.3215 149996 125803 -0.179546
0.3225 149996 125803 -0.178546
0.3235 149996 125803 -0.177546
0.3245 149996 125803 -0.176546
0.3255 149996 125803 -0.175546
0.3265 149996 125803 -0.174546
0.3275 149996 125803 -0.173546
0.3285 149996 125803 -0.172546
0.3295 149996 125803 -0.171546
0.3305 149996 125803 -0.170546
0.3315 149996 125803 -0.169546
0.3325 149996 125803 -0.168546
0.3335 149996 125803 -0.167546
0.3345 149996 125803 -0.166546
0.3355 149996 125803 -0.165546
0.3365 149995 125803 -0.164546
0.3375 149995 125803 -0.163546
0.3385 149995 125803 -0.162546
0.3395 149995 125803 -0.161546
0.3405 149995 125803 -0.160546
0.3415 149995 125803 -0.159546
0.3425 149995 125803 -0.158546
0.3435 149995 125803 -0.157546
0.3445 149995 125803 -0.156546
0.3455 149995 125803 -0.155546
0.3465 149995 125803 -0.154546
0.3475 149995 125803 -0.153546
0.3485 149995 125803 -0.152546
0.3495 149995 125803 -0.151546
0.3505 149995 125803 -0.150546
0.3515 149995 125803 -0.149546
0.3525 149995 125803 -0.148546
0.3535 149995 125803 -0.147546
0.3545 149995 125803 -0.146546
0.3555 149995 125803 -0.145546
0.3565 149995 125803 -0.144546
0.3575 149995 125803 -0.143546
0.3585 149996 125803 -0.142546
0.3595 149996 125803 -0.141546
0.3605 149996 125803 -0.140546
0.3615 149996 125803 -0.139546
0.3625 149996 125803 -0.138546
0.3635 149996 125803 -0.137546
0.3645 149996 125803 -0.136546
0.3655 149996 125803 -0.135546
0.3665 149996 125803 -0.134546
0.3675 149996 125803 -0.133546
0.3685 149996 125803 -0.132546
0.3695 149996 125803 -0.131546
0.3705 149996 125803 -0.130546
0.3715 149996 125803 -0.129546
0.3725 149996 125803 -0.128546
0.3735 149996 125803 -0.127546
0.3745 149996 125803 -0.126546
0.3755 149996 125803 -0.125546
0.3765 149996 125803 -0.124546
0.3775 149996 125803 -0.123546
0.3785 149996 125803 -0.122546
0.3795 149996 125803 -0.121546
0.3805 149996 125803 -0.120546
0.3815 149996 125803 -0.119546
0.3825 149996 125803 -0.118546
0.3835 149996 125803 -0.117546
0.3845 149996 125803 -0.116546
0.3855 149996 125803 -0.115546
0.3865 149996 125803 -0.114546
0.3875 149996 125803 -0.113546
0.3885 149996 125803 -0.112546
0.3895 149996 125803 -0.111546
0.3905 149996 125803 -0.110546
0.3915 149996 125803 -0.109546
0.3925 149996 125803 -0.108546
0.3935 149996 125803 -0.107546
0.3945 149996 125803 -0.106546
0.3955 149995 125803 -0.105546
0.3965 149995 125803 -0.104546
0.3975 149995 125803 -0.103546
0.3985 149995 125803 -0.102546
0.3995 149995 125803 -0.101546
0.4005 149995 125803 -0.100546
0.4015 149995 125803 -0.0995465
0.4025 149995 125803 -0.0985465
0.4035 149995 125803 -0.0975465
0.4045 149995 125803 -0.0965465
0.4055 149995 125803 -0.0955465
0.4065 149995 125803 -0.0945465
0.4075 149995 125803 -0.0935465
0.4085 149995 125803 -0.0925465
0.4095 149994 125803 -0.0915465
0.4105 149994 125803 -0.0905465
0.4115 149994 125803 -0.0895465
0.4125 149994 125803 -0.0885465
0.4135 149994 125803 -0.0875465
0.4145 149993 125803 -0.0865465
0.4155 149993 125803 -0.0855465
0.4165 149992 125803 -0.0845465
0.4175 149992 125803 -0.0835465
0.4185 149991 125803 -0.0825465
0.4195 149990 125803 -0.0815465
0.4205 149990 125803 -0.0805465
0.4215 149989 125803 -0.0795465
0.4225 149988 125803 -0.0785465
0.4235 149986 125803 -0.0775465
0.4245 149985 125803 -0.0765465
0.4255 149984 125803 -0.0755465
0.4265 149982 125803 -0.0745465
0.4275 149981 125803 -0.0735465
0.4285 149979 125803 -0.0725465
0.4295 149977 125803 -0.0715465
0.4305 149975 125803 -0.0705465
0.4315 149973 125803 -0.0695465
0.4325 149970 125803 -0.0685465
0.4335 149967 125803 -0.0675465
0.4345 149963 125803 -0.0665465
0.4355 149959 125803 -0.0655465
0.4365 149954 125803 -0.0645465
0.4375 149949 125803 -0.0635465
0.4385 149943 125803 -0.0625465
0.4395 149936 125803 -0.0615465
0.4405 149928 125803 -0.0605465
0.4415 149919 125803 -0.0595465
0.4425 149909 125803 -0.0585465
0.4435 149899 125803 -0.0575465
0.4445 149887 125803 -0.0565465
0.4455 149874 125803 -0.0555466
0.4465 149859 125803 -0.0545466
0.4475 149843 125803 -0.0535466
0.4485 149825 125803 -0.0525466
0.4495 149805 125803 -0.0515466
0.4505 149783 125803 -0.0505466
0.4515 149758 125803 -0.0495466
0.4525 149731 125803 -0.0485467
0.4535 149702 125803 -0.0475467
0.4545 149669 125803 -0.0465467
0.4555 149632 125803 -0.0455467
0.4565 149593 125803 -0.0445468
0.4575 149549 125803 -0.0435468
0.4585 149500 125803 -0.0425468
0.4595 149447 125803 -0.0415469
0.4605 149388 125803 -0.0405469
0.4615 149324 125803 -0.039547
0.4625 149254 125803 -0.038547
0.4635 149176 125803 -0.0375471
0.4645 149091 125803 -0.0365472
0.4655 148997 125803 -0.0355472
0.4665 148895 125803 -0.0345473
0.4675 148782 125803 -0.0335474
0.4685 148658 125803 -0.0325475
0.4695 148524 125803 -0.0315476
0.4705 148378 125803 -0.0305477
0.4715 148221 125803 -0.0295479
0.4725 148044 125803 -0.028548
0.4735 147868 125803 -0.0275481
0.4745 147672 125803 -0.0265483
0.4755 147472 125803 -0.0255484
0.4765 147249 125803 -0.0245486
0.4775 146966 125803 -0.0235488
0.4785 146638 125803 -0.0225491
0.4795 146282 125803 -0.0215494
0.4805 145902 125803 -0.0205497
0.4815 145494 125803 -0.01955
0.4825 145053 125803 -0.0185504
0.4835 144568 125803 -0.0175508
0.4845 144031 125803 -0.0165512
0.4855 143441 125803 -0.0155516
0.4865 142796 125803 -0.0145521
0.4875 142096 125803 -0.0135527
0.4885 141342 125803 -0.0125532
0.4895 140536 125803 -0.0115538
0.4905 139685 125803 -0.0105543
0.4915 138795 125803 -0.00955482
0.4925 137877 125803 -0.00855524
0.4935 136946 125803 -0.00755552
0.4945 136001 125803 -0.0065556
0.4955 135022 125803 -0.00555539
0.4965 133945 125803 -0.00455485
0.4975 132666 125803 -0.00355394
0.4985 130961 126261 -0.00255256
0.4995 128924 126629 -0.00155038
0.5005 127002 125994 -7.84988e-05
0.5015 125989 123852 0.0013289
0.5025 125803 120462 0.00149544
0.5035 125803 117223 0.00246237
0.5045 125803 113988 0.00346903
0.5055 125803 110557 0.00447691
0.5065 125803 107095 0.00548511
0.5075 125803 104130 0.00649179
0.5085 125803 102148 0.00749587
0.5095 125803 101075 0.00849797
0.5105 125803 100527 0.009499
0.5115 125803 100253 0.0104995
0.5125 125803 100122 0.0114998
0.5135 125803 100059 0.0124999
0.5145 125803 100028 0.0134999
0.5155 125803 100014 0.0145
0.5165 125803 100006 0.0155
0.5175 125803 100003 0.0165
0.5185 125803 100001 0.0175
0.5195 125803 100001 0.0185
0.5205 125803 100000 0.0195
0.5215 125803 100000 0.0205
0.5225 125803 100000 0.0215
0.5235 125803 100000 0.0225
0.5245 125803 100000 0.0235
0.5255 125803 100000 0.0245
0.5265 125803 100000 0.0255
0.5275 125803 100000 0.0265
0.5285 125803 100000 0.0275
0.5295 125803 100000 0.0285
0.5305 125803 100000 0.0295
0.5315 125803 100000 0.0305
0.5325 125803 100000 0.0315
0.5335 125803 100000 0.0325
0.5345 125803 100000 0.0335
0.5355 125803 100000 0.0345
0.5365 125803 100000 0.0355
0.5375 125803 100000 0.0365
0.5385 125803 100000 0.0375
0.5395 125803 100000 0.0385
0.5405 125803 100000 0.0395
0.5415 125803 100000 0.0405
0.5425 125803 100000 0.0415
0.5435 125803 100000 0.0425
0.5445 125803 100000 0.0435
0.5455 125803 100000 0.0445
0.5465 125803 100000 0.0455
0.5475 125803 100000 0.0465
0.5485 125803 100000 0.0475
0.5495 125803 100000 0.0485
0.5505 125803 100000 0.0495
0.5515 125803 100000 0.0505
0.5525 125803 100000 0.0515
0.5535 125803 100000 0.0525
0.5545 125803 100000 0.0535
0.5555 125803 100000 0.0545
0.5565 125803 100000 0.0555
0.5575 125803 100000 0.0565
0.5585 125803 100000 0.0575
0.5595 125803 100000 0.0585
0.5605 125803 100000 0.0595
0.5615 125803 100000 0.0605
0.5625 125803 100000 0.0615
0.5635 125803 100000 0.0625
0.5645 125803 100000 0.0635
0.5655 125803 100000 0.0645
0.5665 125803 100000 0.0655
0.5675 125803 100000 0.0665
0.5685 125803 100000 0.0675
0.5695 125803 100000 0.0685
0.5705 125803 100000 0.0695
0.5715 125803 100000 0.0705
0.5725 125803 100000 0.0715
0.5735 125803 100000 0.0725
0.5745 125803 100000 0.0735
0.5755 125803 100000 0.0745
0.5765 125803 100000 0.0755
0.5775 125803 100000 0.0765
0.5785 125803 100000 0.0775
0.5795 125803 100000 0.0785
0.5805 125803 100000 0.0795
0.5815 125803 100000 0.0805
0.5825 125803 100000 0.0815
0.5835 125803 100000 0.0825
0.5845 125803 100000 0.0835
0.5855 125803 100000 0.0845
0.5865 125803 100000 0.0855
0.5875 125803 100000 0.0865
0.5885 125803 100000 0.0875
0.5895 125803 100000 0.0885
0.5905 125803 100000 0.0895
0.5915 125803 100000 0.0905
0.5925 125803 100000 0.0915
0.5935 125803 100000 0.0925
0.5945 125803 100000 0.0935
0.5955 125803 100000 0.0945
0.5965 125803 100000 0.0955
0.5975 125803 100000 0.0965
0.5985 125803 100000 0.0975
0.5995 125803 100000 0.0985
0.6005 125803 100000 0.0995
0.6015 125803 100000 0.1005
0.6025 125803 100000 0.1015
0.6035 125803 100000 0.1025
0.6045 125803 100000 0.1035
0.6055 125803 100000 0.1045
0.6065 125803 100000 0.1055
0.6075 125803 100000 0.1065
0.6085 125803 100000 0.1075
0.6095 125803 100000 0.1085
0.6105 125803 100000 0.1095
0.6115 125803 100000 0.1105
0.6125 125803 100000 0.1115
0.6135 125803 100000 0.1125
0.6145 125803 100000 0.1135
0.6155 125803 100000 0.1145
0.6165 125803 100000 0.1155
0.6175 125803 100000 0.1165
0.6185 125803 100000 0.1175
0.6195 125803 100000 0.1185
0.6205 125803 100000 0.1195
0.6215 125803 100000 0.1205
0.6225 125803 100000 0.1215
0.6235 125803 100000 0.1225
0.6245 125803 100000 0.1235
0.6255 125803 100000 0.1245
0.6265 125803 100000 0.1255
0.6275 125803 100000 0.1265
0.6285 125803 100000 0.1275
0.6295 125803 100000 0.1285
0.6305 125803 100000 0.1295
0.6315 125803 100000 0.1305
0.6325 125803 100000 0.1315
0.6335 125803 100000 0.1325
0.6345 125803 100000 0.1335
0.6355 125803 100000 0.1345
0.6365 125803 100000 0.1355
0.6375 125803 100000 0.1365
0.6385 125803 100000 0.1375
0.6395 125803 100000 0.1385
0.6405 125803 100000 0.1395
0.6415 125803 100000 0.1405
0.6425 125803 100000 0.1415
0.6435 125803 100000 0.1425
0.6445 125803 100000 0.1435
0.6455 125803 100000 0.1445
0.6465 125803 100000 0.1455
0.6475 125803 100000 0.1465
0.6485 125803 100000 0.1475
0.6495 125803 100000 0.1485
0.6505 125803 100000 0.1495
0.6515 125803 100000 0.1505
0.6525 125803 100000 0.1515
0.6535 125803 100000 0.1525
0.6545 125803 100000 0.1535
0.6555 125803 100000 0.1545
0.6565 125803 100000 0.1555
0.6575 125803 100000 0.1565
0.6585 125803 100000 0.1575
0.6595 125803 100000 0.1585
0.6605 125803 100000 0.1595
0.6615 125803 100000 0.1605
0.6625 125803 100000 0.1615
0.6635 125803 100000 0.1625
0.6645 125803 100000 0.1635
0.6655 125803 100000 0.1645
0.6665 125803 100000 0.1655
0.6675 125803 100000 0.1665
0.6685 125803 100000 0.1675
0.6695 125803 100000 0.1685
0.6705 125803 100000 0.1695
0.6715 125803 100000 0.1705
0.6725 125803 100000 0.1715
0.6735 125803 100000 0.1725
0.6745 125803 100000 0.1735
0.6755 125803 100000 0.1745
0.6765 125803 100000 0.1755
0.6775 125803 100000 0.1765
0.6785 125803 100000 0.1775
0.6795 125803 100000 0.1785
0.6805 125803 100000 0.1795
0.6815 125803 100000 0.1805
0.6825 125803 100000 0.1815
0.6835 125803 100000 0.1825
0.6845 125803 100000 0.1835
0.6855 125803 100000 0.1845
0.6865 125803 100000 0.1855
0.6875 125803 100000 0.1865
0.6885 125803 100000 0.1875
0.6895 125803 100000 0.1885
0.6905 125803 100000 0.1895
0.6915 125803 100000 0.1905
0.6925 125803 100000 0.1915
0.6935 125803 100000 0.1925
0.6945 125803 100000 0.1935
0.6955 125803 100000 0.1945
0.6965 125803 100000 0.1955
0.6975 125803 100000 0.1965
0.6985 125803 100000 0.1975
0.6995 125803 100000 0.1985
0.7005 125803 100000 0.1995
0.7015 125803 100000 0.2005
0.7025 125803 100000 0.2015
0.7035 125803 100000 0.2025
0.7045 125803 100000 0.2035
0.7055 125803 100000 0.2045
0.7065 125803 100000 0.2055
0.7075 125803 100000 0.2065
0.7085 125803 100000 0.2075
0.7095 125803 100000 0.2085
0.7105 125803 100000 0.2095
0.7115 125803 100000 0.2105
0.7125 125803 100000 0.2115
0.7135 125803 100000 0.2125
0.7145 125803 100000 0.2135
0.7155 125803 100000 0.2145
0.7165 125803 100000 0.2155
0.7175 125803 100000 0.2165
0.7185 125803 100000 0.2175
0.7195 125803 100000 0.2185
0.7205 125803 100000 0.2195
0.7215 125803 100000 0.2205
0.7225 125803 100000 0.2215
0.7235 125803 100000 0.2225
0.7245 125803 100000 0.2235
0.7255 125803 100000 0.2245
0.7265 125803 100000 0.2255
0.7275 125803 100000 0.2265
0.7285 125803 100000 0.2275
0.7295 125803 100000 0.2285
0.7305 125803 100000 0.2295
0.7315 125803 100000 0.2305
0.7325 125803 100000 0.2315
0.7335 125803 100000 0.2325
0.7345 125803 100000 0.2335
0.7355 125803 100000 0.2345
0.7365 125803 100000 0.2355
0.7375 125803 100000 0.2365
0.7385 125803 100000 0.2375
0.7395 125803 100000 0.2385
0.7405 125803 100000 0.2395
0.7415 125803 100000 0.2405
0.7425 125803 100000 0.2415
0.7435 125803 100000 0.2425
0.7445 125803 100000 0.2435
0.7455 125803 100000 0.2445
0.7465 125803 100000 0.2455
0.7475 125803 100000 0.2465
0.7485 125803 100000 0.2475
0.7495 125803 100000 0.2485
0.7505 125803 100000 0.2495
0.7515 125803 100000 0.2505
0.7525 125803 100000 0.2515
0.7535 125803 100000 0.2525
0.7545 125803 100000 0.2535
0.7555 125803 100000 0.2545
0.7565 125803 100000 0.2555
0.7575 125803 100000 0.2565
0.7585 125803 100000 0.2575
0.7595 125803 100000 0.2585
0.7605 125803 100000 0.2595
0.7615 125803 100000 0.2605
0.7625 125803 100000 0.2615
0.7635 125803 100000 0.2625
0.7645 125803 100000 0.2635
0.7655 125803 100000 0.2645
0.7665 125803 100000 0.2655
0.7675 125803 100000 0.2665
0.7685 125803 100000 0.2675
0.7695 125803 100000 0.2685
0.7705 125803 100000 0.2695
0.7715 125803 100000 0.2705
0.7725 125803 100000 0.2715
0.7735 125803 100000 0.2725
0.7745 125803 100000 0.2735
0.7755 125803 100000 0.2745
0.7765 125803 100000 0.2755
0.7775 125803 100000 0.2765
0.7785 125803 100000 0.2775
0.7795 125803 100000 0.2785
0.7805 125803 100000 0.2795
0.7815 125803 100000 0.2805
0.7825 125803 100000 0.2815
0.7835 125803 100000 0.2825
0.7845 125803 100000 0.2835
0.7855 125803 100000 0.2845
0.7865 125803 100000 0.2855
0.7875 125803 100000 0.2865
0.7885 125803 100000 0.2875
0.7895 125803 100000 0.2885
0.7905 125803 100000 0.2895
0.7915 125803 100000 0.2905
0.7925 125803 100000 0.2915
0.7935 125803 100000 0.2925
0.7945 125803 100000 0.2935
0.7955 125803 100000 0.2945
0.7965 125803 100000 0.2955
0.7975 125803 100000 0.2965
0.7985 125803 100000 0.2975
0.7995 125803 100000 0.2985
0.8005 125803 100000 0.2995
0.8015 125803 100000 0.3005
0.8025 125803 100000 0.3015
0.8035 125803 100000 0.3025
0.8045 125803 100000 0.3035
0.8055 125803 100000 0.3045
0.8065 125803 100000 0.3055
0.8075 125803 100000 0.3065
0.8085 125803 100000 0.3075
0.8095 125803 100000 0.3085
0.8105 125803 100000 0.3095
0.8115 125803 100000 0.3105
0.8125 125803 100000 0.3115
0.8135 125803 100000 0.3125
0.8145 125803 100000 0.3135
0.8155 125803 100000 0.3145
0.8165 125803 100000 0.3155
0.8175 125803 100000 0.3165
0.8185 125803 100000 0.3175
0.8195 125803 100000 0.3185
0.8205 125803 100000 0.3195
0.8215 125803 100000 0.3205
0.8225 125803 100000 0.3215
0.8235 125803 100000 0.3225
0.8245 125803 100000 0.3235
0.8255 125803 100000 0.3245
0.8265 125803 100000 0.3255
0.8275 125803 100000 0.3265
0.8285 125803 100000 0.3275
0.8295 125803 100000 0.3285
0.8305 125803 100000 0.3295
0.8315 125803 100000 0.3305
0.8325 125803 100000 0.3315
0.8335 125803 100000 0.3325
0.8345 125803 100000 0.3335
0.8355 125803 100000 0.3345
0.8365 125803 100000 0.3355
0.8375 125803 100000 0.3365
0.8385 125803 100000 0.3375
0.8395 125803 100000 0.3385
0.8405 125803 100000 0.3395
0.8415 125803 100000 0.3405
0.8425 125803 100000 0.3415
0.8435 125803 100000 0.3425
0.8445 125803 100000 0.3435
0.8455 125803 100000 0.3445
0.8465 125803 100000 0.3455
0.8475 125803 100000 0.3465
0.8485 125803 100000 0.3475
0.8495 125803 100000 0.3485
0.8505 125803 100000 0.3495
0.8515 125803 100000 0.3505
0.8525 125803 100000 0.3515
0.8535 125803 100000 0.3525
0.8545 125803 100000 0.3535
0.8555 125803 100000 0.3545
0.8565 125803 100000 0.3555
0.8575 125803 100000 0.3565
0.8585 125803 100000 0.3575
0.8595 125803 100000 0.3585
0.8605 125803 100000 0.3595
0.8615 125803 100000 0.3605
0.8625 125803 100000 0.3615
0.8635 125803 100000 0.3625
0.8645 125803 100000 0.3635
0.8655 125803 100000 0.3645
0.8665 125803 100000 0.3655
0.8675 125803 100000 0.3665
0.8685 125803 100000 0.3675
0.8695 125803 100000 0.3685
0.8705 125803 100000 0.3695
0.8715 125803 100000 0.3705
0.8725 125803 100000 0.3715
0.8735 125803 100000 0.3725
0.8745 125803 100000 0.3735
0.8755 125803 100000 0.3745
0.8765 125803 100000 0.3755
0.8775 125803 100000 0.3765
0.8785 125803 100000 0.3775
0.8795 125803 100000 0.3785
0.8805 125803 100000 0.3795
0.8815 125803 100000 0.3805
0.8825 125803 100000 0.3815
0.8835 125803 100000 0.3825
0.8845 125803 100000 0.3835
0.8855 125803 100000 0.3845
0.8865 125803 100000 0.3855
0.8875 125803 100000 0.3865
0.8885 125803 100000 0.3875
0.8895 125803 100000 0.3885
0.8905 125803 100000 0.3895
0.8915 125803 100000 0.3905
0.8925 125803 100000 0.3915
0.8935 125803 100000 0.3925
0.8945 125803 100000 0.3935
0.8955 125803 100000 0.3945
0.8965 125803 100000 0.3955
0.8975 125803 100000 0.3965
0.8985 125803 100000 0.3975
0.8995 125803 100000 0.3985
0.9005 125803 100000 0.3995
0.9015 125803 100000 0.4005
0.9025 125803 100000 0.4015
0.9035 125803 100000 0.4025
0.9045 125803 100000 0.4035
0.9055 125803 100000 0.4045
0.9065 125803 100000 0.4055
0.9075 125803 100000 0.4065
0.9085 125803 100000 0.4075
0.9095 125803 100000 0.4085
0.9105 125803 100000 0.4095
0.9115 125803 100000 0.4105
0.9125 125803 100000 0.4115
0.9135 125803 100000 0.4125
0.9145 125803 100000 0.4135
0.9155 125803 100000 0.4145
0.9165 125803 100000 0.4155
0.9175 125803 100000 0.4165
0.9185 125803 100000 0.4175
0.9195 125803 100000 0.4185
0.9205 125803 100000 0.4195
0.9215 125803 100000 0.4205
0.9225 125803 100000 0.4215
0.9235 125803 100000 0.4225
0.9245 125803 100000 0.4235
0.9255 125803 100000 0.4245
0.9265 125803 100000 0.4255
0.9275 125803 100000 0.4265
0.9285 125803 100000 0.4275
0.9295 125803 100000 0.4285
0.9305 125803 100000 0.4295
0.9315 125803 100000 0.4305
0.9325 125803 100000 0.4315
0.9335 125803 100000 0.4325
0.9345 125803 100000 0.4335
0.9355 125803 100000 0.4345
0.9365 125803 100000 0.4355
0.9375 125803 100000 0.4365
0.9385 125803 100000 0.4375
0.9395 125803 100000 0.4385
0.9405 125803 100000 0.4395
0.9415 125803 100000 0.4405
0.9425 125803 100000 0.4415
0.9435 125803 100000 0.4425
0.9445 125803 100000 0.4435
0.9455 125803 100000 0.4445
0.9465 125803 100000 0.4455
0.9475 125803 100000 0.4465
0.9485 125803 100000 0.4475
0.9495 125803 100000 0.4485
0.9505 125803 100000 0.4495
0.9515 125803 100000 0.4505
0.9525 125803 100000 0.4515
0.9535 125803 100000 0.4525
0.9545 125803 100000 0.4535
0.9555 125803 100000 0.4545
0.9565 125803 100000 0.4555
0.9575 125803 100000 0.4565
0.9585 125803 100000 0.4575
0.9595 125803 100000 0.4585
0.9605 125803 100000 0.4595
0.9615 125803 100000 0.4605
0.9625 125803 100000 0.4615
0.9635 125803 100000 0.4625
0.9645 125803 100000 0.4635
0.9655 125803 100000 0.4645
0.9665 125803 100000 0.4655
0.9675 125803 100000 0.4665
0.9685 125803 100000 0.4675
0.9695 125803 100000 0.4685
0.9705 125803 100000 0.4695
0.9715 125803 100000 0.4705
0.9725 125803 100000 0.4715
0.9735 125803 100000 0.4725
0.9745 125803 100000 0.4735
0.9755 125803 100000 0.4745
0.9765 125803 100000 0.4755
0.9775 125803 100000 0.4765
0.9785 125803 100000 0.4775
0.9795 125803 100000 0.4785
0.9805 125803 100000 0.4795
0.9815 125803 100000 0.4805
0.9825 125803 100000 0.4815
0.9835 125803 100000 0.4825
0.9845 125803 100000 0.4835
0.9855 125803 100000 0.4845
0.9865 125803 100000 0.4855
0.9875 125803 100000 0.4865
0.9885 125803 100000 0.4875
0.9895 125803 100000 0.4885
0.9905 125803 100000 0.4895
0.9915 125803 100000 0.4905
0.9925 125803 100000 0.4915
0.9935 125803 100000 0.4925
0.9945 125803 100000 0.4935
0.9955 125803 100000 0.4945
0.9965 125803 100000 0.4955
0.9975 125803 100000 0.4965
0.9985 125803 100000 0.4975
0.9995 125803 100000 0.4985
